5.7623971314e-01
-8.7008304281e-02
1.1531345056e+00
-3.4013503034e-01
7.4251473482e-01
2.0561795512e-01
-1.9126024960e+00
-6.4339390510e-02
2.1232922985e-01
9.3725549837e-03
-3.0692065685e-01
-9.4952764319e-01
4.3514387955e-01
4.6669468898e-01
1.1529128042e+00
1.5833323220e+00
1.9726654866e+00
-3.8325947664e-01
-4.0823004642e-01
1.8624763342e-01
-1.6428226325e-01
-8.2717144126e-01
-1.3274015326e+00
-3.4664064522e-01
-2.8938010360e-01
-1.6876240378e-01
9.7213983108e-01
1.1519765984e+00
-1.3935499289e+00
-1.1358108234e+00
-1.2326058245e+00
2.0648068168e+00
-1.3217393247e+00
-6.0481571604e-01
3.4838718193e-01
-5.2446750605e-01
1.7223557241e+00
-9.5106068203e-02
-1.9990227493e+00
-7.4150272474e-01
-1.2169293506e+00
-2.1507917937e-01
3.0765116427e-01
2.1406644951e-01
-4.6490890595e-01
-6.7373186565e-01
-1.9827250429e-02
8.8854278211e-02
7.9510452774e-01
-2.1133220407e-01
-6.6877611198e-01
-9.5535835124e-01
6.9282470738e-02
-6.6519455783e-01
5.7728513109e-01
-9.4688979925e-01
1.5204460388e-01
4.3582973246e-01
-1.8622828296e-01
-3.0473046462e-01
-3.7987198508e-03
1.0789865038e+00
-6.8350055769e-01
5.9569481971e-01
1.7736419650e+00
6.5155255843e-01
-3.0136764443e-01
1.1520810082e+00
-4.8382590747e-01
9.1779965866e-01
-1.3331897715e+00
-6.9833612810e-01
4.5255043412e-01
-1.0841191061e+00
1.3388731077e+00
-1.5954857645e+00
1.6721657271e+00
-1.9953263635e+00
-5.8621125036e-01
-1.1191286089e+00
3.0173539094e-01
-8.1427223548e-02
3.6966510572e-01
1.1457314059e+00
2.8430449677e-02
-6.1695470559e-01
-6.9379244611e-01
-2.6775440294e-02
-7.3270982087e-01
-8.0668395413e-01
-1.0864677866e+00
-6.5974251668e-01
-5.0670751368e-01
-2.5610531420e-01
-3.6051575050e-01
2.4761934827e-01
-7.1886605049e-01
1.5056452322e+00
1.5838225397e-02
3.5132216549e-01
-1.0042588675e+00
-1.1756041249e+00
1.0229796025e+00
-7.8916318872e-01
2.1971773230e-01
4.6153760612e-01
-2.6669974451e-01
-1.1040547270e-01
-1.3305304947e+00
-9.2567371022e-01
-3.1533954690e-01
-2.1542386909e-01
-3.7722434735e-01
1.0024234376e-01
-1.9855679034e+00
-6.7414237363e-02
9.5542096284e-01
1.2499391107e+00
-1.6969943760e-01
6.0098084440e-01
5.3425397728e-01
1.6935447472e+00
9.3575963021e-01
-9.1348583879e-01
7.1190023190e-01
-1.2170776880e-01
-4.9537480660e-01
-1.8780558499e-01
2.7063966539e-02
-1.0035690784e+00
-1.0465880810e+00
2.3655789946e+00
6.8361933485e-01
-4.7032307231e-01
1.2203966769e+00
-7.0585177565e-01
-3.2721154183e-01
1.4886454874e-01
1.3005976204e+00
2.0943483444e+00
-1.2218207738e+00
-7.0607698355e-02
3.7239548907e-01
-1.9037571013e-01
2.6326558472e+00
-3.2484669907e-01
4.3006916158e-01
1.1119894690e-01
1.0365588428e-01
1.4803167512e-01
