-1.9741263543e-01 -6.8916932025e-02 -1.7219026179e-02 9.8240839151e-02 -4.1966929275e-02 1.3214767914e-01 -5.4358475123e-02 -2.1737834641e-02 1.6170754467e-01 -2.6585052297e-01 4.9744009825e-01 -8.3851563012e-03 1.8837256917e-01 -4.0679419049e-01 4.1781559789e-02 1.3581972193e-01 1.3952213536e-01 -4.3920095264e-01 2.2278082617e-01 -1.7999835914e-02 -2.8496226743e-03 -1.1351502910e-01 2.9352747160e-01 1.6899857587e-01
-3.8918780509e-02 1.8211619525e-01 1.4157438008e-01 -2.8823598546e-02 1.4837537902e-01 2.2846665103e-01 1.7093322666e-01 1.6466969846e-01 -2.0739719427e-01 -2.0797635743e-02 2.2354865278e-01 8.3140882685e-02 3.1709680658e-01 2.1405966424e-01 -1.6436708520e-01 5.0393300188e-01 6.5752039841e-02 3.3496124453e-01 1.4229193990e-01 -1.1656867137e-01 -3.0966841084e-02 1.8895768999e-01 -1.5319382565e-01 -9.8258075039e-02
3.4388676802e-01 -1.0025269884e-01 9.1199668668e-03 -3.1852785272e-01 1.4183614278e-01 3.1172516131e-02 -2.0886149976e-01 -4.0495433787e-01 -3.0524523403e-01 -1.9615211891e-01 4.6602216659e-02 -2.3406748988e-01 1.2115276627e-01 -1.0966211368e-01 -6.3822965240e-02 -1.4279167297e-02 -2.0580378450e-01 -6.6767273045e-02 1.8880741449e-02 -2.7290321396e-01 2.7057291945e-01 -7.2193751088e-02 -1.2007871243e-01 8.1445243434e-02
-2.0432336829e-02 -3.9635506300e-01 -9.7601110499e-02 1.8663757513e-01 -4.4000217655e-01 3.9048168900e-01 -3.8631030173e-02 -7.3336874186e-02 2.7937943082e-01 -2.7214126764e-01 2.3305179556e-03 2.2774355959e-01 4.9253128759e-02 -2.0813462207e-01 -1.4435075232e-01 -1.0944444914e-01 -1.2941492744e-01 -1.6241335008e-01 -3.4426764115e-01 1.2438222604e-01 -3.3598868722e-01 7.8293915466e-02 2.8831530602e-01 -1.7186249319e-01
2.8095868346e-01 1.2890488485e-02 8.9881422414e-02 2.6753554007e-01 2.5562250291e-02 -1.0361193946e-01 -3.9074686293e-02 1.0617565566e-01 -2.4857317210e-01 4.2566512845e-01 2.1711425751e-01 2.1569202623e-01 2.8435442577e-01 5.1686293096e-03 -7.1269120270e-02 1.8374014115e-01 9.0031322544e-02 -8.8912716027e-02 2.0596537440e-01 -1.2289921292e-01 -1.1756103567e-01 1.1949304998e-01 -1.8056407068e-01 2.6136480357e-01
8.8587030548e-02 4.2519320701e-02 -1.2889786912e-01 1.2218035982e-01 1.2543968826e-01 -2.0073142970e-01 8.8400594326e-02 -1.1461054928e-01 -1.0659516289e-01 1.4314391497e-01 -7.9554476106e-02 -1.6434967606e-01 -3.6674104904e-02 2.4811408909e-01 8.0364468897e-02 1.5224284079e-01 3.5860280190e-01 1.1840134946e-01 -1.4306268910e-01 1.8729210150e-01 -1.0723746087e-01 -2.5781276645e-01 4.8824372037e-01 -5.5316975930e-02
-8.5040646695e-02 -1.8148898112e-01 1.0496321299e-01 -2.3670156940e-01 -1.3905788096e-01 1.2120162258e-01 1.0111668039e-01 1.3877880567e-01 -1.6951304626e-01 -1.8516164826e-01 9.2781768879e-02 -5.7644903069e-03 1.7820605651e-01 -3.6550644800e-01 3.0104194895e-01 1.1650885096e-01 2.7297960475e-01 -1.5260504077e-01 1.3003156072e-01 6.0080064846e-01 -5.6664008972e-02 1.5414498777e-02 2.3639811989e-01 -1.0748199034e-01
-1.7847339965e-01 -9.8829511851e-04 6.8423354113e-02 -4.1757481947e-02 1.9535885374e-01 -2.7352486150e-01 -7.5658829084e-02 -2.8548847914e-01 2.6005397623e-01 -1.4936537147e-01 -1.2332645230e-01 -3.4906717887e-02 3.0620781540e-02 1.4898538906e-01 -2.4547885042e-01 3.2883454057e-02 -2.2194627644e-01 -9.6950018576e-02 2.6581823357e-01 1.8935612415e-01 -8.1680674197e-02 -4.1884053414e-02 3.2703032059e-01 4.5392133329e-02
-9.0548546731e-02 5.4951531607e-02 6.4982551817e-03 -8.0913126443e-02 1.6945892339e-01 -1.4823498783e-01 7.8181180364e-02 7.1073337419e-02 -1.6698438677e-02 -9.3675384071e-02 2.0619124911e-01 -1.6458793555e-01 -3.2286582832e-01 3.7779888934e-01 -3.0748575313e-01 -1.5099489806e-02 3.6647000648e-01 -3.5885685534e-02 9.2928695057e-02 2.8002549862e-01 -5.3536938168e-02 1.1343918452e-01 1.6300239932e-01 8.1684170903e-02
-1.8192914994e-01 7.7896830296e-02 7.7963240111e-02 2.0604918284e-01 -2.8521021655e-01 1.7534658594e-01 8.3131314773e-02 -3.1445450315e-01 5.3659702912e-01 2.5045001168e-01 1.4543607949e-01 -7.7183517011e-02 2.1284949558e-01 1.0165932582e-01 -1.2738312386e-01 3.8751783645e-01 3.4002563474e-02 -9.6389560344e-02 -2.4206401724e-01 1.8428660674e-01 -9.0135062657e-02 5.5888277009e-02 -2.1384160356e-01 4.4240066643e-01
5.0850271582e-02 2.4233330923e-01 4.5127346369e-02 -9.5111619122e-02 -3.0975068334e-01 -2.2650607117e-01 -2.0146211019e-01 8.6845729740e-02 -1.2163651239e-01 -2.9768469531e-01 8.7188325589e-03 -2.3878240588e-01 -1.8911681006e-01 2.2685819713e-02 -1.6343627671e-01 1.4710714324e-01 2.8494356612e-01 4.0952707648e-02 -3.4448023020e-02 5.3768508986e-02 8.8275302674e-02 -1.3114884132e-01 1.5733366139e-01 -9.6452184726e-02
-2.4206038279e-01 -6.0059471305e-02 2.2251384507e-02 1.7376253876e-02 -7.2706430937e-02 2.9474351276e-01 -7.4336463152e-03 1.5855202887e-01 -1.6105854862e-01 1.2966470354e-02 2.3225829329e-02 -1.0749643825e-01 2.3865610929e-01 -2.7866635715e-01 3.9668377894e-01 1.4760543628e-01 2.6216248122e-01 -1.0396893554e-01 -2.9632731333e-01 -1.0652611804e-01 1.3469813952e-01 9.9548494285e-02 4.3417441992e-02 -2.3143601861e-01
1.6740501873e-01 1.3094448978e-01 9.9572731885e-02 -3.3502239392e-02 -3.8785812902e-02 -1.8020042553e-01 -1.2555790124e-01 -3.1144886562e-01 -3.1660745066e-01 -5.7849933181e-01 -3.4354563547e-02 -2.8979444127e-01 1.0552850652e-01 4.2499609431e-01 3.0016432090e-03 -1.4858766084e-01 6.0415230919e-02 -1.6931693782e-01 -4.2367338867e-01 1.2375860793e-01 -4.4050237488e-02 3.2670512445e-02 7.9033400523e-02 3.4763359820e-01
-4.1331863907e-02 2.4074985130e-01 9.2717597513e-02 -5.5479331804e-02 -1.0947958994e-01 -1.9569739289e-01 2.0697371803e-01 -1.8108047378e-01 -2.3764250496e-01 1.6255957780e-01 1.2846490708e-02 2.4728866318e-01 1.7566768712e-02 2.5754292109e-02 -2.4601611660e-01 1.7805856317e-02 3.2645561905e-01 -7.1432877628e-02 1.6804727846e-01 -3.9219227323e-02 -4.0834681022e-02 -3.3928523375e-01 4.1683435512e-02 4.3131373875e-02
-2.4227017950e-01 -3.6974169148e-02 1.3496621392e-02 3.3692848852e-01 1.6700144094e-01 6.3520434877e-02 3.9219205511e-01 1.4178465929e-01 2.3957047054e-01 -2.1358087558e-02 -3.3037594429e-01 4.4032897662e-01 -2.9626698173e-01 2.4193429900e-01 9.5734276028e-03 1.6745832539e-02 2.1973929899e-02 2.4881825138e-01 -4.2636042859e-02 -8.8331969567e-02 6.0244583051e-02 5.4619535788e-02 -5.1389445011e-02 -2.6821282787e-02
3.0100913954e-01 2.4414510538e-02 -2.0655024570e-01 -4.5070565196e-02 -1.5888355871e-01 1.4685153214e-01 -1.0047850270e-01 1.2586517819e-01 -1.9762023048e-02 -1.6351591664e-01 1.6880087916e-01 8.5065154900e-02 -2.1473793111e-01 1.2155364706e-01 1.4924399618e-01 4.4797180345e-02 1.5763673123e-01 1.1031973724e-01 1.0311343992e-01 1.4707100413e-01 8.0616724536e-02 -9.7595598976e-02 1.0948407668e-01 1.3275650759e-01
7.7393548033e-02 3.8669879147e-01 1.3314491123e-01 3.8465197262e-02 -1.6126442861e-01 2.1117521107e-01 2.8020015190e-01 3.8253220262e-01 1.6880393137e-01 -2.9195268009e-01 2.3570737350e-01 -1.3514412154e-01 -1.5143104877e-02 -1.5983388767e-01 3.9102391526e-01 -1.3808823939e-01 -2.9292418272e-01 -3.6949018270e-02 -1.5253688208e-01 -1.6786758814e-01 3.6852684382e-01 -2.0086566135e-01 -4.4847072851e-02 -1.3187259721e-01
-2.1323276404e-01 -1.1263440156e-01 -1.1175687336e-01 -4.2255275390e-01 2.8196400643e-01 1.0056703398e-01 9.2854250078e-02 -1.3668633081e-01 -4.1153154550e-02 4.5501852025e-01 -5.2632217041e-02 -4.9808691851e-03 2.5380912659e-01 -1.2161814217e-01 1.2425974424e-01 -2.3613865521e-02 4.5118370709e-03 -1.2144803892e-01 5.0590616475e-02 4.7165863749e-01 1.6225027655e-01 -1.9680822749e-01 -2.3376128099e-01 -1.3910519026e-01
1.0074255088e-01 -1.7425749151e-01 -1.7446733080e-01 2.2941200763e-01 2.2539717893e-01 2.5965833444e-02 -1.9432554764e-01 1.4513828236e-03 2.9605028994e-01 4.2684083390e-02 -1.9361520122e-01 -4.9936254622e-02 -4.3878134023e-01 -7.4758450607e-02 3.3890146099e-01 -1.2298573383e-01 -2.9724949502e-01 -2.0105891270e-01 -2.2280714750e-01 -1.2163691352e-01 6.3157761574e-02 -1.8771930604e-01 -3.5261715620e-02 -1.8598956372e-01
1.8699722772e-02 1.8974832866e-01 7.1973353530e-02 2.4160091278e-01 2.9770784307e-01 5.7243395434e-02 2.4493715167e-01 1.4974899893e-01 -5.6062425880e-02 -1.6042736368e-01 -3.0602588051e-01 2.0711318425e-01 5.9972134632e-02 2.7136606772e-01 4.4216486832e-01 -1.1225575594e-01 1.2318722403e-01 2.7118186074e-01 -9.2491202976e-02 2.8556656740e-01 -9.7366117973e-02 5.7063927276e-02 4.9034563089e-01 1.5580421967e-01
3.4010544716e-01 -1.5245484943e-01 2.1943212943e-01 2.3961209130e-02 -1.8783271975e-01 -3.3564151018e-02 9.4064452946e-02 -1.3152595790e-01 6.8865018192e-02 1.5294938913e-01 -6.0647833456e-02 -2.1480227310e-02 3.1302186016e-01 7.1643467282e-01 -6.7448489042e-02 -6.9031576982e-02 -1.3476777995e-01 -3.6537542727e-02 4.4654164830e-02 3.0661296704e-01 -3.2233640393e-01 -1.4953173167e-01 1.2765223948e-01 7.4830484750e-02
-3.8403096750e-02 1.7525184653e-01 1.0846700043e-01 -1.9765938835e-01 -2.9560299420e-01 -7.1090985230e-02 -9.8183162634e-02 1.8580655862e-01 -3.5060328414e-01 -1.0893947864e-01 -4.0597325945e-02 2.2316001092e-01 -1.4578637469e-02 -2.9083827230e-01 1.0447938117e-01 -7.5927822845e-02 -2.1253134916e-02 -2.6880455173e-01 2.2275735944e-01 -1.7528555693e-01 8.7937382804e-02 -1.5664105424e-01 1.0317231487e-01 -1.4474485589e-01
-7.4283535545e-02 -7.5772276907e-02 -1.4186608791e-01 1.4907635864e-01 1.9459644638e-01 8.0200822639e-02 9.4546801997e-02 -1.9639993103e-01 -4.4439509228e-02 -5.4656286145e-02 -1.5400826970e-01 6.8007351633e-02 2.5703858115e-01 6.7491257879e-02 -9.1966825753e-02 -1.1980842553e-01 -3.1630681985e-01 2.1533871802e-01 -1.7683206082e-01 1.6018680605e-01 4.7074315382e-02 -2.1505970146e-01 -3.7621506237e-02 -6.0392281704e-01
-4.2238300960e-02 6.1616831346e-02 -1.1194362804e-01 -1.6187898099e-01 2.8040767344e-02 5.4950168271e-02 -3.4008440522e-01 -2.5004570509e-01 5.1143934472e-02 -9.8585677654e-03 2.3593257401e-01 -1.9589015589e-01 -1.7522924058e-02 -2.8566810150e-01 2.4384966962e-02 6.6820746649e-03 3.2259373687e-01 -8.0081969151e-02 1.8319279182e-01 2.3107752585e-01 1.3212460459e-03 1.5874727780e-01 -1.2157578613e-01 3.9277406158e-01
