-5.3488494499e-01
1.5337195110e-01
1.8524820522e+00
-1.6223571656e-01
-1.4708252189e+00
-2.7751215355e-01
-1.0397734313e+00
-1.8365899086e+00
6.2467747580e-01
9.1375024891e-02
-5.7930477030e-01
5.0715528745e-01
-9.1690647081e-01
-8.7222051925e-01
2.3488768106e-02
1.3015004943e+00
2.3981267567e-04
5.2195160284e-01
6.2772846779e-01
-1.4626117460e+00
2.1621903629e+00
-3.5951320754e-01
-1.0521302883e+00
-8.6003601722e-01
-2.1980602955e+00
6.8076926905e-01
-1.0764681730e+00
-7.2408899563e-01
-4.3202752027e-01
-1.5151166344e+00
-8.8971247812e-01
1.0609059472e-01
