1.1945602091e+00
-1.5652994421e+00
1.2344450888e+00
1.1707627957e+00
-3.0156396612e-01
1.2242129218e+00
5.9794680933e-01
-1.2789479180e+00
2.1607331104e+00
1.2476352920e+00
3.2658433955e-01
4.1830437201e-01
1.3818708799e+00
5.3575523077e-01
2.5765967559e-01
9.4329835293e-01
7.6040860339e-01
7.9040503732e-02
1.3194977855e-01
-3.0113903937e-01
-1.8992966013e+00
1.0467901516e+00
1.2539892203e-02
-3.8033699690e-01
4.4459736527e-01
4.5778027834e-01
1.0796811857e+00
-8.7148949619e-01
3.0860318466e-01
-1.2482623232e+00
-6.2956422995e-01
-1.6071247451e+00
