4.4998846268e-03 4.3195344319e-02 -1.5167189881e-01 1.1581831167e-01 5.8099292459e-02 3.2191328889e-02 -5.9213825951e-02 1.3458419097e-01 2.5159382928e-01 2.9286025379e-01 7.5739743908e-02 1.3755727132e-01 -1.1467064941e-01 -2.0227229772e-01 3.3838750355e-01 -8.4597150431e-02 -1.7835548941e-01 -1.5634721763e-01 -2.4098293713e-04 -2.1020218640e-01 6.8558851405e-02 2.9726159764e-01 1.6399812353e-03 3.2833788141e-02 -5.7659608622e-03 7.1314305077e-02 8.3551486907e-02 -1.4123561522e-01 -3.0308824757e-01 2.5676693766e-01 2.7711359564e-01 7.9056142386e-02
2.1804380515e-01 2.6049791751e-02 -1.3597505527e-02 -1.7442196473e-01 1.8065578657e-01 1.8996515559e-01 -2.4244381434e-01 8.6338224657e-03 -3.2000589672e-02 -2.7068078329e-01 2.2426061334e-01 -2.1790376627e-01 2.9192455805e-02 -1.9432948068e-01 1.3548609663e-01 1.9927953161e-01 -2.0534082758e-01 3.1974978584e-01 -4.6264809552e-02 6.8633278417e-02 8.8031342810e-02 -2.7076298287e-02 8.4490631542e-02 4.1106166133e-01 1.5635493004e-01 5.0836567437e-02 2.4058709439e-02 3.1863922048e-01 3.8474418451e-01 -4.3091901478e-02 -3.3389748170e-01 2.3233550496e-01
-9.7142800554e-02 -2.6120426450e-01 2.2668927091e-01 1.1594161513e-01 -2.7422371649e-01 8.7341446924e-03 6.7764532054e-02 1.5463076521e-01 -6.8263692535e-02 2.8303564827e-01 1.6652347717e-01 1.2630132158e-01 1.1264256373e-02 2.1295833988e-01 2.5250343940e-02 1.9193004811e-01 1.3382574619e-02 -9.4770516660e-02 2.8211135788e-01 -2.1101195744e-01 3.8391311160e-03 -4.3990238547e-02 8.7687238975e-02 1.8754050069e-02 -1.6527950728e-01 1.4710312764e-01 -4.3932319806e-01 -1.8695061365e-01 1.3609160242e-01 1.8805274004e-01 1.0368368272e-01 -1.3377007853e-01
-2.4566448780e-01 1.4542145459e-01 8.5128701445e-03 3.9743773684e-02 8.0744597453e-02 2.3625636712e-01 1.4175110219e-01 4.4287042526e-02 -4.0589436218e-03 -1.6925886405e-01 -6.6269818178e-03 8.8832563443e-02 -1.3850557326e-01 -1.7692137082e-01 4.1316059947e-01 1.4201931402e-01 1.6639726382e-01 -9.4830041128e-04 2.4620551270e-01 -1.8719882115e-01 2.9043200411e-01 2.1988086019e-01 2.7317906089e-04 2.3457491210e-01 -1.5909370275e-01 9.1940585705e-02 2.6656170525e-02 1.7139670943e-01 1.7228557437e-01 -8.9894324407e-03 -1.9229667377e-01 8.2587301005e-02
2.4405916156e-01 2.2458954936e-01 -1.7693269621e-04 1.0288917234e-01 9.7653279669e-02 3.0245746459e-01 6.8181237346e-02 2.0185750635e-01 -1.3896231974e-01 -8.6682360961e-02 -2.1468695127e-01 4.1033478163e-02 -6.7469597778e-02 2.5814923016e-01 -4.8511091745e-02 -9.1722924458e-02 5.1444949464e-02 1.4695794036e-01 3.5102587516e-03 5.4201515320e-02 -2.3787290578e-01 1.1830391316e-02 -3.7230621356e-01 -1.7276570150e-01 1.1378652863e-01 3.1547997353e-03 -9.3433447605e-02 1.3392048589e-01 -1.7245081014e-01 6.5317777729e-02 6.0342559449e-02 9.5883625278e-02
2.5782405618e-01 7.8239601994e-03 -1.1038190175e-01 -2.2080751985e-01 -2.2561004714e-01 -2.4669045944e-01 -1.8955846976e-01 2.2619759287e-02 4.2511057330e-01 5.4004150269e-02 2.0679994081e-01 4.0854188871e-01 8.0983010203e-02 1.7586499557e-01 2.6284171752e-01 1.3733998095e-02 7.4927989214e-02 -1.8039334387e-02 -1.2228931052e-01 1.2948074484e-01 -3.2073027861e-01 2.4325196924e-01 -2.7471291418e-01 1.4105311475e-02 -5.1230400524e-02 1.1043835749e-01 2.2161431492e-01 -1.3875046443e-01 3.1866823417e-01 1.8069998176e-01 7.9949421244e-02 3.2474859130e-01
2.7080955089e-01 -2.3425897210e-01 2.1164780149e-01 -7.1522941461e-02 1.7609486364e-01 -1.9258458168e-01 -1.4282134290e-01 7.1214446920e-02 -3.0950938601e-01 8.3839060231e-02 -4.4258305160e-02 2.1429893362e-02 1.1888465320e-01 8.8453861244e-02 -1.9928547234e-01 -1.6998172132e-01 -7.1798386610e-02 -4.8625784848e-02 3.9981737565e-02 -2.3196759321e-01 -2.2391680549e-01 -1.4900730588e-01 1.6919470922e-01 1.8935820258e-01 8.4919323259e-02 -3.9422504909e-01 2.5737325687e-02 -2.0066775063e-01 1.3004351019e-01 -5.0322226114e-03 -1.9613262811e-01 2.7782529905e-01
-2.6519406249e-01 -9.3549454041e-02 -1.7773725092e-01 -8.4821532344e-02 2.2461826993e-01 -1.1295631411e-01 -1.8887601157e-02 -3.1884668267e-01 -3.8279215276e-01 -5.1315819252e-02 -1.3362201140e-02 3.3298970597e-01 -2.4310173777e-01 -2.3559126051e-01 -5.8178332499e-02 -1.3672437147e-02 1.5384049992e-01 6.4422797109e-02 5.1311071634e-02 1.8292133670e-01 -1.3121447789e-01 -1.0797839692e-01 -8.7165941345e-02 -3.1809911288e-01 -3.6271045017e-01 2.7006271987e-02 -1.6290788865e-01 -1.5412807387e-01 -9.2044012989e-02 -9.6598111382e-02 4.5270774206e-02 -9.5652814978e-02
-1.5419268111e-02 -9.1708084923e-02 -3.7384679483e-02 3.8364870538e-02 -8.0100280308e-02 -4.2794679429e-02 -1.0788100321e-01 6.6434150824e-02 -1.8460965412e-01 9.1879127003e-02 -7.2713400744e-03 1.9201688044e-01 -3.4751914149e-01 -1.1633466186e-01 6.6865880070e-02 -3.2990853288e-01 4.5453875977e-03 6.4052698978e-02 5.0547757144e-02 1.3861888686e-01 -2.8259402642e-01 1.3858459431e-01 -3.0585625400e-01 3.1127346795e-01 1.5630438918e-01 6.5743372061e-02 2.1675051545e-01 -2.1854460902e-01 -6.4466638675e-02 -7.7516168681e-03 -6.6445735831e-02 1.4376511180e-01
1.4103523221e-01 -2.5232759088e-01 5.4113839950e-02 -2.0954152009e-01 -1.8838333128e-01 1.0445051680e-01 -2.5428176691e-02 2.3607520305e-02 1.8777391428e-01 2.5879362912e-02 -6.5179232338e-02 2.2979753291e-01 -1.8936605769e-01 -2.3780530146e-01 -1.1583483856e-01 -3.1837692751e-02 -8.7970680092e-02 6.1754785926e-02 -1.3764583932e-01 3.9523861610e-01 -7.9880203602e-02 -3.5364767567e-02 9.4076179404e-02 -1.1868678630e-01 -1.9074169673e-02 -1.2022110052e-01 9.3247372042e-02 1.3053832550e-01 -1.3598801194e-01 2.2673106944e-01 3.3766799134e-02 -8.7124037546e-03
3.7097236065e-02 -1.2051913626e-01 6.3214489416e-02 -1.3072186948e-01 1.4883888961e-01 -8.0738060822e-02 -5.6090263065e-02 -6.7152042420e-02 -8.0610246229e-02 3.4903578852e-01 5.2475735289e-02 -2.1778756715e-01 3.7881091811e-02 8.6535950764e-02 2.6814926139e-01 -3.5808634107e-02 2.1020801530e-01 -7.4049971886e-02 -1.1441210402e-01 2.5993723167e-01 2.8528531740e-01 -2.2113669757e-01 8.3000650203e-02 -1.0004765899e-01 2.0141130338e-01 -1.2160830953e-01 -3.1186651205e-01 -1.6643090191e-01 -9.7262861726e-02 6.8783741943e-02 -2.0305090423e-01 -4.4464187389e-01
-9.7518776009e-02 -3.7850204892e-01 -1.2510865052e-02 -9.6108594705e-02 2.2103097889e-01 -8.6200924320e-02 7.5516814650e-02 8.3915612913e-02 1.2985329765e-02 -1.0120028511e-01 -4.8600816574e-02 2.4737176232e-01 -2.8259772258e-01 -1.2527285178e-01 -4.5999268965e-01 -1.7066629089e-01 2.0465351249e-01 1.1089844523e-01 3.0463447727e-01 1.6211560003e-01 -3.4822277415e-02 -3.0595956787e-01 5.1905396824e-02 1.4786298959e-01 2.7721855651e-01 2.3909317024e-02 -3.2444068617e-01 5.4089991469e-02 -9.2031474203e-02 -1.3700981776e-01 -1.1083103760e-01 5.0383333915e-01
2.4180746433e-02 2.4039022813e-02 1.8899354384e-01 -1.8984060873e-01 -8.3823984654e-03 -5.2867206127e-01 -3.8468134110e-02 -1.5199138932e-01 -2.2057842342e-01 -1.1442210067e-01 -1.6610187333e-01 1.1508973067e-01 -2.6969731593e-02 -2.4591218327e-02 2.6538733329e-01 2.1417131702e-01 2.0612242201e-01 -1.3523203411e-01 1.8775951847e-01 -3.0933409916e-02 1.3181761709e-01 -2.5991135244e-01 2.5159246891e-01 3.2090360074e-01 2.9572803245e-01 5.9754521376e-02 -1.1560226388e-02 -3.0977762111e-01 1.6486940759e-01 -1.2622976822e-01 8.6852618367e-03 3.1678569658e-01
-1.0174852127e-01 -1.8223730195e-01 -6.4364603546e-02 -8.7297639955e-02 -6.8071532130e-02 1.4657798031e-01 2.7827294748e-01 1.5177794602e-01 -1.6524112057e-01 -1.0073294856e-01 -9.3672370634e-02 7.3151069360e-03 1.4752489444e-01 4.1352193110e-01 2.2999469600e-01 -2.0547262286e-01 3.1384091020e-02 2.4265737448e-02 9.3716976089e-02 -1.1556527484e-01 1.1323556222e-01 -1.0622645930e-03 2.0467951768e-01 1.5334721814e-01 1.2167934307e-01 2.0055804871e-01 2.6336184409e-02 -9.6329907427e-02 4.1311474676e-01 1.0126625674e-01 3.0822632726e-01 1.4747364748e-01
-2.5679502041e-02 -2.2160484555e-01 -5.1157655114e-02 2.6767319072e-01 2.2361204660e-03 -1.6760910302e-02 -5.8101933893e-02 1.9669102218e-01 8.1686512993e-02 1.8926842823e-01 -1.9498102368e-01 6.1115921083e-02 2.6477557701e-01 2.2202955054e-01 6.3894332280e-02 8.1976065639e-02 2.9067526485e-01 -1.9123525832e-02 -6.0553993197e-02 1.0405804544e-03 -2.7877003792e-01 -6.7793177888e-02 2.2462018046e-01 -1.1390783250e-01 1.6680666253e-01 -4.9384098386e-02 2.6122001204e-01 1.3567138827e-01 6.2882465421e-02 -2.3974028008e-01 3.2678178163e-01 -8.7316789409e-03
-1.0771394070e-02 8.1445541624e-02 9.2395321307e-02 6.2628421654e-02 -1.3855519026e-01 -1.4859197133e-01 1.7342961118e-01 -1.9177458689e-01 -3.7077307864e-01 -1.6409641661e-01 -1.2874112393e-01 -7.8961187341e-02 1.1732986070e-01 -8.8203146033e-02 5.7984466525e-02 -3.4581420211e-01 2.8151208314e-01 -2.1162595918e-01 1.8481069959e-01 -1.3120329247e-01 -2.8327006929e-01 -1.8749322904e-01 1.2670027368e-01 -4.8019275130e-02 1.3659327342e-01 -1.2293511965e-01 -1.3068338432e-01 4.0588033504e-02 -2.7197733302e-01 2.3923625303e-01 -3.0265626474e-01 -4.1404002466e-01
2.4484774446e-01 -1.5845291164e-01 -6.0574313727e-02 -5.2551943643e-02 9.1824601189e-02 1.8285429999e-01 -9.3966070748e-02 -1.5875029454e-01 8.8203859899e-02 3.5235719184e-03 1.7541313935e-01 -1.3922130455e-01 2.6283697269e-01 -1.3366796453e-01 -2.7935373502e-01 7.9365522113e-02 5.6178378261e-02 6.6699668130e-02 2.2809502414e-02 -2.1200498280e-01 3.7251278602e-02 4.7223808264e-01 8.4015161487e-02 1.0862365174e-01 1.0192247034e-02 1.6156272997e-01 3.1055130728e-01 8.8434960510e-02 -5.7398016645e-02 2.3020152033e-01 1.7564440404e-01 6.3433006718e-02
2.9625519535e-02 -3.4830855467e-01 -1.9753672625e-01 2.1982488995e-01 -1.4525773656e-01 -4.8614888629e-02 2.7181981938e-01 -1.9456767273e-01 -6.0617013059e-02 3.4819803979e-01 -6.4549157727e-02 -5.8213903085e-04 5.1556597936e-02 -2.4414729529e-01 2.4048963039e-01 1.5379497591e-01 -1.4918020151e-01 -2.4833588877e-01 4.9756269079e-02 -7.6395766033e-02 -6.5933695310e-02 -5.6691278988e-02 1.1202806836e-01 1.3262872156e-01 2.5387763635e-01 -1.9075920790e-01 -2.4079968351e-02 -3.9301679368e-01 -1.1773099304e-01 -1.2510126089e-01 8.3440926099e-02 -2.3998022527e-01
2.1406023625e-02 -2.1634296812e-01 -6.6219780623e-02 4.6562463593e-02 -5.9264464092e-02 -2.5405413468e-02 -2.0811457958e-01 -3.4175244910e-01 1.2911310776e-01 1.2085961781e-01 -1.0113827967e-02 -2.5945424359e-01 -5.9927687496e-01 2.2386250264e-01 -9.9243249029e-02 3.9900268842e-02 3.1006417251e-01 -8.3938492270e-02 2.1321274492e-01 -3.9757722625e-01 -3.6285059254e-02 -5.0524271047e-01 6.0854683585e-02 1.7890067231e-01 2.6577374386e-02 3.6692009165e-02 1.4479577107e-01 2.5902071524e-01 -3.6018694245e-01 1.2982801800e-01 1.4817651687e-01 -3.4466097192e-02
-7.1908213712e-02 2.6621884130e-03 1.8084144779e-01 -7.1776584497e-02 -1.8432925110e-01 4.8099158553e-01 -1.1511246381e-01 1.3730075682e-01 -2.3330452016e-01 -4.8074745218e-02 3.0110361706e-01 6.0352807127e-02 -5.6548646118e-02 -1.0929787397e-01 -2.5404453034e-01 -1.3039984366e-01 1.1533079677e-01 -1.4233004109e-02 -1.4526542448e-01 -1.3280648356e-01 3.1962315245e-01 -3.3171983921e-02 2.6231531553e-01 1.0191323216e-01 1.6092371484e-01 1.5976450119e-01 -2.2345397177e-02 -8.2479283321e-02 -7.1726373914e-02 -4.0223082302e-01 3.3824309037e-01 -3.6483458607e-02
3.0390243739e-02 3.6808877446e-02 4.3205559931e-02 -2.3279491731e-01 2.4084296049e-01 -2.4582848481e-02 -2.1815638969e-01 -1.0808483299e-01 3.5009404299e-02 -1.7020873322e-01 1.0516475501e-01 6.4051111058e-03 7.8934137020e-02 1.9530632541e-01 -3.2441785839e-01 -2.4525087620e-02 -6.8160956100e-02 1.2666096391e-02 3.1184173710e-01 -3.7735971451e-02 -1.6757582505e-01 1.1571015165e-01 -2.8195113578e-01 -2.1932176377e-01 -7.7266830049e-02 -9.8365161893e-02 5.1001737045e-02 -4.2286461107e-01 -1.2145844970e-01 8.0444342117e-02 -4.9485624764e-02 9.9623928340e-02
5.8039794328e-02 -1.0559514134e-01 1.5932914356e-01 2.3796799265e-02 1.5667588356e-02 -1.3379983714e-01 -1.0323894751e-03 -3.9133142625e-01 2.7424348447e-01 3.1010944835e-01 1.9420364808e-01 -8.3697079433e-02 -3.0161396515e-02 -2.2519933172e-01 -1.6960838506e-01 3.4556202265e-02 -1.4765599572e-01 -1.0291036909e-01 -2.0066968772e-03 -2.9586465842e-02 6.5282957968e-02 -5.3612638462e-02 -1.9294334508e-01 -2.1355763318e-01 -3.8556783141e-01 5.3371639082e-02 -9.4439270126e-02 1.5023248207e-02 -9.6071328559e-02 -2.6264848941e-01 2.0172829116e-01 1.6073553724e-01
1.0283981014e-01 2.2763953441e-01 -2.3052363500e-01 -2.3507728918e-01 1.3848164459e-01 -2.9657959508e-01 5.3077428866e-02 1.5248821411e-01 3.9144635722e-03 -3.7398017040e-03 9.6280517872e-02 -1.4380781761e-01 3.8499193234e-01 3.8066526784e-01 1.9168086797e-01 -4.7195040944e-02 -1.5902393076e-01 -2.4215508606e-02 -2.1861413898e-01 9.2904536255e-02 1.3106117586e-01 1.2458093930e-01 1.4448922324e-02 -4.6963782665e-02 3.2584928290e-01 1.4699322544e-01 1.8053557087e-01 -1.0262120252e-01 1.0571143793e-01 2.3406060279e-01 3.0475539774e-01 3.9686415067e-01
-8.3689030477e-02 4.7596516482e-01 7.6159933168e-02 -1.1633796062e-01 8.7911141408e-02 4.0538403219e-03 1.4683091317e-01 -3.1735287499e-01 -7.6926315552e-02 1.3094534303e-01 -1.2490702750e-01 1.2589347103e-02 3.4518088969e-01 1.0874048228e-02 2.2381534989e-02 1.0014976976e-01 -1.5672262031e-01 -3.2155474766e-01 -2.6563663456e-01 -2.4763522180e-02 -7.5990883943e-02 -1.4587881791e-01 -5.7306590198e-02 8.1882556938e-02 -1.6287529628e-01 3.1730000416e-01 -1.4528219916e-01 -3.1484633779e-01 4.5971349263e-01 1.9473624408e-02 1.1295332514e-01 6.8295900315e-02
1.2565545137e-01 4.0615438921e-02 1.6871598271e-01 -1.2144604312e-01 3.9499599927e-02 1.7350799916e-01 -8.3478736468e-02 2.2845139192e-01 1.4994288826e-01 1.9800272445e-01 -9.1043119040e-02 -1.8899703884e-01 -4.6444941551e-02 -1.2635749763e-01 2.5909939130e-01 -2.5747094702e-01 -7.6577764018e-02 3.7068766486e-01 7.2620101621e-02 -1.4759746230e-01 6.7424787438e-02 -3.8803155025e-02 2.4659430628e-01 -1.0722714124e-01 9.0153251262e-02 -1.7939632262e-01 1.6309588397e-01 -2.6902079843e-01 -1.2356335700e-01 3.9204382412e-02 2.1723678850e-02 4.6701848357e-01
2.9767390923e-01 8.4470383694e-02 7.6983701676e-02 -5.5247647337e-02 1.1097555950e-01 3.6676373333e-01 -7.0267096650e-02 2.4072831953e-02 -2.2125996785e-01 9.1254354470e-02 1.3167730886e-01 -7.0173111868e-02 3.7037424246e-03 1.6525969823e-01 -2.3922195197e-01 6.8556093810e-03 2.2034329801e-01 -3.8641793853e-01 -2.7580766784e-02 -7.4573934143e-02 -8.7915388461e-02 2.2727179014e-01 1.7761455937e-01 1.2140504199e-01 1.2400197473e-01 -6.9053922475e-02 -1.5088628665e-01 -3.1121129049e-01 -2.8475750184e-01 1.4479156133e-01 -1.0376175942e-01 -7.1037679825e-02
-7.6274817441e-02 2.6404689618e-01 1.3780989020e-01 2.5378452751e-02 1.1964612395e-01 -2.1994142487e-01 5.2418413727e-01 1.8683784646e-01 -2.0715753537e-01 1.0460781427e-01 -2.0705090802e-01 1.9732777769e-01 1.0544011015e-01 1.8469923145e-01 2.1293477956e-01 8.9724276969e-02 -5.1624748259e-02 9.1883750976e-02 -1.0604514165e-01 -2.2198847728e-01 -7.0562226844e-02 -2.2332492823e-02 -8.1065228516e-02 8.2245725738e-02 2.1435361408e-01 3.1896455821e-02 8.2167075399e-02 -1.0048365205e-01 -2.5660111783e-01 9.5183493171e-03 -1.9153438409e-02 1.1389854524e-02
-7.4872859030e-02 1.3885414426e-01 -4.9164964422e-02 1.4823747005e-01 -5.2260520301e-02 2.7730637159e-02 2.3115238378e-01 -6.2683674089e-02 9.0103910089e-02 2.0869517814e-01 -3.0902594701e-01 1.2902729555e-01 -8.9691434061e-02 -2.2068989723e-01 3.8447410889e-02 1.1327073833e-01 -1.9276738400e-02 3.2222906958e-02 1.1825848578e-01 -9.2494295254e-02 3.1253387554e-01 3.7312353628e-01 3.8784335828e-02 1.0872711538e-01 3.0252440051e-01 -1.6750778537e-01 -1.3262873143e-01 7.6518141830e-02 1.0375155337e-01 -1.9116733593e-01 9.0953202256e-02 -3.5046584122e-01
-2.0313774392e-02 -7.5119839194e-02 2.4227449751e-01 1.0994280464e-02 -2.2024000651e-02 8.0890286347e-02 -1.8892969613e-01 1.3831445342e-01 1.3662410940e-01 -7.6610984356e-02 -1.7113434879e-02 -4.0376373836e-02 4.0955422814e-02 1.8601615066e-01 -3.5091021378e-01 3.6847672520e-01 -1.3589320100e-01 -1.1854957588e-01 -1.6894822776e-01 -3.2253050818e-03 1.8030678294e-02 8.3547818015e-02 -6.6051654827e-02 -6.2304983862e-03 -1.4350962575e-01 -1.1555378567e-01 1.5163998433e-01 6.7242053602e-02 -1.8949629929e-01 -1.0748129051e-01 6.0457881654e-02 7.8237080160e-02
-2.3264481326e-01 1.2677853642e-01 1.3335642678e-01 -7.0994704847e-02 5.6227150362e-02 5.9961747829e-02 -4.4149125533e-02 -1.2186918458e-02 -1.5031703030e-01 1.6585983496e-01 1.1668012124e-03 -1.5508785967e-01 6.3986774119e-02 1.7975704567e-01 1.8371727629e-02 -1.7892763691e-01 -3.3467189092e-01 -1.7850294952e-01 2.8015518664e-01 1.1762754003e-01 3.0318523619e-02 2.4912326414e-01 -1.6818510093e-01 2.4400319609e-01 5.0841888947e-02 2.0628349358e-02 4.8101019067e-02 -3.5029833629e-01 -6.2881543285e-02 -2.1123160891e-01 1.4918819614e-02 -1.9391226492e-01
2.4935806151e-01 2.2755948150e-02 4.1222689822e-01 1.9336066131e-02 1.5729165055e-02 -1.4460860719e-01 -5.1632458783e-02 6.5988499363e-02 -2.9041472252e-01 -1.9191287589e-01 3.9922773328e-02 -2.9199490793e-02 -1.2703557925e-01 -8.9240456723e-02 2.3573551262e-01 -7.8372616089e-02 -1.7173810402e-01 -1.5015701540e-01 -1.5202775352e-01 8.9954990686e-02 -1.0217576986e-01 1.6569688960e-01 4.7064442535e-02 9.0670688905e-02 1.0168784131e-01 -1.5327194890e-02 -1.0185019494e-01 -2.5663998285e-01 1.1761563599e-01 -1.0050248690e-01 1.3352776735e-01 -6.2807551482e-02
-1.2229155256e-01 1.3734052436e-01 -1.3930793661e-01 -7.7324409691e-02 -5.3130690442e-02 2.0261978210e-01 -6.6174637697e-02 1.4229077760e-02 -1.3800126637e-01 -3.7190601219e-03 8.9102486275e-03 1.2629617217e-01 2.4946411814e-01 2.9720459243e-01 -3.2137868206e-01 9.4403441918e-02 6.5250200963e-02 -1.4678373805e-01 7.4453992917e-02 -9.6071469351e-02 8.0392992021e-03 -1.7127721711e-01 3.9696796491e-02 2.1196090666e-01 -3.6200715073e-02 2.3961554979e-01 -7.5525762618e-02 -5.9262431365e-02 4.1473194750e-01 -1.5589967238e-01 9.1394494032e-02 -1.6075919804e-01
