1.7231532227e-01 -1.2134245443e-01 -1.2275281705e-02 1.1950017563e-01 7.4535236281e-03 -3.3553831821e-02 1.7818667570e-01 -8.1516739717e-02 4.4161791714e-02 -7.2626876285e-02 7.5293260559e-02 1.4069207101e-01 1.5189493897e-01 2.3356824963e-01 2.6963381679e-01 -2.4925668535e-01 -1.3243605402e-01 -5.8464538641e-02 -2.2181466288e-01 1.6996374080e-01 -3.4567679867e-01 -1.3497614357e-01 -5.8766737808e-02 2.2509286989e-01 4.2283090397e-01 -1.4604948616e-01 -4.1435226187e-04 4.7431595712e-01 2.9664151115e-02 -1.8181694789e-01 -2.6739931374e-01 3.0885557107e-01
-8.2301673729e-02 1.7806898101e-01 1.0361520087e-01 -5.1457147961e-02 -2.5323599219e-02 -3.6313649845e-02 5.2014160024e-02 9.3931226890e-02 1.2187188945e-01 -9.4666041022e-02 3.4306434111e-02 -4.1942834107e-02 2.8006417464e-02 -1.8377880490e-01 -2.9737325835e-01 -2.0416712370e-01 1.6947009760e-01 -1.5493457088e-01 8.8476990240e-02 5.8125169638e-01 1.9592314223e-01 -1.0988823966e-01 1.7973626187e-01 1.0045188430e-02 -1.2079165175e-01 -1.0912027194e-01 -6.9881506006e-02 -7.3564996636e-03 1.1653419997e-01 2.8150079988e-01 1.8425994453e-01 -4.0160255981e-02
3.0876365056e-01 4.2595786756e-02 -2.7728867109e-01 3.5185031999e-01 4.7525738467e-02 2.1030608370e-01 -7.2098887187e-02 8.1296577795e-02 1.9498147629e-01 2.0474038023e-01 6.2763437260e-03 -7.0338517489e-02 -4.3272284272e-02 3.0689856777e-02 -3.0570510494e-01 1.4811185370e-01 7.8975317935e-03 -2.5620821858e-01 -3.3029850958e-01 -3.4339847316e-01 9.8992097855e-02 1.9133787833e-02 -2.0681793670e-02 -3.3077117932e-01 1.4623356984e-01 1.1316081521e-01 4.1451622314e-02 -1.1857199695e-01 9.5449767634e-02 -1.7771097187e-01 2.8027085694e-02 -3.7824542934e-01
7.2423137226e-02 -2.0020270106e-01 -1.0699458507e-02 1.9670833459e-02 -1.2375684861e-01 3.0645905982e-02 7.3388630891e-02 -2.1124729996e-01 -3.6119024662e-02 2.9393453358e-01 -1.3201849480e-01 2.7213193080e-01 -3.9582739667e-02 4.9335270447e-02 2.0006106422e-01 -2.2268566372e-01 -2.9378109588e-01 1.4097516599e-01 -5.8678313676e-02 9.9176553553e-02 -1.3154095450e-01 4.6128388514e-02 -2.7255235363e-01 3.0180073565e-02 -1.6266467426e-01 -3.6520285257e-02 -1.7223981847e-01 1.7919871434e-01 -1.3753457147e-01 -3.8219945552e-01 -2.3441419223e-01 -8.5752471247e-02
1.5058091049e-01 1.8551741180e-01 1.3631820142e-01 7.1275764376e-02 1.0490231124e-01 3.3258417031e-01 1.2234900544e-01 2.5103871318e-01 1.0245886104e-01 -1.0824554826e-01 -4.1756893626e-02 4.6032235688e-01 1.4981901354e-01 -1.1694723354e-01 -6.9942393234e-02 1.4743984915e-01 1.0407110754e-01 -7.3985485212e-02 -2.6697466415e-01 -1.6658682361e-02 -2.1670545550e-01 -9.6297025367e-02 -5.9426755764e-02 1.5976591255e-01 -2.2573155420e-01 -1.1746378084e-01 -3.4104079035e-02 -2.2535481823e-01 1.6921666660e-01 -6.4653200842e-02 2.2963168402e-02 2.3269146306e-01
-5.2009898295e-01 -3.0061484033e-01 -1.1713977606e-01 3.7838715935e-02 -2.6579965575e-02 -1.6176483135e-01 -2.2792003688e-01 -4.4562845585e-02 2.6788723259e-01 1.6573282809e-01 -3.0477405031e-02 1.8296251731e-01 -2.7688232064e-01 1.2960999763e-02 1.3769135579e-01 1.5010143977e-01 8.8418397289e-02 1.2178709473e-02 2.5922947499e-01 -1.0460341729e-01 -1.9512822898e-01 5.1750368627e-02 7.6677892034e-02 9.7252479336e-02 1.0506827244e-01 -1.5739207562e-01 -4.5721885469e-03 -8.5701513306e-02 -6.8348022847e-02 -6.1852578076e-02 -1.1235475391e-01 4.7950867409e-02
4.1494958329e-02 4.2841557351e-02 -6.7034164655e-02 1.7980060307e-02 -1.0040703216e-01 -1.4808390276e-02 -8.9619084580e-02 3.4234017708e-02 1.5211124133e-01 -5.1273353099e-02 4.6626742283e-02 -2.7276171068e-01 -7.9964581421e-02 -9.5541560693e-02 2.0219665454e-01 -2.3921745996e-01 -1.3020624271e-01 -1.8191041698e-01 1.4527468270e-01 -1.9821555570e-01 9.3653400192e-02 -1.0698282644e-01 -7.7412356118e-02 -1.2748397987e-01 -2.1115217650e-01 8.8203271862e-02 2.1540733691e-01 -9.3486286321e-03 7.8705220455e-02 -1.9678823625e-01 -1.9088271107e-01 -1.1454321584e-01
2.7336213003e-01 1.2437619116e-01 -2.6925845198e-01 1.8865599403e-02 9.0338585295e-02 -4.8516126860e-03 -1.6970577369e-01 9.5423387689e-02 -1.4270870488e-01 1.1031127988e-01 1.2223976603e-01 -1.2192997362e-01 1.1539841404e-02 1.4034105558e-01 6.8283688327e-02 1.4750668462e-04 -3.4709180039e-01 2.4966055928e-01 1.2908776233e-01 -2.3408333714e-01 4.2614360184e-02 1.3091458499e-01 9.5006125232e-02 6.1517880029e-02 1.1046154345e-01 1.8123542451e-01 1.4573292125e-02 8.9697759169e-02 2.5339637122e-01 3.0837778046e-01 -3.8495650679e-02 -2.6726840887e-01
-2.7806955405e-02 -1.3922395369e-01 -1.1132102599e-01 -1.9558763295e-01 -6.9725977806e-02 -3.8162891218e-01 -8.6905360004e-02 2.8359298265e-01 1.3932746292e-01 -1.1076650991e-01 -2.5799683667e-02 2.4916419611e-01 -4.9816595481e-02 -1.3163014996e-01 1.8501862389e-01 9.8806195389e-02 -1.9410840411e-02 -1.6811898221e-02 2.0152676013e-01 8.0890158201e-02 5.8879732406e-02 -1.2368139132e-02 -4.2979295033e-01 -2.7773152930e-01 5.6146281128e-02 -2.1521050151e-01 4.4350972751e-04 -2.8329884948e-01 -3.6294268952e-01 3.0145344966e-02 3.2901112786e-01 1.2498257670e-01
-1.0069923396e-01 4.3114552726e-02 -1.3964717144e-01 -1.3254716282e-01 -4.0597879501e-02 -2.0032615086e-01 -7.4475931753e-02 -4.9939023161e-02 1.6802413894e-03 2.2207912550e-01 1.6905868151e-01 -1.3797334784e-01 1.9510905117e-01 -7.1705802385e-02 3.0357526236e-01 1.1975127758e-01 -1.7481927351e-01 -2.0567108467e-01 2.2123469910e-01 1.6745677825e-01 -1.1595934078e-01 -8.5249060603e-02 8.9296170703e-02 1.8516893560e-01 1.1165271008e-01 3.1745008426e-02 -2.5508009709e-01 4.4010525558e-01 2.0232583141e-01 -3.4823900763e-01 -6.5599468127e-02 -2.7484667772e-01
8.7122865242e-02 -3.3131056845e-02 -2.9373926129e-01 6.2914590870e-02 -9.2719253720e-03 -2.7703672012e-01 -1.0512886806e-01 7.6564288274e-03 1.2851365306e-01 3.4309359215e-01 -9.6373800424e-02 6.5260736158e-03 1.7567591651e-01 -1.1152118081e-01 -1.4410549838e-01 -1.0675730568e-01 -8.4834247398e-02 1.2808379293e-01 -2.3083186800e-01 3.4645485963e-02 1.5069867353e-01 9.9830493755e-02 2.2730572917e-02 1.5281947223e-01 -1.3379159329e-02 1.4198426457e-02 1.4700322246e-01 -8.1803346418e-02 -2.5699614474e-01 -2.1104729249e-01 3.0214274628e-01 1.5008628698e-02
1.6487367382e-01 2.1296816662e-01 -1.7543301820e-01 1.2786391669e-01 -1.4380957008e-01 2.2294207469e-01 -2.0384679448e-03 -2.3695333566e-01 -1.1293976284e-02 -1.3956937001e-02 -3.7656147672e-03 -3.4557988649e-02 1.4045536194e-02 -1.6110569808e-01 1.2369563316e-01 -2.8381996354e-01 6.4075074087e-02 -8.4856367168e-02 -1.7926237758e-01 2.7371056791e-01 -5.0778275776e-02 6.1519556348e-02 2.7887394558e-01 3.1843358769e-01 4.8953712991e-01 -2.6565305791e-01 -1.1939232649e-01 1.3438006565e-01 8.7641753540e-02 -6.8856583349e-02 -2.6918453873e-01 2.1073215554e-01
-9.3164385209e-02 -1.2462975167e-01 5.0265649231e-02 3.0271481126e-01 -3.7333485957e-01 2.1838986303e-01 1.4970374026e-01 -1.6599051805e-01 -3.0706419960e-02 -3.7446366212e-01 -2.2728668576e-01 1.5831694167e-02 -3.3195278977e-01 3.3433577690e-01 4.2197297588e-02 1.6079260686e-02 5.6525720936e-02 1.6990254813e-01 -3.8923121173e-01 -2.3304777466e-01 -2.8657627548e-01 -1.5322340202e-01 8.9725918222e-03 1.7340399383e-01 -8.0992450277e-02 -4.1342266133e-01 8.8504775352e-03 8.2008072808e-02 -3.8751502590e-02 -3.6566131018e-02 1.9166652294e-01 -1.1708496078e-01
-1.8136905474e-01 1.7028787346e-01 2.9213374175e-01 -2.9792280022e-01 -1.2674059619e-01 -5.4480764964e-02 2.7227814552e-02 4.9433010687e-02 -5.5798312752e-02 -9.3832336658e-02 -1.8041652204e-01 1.0988835832e-01 4.7373535283e-02 1.4035809206e-01 -6.3915708764e-02 -1.7443086276e-02 1.8554157303e-02 1.6238166160e-01 -2.9349550046e-01 -1.1449428788e-01 -2.1092592033e-01 3.1966883445e-01 6.9352861134e-02 -1.0080362711e-01 -4.7581618715e-02 1.4579416515e-01 -5.5369612295e-03 1.0460171780e-01 4.0047945628e-02 5.0789958919e-02 -2.5236771788e-01 -5.1518033916e-04
4.0030959102e-02 -1.4562496293e-01 1.3970531849e-01 -3.8131761447e-01 -1.7002403887e-02 -3.1573781646e-02 -1.8443884895e-01 -1.1514129860e-01 3.8565466536e-02 1.1668602318e-02 2.0752616144e-01 3.7873435586e-02 9.7216300795e-02 -2.8161046815e-01 3.1459141703e-02 1.2641117587e-01 -1.0513434197e-01 -1.1110889350e-01 -1.8583864578e-02 8.1784872516e-02 1.1434895108e-01 2.2962971781e-01 -2.3817339649e-01 1.1873289830e-01 -1.6537240577e-02 1.4434166293e-01 3.0029986961e-02 2.1126032496e-01 -2.5246806178e-01 1.3501086512e-01 -1.9484838721e-01 1.5573610674e-01
8.2922071404e-02 -2.9383622805e-01 7.8217517199e-02 2.0291362617e-01 -1.1581554532e-01 9.3645648823e-02 1.2466437654e-01 1.8304627515e-02 2.8184771762e-01 -2.1085530090e-02 1.9016782137e-01 2.2942624302e-01 7.4947783729e-02 -1.3014068890e-01 -7.8873812346e-03 -1.1630352925e-02 1.3488091166e-02 1.2949593335e-01 -2.4588983595e-01 5.8475438685e-02 -1.7991004739e-01 1.0613184861e-01 -7.1639282090e-02 -2.1609047490e-01 6.8047633577e-02 -4.9984634802e-02 5.9029668985e-02 -8.2319985637e-02 1.0728112771e-02 -1.5435989391e-01 2.0945560281e-01 -1.0979581325e-01
-1.6300802861e-01 -4.9950704552e-01 -1.4165923542e-01 -1.2540095779e-01 -1.3546042786e-01 -3.4612493516e-01 -2.8509125675e-02 8.1503963987e-02 -2.3617318911e-01 -1.6703536013e-01 -1.5182922534e-02 2.5202731386e-02 4.1042872023e-01 2.5533600406e-01 1.7827753309e-01 7.7661802915e-02 -6.4478076112e-02 -2.1429042668e-01 -1.5465259930e-01 2.9478044329e-01 4.8898992587e-02 3.7469447095e-02 -9.2961037532e-02 -1.4264508036e-01 -2.1284452453e-01 3.3306041073e-01 -2.0909855443e-02 -1.3392140895e-02 5.5272093641e-03 4.0794663201e-01 6.6529930332e-02 -1.2996013317e-01
4.7486977285e-02 -8.7747526431e-02 1.0161095413e-01 1.5537918906e-01 4.0297299036e-02 -2.9080791275e-01 -3.1427843557e-02 -1.6992959205e-01 -3.1791539864e-02 1.4149625813e-01 -8.0546182140e-02 -2.6645960904e-01 2.5152364799e-01 -3.9158357218e-01 -1.4838369063e-01 1.7546992163e-02 1.7077779729e-01 -9.0455492549e-02 4.8493015192e-02 3.5927532496e-01 1.7600495087e-01 -2.0980383849e-01 -3.2439926115e-01 1.5594959898e-01 -1.2506058849e-01 9.7032812248e-02 -4.6069767712e-01 2.0497663925e-01 1.3358419893e-01 -3.0672116381e-01 -1.1240380659e-01 -7.4693759237e-02
3.5123901646e-02 1.0509939485e-01 6.5584681532e-02 2.6305810692e-02 8.6528663770e-02 -1.4542099675e-01 -1.0374968300e-01 3.3479499684e-02 1.8551022744e-01 1.2300615886e-01 5.2915170548e-01 2.0690457663e-01 -2.1254585634e-01 -3.0708828906e-01 4.1358440961e-01 1.0564308620e-01 -3.4035105714e-01 -4.5432998520e-02 1.0065539724e-01 3.1242582639e-01 -9.9615879549e-02 -3.6434054260e-02 7.0862416762e-02 -7.1980238650e-02 3.7407661190e-03 -1.3308710717e-01 2.9099630069e-01 -1.6104560548e-01 7.5935097730e-03 -3.2874209931e-02 3.4189962326e-02 1.9566636236e-01
-1.0069094858e-01 -9.1486109341e-02 1.6140704729e-01 1.2784269290e-01 -1.0448487924e-01 -4.8092391180e-02 -1.5020131303e-01 -8.2734271544e-02 2.5700664828e-01 1.2270944937e-01 -1.0391795557e-01 1.1155765109e-02 -3.6847788348e-01 2.8312390644e-02 -2.9835046245e-02 -4.9476336610e-02 -8.4493061210e-02 -2.1713334898e-01 -1.6640616826e-01 1.8953961222e-01 -1.9548234138e-01 -2.1958668236e-01 1.6493680777e-01 -3.8260474611e-02 2.2311585813e-01 4.6030077241e-01 -9.4219216587e-02 1.8629358514e-01 -2.0071315133e-01 -2.1973940848e-01 4.6737511565e-01 -2.1547467199e-01
-1.0320897072e-01 -3.9350834312e-02 1.2807915189e-01 -2.0647427195e-01 -7.1086147889e-02 7.0487731304e-02 1.1135834249e-01 -9.9500487329e-02 -1.7057018515e-01 -2.6282689737e-02 -2.2540577416e-02 1.5802538819e-01 -4.4598016817e-02 2.6411582592e-01 4.8717509565e-03 9.2812826922e-03 -2.7205854969e-01 -2.8040109248e-01 -8.3576604505e-02 1.3440727500e-01 -1.8385168283e-02 -2.8496129578e-01 1.9357888353e-01 3.7535242247e-01 1.7757479499e-01 1.1125075637e-01 -4.4359083298e-02 1.7719877868e-01 -1.2307302671e-01 -2.0380679168e-01 -4.0876106602e-02 -2.5554012083e-01
2.7690612319e-01 -2.1258612546e-02 5.9801951146e-02 3.1199541628e-01 8.3845924613e-02 3.0896939040e-01 1.1034105020e-02 -5.7448760595e-02 -4.8902123535e-01 9.9834452123e-02 1.8864204501e-01 -1.9207025985e-01 1.1534334618e-01 1.6047282025e-01 9.9978095332e-02 -1.3047374927e-01 -6.8463721197e-02 -3.4412478998e-01 1.1255847742e-01 -2.2931305170e-01 1.8180134344e-01 -2.1474977540e-01 -1.0083892568e-01 -2.1628585593e-01 1.3949587490e-01 2.6820835762e-02 -1.3789111846e-01 -3.1386403559e-01 2.4278734332e-02 2.6334603747e-01 -6.6380654453e-02 4.4764607154e-02
8.7342601943e-02 -2.6750159030e-02 3.0018636427e-01 -1.4950270646e-01 6.7073840381e-02 -1.2606753532e-01 -6.7926050140e-03 -7.0586980178e-02 2.0149858363e-01 -5.5524973682e-02 1.3163814043e-01 -1.1793790791e-01 -2.9877853263e-02 -4.4706873521e-02 1.8486213949e-01 -3.0124482519e-02 1.9420879310e-01 -2.3449994425e-01 9.8129091809e-02 1.3153338627e-01 -9.1650439238e-02 -1.7783935992e-01 -1.4530703655e-02 -3.6288607559e-01 -3.4626210617e-01 1.7994009599e-01 3.2345348857e-01 8.5827501392e-02 -1.1378979306e-01 -1.5085544214e-02 -1.2135775073e-01 1.9458341217e-01
1.5606525913e-01 -3.2731263733e-02 1.3584059182e-01 -4.0757650041e-01 -2.5067159996e-01 -2.0233102780e-01 -5.1023302003e-02 -1.8876280885e-02 1.6841359982e-01 1.4145655146e-01 3.4691539895e-01 1.0060602404e-01 3.8256830376e-01 3.9037002229e-01 2.4738526383e-02 -1.5108008802e-01 7.5917243466e-03 -2.8953281025e-02 1.1137027225e-01 2.3966626850e-01 1.3324220723e-01 2.1473387451e-01 5.2407178787e-02 -8.7571225192e-02 -1.5693334373e-02 -1.3388450705e-01 1.9427054040e-01 5.5109738196e-02 -2.9948904933e-01 4.5527980202e-02 9.6117726336e-02 1.9761032840e-01
-2.0332903672e-01 -6.7388272231e-02 -7.7322812613e-02 2.0054556878e-01 1.2683715056e-01 1.4853346195e-01 -3.0189788944e-02 -3.0224010549e-01 -1.5119543663e-02 -6.7624188914e-02 -2.7942781677e-02 -1.6896255262e-02 2.2981051428e-01 1.1825359250e-01 2.5700479448e-01 1.3763709030e-01 5.3135241097e-02 -9.0221350637e-02 1.0936118557e-01 1.6311902050e-01 4.6140553929e-01 1.2806652602e-03 6.2339787006e-02 -1.0354748876e-01 -1.4451803530e-02 3.9057906168e-01 -6.9023821912e-02 6.3752228411e-02 -8.6675219227e-02 2.6296781572e-02 1.3193968400e-01 3.0047685528e-01
9.6034362025e-02 9.9907776572e-02 -2.6984703697e-01 -1.5486327426e-02 -5.6658391098e-02 -8.8485364721e-02 -2.7043085550e-01 -9.2623092830e-02 4.9450245288e-02 -2.4502852681e-01 1.3807306393e-01 7.1872529859e-02 -1.0654104535e-01 7.8711808006e-02 2.4900919693e-02 -4.9895956877e-03 9.5023795303e-02 -3.3850976562e-01 -2.6705276014e-03 -6.8685116303e-02 -1.2371832002e-01 8.5706318874e-02 -3.7407035170e-02 2.5762751674e-01 -4.7850647746e-01 1.0451987215e-01 -4.8801626056e-02 4.1854198119e-01 -2.2652039284e-01 -1.5477171758e-01 -4.3793759846e-01 -4.4943305875e-02
3.1621692675e-02 -1.1083986058e-01 -1.4416946388e-01 2.0860991525e-01 1.1843654100e-02 2.3762345048e-01 -1.5858361560e-01 -2.5091142592e-01 -1.5079819494e-01 3.4087130003e-01 -1.3002477015e-01 6.5912167140e-02 2.8443476552e-01 -4.0288716411e-02 -2.0155156636e-02 1.8799963629e-01 -1.0609959898e-01 -2.3987769423e-01 5.7799371947e-02 3.4554593060e-01 -1.1332870138e-01 1.6454273134e-01 1.3819743738e-02 -7.5245170165e-02 -9.8901737013e-03 2.1413081121e-01 -1.6796759274e-01 -5.5474461252e-02 -2.2584099169e-02 -1.8609336029e-03 -3.3485516381e-02 -1.3270068931e-01
-5.2433220702e-01 -9.2255080887e-02 1.4950639932e-01 2.2146820392e-01 -1.2420549072e-03 -6.5067946284e-02 -5.5556928882e-02 2.6007877666e-01 -1.4747198947e-01 2.4208004831e-01 1.5542393922e-01 7.0528492862e-02 3.0467061319e-01 -4.0958848936e-02 -1.2496005656e-01 1.3717543538e-01 5.2720589445e-01 -3.6481641037e-01 -3.6173057223e-01 1.9398798071e-01 -6.7151283772e-02 -2.3362556155e-01 -1.3849369709e-01 8.4951279231e-02 2.7327995831e-01 1.2650579890e-01 -1.3933536658e-02 8.9994373115e-02 -7.9953515688e-02 2.0063879702e-03 8.9461924507e-02 -1.5112749501e-01
4.7436482476e-02 -1.4881658568e-01 -1.4194356766e-01 2.3456547964e-01 4.3300449606e-02 5.0262712282e-02 3.2930663412e-01 -2.6198293068e-01 5.1002414528e-02 8.7204585104e-02 -1.4375517207e-02 2.7957199957e-01 1.4447752227e-01 -2.9135901410e-02 -1.3684839801e-01 -1.6799418404e-01 -2.2853958562e-02 -1.2827028972e-01 -8.9023219238e-02 3.6360568418e-03 6.3836935159e-02 3.2138721651e-01 -2.1442077321e-01 2.6288732366e-01 1.2201800708e-01 7.0652860218e-02 -1.8695519230e-01 -1.5047272913e-01 3.9473138683e-03 1.8823122633e-01 6.4498990623e-03 1.1839654187e-01
2.3864775452e-01 7.4239508383e-02 2.1567983727e-01 -2.1029048948e-01 -1.3514012672e-01 2.1662167435e-01 -4.6985117456e-01 4.3361203787e-02 -4.6728894147e-02 3.1132037294e-01 4.5645874088e-02 -2.6375652485e-01 4.1399011827e-02 -2.0052172023e-01 -2.0299278161e-01 -1.1387452801e-01 9.5515444998e-02 -5.4003725741e-02 -3.3646189545e-02 2.5211884968e-02 -5.3684823054e-02 3.0111555419e-01 -2.4211685074e-01 -1.2790709215e-01 1.2863087311e-02 7.1108594703e-02 1.8630255752e-01 -3.2858596920e-02 1.5934851828e-02 1.5406379879e-01 -2.0261581267e-02 2.2820623525e-02
3.0682299572e-01 1.4677259006e-01 2.0525538907e-01 -1.6724713428e-01 1.5932305134e-01 9.7443515612e-02 2.9077914067e-01 -3.1195498254e-02 -9.5749802344e-03 1.3347913801e-02 1.4127184947e-01 -2.2802100349e-02 -5.0660195241e-02 1.9158820791e-01 4.4670936172e-02 2.5063843265e-01 1.4232966558e-01 -4.0707687505e-02 5.7424178927e-02 7.6457622816e-02 9.8215933970e-02 4.9417934492e-01 -6.0475379604e-02 2.4738085939e-01 -1.6405710156e-01 -2.1416429864e-01 -1.4774172568e-01 1.0208038949e-01 6.5504334689e-02 8.9907762502e-02 -1.0517669486e-01 -1.8392373618e-01
-9.4684087402e-02 -1.3194199099e-01 -6.0112933638e-02 -5.0221625515e-02 -9.7037847843e-02 1.0099407727e-01 -1.4969229086e-01 -4.0373966271e-02 -8.6272217832e-02 2.0421012565e-01 3.7395482059e-01 1.2309379870e-01 -1.0889884855e-01 3.3017359099e-01 -1.3524258742e-01 -2.5654863180e-01 1.3945516314e-01 1.1743808804e-01 8.8973867479e-02 2.2186329427e-01 -1.0986546578e-01 -2.5210132341e-01 -1.6869444596e-02 7.6274886532e-02 1.1028778884e-01 8.2461655397e-02 1.8991683862e-01 2.9138376464e-01 -1.3002920590e-01 8.3375318539e-02 -4.0456132955e-02 -7.9003893671e-02
