-1.4587994148e-01 2.3086960432e-02 1.4145072283e-01 1.5547483551e-01 -1.0036871359e-01 -2.6128807057e-01 2.0651796614e-01 -1.0432421985e-01 -8.0153853567e-02 -3.0821327281e-01 2.0790136917e-02 -2.0221682211e-02 6.3178354309e-02 -1.1174039310e-01 -2.2715190237e-01 -2.7004575652e-01
-3.5517544096e-02 -3.5301021177e-01 6.8045078599e-02 -2.1962052682e-01 6.2403062682e-01 -2.7432134476e-04 -1.0544464595e-01 -5.4954853733e-04 -2.4314223049e-01 1.8600889303e-02 -4.8308197959e-01 1.3671721988e-01 1.6811882439e-01 -3.2527917185e-02 -2.3214556773e-02 4.3338101211e-02
-6.9480357674e-02 4.2754022241e-01 3.2098694615e-01 -2.6480482687e-01 -1.6287911660e-01 -1.7895885220e-01 5.5295396790e-01 -3.6125285561e-01 3.2486009103e-01 4.7448286722e-02 -2.0108789588e-01 -5.2295197930e-02 1.4102452881e-01 -1.8793096043e-01 2.3586215363e-01 1.9401793938e-01
-2.5358313224e-02 3.7564731978e-02 1.9534227955e-01 -2.6371663560e-01 3.7671243846e-01 9.4259590223e-02 -2.4175998531e-01 4.4349146322e-01 -1.3356546790e-01 -1.1917854725e-01 -7.0393537491e-01 3.1629906682e-02 -2.9288624196e-01 -2.2482521030e-01 5.2572719431e-01 7.6252798431e-02
7.4892021969e-02 -1.0884968813e-02 3.7417497637e-01 -2.0293348602e-01 7.4960724326e-02 -2.9812121922e-02 -6.6345524334e-01 -1.3747441673e-01 1.0637954436e-01 1.2776722119e-01 -1.9490822392e-01 -7.5295934309e-02 3.4573037687e-01 7.3185650202e-02 -1.3693506346e-01 -3.3006770604e-01
-2.4029157646e-01 2.0448983668e-01 -2.2496497773e-01 -1.9250988383e-01 1.8397192113e-01 6.9910092310e-02 -2.5843406887e-01 8.8841382751e-02 -4.5447257532e-02 1.6658043167e-01 3.9045190419e-02 1.0541418282e-01 2.7996118282e-01 1.4245705696e-01 8.4759951919e-02 -9.4052505668e-02
-4.9456573487e-02 -7.2150867920e-02 -2.1149297401e-01 1.0939732535e-01 8.1134432317e-02 5.6548611313e-01 -3.9618269776e-01 -4.1204854096e-01 1.9730611371e-02 -2.0147228366e-01 6.0262162573e-02 -6.1673173810e-02 -3.4860585401e-01 -8.8050005478e-02 -3.9181668441e-02 2.0235503435e-02
-3.1035144713e-01 2.6268446299e-02 -3.9820526210e-01 -1.7836878012e-01 4.3865603362e-01 9.4809617598e-02 -1.5147926701e-01 -6.2906171442e-01 2.1185059751e-01 1.8748906785e-01 -3.1717975587e-01 -3.7469127909e-02 -1.8037057119e-01 1.5969934317e-01 3.0446109619e-01 3.6571029118e-01
-1.7176381985e-02 1.5981154145e-02 2.3264678113e-02 -1.6653235158e-01 -1.3779238145e-01 -8.4788305035e-02 2.6882696390e-01 9.8320891249e-02 5.0643445923e-02 1.1990004338e-01 1.9323720764e-01 2.3947155707e-01 -2.8581902876e-02 -2.1708499493e-02 -2.5510435587e-02 -2.4857553459e-01
1.2748136877e-01 -1.9544318327e-01 -2.5090061511e-02 -9.7876407636e-03 4.1959274580e-02 6.5108041757e-02 1.2942515108e-01 2.0372821278e-01 3.4817871562e-01 -2.1437215765e-01 4.1126995344e-01 1.6199789998e-01 -2.7268419956e-01 -5.2901057990e-02 -1.4635535785e-01 -1.4271112245e-01
2.0633323312e-01 1.3848194107e-01 1.2365028797e-01 -1.9555475426e-01 -4.7322537424e-01 3.2656896562e-01 -1.4390847804e-01 3.0178821514e-01 -6.5315053445e-01 -2.0098162573e-02 1.3632091503e-01 -9.6529910204e-02 -1.8598398427e-01 -2.6101876403e-01 1.5250598637e-01 7.5951800607e-02
2.4958837554e-01 1.1971512433e-01 1.2327601968e-01 -1.3554541406e-01 -3.9206220279e-01 4.7576445317e-01 -5.0764681161e-01 2.0788658217e-01 -3.9775523032e-01 -2.8347936583e-01 4.7708896095e-02 -3.0893924439e-01 -2.6438309362e-01 2.7595843522e-01 2.0246679077e-01 1.3557777807e-01
-1.1387634778e-01 -3.2055948874e-01 -2.3821437828e-01 2.3283125683e-01 1.2065961778e-01 -1.0220322114e-01 -4.8105113313e-01 -1.4053164556e-01 3.4709032302e-02 1.3580712547e-01 5.0338563750e-01 3.1346365137e-01 3.1761143981e-01 4.3828009534e-01 -3.0473270288e-03 1.4901830598e-01
2.2160660974e-01 -2.1400864289e-02 3.5473922318e-01 4.2545358843e-01 3.5693451438e-01 -1.6712121594e-01 4.0364363754e-02 -2.4015671121e-01 -2.1594371392e-02 -3.6921033944e-01 4.6767540069e-01 4.8545006325e-02 6.2049443792e-02 1.9847085561e-01 1.2920941360e-01 3.3934353367e-01
1.2450010476e-01 -4.1121078918e-01 -3.1023691426e-01 2.9606448728e-01 -1.2064421090e-01 -2.4037120602e-02 6.1407617339e-01 3.9403437356e-01 -1.2820802318e-01 -1.7967614074e-01 -2.0786722858e-01 3.3617489818e-01 -7.6734303958e-01 2.1272505351e-01 3.3330715213e-01 8.8799341475e-02
1.5237649082e-01 -6.7961198444e-02 -3.1432302871e-01 2.4451408135e-03 3.7392924780e-01 4.0222271933e-01 2.7657188907e-01 2.1993989411e-01 1.9380785527e-01 2.7404033830e-01 3.8230036905e-01 3.3577605333e-01 1.6093965118e-02 7.6274108551e-02 1.0627031257e-01 -8.7617084516e-01
