1.6954915105e-01 -1.7485932805e-01 1.0741239163e-01 2.7719002149e-01 -4.0670308903e-01 5.9132053025e-02 3.8910558867e-01 -6.1494395378e-02 -2.3692774639e-01 -2.3503802744e-01 1.9569213153e-02 -1.2537928183e-01 -1.8794300167e-01 2.2573563587e-01 -1.4855149480e-01 -9.6674717559e-02 3.3720656877e-01 2.6922236579e-01 8.7628350071e-02 -6.9690078302e-03 5.8724429285e-02 1.5681046523e-01 -2.5757699019e-01 -1.0763181579e-02
-2.6123377638e-01 -1.6147373692e-01 -1.7034074263e-01 3.5840768015e-01 9.2868380676e-02 9.0722587569e-02 -2.6688709007e-01 -2.0684706333e-01 -6.8735978980e-02 2.8011826263e-01 -1.2272302226e-01 2.6499688494e-01 2.7904814150e-01 5.5334096708e-02 4.5222526837e-02 1.1075990620e-01 -3.0197774043e-01 -1.4228879487e-01 2.0592807815e-01 1.3569506808e-01 3.6955093210e-01 -3.4694073638e-02 -9.8112215983e-02 -4.7471019781e-02
9.4408190952e-02 -8.0494156621e-02 1.7959184641e-01 1.0455398386e-01 1.8367077143e-01 -2.4109764742e-01 -3.6979478638e-01 6.2198641674e-02 2.4887867675e-01 -2.4802742532e-01 2.5783370502e-01 -1.0324016689e-01 9.1137937776e-02 9.6770279763e-02 -4.1418910137e-01 4.8501205664e-02 -2.1225834509e-01 9.5017350999e-02 -8.3238175413e-02 1.8423491306e-01 3.1903142570e-01 1.4060960166e-01 -2.5196906241e-01 2.0924909111e-01
-3.7101823540e-02 -1.2462898496e-01 1.7806729427e-01 -9.5341445112e-02 -2.1153237485e-01 2.1749564218e-01 -1.1208537651e-01 -1.6942141833e-01 1.0955055591e-02 5.5456773950e-02 -1.8942101885e-01 -1.1514259827e-02 1.7546943916e-01 -2.6840293104e-01 -1.6158150481e-01 -2.7140975202e-01 2.3326350279e-01 -8.1207239722e-02 -1.5253518429e-01 2.0147727868e-01 3.1469554402e-02 6.0581125143e-02 4.5740017855e-01 -1.4440125264e-01
8.5460839285e-02 2.8677288470e-02 1.8808706770e-01 -2.0970628725e-01 -2.2688508285e-01 -2.4635626893e-01 3.7214268527e-01 -1.6873613601e-01 3.4501285946e-02 2.3101537378e-02 -1.3571696019e-01 -8.9367009702e-02 -4.0869336958e-02 -2.6803593893e-01 1.1106058375e-03 -1.5547650415e-01 -3.3635627195e-01 2.0248751311e-01 3.4332606648e-01 2.4878910234e-01 1.6219841379e-01 -1.3806837137e-01 3.0616786296e-01 -9.4345723689e-02
3.4441741275e-02 -1.0028949844e-03 -1.4284674315e-01 -3.6294536366e-01 1.2152559546e-01 -4.6810830128e-01 3.4653584922e-02 -4.6165762382e-02 2.4472099664e-01 1.9475812764e-01 -1.9823680424e-01 3.8979573761e-02 2.4483542348e-02 3.6962506077e-01 1.5177409110e-01 -6.7760757986e-02 1.0889853208e-01 1.7837919073e-01 -1.3779841104e-01 -1.1617433322e-01 2.0048473705e-02 2.2593824447e-01 4.7886305283e-01 7.1947736417e-02
1.8301910693e-01 5.0431230850e-03 2.8239357350e-03 -8.3216694118e-02 -2.7413134858e-01 -5.9545960724e-01 -6.3500348743e-02 4.3332863312e-01 1.3672280842e-01 1.0526200552e-01 2.3282179205e-01 -3.7238287065e-02 -3.5684964035e-02 -5.5781939934e-01 2.1132449788e-01 -2.1996936466e-01 3.8929256220e-01 -1.9469157436e-01 -9.2469080313e-02 -1.2167773157e-01 -2.8100459158e-01 3.7226864128e-04 -2.8108779448e-01 -1.6998558253e-01
1.0076623783e-01 1.3387446734e-01 7.1954345416e-03 2.9889708682e-01 8.6094795845e-03 6.5394990392e-02 1.9619416311e-01 1.2259690392e-01 2.6455770638e-01 -4.7620156196e-02 -5.7671629623e-03 1.7014999339e-01 -4.6566400079e-02 -5.3209685487e-02 2.7461121540e-01 -3.6073812912e-01 -5.1226577694e-03 1.5498973068e-01 1.9375047691e-01 -1.4309863723e-01 -9.4590332519e-02 -2.4499126504e-01 -4.7696463492e-01 -3.8208780206e-01
-1.1249249134e-01 4.7045137318e-02 1.5950689793e-01 -1.0504292190e-02 -3.2618324947e-02 2.1181152124e-01 2.3377047444e-02 -4.7880249712e-02 -1.0062228996e-01 1.0699168022e-01 6.0343646164e-02 -4.8192557093e-02 -1.3393674452e-01 4.1868478912e-02 -2.2526712350e-01 -2.1429663760e-01 -9.6385287295e-02 -1.7118142510e-01 -6.1837089789e-02 -5.2706385997e-01 -2.1153622265e-01 9.4843971570e-02 -4.5312182812e-01 -5.3958780809e-02
-3.1106037584e-02 1.1360361033e-01 1.6350098396e-01 4.9802099662e-02 1.1319377898e-01 7.4156414922e-02 -8.4467520915e-02 8.5445069177e-02 -1.4006448282e-01 1.3011008028e-01 2.2929335786e-01 -2.2864733761e-02 -1.6454301983e-01 -2.7430595446e-02 -1.6322581325e-01 1.8288902443e-01 -5.9668729520e-02 3.3354198294e-01 2.3136180877e-01 -3.2484435712e-01 -2.2535280915e-01 -1.9595244454e-02 -1.0060653747e-01 4.4596697513e-01
-8.7826751377e-02 7.2795999918e-02 9.7058795768e-03 -3.1051063239e-01 3.3923970811e-01 1.7277525612e-02 -2.5507627525e-02 -3.1491582721e-01 -3.4705685099e-01 -2.9278898881e-02 1.3948216740e-01 1.1018787161e-01 4.0910609301e-02 -9.5250396098e-02 4.8389227930e-02 -7.7126497628e-02 1.2413507412e-01 -4.3712956354e-02 1.6539812767e-01 -4.6946620975e-01 1.0083809446e-01 5.4174152271e-02 1.3877062722e-01 1.4208590405e-01
-3.3774480235e-01 8.6381740292e-02 2.3247574935e-01 2.9507130162e-01 1.3307703971e-01 -5.8869553966e-02 8.4204176202e-02 7.3103039420e-01 6.9899635726e-02 8.7377387910e-02 -6.1707274883e-02 -7.3551379523e-02 6.9644531818e-02 1.2630463362e-01 -2.4292368198e-01 1.1228146759e-01 -4.4554359683e-02 -7.1153444808e-02 1.1751314146e-01 -1.2127781165e-01 -4.0776820894e-01 1.4292307959e-01 1.1799342897e-02 1.8430973847e-01
-6.9694418068e-02 -9.3445816481e-02 -1.8914069505e-01 -4.5461261529e-01 -5.4021477283e-02 1.1145070723e-01 3.5999177669e-01 1.3187146012e-01 2.7023583995e-01 -1.2100838306e-01 1.2305927954e-01 -6.6371707661e-02 -2.7794473298e-01 3.4757350267e-01 3.1640526365e-02 -4.8129442002e-02 -2.5552059526e-02 -1.5635639883e-01 -2.5269401817e-02 -2.1430026425e-01 -3.1660689731e-01 -2.9041449198e-01 2.6377711357e-02 -5.6657396793e-02
9.4474460996e-02 -2.1749499003e-01 -2.1521266237e-01 -4.1972365001e-03 1.8168831143e-01 -3.7942083078e-01 1.5573858119e-01 2.5013521013e-01 3.4102672213e-02 -2.5531354580e-01 4.0028757452e-01 1.3422525712e-01 -1.5804649621e-01 -9.3721068023e-02 -1.6750911912e-01 -2.5502629051e-01 1.5319245729e-01 2.6080701508e-01 4.1894577434e-02 -3.4272923785e-01 8.1316106900e-02 -2.9039645702e-02 3.3813472621e-02 2.3840621371e-01
-2.3472032624e-02 -1.4781694349e-01 1.8177834905e-03 -1.4638501237e-01 3.1029296660e-01 -5.8121111879e-02 -1.4055377520e-01 1.2546663965e-01 -3.2704626847e-01 1.2037487087e-01 3.0751936364e-01 1.5669737542e-01 1.3926501081e-01 3.7506349512e-01 -6.6630935598e-02 -1.8426332659e-02 2.8623457565e-01 -2.2243926781e-01 -2.1730668535e-01 -1.5391020897e-01 3.8754224525e-01 6.7744475293e-02 1.3199094178e-02 -3.3179804228e-03
1.0765368124e-02 5.3648207077e-02 7.6944690367e-02 -4.0251912079e-02 9.2936025802e-02 -1.3160038296e-01 2.7834446011e-01 6.1514091999e-02 3.7184156064e-01 -7.0823236119e-02 8.5035716900e-03 -1.0118230928e-01 7.0036998004e-02 -2.6887407306e-01 1.2266794608e-01 -1.5903915415e-01 1.0211317572e-01 3.4012420198e-01 -2.1871426208e-01 -3.4239457726e-01 1.2827349761e-01 3.9411721159e-03 4.3003171829e-01 -2.8864347890e-01
-9.6753550583e-02 2.0193938582e-02 -1.4481266854e-01 -1.0860818945e-01 -4.2661703615e-01 1.5940487451e-01 -8.3915192156e-02 1.4086775893e-01 1.3549134343e-01 -1.9044123780e-01 -3.4383670279e-02 -2.2162285396e-01 -7.5310147772e-02 -3.3566784668e-01 3.6046950057e-01 -1.6042777370e-01 -2.6817393418e-01 2.6576739597e-01 1.4501613078e-01 -2.3483101186e-01 -1.4046735211e-01 -6.4723627972e-02 7.9697672292e-02 -9.7976653515e-02
-1.4167349668e-01 -6.5849097217e-02 -1.1242738274e-01 -1.6772985928e-01 1.2972193295e-01 -7.2019910186e-03 -6.7578266783e-02 -2.7570566002e-02 -2.4847311640e-01 2.9438744694e-01 -1.2846588143e-03 -1.0101427991e-01 -1.2958631307e-01 3.5751968623e-01 -4.8134955677e-02 2.0506997791e-01 -4.2945448564e-01 -3.1389987534e-01 3.6405562418e-02 -3.6074049550e-02 -4.6338700921e-02 2.0522568892e-01 -1.0278009889e-01 3.7277732213e-01
-1.7706856733e-01 5.5857787489e-03 5.1956388980e-01 -2.8485506132e-01 -6.3794423298e-02 3.1021642301e-02 -4.0330820551e-01 -3.4018259168e-01 3.4478987205e-01 -1.9858699470e-01 2.7033156269e-02 -9.5335380113e-02 -2.7115022348e-01 -8.3947066187e-04 -3.9427003447e-02 6.0469551060e-03 1.0937404047e-01 -3.9597934615e-01 -1.5781256485e-01 -3.6024326243e-01 2.3691837315e-03 1.7517375556e-01 -2.4897418145e-01 1.3272589477e-01
-1.5991166397e-01 2.7449500023e-01 4.0522436406e-02 2.8097509795e-01 -2.4579776182e-01 2.1972466479e-01 -2.3823835594e-02 4.6637063418e-01 -2.3659275001e-01 1.5888078839e-01 -1.6362732958e-01 4.7778937371e-02 1.9099828410e-01 -4.8473792410e-02 -2.7521778180e-01 3.1199385950e-01 -6.7906051973e-02 -3.6692896050e-01 5.4621313218e-02 -4.8665902793e-01 -4.3144459210e-02 1.3019195364e-01 1.1335260174e-01 8.4564801587e-02
-8.5136474200e-02 2.6218632586e-01 4.8242034169e-02 3.7666424125e-01 2.2110386376e-02 3.8736697147e-01 8.7344112279e-02 7.8169074063e-02 1.1118135616e-01 -5.1310063804e-01 7.5793013410e-02 1.0724895618e-01 4.5084255419e-01 3.3109005652e-01 2.6548986399e-01 -2.3802610740e-01 2.7011493133e-01 2.9832210333e-01 -9.6088846601e-02 -1.2730481910e-01 -3.7370701448e-01 -1.6236037565e-01 -2.1748906174e-01 -9.2029298310e-02
-6.0993834115e-02 1.2532935973e-01 -1.4939265547e-02 7.3144404154e-02 9.0440564264e-02 7.2863673630e-02 2.7478757028e-01 3.4012637769e-01 -3.2710043469e-01 -4.3285200833e-01 -1.1040259435e-01 1.2166694742e-01 2.5036991308e-01 1.9265149498e-01 -5.1108697729e-02 4.7111665073e-02 -1.8475887044e-01 -3.0828091858e-01 -3.8455953556e-01 -7.0695936582e-02 -8.2031065393e-02 -9.1790315970e-02 -3.1577200918e-01 -5.7587670539e-02
1.9270771226e-01 -4.9897280778e-02 -1.5406926699e-01 -1.7808230492e-01 -3.6291911188e-01 -3.3658134211e-01 2.8358829213e-02 2.2520860600e-02 4.8517304594e-02 -1.4232487724e-01 2.8171164825e-01 3.0523570600e-01 4.2398694146e-02 1.2209032592e-01 -4.2831354068e-01 2.7517941710e-01 1.3732677217e-01 -1.7102163527e-01 1.5574098916e-01 1.4332951361e-01 1.7657803406e-01 2.0819975693e-01 -1.7585037867e-01 -7.8723792259e-03
-8.6887338681e-02 -4.5418524932e-02 -2.0355326426e-02 2.2811163175e-02 4.5174395479e-03 4.2501029678e-02 -1.4259311763e-01 -3.5476016894e-01 -1.3088872296e-01 -5.8808227689e-02 -1.3898163948e-01 1.9278302232e-01 1.1110765821e-01 2.4823553862e-01 3.9571399379e-01 3.4600389940e-01 1.3819700282e-01 2.8390256124e-01 -1.0728306372e-01 3.9138555778e-01 -3.4446151016e-01 2.6139409759e-01 2.8890538153e-01 1.9983200779e-01
