1.4683273674e+00
8.9426820480e-02
-2.2297353795e-01
1.5735094002e+00
2.7420567966e-01
-6.2394894907e-01
-1.4592940393e+00
8.8841905702e-01
3.3235414751e-01
1.8814365191e+00
-5.1693264025e-01
-2.7227873076e-01
-2.7084793483e-01
2.1963576780e-01
1.3359821942e+00
9.8567942026e-01
-9.2667571652e-01
-2.2621596413e+00
-8.8289785565e-02
-7.9062810385e-01
2.7617024139e+00
4.7704158253e-01
1.1439393313e+00
-1.2946663413e+00
9.1052298654e-01
4.4833128459e-01
1.4814723215e-02
1.2732022900e+00
1.6566630668e+00
1.9361379073e+00
-4.5631926296e-02
1.2713642929e+00
