-8.3343362608e-01
-5.7008104799e-01
-1.8595237504e-01
-8.3087464453e-01
-2.5001468392e+00
1.6557448630e+00
1.1696047052e+00
1.2144795710e-01
-4.0724918418e-01
1.4681185169e+00
8.7653992028e-01
-1.9767627029e+00
-8.3740512903e-01
-1.9693105339e+00
1.1440443212e+00
-9.8504413414e-01
7.0714929137e-01
-2.8261990875e-01
-1.1407240036e+00
7.6683529756e-01
1.4255725337e-01
1.5070810895e-01
-3.1733237180e-01
2.0484141475e+00
1.6657815840e+00
-1.2842969150e+00
-3.3179574868e-01
2.1651606673e-01
-7.6643847735e-01
1.1177436612e+00
1.7950746282e-01
8.5266179911e-01
