-1.2981765862e-02 2.1740435904e-01 1.6606932126e-01 -5.4914214002e-02 1.6593916600e-01 2.0190259668e-02 -3.4871168074e-02 -1.4923252478e-01 -2.7381564572e-01 -1.3845374552e-02 9.2954435502e-02 1.2776453478e-01 7.9823074656e-02 3.9618657201e-02 -9.8738087942e-02 1.1081357474e-02 -2.4022401320e-02 3.0720045817e-01 1.5811560453e-01 2.6009783898e-01 1.2214159383e-01 -8.4091147602e-02 1.3690868079e-01 3.5709788748e-03 1.6594999664e-01 1.3557304306e-02 -1.5845518229e-01 -4.1684678258e-02 -1.2997892350e-02 -2.7677608444e-01 2.0068360506e-01 4.0891617955e-01
7.2071557307e-02 -1.2387120067e-01 -8.2290942352e-02 2.0876467775e-01 -2.5947690173e-01 1.0437099532e-01 -1.7921389059e-01 1.6632433024e-01 1.0276914403e-01 4.2339928602e-01 -1.6554710251e-01 -3.1600034368e-02 9.4982225052e-02 6.9231416509e-02 2.9816917175e-01 -5.9959930680e-02 -4.4808539143e-02 -2.2378264600e-01 4.4520979362e-02 -2.7892030946e-01 -1.5317796374e-02 -5.7802118287e-03 2.3110515419e-01 -1.7421650100e-01 -3.0824888060e-01 1.1357679922e-02 2.4486074432e-01 -2.0497004370e-01 -2.0305896555e-01 -3.5294682874e-01 2.2395634611e-01 1.0746412840e-01
-2.1697351550e-01 -1.4847177627e-01 2.4843988340e-01 -7.6780225986e-02 -3.7097500152e-02 4.7895899516e-02 3.6797129360e-02 4.3267008043e-02 8.6326803625e-02 1.7259632135e-01 -3.8691499243e-01 -9.1184376770e-02 -1.6664994138e-01 1.6749342703e-02 -1.2228417197e-01 2.4471590197e-01 6.5685597204e-02 1.6648424494e-02 8.2997092631e-02 2.7194188865e-01 6.9238826739e-02 -1.6556130283e-01 -5.2760104185e-02 1.4498761483e-02 -8.2865678025e-02 -1.2175649353e-01 3.7922759466e-02 -1.7400732214e-02 2.8027722020e-02 -1.9668340846e-01 -3.6426398296e-01 -4.6737497904e-01
-1.3955793245e-01 -6.1534608680e-02 1.8786033613e-01 2.6838529800e-01 -2.1190877356e-01 -7.4916238271e-02 -8.6523578265e-02 -1.6265197666e-01 1.7726920353e-01 -2.8959679376e-02 5.0042464092e-02 2.1121799413e-01 -1.0454466233e-01 1.1255878336e-02 2.3768867450e-01 2.2054417962e-01 -2.9948372268e-01 1.0740407536e-02 -1.9265425312e-01 -8.6005284849e-02 1.4057317973e-01 -3.1244556379e-02 2.0827945018e-01 1.5141468160e-01 -5.0099200811e-02 4.0426166633e-02 -5.7404146956e-02 -3.7580144436e-01 4.5868761514e-02 3.6308167396e-03 -2.9750716454e-01 -2.2605416473e-01
-1.0834960181e-01 1.1509221014e-01 -9.2786817489e-02 -1.2336434084e-03 -2.6116192280e-01 3.4445130084e-01 -2.3759580376e-02 8.5651432368e-03 -9.5211460241e-02 1.0011328801e-01 -3.4482404105e-02 1.8254459163e-01 -7.6599737915e-02 2.1437663088e-01 4.2620476277e-02 -6.7544820844e-02 -2.2612886871e-01 3.4065827764e-02 -3.1371302743e-01 6.9519796608e-02 -1.5660292609e-01 -1.3471079997e-01 -1.0632023169e-01 5.6215978368e-02 -6.2687738904e-02 1.1695847400e-01 3.5900077682e-02 2.3548127820e-01 4.2743593565e-01 9.8865349884e-02 -8.3061884520e-02 1.0016586613e-01
6.9575316447e-02 -2.2415832758e-01 1.3069456934e-01 3.2548656816e-02 -3.1967720313e-01 -1.6512479710e-01 -2.3023210797e-01 -1.9041136006e-01 -1.8870563832e-01 -1.0578981645e-02 1.5272636113e-01 -3.2728959169e-02 1.0642081003e-01 -2.2150861489e-01 -1.4258377175e-01 6.6074604151e-02 -2.0848710421e-02 2.8985684967e-01 -2.2024798517e-01 7.0901653677e-02 -2.3094787018e-01 -2.1786475148e-01 3.5096759248e-02 9.0691131131e-02 -6.2961405302e-02 -2.4565002719e-01 1.5957795041e-01 -1.3291378110e-01 -1.6431541779e-01 -5.9890235319e-02 1.6197832660e-01 2.1062545149e-01
2.4013738728e-02 4.6138079249e-02 1.2886067328e-01 -1.9980560513e-01 8.9586025388e-02 2.9262427550e-01 -1.5504142199e-01 8.1772324417e-02 -1.0890102254e-01 -2.0618694485e-02 2.5381213939e-01 1.9420133944e-01 1.2500903507e-01 8.1508244836e-02 3.0097101881e-01 -3.1577242963e-02 -3.2259400710e-01 6.9669445144e-02 -6.9788330333e-02 3.4287874920e-02 1.1099078292e-01 3.5195528164e-01 -1.0531314683e-01 -1.3064226365e-01 2.0966552159e-01 2.0670304023e-01 5.1692510363e-02 6.4255623914e-02 2.1779994658e-02 -2.6825359202e-01 -1.7325923604e-02 -1.6840725523e-01
-5.6087993043e-02 3.2180269063e-01 6.2616932768e-02 2.3059259137e-01 -3.3527164035e-01 -3.1705984139e-01 5.2230185244e-02 7.9425064364e-03 1.0413469550e-01 -3.7614171442e-02 1.1150402714e-01 3.9381638315e-01 -2.8520877540e-01 5.2919048724e-02 1.7838770622e-01 -2.6150790293e-01 -3.7053052540e-02 -4.0939516647e-02 1.6176773521e-01 6.8514220595e-02 -1.0118931611e-02 -3.6397194893e-01 2.8143423916e-02 -2.5135132530e-01 1.4006885590e-01 -1.3210446353e-01 -1.0406002081e-01 -1.3533078892e-01 -9.4236818833e-02 5.2689106692e-02 3.6653346995e-04 -1.4625618747e-01
5.5268869947e-03 -3.4089222657e-03 1.4595101879e-01 -6.8797665484e-03 -5.5411404158e-02 -1.7623765942e-01 -2.1533741343e-02 -3.5182420384e-01 1.0923666797e-01 -1.8574195420e-01 2.2250537619e-03 -1.8694563446e-01 2.5902998358e-01 8.0221574265e-02 -6.8095551551e-02 4.2100237170e-01 -1.5455423285e-01 -1.5971157754e-01 1.2191628390e-02 6.5846797182e-02 -1.5757287768e-01 1.2715233873e-02 -2.2757111965e-01 6.2288910770e-03 3.1660983063e-01 6.1878448792e-02 5.8427266364e-02 -2.9513963180e-01 -3.5842747326e-02 3.2607122876e-01 -7.2052012080e-02 6.6559291383e-02
-1.9642611308e-01 -1.7355333382e-01 1.9457363226e-01 1.6696365502e-01 1.3334940184e-01 9.7013713811e-03 1.7861014945e-01 -1.5836212627e-01 -1.9888008906e-01 -2.4298945444e-02 -1.3436086582e-01 1.7488250527e-01 -2.6585932049e-01 1.2443387993e-01 1.4493224252e-01 3.1066064246e-01 -6.9075709387e-02 1.2568946977e-01 -1.5573130724e-01 -1.0923633256e-01 1.9224389896e-01 -5.4423129786e-02 1.0250046390e-01 -2.3147365029e-01 1.3839434181e-01 2.3195816760e-01 -1.0441265367e-01 6.4561654118e-02 -1.0991740195e-01 2.1269417227e-01 2.8243228935e-01 4.7178950378e-02
2.0045404303e-01 2.2622120128e-02 2.2014421438e-02 1.6500813034e-01 -1.4730967050e-01 -1.1210924870e-01 8.2415078093e-02 1.3884183390e-01 3.8006001881e-01 -6.0072111347e-02 3.0268136022e-01 -6.9633615045e-02 3.6599108695e-01 1.3105223454e-01 -2.1822959680e-01 -3.8417171074e-02 4.1156672997e-03 1.8101686382e-01 -5.6430739607e-03 -3.7572980334e-01 3.3847794285e-02 2.1103524164e-01 2.2503928276e-01 2.9434377516e-02 1.1743637918e-02 7.2295174229e-02 1.2740935441e-01 -3.3869207048e-01 -1.5679421799e-01 -5.8874438699e-02 1.7467322641e-01 -1.5968364743e-01
-1.1531014475e-01 -1.1137837984e-01 -2.5441242720e-01 -7.4424384205e-02 2.2835199381e-02 -6.2455257726e-03 7.7376297116e-02 3.9832348455e-02 -1.3332189895e-02 -1.5044219982e-01 2.1951945681e-03 1.1262862979e-01 -1.9708694635e-01 -2.9267182032e-01 2.3935441827e-02 8.0295173200e-02 3.1436046992e-02 2.4684163370e-01 -3.9043417793e-01 5.5323486962e-02 -5.3960210325e-02 -3.4447840786e-01 -3.7525164756e-01 3.5405350629e-01 2.7460521160e-01 5.1918356936e-02 -2.2176545250e-01 -1.4735903106e-01 -1.4839511059e-01 -1.0039007364e-01 7.1201807524e-02 1.6552116625e-02
9.0988763157e-02 1.8545610587e-01 1.5187184648e-01 -2.5636082326e-01 3.5929448050e-01 2.9312738229e-01 -4.3769613730e-02 -2.7557443450e-01 3.6115331695e-01 -6.3995910897e-03 -2.0278502495e-01 -1.1349450020e-02 -2.6152435820e-01 6.4264270533e-02 6.1953569654e-02 1.6639562914e-01 1.8093342834e-01 4.5608112045e-02 8.8974222995e-02 -2.3100626422e-01 4.0242426278e-02 -2.8422639373e-01 -7.5999578104e-02 -1.9292930996e-01 5.3749084036e-02 -1.8063194060e-01 3.7357725181e-02 -1.8725739179e-01 -1.5780096027e-01 -1.8407490241e-01 2.0383899816e-02 2.8940595901e-01
1.7651312896e-02 -2.2562005051e-01 3.1641769572e-01 1.9296048521e-01 -1.6759125459e-01 1.3231447086e-02 -4.2451674197e-03 -6.9073817694e-02 2.8083263743e-01 -3.0780754121e-01 5.0925349878e-02 -1.2241046189e-01 -3.2790997237e-01 9.9488774330e-02 7.6490598019e-02 2.0417386310e-01 -1.3462891601e-01 -2.3380223898e-01 1.8552738591e-01 7.5100311167e-04 2.6235277831e-02 1.2975770406e-01 3.0717149556e-01 5.1221481794e-02 -5.7962160830e-03 2.6960967894e-02 1.1911343359e-01 -1.7702337948e-01 -3.7353371476e-01 -2.6322963232e-01 -2.7230674571e-01 1.9675788078e-01
2.0013461419e-01 -8.7155836448e-02 2.4339629554e-01 -6.8165913244e-02 8.9629461956e-02 -8.2217817122e-02 2.3657196476e-01 -7.8442268646e-02 -2.5698592585e-01 1.9590304160e-01 1.7101171613e-01 -1.1106309244e-01 2.9545560690e-01 -1.3820637280e-01 -6.9743607289e-03 -2.1540921345e-01 -7.8876294972e-02 1.8848823875e-01 2.4814749825e-01 1.0433480405e-01 -1.3959643533e-02 2.3591961803e-01 2.2765492299e-01 -2.5503449455e-01 1.1515706470e-01 5.6315431358e-02 -9.9330690807e-02 1.1747869701e-01 -1.2784566088e-01 4.8237728457e-02 7.1507855311e-02 -1.0992371175e-01
1.3009468767e-01 -6.6834864769e-02 -9.8604450875e-02 6.7050073180e-02 -1.8125391992e-02 2.6950408485e-01 2.0866831063e-01 -1.3017715450e-01 -2.0806213073e-01 -1.2417121026e-01 -5.0276481207e-02 -1.8226405814e-01 1.4247096306e-01 1.0952563638e-01 -8.6377475562e-02 3.0793245459e-01 -2.9185245239e-01 6.3837106711e-02 1.8094324587e-01 2.4303937523e-01 -7.0345297112e-02 -2.9952953411e-01 3.8097489621e-01 1.3970309991e-01 2.3565548830e-01 -2.9164936021e-02 -1.3059247976e-01 1.6189558419e-02 -1.1839653765e-01 5.3216367632e-03 1.5339355641e-01 -4.7376912358e-02
-8.0396946673e-02 1.0593550869e-01 -1.3481361074e-01 1.4935013430e-03 -4.7366285237e-01 3.7352891896e-01 -7.9758219092e-02 1.2548577703e-01 1.3721514032e-01 2.1211744347e-01 1.6909030294e-01 8.9604068152e-02 -1.9466105196e-01 1.8790851969e-01 1.3184801664e-01 -1.3124934178e-01 -5.3671246802e-02 -1.4546326711e-01 -3.2224395794e-01 -4.2097791344e-02 8.2035584591e-02 1.4795028099e-01 2.2733045441e-01 2.3662603666e-01 3.8035528170e-01 4.1949256976e-02 1.5817381269e-01 -1.4477547878e-01 7.8695674014e-02 -2.8321839177e-01 -3.4261202803e-02 1.9873103534e-01
9.1841064172e-03 1.9753630150e-01 2.4724081095e-01 -2.6684801332e-02 -1.1109836745e-01 3.1195081487e-01 6.6759112101e-03 -1.6189278973e-01 -4.9735262356e-02 2.1693644815e-02 -1.4331548644e-01 1.9157474993e-01 1.1436884850e-01 -2.5355430915e-01 3.0532276739e-01 -2.9450000283e-02 8.8233974201e-02 9.6430957385e-02 -1.0359812633e-01 7.4147285745e-03 -2.8773488914e-02 -5.3585753587e-02 1.9239778218e-01 -7.7374415472e-02 -4.8274579918e-02 1.1022174955e-01 -3.5927954287e-01 4.4386684831e-02 5.2887602363e-02 -1.4613035684e-01 -1.0187434703e-01 -3.4411969283e-01
-2.1861214074e-01 1.1297019715e-01 -6.6992716092e-02 2.6255250335e-02 9.4119552099e-02 -6.1895106483e-02 -3.1685252811e-01 4.5734513179e-02 -1.7655166220e-01 -1.4253404111e-01 -2.4700201545e-01 2.1691851748e-02 3.6002321443e-01 -2.1876679608e-01 -1.0343366066e-01 -7.8014272541e-02 1.6932403566e-01 9.1258774065e-03 2.6845293606e-01 -2.5974815217e-01 2.2356902711e-01 7.5549179309e-02 -1.5062825876e-01 1.0523271622e-02 4.0775277779e-02 -2.0591225870e-01 6.6629320902e-02 -6.4067123471e-03 -1.7834558889e-01 1.6583855125e-01 -3.3058536410e-01 1.9212711351e-01
2.0941573376e-01 -1.5324098759e-01 -1.0259603274e-01 1.0136405438e-01 5.0376457746e-02 -1.6772861044e-01 3.0169169521e-01 -1.3704517725e-01 -1.5409451967e-01 -2.2290783884e-01 1.0291605756e-01 6.4588073806e-02 -1.9826338925e-01 -7.1715828659e-02 9.2551778319e-02 -3.2213314042e-01 1.5141873911e-01 3.0944117159e-01 2.0840911895e-01 -5.7672528484e-02 -1.8332613481e-01 2.5379048406e-01 5.8103758068e-02 1.4717050205e-02 6.2774115928e-02 -2.0697670201e-01 7.7975663222e-02 2.9306264788e-01 -2.7402192905e-02 9.9664071747e-02 1.0099193072e-01 8.6520797178e-02
-1.8416530421e-01 6.0661854915e-02 -2.6538049571e-02 2.1576074217e-01 2.7561721340e-01 2.0245166095e-01 -2.2404183144e-01 2.1212728318e-01 -2.7922400441e-01 -3.0296393936e-01 -1.7379994939e-01 1.2098708423e-01 -2.0363048567e-02 -6.3468569591e-02 1.0101057327e-01 -1.1415137444e-02 1.3081059971e-02 -4.5412695059e-01 -2.5635454748e-01 -3.2314524846e-02 -2.8584266241e-01 -3.8140819967e-01 -9.7144237101e-03 -2.1331820420e-01 2.2759171757e-01 -2.0776011409e-01 1.2010394527e-01 -1.6405995749e-01 2.9241729434e-01 7.7957813250e-02 -2.6194648615e-01 4.7055693775e-01
2.6131862540e-01 2.5055419125e-01 -1.8456363157e-01 2.8257359171e-01 1.9707574431e-02 6.6267901816e-02 3.9472491736e-01 -1.0332767699e-01 5.0343528414e-02 1.1499452186e-01 -1.3375508539e-01 2.4816959094e-02 4.7054594384e-02 -1.1080490395e-01 -1.5136859436e-01 -2.9950194685e-01 -1.2148617503e-01 1.0594417019e-01 -2.5143049753e-01 -4.0650835580e-01 1.2590432774e-01 2.2258203274e-01 4.2032045179e-02 -1.4528794454e-01 -2.3124132074e-01 1.5938654066e-01 -5.1507726131e-02 2.7833223871e-01 2.6071539674e-01 1.9070926376e-01 1.4206655475e-01 2.5061710264e-01
-9.8065285625e-02 2.8149257961e-02 4.1810838047e-02 9.4042554833e-03 -1.6268902421e-01 -1.2652357045e-01 -3.9309974386e-01 -4.9924470133e-02 -2.0084875169e-01 -3.3521688000e-01 4.9491883426e-02 -7.2632281320e-02 9.7334580136e-02 -1.0570634633e-01 -3.3460005323e-02 3.3607325959e-01 -2.9176390646e-01 -9.9245350035e-02 1.4142837390e-01 1.9557619217e-01 -2.7898241388e-01 -1.1572150294e-01 1.9073759850e-01 4.1709105543e-02 5.3055169783e-02 -8.8866085403e-02 -2.9891519511e-02 -1.8079321946e-02 -9.3968675084e-02 -1.9424736662e-02 1.2693965824e-01 2.8953358574e-02
2.0006574797e-01 -2.4406952535e-03 -1.0786238531e-01 -2.5842845535e-02 -9.6689034463e-02 7.0995491355e-02 1.7706546346e-01 3.0522601416e-01 -2.4852224972e-01 -4.1835765912e-01 1.3598230265e-02 4.7215686028e-02 -2.3208304614e-02 -3.5814742344e-02 1.5069268634e-01 -2.1752679659e-01 2.5431929916e-01 -9.6365229578e-03 -1.3039577935e-02 -2.8259766650e-01 9.0590801402e-02 1.9472465012e-02 3.2897301730e-01 1.4484743239e-01 -5.0807055192e-01 -1.6599908125e-01 -2.2174966486e-02 2.0768277335e-01 4.9259588579e-02 -1.6233171816e-01 -1.0308030799e-01 2.2106705045e-01
-1.3906874738e-01 -9.5148795162e-02 -6.8795138915e-02 -1.3593615147e-01 -2.5893941237e-01 5.0205811692e-01 1.9397153414e-01 7.9032015139e-02 3.8650196250e-02 5.3542033369e-02 -1.7773828931e-01 5.2361208349e-02 4.7289671561e-02 1.8643807802e-01 -2.2413961225e-01 9.4581580457e-03 1.0169253855e-01 2.7765680054e-01 2.0265934740e-01 -7.5248085279e-02 -1.5245302804e-01 -4.9377561932e-02 2.3992651132e-01 -3.3032639585e-01 -5.4999772325e-02 -8.2246873437e-02 5.3093130766e-02 -3.3849249213e-02 -3.9522866430e-01 1.5360136178e-01 -3.9546524404e-01 -2.5345844437e-01
-7.4955773955e-02 3.7847356893e-02 4.3230346589e-01 9.2884317617e-02 -1.1432294201e-01 -8.6815716576e-02 -1.1302104251e-01 3.3475994559e-02 1.6700419702e-01 -3.8101104201e-02 4.6324660006e-02 -2.0966090399e-01 3.4669295333e-01 -5.1510274937e-02 6.0752587845e-02 4.6344144727e-02 1.6208265101e-02 2.7367608151e-01 -2.4739730324e-01 -4.6463256870e-02 9.3504668605e-02 3.4179206923e-01 -2.3740633962e-01 -2.2366051383e-01 -1.3875709857e-01 -2.0195435157e-01 2.8818067780e-01 2.2116078866e-01 1.4352645552e-01 -2.8320550558e-02 1.8184558747e-01 -2.0710204749e-02
-2.1977744649e-01 -1.6657879823e-01 -1.7260732968e-02 -2.6203963425e-01 -9.5895203011e-02 -1.5793981853e-01 -8.7218082860e-02 5.2905402167e-02 5.2166662470e-02 8.6926063947e-02 1.0371019671e-01 -9.1292903767e-02 -5.2101534833e-02 1.9842992586e-01 -1.4788251361e-01 8.4416489538e-02 6.4533164685e-02 4.3070540820e-01 1.4813612606e-01 1.9019397244e-01 -1.4047390102e-01 1.2447831658e-01 1.0275810709e-01 -2.7328985698e-01 -1.2117253627e-01 -1.3896541257e-01 -5.2798026015e-01 -8.9534308537e-02 -1.4314379367e-01 4.7723338532e-01 -1.8676938024e-01 1.1333032290e-01
-1.1198017853e-01 -3.9405516300e-01 1.6903040977e-01 -2.5598097208e-01 -2.0741943568e-01 2.8337161615e-01 2.9831656152e-01 -2.2165756713e-01 -4.9116171762e-01 4.7437118956e-03 3.4439278752e-02 6.0107481756e-02 5.8733583207e-02 5.1698117819e-02 2.3527128757e-01 5.6164691335e-02 2.3729145888e-01 -3.7267400663e-01 2.3991076083e-02 -1.1733793972e-01 -3.7112606432e-01 -8.5735514929e-02 -4.5536250956e-02 -1.7733300985e-01 1.9241010964e-01 5.9695930506e-01 -8.9977129425e-02 3.1735232545e-02 7.5499756888e-02 -4.7164252511e-03 1.1604245014e-02 -7.8876013942e-02
-1.2215680471e-01 2.5806151204e-01 1.1479433340e-01 -4.2880289863e-02 -4.0077877047e-01 1.8207896375e-01 7.3159341879e-02 -1.2582564130e-01 2.6504112562e-02 1.2929216294e-01 -1.1339148480e-01 2.3176371153e-01 2.6372194083e-01 1.5944772633e-01 -9.8438244888e-02 7.3288991596e-02 5.6346447228e-02 -1.2857198787e-01 -2.7055220755e-01 2.4841747096e-02 3.0484075449e-01 6.4766377703e-01 1.1193171839e-01 3.5192882737e-02 -3.2636176168e-01 3.3032617343e-01 -4.0014060336e-01 -1.4859970011e-01 1.5092522595e-01 -9.5485384476e-02 1.2924906080e-01 -5.1528419529e-02
-3.5917548290e-02 2.3627679944e-01 1.4390772718e-01 -3.0703826765e-01 1.6766371276e-01 5.9138437929e-02 -1.1887876197e-01 -3.9383746416e-02 -4.8278786762e-02 6.6886531616e-02 6.9119718610e-02 3.7310754276e-02 2.2073898118e-01 -2.3800543069e-01 1.0046784846e-01 2.3339489548e-01 1.5773689054e-01 -5.0606737829e-02 -4.6081672001e-02 -2.3659597451e-01 1.5057838915e-01 8.7972934796e-02 2.2086334069e-03 1.0665487169e-01 -5.3515784870e-02 -5.0119417099e-03 -8.2066394560e-03 3.7535688571e-01 2.9326770760e-01 -2.0036389191e-01 1.9728020846e-01 -3.6262823551e-01
1.4588133352e-02 9.4024972331e-02 1.7320009707e-01 8.6041933981e-02 1.6792031573e-01 -2.9385631154e-03 6.1156557434e-02 1.5000057668e-01 -1.4951756816e-01 -1.1260677709e-01 -2.4145969743e-01 1.2132583165e-01 -2.4414858184e-02 3.0276995024e-01 1.2868922583e-01 3.0182287470e-01 4.6861455594e-02 -1.1191777166e-01 -4.8584866898e-02 -9.9318694860e-02 -4.6207903243e-01 -7.1808400031e-02 -1.4686819850e-01 -1.9989089056e-02 -2.9930521855e-01 1.4481876210e-01 1.4328945791e-02 -3.1402226105e-02 1.7152659819e-01 2.3002970581e-01 1.0736736363e-01 2.6116496383e-01
-1.5044966006e-01 6.5107381171e-02 1.7883313518e-01 -3.9363116303e-02 2.6386109527e-02 1.8952798581e-01 1.0440510574e-01 -1.5439125628e-01 5.0018657060e-02 1.1331172407e-02 -1.1100332192e-01 -7.7257057413e-02 1.2465815984e-01 -2.5360700333e-02 1.0908400636e-01 -1.9192829187e-01 9.3351464733e-02 1.8724266535e-02 2.5099519375e-02 -8.6575504101e-02 -2.5162844199e-01 7.5890374841e-03 -3.0985276957e-01 -2.5129243080e-01 1.1421127819e-02 -6.6409158336e-02 -4.2688241940e-01 -1.9271450709e-01 1.2632880787e-01 -3.3708961083e-02 -4.6066283443e-01 1.7036909709e-01
