3.6444355755e-02 -3.3018895139e-01 -1.3931384451e-01 1.0315015739e-01 -2.3060848057e-01 3.6296898715e-02 3.6116079103e-02 8.1051763679e-02 8.6717335165e-03 1.3519016336e-01 5.4023396572e-02 4.1431383496e-01 1.6916533169e-01 -5.5218179811e-01 2.3769804461e-02 4.2512011145e-02 2.5300037466e-01 2.7758744067e-02 -1.6510714432e-01 8.5094291516e-02 1.2272284478e-01 -2.6073603336e-02 7.8533210806e-02 1.6436635144e-02 -5.5785998724e-02 1.3733305994e-02 -4.3433525733e-02 -2.4805030745e-01 5.0600822278e-02 -3.2260235290e-02 1.2920196781e-01 -3.0216355550e-01
4.9409501167e-03 -3.3447499439e-01 -6.3512457485e-02 2.0574329957e-01 -1.4735052661e-01 -3.3469252957e-01 -2.6118866885e-01 -5.8892516952e-02 1.4981628144e-01 4.6420300926e-02 -7.2783177456e-02 -5.0410004622e-02 -3.2355173075e-01 1.2896658559e-02 -1.4052346788e-01 1.8279045461e-01 -9.5807859279e-02 4.4953169724e-02 1.8145346397e-01 -8.4456710827e-02 1.6895474593e-02 -3.2809272927e-01 1.8073672904e-01 1.4103466191e-01 1.7124951357e-01 -1.6962993323e-01 1.1819020621e-01 6.8455660187e-02 1.9269237618e-01 2.1352822777e-01 2.0257474448e-01 1.6531389283e-01
4.6144172293e-02 1.7085946007e-01 4.8469289804e-02 -4.3625084923e-01 2.7207837106e-02 -1.7957073374e-01 -1.2102640196e-01 2.1827485527e-01 6.8857251832e-02 2.0824450058e-01 -1.8335793297e-01 1.5593214172e-01 -9.3132226558e-02 5.5063581508e-02 -1.7942401639e-02 1.0496629945e-01 -3.3140677945e-02 -1.4696814440e-01 2.3515485739e-01 9.8799028995e-02 5.0773680852e-02 -7.1381745305e-02 9.1848049787e-02 -2.9836716922e-01 4.7862287306e-02 -1.9880821088e-02 6.9569051784e-03 -2.9081224699e-02 -5.3135505774e-02 6.4828816761e-02 3.2578244701e-01 1.4516567736e-01
1.3942981534e-02 2.7253310500e-03 -2.1936535079e-01 -1.0461377432e-01 -2.0686663646e-01 8.8498869802e-02 -3.5130055530e-01 -1.1823749790e-01 2.0942602150e-01 3.6395852211e-02 -8.5790401451e-02 2.5769926984e-01 1.8585878878e-01 1.8230859759e-01 -2.7237361706e-01 -2.1629493273e-01 2.6282488156e-01 -1.8684229434e-01 -7.2636607625e-02 7.6173996190e-02 1.9773376143e-01 4.2303883715e-02 -3.2923618990e-01 1.8974930873e-01 3.7306936702e-01 -3.1010671103e-02 -2.0985817901e-01 -3.6286514493e-02 -5.8392476144e-02 -4.9397936516e-01 2.1446048656e-01 -7.0113010951e-03
-9.3898640911e-02 -5.8021508047e-02 2.2123615172e-01 1.1840896088e-02 6.0030095259e-02 3.8003246805e-01 -2.9061609953e-01 6.9505501142e-02 -7.4662218564e-03 3.5532464920e-01 -2.8612564785e-01 -1.3796409109e-01 -1.4322547257e-01 1.0396597559e-01 -3.1611301752e-02 1.8525640800e-02 -8.5666876429e-02 2.3082660129e-02 1.5100581464e-01 -3.0422854008e-01 -1.8193231577e-01 2.7356464459e-01 -2.3174298084e-01 3.2483172358e-02 6.7274319862e-02 1.6996157707e-01 7.4092149711e-02 6.9234213629e-02 1.8629856194e-01 -2.1747842387e-02 5.2310602459e-02 1.1606810779e-01
2.1919129339e-01 1.6651779302e-01 2.7240973836e-01 -6.3392945705e-02 1.8551065559e-01 -8.3241798230e-02 -2.4785345490e-02 1.6662621101e-01 1.4735192912e-01 -3.4994892196e-02 -1.4739117605e-02 1.3415032998e-01 -2.3239921758e-05 -1.7886935684e-01 -1.1381118379e-01 -3.7219895500e-01 2.6894626504e-02 2.9024669589e-01 -1.2033826394e-01 -8.9907117632e-02 1.4640341881e-01 1.8581722629e-01 -1.1436715144e-02 1.3150500627e-01 2.8454167365e-01 -1.3106912697e-01 1.9020063476e-01 -4.4554693282e-02 2.0130565673e-01 2.6800349508e-01 4.7571173850e-02 -1.5450230929e-01
1.0227063115e-01 4.8648730456e-02 -4.8090784300e-02 3.1203746100e-01 -2.6217879813e-01 -5.1483572873e-02 -1.8666381034e-01 5.6439255300e-02 -2.0544180266e-01 2.3827648683e-03 -1.7795313168e-01 1.2516536055e-01 -4.8666884496e-02 -8.2653051952e-02 1.3259916114e-02 -1.7524452812e-01 4.8559756011e-03 7.5602953227e-02 1.8705385609e-01 1.4427355699e-01 1.5045468870e-02 7.0935108978e-02 -3.7175193821e-02 1.7746890184e-01 -2.2090793213e-02 1.8800570480e-01 5.4976850781e-03 3.0394262935e-01 5.4871642024e-02 -1.8370987218e-01 1.7490933475e-01 1.1115464763e-01
-2.6533128725e-01 3.3920646781e-01 -8.3632300355e-02 3.0692835453e-01 -8.5889994249e-02 2.1357556158e-01 5.3248529178e-03 -1.0091665383e-01 -5.8866811749e-02 -3.4841934085e-01 1.6862778294e-01 1.3451480550e-01 -2.5655217299e-01 1.5783635912e-01 8.1351132700e-02 1.8390139032e-01 1.8973568883e-01 1.7113356114e-01 -8.4690369053e-02 1.0633772041e-01 -7.2252233992e-02 3.5485908056e-01 -3.1895987198e-01 3.6598158123e-02 -1.0959235734e-01 -2.1481369524e-01 -2.8631915935e-01 1.9094108250e-01 9.3824107694e-02 3.5709453785e-01 -8.7309932669e-02 -1.0828835151e-01
1.4706667101e-01 1.5421588619e-01 -7.7344901494e-02 4.2398152416e-01 -3.2865931184e-01 2.3924582101e-01 -4.0244919372e-02 2.0072822800e-01 -9.1662592092e-02 8.6892938817e-02 2.5187173343e-01 -3.6457678110e-01 7.8016649387e-02 1.0093700082e-01 -5.0649556922e-02 -9.1401246803e-02 6.8769151250e-02 -3.6201352539e-02 1.1415473158e-01 -3.0750797760e-01 -9.9304445214e-02 1.3775960108e-01 1.5229336988e-02 -1.2361161461e-01 2.1142583592e-01 1.9834749187e-01 -3.5016888560e-01 -1.1972502768e-01 -6.7029463759e-02 -4.2529110672e-02 -1.9292767601e-02 1.6417947057e-01
5.8378019501e-02 1.0731389684e-01 1.8399478042e-01 -1.6829244164e-01 1.2473889666e-01 5.8026103015e-02 -1.5419514548e-01 3.0429981882e-01 9.7649485738e-02 -1.5793544487e-02 1.5411127757e-02 -1.0935231123e-01 9.7902032599e-02 1.5260023066e-01 4.0799835586e-02 -1.3085433008e-01 3.4354655117e-01 -3.8766244817e-02 4.7816257491e-01 -2.5059890553e-01 3.9718158896e-02 5.2624527599e-02 2.0702840786e-01 -1.7044316288e-01 -3.2349313322e-01 -3.9225159325e-01 2.5188140729e-01 -1.4352237256e-01 6.5495810563e-02 -2.0682429097e-01 2.3197725446e-01 6.4928870960e-02
1.9229418014e-01 1.6193434710e-01 7.2218734475e-02 -4.3074157822e-02 4.5065405390e-02 -1.6712332290e-01 -5.3195247054e-02 -2.8532470872e-01 1.1978066428e-01 -7.0286807824e-02 1.6388061106e-01 2.0385405804e-01 1.8920350718e-01 2.0292135292e-01 -1.0719657406e-01 4.5100134758e-02 1.4307855344e-01 -3.2074205625e-01 1.5981762067e-03 -4.8005207237e-02 1.9217685099e-01 -1.7487030782e-01 1.6749788817e-01 -9.5481329238e-02 1.8619644851e-01 1.1291744894e-01 -9.8497453662e-02 -1.6625218659e-01 -8.9034355346e-02 -3.0256668768e-01 2.7203260092e-01 -2.7426513883e-02
8.5812727890e-02 3.5279525769e-02 2.1915310753e-02 -1.5916687502e-01 2.4259728064e-01 6.3206078409e-02 1.9934891376e-01 1.2342624539e-01 5.8156288729e-02 -1.4025135362e-01 4.4054416573e-01 -1.4628687733e-01 -2.0337991547e-01 7.2217925950e-02 -1.8210023344e-01 -2.2233593937e-01 -1.3346106293e-01 -3.2169138548e-03 8.5506855668e-03 -2.7223144018e-01 -6.0102221969e-01 3.7900470800e-01 -1.0901814686e-01 1.6437422089e-01 -1.0614784907e-01 -2.4305806579e-01 -4.3432436085e-02 1.3747840766e-01 1.2236190572e-01 7.3562567403e-02 5.0797383185e-02 -7.9188435018e-03
3.7046334924e-02 1.4357865011e-02 1.6745592846e-02 2.0079434983e-01 5.5677650723e-03 6.4339461621e-02 -2.0318404041e-01 -2.1730988480e-02 1.1539593928e-01 1.7850953533e-01 -1.1850165367e-02 -1.2502679083e-03 -1.4483727561e-01 3.2375554674e-01 2.3125520310e-01 -2.0043742430e-01 5.3208856475e-01 -5.8781458387e-02 -2.3697444493e-01 -7.1108594652e-03 -2.5718085527e-02 -1.1803266083e-01 8.1109969702e-02 8.5808501312e-02 2.7311927039e-01 1.9034731713e-01 1.2176857679e-01 2.5775805004e-01 -9.3775671507e-02 7.6550748562e-02 -4.0342830094e-02 -3.6863321898e-01
1.2258611703e-01 2.5931066523e-01 -8.7053260082e-02 -4.3585741648e-02 2.1938964210e-01 2.1396269367e-01 -1.7616866263e-01 -1.3201590805e-01 -5.9485361431e-02 2.8767295263e-01 -1.5510998863e-01 -8.6698605059e-03 -4.8170786798e-02 -2.3462501837e-01 3.0750557906e-02 -6.9922685662e-02 -5.9289253229e-02 1.2791030445e-01 -9.2107457393e-02 9.4339821615e-02 -1.1373953187e-01 -4.3993815661e-02 -4.8090712000e-02 2.1730657384e-02 2.0716789930e-01 1.5795090557e-01 -1.0484732273e-01 -1.2543898146e-02 -4.9716002010e-02 -1.4378450082e-01 -8.7433992072e-02 2.5314749448e-01
-3.1480800192e-02 -2.1634953857e-01 2.2166130647e-01 5.7336425143e-02 -1.1781332688e-01 5.9146485108e-02 -2.6113963091e-02 2.2524089054e-02 -8.1989517906e-02 -1.2733426739e-01 2.4472715797e-01 -3.7202669070e-02 -7.3416890625e-02 1.2328214071e-02 8.3689936405e-02 1.3380803451e-01 8.2550053581e-02 -9.2340824097e-02 1.8338143554e-01 1.2549050438e-01 -3.6450410366e-02 3.2030086052e-02 -7.6393748153e-02 -2.8711778467e-01 7.0739016716e-02 2.6809470332e-02 1.7857829029e-01 -1.2859717337e-01 1.1800155692e-01 -4.3304670954e-01 -1.0491723373e-01 -8.1976628815e-02
-2.1571742128e-01 5.6949853627e-02 -6.3303496940e-02 2.2741275385e-03 -2.7070497579e-01 3.9015875578e-02 -8.3736442406e-02 1.2876815928e-01 1.5940239109e-01 8.2736308091e-02 2.9301685163e-02 1.1580963904e-01 -1.6381906745e-01 -9.0326730677e-02 -1.6639745343e-01 -5.9245682318e-02 -1.2677108434e-01 -1.4334996242e-01 -3.0597875235e-02 6.2667581458e-02 -1.7152585293e-01 -1.2160501277e-02 4.7276906184e-02 2.5913638927e-01 -2.2239989815e-02 -2.0448506058e-01 2.5249638692e-02 3.0933432140e-01 -6.1430456679e-03 -6.6865967745e-02 3.3772283850e-01 -2.4658389211e-02
-2.4212250877e-01 -2.2237480117e-01 5.7842109743e-02 3.9829226125e-02 3.7212042493e-01 1.3449755882e-01 2.0074106595e-01 5.0645311380e-02 6.6091446823e-02 -2.8684905295e-04 -3.9199355267e-01 8.4382628036e-02 3.1841421076e-01 -1.2356715798e-01 1.2894644490e-01 -8.6851276576e-03 -2.7116520863e-01 -3.0430592672e-01 7.5662554371e-02 -1.3304266005e-01 3.8183358283e-01 -2.3561951829e-01 -1.1973733054e-01 3.2531404818e-01 1.7395731267e-01 -1.1966503811e-02 1.2665587112e-01 8.0695495355e-02 1.7524815237e-01 1.5856887915e-02 -8.3977673099e-02 -2.8423308011e-01
4.5005620772e-02 -9.2701659676e-02 1.9237393405e-01 6.9967407399e-02 1.1178210307e-01 4.1420703686e-01 2.6978293912e-01 -1.5463370548e-01 -1.0249422777e-01 -5.6195141817e-02 -9.9242168503e-02 -3.4319944552e-02 -1.5515927924e-01 3.6770301281e-02 -2.6968238450e-02 2.8213421491e-01 1.1234598010e-01 -1.4438509638e-01 -1.1770613878e-01 8.5573398369e-02 -1.0312154089e-03 -7.4627182242e-03 -3.9141157960e-02 -1.5873760710e-01 1.9283440034e-02 -1.9433594385e-01 -5.3760930353e-03 1.1638141553e-01 1.1206476225e-01 1.9527544467e-01 1.8292063813e-01 8.0436279199e-02
-1.0852035519e-01 1.2338333478e-01 2.1191203881e-01 1.6839169428e-01 -2.4804651234e-01 1.4783242293e-01 1.0516260706e-01 7.1784822277e-02 3.8460304810e-01 1.8689107707e-01 2.8733863327e-01 -9.7330825815e-02 -1.3429614382e-02 2.4559528791e-01 5.6236231553e-02 -3.3141849441e-03 7.1440138689e-03 -8.8309483600e-02 3.9549015571e-01 -9.4635220433e-02 2.0879511584e-02 1.4151007841e-01 1.4066605343e-01 -6.4103913695e-02 -1.0706563759e-01 5.9982521223e-02 2.7159817589e-01 1.2721725746e-01 2.8033187054e-01 -5.5208211153e-02 2.1961098130e-01 -1.2394187544e-01
-7.9745264315e-02 1.1896064397e-01 1.9479071633e-01 -1.2056636020e-02 -2.2088443420e-01 -4.2145541278e-01 2.4965617950e-01 6.5757741198e-02 -8.6318173442e-02 -1.5606411005e-01 -2.6956799422e-01 -5.5016045976e-03 -1.3691071758e-01 1.2000189784e-01 1.3920454968e-01 1.2981448726e-01 6.4811205977e-02 -4.5874661194e-02 -6.4913954393e-02 -8.0628131859e-02 2.3049606185e-01 3.0030926806e-01 -1.8561325258e-01 1.2522710401e-01 -1.0208793265e-01 3.0986222656e-01 9.5767341565e-02 2.0440825256e-01 -2.9006687453e-01 1.5823655461e-02 4.2367011675e-01 -2.4496493722e-02
-3.2551144237e-01 -1.4744933432e-01 -2.3417172199e-01 -9.5859779206e-03 -1.9047034110e-01 1.7253194390e-02 4.3321364399e-01 2.3196367340e-01 1.1022514596e-02 8.6024719536e-02 -2.7265372011e-02 9.7051129505e-02 1.2238478077e-01 1.1306010461e-01 1.3539184094e-01 -2.5068855109e-01 -3.1697464735e-01 1.3272763016e-01 2.4456891327e-01 1.7884392150e-01 2.6845096783e-01 -1.9341288538e-02 6.0142216643e-02 4.9693666727e-02 -4.8511254825e-02 1.0862788594e-01 -4.8344604715e-02 1.5005201763e-01 -6.6327219790e-03 -2.0099710319e-01 4.8828922988e-02 -5.9268574557e-02
1.2738783170e-01 -2.5856016798e-03 -4.4779529102e-02 -8.9101724447e-02 7.2241381307e-02 6.1589692751e-02 -1.7160794311e-01 -9.8956340609e-02 -1.9301236162e-01 2.4193407223e-01 1.3148702951e-02 -5.0470186310e-02 -5.4130767737e-02 7.1011801893e-02 -9.2813130214e-03 8.3563418542e-02 -1.2332284889e-01 -2.9119992262e-02 1.1568640262e-01 1.2495102322e-01 -6.5334633652e-02 -1.4981710304e-01 1.5094870955e-01 4.7816730057e-02 -6.2977162173e-02 -6.9288196333e-03 -8.9905133091e-02 -2.2418169620e-01 1.7707564943e-02 2.6670808890e-01 -7.4422686619e-03 -1.9299535919e-01
-9.6087783014e-02 -2.2997626654e-01 -1.1281281131e-01 -5.2674000179e-02 2.3072384684e-01 3.9364353188e-02 1.2932159125e-02 4.3945954285e-01 1.8745932867e-03 -2.2320955043e-01 -1.1409318813e-02 -4.4360708045e-02 5.4855223180e-02 1.9481774213e-01 5.5178670934e-02 1.1968297413e-01 -1.7055242597e-01 4.0084040560e-02 1.2602952512e-01 3.3749906225e-02 -5.5142596077e-02 -4.1813044530e-02 -3.5279112922e-01 9.1603074178e-02 -1.6299528824e-01 2.4062854184e-02 1.3829075317e-01 1.3731280832e-02 -2.1707663920e-02 -4.6443067348e-02 -8.2032947490e-04 2.9608855676e-01
9.4146483197e-02 2.3095872072e-01 -3.1876863681e-01 -1.8105621707e-01 3.1529418501e-02 3.3743653704e-01 1.5572803287e-01 -6.4308601738e-02 1.9281669358e-01 1.2885049013e-02 7.4065384821e-02 -1.7717674816e-02 9.3301739476e-02 1.7252152207e-01 -3.1897232779e-01 -1.5347089186e-01 1.2809090941e-01 3.7627143887e-02 -1.1554050736e-01 -1.5048255630e-01 1.5834617178e-02 -5.2107531162e-04 3.3493765495e-02 1.2305687606e-01 7.4792153854e-02 -4.0486497888e-01 5.6068517338e-02 8.7092800829e-02 9.5739484439e-02 -2.2892417592e-01 1.6191515391e-01 -1.7445148996e-01
-2.6135994696e-01 -1.2683985508e-02 1.3952478460e-01 2.5856886917e-02 2.4550600118e-02 1.0213862445e-01 9.2923039699e-02 4.1009065670e-02 3.9731130352e-03 1.8320443324e-01 -5.6833485493e-02 -1.0488169979e-01 1.1728136561e-02 -8.7307249675e-02 2.0107225550e-01 3.9720512704e-02 -6.3373842145e-02 2.4087283922e-01 -8.1351597117e-02 1.2428496986e-01 3.5360708141e-01 -4.4714780812e-02 9.5735356383e-03 -2.1554217730e-01 -5.4411793448e-02 2.1038546003e-01 -8.8515692390e-03 2.1972761444e-01 1.7019468792e-01 1.3358460489e-01 -2.6129410107e-01 6.1365195617e-02
-5.3049879778e-02 1.3873146356e-03 -3.1213379427e-02 -5.5433707697e-02 -9.2687367210e-02 1.6355856907e-01 -3.2218218850e-02 1.5582382106e-01 6.0262692998e-03 5.7750331854e-02 -1.7885050455e-01 -2.0493006496e-01 1.5750174311e-01 8.0809853508e-02 -1.8594483792e-01 -1.7959307803e-01 6.5698815404e-02 6.6749372143e-02 -1.8303669770e-02 1.8207610552e-01 2.3881496393e-01 -2.2888363129e-01 4.3945353039e-02 2.6070557997e-02 1.8323367686e-01 3.1000706495e-01 2.6614429325e-02 3.1247223622e-02 -5.6127457823e-02 1.6999742396e-01 4.3216941185e-02 -1.6175727779e-01
1.2895466887e-01 1.0302598402e-01 -3.8533178264e-03 1.5929281074e-01 -1.2507934111e-01 -1.5978482266e-02 7.2546967315e-02 -2.1126979013e-01 1.4539999357e-01 -1.2691957984e-01 -2.6178580031e-02 1.0843523617e-01 2.7704600313e-01 8.6775687066e-02 1.8647147107e-02 -1.2964611190e-01 -1.5597239121e-01 1.3265356569e-01 -2.8502487337e-01 -4.1369263556e-02 -9.7159544615e-02 -6.8670147110e-02 1.8962894336e-03 1.2948942980e-01 -2.4609829007e-01 -1.5992957212e-01 3.2117522451e-01 1.0221317395e-01 -1.9091699385e-01 4.3514940008e-02 1.2826510409e-01 6.1702512312e-02
2.2641103294e-01 2.1069483507e-01 1.3970096054e-01 3.0047291185e-03 -1.0495086766e-01 2.3890799001e-01 2.9918384607e-01 -1.2964467135e-01 -1.4927946568e-01 -8.9572922819e-02 -4.0504661513e-02 5.1552271611e-02 -4.7339641155e-02 2.8677381914e-01 1.1836492986e-01 9.7642172669e-03 -1.6842724689e-01 3.3735376735e-02 1.1563547323e-01 -2.7015836473e-02 -2.2350384353e-02 5.1715282760e-03 -1.9674224992e-01 -2.9561356208e-01 -1.4145074283e-03 -2.0158628054e-01 -7.0912278781e-02 3.8951739611e-01 -1.4906160625e-01 -1.6207906707e-01 9.7975820914e-02 -4.9902249687e-01
-5.7081148701e-02 1.2057647732e-01 9.8419232167e-02 -9.8131946987e-02 -1.3570788845e-01 1.4021226247e-01 7.4352008868e-02 1.0067453488e-01 -7.1341214638e-02 1.3670214502e-01 4.6167279188e-03 -1.2539287599e-01 -1.3676077376e-01 2.7790608289e-01 4.5037002236e-02 9.4175110454e-03 2.9699937991e-01 3.2493842323e-01 1.5386805952e-01 4.2877571115e-02 5.7667895541e-02 1.3746075837e-01 -1.0711296211e-01 -1.3553218735e-01 1.5469544724e-01 -1.2159454804e-01 -3.6691320961e-01 2.4145334774e-01 1.7453019029e-01 -5.3801914938e-02 -6.5863469394e-02 -8.0002531124e-03
4.4687797436e-02 1.4850588248e-01 -1.4273821919e-01 -1.8644562669e-01 -2.6932288128e-02 -2.9908818188e-01 1.8967777315e-01 3.6646685558e-02 4.8728075009e-02 -5.4352252844e-02 9.9471374104e-02 -2.9055786070e-02 1.2488716680e-01 -1.9847103701e-01 -8.7840993855e-03 -1.0448679113e-01 -1.6172524625e-01 -3.6211985071e-02 3.2335889434e-02 3.2699896054e-01 -2.7955982724e-02 -1.8918627492e-01 1.5480073410e-01 5.1584712511e-02 3.3775771253e-01 -1.3514974995e-01 2.0423613218e-01 1.8578627390e-01 2.8119548185e-01 1.7258458467e-02 -2.9250665993e-01 -2.9422660853e-01
2.6204708544e-01 2.3624711036e-01 -5.3029134512e-02 -9.6899561002e-02 1.3430416471e-01 2.2669077075e-01 -3.2277228051e-02 9.8305755203e-02 2.1823662235e-01 5.6434715673e-02 3.1911612597e-01 -1.9681918989e-02 6.2917498247e-01 7.2843129982e-02 -1.1743825645e-01 1.4450268133e-02 -2.2987627466e-01 -5.7887716812e-02 1.4961951223e-01 -3.1073357480e-01 2.5488364998e-01 2.1390858213e-01 4.7666099276e-02 -1.4500271846e-01 -1.3459455567e-01 5.6250555354e-02 5.9682460557e-03 1.6552858611e-01 1.8059956242e-01 8.8519260170e-03 -1.1690086761e-01 -3.0987701699e-01
-5.9324796250e-03 -4.1474357359e-01 7.2790234181e-02 2.8734991607e-01 1.1862903284e-01 -1.5818088934e-01 1.7157559301e-01 2.1934948467e-02 -3.5660052701e-02 -6.6169174625e-02 -4.1852737601e-02 5.2206256308e-02 9.7998478153e-02 -1.6408321807e-01 -1.6079290252e-01 -2.7228434131e-01 7.1057845755e-02 2.2509624625e-01 1.7887154972e-01 2.5934091436e-01 2.5848331894e-01 2.5332964491e-02 8.3534322059e-02 -1.1709996321e-01 3.4872657411e-02 8.6418117453e-02 -8.2559588014e-02 -2.3992942200e-01 -7.3706871272e-02 4.7843311490e-02 1.4694549299e-01 4.6087129688e-02
