-2.1940072300e+00
-2.1678314662e-01
-9.9281448198e-01
1.3843583775e+00
7.6854014089e-01
-3.0569130520e-01
2.3728539017e+00
3.2323148580e-01
1.7249930756e+00
-2.1685297609e-01
-8.4394042773e-01
-8.8690456168e-02
-1.8728450477e+00
-7.5454935595e-01
1.1998545309e+00
-7.8849800009e-01
9.7033121468e-01
-7.1082368609e-01
1.4664067377e-01
-2.1247419311e+00
-1.7895352698e-01
-1.5140083546e+00
1.3808113712e+00
3.8803085740e-01
8.9562534136e-02
-7.5888180762e-01
5.5448316277e-01
8.7452748658e-01
1.7236097819e-01
-5.0269410521e-01
1.2964421596e-01
3.8047227486e-02
