-2.7384134107e-01
1.0623899644e+00
-1.7156722613e+00
8.3620272106e-01
-1.1564139026e-01
-1.0635116612e+00
5.4304913254e-01
-2.2632005366e+00
1.5837253174e-01
5.5107141196e-02
-5.6014860624e-01
-2.4926999910e+00
-4.6814535375e-01
-2.4215399784e-01
2.4675530637e+00
-3.1479914944e-03
2.2135826941e-01
-2.5434703090e-01
-7.5734394126e-01
6.2438673579e-01
-1.1580809956e+00
-5.2620055765e-01
4.5323595690e-01
3.8719809038e-01
-1.0707296339e+00
-2.2563091376e-01
-1.3638247765e+00
-9.1188997214e-01
1.5351680311e-01
6.8799876354e-01
1.2056126494e+00
-4.9770754506e-01
