9.6156505265e-02
5.9037128189e-02
-6.1690896321e-01
8.9822656465e-01
5.1187949007e-01
1.0000917096e+00
2.3636111167e-01
2.9283594037e-01
7.6197250731e-02
1.1396950426e+00
-2.3196557871e-01
4.2955412379e-01
5.4931878777e-01
-3.7507668673e-02
-5.4787959962e-01
-7.7302476877e-01
8.4035340275e-01
2.6844515960e-02
5.3004179968e-01
1.3948559107e+00
-2.4000330506e+00
1.9686646966e-01
4.1804489416e-01
2.0264049991e-01
6.7915960183e-01
8.8125523691e-02
-3.1964572486e-01
-3.5007241275e-03
-9.7935929730e-01
-1.8492500704e+00
-8.6899054859e-02
-1.5437534725e+00
