6.5670000669e-02
4.6236751664e-01
2.7743935278e-01
-1.9854699601e+00
-1.4356735969e+00
-3.2748807241e-02
-8.9942667745e-01
9.2288243373e-01
-1.0362943891e+00
4.8295114520e-01
1.7660828849e+00
-1.4572710068e+00
6.1261551314e-02
2.0393043578e+00
2.1237652384e-01
6.5441322857e-01
-8.0350745638e-01
-2.6724489068e+00
5.4214314106e-01
-5.6295764649e-01
-1.0177337231e+00
2.0114286330e-01
-1.2324529007e+00
5.6355740624e-01
9.2739883301e-02
7.4189940528e-01
-1.3897540917e+00
4.9628991192e-01
-4.8854928516e-03
7.5779602528e-01
6.3945336277e-01
-2.0586852874e-01
