-1.3912451543e-01 3.0000919493e-02 9.6145825926e-02 -1.4484410680e-03 -5.0286869584e-02 3.2008126294e-02 1.6558298193e-01 3.5913500972e-01 1.0518153923e-01 -1.7658109723e-01 -2.3851621336e-01 -4.9578398736e-02 6.3983178140e-03 2.2249412869e-01 -1.6263096838e-01 -9.4571824658e-03 2.0684361280e-01 1.1274258749e-02 1.5376377495e-01 -1.4221803120e-01 -5.1151579191e-01 -2.4060242222e-01 -1.6550150546e-01 4.5323551456e-01
-5.0380098453e-02 -4.8055590819e-02 -2.5390149393e-01 -2.2261735865e-02 -8.1482997361e-02 3.2979189600e-01 -2.1050857942e-01 -2.8695468609e-02 6.8782491857e-02 3.0769005478e-02 -2.8800303018e-01 -3.1465149106e-01 -9.5047982325e-02 -2.6935658912e-01 1.7678718147e-01 -2.0980978438e-01 1.4150076142e-02 -1.7307751961e-01 -3.7244308653e-01 2.0236980198e-01 4.5367845706e-01 -9.7495565344e-02 -9.9177709078e-03 -9.8901632376e-02
-1.0755841265e-01 9.1432037167e-02 4.0928590644e-01 -2.8701263170e-01 5.0559436665e-01 1.4053657081e-01 -3.3379930808e-01 3.0660649924e-03 -1.3632490894e-03 -2.7071946283e-01 -1.5004539656e-01 -8.6920281274e-03 2.0874804621e-01 1.7675149038e-01 6.8694353743e-02 2.7729869531e-02 2.3525873599e-01 -2.4808128446e-02 2.5271003559e-01 4.7567672359e-02 2.1673247291e-01 -4.3352510141e-02 3.7627893666e-01 2.0897561521e-01
-2.6411827630e-01 1.4768365953e-01 1.4179879721e-02 -5.0829864836e-02 7.4779313239e-02 -4.7815937399e-04 1.6984872835e-02 -5.7096176219e-02 4.8372170075e-01 -4.0880352136e-01 -2.4193019369e-01 1.4481542061e-01 5.8597154516e-02 1.7226439542e-01 2.3558553937e-02 -1.0127672235e-03 1.4752584544e-01 3.7753585951e-01 -4.0124900791e-01 -1.6024927482e-01 8.1912743790e-02 2.3010637882e-01 2.4696407486e-01 1.1885724009e-02
6.3058017435e-02 9.3036400606e-02 -2.3415682892e-01 3.0286526193e-01 -2.5809238918e-01 5.4860388767e-02 2.7696543211e-01 -3.0541934236e-01 -1.0451536282e-01 3.6335045621e-02 -5.1303196327e-02 -2.6589116870e-03 -2.4529214972e-01 2.9079594442e-01 -3.5619165037e-01 2.0387439489e-01 1.3201882351e-01 -1.8559893229e-01 1.0083954640e-01 -4.2036902724e-02 2.4884511385e-02 1.4730948676e-01 -1.0167609219e-01 -3.5219602258e-01
-7.9693246081e-02 -1.2211373382e-01 -2.5876325266e-01 -8.6776856411e-02 2.6589877194e-01 4.0244356346e-01 1.9154142929e-01 -2.1878859410e-01 -1.7073438675e-01 -3.9080085142e-01 -2.3158117712e-01 -4.1137035725e-01 -1.1214539236e-01 -4.7787104499e-01 -1.7354107139e-01 -1.9660605577e-02 2.2312959259e-02 7.9732349081e-02 -1.4399125225e-01 5.0909027507e-02 -1.2020026296e-01 -1.8522360157e-01 -2.9562918624e-03 1.4108779126e-01
-2.8636215325e-02 -2.7837427624e-01 -3.1290026766e-02 -6.0740811006e-02 -8.9940259909e-02 -1.1852890201e-01 2.3024204638e-01 -2.0851942751e-01 -2.4126647510e-01 -8.7192781992e-02 2.3576385671e-02 1.3087383781e-02 -6.2786739248e-02 1.1190620290e-01 8.2119694504e-03 7.6056818502e-02 -1.3926029477e-01 -1.9734728331e-01 2.7280863172e-01 3.0734949982e-01 4.5442524953e-01 8.3759906913e-02 1.5742929750e-01 -3.3003700360e-01
-1.9201453123e-01 -4.3683145508e-02 -8.4720708457e-02 -7.6059617875e-02 1.1508969270e-01 2.2356293693e-01 4.7775967445e-01 3.3007822712e-02 2.7696361326e-02 6.0318143700e-02 -1.8572585038e-01 -2.4182917387e-01 -1.5914554789e-01 -2.1256398770e-01 4.7510098260e-01 2.0263355630e-01 3.9882147472e-02 1.6043115413e-01 -1.8970693919e-01 -1.7232694647e-01 -1.0816744175e-01 1.1286486471e-02 -2.4591400353e-01 1.3636918329e-01
4.0851610217e-01 8.0870058335e-02 -7.7533123814e-02 1.8547035827e-01 6.6778956219e-02 -6.2331918918e-02 5.2523607784e-01 -3.2541272153e-01 -1.2680645198e-01 -1.7837155408e-01 -1.3870466594e-01 -5.1434249105e-02 2.2740219710e-01 3.6209356792e-01 5.0347763888e-03 2.8565529972e-01 -8.2847665568e-04 -9.7551246802e-02 2.3290664784e-01 -4.6483421133e-02 1.0471651017e-01 -2.3724544319e-01 -7.8370738389e-02 -8.1219983246e-02
2.3923357845e-02 -2.4961893023e-01 -2.2287118261e-01 -2.9241464707e-01 2.5803505138e-01 2.9314307654e-01 -2.5930891483e-01 3.1499839470e-01 2.7812004620e-01 -7.1436916250e-02 2.1427546799e-01 -1.6413424260e-02 5.6218297320e-03 -9.3096580745e-02 2.0751332794e-01 -3.0929923674e-02 3.2126010409e-02 2.3192098752e-01 -4.0900626945e-01 -1.2032170036e-01 1.4716360774e-01 2.6622996578e-02 -1.8949076409e-01 3.0783093873e-01
-7.1443488780e-02 7.4828121492e-02 9.0823356360e-02 9.0155897513e-02 2.5402234763e-04 9.0285207844e-02 1.3088774506e-01 2.5840218949e-01 2.1560006977e-01 -3.0105075094e-01 3.3805658733e-02 -1.5934572165e-01 2.6808630930e-01 8.4571349626e-02 2.2383398974e-01 3.9448803067e-01 3.1642395593e-01 -8.8083028995e-02 2.6988928961e-02 4.8233808901e-02 -4.6747586615e-02 5.1605167388e-02 6.7805141479e-02 -7.9772068360e-02
6.8484670633e-02 7.0876360725e-02 -9.2238222851e-02 -1.7895850573e-01 -4.0417459794e-01 2.2539674763e-02 -1.0144966523e-01 -3.1402831608e-01 -1.9163459275e-01 4.4944579348e-01 -1.1954691272e-01 -5.0508285605e-01 -1.6545398961e-01 2.0200162173e-01 4.5063636667e-01 -1.1684904120e-01 -2.9689760267e-01 -1.1689793392e-01 1.8885469488e-01 -1.8972960667e-01 4.3535796713e-01 1.6676378549e-01 -1.3641474936e-01 -3.8757820513e-02
1.7573642426e-01 6.2609168131e-02 -3.4828972142e-01 -3.0818667829e-01 6.6883278253e-02 -2.1761571421e-01 5.3979020120e-02 -5.5948774409e-02 1.2239931201e-01 1.8437033864e-01 -3.4859284014e-01 -7.2153966555e-02 1.7993263086e-01 -1.3550673311e-01 -1.0083285472e-01 1.4695698206e-01 -1.2263935294e-01 -3.4430551098e-01 -1.6461872027e-01 -2.5362066386e-01 1.5443817267e-02 5.3520231467e-02 -2.9927226366e-01 -1.2140005782e-01
1.8552290360e-01 2.7519789566e-01 -2.5432460489e-01 -1.0595408002e-01 1.1106843165e-01 1.1716481486e-01 3.1884061578e-01 -1.2686734409e-01 8.9064783901e-02 -7.0054098690e-02 -1.9759885704e-01 -1.4280381394e-01 -1.2045296023e-01 -2.0550468601e-01 3.7950198792e-02 -1.0066255708e-01 1.3378906988e-01 -1.4015671176e-01 -1.7303392004e-02 1.5431084495e-02 -1.4688808752e-01 3.2107439632e-01 2.5461829051e-01 4.3948511867e-01
7.8429744027e-02 2.5193619698e-01 3.6672669809e-02 4.7246110048e-02 -9.6469000767e-02 -3.5524743702e-01 9.9142551855e-03 -1.0215172862e-01 2.8257777184e-01 1.4155069345e-01 -1.0352467508e-02 1.8627783634e-03 -1.8387765689e-01 3.0515061526e-01 -1.5316133622e-01 -2.0464981442e-01 -1.7723602191e-01 1.6109652969e-01 1.4488177550e-02 -5.9516637046e-04 6.6906204412e-02 1.1554404632e-02 2.9963769695e-01 2.0282126396e-01
-3.6431491052e-03 -2.4020808768e-01 -8.3137171353e-02 -3.5014392305e-02 -7.0020503530e-02 -1.4278861668e-01 1.8611988774e-01 3.9370951748e-01 1.2060392537e-01 2.4362051873e-01 5.6157997969e-01 -1.7541533352e-01 -1.6474768396e-01 -2.2453301676e-01 5.5966983421e-03 -2.8860317307e-03 -5.3799013163e-02 9.1810255262e-02 -1.5754188814e-01 2.1085662827e-01 -8.0066608593e-03 5.7840552745e-02 -2.3129596452e-02 -1.8032497797e-01
-2.0759035128e-01 -2.9511806104e-01 2.1313177262e-01 3.7896319265e-01 -7.5712950450e-03 -7.1837433874e-02 -2.3085147439e-03 -1.9077421886e-01 -1.0328795974e-01 -2.6675853879e-01 3.7568776250e-02 -1.4269862431e-01 7.1751666629e-02 2.9943801294e-01 -1.9903566523e-01 1.1902097944e-01 1.5395823809e-01 3.8600096877e-03 -3.2857479983e-03 -3.3068779802e-01 1.1192801263e-01 2.4240612233e-01 2.8868968387e-02 -5.1191729342e-02
-6.3011455750e-02 2.8108994854e-01 -8.5823093985e-02 -5.5298447001e-02 2.2210940502e-01 -7.4340279336e-02 2.7845402705e-01 -3.0885022365e-01 4.6923243966e-01 -5.9807492630e-02 -2.0568844940e-01 5.2401847018e-01 -1.3569014531e-01 1.6794809910e-01 1.8834189557e-01 -3.5528116663e-01 2.1633779851e-02 -3.3668542245e-01 9.7414672047e-02 8.5616959657e-02 -2.0834022473e-01 1.5892533932e-01 -1.4350033366e-01 2.1204495493e-01
2.0397907273e-01 -9.6379887937e-02 1.8353291944e-01 1.9160158464e-01 -2.2657426056e-01 -3.9111091328e-01 6.2298249929e-02 1.3648013530e-01 -2.2917638182e-01 2.1270803040e-01 -1.0171898918e-01 1.7859092860e-01 -1.5138721935e-01 -1.7299279990e-02 -1.4758571622e-01 -1.3808244099e-01 1.2981521100e-01 6.8889024975e-02 1.5560166931e-01 -3.2042153901e-01 -1.4293151753e-01 6.1093219890e-02 1.2753710282e-02 -7.1235796891e-02
-1.5742678361e-01 2.2841740538e-01 -6.3396690220e-02 -2.9425068916e-01 3.3228220010e-01 -2.9950215602e-02 8.0705807235e-02 2.5930163908e-02 -3.8609336535e-03 1.8762856130e-02 1.6492140488e-01 -1.6336580943e-02 -1.9310834643e-01 6.4752881572e-02 3.7299239644e-02 3.9552871546e-01 1.2845156913e-01 2.7364499839e-01 1.5467806970e-02 -2.6299588939e-01 4.3328157696e-01 2.1734807420e-01 -3.4371843555e-01 2.1319453393e-03
1.2741512496e-04 1.9230946680e-01 -2.5717816502e-03 -1.4039416744e-01 1.7747400532e-01 1.8814129874e-02 -1.0018562292e-01 -4.7333535967e-02 -1.6667319886e-01 3.7609671647e-01 1.8715950858e-01 2.9545526901e-01 1.6233372070e-01 1.8755800993e-01 -1.8568935015e-01 -1.0073824464e-01 -3.8261805123e-01 -2.8266945026e-02 2.4228787853e-01 -4.4861502558e-02 -3.2340127542e-02 2.9412614446e-01 -2.6294008583e-01 -6.9846007795e-02
-1.0515011007e-01 3.6577379283e-01 -8.1564901569e-02 2.2666108818e-01 4.0540207530e-02 -1.6851041619e-01 6.9165498315e-02 -3.3795399033e-01 3.0871450077e-01 -4.9298106520e-02 -1.7818026664e-01 7.0239820114e-02 -2.3889526098e-01 1.0621580946e-01 -1.4897603800e-01 3.0171633694e-01 -1.6394930847e-01 -1.0152442616e-01 4.5163537185e-01 -8.9562311191e-04 3.1375326765e-01 -3.5375504438e-01 3.2727588085e-01 3.1045940801e-01
-2.1047839094e-01 1.3815906675e-01 5.8270066393e-03 3.0794736693e-01 3.3487565050e-01 1.3494267903e-01 -4.5328752273e-02 -2.5077815376e-01 -2.7275962411e-01 -2.3114006276e-01 -3.8985505387e-02 7.7655522800e-02 -3.5528322860e-01 1.2743510162e-01 -9.4222799006e-02 -1.1499258595e-01 1.8455826138e-01 1.7829503199e-01 3.2285932991e-01 -1.6645491695e-01 1.4814863997e-01 3.4589772644e-01 -3.7547970360e-01 2.0622758316e-01
8.1928879361e-02 -3.5006657189e-01 4.9615435184e-02 3.6040550754e-02 1.9393825794e-01 1.1547480083e-01 1.0734736424e-01 1.6241234922e-01 -3.9337952984e-01 -1.2152567066e-01 1.6232967688e-01 -3.3345322973e-01 -3.5273148786e-03 -2.6440235042e-01 2.3480539426e-01 -5.4743582366e-02 8.8697343542e-02 1.1466008944e-01 2.2400299484e-01 1.0105158388e-01 3.3855943634e-01 -1.5679888050e-01 -5.6415633834e-01 -1.5930995922e-02
