-1.5999326990e-01 -1.3111460247e-01 -1.5781149043e-01 2.6148333239e-01 5.3596493618e-02 -9.0930686950e-02 -8.9179950465e-02 -4.4358387394e-02 4.4284902792e-01 1.2259964355e-01 -3.8911084849e-01 1.2312046610e-01 -5.5785468848e-01 2.8673954007e-02 8.1567181441e-02 -7.9103674684e-02 3.0134773945e-01 1.6612655078e-02 -2.6495524047e-01 -6.8764247401e-02 2.1290026093e-01 -1.7069796367e-02 1.8944178609e-01 1.9448327564e-01 1.8896441897e-02 1.0666141645e-01 1.9477925757e-01 -1.8389321207e-01 1.5532717839e-01 -1.3757579550e-01 1.3500566088e-01 4.7977520703e-02
2.7546716437e-02 1.3945248923e-01 1.5317814630e-01 -1.6421591532e-01 -2.9384231679e-01 7.1512123935e-02 3.8101688225e-01 2.5849024420e-01 7.3371426323e-02 -4.8296355378e-02 -1.2408403481e-02 2.0184419023e-01 1.7643924811e-01 2.8042927025e-02 7.2254930800e-02 2.0362052842e-01 6.9067741154e-02 7.6035934590e-03 -5.3425310658e-02 -2.6668835180e-01 1.5796035373e-02 7.0820911328e-02 2.7057447648e-02 -7.2401877708e-02 3.0067205327e-01 1.4598319964e-02 -5.7374538740e-02 2.7733509153e-02 -1.1028874578e-01 2.2679699727e-04 2.3545581371e-02 -7.4932388003e-02
2.6355799527e-01 5.6224857355e-02 8.6906013640e-02 4.4071160416e-01 2.9055809405e-01 -1.8753506205e-02 -7.7219106796e-02 -1.1737646017e-01 1.8870183517e-01 4.5638476448e-02 -2.4245055953e-01 1.1548506152e-01 -8.2940075531e-02 -2.1432053372e-02 1.3679853414e-01 7.0209921425e-02 7.2217118406e-02 1.6942919852e-01 -7.8368981835e-02 -5.4090098156e-03 -6.0032674744e-02 -1.7993262418e-01 -3.2309770981e-01 8.8818564600e-02 -9.2987292419e-03 -2.6106154597e-01 -1.5992674206e-01 1.0809126303e-01 -3.1218892894e-01 -1.4592225409e-01 -2.6622840782e-01 1.3251970530e-01
2.2434432496e-01 1.8980972504e-01 -9.5673770540e-02 8.2878811836e-02 -1.7946780806e-01 -1.2570531195e-01 -8.7260478398e-02 -1.1134991914e-01 2.5317284058e-01 1.8716018212e-01 -2.3629951907e-01 -7.1025566013e-02 2.2071317461e-01 3.5092128924e-02 -1.3846251658e-02 2.1312991554e-01 -4.1886203388e-01 1.6353991632e-02 1.1293336012e-01 -2.5819114017e-01 1.1173756702e-01 -1.6146601024e-01 4.5376920042e-03 -2.5591292595e-01 9.3510842816e-02 2.0373751816e-01 -3.7070318243e-02 -1.6905161094e-02 -6.2801066962e-03 2.8616500752e-02 7.9517512193e-02 -4.4461207090e-02
-9.1557492078e-02 9.8339808815e-02 -2.8792377037e-01 -1.7765504801e-01 -7.2887637544e-02 -6.4240477081e-02 -1.0089359108e-02 3.6962433716e-01 -3.9118043675e-01 -1.8345446490e-02 -2.7021070438e-01 2.1302055584e-02 -2.8107531322e-03 -2.1517873492e-01 2.5064358241e-01 3.2878162175e-02 -1.5515098393e-01 -2.2483832563e-01 -3.2154349367e-02 -2.2490305348e-01 2.4299985189e-01 1.4940864166e-01 1.0707456602e-01 -1.9415181535e-01 -2.2236365087e-01 1.2726079261e-01 2.1680740561e-02 1.1024627219e-01 1.7489760123e-01 2.2908707097e-01 -2.9497567650e-01 7.6207113364e-02
-2.7089446931e-01 -5.1185186518e-02 1.0091327920e-01 4.9473386828e-01 1.7257897609e-01 1.5876250202e-02 4.6586705823e-02 9.8007356714e-03 1.5543484373e-01 -1.6144747832e-01 3.7160667650e-01 3.0178428792e-02 6.8486611930e-02 -1.6499724842e-01 -1.0213227706e-01 -8.9716252251e-02 2.2106891144e-01 1.3510810640e-01 2.4998270270e-01 4.2723519304e-02 -1.8977638631e-01 -1.1528508526e-01 -1.4977376005e-01 3.8761595080e-02 -7.1951005753e-02 8.9987048898e-02 9.9635652563e-03 -1.4246810427e-01 -1.1396156752e-02 -1.0974388981e-01 -1.1090074678e-01 -1.5361384158e-02
3.7181117955e-02 -5.5343915151e-02 1.4701218172e-01 -7.4840623853e-03 -8.3881844324e-02 4.5250450506e-01 -2.6458440366e-01 -1.2226969701e-01 8.5917400461e-03 4.8268875214e-02 3.1769453469e-02 5.0116151170e-02 -2.3544863216e-01 -1.1158630502e-01 4.8162142543e-02 -1.7145951154e-01 -2.4785253936e-01 -1.3899157247e-01 -8.2182582691e-02 -7.8012507464e-02 8.3508631042e-02 -2.1076142355e-01 -4.1787521395e-02 -1.1507858821e-02 -9.9124589861e-02 6.5874227316e-03 2.2066277079e-01 3.4119535555e-01 9.1053820405e-02 -2.7019966710e-02 3.6179137467e-01 2.5513721699e-02
-1.1675436458e-01 -1.4033867744e-01 -3.0576191381e-01 2.1438931067e-01 5.6643399366e-02 -3.1938244788e-01 -2.6573624428e-02 5.1485321297e-03 -5.6174267422e-02 3.8680304103e-01 6.1737052722e-02 8.3826368946e-02 -1.2354041050e-01 -4.9196680386e-02 -1.9493477100e-02 1.3664570345e-01 -1.1783922934e-01 -3.3434553403e-01 2.0235479214e-01 2.0716747631e-01 -2.0807923680e-01 8.2364494560e-02 -3.7218887618e-01 -3.2855994740e-01 1.2540390204e-01 1.2080116244e-01 3.3477365933e-01 -3.1223970939e-02 6.2800867634e-01 2.6403832675e-01 -1.5574040838e-01 -3.0264184809e-03
-2.7817267160e-01 2.1759439111e-01 -3.2632730066e-02 1.2325842816e-01 1.2932157273e-01 -3.6624014542e-01 -1.9294380535e-01 3.2180796855e-02 1.9182404575e-01 -2.1672826456e-01 2.4757974248e-01 -9.2323573255e-03 -6.4219023605e-02 -1.6879349066e-02 -6.1659952128e-03 6.3474157294e-02 -4.7357505908e-02 -5.6402333096e-02 -7.9808698297e-02 -2.0491575274e-01 1.4388525852e-01 1.2893216284e-01 2.6817315386e-01 -1.5053886415e-01 8.3725392171e-03 -3.4520130935e-01 -1.2859243781e-01 2.9471275314e-01 -1.8358022771e-02 -1.3563756460e-01 -7.7010080636e-02 -1.6482213731e-01
3.5201447961e-01 1.3661403896e-01 -5.2733674402e-01 -1.5784631676e-01 -1.2103108083e-01 -8.0028639989e-02 -5.6681482480e-03 -1.7740945206e-01 1.7236362553e-02 -1.0213544043e-01 4.9786802426e-02 2.7339319216e-01 1.4416639138e-01 -9.1176554115e-02 -3.1712258218e-02 1.3949006417e-01 -1.8479593365e-01 1.1652392294e-01 1.1905148901e-01 4.2713077991e-02 -5.2111933497e-02 -1.7451687625e-01 3.2266011697e-01 -7.5993877298e-02 -1.9325279048e-01 -7.5390662728e-02 7.9269294163e-02 1.4787412080e-01 -4.3609949920e-01 -7.5294827567e-02 -2.3155938034e-01 -8.0102783173e-02
7.9676509491e-02 -4.9666704973e-01 1.0233844955e-01 2.8580513209e-01 1.2757460579e-01 -1.7665023520e-01 9.6518929778e-02 -2.0055840869e-01 -8.4470897200e-02 5.3297324832e-02 3.0726615757e-01 -2.7564041010e-01 -2.0351732208e-01 -8.7298213815e-02 -1.8214672688e-01 -1.2954383896e-03 3.7120500137e-01 6.3051102311e-02 8.9699942206e-02 4.8362412437e-02 -4.1486451187e-02 -1.7913523775e-01 -2.1964632713e-01 5.4023957618e-03 -1.0963669455e-01 3.3507400135e-02 7.8023750252e-02 -9.2820577863e-02 1.2576052981e-01 2.4097915297e-01 -1.4830700758e-01 8.6040395024e-02
-9.7264805296e-02 -5.0543416961e-01 1.8184223725e-01 1.5643189630e-02 2.0075553172e-01 1.1545273740e-02 8.6238704274e-02 1.0925927177e-02 -2.5808151374e-01 2.2182831237e-02 6.3873698817e-03 1.2169567632e-01 1.0256693429e-01 -1.6404434995e-02 -2.0155869812e-01 -8.3351865387e-02 1.3315150238e-01 -6.3961241793e-02 -3.6037748744e-01 5.5184519126e-02 1.8021919718e-01 2.6403050394e-01 -1.5775388432e-01 8.7702138206e-02 2.0343562719e-01 6.6870039767e-02 5.5679449832e-01 -3.1440358902e-01 3.6875428167e-01 4.8348654317e-02 -1.1483295745e-01 1.6504505639e-01
-1.6225525334e-01 -1.2988856404e-01 1.0145842482e-01 1.4226236476e-01 1.1810296936e-01 1.9507088447e-01 -1.6033267667e-01 6.4084376141e-03 1.5826570344e-01 1.1028639147e-01 -2.6705356727e-01 1.9714458195e-02 1.2085212416e-01 2.5486246771e-01 -2.0670448620e-01 -1.0215513663e-01 -2.0112909824e-01 8.6383278062e-02 3.2351938051e-02 -1.0625958697e-01 -7.2555585791e-02 -9.4005121391e-03 1.2036720713e-01 -8.5562160508e-02 -3.8405446507e-02 1.9308881731e-01 2.0365289721e-01 -2.2575356764e-01 2.3025628064e-01 2.0632231120e-01 -1.1356811362e-01 3.0826124278e-01
3.9400943122e-02 6.8635099378e-02 -6.7519050359e-02 -1.7257062710e-01 1.4455736226e-01 1.4430554959e-01 1.9641201948e-02 -4.5878864447e-02 -2.9192613035e-01 2.1292416707e-03 1.2884070180e-01 6.0006073178e-02 -3.4318383340e-01 3.3660003610e-01 -1.1787193976e-01 -2.1748115585e-01 9.3525679595e-02 9.3081379790e-02 -1.7984004751e-01 1.7303744590e-01 4.4932189438e-01 -6.1892040903e-02 -1.1621526830e-01 9.0106304729e-02 6.4140752115e-02 -5.2017970265e-02 3.5162065738e-01 2.8764336754e-02 2.4978239341e-01 8.2571871831e-02 -1.3811622484e-01 1.1559398137e-01
6.0186357327e-02 2.1705902693e-01 -1.7337727540e-01 2.3184976641e-01 -5.8569338854e-02 5.2207544307e-02 -1.9311619159e-01 2.3842529064e-01 4.3817780815e-02 -5.1599289963e-03 1.2995192661e-01 3.2867866206e-01 -1.3802427284e-01 1.4397909017e-01 -2.5523192501e-02 1.2367951428e-01 2.1546085448e-02 -1.4819253686e-01 1.3290594861e-01 -1.7030362195e-01 -1.9450824676e-01 -2.8403837213e-01 9.4572283002e-02 1.6617099525e-01 -1.6814283771e-01 2.2719046591e-01 8.3438949758e-02 1.6017483078e-01 5.9306510063e-02 2.4874951148e-01 -2.1284690702e-01 1.3128927934e-01
-7.4808332641e-02 -2.6869311237e-01 -1.2386676440e-01 -1.3178674914e-01 1.2005221761e-02 -6.5390848537e-02 1.9110527002e-02 1.7565219363e-01 -1.6410288935e-01 1.7245703015e-01 -1.9810105512e-02 -1.1662915072e-01 2.2163044404e-01 -2.2669904522e-01 -3.8662249859e-01 -1.7806656948e-02 1.3401269313e-01 2.1066145938e-01 2.4224301585e-01 -1.2626324711e-01 2.7716628137e-01 -1.2612309331e-01 2.0150707991e-01 -1.2982451666e-01 -1.9108435946e-01 4.5137804818e-03 3.4857684182e-02 1.7786593671e-01 -7.7859600264e-02 1.0739777298e-01 1.8932911166e-01 -7.2865072035e-02
-5.2632719913e-02 -6.4195123308e-02 -6.5778526650e-02 -1.5111535289e-01 -7.4520507332e-02 -1.6786475479e-01 3.9581374691e-01 3.2532824557e-01 -3.0364943766e-01 4.4360968964e-02 -3.1076108143e-01 3.4735999792e-02 -2.9282951476e-02 5.1390799434e-02 3.3972617338e-01 2.3530995976e-04 2.6048111716e-01 5.6931171565e-02 5.0151410825e-02 -7.7916420702e-02 -1.1028922505e-01 1.7709109266e-01 3.0773866992e-03 -2.3214986855e-01 1.0865742872e-01 -3.6639735035e-02 -1.9361089269e-02 1.4588691068e-01 -8.0543254372e-02 -1.5331426600e-01 9.7655628470e-02 -2.1867013106e-01
1.3978740229e-01 -1.9221738598e-02 -1.4497877957e-01 -4.2639932945e-02 -1.5698461086e-01 -7.8809687638e-02 -2.7639279062e-01 5.1342257599e-02 1.6693088029e-01 1.7418709379e-01 -7.2370895162e-02 -1.8335553392e-01 -1.0649225229e-01 2.0367421105e-01 -1.1449279121e-01 2.2157353260e-01 -1.0489938146e-02 -3.0789836291e-01 -1.2938131492e-01 9.4717481839e-02 2.3241138226e-01 3.9977190076e-02 3.0199699507e-01 -1.5488146995e-01 1.1349091792e-01 -4.7328418324e-02 3.5777518790e-01 1.9965274161e-01 -2.2116493367e-01 -1.6765699377e-01 2.1829428274e-01 -1.2109792934e-01
2.9805817388e-01 -4.2619496636e-02 -1.1716293656e-01 -2.0836677755e-01 2.0232951540e-01 -2.2751655109e-01 -7.3058298041e-02 -3.6146492090e-01 3.1115758665e-01 -1.7092169116e-01 -8.1044639741e-02 -8.1524750605e-02 -1.6363114162e-01 -2.8592549327e-01 1.8682161710e-01 1.1043357730e-01 -3.3468927261e-01 -4.8816100280e-02 1.4102717000e-01 -1.2853584316e-01 3.5237409043e-01 -1.3926755551e-01 3.7155214288e-01 -1.2685423415e-01 -1.2729350705e-01 3.5976338517e-02 -1.0162384591e-01 4.9249255332e-02 -2.7758949515e-01 1.7548481461e-01 4.8773457231e-02 7.8884386753e-02
-1.5156412924e-01 -1.0638231510e-01 -4.3854779403e-02 -4.9075590261e-02 -4.5602829387e-01 -4.0911409098e-02 -1.4765637593e-01 -4.3177214914e-01 6.5302101426e-02 2.4965458156e-01 2.2496968133e-01 -8.5300465272e-02 -1.9775449077e-01 1.3216416413e-01 1.2355165248e-01 1.7230236707e-01 6.2380657701e-02 1.4360753579e-02 9.9918926999e-02 -3.2931301077e-01 7.2780862280e-03 -2.3206598735e-01 -3.9073723701e-01 1.1181732941e-01 3.8334124971e-03 -5.0898839930e-01 7.6459712152e-02 1.1527254967e-01 -8.3184707929e-02 -1.8835937213e-01 5.4284086684e-02 1.1350913133e-01
9.6772547903e-02 -1.7821326949e-01 1.3572367915e-01 1.6274615194e-02 9.6522940461e-02 1.0964253842e-01 1.8184570789e-01 -1.4241585355e-01 2.2526709496e-02 4.6269289283e-02 -1.5465451902e-01 -9.8727773671e-02 1.0470848128e-01 1.8914827102e-01 1.5552389053e-01 7.7343282967e-02 -6.2079357056e-02 1.0546177928e-01 1.3789111091e-01 1.2717816570e-01 1.6649926359e-01 4.6193693376e-01 3.5974838541e-02 1.0689907975e-01 -7.0818589901e-02 3.0043546148e-01 -2.4967619934e-01 -4.9155985035e-01 -3.2578636577e-01 -4.0501869204e-01 -3.6169797756e-02 -2.5055201072e-01
2.4036611279e-01 -7.3591747086e-04 8.1079503768e-02 -2.3022578494e-01 -2.6428758719e-01 -9.1842491079e-02 3.1725996747e-01 -1.3858550344e-01 -9.7750441316e-02 6.5115900657e-02 -2.7106220198e-01 5.4360386365e-04 6.2465095509e-02 1.6395003662e-01 9.5102479649e-02 -2.1448413744e-01 -1.5931664840e-01 -2.0498104713e-01 -5.9866003425e-02 -7.4577794278e-02 1.6020938402e-01 -9.1261566021e-02 1.4571917187e-01 -9.6199147618e-02 -5.3524392630e-02 -1.2236137978e-01 -2.6716702053e-01 1.9746616376e-01 -4.3101116075e-01 4.4668951954e-02 -1.0679298174e-01 2.3375666085e-01
-1.5484105111e-01 6.0151575175e-02 3.8010250289e-02 1.1965119794e-02 4.1671273759e-02 -4.3955677240e-02 -4.4680830851e-02 -5.2757829584e-03 -3.1621619788e-02 4.8749266364e-02 2.5358511629e-01 -3.2475236925e-02 -2.3289995542e-01 -8.5703186560e-02 -1.6398947705e-01 4.4946401339e-01 1.2842199031e-01 -8.8508760960e-02 1.6559226517e-01 -2.8786940708e-02 -4.5501700806e-03 -1.6629995459e-01 -2.1634670635e-01 9.9464861235e-02 1.7365596215e-01 2.9803979225e-01 -1.7096475347e-01 1.6591845134e-01 1.3952165838e-01 1.9071638227e-01 9.1588798927e-02 1.6681586997e-01
-7.1156828214e-02 3.3226106989e-02 3.1849267960e-02 -1.6855108129e-01 6.2814357466e-02 -1.7478116724e-01 -4.6578695654e-02 -2.2809803012e-01 1.5134800498e-01 1.6227713583e-01 1.2043171551e-01 4.0555770171e-02 8.0661096222e-03 3.1578450235e-01 1.0810272386e-01 -1.2554338142e-01 -2.8276400143e-01 7.5478509243e-02 -2.0442368839e-02 -2.3152071083e-01 -1.4840650239e-01 -1.2467223467e-01 -9.0506689171e-03 -1.0662480549e-02 1.6805718702e-01 -2.2075467759e-01 -7.5195673068e-02 -8.1753326986e-02 1.9996435449e-01 4.9889003182e-02 1.4007303369e-01 -7.8627586147e-02
3.6418957039e-02 8.6290702427e-02 4.4364146595e-01 -1.5375091615e-01 1.8057966188e-01 1.8739752776e-01 -1.0139548094e-01 -2.6437810044e-01 3.8610937859e-02 -2.9671869899e-03 -1.0828815040e-01 -1.7954056261e-01 1.0120442381e-01 2.8146435205e-02 -3.2369331022e-01 7.4697541578e-03 3.9124847529e-02 6.6994932124e-02 -1.5497524407e-01 7.1235207130e-02 -3.1455531406e-01 5.4465210197e-01 -2.8541666903e-01 6.9568577096e-02 2.6078229068e-01 4.0604616727e-02 2.9166176037e-01 -1.1410404588e-01 -1.4802614463e-01 -1.5367086161e-01 2.0100969167e-01 -1.3776365072e-01
1.7865038459e-01 -2.6420286700e-02 2.9854855647e-01 -8.2420412034e-02 1.1976901524e-01 1.4727991191e-01 -1.6544454673e-01 -1.8026580929e-01 5.5308860781e-03 -1.9483960407e-01 2.6133797141e-01 -1.1330071804e-01 8.5091911843e-02 5.6439120907e-02 -4.2692871801e-01 -4.2294733416e-02 8.1696796477e-02 -5.7419848872e-02 2.8605244302e-02 -2.8181035520e-01 -6.1462048662e-02 -7.7092765624e-02 -1.0131119008e-01 1.0398171054e-01 3.1956485107e-02 -9.2382035300e-03 9.9646365251e-02 7.3056583035e-02 -2.7043949765e-01 3.1292264372e-01 1.4419930345e-01 -2.1277179794e-02
-8.3138017437e-02 -1.0476112018e-01 6.1439518402e-02 -1.1631729275e-01 7.7718281929e-02 -8.2250293644e-02 1.5653811447e-01 -3.3521605642e-01 1.0242646685e-01 7.6378614809e-02 -1.4751497131e-01 1.1025963976e-01 1.5949488817e-01 2.5385031638e-01 -1.2437777044e-01 -1.2775374847e-02 9.6642662017e-02 -3.4965075428e-03 5.1786263572e-01 -5.6383667901e-01 -2.9129751374e-01 -3.0493883765e-02 3.4380311372e-02 -1.2230418164e-02 3.3406829078e-01 1.5043893864e-01 2.9257098596e-01 -4.4025791446e-01 -2.1388509835e-01 7.2660298442e-02 -2.9332889814e-01 1.8439713494e-01
-4.8209775130e-02 -1.9296893627e-01 4.9829649088e-02 2.3380165321e-02 1.0073930169e-01 -3.8599166994e-01 -2.5086618995e-02 -1.1079502073e-01 1.3459271783e-01 -1.8575268361e-01 -5.4342481867e-02 2.3301425068e-02 -2.1679059320e-01 3.1904351334e-01 3.8712327321e-03 -2.0927702148e-01 1.9856735794e-01 1.2629868456e-01 -5.7521982795e-01 2.9224542837e-02 -5.9608911333e-02 4.9947286279e-01 2.6505451937e-01 1.0703055369e-01 -1.7200075034e-01 -3.5911932542e-02 1.6875585483e-01 -7.0297414698e-02 -6.2330344821e-02 -1.2855916872e-01 -1.9565590982e-01 -7.4920890738e-02
-1.5701596266e-01 3.4676846792e-02 2.6152691905e-02 -1.2832253056e-01 -2.6110797725e-01 -5.7012898667e-02 -1.8769554146e-01 8.5643934480e-02 1.9103833340e-01 -9.5739259314e-02 -1.5426698580e-01 1.8662655838e-03 1.3272543874e-01 -1.5731146029e-01 4.1354546026e-03 -1.2724676926e-01 1.0220920050e-01 -8.1945984615e-02 1.0344204466e-01 1.4737144828e-02 -2.6455224826e-02 7.0706971618e-02 -3.4249622148e-01 9.9341546661e-02 -3.4569310814e-01 -2.2470731288e-01 -1.1829345837e-01 8.6588668339e-03 3.7864512121e-01 3.2666453087e-01 2.8957674429e-01 7.0617940266e-02
1.6151011659e-01 -3.5641659919e-02 1.4982929762e-01 3.5038251864e-01 1.5942853025e-01 -3.9769384412e-01 -2.5149235630e-02 -2.2418963740e-01 1.0119329840e-01 4.1395274558e-02 3.3965317634e-01 -1.3194679212e-01 -9.9322796024e-02 -9.0973462764e-03 1.6414782895e-01 2.8467551679e-01 -1.1632756762e-01 1.3692745593e-01 7.4522053474e-02 3.3018557093e-02 4.1032711193e-02 1.2415461746e-01 -1.1934607446e-01 1.5263462520e-01 1.2050805919e-01 8.6602460737e-02 1.6589609802e-01 1.7755040279e-01 -2.4522800786e-01 2.2220427310e-01 -2.5633565815e-01 4.1193821513e-01
1.3919043121e-02 -3.1698481257e-02 2.6599887141e-01 2.9875640252e-01 -1.7664150081e-01 -1.5228153393e-01 2.5641756406e-01 2.7897768414e-02 -1.7156530263e-01 7.4573792853e-02 -2.1846604017e-01 -1.4131300964e-02 1.2005827206e-01 -7.3159596801e-02 -3.4004809093e-01 -2.2711282683e-01 -3.4561579311e-01 -1.2707095031e-01 -1.2968747987e-01 8.7481448276e-02 -3.4260222622e-01 -2.6397931250e-01 -1.9056976818e-01 -5.7864180277e-02 2.7673462129e-01 1.6609263284e-01 2.1502811243e-01 4.1991251317e-01 -4.7896011847e-02 4.7917080413e-02 -2.1018624248e-02 3.6130627953e-01
-2.4420217716e-01 1.6840783016e-01 -2.1431829829e-03 5.3046947800e-02 -2.2935059024e-01 -1.6106359244e-01 1.0139231195e-01 -2.5405375802e-01 -2.1862782532e-01 -9.6155424314e-02 -5.2833258525e-02 -1.1645813781e-01 7.7177005789e-02 5.2399727321e-02 1.6894342019e-01 -8.3562849663e-02 -1.3866624826e-01 2.2359809238e-01 -3.9172395848e-01 1.8442310985e-01 -2.2621351925e-01 -9.6641875664e-02 -3.4498459106e-02 -8.3477144614e-02 -1.2383428654e-01 1.6385632246e-01 -1.6545824595e-01 1.0153381680e-01 1.2347209555e-01 -1.9577216830e-01 -3.9708328926e-02 -2.2419366273e-01
