2.0423356445e-01 2.5314208965e-01 5.7744646188e-04 -1.0433068720e-01 1.9902792403e-02 -7.1633452575e-02 2.7516217145e-02 -1.5229555137e-01 -1.1740326654e-01 2.3542448713e-01 -4.6749574337e-02 4.4970447825e-02 1.3188079697e-01 2.8198914111e-02 2.3302774906e-01 1.2822351813e-02 2.7048840751e-01 -3.1336560573e-02 2.2699074177e-01 2.9288284226e-01 -2.1556553934e-01 -3.6263348333e-01 -1.9303199589e-01 7.8126261090e-02 -1.8540371351e-02 -2.6847542863e-01 3.1555097421e-01 -8.7037357803e-02 3.7694028246e-02 1.9025875326e-01 -3.3568503667e-02 -1.8242201257e-01
2.0410317442e-01 -4.0415947581e-03 -3.0784061290e-01 6.7999911567e-02 3.6472322594e-01 1.1031959718e-01 -9.3347605784e-02 4.4399881329e-01 -6.4805233750e-03 3.3679335731e-01 3.1850413606e-01 7.0076581617e-02 3.9737325207e-02 -4.5645430124e-01 2.1337265322e-01 1.2354205645e-01 1.1248163500e-01 2.7281607734e-01 7.7746117020e-02 -1.6110400705e-01 7.8344619878e-03 -8.2254514673e-02 -2.8785109716e-02 3.5483974742e-01 2.5593583395e-02 -2.4947870561e-01 1.7894118927e-01 -1.1212616200e-01 1.2766898985e-01 2.5517946507e-01 -1.4694495844e-01 4.4866378089e-02
-1.0845817386e-01 -1.1577699340e-01 2.7835009424e-01 -2.8322332271e-01 2.7167670867e-02 1.9064083281e-01 8.9038544065e-02 1.7943498428e-01 -5.7185334441e-02 3.1064922726e-01 2.8530684101e-01 -2.6439450355e-01 1.6867100253e-01 -6.7263708041e-01 -1.9555265324e-01 -1.5144204474e-01 9.1147244637e-02 -1.3337888358e-01 -2.8037501625e-02 -2.0066824714e-01 1.8193439624e-02 -1.3039161919e-02 -2.0754437951e-02 8.3911057291e-02 4.4289586111e-02 -1.3460372073e-01 -1.5240986426e-01 1.6694685414e-01 2.4036080562e-01 -8.9677361496e-02 1.6479357385e-01 1.5041612238e-01
7.4400959717e-02 2.4790461078e-02 2.1483451375e-02 -1.3670578043e-02 -1.2611975374e-01 -1.0693092511e-01 2.3013248784e-01 -7.1562608876e-02 -4.8983023271e-01 2.3592622177e-01 -1.9725527048e-01 1.1136891534e-01 -7.2847945935e-02 -1.7422577123e-01 6.8772805792e-02 -1.0639138647e-01 -1.8824177831e-01 -2.0173752528e-02 -1.5636868098e-01 -1.9867119453e-02 -4.8730101441e-02 1.8971383517e-01 7.0383749406e-02 -3.0193911178e-01 1.9857566137e-01 -5.0104556543e-02 -2.6668138389e-01 1.8105046002e-01 1.6320097084e-01 6.5843637103e-02 -1.6564912649e-01 3.2890686441e-02
-2.6568460464e-01 1.6117916595e-01 -2.9890232679e-01 -3.2927853785e-01 -2.6544200310e-02 -1.6240767060e-01 -1.4957088132e-01 3.1954882089e-02 -3.4966083679e-02 4.3185954609e-04 -4.8416353379e-02 4.4288143515e-01 7.8669697615e-02 -9.7058788832e-02 5.6577418459e-01 -1.8181101477e-01 -8.6525391867e-02 -8.8014141678e-02 -1.4043148153e-01 -3.9425580723e-02 -9.0088739009e-02 -4.4158806754e-02 -1.7924504268e-01 7.6017286217e-02 4.5995640197e-01 1.2456532772e-01 -1.3197461948e-01 9.4998199481e-02 -1.8334215328e-01 2.3224392285e-01 -1.6988302050e-01 -3.7107618998e-02
-1.4740061186e-01 -2.3026790767e-01 -1.4992331042e-01 -1.8302463995e-01 -1.2699027371e-01 -1.9041151560e-01 -1.2512330268e-01 -6.8456563867e-02 1.5573230981e-01 -2.4648389829e-01 3.0445472011e-01 -2.9911524217e-01 2.0059155037e-01 1.0960123611e-01 2.8270604578e-03 -8.2372964907e-02 -3.0766602085e-02 7.4553316774e-02 -2.9981626509e-02 2.5263842055e-02 2.7905059251e-01 -1.3811827841e-01 -1.6353867010e-01 5.8624964564e-02 -4.1453682576e-02 2.9398945100e-02 -6.0041466423e-02 1.1145527733e-01 -2.8549676495e-01 -4.7662669473e-02 2.2383345056e-01 -1.0189428022e-01
-1.2304468671e-02 -3.4030341420e-01 -3.3507429790e-02 -8.1865092060e-02 -1.3415955603e-01 -1.4534873624e-01 5.7131143691e-02 -1.4480719320e-01 4.6409618662e-02 1.0798649674e-02 -2.3876202534e-01 2.0978655824e-01 -1.5417531651e-01 8.9112023840e-02 3.3710373854e-01 -5.0917308559e-02 -1.8300385745e-02 8.2916488343e-02 -1.5624306443e-01 -3.7643185477e-02 2.1258422454e-01 -1.1834637416e-01 1.3914671034e-01 -6.0214601713e-02 -4.0004228944e-02 1.5512397569e-01 -1.3356036336e-01 -2.0778448715e-01 -1.0318292994e-01 -9.0200953056e-02 2.8064574014e-02 -1.3405976723e-01
-3.5717417952e-01 1.6160946829e-01 2.9302376947e-01 8.5438014575e-02 -1.0776254494e-01 3.5886704687e-01 -1.4041081437e-02 2.6631346341e-01 3.4341239221e-01 1.8795141158e-02 -2.5823942740e-02 2.3916860902e-01 1.9694098811e-01 -2.7446740890e-01 -2.2295755945e-01 1.6085895496e-01 8.1477455069e-03 -1.7288734891e-01 3.6546274278e-03 -3.1529631422e-01 -1.6115655700e-01 9.4707008917e-02 2.1423056807e-01 2.5960926909e-01 -1.9784802360e-01 -2.5162571718e-01 9.5435734967e-02 -9.9461571869e-02 -1.0020405277e-01 1.9966643196e-01 1.3330278452e-01 -6.3956033603e-02
-6.7259472071e-02 1.8272112989e-01 -3.8875846903e-01 1.7422491335e-01 2.5550973125e-01 7.5323214204e-02 -3.5164059028e-02 -8.1371625677e-02 -1.8360996995e-02 1.7406037961e-01 -1.4119595663e-01 5.8962958586e-01 -1.4438682462e-02 1.1730808163e-01 1.1834630835e-01 -1.9187758951e-01 -5.0523264388e-02 -9.5323876934e-02 2.1036587059e-01 2.3279354888e-01 8.7934117136e-02 7.2588945335e-02 -1.9729751663e-01 1.9145501648e-01 3.6875280910e-01 -8.9775497956e-02 -1.4751376062e-01 7.0841443383e-02 -4.0284964905e-02 -2.6454210307e-02 1.7630621459e-01 -1.4144048104e-01
2.5147661165e-01 2.8988105351e-01 -3.0531782935e-01 -1.5079583347e-01 2.8030789908e-02 4.3579663934e-01 7.1320639577e-03 8.5711612495e-02 -1.2895660262e-01 -6.2194517883e-02 2.1237756388e-01 6.8126891840e-02 -3.8161380996e-02 -1.3862558709e-02 1.2441102185e-01 -1.4583521661e-01 3.4551804011e-01 3.5054106277e-01 -4.1236137510e-01 -8.8141511050e-02 9.4185210021e-02 -2.7125626143e-01 1.2664247508e-01 -2.4658101740e-01 2.0874990151e-03 3.4900415150e-01 2.2004495927e-01 -4.5903660609e-02 2.3546317736e-01 -6.3216172379e-02 -4.4903817159e-01 9.3413241500e-02
-4.7078076790e-03 -2.8670522113e-01 -1.4822544468e-02 -7.4395255486e-02 -2.6054529539e-01 -2.2167200348e-01 1.7516325800e-01 1.4014582645e-02 2.9777740713e-01 2.0532180325e-01 -7.3397523717e-03 -1.0219487478e-01 -9.1425074420e-02 3.3613157506e-03 1.4125457990e-01 -1.7166576580e-01 1.7448481943e-02 8.5644268313e-02 6.4041417992e-02 5.5871424715e-04 -4.1894166670e-02 1.4069760752e-01 -5.4248554571e-02 8.2029599381e-02 -3.5515373432e-02 1.0925163252e-01 -1.1406526580e-01 -4.1643992672e-02 6.3892748850e-02 -2.4522868855e-01 -9.2880441345e-02 -5.8094942805e-02
-4.3940230510e-01 2.5946232976e-02 4.7548586963e-02 1.6698667017e-01 1.3403912439e-01 1.2272894734e-01 -5.6105374126e-02 -2.3344948712e-01 1.2824358074e-02 3.1294897487e-02 -3.7200987340e-01 1.0575631114e-01 2.9953920686e-01 8.4240449541e-02 -7.5968180550e-02 -1.3564147859e-01 1.6033256385e-01 -3.4248797060e-02 -1.1387058102e-01 -1.6372836297e-02 2.6554448719e-02 -1.6498097094e-01 8.5073675960e-02 2.1573709839e-02 2.8672998350e-01 9.3095665702e-03 8.7009791969e-02 6.8654130292e-02 -2.0506246727e-01 6.9692449698e-02 3.0899907454e-02 -6.8730245547e-02
-7.4839878274e-03 1.3426532281e-01 1.3401819474e-01 -1.3335465247e-01 -1.5605757787e-01 3.5368041127e-01 -7.5496801657e-02 -9.3453729910e-02 1.0233979160e-01 3.1719289983e-01 1.6293432156e-01 2.5297171797e-01 8.0809470672e-02 -6.7610332529e-02 -1.3403116462e-01 2.7631603186e-01 2.6473822807e-01 -2.2431622823e-01 -5.9711600171e-02 2.4746316995e-01 1.3385883304e-01 -3.9523984102e-02 1.4557530849e-01 -4.7866212990e-01 1.8993685976e-01 -4.8120866451e-02 -1.5288013353e-01 2.6320153426e-01 -1.6076132773e-02 3.5898760120e-01 -4.6545495151e-02 5.0907054040e-01
-1.5043795277e-01 -3.1270034852e-01 2.4783827343e-01 2.3805410460e-01 1.3844278057e-01 -1.5992111371e-01 1.0343751834e-01 2.1412137668e-02 -3.0120839120e-01 8.8892241068e-02 -1.1816901431e-02 9.8765919881e-02 1.5573025669e-02 -1.3477324927e-01 8.1534915244e-02 -2.5541699997e-03 9.8591885026e-02 2.5461807234e-01 -2.7620939654e-01 -1.9356750095e-01 -1.2805509125e-01 -1.8812177438e-03 1.0136477541e-01 1.2314247344e-01 -2.9149720490e-01 -1.7666397136e-02 -3.8016790312e-01 -4.4879267487e-02 -1.7153060426e-03 -1.1367117429e-01 -5.8286470332e-02 1.6658354553e-01
4.8674860504e-02 -2.1338756639e-01 -8.0492233557e-02 4.1254530847e-02 -2.9568624464e-01 -3.7989190055e-01 -2.6761455103e-01 1.8699785146e-01 6.2084633189e-02 -1.2368093807e-01 1.9737515110e-02 -8.1253678119e-02 -2.2528974258e-01 -3.2120796149e-02 -2.4585813186e-01 -8.6946806512e-03 -1.5438137835e-01 -2.0994577792e-01 2.4594744044e-02 -8.4541884701e-02 4.7819575364e-02 2.8302855949e-01 7.3949302184e-02 3.4972649029e-01 -2.4328409285e-01 1.4657800491e-01 -4.0239922838e-02 1.8333060945e-01 -5.2954521179e-02 -6.0138619027e-02 3.4476240574e-01 -1.5152448683e-01
1.5935102226e-02 -2.3508190481e-01 3.1658206512e-01 -1.5802910892e-01 -1.0015220392e-01 2.3329493143e-02 1.8125666826e-01 -3.0007691161e-02 -1.8986239171e-01 -1.2126323246e-02 2.0810306977e-01 -1.5527787497e-01 7.3206047249e-02 -1.1225829040e-01 4.4548156617e-02 9.8404169215e-02 -2.7777093626e-01 8.2175732506e-02 -1.4955585060e-01 -1.2389688054e-02 -3.0772772998e-01 -1.5984592976e-01 -1.5972102230e-01 3.0867490769e-01 -7.4442798450e-02 -3.6712481527e-02 -2.5740713207e-01 1.2693576075e-01 -2.2890960821e-01 4.0665822835e-01 1.8500491121e-01 -2.1221397922e-01
-1.5437067854e-01 3.4381566204e-01 -1.1326908100e-01 -2.1578359797e-01 5.1490882604e-01 -1.7129324861e-01 5.2862781116e-02 4.3239031789e-02 -3.6552402253e-02 8.3173010481e-02 4.0342147960e-01 7.5019645160e-02 3.5483497354e-01 1.3014726268e-01 -3.5195556831e-02 8.7628572932e-02 4.4625696735e-01 -6.6756846986e-02 1.1881878895e-01 -8.3457891346e-02 -3.6432599758e-01 -2.1186257273e-01 2.9970512808e-01 1.6872851248e-01 -8.7300300648e-02 1.3095362478e-02 -3.6653856779e-01 4.1829561944e-01 1.9800072235e-02 -1.0350988667e-01 -1.1929274171e-01 2.0112460076e-01
1.2251388035e-01 1.1577249681e-02 6.9528149644e-02 -3.7006310664e-01 -2.6577669923e-02 1.8314058361e-01 -2.2196888747e-01 -1.9643838379e-02 1.1183264557e-02 9.2988507873e-02 2.6352748992e-01 2.4548006422e-01 1.9925609383e-02 -1.8016840451e-01 -1.5005837423e-01 1.1348977513e-01 -1.1863877348e-01 -1.8484383155e-01 1.9336897233e-01 -2.0179796409e-01 -9.6247018583e-02 -3.3582151366e-01 -2.9291780184e-01 -2.6905991492e-01 3.2783889481e-02 3.6140986395e-01 2.4753730440e-02 -6.0158272826e-02 -2.1511904827e-01 1.2693185050e-01 2.3470778723e-01 -4.3604357691e-03
3.3261392856e-02 -1.0243872164e-01 -2.6972906929e-01 2.8393758515e-02 -1.8702924641e-01 1.1129698960e-01 6.9236703809e-02 -9.7531767381e-02 -4.5855288995e-02 -2.3808293927e-01 -3.8935890675e-01 3.1917577629e-03 -2.1580884676e-01 -1.4585212911e-02 -6.9885242823e-02 3.1436155991e-01 -7.6397034215e-02 6.8598256485e-02 4.6885721476e-01 -1.1148013192e-01 -4.8751614988e-02 5.2602284819e-02 1.0496278831e-01 5.1638097275e-02 4.0709221686e-02 5.7260591296e-01 7.6080840223e-02 2.1295166784e-01 -7.7431288270e-02 1.1111012659e-01 9.2987218601e-02 -9.7542537673e-03
2.6038982071e-01 7.6298737562e-02 8.6752288902e-02 -2.1565035547e-02 -2.7041764415e-01 -7.3264424881e-02 -4.2949872442e-02 -1.0719670417e-01 -1.7340566451e-02 1.2320894778e-01 1.0140195461e-02 -1.6261910559e-01 -7.2615694155e-03 -1.3032676713e-02 9.5629311707e-02 -1.2977437070e-02 8.9738210471e-02 -9.4530586037e-02 -1.5268985410e-02 3.2149224459e-02 7.1269878050e-02 1.2912095976e-01 8.8969901846e-02 -1.1874283593e-01 -2.8938874591e-02 3.4758007074e-01 -7.3661347248e-02 -1.1600053198e-02 -9.4543301694e-03 -7.0408173586e-02 -7.4320850089e-02 1.2100774901e-01
-2.0086673164e-02 1.7984844408e-01 2.9219161489e-01 -5.5189786830e-02 -9.4415639111e-03 -1.8588865451e-02 -8.6797260899e-03 -2.5290987651e-02 -1.0145870635e-01 -3.1069092692e-01 1.6586806538e-01 -1.3372781900e-01 -1.5948098828e-01 -8.0835551861e-03 -7.6480779158e-02 2.6720620721e-01 -2.3236704197e-02 2.7625822266e-01 2.0694201419e-01 8.4980706547e-02 -2.2867376989e-01 -1.3585999561e-01 6.6784258047e-03 -2.4974120100e-01 -3.3407241765e-01 -8.2257248791e-02 1.6853971198e-01 8.2427942547e-02 4.3928238389e-01 -2.0604054823e-01 -1.5221566205e-01 -5.9131134421e-02
1.7714915087e-02 -1.4707904599e-01 -3.5534673193e-02 5.9891894718e-02 7.8470436778e-02 -5.8053197651e-02 -1.0707652758e-01 -3.1814728551e-02 -3.9486314317e-01 1.2133088219e-01 2.6200388165e-01 1.4361549770e-01 2.4768287718e-01 6.7943674031e-02 -8.2857721252e-02 4.4208538920e-01 -4.6260574426e-01 -1.1482110188e-01 5.7769555564e-02 -1.8274915440e-02 -1.1439145848e-01 -6.4766282914e-02 -4.4055576106e-02 -3.0061639946e-01 -2.6210704448e-01 4.8189554959e-02 -8.2660014685e-02 -7.6417433546e-02 6.1912840849e-03 1.3674997649e-01 1.5790155309e-01 2.3525951312e-01
-2.5664030973e-01 2.1553686939e-01 2.7856494085e-02 2.1770497349e-01 -1.4084294095e-01 -1.1377945337e-01 -9.3992884320e-02 6.1266180848e-02 2.2955928829e-01 -1.5289004900e-01 8.1989290941e-02 2.4000024886e-02 4.1354621576e-02 -7.1721223266e-02 9.6642463798e-02 -1.8891090369e-01 -3.7118381808e-01 5.0376889772e-01 -3.2150014439e-01 1.5154517456e-02 5.6467905923e-02 -4.2725777053e-01 2.5182788301e-02 5.3958499166e-02 1.9610366620e-01 4.5831318669e-02 -2.7427241119e-02 -7.2559293078e-02 -3.4663535382e-02 -8.6154737657e-02 -1.0694187127e-01 2.4372538037e-01
1.2738741696e-01 -6.2643194472e-02 -1.2862657930e-01 -2.6938092501e-01 -1.4817527714e-01 -4.8189043379e-02 1.0749660392e-01 3.5798181675e-01 -2.0261786993e-01 -6.6662696140e-02 -2.0561777679e-01 2.9393650121e-02 -4.4339167443e-02 -4.7130064430e-02 4.5245981206e-02 2.6661779908e-01 -5.2839279021e-02 6.8869589477e-02 1.7029331073e-01 -4.8976895546e-02 3.2946202853e-01 1.8609391809e-01 2.6434447908e-02 2.1996607892e-02 5.8997813083e-03 -1.7447980113e-01 -7.4928174777e-02 8.4825619147e-02 -2.5309590653e-01 -5.0251726651e-03 -2.5206468260e-02 -1.7368017568e-01
1.7592558224e-01 2.5370076687e-02 -2.1339092414e-01 3.6064407146e-01 -2.7461234133e-01 -2.0764024391e-01 2.6860647633e-01 -1.3840602552e-01 -2.7941468303e-01 -1.4209145524e-01 2.7580527731e-01 -1.7417881866e-01 -2.7139949598e-01 3.7384561523e-02 8.5134214399e-02 -8.6002161577e-02 -2.2521393872e-01 2.7850798188e-01 -1.8703530625e-01 2.0856733226e-01 1.6750325192e-01 -8.9563791724e-03 -4.2923804651e-02 -1.2100144298e-01 -1.3321874406e-01 8.7395432469e-03 4.6577595787e-01 -5.8415668041e-02 1.6006543402e-01 -2.2367332335e-01 7.6234831346e-02 2.7736859662e-01
-2.9018690828e-01 8.6281681908e-02 5.2148186996e-02 2.2201270455e-01 3.0472914605e-01 1.3739725898e-01 1.0671042287e-02 9.1370764842e-02 2.1235273130e-02 1.7671694177e-01 -1.1933374725e-01 2.2292743346e-01 -1.2019797385e-01 -2.4143067516e-01 9.0239995457e-02 3.7621764848e-02 -3.9974204729e-03 -1.3746215465e-01 4.9098776694e-02 -1.5417354952e-01 1.2502707632e-01 8.3696252607e-03 -3.2428104286e-01 -7.0147680292e-02 2.7662906307e-01 -1.5394658442e-02 3.1453520818e-02 2.3319586807e-01 -1.9962418861e-01 6.3726357386e-02 -1.8303065360e-01 -2.6102356284e-02
-7.4667242784e-03 3.1175043247e-02 2.1128646469e-01 1.3216572284e-01 -1.8530274190e-01 2.5137198564e-02 2.2224612454e-01 8.6628923687e-03 -2.8986610548e-01 -4.4232129487e-01 -2.0193763899e-01 1.3495705721e-01 -3.5383626929e-01 2.3413814449e-01 2.1048632212e-01 1.8966827249e-01 3.9212382654e-02 -4.0448427394e-01 2.8702653183e-02 1.5762111389e-01 4.4040401425e-01 4.7882403108e-02 2.7647527353e-01 -1.5699608204e-01 -8.1408692937e-02 -1.3503741360e-01 -1.7797698933e-01 -8.9028824660e-02 1.0516864676e-01 4.5043664964e-02 -2.5029084461e-01 1.2596805517e-01
-1.8778258873e-01 -8.8687704373e-02 -5.9346681919e-02 2.4935199784e-02 -4.5061219204e-03 -1.7781275437e-01 1.2887711139e-01 -2.8754688999e-01 -1.5159458555e-01 -1.7158134199e-01 2.0029440915e-01 -4.3443686422e-02 -2.5729387496e-01 4.9148639134e-02 2.2539884491e-01 2.5316162668e-01 6.7363216339e-02 4.1135665477e-02 1.1567743720e-01 -4.0019714406e-02 -3.7186490339e-02 -1.1784815642e-01 -9.2478645320e-02 1.1447072070e-01 1.1333243947e-02 -1.5880890825e-01 -2.0480164922e-01 2.0842533067e-01 1.1490644299e-01 -1.7784051763e-01 -6.0523639986e-02 -2.5153721154e-01
2.6773010233e-02 1.0122134127e-01 -2.9559691622e-01 -4.8636756850e-02 1.3991454447e-01 2.4474348595e-01 1.1537384818e-02 -5.0441059757e-01 -4.4498629150e-02 -2.1927570771e-01 -3.5549746930e-01 -4.8363489401e-02 8.8886574351e-02 -2.9135324495e-01 -1.2849851242e-01 -3.2026542631e-02 -2.7399405715e-02 -1.0888940178e-01 1.5203538796e-01 1.3955261488e-02 -2.0160950710e-01 -1.9597642840e-01 -3.0394758673e-01 -2.5152519256e-01 -9.6954909802e-02 1.6204471241e-01 1.0559931555e-01 2.9195674511e-02 3.7818512845e-02 -1.3725277025e-01 2.4358300965e-01 -1.0463565915e-01
-1.9396440480e-01 -2.8602970147e-01 -2.4471841366e-02 -7.4963929416e-02 2.5325916239e-01 -6.9424160823e-02 3.1715203008e-03 -2.6976250616e-02 9.4961918110e-02 2.3136742349e-01 -1.8607098108e-01 7.6343704498e-02 -2.7876724615e-01 1.9949227061e-01 -1.6983503884e-01 1.6700321975e-02 -2.8898758657e-01 3.0886369710e-01 -1.9354191569e-01 -9.3889597903e-02 3.2273645737e-02 7.9287562515e-02 1.6694108988e-01 9.6418459864e-02 -3.9938410746e-02 -3.0553273792e-02 -1.5893638876e-01 -3.4676818819e-01 -2.0076995184e-01 -1.2742048534e-01 -1.5114156306e-01 -1.2657899338e-01
-1.3403447150e-01 1.4197505992e-01 -1.4918624365e-01 -2.4390480898e-01 -1.7584905935e-01 -2.1347024284e-01 3.1200361087e-01 1.9064508487e-01 -1.9744998099e-01 1.7577285167e-01 4.7391585504e-02 -1.9121855955e-01 1.4618200733e-01 2.4253283984e-02 -3.2481763819e-01 1.4090277151e-01 5.7261825514e-02 -2.4874112176e-01 -9.3088379597e-02 2.1463565632e-01 -9.5859879198e-02 1.0995055832e-01 1.3214203279e-01 9.7449543237e-02 -1.5883805665e-01 -1.1564538401e-01 -9.1636271373e-02 1.4320599718e-01 6.3195888119e-02 2.7628705444e-01 -1.4223597478e-01 -4.3788227309e-02
-3.3365635859e-01 2.3462827008e-01 -1.0373946583e-02 4.7459971158e-02 -1.4406713275e-01 -7.5429169764e-02 3.4792782204e-01 -6.2730936239e-02 -2.5681259384e-01 -1.2011880766e-01 1.9654441016e-02 -1.9178255701e-01 -7.4754658367e-02 -8.4574145280e-02 7.8265743784e-03 1.0383559193e-01 -3.8435378467e-02 -1.7635603771e-01 1.3907824356e-01 6.9668270560e-02 -2.2786845549e-01 1.1728201041e-01 -1.0911132536e-01 -2.0125033874e-01 -1.7581564734e-01 9.7276661470e-02 -1.6872529109e-02 -1.1475817483e-01 -6.9344928482e-02 1.1367626602e-01 3.4371278549e-02 5.0301619503e-02
