-3.4554021456e-01 -1.6929589844e-01 2.6445822756e-01 5.0677397000e-02 9.5755808412e-02 -3.0045845290e-02 8.5153613920e-02 -6.7404846447e-03 -4.5197265394e-02 2.8784700399e-01 -1.1048856348e-01 -1.8643510149e-01 -2.5633236033e-03 -3.3345320895e-01 1.1856379970e-01 2.1221816857e-01 1.2760273331e-01 -3.0897185215e-01 3.8648688223e-02 -3.0835497264e-01 -1.0269683199e-02 -3.3923124277e-01 -4.0266511365e-02 -8.9818989524e-02
-1.5248187952e-01 -2.1856100473e-02 2.3586841081e-01 -1.3540184715e-01 2.8191868607e-01 3.1833890564e-01 7.4557476136e-02 1.3962766915e-01 1.9566748042e-01 -3.9550755379e-01 -1.7448704627e-01 -6.4596785543e-01 2.6285696558e-02 4.8300533656e-02 -1.7569935305e-02 1.7633572538e-01 6.4041950792e-02 9.9265228973e-02 1.9945021096e-02 -8.3179906851e-02 1.8907993043e-01 -7.2575453503e-02 -2.1337518354e-01 -2.1714364536e-01
-8.6295984885e-02 2.0800962068e-01 -3.5001619153e-01 -2.2029450775e-01 -1.8360552058e-01 4.3504455381e-02 -1.2603504921e-01 4.6405163972e-02 -4.4571150254e-02 -7.3275512378e-02 2.8479789243e-01 1.2041798962e-01 -1.3378571585e-02 2.3813513801e-01 1.2899297551e-01 8.6853403324e-05 -1.5714574608e-01 -2.2711457978e-01 -4.3645546342e-01 -1.0962372624e-01 4.5509538920e-02 -5.0847349725e-01 2.1728286883e-01 -1.7811045566e-01
1.6986041283e-01 -1.8757899065e-01 1.1036499249e-01 -1.2904904520e-02 2.6347308824e-02 -2.0004642182e-01 -1.4614917016e-01 8.1188870240e-02 9.2839421240e-02 2.3068834668e-02 -8.2576136544e-02 3.6264865541e-01 3.3896627900e-01 -3.1205997950e-01 -3.0248664976e-01 9.3213375585e-02 -5.0337231447e-02 -3.7451525804e-01 1.6429023877e-01 -3.1565689035e-01 -5.3095678620e-01 1.1108461008e-02 -3.8971970045e-01 -5.0107827838e-01
-2.8181626288e-02 2.0023923195e-01 1.4697583843e-01 8.9424023799e-02 1.7487734645e-01 -1.9021825004e-01 2.0326919749e-01 -2.4204099148e-01 1.9355348670e-01 1.9961231313e-01 -4.2004599319e-02 -1.2691852358e-03 -6.2007883677e-02 1.3856035428e-01 2.0994198916e-01 -3.0412431306e-03 1.8046378366e-01 3.0430082151e-01 -3.5358852253e-02 4.2802145684e-02 2.3008349861e-01 -4.0476993030e-02 8.2686762303e-05 -2.4823597602e-02
5.3255019131e-02 1.6184907788e-01 1.6375960914e-02 3.0062930601e-01 2.5622760042e-01 -1.3944165033e-01 2.9125310779e-02 -5.1879232675e-02 -8.7870522372e-02 -1.3799622295e-01 -7.9946907599e-03 2.1146871623e-01 -4.6424264609e-02 1.8183019855e-01 -8.1609197017e-02 -4.6680301498e-01 -2.3201382047e-01 -1.5072429960e-03 -1.0550230547e-01 -2.2068943218e-01 -2.3664275922e-01 3.5127627490e-01 3.3672085872e-02 -4.0217899975e-01
2.3598031645e-01 4.8497302001e-02 1.8439510962e-01 3.3017631633e-01 2.1781118543e-01 -2.5553201880e-01 1.7376219548e-01 2.2115514398e-02 -2.3746876142e-01 2.4043892785e-01 1.0640334722e-01 -8.4162709924e-02 -1.6534852725e-02 4.5436619506e-02 7.4400345359e-02 2.2794904659e-01 1.5077943979e-01 1.3352555067e-01 -3.5581646019e-01 -5.6767264876e-04 2.2898115462e-01 -5.3687955931e-02 4.1841010535e-02 1.6835863835e-01
1.0773904773e-01 -6.6814101955e-02 -4.0425037282e-01 -1.5256114448e-01 -1.3156696117e-01 -2.3309042196e-01 4.0720890048e-02 -1.7656241115e-01 -9.7293565815e-02 -5.5204499854e-03 2.0696201384e-01 -2.8876854535e-02 3.9799669351e-01 3.9033170619e-01 -3.3903720277e-02 -1.5122112960e-01 -2.1592212890e-03 -4.0678687415e-01 4.4028738680e-03 1.2107357628e-01 2.8286838959e-01 7.3652810357e-02 7.2556690870e-02 4.2670938020e-01
3.4341909175e-01 1.2395378304e-01 -9.1082948886e-02 -1.3192111158e-01 5.0726594849e-03 1.3075341703e-01 9.0884931716e-02 -4.4896368456e-01 7.2139670296e-02 6.9283544249e-02 2.5194946270e-02 2.1804516989e-02 1.0648406521e-01 -3.7592086416e-01 -5.1587926984e-02 1.6791836145e-01 1.6926532039e-01 8.2856518907e-02 -5.9275050581e-02 8.2361869126e-02 -2.8727984047e-01 -2.6420647476e-01 -1.2272041727e-01 3.2521857244e-01
1.2090116478e-01 1.2369075309e-01 -1.0181904110e-01 -1.3244730548e-01 -2.8357196537e-02 4.7541857655e-02 1.3624722827e-01 4.6775890494e-01 -1.7991232439e-01 -2.6615486342e-02 -2.4442648173e-02 1.1088395849e-01 7.4460371667e-02 2.3613936535e-01 -6.4674822216e-03 2.6856947821e-01 -3.2009386057e-02 -1.9061662345e-01 -8.4575953242e-02 7.2359856998e-02 -2.4073568031e-01 3.6069871191e-01 3.1337596784e-02 -4.8107623244e-02
1.1964663693e-01 3.6619877318e-01 2.4070359069e-01 2.1176219853e-01 -2.1287914872e-03 1.3947300315e-02 2.4884410941e-01 -1.3443523856e-01 2.5801310435e-01 2.7456339584e-02 1.8108296095e-01 2.2549632967e-01 3.9673693839e-01 3.9624156724e-03 8.7367872376e-02 -3.4690701057e-02 -1.8483434991e-01 2.7985248479e-01 -8.4366507588e-02 1.0177252056e-01 1.4843588676e-01 -1.1738872778e-01 2.1598743046e-01 -2.9048849616e-02
9.4614135472e-02 -4.0451538664e-01 1.7970649202e-01 1.4427608459e-01 -1.6706238487e-01 -4.5748407481e-01 9.0976152897e-02 -1.5367057573e-01 3.4232847532e-01 -5.0735284643e-02 -1.9726983664e-01 -2.6340062809e-01 -6.1289182123e-02 -2.4741517925e-01 -2.1844177092e-01 -2.9510592433e-01 1.9818554736e-02 6.8839549650e-02 -1.4335469885e-01 3.9326501786e-02 1.2449991157e-01 4.1012076565e-03 5.1079000392e-02 3.5656724676e-02
8.9225647596e-02 -1.4460314037e-01 -1.3937159443e-02 -4.5138418014e-03 -5.1265582112e-02 -3.7699488684e-02 2.0167024300e-01 -7.2070508722e-02 1.6716450467e-01 6.7444035867e-02 4.0132633973e-02 -4.2988342021e-02 -2.6336627462e-01 2.9927408996e-01 2.3839440743e-01 -3.7939960737e-01 -1.6571845915e-01 1.0991780164e-01 -1.0596606725e-01 2.8653349374e-01 2.2568317614e-01 3.3101963266e-02 1.0646882318e-01 -1.6060499783e-01
5.3976252035e-02 6.8183388121e-03 4.7537322400e-01 1.4769556934e-01 -1.3800542266e-01 2.1509612651e-01 -4.9088045890e-02 1.8173845042e-01 -3.3183084978e-01 1.7415210788e-02 -1.6966281530e-01 -3.0760848754e-01 -3.3373675785e-02 3.3268080018e-01 1.8343101854e-01 -1.7876580032e-01 3.0255931352e-01 -2.0889890168e-02 -2.7905830546e-01 1.1882304182e-01 1.6172284552e-02 -4.5703391382e-01 -1.8715571345e-01 -3.5456335059e-01
-1.6524105723e-01 -6.2334537923e-02 -2.1576029524e-01 3.1495435059e-01 1.7413322361e-01 -7.6713624318e-03 -1.2076773723e-01 1.2386982344e-01 2.0806177056e-01 -3.6581853596e-02 3.2293325190e-02 -4.2979128620e-01 -1.8356882469e-01 1.6942569584e-01 2.7789700516e-01 -1.7595648342e-01 2.5380934840e-01 -2.5360590547e-01 -2.3299953246e-01 -7.3687765515e-01 4.1586151101e-01 -2.1216124309e-01 -2.5497024679e-02 -3.7042282818e-01
-7.5960231731e-02 4.2747590352e-01 -1.4396135514e-01 1.3850514231e-01 2.4167328830e-01 -2.2777749462e-01 -2.4089260020e-01 5.6459233882e-01 1.7594807907e-01 -2.9987881876e-02 5.8798184109e-01 3.5771333481e-01 1.8902615103e-04 -2.3336743473e-01 -2.3339077460e-03 -3.7712436691e-02 1.3119376456e-01 6.2304692962e-02 -1.0430997028e-01 1.8316128642e-01 -7.4677007882e-02 6.2959938664e-01 -5.3256940673e-01 -3.6535365670e-03
1.4610150128e-01 -1.8054672250e-01 1.1880009794e-01 -3.4227949060e-01 1.4319006079e-01 3.2151912325e-02 2.0885557390e-01 1.9767829490e-01 -2.8611860350e-01 2.4616113178e-01 1.6449443253e-01 1.0643717745e-01 2.8335892901e-01 4.0685751233e-01 -2.0034486899e-01 -1.6701909006e-01 -1.0716594614e-01 1.0547931744e-01 -1.6297557392e-01 -2.2651488933e-01 7.6671578587e-02 1.3935593800e-02 -4.2139241363e-02 -2.3421854229e-01
5.7236409447e-02 -1.1347184345e-01 8.4667937131e-02 1.7215044293e-01 4.8131704285e-02 3.5606337991e-01 1.7453933503e-01 -9.1427817898e-02 -3.3806228714e-01 7.5253118629e-02 -5.2527736674e-02 -1.5863580121e-01 3.5006232997e-01 -2.9974709601e-01 1.5351060459e-01 1.3962578845e-01 -1.0929567644e-01 6.8369580849e-02 -1.2832423029e-01 -1.4056734287e-01 3.1417090005e-02 -2.7745977006e-01 4.3248129139e-03 -2.7925395650e-01
-1.8003666401e-01 -1.0922373709e-01 -1.4407302978e-01 3.2480039075e-01 -4.3881539446e-02 -1.5814067887e-01 -5.5134654910e-01 4.6782367550e-03 1.6450682508e-01 1.8024566502e-01 -2.8023617489e-01 -3.1236752347e-01 2.1216853493e-01 3.5389892213e-01 -7.8957609432e-02 -7.7891182508e-02 -5.5333053206e-02 -3.0771968017e-01 1.5361602945e-01 -1.7905087293e-01 -1.8683358655e-02 1.0559520384e-02 -5.5924379074e-02 -1.8338675365e-02
-1.5272539306e-01 -2.1095398947e-01 2.9285983675e-01 8.7680137976e-02 -4.9075654275e-02 -5.9384537417e-02 -1.2744316360e-01 -2.3254800702e-01 -1.6908852339e-01 5.9470421536e-04 -3.4749805411e-01 3.3456416470e-03 1.7106035703e-01 -7.2215373789e-02 -4.2095491482e-02 2.5976197627e-01 1.4136589511e-01 1.7990101145e-01 -3.4457911870e-01 -3.0128278763e-01 -4.0684534873e-01 3.1375652363e-02 -2.2298252012e-01 3.7823508099e-02
2.8168219111e-01 -1.6704495201e-01 1.0579622888e-01 4.2861263085e-02 7.4623484397e-02 2.2848359552e-01 2.4705263067e-01 -3.1527377808e-01 -3.4918817058e-02 1.6033433641e-01 -5.6504186957e-01 -4.2884632247e-01 -1.8070512020e-01 -4.3590688674e-02 1.2186057740e-01 -4.4526642069e-03 9.8943509284e-03 1.4487742296e-01 3.1242307464e-02 -4.6723950405e-02 -6.7130331987e-03 3.6678196700e-02 1.2076921230e-01 -2.5787012590e-01
-2.5338965825e-03 -5.0476215916e-02 -1.4397563066e-01 -3.0119266758e-01 -4.0931890519e-02 -3.4579172091e-01 2.3898376728e-02 -7.5263039490e-02 8.3432125149e-02 1.0731182721e-01 -1.5123166738e-01 1.4162305025e-01 -3.3553839015e-01 9.4187490111e-02 -2.6376513246e-02 2.7187646121e-01 1.3108623841e-03 -3.0680841512e-01 2.0270160155e-01 8.6650071173e-02 1.5888180015e-01 -9.8974377976e-02 -1.2615691806e-01 -1.4803096501e-01
1.4032689271e-01 2.2276095858e-01 1.9100037551e-01 -4.0324598827e-03 -1.8194393128e-01 1.6632912729e-01 -4.5434735093e-02 -8.3254255119e-02 3.0239183056e-01 -2.6193937301e-01 -2.3269436586e-01 1.7568007095e-01 4.0726763765e-02 -1.0820194618e-01 -6.0682983247e-03 3.7229252731e-01 -1.2760573236e-01 -1.3798490781e-01 9.9805950235e-02 -1.1721421785e-01 -2.5517168113e-01 -1.6360650426e-01 2.1241540286e-01 -1.0671085247e-01
-1.5086114976e-01 2.8246344426e-01 -3.7451055128e-01 -2.8075186005e-01 -1.9300743112e-01 1.0600577002e-01 4.6495295940e-02 -2.2916049759e-01 5.0435297271e-02 -5.8238340924e-01 -3.2757397313e-02 -1.5242752004e-01 -6.8347653938e-02 -6.4361608624e-02 -6.7704709783e-02 -2.3629308054e-01 -3.1280100352e-01 -1.4157033921e-01 -1.0872359712e-01 -3.5462923720e-02 -1.2903945451e-01 6.3779656324e-02 5.6741992674e-02 -2.7578460369e-01
