-5.5347375781e-02
2.2253199074e+00
8.0986661033e-01
-7.0250909770e-01
-2.4194484271e-01
-1.6336468408e+00
2.1353368861e+00
-4.0520186555e-01
-1.7463112567e+00
-1.2903821757e+00
1.3603302484e+00
7.9114883786e-01
-1.2109457581e+00
3.0593771586e-02
-1.3539170620e+00
4.3471461144e-01
6.5107184537e-01
-1.6500630966e+00
-9.0616394529e-01
4.5592885032e-01
-5.7265434034e-01
-1.5747635634e+00
-8.0984300258e-01
-7.3356950891e-01
2.5637330894e-01
4.0475297332e-01
-1.6360151057e-02
1.0904913105e+00
-6.4738888714e-01
-1.2212867630e+00
-1.1200039178e-01
9.7925609387e-01
