-4.4256371000e-01
1.2095469551e+00
-1.9606175634e-01
-3.7018532207e-01
-1.2425619958e+00
3.6295339361e-01
-1.7167104593e-01
4.6428959934e-01
-2.6774351350e-01
-7.0301249127e-01
-3.7875922684e-03
-1.0058766382e+00
1.9100222443e+00
-1.2734232194e-01
-4.4109646694e-01
-5.8788357878e-01
7.9581904733e-01
-5.0234683344e-02
2.7990088486e-01
1.3526388518e-01
-2.3975767653e-01
3.9203984850e-01
-3.5742680702e-01
3.5443324923e-02
1.8664497486e-01
-7.1254157814e-01
6.0254974965e-01
-6.8809074830e-02
-3.8831183141e-01
1.3870439457e-01
-3.5063822144e-01
2.5744372353e+00
1.7598538563e+00
-1.1069914277e+00
1.5058773423e+00
-6.3828541407e-01
2.3288645254e-01
2.3473154689e+00
5.2368167178e-02
6.9129700750e-01
-1.1704193840e-01
-1.1912263123e+00
1.3802072416e+00
-8.6063379865e-01
6.6448820907e-01
-1.1447487260e+00
5.6856674885e-01
-1.7285235252e-02
-2.4633009467e-01
1.8040498650e-01
