-2.0152040072e+00
-1.2020705148e+00
7.3109886361e-01
-1.6509342053e-01
-3.5851852393e-01
-1.0583050325e-01
1.6061512491e+00
-4.3299881246e-01
-7.9516296459e-01
-2.2567612993e+00
-1.2121489701e+00
-5.2152608888e-01
-7.9497485698e-01
1.9473927829e+00
1.4141463076e+00
-7.6385350104e-01
1.8893974763e+00
-4.7178990591e-01
-2.1954079498e-01
1.7892189422e-01
9.2286847268e-01
-6.1590992468e-01
-3.0387286488e-01
-1.1142514483e+00
9.2430282173e-01
-1.9112502037e-01
1.8354404387e+00
1.2306595839e+00
1.4172294926e-01
1.0573623872e+00
-1.4477910307e+00
-2.1591937409e-01
-5.5391334181e-01
4.0762371099e-01
-7.2328509473e-01
