1.5880448980e+00
-4.6223161140e-02
-3.1319617388e-01
1.2137644076e-01
2.1402247115e+00
2.0667537610e-02
-8.9276054556e-01
8.4007312032e-01
2.2659611632e+00
-2.8622195007e-01
1.2594867196e+00
1.8547018391e+00
5.1712428590e-01
2.7549007094e-01
-9.3102112830e-01
-4.9320496305e-01
6.1354915520e-02
-1.9006830611e-01
8.8369784805e-01
5.8819709457e-01
-6.9192517530e-01
2.4314243000e-01
-1.2502628114e-01
-6.9247133200e-02
-4.4898008581e-01
-2.1963570575e-01
-2.3325152390e-01
-2.8457970131e-01
-1.3390614450e+00
-2.1972112763e-01
4.5681717119e-01
2.4308368229e-02
4.8089684223e-01
-1.3295738231e-01
9.2204336388e-01
-5.1442010439e-01
-3.0782485941e-01
1.0095896706e+00
1.1718848692e+00
1.3603869790e+00
-1.1222183448e+00
-1.5602661842e+00
-9.2354741719e-02
-1.1224570553e+00
-4.9751300233e-03
9.9736243966e-01
3.2285211106e-01
-1.4715549089e-03
-3.7751128697e-01
8.6386931595e-01
