-1.4549835830e-01
6.6016145530e-02
-3.7670633811e-01
9.1083501609e-01
4.8031943313e-01
9.5840033261e-01
-6.8095100020e-01
9.8871603766e-01
-5.0989191209e-01
1.5040957033e+00
-7.3255649238e-01
7.9063070139e-01
3.1969599893e-01
-8.3671539251e-01
-1.9048420443e-01
8.9280089987e-01
1.8169161534e-01
1.4609836610e-01
-5.8324448415e-01
-7.9953977283e-01
-1.0597250054e-01
3.7291896548e-01
-2.4003133148e-01
7.0139959388e-01
-7.9269812815e-01
9.4987558136e-02
1.0792087248e+00
8.8231658873e-01
1.1299620533e+00
4.7007837668e-01
-8.2843868949e-01
7.8039829697e-01
