4.7207494832e-01
6.9104359049e-03
-2.0277102019e+00
-6.2071392804e-01
1.0730015907e+00
-1.1638980330e+00
-2.4611931390e-01
1.9790722933e-01
4.3851190432e-01
-9.6252949147e-02
4.9679744161e-01
1.2767165813e+00
1.0546603832e+00
-2.4170295341e-01
1.1103778864e+00
-6.9099449327e-01
-4.9936182845e-01
-6.6437060634e-01
7.5258570343e-01
1.4002791786e+00
-2.0366801721e+00
-7.9136320432e-01
-4.3434470297e-01
2.1508149507e+00
4.7088886781e-01
5.0871411719e-02
2.4850898107e-01
3.3250469123e-01
-1.1129901165e-01
2.3492403066e-01
1.0176517405e+00
4.6974256838e-01
