1.1567613223e-01 2.3615972434e-02 -5.4984474207e-02 -2.1294219330e-01 1.2666148966e-01 3.2133610993e-01 1.8712371014e-02 -3.9101568374e-01 1.1473036962e-01 -1.6060269277e-01 -3.9363130956e-01 -1.6517416734e-01 -2.8910912941e-01 -9.2422404366e-02 1.3722976562e-01 -6.1699699762e-02 1.6131393225e-02 9.1447736446e-02 -1.9331859928e-01 -1.5883408632e-01 -1.1886748963e-02 7.8169990517e-02 7.7441270984e-02 -1.5652737646e-01
2.4764842714e-01 4.7628736363e-01 -1.3778517204e-01 -4.1721475595e-02 -2.8014754098e-01 -2.7226578761e-01 9.7455157277e-02 1.5125907507e-01 5.0514193219e-01 -2.4556298094e-01 -8.9137395428e-02 1.9827121209e-01 -1.7281452079e-01 1.6546457772e-01 2.3199515485e-01 9.8702412174e-02 -2.0281842319e-02 -1.0544966996e-01 1.5282277308e-01 4.3165840701e-01 -6.4244883147e-02 2.6187517360e-01 1.0214671005e-02 5.6888429823e-02
-2.9605120616e-01 -2.6748013884e-01 -2.2816412688e-01 8.8460489915e-02 3.5128219784e-01 -1.2511210882e-02 -1.3585801286e-01 5.2112829508e-02 1.6081094459e-01 -9.4136140026e-02 7.6312117409e-02 -1.7870241376e-01 1.3805841801e-01 -4.8425376449e-02 -8.8906445652e-02 -2.9135156368e-02 -1.7097648229e-02 4.5052847904e-01 -2.4004081586e-01 -2.0771975563e-01 -1.8657005283e-01 -1.8995603435e-01 4.2302016801e-02 -1.2534009833e-01
-4.1671492172e-03 -2.4377522068e-01 -8.3408286616e-02 -1.8703374906e-01 -8.9884645470e-02 6.4559939252e-02 5.8274874429e-02 -8.5808665539e-02 -2.4133001155e-01 -4.9287730501e-02 2.5336540168e-01 1.0789050394e-01 -3.2969585852e-01 -1.6524840730e-01 -3.8308757003e-01 -1.9409965226e-01 -1.2144400783e-01 -9.5045464035e-02 1.5148889633e-02 -8.0828795397e-02 -9.4967088433e-02 -3.6571973480e-01 2.7551359476e-01 -2.3136153843e-01
-6.8228332271e-02 7.3309500256e-02 9.8081177926e-02 -4.7386798235e-02 5.3796869140e-01 -2.5669517627e-01 -8.0679058701e-02 -1.3266389999e-01 -2.8225894184e-01 -1.9490037415e-01 5.2104745633e-02 4.5104708181e-02 1.0797019743e-01 1.0986886179e-01 -3.9414257137e-02 4.9472849345e-01 1.2693238615e-02 9.8292950761e-02 -4.7999541731e-02 -8.9325548548e-02 3.2139153358e-01 1.8212397013e-01 -2.7476826063e-01 -8.3435552230e-02
3.2708130304e-01 5.1926904453e-02 -2.1506049750e-01 -1.6986907625e-01 -3.9837478629e-01 -2.0861420272e-01 -8.1330964237e-02 -1.3306183762e-01 -2.0918386133e-01 3.9930459693e-01 -2.0814476981e-01 -2.9111150828e-01 1.8804970626e-01 2.5143632757e-01 3.8742833901e-02 -1.9379436554e-02 2.2705399894e-01 1.9440283771e-01 -4.3066401492e-01 1.2432865810e-01 6.3661862272e-03 -4.0709853996e-02 1.5293033079e-01 -3.3507550804e-01
2.3386007051e-01 3.9185421479e-01 -2.7950912994e-02 1.8511025918e-01 -1.1477828633e-01 8.2067593496e-02 -1.2666335381e-01 -1.4931257499e-01 1.9985382103e-01 6.6830849137e-02 1.7434262421e-01 9.7100781406e-02 1.0714937296e-01 9.7667538324e-03 1.4493718375e-01 -4.4316883257e-02 -8.8783262180e-02 -9.2304874749e-02 4.2883399117e-02 6.2281467561e-02 -1.6042958948e-02 3.0837069505e-01 1.7253079872e-01 2.7944156116e-01
-2.0638965823e-01 -1.8593795450e-01 5.9793478665e-03 2.2354547459e-03 5.3992894424e-02 -1.7834620010e-01 4.9438982977e-02 4.4741050404e-02 -1.4548048647e-01 -2.3575252380e-01 -2.1983416590e-01 6.0163170870e-02 1.6058056630e-01 -5.2775456498e-03 -1.7872476977e-01 -6.9309564666e-02 1.0469231262e-01 -1.5052653123e-02 -1.8400982381e-01 7.9649400579e-02 4.5125410763e-02 -3.4393734441e-01 -1.1981562383e-01 2.2669205159e-01
1.2422394998e-01 6.0512363141e-01 -6.4523163919e-02 -2.0079627704e-01 3.3224948102e-01 1.0805303462e-01 4.5577526938e-01 -5.9752948525e-02 3.4352793850e-01 -3.5025248420e-02 1.5755648342e-01 1.7998201482e-01 2.3089080242e-01 3.0308195316e-02 -7.3353269360e-02 1.5021747652e-01 -7.3054410774e-02 -4.6347946328e-02 3.0409440040e-01 1.7035578499e-01 -1.1976545341e-01 -2.5124773853e-01 -8.0137912535e-02 -9.2205066990e-02
1.2637548066e-01 4.7632684106e-01 2.9739149223e-01 -2.6756505499e-01 2.4440203154e-01 -5.8586030919e-02 1.2881372338e-02 6.5482952261e-02 -3.1746640114e-01 -3.8890912884e-01 1.6937542140e-01 3.4038666958e-01 -2.3440136824e-01 6.6157045668e-03 4.5917241436e-02 6.0589717606e-02 -1.2074111597e-01 -1.7735965443e-03 2.7296833018e-01 -2.1161432298e-01 1.5310036602e-01 -8.3583357155e-02 1.6771342948e-01 -1.4576304463e-01
4.7526528371e-03 1.0031797722e-01 1.8082191888e-01 -1.6740283856e-01 3.1496720402e-02 3.1102746625e-03 -8.5409367744e-02 3.2470483542e-02 1.5272293793e-01 -8.2978160551e-02 9.1861442009e-02 -2.1260947191e-01 -7.8743426182e-02 -3.1132639364e-01 1.7800829618e-01 2.8659620884e-01 -1.3901783821e-01 -3.0345343940e-01 -2.3542701480e-01 5.4616697657e-02 4.0922858343e-02 -4.1457403065e-01 -2.3767572664e-01 -2.8520387567e-01
-5.0478694131e-02 -1.3020043764e-01 1.8592165093e-01 3.9677150730e-01 8.3284827539e-02 -1.0315405434e-01 5.6953623481e-02 -4.6461679286e-01 1.4993175277e-02 1.5115288944e-01 9.4829212299e-02 -6.3645165944e-02 3.5263092608e-01 3.1246042642e-01 -7.8457174735e-02 -1.8968462745e-01 1.6868649105e-02 2.8600795566e-01 -4.2270206828e-01 -1.0657619007e-01 -5.8084772672e-02 1.4667761621e-01 -1.2748337488e-01 6.6121562857e-02
-2.6241069541e-01 3.5160973065e-02 -2.3581190528e-01 4.8472822334e-02 4.9339898105e-02 4.1968612749e-01 1.8376480306e-01 -4.0986697018e-01 1.6651101586e-01 4.2965904455e-01 -1.2941934342e-01 -1.3108636330e-01 -4.0626856445e-01 3.7699756249e-01 -1.2004927617e-01 -2.1954170536e-01 1.3351103796e-01 -6.0489606389e-02 -1.6582781671e-01 -3.2648644149e-01 -2.8692865282e-02 -1.9470851902e-01 -4.1177139342e-02 -1.8712000569e-01
-2.6391763748e-01 1.2897974975e-01 7.6993153625e-02 3.2701576546e-01 2.0141473113e-01 2.2794930846e-01 6.5063616061e-02 -3.1863907766e-01 5.5905928797e-02 -2.4856582578e-01 -1.3127212958e-01 1.7416537846e-01 1.9963717231e-01 4.1619104159e-01 -9.3422088458e-02 1.4886810835e-01 2.9031501411e-01 -2.2392416971e-01 4.8425050973e-01 1.4020826634e-01 1.9035524522e-01 1.7128820040e-01 3.2586308478e-01 4.5771763254e-02
1.0871828472e-01 -1.2299843479e-01 -4.3422987240e-01 -7.4972070546e-01 6.6336136248e-03 -2.9444455243e-02 -1.3609277517e-01 -7.6407430412e-02 1.3576669484e-01 -1.5123328807e-01 -2.4202362258e-01 -6.1346038196e-02 -4.0062593383e-01 -3.5433802312e-02 1.7234765572e-01 3.1485193916e-01 -5.2558644061e-02 3.2645432629e-01 7.1609917789e-02 1.7882410754e-01 -4.7587373560e-02 9.4854915576e-02 -1.2606542148e-01 1.3039042475e-01
2.3069024335e-01 4.2014223695e-01 4.1636927807e-02 -3.4833288057e-01 -8.9546948951e-02 -2.3061820779e-01 -2.2907799345e-01 1.0293963157e-01 5.7387214045e-01 1.7731454032e-01 4.3182602974e-02 -3.3359947347e-02 -2.0598192978e-02 -3.9759037773e-03 2.3925330620e-01 4.7698505004e-02 -2.7946465202e-01 5.1042577265e-02 -1.8979021757e-01 -2.3511382743e-01 -1.5227592422e-01 -3.1005279032e-01 1.5969698908e-01 -3.1432380007e-02
-2.5764748470e-01 -2.3715959146e-01 9.5446397055e-02 8.6461661869e-02 1.6442188773e-01 2.2211025571e-01 -2.6069182988e-01 -1.4807214152e-01 -1.6323196083e-01 -1.7340609308e-01 -1.1457610212e-01 -1.1622731428e-01 2.2836518816e-01 7.3654205877e-02 -6.8233782429e-03 -2.3071196021e-01 1.2063656389e-01 5.1602326518e-02 -4.1005421211e-02 3.7023557276e-02 -6.1546453251e-02 -1.5311324364e-02 -4.2968873590e-02 8.2176476759e-02
-4.2972523590e-01 7.4254319226e-02 2.1728779807e-01 -8.6905925630e-02 2.3226177698e-01 -8.8858209113e-02 4.3209415860e-02 -2.9703043869e-02 7.1450898754e-02 1.4018793308e-01 -2.6053153930e-02 2.3072780243e-01 -1.2840213514e-01 -3.7026120301e-01 -1.3592730350e-02 -2.4388596600e-01 7.6304647012e-02 -2.7192970463e-01 3.9079058646e-01 -1.6364493579e-01 3.2669520523e-02 2.2105204960e-01 6.1588771544e-02 -2.8294009126e-01
-2.4192975525e-01 1.8146167779e-01 1.0012828374e-01 5.7372016099e-02 1.2336779760e-01 1.3237722942e-01 1.7857816445e-01 -8.1451790177e-02 1.6361961266e-01 8.0189026963e-03 -1.3547504634e-01 2.2415333221e-02 -2.1029954167e-01 2.0016085303e-01 3.2610295800e-01 -2.9642782417e-02 1.6723935275e-02 -2.1115772555e-01 -8.4874271795e-02 1.7253211398e-01 -4.5174402202e-01 2.0735149691e-01 -7.8409902241e-02 -2.1540604782e-01
3.3969223656e-01 1.9586682336e-01 1.4365087420e-01 3.4530392043e-01 1.7865691665e-01 -5.3009851313e-03 4.5115142041e-02 -4.4582778814e-02 -2.2144731023e-01 -1.9987600404e-01 1.2896643300e-01 1.6339340512e-01 -1.8801723644e-01 1.4024893811e-02 -8.1713175175e-02 1.7976827658e-01 -6.0847638045e-02 1.4835824416e-01 -2.4486804761e-01 -5.6957884841e-02 1.6491314996e-01 -1.4422939539e-02 -3.7260914191e-01 1.8529579398e-01
-2.8865967869e-01 -5.1833782206e-02 1.1063537921e-01 3.5532456440e-01 3.5478855130e-01 -1.0808891961e-01 -1.5590877216e-01 -2.8778017848e-01 3.8784527061e-01 -2.3551994927e-01 -2.9154135381e-01 1.0603390968e-01 -2.6983009339e-02 1.1938268892e-02 3.8658696934e-01 -3.1589987453e-01 4.0593579769e-02 -1.9306895902e-01 -4.3062719555e-01 3.2699740976e-02 -4.2297800168e-01 4.2635326773e-01 4.0388500991e-01 3.6000284285e-01
-3.0289556138e-01 3.7348649499e-02 -2.8681704917e-02 -1.2469795356e-01 4.2333740533e-01 3.0344026973e-03 -1.3385697323e-02 -4.6163677595e-02 3.6629410182e-02 3.1178143281e-01 -2.8308099870e-01 2.8000996385e-02 1.3232915785e-03 -1.9526644547e-01 -2.3643627241e-01 -2.5304640034e-01 -1.2827300939e-03 -7.0270906279e-02 -3.4506208827e-01 -1.3033426702e-01 -9.3952460273e-02 -9.0927178198e-02 7.6141370268e-02 -1.0980037038e-01
-1.3127112379e-01 1.0218863585e-02 1.7156689329e-01 1.6580802441e-02 1.0242936189e-01 -4.0010926734e-01 6.0457318141e-03 5.1696528106e-02 5.6442396709e-02 -2.7185950278e-01 3.0751258493e-01 2.3760517436e-01 3.0829931432e-01 -1.9003846693e-02 -2.3348565451e-01 1.5087522544e-02 -2.4841452196e-01 7.5711431177e-02 1.8868452380e-01 6.2713351667e-02 -2.6234277860e-01 1.7332246888e-02 1.0651181334e-01 -4.7812256396e-01
8.1623716516e-02 2.7930735362e-01 2.4546337575e-01 7.7968876024e-02 -2.5751234355e-01 8.3447424724e-02 -2.2417594414e-01 -5.7328194101e-01 -1.7723098001e-01 -4.6863360738e-03 2.6016656093e-01 2.3948684149e-01 -4.0819138962e-01 -3.1644401959e-01 1.6359963153e-01 1.2834877365e-01 -4.9833650374e-03 1.7253280731e-01 -6.2521850625e-02 7.3384407030e-02 3.4213358453e-01 -9.8548216381e-02 -2.4788873537e-01 -1.7234009693e-01
