-5.6991759290e-01
-7.2809661532e-01
8.9880067922e-01
-3.1047041694e-02
-8.6159637299e-01
1.6583260109e-02
3.4496624501e-01
-2.4672071823e+00
-1.4954091383e-01
-1.0356575108e+00
1.4896184727e+00
6.2732303220e-01
1.1777308380e+00
6.2762762813e-01
2.4449198409e-01
4.3053291480e-01
1.0541691618e+00
-9.2759668931e-01
-5.7128791705e-01
1.5954681376e+00
5.9699346817e-01
-1.7018379417e-01
2.3605950616e-01
8.8215362955e-01
2.5032160259e-01
-9.5678329149e-01
3.7680148101e-01
9.7791142887e-01
-4.5388537837e-01
1.7125738961e+00
7.4739761984e-01
2.9685309407e-01
