-6.2135731246e-01 -8.4487825845e-01 1.1407817600e-02 -5.6418744507e-01 -9.0818424680e-01 -6.7476593473e-01 4.5684097474e-01 1.4770505107e-01 -1.3375190669e-01 -3.2069098878e-01 3.8059339246e-01 3.6530923940e-01 -4.1697070562e-01 3.2636911387e-01 3.4906206711e-01 2.6737615979e-01 -8.0105255786e-01 3.3573254413e-01 6.3092548934e-01 3.0755729307e-02 2.6866273544e-01 -3.7540573586e-01 -7.7954842858e-01 -2.0214710129e-01 -2.5164179655e-01
2.1007296683e-02 3.8965095562e-01 3.7744362871e-01 4.1802389030e-02 6.0196502008e-03 3.0122262769e-01 2.6907593126e-01 -2.6607159388e-01 3.0030739151e-01 -1.7535746650e-01 2.0021566157e-01 4.3925179330e-02 3.8822909939e-01 4.6410571588e-02 -2.4767698635e-01 -7.9762981939e-03 4.6964627591e-02 -1.8523496124e-01 2.9564425548e-02 1.1322220147e-01 1.0070137317e-01 -7.2935695108e-01 4.3030495702e-02 -5.5854666152e-02 3.0687001768e-01
-5.0340891537e-02 2.3317468242e+00 1.1839425194e+00 1.2125021069e+00 4.4835928178e-01 1.3179909221e+00 2.8212305536e+00 1.5535365884e-01 3.2274867032e+00 -3.4921603383e+00 1.7056559039e+00 -3.9495088438e-01 1.5962003408e+00 3.0540865633e-01 -2.5442692570e+00 -2.6848780514e-02 -1.9526746938e+00 -2.0802075177e+00 9.5557082369e-01 3.2583781077e+00 2.2760556865e-01 -1.2293036251e-01 -7.8461439521e-01 -4.4319087311e-02 2.2367604651e+00
-1.3959957213e-01 5.5723498339e-01 3.3293294080e-01 4.6407185685e-01 3.0806164766e-01 3.7451801279e-01 5.5881449562e-01 -2.4899375501e-01 9.4594903148e-01 -9.0397860622e-01 3.6574583656e-01 -3.3769770524e-01 5.5178528357e-01 -1.2485761055e-01 -7.8765906760e-01 -2.7604185419e-02 -3.2788214149e-01 -5.9518305123e-01 3.8516317409e-01 1.0251355430e+00 -1.4769418329e-01 4.9869777807e-02 -2.2612828634e-01 -7.8638037986e-02 8.3087915290e-01
3.4864137880e-03 -1.8806501097e-01 -1.8334452673e-01 -3.3665970835e-02 1.8832964217e-01 -1.4210015166e-01 9.4494041379e-02 6.6712907670e-02 -4.0087250814e-02 5.8061998680e-02 -3.1410916022e-01 -1.8158202621e-01 4.5280726382e-02 -9.4206341931e-02 -2.2883935257e-01 4.0539746383e-01 1.6578992668e-01 3.9944804837e-03 -3.7465588592e-01 1.3642970304e-01 9.0363304485e-02 -4.5536279662e-01 -6.1450877554e-02 -2.1375876879e-01 -1.9125087113e-01
-2.5946212451e-02 -3.8579790049e-03 5.8879019579e-01 -7.7352971621e-01 -2.5498603592e-01 -4.3456018910e-01 7.0124829231e-01 -9.6740532046e-02 -9.8240185717e-02 -1.5755405445e-01 4.3016179169e-01 6.3048143503e-01 -2.2716007027e-01 3.2811272085e-01 -5.1105231129e-02 -3.6636878863e-01 -5.1896563656e-01 -1.6421029808e-01 7.6740409037e-01 6.6253292243e-02 1.7095233806e-01 5.7510258514e-01 -3.7323082648e-01 1.0234862754e-01 9.9793473650e-02
-7.3258508450e-02 5.6803953187e-01 -1.4990098212e-01 6.7412858050e-01 4.9639671643e-01 3.1432736143e-01 1.5283626519e-01 -2.8691824706e-01 4.7234167576e-01 -3.5496371563e-01 2.1231990167e-02 -3.8668953030e-01 5.1567630042e-01 -6.6056553941e-01 -5.4026979503e-01 -1.8984235482e-01 -1.1413997140e-01 1.9916821170e-01 -1.9066850870e-01 5.4886324268e-01 -1.6123353737e-01 -3.0907914725e-01 3.6587442147e-01 -1.5382799085e-01 2.1283661437e-01
6.7809215432e-02 -2.0269666010e-01 -1.4832537866e-01 1.7250625916e-01 3.9068634676e-02 -2.6470677398e-01 3.8196977106e-01 -1.4038045432e-03 7.3477998130e-02 -3.0105779694e-01 -6.4043388118e-03 -4.5688079469e-01 -4.8917371920e-01 5.7354083399e-02 -6.5733766325e-03 2.3281654630e-01 -1.4470073542e-01 5.0415242357e-02 7.4430300968e-02 2.3837589675e-02 3.0476361611e-01 2.8422271081e-02 -3.8538309462e-01 -1.4737181986e-01 -4.7304427518e-02
-1.0450722801e-01 3.8468341114e-01 -1.7391763123e+00 1.4885654989e+00 1.1588940540e+00 6.0809451650e-01 -5.3542968217e-01 3.1080439275e-01 7.1407913564e-01 -1.1010711933e-01 -1.3592175285e+00 -1.5197075248e+00 7.0941267398e-01 2.6813056153e-01 -9.7811401136e-01 4.8818280892e-01 7.4685432710e-01 2.7340036075e-01 -1.4433245117e+00 9.5665859780e-01 -2.3129023112e-02 -4.3313007376e-01 8.2964132083e-01 9.2121401540e-02 -3.3673530515e-03
-1.1923913411e-01 -3.3332080173e-01 1.1296640676e+00 -6.3906469941e-01 -1.1732558151e+00 -7.1512008570e-01 1.0549616562e+00 2.5229476452e-01 5.9094985894e-02 -8.8437945317e-01 8.6894457629e-01 8.5126291427e-01 -5.7150730648e-01 -5.3272786311e-02 2.0971557339e-01 2.5198186298e-01 -1.3851479847e+00 -4.7906272940e-01 9.4863000588e-01 2.6621112156e-01 -1.9297560925e-01 -3.4020825250e-01 -1.6228357807e+00 -2.6010357708e-01 5.2302227066e-01
4.0184097924e-01 -5.7883322001e-01 -2.2282561290e-01 -7.2995672945e-01 -3.5039891399e-01 -4.3889932606e-01 -8.0590793803e-01 -4.6217082957e-01 -8.9122772065e-01 7.4346071452e-01 -3.5343749938e-01 5.7233404206e-01 -4.0585169596e-01 -3.5413028053e-01 7.3328683792e-01 -1.6025056107e-01 3.2709784932e-01 4.2380674649e-01 1.4955416454e-01 -5.5582780529e-01 -1.1524391414e-01 -5.7778085301e-03 3.8887016360e-01 3.1132083709e-01 -5.7519308600e-01
-8.4809294568e-02 -2.2321127102e+00 -5.7541256307e-01 -2.2728624790e+00 -9.5223204821e-01 -2.2280526041e+00 -9.3910211254e-01 2.8073696962e-01 -2.6645917777e+00 2.0644792410e+00 -9.8525080724e-01 1.3653064426e+00 -1.8649431961e+00 -3.9716877006e-01 2.5556841270e+00 -7.1950676068e-03 3.3037925567e-01 2.0397758610e+00 4.9443578278e-01 -2.4807221668e+00 -8.4724096678e-02 -5.2439245469e-01 -9.2736531540e-01 -1.4514993484e-01 -2.1863607090e+00
1.3040274358e-01 3.8050135815e-01 9.8320838816e-02 -2.1898622324e-03 2.9337603825e-01 3.4537242278e-01 -2.1818178445e-01 -1.0191640717e+00 -1.6390344503e-01 -2.3379070106e-02 1.1044611278e-01 2.7349033773e-02 2.0394777022e-01 -2.4618608417e-01 5.7388247536e-02 -5.5264757646e-01 2.0211129111e-01 -6.3583038712e-02 9.8838844885e-02 1.0625716872e-02 -1.5783474924e-01 3.4456975128e-01 1.6747523549e-01 3.4150841248e-01 3.8735142294e-02
4.5755771396e-01 1.4114304921e-01 -7.4843117617e-02 2.5944665965e-02 -2.0041559564e-02 -7.2437596219e-02 -2.3522345091e-01 -1.6765368970e-01 1.1879540552e-01 1.5438429367e-01 1.1025961066e-01 8.9001440892e-02 2.6209569349e-01 -1.3426171226e-01 -1.2174134526e-02 6.5293369759e-02 6.0486279622e-02 -1.3255650430e-01 2.3594882599e-01 -4.6516458303e-02 -5.1976205337e-01 -7.7112432676e-02 2.8538638736e-01 1.7589101331e-01 -3.1635330303e-02
7.3237624250e-02 -9.3606508709e-01 2.0273995529e-01 -1.1982287314e+00 -6.8674607204e-01 -8.0674579254e-01 -3.1838943191e-01 8.1650949814e-02 -1.7761891230e+00 9.3463912642e-01 4.6739786971e-02 1.2100180927e+00 -5.4024184824e-01 -2.6506775432e-01 1.2875752135e+00 2.7082884996e-01 1.1814633592e-01 6.0297386408e-01 8.3128601503e-01 -1.1833224144e+00 -2.0979477979e-01 2.4394576754e-02 -5.0615542649e-01 1.5798957505e-01 -7.0793430287e-01
-5.4241702298e-01 1.2921071334e-01 -1.6799803430e-01 2.7541301401e-01 -2.5673025731e-01 8.3077110622e-02 2.1011291996e-01 6.3616985074e-02 3.1097316554e-01 -2.0965389876e-01 -2.2244042354e-01 -2.2261358950e-01 -9.8543835730e-02 5.9247922577e-05 -2.3153154904e-01 3.4587688959e-01 -2.9852131452e-01 3.3285187000e-01 -4.7565950464e-02 4.5114192114e-02 6.2772426132e-01 -3.4543909910e-01 2.3587562030e-01 -6.8087919096e-01 -2.1385667670e-01
4.9011541556e-01 9.3484615413e-01 1.1023624128e+00 -1.6333758302e-01 4.5860036908e-01 6.3769569346e-01 7.7690185657e-01 6.3248652613e-02 6.4466906797e-01 -6.8832568380e-01 1.1444337941e+00 2.3952641105e-02 7.2852084261e-01 -2.2387168282e-01 -4.4787153882e-01 -6.6903912287e-02 -2.6531888239e-01 -1.0673908332e+00 8.7350209341e-01 3.9142620142e-01 -2.1044879716e-01 5.7503664322e-02 -2.1093783148e-01 4.2498881794e-01 8.6455176154e-01
9.1337680503e-02 -8.5326579382e-02 -3.0364440309e-02 -1.1957075315e-01 -2.3017869971e-01 -1.9856522744e-01 -3.6986081092e-01 -1.1135326312e-01 -1.5094436883e-01 2.6720113483e-01 -4.1853493193e-02 1.9787013105e-01 -3.8582677726e-01 -2.6519897444e-02 2.2888069892e-01 -1.2061106223e-01 -1.7849460376e-01 3.4798784348e-02 9.0477333897e-03 -6.1109148645e-03 -1.3021519562e-01 -1.5839253888e-01 -1.8683488117e-01 -1.2101121802e-01 -2.4715164377e-01
8.2191133751e-02 3.8876499215e-01 1.0423800485e+00 -5.8367045783e-01 -6.4416317593e-01 1.3962195955e-01 7.9353287762e-01 7.9467749124e-01 1.9133073876e-01 -3.3638368109e-01 9.3706420363e-01 8.1013859612e-01 5.7650214271e-02 5.7174677718e-01 -6.7041712452e-02 2.7696005757e-01 -9.8691409305e-01 -7.7954782777e-01 8.9881814070e-01 2.6432914415e-01 3.5177807081e-01 3.3369249402e-01 -5.3523130596e-01 1.2647055041e-01 5.0104984236e-01
-6.1081965188e-01 -4.1206210249e-01 -4.5766935153e-01 1.5107912309e-01 -1.8681800033e-01 -9.1396122067e-02 3.7576866523e-01 3.0430380315e-01 7.1874311835e-02 -1.4346398133e-02 -1.6013934538e-01 -5.8300653647e-02 6.0338308078e-02 1.0541051053e-01 -1.5739232412e-01 4.1797927150e-01 7.6846854696e-02 1.2181091733e-01 -1.3031074451e-01 9.5239491633e-02 2.8758780076e-01 -3.7885389992e-01 -3.2752014592e-01 -4.5756756776e-01 1.3394997875e-01
3.7104213894e-01 2.9843822499e-01 3.1471252924e-01 -2.8730085413e-02 1.8835318853e-01 1.2257230868e-01 -8.6586665605e-02 2.0646454561e-02 1.0336988244e-01 -1.7821972495e-01 3.1218571968e-01 -2.5024556151e-01 2.8542975613e-01 1.5108332432e-02 -1.8355626597e-01 1.4909806087e-01 1.0035515721e-02 -4.5932275860e-01 2.4154758450e-01 4.4076579489e-02 -5.2652778384e-02 9.3872792235e-02 3.6198491850e-01 9.4502538582e-02 5.0123482546e-01
2.7615281386e-01 -9.5899441719e-02 3.3676128995e-01 -1.1769116994e-01 -2.9953565972e-01 -9.0896484994e-02 3.4335154733e-01 -8.2216893176e-02 1.8313464356e-01 -4.2125508476e-01 4.5040529036e-01 2.8213537803e-01 -5.8236828818e-02 -2.5657504536e-01 -3.1959566142e-02 -4.7736060385e-02 -1.3800706935e-01 -1.6689460277e-01 2.5964064932e-01 -1.0994207775e-02 -1.6624810629e-02 1.2174993345e-01 -2.4674578199e-01 9.2372128053e-02 1.6521837138e-01
6.6135778754e-02 -7.4100526529e-01 8.2440808659e-01 -1.7530133061e+00 -1.1709191201e+00 -1.1130917366e+00 2.4274481760e-01 1.4001294896e-02 -1.3299317824e+00 5.5118553294e-01 3.3490710666e-01 1.5363005672e+00 -9.9154119273e-01 2.7994663093e-01 1.4019904433e+00 6.8541939371e-02 -6.4215488701e-01 6.5760461482e-01 1.2785728376e+00 -1.3037386015e+00 3.4611603399e-01 2.4195945540e-02 -7.7248454337e-01 1.1734427085e-01 -2.1121772991e-01
-1.0846768417e-01 -1.1951943357e+00 -9.2853170583e-01 -3.4542381280e-01 -6.5837431845e-01 -1.0840457198e+00 -8.5775110457e-01 -1.0013034492e-01 -7.5113547037e-01 9.4302539746e-01 -1.1751764240e+00 -8.8372739191e-02 -1.1586136690e+00 3.4893858293e-01 7.3748479426e-01 1.8426042896e-02 7.1993575088e-01 1.7323921227e+00 -4.1630955711e-01 -1.1300621420e+00 4.4082100591e-01 1.1066800021e-01 -5.8878476485e-02 -3.1044319694e-01 -1.5013324126e+00
2.3610182256e-01 1.5216612258e+00 2.3671185008e+00 -1.8809953531e-01 7.7539281402e-02 1.0916879861e+00 1.5189755855e+00 2.4105200928e-02 8.7755402310e-01 -1.4874682214e+00 2.3503017500e+00 9.3563803312e-01 9.1984647202e-01 -3.3606348014e-01 -7.3734094951e-01 -1.3914692681e-01 -1.0881101463e+00 -2.5283277012e+00 1.8600883684e+00 1.1963577182e+00 -2.2561239126e-01 1.2441547787e-01 -9.3199987438e-01 9.7591073426e-02 2.4623672692e+00
5.1005577683e-01 -8.9477512442e-01 -7.1809850516e-01 -6.9096051876e-01 -3.2045465571e-01 -6.9579328011e-01 -8.9152998948e-01 -9.0796806495e-02 -1.2675187815e+00 1.2167047766e+00 -5.8431302737e-01 -1.1339393113e-01 -7.2924645575e-01 -3.3748611607e-01 8.5269719133e-01 1.2124628790e-01 6.5462214319e-01 7.8071186613e-01 -2.0918028851e-01 -1.1135380042e+00 -4.3005695401e-02 1.8349388041e-02 1.0364515222e-01 1.3322378608e-01 -1.0807299294e+00
-4.6886884851e-02 -2.1494482245e-01 -2.3264421750e-01 2.8974701759e-01 8.1647977695e-02 -2.2484262083e-01 -5.1570098441e-01 -2.9756952980e-01 3.6635188365e-01 3.2614117112e-01 -2.8273100039e-01 -3.5541097983e-02 -2.8628763446e-01 3.2714601897e-02 -1.4665581647e-01 -3.0356687399e-01 2.7701934297e-01 2.6733785781e-01 -5.3728069992e-01 -1.4375985596e-01 -6.9828872499e-02 -1.3512215841e-01 -6.3882419865e-02 2.7095083029e-02 -5.3201282383e-01
-7.0181523712e-02 9.5372192156e-01 1.6154999874e+00 -5.4218658826e-01 -6.5048755681e-01 3.7924285889e-01 1.1513604786e+00 -7.6156132770e-01 3.2194948541e-01 -1.2043560873e+00 1.8744791584e+00 1.0413832985e+00 2.7273683684e-01 1.6398519766e-02 -1.3707105908e-01 -1.6516413391e-01 -9.8715428571e-01 -1.6258297717e+00 1.5843301293e+00 8.2284258510e-01 4.5889049284e-02 1.6297806604e-01 -6.9977149779e-01 8.3244993120e-02 1.5323986164e+00
6.6123171809e-02 3.3638182632e-01 3.3608722442e-01 1.1140103440e-01 3.4322561721e-02 9.2191331433e-02 5.5127864390e-01 -3.9791143352e-01 6.0636197485e-01 -5.2746374836e-01 3.8682165320e-01 -3.1174529545e-01 3.8788610862e-01 5.3188082135e-02 -6.8641562706e-01 -6.4675652592e-02 -2.6899133885e-01 -3.6201900700e-01 3.2570897924e-01 6.4464958840e-01 -3.5157324230e-02 1.7479517848e-01 -1.0955203900e-01 1.7228749439e-01 5.7377910771e-01
-2.2456875497e-01 -1.1756104321e-01 -6.5862362325e-01 7.0490586180e-01 1.1590220056e-01 7.6882120492e-02 -6.2745258525e-01 -2.4672609000e-01 3.8782797278e-01 5.6111270507e-02 -9.0783747287e-01 -5.3061192725e-01 -2.9734974101e-01 -4.5541196977e-02 -6.7087920802e-01 1.0719024974e-01 6.7257282344e-01 6.5057247531e-01 -6.6643731860e-01 2.3103061002e-01 1.1093422034e-01 -2.4715539231e-01 1.8176931947e-01 -2.7958883901e-01 -3.7439379300e-01
2.2282514536e-01 -1.3258094824e-02 6.9559558605e-02 2.8995168917e-01 -3.1453525574e-01 -1.0578464033e-01 5.4312749306e-01 9.7873139938e-02 3.1714154817e-01 -5.3199750400e-01 3.2058391525e-01 1.1881881988e-01 -2.1179295839e-01 1.4084780931e-01 -3.5436097610e-01 8.8466259885e-02 -8.0334684869e-01 -1.9049644241e-01 2.1032025744e-01 4.8849712253e-01 1.7644731966e-01 -1.3530370085e-01 -4.4554910319e-01 3.9344841687e-01 3.0170635344e-01
6.6289152220e-02 -2.0752116690e-01 4.9997206314e-01 -1.0148112813e+00 -4.2389286063e-01 -4.2477080904e-01 4.0443942780e-01 -1.7033980455e-01 -2.3084175105e-01 1.8223462057e-02 4.7892212282e-01 8.8353136354e-01 -2.3512090961e-01 -3.8828149782e-01 7.5521090243e-01 1.9561203525e-01 -7.4409427027e-01 8.0325412171e-02 7.3603112627e-01 -2.8642533137e-01 -2.9438663553e-01 -5.6154407997e-01 -4.0490026040e-01 1.1342361112e-01 -3.7452592116e-03
1.3900313110e-01 7.1247262157e-01 3.9347306045e-01 9.1291414392e-01 2.0237763328e-01 5.8277192924e-01 3.4359228222e-01 -1.3998530670e-01 7.5998788106e-01 -9.9111122394e-01 3.0912531988e-01 -7.0129775223e-01 9.1403655861e-01 1.5741867726e-01 -1.0009134940e+00 1.1678639308e-02 -3.4771300136e-01 -2.4639990637e-01 -3.9097464892e-01 1.0188558785e+00 3.6827050140e-01 -2.1642783512e-01 1.8171265256e-01 -3.8146108347e-01 7.3325607262e-01
3.3121822410e-01 1.0302668269e+00 -1.7734287618e+00 1.6728648959e+00 2.6281129256e+00 1.9609964592e+00 -1.8899319603e+00 2.7864617664e-01 8.2796268393e-01 8.8213562560e-01 -1.6715286042e+00 -2.0030558159e+00 1.7277295833e+00 3.5354305579e-01 -1.6694256695e+00 -1.2544715341e-01 2.5128265907e+00 2.9400850311e-01 -1.9228921179e+00 3.1368816574e-01 2.9763301784e-01 1.3460745118e-01 3.0505312924e+00 2.7533900898e-01 -4.2869136472e-01
3.1841108349e-01 7.0850524202e-02 -8.9269734073e-01 5.6970392176e-01 1.2802957472e+00 4.0005119783e-01 -1.5550711542e+00 6.0971863271e-02 -5.7333726560e-02 1.2424465183e+00 -1.0594394745e+00 -6.3646793981e-01 5.4461697338e-01 2.6057512636e-01 -3.4448936497e-01 1.9198604383e-01 1.4322101698e+00 4.3560446328e-01 -1.1830522427e+00 -4.4997721716e-01 1.2613779269e-01 -7.9477649035e-02 1.3612048983e+00 1.8586059494e-01 -3.6401188478e-01
5.4187867143e-02 -1.3172004077e+00 8.0707788296e-01 -1.0398922496e+00 -2.0786977894e+00 -1.6379031946e+00 7.5593802884e-01 -1.5352688895e-02 -6.1783556202e-01 -2.6428582627e-01 4.7294689698e-01 1.0807797808e+00 -1.5088696244e+00 7.6189204597e-03 1.1647567115e+00 3.5831227239e-02 -1.2704111884e+00 5.6872226720e-01 1.0182977049e+00 -3.6252857959e-01 2.2015074487e-01 -7.0114511284e-01 -1.4661253452e+00 -2.0974988659e-01 -4.0639780733e-01
-3.3973961061e-01 2.5305339629e-01 -5.8637825829e-01 5.4413122161e-01 2.9479496492e-01 6.2275705598e-02 -3.6328291553e-01 4.2430002911e-02 4.6342826042e-01 -1.4873549824e-01 -1.9681857833e-01 -7.6916028147e-01 2.1200002802e-01 2.4045472707e-01 -4.9442494361e-01 2.3906208627e-01 3.0945323427e-01 3.1791553892e-01 -4.4182047379e-01 4.1264116086e-01 -8.9775882881e-02 -3.4612820139e-01 2.0753914150e-01 -5.1197897247e-01 -1.6973622266e-01
-7.9417059011e-01 -1.3791031906e-01 6.3409094563e-03 2.6445054460e-01 -1.7566184414e-01 -1.9068238823e-01 3.4782300184e-01 8.1356636579e-02 1.9247665956e-01 -4.3830526617e-01 6.3827440861e-02 -1.5154568284e-01 -9.7961179518e-03 1.1838697062e-01 -2.0542273162e-01 6.7652185103e-01 -2.7393599506e-01 -8.1999456090e-02 1.7137126302e-01 4.7710819859e-01 5.0299497072e-01 -1.7291141688e-01 -3.0658193708e-01 -1.0361743715e+00 -2.1404546114e-03
-1.7718549944e-01 -5.4817309383e-01 6.0165763345e-01 -4.9541005944e-01 -1.3305550568e+00 -6.5441280881e-01 1.0017816125e+00 2.4642716211e-01 -7.2022514380e-02 -3.9936605870e-01 4.1927042658e-01 7.3471818433e-01 -7.0140121320e-01 1.7900476064e-01 1.3431936713e-01 2.6182153036e-01 -1.1321352928e+00 2.3380582678e-02 1.0630814732e+00 8.4506726845e-02 1.9144546578e-01 -2.3463890336e-01 -1.2128118632e+00 -4.6179713153e-01 3.0811461652e-02
2.2968160678e-01 3.0198360919e-01 4.5182036170e-02 1.7142166157e-01 6.4211410543e-02 1.3575317481e-01 -1.3160584914e-01 2.4982964500e-02 2.4064058287e-01 8.0427259161e-02 3.2410666639e-01 1.4893816669e-01 7.2830064678e-02 8.2326722109e-02 -3.6078972982e-03 -6.0311240208e-02 -1.8930031459e-01 2.8604635927e-02 -1.7390392287e-03 3.1477060712e-01 -1.5436784765e-01 -5.2094306612e-02 -2.0054964327e-01 -5.2574265355e-02 9.8235537437e-02
2.5037382115e-02 1.2821412886e-01 -5.4968187160e-02 1.8964945733e-01 -9.1296938723e-03 1.4496728219e-01 -8.8562278557e-02 8.3326875961e-02 3.3922317566e-01 3.7577171571e-02 -1.2320429011e-01 -2.1546256213e-01 1.1517542079e-01 -8.9591552637e-02 -4.0132417919e-01 1.2511966175e-01 1.3256984544e-01 -1.2483807582e-01 -1.0101058455e-01 3.1969427996e-01 -3.3709619818e-01 -4.1845981544e-01 2.5580623477e-01 1.7976746794e-01 -1.2814970778e-02
-3.4914312261e-02 -5.6606075850e-01 -4.6033946078e-01 1.8910711897e-01 4.8576515231e-02 -3.3596090052e-01 -2.0248089330e-01 6.1379937124e-01 -1.2590251613e-01 2.5569937022e-01 -4.9918082045e-01 -4.7955268205e-01 -4.1744008597e-01 2.1628114947e-01 6.7183375789e-03 1.7137982110e-01 2.9204259104e-01 4.5626914038e-01 -3.0665671285e-01 -9.8494427829e-02 1.4792150125e-01 4.9914148647e-02 -2.8475620974e-02 -1.2018554393e-01 -6.0582399448e-01
-2.7201759469e-01 -4.7082947943e-03 2.3444785261e-01 -1.2289075792e-01 -1.4670818538e-02 -5.0155854123e-02 4.7654705810e-01 8.5942663119e-02 -2.9229430942e-02 -5.7038580988e-01 3.9326438719e-01 2.6791445995e-01 1.5930045668e-01 -1.8888287006e-01 2.1193538112e-02 8.0320948678e-02 -4.3237063965e-01 -9.3060233033e-02 2.1648593005e-01 7.5427504830e-02 1.6465291384e-01 -1.5487935102e-01 4.9649486080e-02 -2.0929168709e-01 5.3981074864e-02
-4.0320131440e-01 -3.2358674413e-01 -1.8529006008e-01 -7.2434437121e-02 -1.6975103877e-01 -1.3804717080e-01 2.2856675532e-01 4.1316183204e-01 3.6426668015e-02 -3.9359948661e-02 -2.8391775474e-01 -6.4469389027e-02 -4.6012709639e-01 2.5488706691e-01 -3.7953589973e-02 3.4828106622e-01 -1.7604238193e-01 9.3382175428e-02 6.4766149144e-02 3.1959023427e-02 1.4557958127e-01 -5.1440074560e-01 -3.9220930974e-02 -3.9972084587e-01 2.2872574239e-02
-8.5323951262e-02 -9.4942480960e-02 -1.7361265340e-01 5.9405991245e-01 1.5698884996e-01 -8.4956075266e-02 1.3165322117e-01 1.1136382256e+00 1.7159526855e-01 -2.6694032170e-01 -1.4646800868e-01 -9.0799083134e-02 -1.6050701598e-01 1.0971544252e+00 -9.8745215149e-02 5.6755448501e-01 -1.5921665541e-01 3.5753416136e-01 -1.1670347661e-01 6.1296528587e-02 7.9065938725e-01 -5.1078733661e-01 -1.1482030732e-02 -3.6236316463e-01 -2.1873105356e-01
1.0570121350e-01 1.8381466135e-01 -4.6289620878e-01 -3.9073290624e-01 6.4612015515e-01 1.8143823094e-01 -7.8723226154e-01 -2.6992849769e-01 -7.1083671877e-01 7.6165963391e-01 -5.5843245445e-01 5.8184549591e-02 -3.9407622892e-02 -2.6254379043e-02 4.5738723973e-01 -1.5093099438e-01 8.9438362655e-01 1.9752556749e-01 -3.2073032002e-01 -5.1518697930e-01 -1.9680244618e-01 5.2379259388e-01 7.7414822636e-01 3.2613894090e-01 -6.1812832984e-01
9.4432852896e-02 -6.0250329064e-01 1.7866417565e+00 -1.9237308315e+00 -1.3490832004e+00 -1.1836442203e+00 1.2513317245e+00 -6.9131945052e-01 -6.9595653657e-01 -7.5322965913e-01 1.6442585293e+00 2.3497811021e+00 -1.0999245946e+00 -4.6037974041e-01 1.4994639396e+00 -1.3981164002e-01 -1.1345954121e+00 -7.3781086166e-01 2.1164630601e+00 -6.1186375319e-01 -6.3429842479e-01 -3.1241082073e-01 -1.4646085057e+00 -8.7852872530e-02 3.0717606549e-01
3.9492426876e-01 -1.5781125293e-01 1.8323256060e-01 -2.3503639926e-01 -7.0026695714e-02 -1.2328588362e-01 2.4274340190e-01 -6.4237024964e-02 -1.1372629206e-01 -1.2514627005e-01 -1.6308324312e-01 1.5070980032e-01 -6.9589266047e-02 -1.7483472813e-01 3.9242341841e-02 2.2245764110e-02 -2.5597352548e-02 3.7556745812e-01 1.3284392176e-01 3.1758970201e-02 1.8749123552e-01 -1.6644913225e-02 -1.0876027207e-01 3.6462820346e-01 -4.4778650215e-01
-7.2623281214e-02 2.7734175953e-01 -1.6273414976e-01 1.7960146571e-01 2.0120511640e-01 5.9244338457e-02 -1.5222703563e-01 3.3325648564e-01 2.1184712866e-02 -2.3379343127e-01 4.1066519012e-02 6.4984329570e-02 2.5848159905e-02 1.0703392802e-01 -1.0253473723e-01 3.4908627709e-01 -8.6168569917e-02 2.0738471116e-01 5.8946341349e-02 2.6377111434e-01 -7.4850896959e-03 -4.1909014173e-01 1.3077397399e-01 -6.0124959987e-04 1.5136361295e-01
1.9866787189e-01 4.3659281252e-01 2.7294841793e-01 2.4788983629e-01 3.0814962586e-01 5.2604931142e-01 -2.3120515570e-01 -1.7838689739e-01 3.1510636170e-01 -3.2462066751e-02 2.2989030465e-02 -3.8178341750e-01 5.9264039436e-01 -4.3559303621e-01 -1.2211938323e-01 -2.7818200227e-02 4.3207034283e-01 -1.0164351306e-01 -2.4827719888e-01 9.4190187269e-02 1.4730542099e-01 -1.4332935925e-01 3.7890836280e-01 6.9063219642e-02 1.5793103082e-01
