-4.4763961432e-01
1.2692759723e+00
-3.3041655889e-02
-2.1029954384e-01
8.2049678135e-01
-2.3258819993e-01
-5.1653485093e-01
2.4422611611e+00
-1.7090857247e-01
-1.7403606502e-01
3.7223059514e-01
1.3102111033e-02
-1.5741617966e+00
-2.0525146349e+00
1.5890091421e-01
1.5423237771e+00
2.2182610952e-01
-1.2939084600e+00
1.6133293754e-01
2.0181334757e+00
9.0723785403e-01
-2.2528498349e+00
1.1735164833e-01
-1.2862715913e-01
7.4570998403e-02
1.7131201713e-01
-6.1736145702e-01
1.1077104118e-01
-2.2822167391e-01
-6.4633394693e-01
-9.5850085622e-01
2.1031388536e-01
-2.4769408050e-01
5.5883243995e-02
1.2271735360e-01
-1.5467864131e-01
-6.2547383097e-01
6.9591810199e-01
-2.3720504364e-01
-1.1008396754e+00
5.4083060177e-01
4.3883858745e-01
6.2550861407e-01
2.3810330232e+00
2.0987721253e+00
4.4883151063e-01
7.0149789065e-02
-1.1157943020e+00
1.5455631206e+00
6.3867683036e-01
