1.6259180801e+00
4.2988227007e-01
9.4541469523e-01
1.8017207292e+00
1.7101573929e-01
3.9705531429e-01
-1.0840794769e+00
-4.5850080290e-01
-7.6314602079e-01
1.1285086289e+00
5.9752985527e-01
7.5961437072e-01
1.2221361480e+00
-9.7438886477e-01
1.3795009723e+00
1.5824657016e+00
4.0483286707e-01
1.0287368347e+00
-1.7725842314e+00
1.0584230008e+00
1.2391392295e-01
8.0421233138e-01
5.4243344579e-01
1.1925321801e+00
-1.0431678768e+00
6.6499416018e-01
-7.0424833118e-01
9.7630595391e-01
7.2999646270e-01
1.9500279186e+00
6.0663081923e-03
7.2565726933e-01
