5.2431606800e-01
-1.2839648508e+00
2.6506711289e-01
-9.0860860730e-01
-5.4623313791e-01
1.2948641461e-01
-2.5957437253e-02
1.0987997362e+00
1.7431551146e+00
-4.5712985933e-01
-7.3617447006e-01
4.2168517434e-01
8.5127389124e-01
-2.6894985343e-01
5.2956449002e-01
1.1689499656e+00
-7.3605723016e-01
3.6626607491e-01
-5.1309738008e-01
8.5079046189e-01
1.1642544130e-01
-7.0764216647e-01
1.1294742514e+00
1.7303551169e+00
-1.2411483768e+00
-2.8982326824e+00
-1.6068499726e+00
-1.2321707369e-01
-1.5818417858e-01
-3.8285712473e-02
-5.8682935395e-02
7.5910463961e-01
3.9161293201e-01
2.2992203288e-01
-1.4367528519e-01
-2.9970520325e-02
-2.1367840801e+00
1.0967882909e+00
1.6358103081e-01
7.4105325578e-02
2.6955535890e-01
1.4935823640e+00
-2.3221289200e+00
8.1529344181e-02
2.1332231378e-01
-5.5341499663e-01
-1.4394174236e+00
-5.6279661768e-01
-2.6775457856e-01
-6.7629206617e-02
-1.1631282779e+00
6.9183123303e-01
1.3496664057e+00
-4.3925123299e-02
1.0003703209e+00
-7.1790136334e-01
1.7778717734e-01
-3.0126930773e-01
-7.5636780349e-01
1.6304802956e-01
1.2109246126e-01
1.8514059155e-01
3.4079585185e-01
8.3108203827e-01
-8.9903604261e-02
-1.7015278684e+00
-4.7090678418e-01
1.0697827326e+00
-1.3676020488e-02
4.2702158005e-01
2.5565982785e-01
-2.0582172038e+00
8.7474698620e-01
-9.0656900302e-02
-4.9212303332e-01
-4.9308066967e-01
-4.9198462906e-01
-3.0116907105e-01
-5.7656499734e-01
1.5263596676e+00
-4.5640955576e-01
-4.5857677338e-01
2.4016708780e-01
-1.1880954499e+00
2.7518976192e-01
-1.1910293376e+00
-6.8542008606e-01
-8.8467491565e-02
-3.3192774733e-01
9.0338066925e-01
1.8537182502e-01
-6.2040979240e-02
3.6409606315e-01
-1.4909249276e+00
-3.0573684524e-02
9.9938114700e-02
-3.8984266625e-01
2.1980973058e-02
-1.9474916847e-01
-7.4199344540e-01
1.0061523348e+00
-1.2870866445e+00
-9.1378427286e-01
9.0350151053e-01
1.0958757995e+00
8.1711345571e-01
1.5584015736e+00
-1.1862477203e+00
-1.3093791122e+00
1.1312016189e+00
1.2729895840e-01
-1.5637516782e-01
8.4474011571e-01
-1.0368694472e+00
-4.3472293835e-01
1.5632214001e-01
-5.3649251858e-01
8.9949382443e-01
3.6251945682e-02
-1.0627507765e-01
-1.1616108052e+00
-1.6425747012e+00
-1.7818303873e+00
-1.3463905305e+00
8.4813097971e-03
1.8888610087e-01
-2.6316823340e-02
1.3163856199e-01
2.6486622148e-01
-2.8175805205e-01
7.3989275634e-01
2.5673310012e-01
-5.6995807200e-01
-1.5060490884e-01
6.9452708245e-01
-9.2081373345e-01
4.6196907372e-01
9.2032251173e-02
1.7150321346e+00
5.4204613482e-01
-7.1729118868e-02
2.4815123497e-02
1.3320041850e+00
7.4344007049e-01
-9.2587052469e-01
-7.9105360566e-01
-1.0568194168e+00
-1.2830456465e-02
1.1795967508e+00
-2.2871316591e-01
2.1263498112e+00
-9.8028351199e-02
-4.7863032930e-01
1.2254397850e+00
-8.7630147407e-01
1.1153509130e+00
-3.3255568062e-01
1.4459116439e+00
-2.6548051631e-01
1.3114260747e+00
3.1168630931e-01
-5.6408481524e-01
3.4332783128e-01
-5.3585663583e-02
1.2437104313e+00
-8.5973513884e-01
-5.3756990836e-02
2.2224699173e+00
8.6279829728e-01
7.0339686948e-02
-4.2486415552e-01
-1.5250940675e+00
1.2030311949e+00
1.1736334806e+00
1.5129891578e+00
7.4378544455e-01
1.1643630604e+00
9.0686333477e-01
2.2685545226e-01
9.1514389162e-01
1.5147219319e+00
-5.2779377927e-01
-8.6106998873e-01
8.6881305470e-01
8.0753181298e-01
-1.8970723441e+00
7.1431986588e-01
-9.1589084941e-01
3.6301515136e-01
-2.4980508075e-01
-3.8992978450e-01
3.3056785436e-01
1.0304196959e+00
5.5440825628e-01
6.9893636904e-02
2.1667389196e-01
-3.1672735797e-01
1.8147481742e+00
-1.7604112894e+00
-3.6416807641e-01
1.7989532591e+00
-4.7620561986e-01
-1.5764139626e-01
7.6535209721e-02
9.1586190674e-01
3.5899193100e-02
-3.5623160949e-01
-4.0779618606e-01
1.4435792291e+00
1.6486825745e+00
-2.5996365010e-01
-1.4404356144e+00
1.7370830884e-02
-2.0982002857e+00
-1.3366525591e+00
2.9496697604e-01
1.1918431003e-01
6.7521755093e-01
-6.9459299742e-01
-1.1828263260e+00
-5.3090730706e-01
-2.9625304184e-02
-2.4324007939e-01
-1.6135538801e-01
-1.5096019521e+00
-4.5835056862e-01
1.6135784580e-01
2.1549671841e+00
-4.7641459260e-01
-9.6607663191e-01
-2.6306444774e+00
6.3395276229e-01
2.3169279948e-01
-3.2138468263e-01
7.3174241997e-01
-3.8992197343e-01
8.0556996941e-02
-9.7786782219e-01
1.6978881702e-02
-6.7807482522e-01
7.9090536063e-01
5.4815391210e-01
-1.0764405373e+00
1.0661720321e+00
-6.2026279493e-01
1.6652234778e+00
-7.6667901452e-01
-1.2928276203e+00
-2.5093488527e+00
7.6195729621e-01
7.8608876578e-01
5.4866043635e-01
5.0554798003e-01
1.6224537512e+00
-1.7226864075e-01
-1.7871702580e+00
-7.1567624506e-01
4.5527438513e-01
-3.7056587260e-01
1.5802089572e-01
1.2684958750e+00
1.1912268422e+00
-2.1730912513e-01
2.3561185676e-01
1.4470785461e+00
5.6193898173e-01
1.4647408514e+00
-5.9008736368e-01
7.8022158374e-01
-1.5103452771e+00
-9.3089365423e-01
3.1479986152e-01
-7.9859200933e-01
-2.2398277412e-01
-3.7687302301e-01
2.5132440336e-01
-4.8785833056e-01
-1.3631452221e+00
-6.0068897161e-01
1.6003168264e+00
1.2744623356e-01
4.7788818027e-02
9.4218077006e-01
-4.1098368677e-01
1.2732222882e+00
-3.6601569721e-02
-1.7882881400e+00
-6.6713936554e-02
-2.1952097850e-01
-3.9876438621e-01
7.6463694975e-02
-2.8709890057e-01
-4.3686449194e-02
7.5215799741e-01
-4.8200954952e-02
-2.5898308930e-01
-2.0961078504e-01
-1.1361766365e+00
1.3994953923e+00
1.0729081973e+00
2.7501081759e-01
-9.1074669852e-01
-3.0243533659e-01
-5.7965818178e-02
4.3120070446e-01
-5.2842138443e-01
-1.1054305152e+00
-3.6528021812e-01
-4.9359705868e-01
-1.7095369141e+00
5.5254595671e-01
-1.2333447721e+00
6.5147265029e-02
1.2276784633e+00
-7.9989967408e-02
8.0249973532e-01
8.4382120988e-01
2.2443482652e-01
1.2789074145e-01
-9.8999497669e-01
2.0547159620e+00
4.1222063563e-01
5.1026846503e-01
1.5550388915e+00
9.9779582246e-01
7.0294341732e-02
-1.2007550849e+00
1.1636265571e-01
-5.4142782188e-01
-2.4820825345e-01
5.5418272067e-01
1.1618240237e+00
-8.9174408387e-01
1.7762776368e-01
1.4517631114e-01
9.0592556068e-01
-2.0546710923e+00
-1.0404061224e+00
-7.8540034038e-01
-2.2634195596e-01
1.1110277599e+00
-3.7562390817e-01
6.0573069201e-01
3.3380925939e-01
1.2331986156e+00
8.4036160052e-01
-1.6381477637e+00
1.0423127042e+00
-3.9650260890e-01
-9.3924722231e-01
5.0303554920e-01
8.8426806859e-01
4.6476146735e-01
-4.0465127693e-02
1.2616524092e-01
1.7168109966e+00
-8.5679215502e-01
-1.4646785380e+00
2.9234374712e-01
1.5472990790e+00
1.2228858960e-01
6.5987460293e-01
4.4874388534e-01
-3.4620337557e+00
2.5082286245e-01
1.3736776063e+00
5.6404392362e-01
1.5011121027e-02
2.0797058450e+00
5.8751837715e-02
-2.7053172807e-01
-1.2007150696e+00
-1.2638440457e+00
2.5525371801e-01
1.3821594625e+00
-1.2850189837e+00
8.9611401946e-01
-9.7122582339e-01
1.3663629888e+00
1.2519368048e+00
2.4818254821e-01
-7.6655997533e-01
-2.1282833451e-02
-6.7092230343e-01
7.0853291038e-01
-9.4561229873e-03
1.1039159201e+00
-2.8600518896e-01
1.8107337384e-01
7.5268856559e-01
2.4110250864e-02
-8.7100284872e-01
8.1735228436e-01
3.4274611758e-01
1.3508787260e+00
-4.1702552520e-02
1.0764366385e+00
1.0131338786e+00
5.4058395270e-01
6.9925030295e-03
-3.4319837100e-01
-2.5977613242e-01
-1.3321949053e+00
1.4860281984e-01
-1.2554444037e+00
2.1585013824e-02
-6.9385871369e-01
4.7280794501e-01
-8.7934450218e-01
-9.3203567559e-01
2.6486569331e-01
-9.2997123813e-02
-3.3217594153e-01
2.2621308363e-01
-2.4152399039e-01
4.5152338729e-02
-5.3427922759e-01
-2.3516198648e-01
-5.0374817731e-02
4.4887617911e-01
1.9065033226e-01
4.4510942083e-01
2.7650639279e-01
9.9433319517e-02
-2.0303211999e-01
1.3292685323e+00
-6.7753908995e-01
1.9763653088e-01
-6.9285218948e-01
-4.4187552877e-01
-3.3949721426e-01
-1.6034814961e+00
3.0143368446e-01
8.8573312524e-01
-6.2993787627e-01
1.5971622772e+00
-3.6492534231e-01
-5.2424279358e-01
-1.1120223052e-01
7.9859440818e-01
-5.5765420562e-01
1.3254219989e-01
-1.6714151101e+00
3.2479419241e-01
-3.2994277890e-01
1.3451328744e+00
-4.0383232274e-01
-1.8386491895e+00
7.3144193089e-01
8.3139442835e-01
-1.4746867235e+00
-2.4264658576e-01
-2.2985808174e+00
1.5036070268e-01
-3.2927586066e-02
2.7156721725e-01
4.9012995906e-01
2.3421726000e-01
1.0951394983e+00
-2.4679041317e-01
-4.6492438085e-01
9.8464195803e-01
-1.6236641138e+00
7.3824546591e-01
1.0191180450e+00
-2.8323175533e+00
6.4258070035e-01
8.5109044179e-01
-1.6476480019e-01
-1.1772468387e+00
-1.7084514577e-01
-4.3169635575e-01
1.8610163343e+00
-8.4878528941e-01
-1.8198874945e+00
-8.9214690827e-01
-2.8949647545e-01
8.9688301520e-02
1.6719263814e-01
-6.1642321764e-01
7.4681792617e-01
-4.5561209495e-02
-4.6609509547e-01
8.4548235445e-01
2.0942218333e-01
7.7008976740e-01
-8.1927401810e-01
3.2015054890e-01
-3.0807237911e-01
-3.4958836722e-01
-5.0652754316e-02
1.8921241296e+00
-6.5274406045e-01
1.8872112010e+00
1.5027730457e+00
-1.5583780931e-01
2.1819790402e+00
-1.0222573158e+00
-6.9260121874e-01
2.1638126199e-01
