2.9010407345e-02
3.1780445818e-01
7.5810542047e-01
-3.6085818029e-01
4.7454921636e-01
-1.0131057368e+00
9.6416961171e-01
-5.6783179565e-01
6.3063553695e-01
-1.6866670194e+00
-5.9640467213e-01
3.8312944673e-01
-1.5062913627e-02
3.5608731779e-01
2.2730431601e-01
-7.7375792454e-01
-7.8136969156e-02
4.5504989356e-01
2.7246539109e-01
1.1402737706e+00
-1.3535716238e-01
2.0808244735e+00
3.4747862101e-01
4.2425991806e-02
6.8421023977e-01
-2.1011088929e-01
-1.0922085616e-02
5.2924196838e-01
-2.6533355851e-01
3.8085485935e-01
7.8564516654e-02
6.2769572479e-01
-6.3703961653e-02
-9.1803158659e-01
8.0530640939e-03
-1.2650805616e+00
-1.8020815251e+00
3.0053863654e-01
-2.1646345403e+00
-9.4147895105e-01
1.6921598531e-01
-5.0867515520e-01
-9.1667635085e-02
6.9027144861e-01
1.4606168320e+00
-1.2754180736e+00
-1.0429002430e+00
-7.8597664858e-02
-2.6281252392e-03
3.1352432257e-01
