2.0439120909e+00
1.7651535289e-01
-1.0629121512e+00
7.7665005184e-02
1.5309299426e+00
-5.1036158230e-01
5.8253783210e-01
-3.2364255109e-03
1.2042991789e+00
-8.3369167675e-01
3.7499885024e-01
-3.0560422601e-01
-5.0978332517e-01
5.0823793225e-01
4.5109441287e-01
9.3450040041e-01
-7.9762754776e-01
-6.5493115171e-01
1.4315121237e+00
8.5994121666e-02
2.8709657863e-01
3.2939046615e-02
-5.0565149492e-01
-1.7993044167e-01
-7.0942147724e-01
-1.4942914061e-02
-8.6277180856e-01
1.6715642764e+00
-9.0055153517e-01
1.0040682855e+00
1.5114735894e+00
8.3736470615e-01
9.1943778244e-01
-6.8372758689e-02
-1.2573965956e-01
1.8327187734e+00
-4.3975077815e-01
-7.4572960446e-01
5.1568661065e-01
2.9649531389e-01
5.1807042580e-02
7.6037266720e-01
-1.2664051249e-02
3.1737704460e-01
1.6364093828e-01
-3.4043257115e-01
-2.4947193299e-01
-1.5397117377e+00
-7.3827073140e-01
1.5384643105e-01
1.6565411840e+00
3.5674032943e+00
-1.1347198199e+00
-8.7075342294e-01
-6.6989672118e-01
-2.9994832450e-01
2.4777464637e+00
1.7026580881e-01
1.1818066662e-01
6.4940707497e-02
9.9352537442e-01
-3.0036149676e-01
8.5288498585e-02
-2.8712962510e-01
-1.1868044146e+00
-8.5129875433e-01
-5.3065132230e-02
-9.1554508827e-01
1.4808949508e+00
7.2437454640e-01
2.2081299098e-01
-7.8816716614e-01
8.1170183093e-01
-9.5236933933e-02
-6.9681686217e-01
6.2617063510e-02
6.5280220815e-01
1.2320810441e+00
-3.9602731902e-02
-1.7621013576e-01
1.8703154625e+00
-1.5895207016e+00
8.3729477349e-02
-1.2212007787e+00
-4.0514510492e-01
7.5138767820e-03
-3.2459284273e-01
-5.0602678518e-01
1.1278608673e+00
2.4997541771e-01
-7.0271391106e-02
-6.9638317757e-01
2.3601675989e-01
6.7636395381e-01
2.2202005996e+00
1.2205017046e+00
-1.8027674601e-02
-2.8174285149e-01
-6.4118922282e-01
5.3850866487e-02
-1.4377239758e-01
-9.0261756943e-01
2.4923479607e-01
7.5022364426e-02
1.1382324884e+00
-9.1457014411e-01
-1.2343733999e-01
-3.0698157729e-01
-2.7143078118e-01
-4.7785886599e-01
1.4065263872e+00
1.6686691143e-01
-5.5158110920e-01
4.9174270278e-01
1.5732456386e+00
-2.0567741689e+00
4.2525659338e-01
-2.1131839670e+00
7.5228189207e-01
-7.5375570616e-01
-1.1842590717e-01
-5.2382324862e-01
-7.7320938356e-01
-1.2776449871e+00
5.5474860035e-01
-6.1321540930e-01
-3.8370357708e-02
3.4698493923e-01
-7.3787335296e-01
1.6422649385e+00
2.4862919854e-01
-8.1140987677e-02
-4.1758153052e-01
-1.1437097360e+00
3.4561100691e-01
3.9451409144e-01
8.0812864099e-01
-1.2076123382e-02
-2.0977044348e-01
-8.9274782111e-02
-3.3403487643e-01
-7.5837232096e-02
-3.4446670270e-01
-1.1727319822e+00
4.2936380542e-01
-1.0236818298e-01
2.9396635402e-01
6.0246013198e-01
-3.1542412168e-02
1.3662422627e-01
