-1.7697946248e+00
-1.8557637523e+00
-8.2801858537e-01
1.2457360894e+00
-9.7508500288e-01
-2.6799741515e-01
-4.2154575485e-02
-1.3175266466e+00
-1.4649551347e+00
-9.5627319181e-01
3.6072607881e-01
-1.1039004725e+00
9.5281198067e-02
-6.2076149842e-01
-7.7003954466e-01
-7.2663009895e-01
1.5625364477e-01
4.6079511329e-01
-9.9928134414e-01
-1.0570929339e+00
-8.1249086546e-01
3.6277328639e-01
1.3652864671e+00
8.8970429557e-02
1.1439759615e+00
-3.5440127306e-01
7.3705367804e-02
4.7072215345e-01
4.9636614668e-01
1.6986631179e+00
-9.2615158551e-01
-1.5348235720e+00
-6.4991213164e-01
-8.4147917658e-01
-1.5207125444e+00
-3.5707112540e-01
-3.1410924737e-01
1.3074049537e+00
-1.4939001786e+00
-1.8886328963e+00
4.9389691666e-01
-1.2546435545e+00
-2.4874783208e-01
6.1546604648e-01
-1.4420604167e+00
-1.5786585539e+00
5.2137707770e-01
-4.5284840241e-01
8.6824050426e-01
-1.1401356920e+00
1.0941371278e+00
-8.7519219992e-01
-1.1240976910e+00
-1.0927747573e-01
-8.1884143629e-01
-1.3245598314e-01
1.4391975605e+00
-2.8039507312e-01
-1.2535232910e+00
-7.1907770347e-01
-8.2997325896e-01
-1.0238507040e+00
-7.3423348076e-01
6.8810863750e-01
2.9028317608e-02
7.7690370275e-01
-2.6373834533e-01
-3.8059568360e-01
-1.2347251352e+00
4.2306863356e-01
7.3208176399e-01
-1.2924136616e+00
1.3491948338e-02
-1.5177332846e+00
-6.8357374387e-02
-6.2714102204e-02
-9.2441672120e-01
-1.5888704557e-01
3.8874615518e-01
-6.6307285644e-01
-7.9982703126e-01
5.7011739590e-01
7.1555357173e-02
-8.9135122330e-01
6.1161373512e-01
1.8200516940e+00
8.7359309382e-02
1.1115084383e+00
-1.0373733793e+00
-1.8199365529e+00
7.4279829985e-02
5.3451186759e-01
9.1757734988e-01
1.2807440502e+00
8.3565417979e-01
-1.4389169374e+00
-2.2793555754e-01
-7.6294242371e-01
9.8608754022e-01
1.1867935341e+00
