2.0612207569e+00 2.3894126264e-01 -1.1835356994e+00 1.6505575308e+00 -2.8600060463e-01 1.6357855401e-01 9.6697604629e-02
4.5505965819e-01 -2.7171595953e-01 -1.0719611532e+00 1.6323404210e+00 -3.1866291590e-01 2.6247525710e-01 -1.6483421635e-01
5.8967382255e-01 -5.4150271024e-01 5.6153222470e-01 4.9080636761e-01 -4.6182686914e-01 5.5964152209e-01 -4.5733240204e-01
8.5293531343e-01 6.2487271065e-01 -1.0139087039e+00 -7.0743583776e-01 5.8846979405e-01 -2.3491851623e-02 7.0255162222e-02
-1.2644852608e-01 -4.5460248335e-01 1.1247262539e+00 9.6576322877e-01 -6.3425612166e-01 4.5410173304e-01 -1.2066512728e+00
8.4767872718e-01 -1.7964412883e-01 -9.1817530955e-01 4.8827903817e-01 -2.5328340330e-02 4.6669349007e-01 -5.1408750359e-01
-4.7653374351e-01 -1.2137896679e-01 -5.6983404689e-01 4.1767814714e-01 1.7971227369e-01 -1.6163342966e-01 1.5658624635e-01
9.4557920836e-01 -9.0008787019e-01 1.7967537213e+00 -6.8222931812e-01 -7.8504120666e-01 1.0575300602e+00 -9.3736505335e-01
6.2557025079e-01 -5.1090320386e-01 1.7674064832e-01 5.5422831594e-01 -6.2286190183e-01 7.5862693305e-01 -5.7276571128e-01
1.1210530114e+00 -8.4209258660e-01 -3.9159732863e-01 1.1588895440e+00 -4.4523064395e-01 5.3490740260e-01 -5.6054893381e-01
