-1.4633570146e+00
3.4373657729e-01
-6.2885468641e-01
8.3454564045e-02
-2.2473154027e-01
-7.0565827508e-01
6.6357143984e-01
2.7290794119e-01
9.0131676931e-01
-6.6949283433e-01
-7.8121598771e-01
1.1028679235e+00
2.9586882340e-01
8.5822586180e-01
1.4941943205e-02
-3.7877259428e-01
1.3037033646e+00
3.3137797683e-01
-1.8056675905e-01
2.7022752358e-03
-1.9863243225e-01
2.1759475856e-01
-8.2070003629e-02
4.7139291611e-02
1.8371027040e-01
4.3359419489e-02
-1.4915933609e-01
-5.7716803942e-02
-3.0246260484e-02
9.8262474096e-01
-6.4661925929e-01
1.3276374634e+00
1.7540436985e+00
3.0137136375e+00
7.2134749123e-02
-1.6762914842e-01
1.1874965079e+00
8.5323790733e-02
-2.4000642493e-01
2.0900482039e-01
-1.2580502420e-01
-4.6664804244e-02
-2.5072359560e-01
-9.5283655743e-01
-5.9361705663e-01
7.2908320837e-01
4.8073445132e-02
-1.2966565444e+00
-1.5688559162e-01
4.6398150587e-01
