-5.2733528185e-01
-9.9787592261e-01
1.1553204489e+00
-2.2603710900e-01
-6.5808727854e-01
3.0474819340e-01
-4.3170690710e-01
-1.6040481664e+00
-1.1564347150e+00
-4.0543893253e-01
5.3926810751e-01
1.4225679484e+00
6.7368013749e-01
-6.1253831992e-01
-1.1367180391e+00
1.7552395037e+00
-3.7958552599e-01
-1.7965742279e-02
2.7181813158e-01
5.7072938626e-03
1.3564159487e+00
2.0584035649e-01
-1.2425267501e+00
2.0353534332e+00
8.9656829632e-01
-4.9944246772e-01
-2.5220632338e-01
-3.9321378135e-01
1.5063749922e-01
-1.6464915907e+00
-6.4084843873e-01
-5.2209716854e-01
-1.0725000752e+00
-1.3574698993e-01
9.6511308951e-01
1.0753629963e+00
1.7659637732e-01
7.5540685644e-02
3.3074858562e-01
6.5443616751e-01
-5.5574787955e-01
3.6702788018e-01
-8.3646226735e-01
5.7472078303e-01
1.5363357690e-02
-1.3478047876e+00
2.9268289069e-01
4.8146286467e-02
6.6685600350e-01
-6.6698489632e-01
1.2516769236e-01
-2.3847692557e-01
-6.7854580794e-01
4.4341834509e-02
8.9242954187e-01
-8.4493101940e-01
-6.2553636390e-01
-3.7282574455e-01
-2.2138490269e+00
1.8365089649e+00
8.9430734533e-02
8.2488799657e-02
-9.6851726832e-01
-3.1127698381e-01
1.9455299059e-01
-1.1256169979e+00
-1.6641215522e+00
7.4321772135e-01
-1.1634958210e+00
-1.1018423303e+00
-1.8729105205e-01
-1.4510926366e+00
-5.6538898532e-01
3.6774440255e-02
-4.9894102512e-01
1.2216235058e-01
-6.1993290467e-01
1.0218409252e+00
-2.4895954151e-01
2.9928873676e+00
-9.9177663151e-01
-8.9338731207e-01
1.5833240141e+00
6.2539052663e-01
-4.4132608573e-02
-1.6492321299e+00
1.0672439624e+00
1.0748761780e+00
3.2581568067e-01
1.1466499253e+00
2.0409290576e-01
-1.1423583937e+00
8.0676640667e-02
-1.3983250425e+00
3.3400418239e-01
1.6028017513e-01
1.2091609105e+00
-4.8241147949e-01
-2.7496968745e-01
8.6192105476e-01
-5.1053264487e-01
2.2405375584e-01
-2.3665592495e-01
9.5613429173e-01
8.4097365331e-01
-7.4040441100e-01
-1.9183181548e-01
-1.1429449616e+00
1.1321014970e+00
9.1000589369e-01
-9.3505456957e-01
2.2219558160e-01
-6.7034881329e-01
-1.7017074641e-01
-1.1903183802e-02
1.2161662924e+00
-1.1601333761e+00
-1.0941276421e+00
8.6149038257e-01
-1.3945444347e+00
1.3230621541e+00
1.1552978296e+00
-9.6643290657e-01
-7.8745817579e-01
-7.1129699266e-01
1.4208919298e+00
-4.2468520374e-01
-9.0996721976e-02
6.8284306082e-01
3.3012467480e-01
5.5581859149e-01
1.2465244040e+00
-3.6887747503e-01
1.9783504617e-01
-1.2864036738e+00
1.1598901595e+00
-8.2314708562e-01
7.8083223509e-01
-1.1768961129e+00
-1.5676030937e+00
-3.7113903152e-01
9.4597551699e-01
-5.7692506091e-01
5.9547289746e-01
-7.9494801587e-01
-6.3577847829e-01
-2.0671418418e+00
1.3447563203e+00
1.2466322596e-01
3.6490974709e-01
-7.8592798812e-01
5.0608269791e-01
2.1623827576e-02
5.8129750451e-01
2.4943136055e-01
9.5323039960e-01
1.7712041405e+00
3.0229147811e+00
-7.3699078763e-02
-2.6263029056e-01
-5.5250225812e-01
5.0818019796e-01
2.2048389930e-01
1.7480141562e-01
9.1843108813e-01
9.0444071681e-01
6.7391292961e-01
1.0882878012e+00
-1.9320613420e-01
2.2242841067e-01
-8.3787174554e-01
-7.2684108351e-02
5.2918936350e-02
1.7411914274e+00
1.2615182274e+00
1.1607354089e+00
-1.5496280390e-01
4.6073180416e-01
-5.9703085656e-01
-2.2553568442e-01
-5.6027277611e-01
1.7146307580e-01
-3.8366918151e-01
6.7497752860e-02
-1.8919357464e+00
-6.6876863591e-01
1.0770548502e+00
1.4495129900e+00
2.3537002691e-01
-7.0756738140e-01
8.8212873099e-01
1.4109542647e+00
-1.0577050820e-01
1.1702742691e-02
-4.5801502909e-01
-2.3774292702e-01
-1.6918630977e+00
-1.0909649479e+00
-2.7605702773e-01
9.7855023984e-02
-8.5176563178e-01
-1.3087698934e-01
-4.3224823234e-01
-3.4359882867e-01
-8.8130966652e-01
7.6051149655e-01
4.8711707235e-01
1.6267228852e+00
-1.7543177749e-01
4.9012813406e-01
-1.0009757438e-01
-5.0421135831e-01
2.1941067075e-01
-7.4884528339e-02
-1.1869057009e-02
-1.0973774508e-01
-6.7779600176e-02
8.2733086631e-02
1.9568189998e-01
5.1239557351e-02
-6.9558964033e-01
1.6945428367e+00
-1.4517643473e-01
3.7297702056e-01
-4.1552067789e-01
1.0093697306e+00
1.3546782774e+00
4.0179941183e-01
4.5111169093e-01
4.9138533272e-01
-3.4991361013e-01
-6.9441023857e-03
-1.5354702107e+00
-1.0349036469e+00
1.3432975046e+00
3.7221097841e-01
7.8491221922e-01
-2.0327667143e+00
5.1166524843e-01
-1.5502505728e+00
-6.6410766714e-01
2.1160340103e+00
-6.2298347336e-01
-3.8885055364e-01
1.8288704482e-01
2.5791973161e-01
9.0691922655e-01
-7.6881767581e-01
8.7042442265e-02
-1.9759191677e+00
-1.8702116676e+00
-1.6644947956e-02
-9.9506706584e-01
1.8737438993e-01
-3.1240218457e-01
1.9070392442e-01
5.9473781400e-01
-1.3869036683e+00
9.7269604817e-02
-2.8578158599e-02
-1.3085572821e+00
1.2825163149e-02
6.8088331442e-01
1.8125843452e-01
1.8971234697e-01
-2.2065296609e+00
2.5266020522e+00
-9.9566550856e-01
1.3535753474e+00
-3.9992058204e-01
1.7389104112e+00
-3.3498062272e-01
-1.1351057701e-01
-1.5569538653e-01
8.3367071749e-01
8.0557437382e-01
-9.1348920767e-01
9.1417313391e-01
3.6111557514e-01
1.7513325292e+00
-1.2612077603e-01
1.0737824920e-01
3.1917554473e-02
5.0865440279e-01
1.6719239600e+00
-1.6478748634e+00
5.1456138301e-01
-1.1437624401e+00
3.2631809142e-01
-1.1403774992e+00
6.9205744450e-04
-2.5741883397e-01
9.2616885687e-01
-2.7417554581e-01
-7.4861940506e-01
5.7019184309e-01
8.7826232925e-01
-8.2377505559e-01
7.5193970149e-01
-3.2604466362e-02
5.4231343459e-01
-4.6672932781e-01
6.5163553854e-01
-1.1449135919e+00
1.7163511448e+00
-1.8990862804e-02
4.7401321689e-01
1.7798897543e+00
-6.2765577645e-01
6.9853109101e-01
7.2733263662e-01
1.0237888224e+00
6.4814042656e-01
2.6987269046e-01
-7.8972298182e-01
-9.8475462308e-01
-9.8715740721e-01
4.2718875359e-01
-4.0489099163e-01
-5.3455352555e-02
-1.4819381763e-01
-3.1704946941e-02
-2.7890959547e+00
1.2371663999e-01
8.2072625757e-01
-1.1547251515e-01
-4.8636399369e-02
-9.0717880626e-01
8.3297507744e-01
-5.2121401085e-01
-2.0405991792e-01
1.3816753026e-01
2.1222539579e+00
-8.5095327889e-01
5.0365518495e-01
-8.0661519586e-03
-2.8517251154e-01
-4.4251931969e-01
8.8458517196e-01
1.2719796897e+00
2.0147472838e+00
-1.2792502479e+00
-1.5000616716e+00
-1.4186242267e+00
5.3868587545e-01
-3.9343071542e-01
6.9674833250e-01
9.0128789122e-01
1.5395909108e-01
2.6249756610e-01
-8.0431850695e-02
-6.5901582310e-02
9.9501997113e-02
1.0821691849e+00
-4.1951902702e-02
1.1216957742e-01
1.4616587704e+00
9.1626757280e-01
-7.7296739193e-01
8.2801762653e-01
-6.4861339516e-01
-1.6181798817e-01
-6.5444448284e-01
1.4733395857e-01
1.1887395744e-01
-5.1575294620e-01
-7.3711524269e-01
4.2092844399e-01
-1.5562524138e+00
2.4484600851e-01
-6.3016019785e-01
2.1768313382e-01
-6.9894693258e-01
-1.0771613857e+00
-8.1735331017e-01
2.5974891025e-01
3.9433456493e-01
1.1052637424e+00
5.0544578391e-01
1.4490139619e-01
-9.7322350609e-01
1.6899159042e-01
3.3020482225e-01
5.7752070293e-01
1.4402334721e+00
2.5787193712e+00
-9.6613468729e-01
-3.0851800874e-02
2.1555996893e+00
1.0626571457e+00
-3.3985657849e-01
3.7552052820e-01
7.3435276871e-01
1.5558426836e+00
-1.0074026495e+00
-1.0176387884e+00
6.7181016038e-01
-1.1988806635e+00
1.1505391844e+00
-6.2056365041e-01
-3.8860793715e-01
-2.6422416426e+00
-1.0893001220e-01
-1.2018878030e+00
1.4233596414e+00
-1.3171471339e+00
7.7114824551e-01
1.1956343279e+00
7.6332173355e-01
-2.5681509859e-01
-1.2062102145e+00
-6.4422165871e-01
-6.2067349966e-02
-4.5850480540e-01
1.3588178754e+00
2.5046362463e-01
-2.4963540110e-01
6.2575087937e-01
1.4825085789e+00
-1.6954290747e+00
-7.5997933356e-01
-3.2277676605e-01
-1.0954008026e+00
1.4288731574e+00
-2.7700976513e-01
-5.4775320396e-01
5.2327423099e-01
1.7031939227e+00
9.8312639303e-01
1.6204751775e+00
-1.4651115044e+00
3.8539696985e-01
5.6945553701e-01
-6.7066252107e-01
-5.1749291352e-01
6.1357555458e-01
-1.1473226245e+00
-7.5607994673e-01
3.5231066439e-01
1.4586426634e+00
8.2545465490e-01
8.7343156550e-01
9.7944185863e-01
1.3073812575e-01
-2.6143266464e-01
-5.5204993991e-02
-3.7358814306e-01
-1.1839808354e+00
-1.2796586273e-01
-2.6153748320e-01
5.3101628657e-01
1.0328611015e+00
-4.1896240099e-01
1.1394237415e+00
-1.1904546560e+00
5.1211614371e-02
-6.1382464404e-01
-1.5660886459e-01
-1.7887693300e-01
-5.9549852614e-01
-1.2764184116e+00
1.0145073498e+00
1.2860226979e+00
1.4054085180e-01
1.1414323759e-01
-9.6017818833e-01
2.6135367616e-01
1.7114115389e+00
1.0769855922e+00
3.2089038993e-01
-2.2312840365e-01
1.0281869152e-01
-2.0965188505e-01
-1.2796668685e-01
2.1587845532e-01
-3.1889662929e-02
3.5112134112e-01
8.3227663868e-02
-1.2221939632e+00
1.0826162940e+00
-6.1242633629e-01
3.4689669159e-02
4.5235771136e-01
3.3658937673e-01
-2.0095033236e-01
8.1555256205e-02
9.1972302110e-01
-8.7310265494e-01
-8.4370197441e-01
-4.4108427671e-01
6.3212703167e-01
-1.5587212025e+00
1.5406862484e-01
-4.4469533314e-01
-6.9136006052e-01
-2.0889180490e-01
1.5326527677e+00
1.5177035299e+00
-2.8701987796e-01
2.3465706057e+00
