3.3883333782e-01
3.5520053423e-01
3.3954593934e-01
-6.9787143203e-01
7.9925462459e-01
-9.5568638174e-01
-2.8461896652e-01
-3.1568155613e-01
-3.7560886989e-01
3.5406145075e-01
-4.2061572232e-01
-3.7122674927e-01
2.7713521342e-01
3.5673073788e-01
8.0940390780e-01
8.6773854345e-01
-8.2786786945e-01
-7.9820827080e-01
-9.6651977561e-01
-8.8076362961e-01
7.4057111779e-01
-8.6948735132e-01
-2.9781983650e-01
5.7262775303e-01
3.2107125573e-01
3.8979767785e-01
3.2411095912e-01
-7.5680927293e-01
-9.5284349239e-01
-8.7873498024e-01
-3.4294620990e-01
6.0721079276e-01
-8.2586820026e-01
2.9079619555e-01
9.6876470468e-01
-8.8077804112e-01
8.2495189649e-01
3.3409759025e-01
3.6750084527e-01
3.7614525114e-01
3.6129097762e-01
4.8294580703e-01
3.3724930310e-01
-6.3011128566e-01
-3.0326209516e-01
3.5008667785e-01
7.3184528829e-01
-3.5364729168e-01
-3.8520530237e-01
8.2942634598e-01
6.4017866254e-01
-7.5364270880e-01
-8.5557938955e-01
-3.3360444091e-01
4.9100998471e-01
-3.3924745631e-01
9.9215315887e-01
3.0498680009e-01
-9.2124169357e-01
-4.6225458234e-01
-8.4802026438e-01
-8.9598570738e-01
3.4278562407e-01
8.3604128830e-01
3.2425918815e-01
-7.8347037602e-01
2.9968530077e-01
4.1594835767e-01
-3.5097194362e-01
7.4782765598e-01
2.7854636802e-01
7.6973667658e-01
-2.9095186034e-01
-9.3790060383e-01
5.4833810583e-01
-4.1342716868e-01
-3.5974419699e-01
-8.8188409250e-01
-2.9303499551e-01
7.6154101920e-01
6.7854811296e-01
7.2009214811e-01
4.0341994689e-01
3.6561965571e-01
-3.6405288868e-01
2.6275670653e-01
2.7485956039e-01
7.1304147042e-01
-3.5997376653e-01
-9.1245201873e-01
7.5572115852e-01
3.9845615067e-01
2.9053825606e-01
4.8266954305e-01
-7.1533864228e-01
-7.4097910867e-01
8.8312511020e-01
-1.0079760109e+00
6.8961000256e-01
2.9154704896e-01
7.8854417220e-01
8.1325592140e-01
-7.0237825776e-01
-4.2108994900e-01
4.4388375057e-01
-8.2963686200e-01
8.8396493860e-01
-3.9841430667e-01
9.3632876717e-01
7.3043184960e-01
3.3735205346e-01
4.2851313788e-01
-3.2490796969e-01
3.4577889953e-01
-9.0838426456e-01
-6.8304119837e-01
-3.4922125468e-01
-3.1317643661e-01
-3.5239626345e-01
3.8228557513e-01
-8.8613199108e-01
-3.8050142664e-01
7.2647265542e-01
-4.4858308022e-01
-4.8771941906e-01
2.9047535264e-01
6.5718574154e-01
5.7304085655e-01
3.1643444061e-01
7.6048149060e-01
2.9193505338e-01
8.8562698679e-01
-3.6449589925e-01
-3.2705115327e-01
-7.2534381042e-01
-3.9632988062e-01
9.3187064986e-01
3.4021764649e-01
7.0647959345e-01
-3.9495571546e-01
3.1849806154e-01
-8.6007106462e-01
3.7726954014e-01
7.6276964207e-01
-8.7942486419e-01
-3.7819838224e-01
-7.1165116950e-01
7.9541308294e-01
8.8191454340e-01
3.2229669759e-01
-3.2062645724e-01
7.3972268085e-01
7.5534062433e-01
-2.8193642650e-01
-2.8462110605e-01
3.4602777383e-01
3.7289936824e-01
-7.2019398626e-01
-3.1249421904e-01
-7.3222609936e-01
3.0899288371e-01
3.2250220829e-01
-4.1328918393e-01
-8.0779430486e-01
-9.3948706536e-01
3.7611347784e-01
-7.3645035428e-01
7.8918604703e-01
3.3288019875e-01
3.1223132768e-01
-2.9844702187e-01
3.2811050099e-01
9.8522774714e-01
-1.0065037102e+00
4.6372120636e-01
-3.0254885793e-01
-3.1061331509e-01
-4.3747069878e-01
2.8612565964e-01
3.9247302584e-01
-9.4689207334e-01
3.6159765936e-01
6.9898833112e-01
-3.2943337716e-01
-3.9106565555e-01
-3.3911776357e-01
-7.2982500002e-01
-9.2835858263e-01
-3.3223076673e-01
-2.9574076528e-01
3.5685624781e-01
3.1484548118e-01
-2.8112018270e-01
8.6810043640e-01
3.0261022783e-01
5.7644124785e-01
-4.5810131275e-01
4.3748668681e-01
6.4446386436e-01
7.3946398339e-01
