2.7649652617e-01
5.3001630766e-01
4.6047053544e-01
4.0221296978e-01
1.1467279154e+00
-3.1270282192e-01
-1.0300927751e+00
5.7535476751e-01
1.8035510225e+00
-6.3806929718e-01
-4.3286661800e-01
9.9487609724e-01
7.5612240022e-01
1.8187731582e+00
2.4062466767e-01
8.6643885048e-01
7.6262382782e-01
-1.1686082461e+00
8.5148865596e-01
5.1083577311e-02
1.2390847827e+00
2.0460573301e+00
1.5860811518e-01
-1.6195900193e+00
-8.2313508130e-01
-2.8139657048e-01
-8.0984015591e-01
-1.0868563510e+00
-4.1454813875e-01
-1.0435604874e+00
-5.7890206259e-01
-1.2518448075e-01
-1.6686437337e+00
2.1052385431e+00
1.2784481512e+00
-1.8013629701e+00
3.2380803491e-01
-1.3078678160e+00
8.6482397942e-01
-1.3396088276e-01
-6.2228366934e-01
9.3922062414e-02
-2.9583286071e-01
1.3126482485e+00
-9.4912065077e-02
-1.7684766699e+00
-7.9142231262e-01
2.6191657315e-01
1.3132215633e+00
-7.2446898631e-01
