1.5554086837e+00
1.6429678662e+00
1.5715772896e+00
-5.2954680335e-01
1.4008500890e+00
1.5776531382e+00
-1.8845185622e+00
-7.4012170267e-01
1.4550542128e+00
3.7260730463e-01
6.5292261478e-01
-6.9142258822e-01
1.5039928751e+00
1.1244351442e+00
-1.2594334770e+00
9.4915002050e-01
5.4810652206e-01
4.9253069592e-01
-5.5262252662e-01
1.6086918091e+00
-8.4246248263e-01
1.1712879573e+00
6.0416359070e-01
7.2512695623e-01
-1.1187677966e+00
4.2551433960e-01
-1.1847370289e+00
5.8145768574e-01
-1.1503747826e+00
-1.3115145398e+00
5.4219108340e-01
2.0057367369e+00
4.5860432954e-01
-4.5209707703e-01
-9.6182647045e-01
5.8776205678e-01
-4.1462255300e-01
4.5067154823e-01
-9.3956628852e-01
-6.2389766127e-01
8.4051270820e-01
-6.3375413935e-01
-1.4040781883e+00
1.0249020801e+00
-1.0124355862e+00
5.8207734390e-01
3.9495049977e-01
-4.1622663415e-01
-5.4064677394e-01
-8.9669623044e-01
