-1.6067533955e-01
4.0030215231e+00
-1.4702630972e+00
-8.9157306295e-01
-9.0430871581e-01
5.0405412342e-01
-1.0261132551e+00
7.2066074886e-02
-1.4953656495e+00
-3.3071672612e-01
-1.3264289547e-01
-1.7157388011e+00
-4.2093786296e-01
-8.7205636680e-02
-5.8956380555e-01
5.7312173887e-01
1.8497341429e+00
-5.9935794965e-02
-4.2297129248e-01
-1.5875427823e+00
-1.7737881477e+00
-9.2663555150e-02
5.1941253550e-01
-8.0866966109e-01
1.3485606546e+00
2.9539007643e-01
2.1618169004e-01
-6.0118582003e-01
2.6788611656e-02
3.1062172176e-02
2.7827342574e-02
1.2796815005e-01
6.6639704398e-01
-3.5866847193e-01
9.9638228048e-01
6.0444170404e-01
-2.2753819927e-02
-1.8030930286e+00
-1.6953107465e-01
-1.2797843874e-01
-1.5715862473e-01
4.7747360988e-02
-1.6698041728e+00
-2.8540929566e-01
3.0800915292e-01
-2.8698822476e-01
2.5499251300e+00
-1.2602304319e-01
1.6549279575e+00
-2.2125247179e-01
