5.6695763832e-01
-5.3077850863e-01
-1.0414259725e+00
-3.0791349436e-01
1.3897440902e+00
-1.3291366749e+00
4.8807919175e-01
-1.5888942443e+00
-2.2757858447e-01
-1.4977733401e+00
-8.4888302939e-01
1.1423499467e-01
1.4113664249e+00
-5.8500723141e-01
-4.8277501143e-01
1.8107246811e+00
-1.1643983919e-01
-1.0812152055e+00
-1.8995819864e-01
1.0201891709e+00
-4.5264912686e-01
-2.1985871894e+00
6.5245148898e-01
-1.0908873169e+00
1.5925706936e+00
-1.1902663178e+00
1.2697644799e-01
-1.1389962910e+00
8.1408486263e-01
4.4937971007e-01
1.6242396502e+00
-1.3397033554e+00
1.2862799173e+00
-8.0052208933e-01
8.9574834805e-02
