-9.8756134008e-01
3.0341922110e-01
3.5784963659e-02
-7.6586197289e-01
8.3791227525e-02
-1.0497089694e+00
5.0583030396e-02
3.9149886026e-01
-3.8054569974e-02
-3.1018399967e-01
5.5425479690e-03
1.5856794789e+00
-1.5598459338e-01
-2.0900258300e+00
1.4893795850e-02
-2.7911214924e-01
-9.4872819996e-01
1.1217749446e+00
-2.2048748508e-01
4.0911939563e-01
-9.8161638506e-01
-6.2222476260e-02
-8.2036496444e-01
-6.7356936593e-02
-1.4347076666e+00
-1.0968149590e-01
-1.3455309416e+00
-6.9883437244e-01
3.2782567105e-01
1.1407303148e+00
-2.4272565417e-01
2.4158159831e-01
1.3232822902e-01
-1.3508301389e+00
-6.9894832370e-01
-2.9087354807e-02
-2.4370357197e+00
-3.0280257394e-01
2.1642658307e+00
-1.9651669473e+00
1.9358355545e+00
-5.7632758674e-01
7.7464072662e-03
9.4186901755e-01
5.3495931569e-02
7.8693147160e-01
-4.0840221139e-01
9.2565979484e-01
6.5296394037e-02
-1.4671149302e-01
