1.3567353505e+00
-2.4386409019e+00
-1.3687196102e+00
9.2518414728e-01
1.3066832591e+00
-7.7894027226e-01
1.5471926826e-01
7.8083424244e-01
4.9910656948e-01
-1.3469370602e+00
-1.0732942135e+00
-9.0495547224e-01
-6.9562415012e-01
3.4027463522e-01
-1.5463860943e+00
-1.1499094756e+00
1.5185087479e-01
1.0255281750e+00
-8.2180778281e-01
-7.8109209597e-01
-1.6567490115e+00
1.0787353650e-03
-3.3263475846e-01
1.1140167528e+00
5.7020533546e-02
-7.3311566664e-01
5.6576532826e-01
9.2640251976e-01
-8.4435393576e-01
-5.7372412000e-01
3.8751177313e-01
8.3354215549e-01
-1.3967879996e+00
5.1289456900e-01
1.6473524085e+00
