-1.1616674434e-01 1.3312606843e-01 3.4634032998e-01 -2.9168613213e-03 1.9894234549e-01 7.4223815738e-02 -2.5886033615e-01 -2.4259255023e-01 -2.1020541233e-01 2.0795471864e-01 -4.0283727398e-01 3.0409946942e-01
1.5311316140e-01 -1.7734665781e-01 -8.5778829196e-02 6.1293507191e-01 1.6957571280e-01 -3.2657119240e-01 2.4570232165e-01 6.1592988036e-02 8.4701312084e-02 6.8814888122e-02 -1.5375706209e-01 -3.0710685840e-01
2.0062444229e-01 4.9651617053e-01 3.8680920200e-01 1.5007038430e-01 -9.8543533333e-02 -1.5370835824e-01 -2.5766930377e-01 -2.1026772614e-01 1.5692549949e-01 9.6455428590e-02 7.1754006604e-02 4.3326915589e-02
6.9340664064e-03 -2.4575199788e-01 1.0095115529e-01 1.0505226687e-01 -2.6610447741e-01 -2.6609107089e-01 -2.6195434228e-01 7.0861104831e-02 4.7130232011e-01 1.1712988400e-02 -1.2323556469e-01 2.7747139331e-01
-2.1256412122e-01 -2.0748953251e-01 -3.0587096797e-02 7.2842926215e-02 3.1931752268e-02 -4.2366296793e-01 -4.9617943116e-02 -2.8664823175e-02 -4.4229958430e-01 -2.1608318628e-01 6.3206377902e-02 2.8764688278e-02
2.5578125938e-03 -3.3583478308e-01 -1.0375429062e-01 1.5642289931e-01 4.8286414075e-02 -2.2459153222e-01 1.9687073956e-01 1.1149803408e-01 -9.0858377932e-02 -3.2424376540e-01 1.3045242615e-01 -1.5716236792e-01
-2.7525011683e-01 -2.6367585126e-02 3.6805327934e-01 -1.9627561121e-01 3.4965226988e-01 2.5432879883e-01 -1.7620905051e-01 -1.2448468244e-01 7.9139629550e-02 1.6325359675e-01 7.7543898419e-02 1.7817203792e-01
-5.4651182868e-02 -2.6276360669e-01 -3.6614176170e-01 -3.2269612604e-02 2.7055959913e-02 -1.7178361539e-01 2.2405391891e-01 -2.7242941726e-02 6.7938012990e-02 -8.8595168745e-02 -1.3530695986e-02 -3.5663297173e-01
1.9378758583e-01 -1.9933972022e-01 -3.4556478522e-01 -4.8072367793e-01 -2.2062664575e-01 1.4975198277e-01 1.6458763345e-01 2.9077126003e-01 7.9567206492e-02 -2.2735667905e-01 2.1374761625e-01 -3.3686625789e-01
2.3122394513e-01 -4.2871540695e-01 -1.1389419014e-02 2.9228031398e-01 -4.5439872720e-01 -1.4404565307e-01 4.0078377758e-01 -5.5299227543e-02 -1.7368866207e-02 -3.9884877036e-01 4.5155833383e-02 -3.0796272290e-01
7.0406682251e-02 9.5078284862e-02 4.5462846225e-01 -1.7846565782e-01 -1.4748809869e-01 2.1731735330e-01 2.1690780000e-01 3.0136209182e-01 5.6133709231e-01 3.9028289288e-01 -2.3069191033e-01 4.6425382460e-01
1.2751462295e-01 -4.0607116563e-01 -2.5320987928e-01 5.3814001188e-02 9.3632640518e-02 1.0671611034e-01 3.9606261709e-01 3.4205956455e-01 6.7971177101e-02 -7.5742936329e-02 -9.8035528791e-02 -3.5166684770e-01
2.6567389958e-01 9.0307121275e-02 4.9372373985e-01 1.6244270605e-01 2.1805240318e-01 2.4976839600e-02 2.6869481808e-01 -4.0545794057e-02 -5.2529710664e-02 3.2833184074e-01 -7.4879947987e-02 -9.0945681759e-02
-1.0993990106e-01 -2.8031454594e-01 -1.0046507106e-01 2.6659045621e-01 -3.4323896492e-01 -1.0862498679e-01 -3.1636362111e-02 1.3580040222e-01 3.4264491733e-01 4.1427050803e-01 2.0878241782e-01 3.3888051865e-02
-7.2381505014e-02 2.8484934593e-01 2.9890650913e-01 1.8313999845e-01 -5.8475655504e-04 -1.6152965585e-01 -5.5210723976e-01 4.6888985851e-02 3.0897847474e-01 1.0038157000e-01 1.8549046442e-01 -9.3989559517e-02
3.5107605728e-01 -2.6053104834e-01 1.3118750361e-01 7.9499331798e-02 -7.0009108266e-02 -2.8352455526e-01 2.6319479337e-01 -4.2074634827e-01 -1.0965931287e-01 -5.2530561188e-01 1.7605271917e-01 -1.0961399273e-01
