1.0724303825e+00
-2.6047179177e+00
-1.0228893629e+00
-1.7805887450e+00
-2.5048895601e+00
1.0108523689e+00
-2.9752541150e+00
-1.8809127245e+00
2.2449653718e+00
-2.6350994017e+00
1.8430369237e+00
1.8783313097e+00
-1.1142803788e+00
-1.3736171704e+00
1.7878250577e+00
2.2712217838e+00
-1.4570354763e+00
2.3613570293e+00
-1.0049892865e+00
1.2023352399e+00
1.0353318945e+00
-1.1018493116e+00
-2.3638473083e+00
1.5738164870e+00
2.3368074295e+00
2.5830251925e+00
-9.0497731892e-01
9.4985649402e-01
9.8360265962e-01
2.1915660769e+00
-9.9854043609e-01
-2.0208937457e+00
2.4209856015e+00
-2.1217872167e+00
-1.0249898971e+00
9.9643890304e-01
1.0933616120e+00
2.0658621741e+00
-1.0480517620e+00
-1.1053410305e+00
-2.8934973923e+00
9.5171561313e-01
1.1252791822e+00
-1.3877187322e+00
1.1141533925e+00
2.9742039565e+00
-1.9537476259e+00
-2.2738715225e+00
-9.7959877298e-01
-2.6918825685e+00
-1.9365157761e+00
9.5242603234e-01
1.0447557246e+00
1.0814641352e+00
8.9032902791e-01
-9.4532642840e-01
-1.1261000436e+00
-2.0964634677e+00
1.9549152638e+00
-9.6019154887e-01
-2.5888292027e+00
1.9445258908e+00
-1.0150559851e+00
-9.4055613639e-01
-9.7177282443e-01
1.8661713614e+00
1.4638191095e+00
2.3809547653e+00
-9.8000044368e-01
-1.9126374880e+00
-8.9349052508e-01
-8.2015726777e-01
1.1162406327e+00
9.6085417432e-01
7.3721450599e-01
-8.3779575899e-01
-1.5480095066e+00
8.9736703213e-01
-1.8775449130e+00
-1.0475517760e+00
9.8920458207e-01
2.3591380062e+00
-1.7535220115e+00
8.3465586147e-01
2.1815314166e+00
3.0817796267e+00
1.2170919666e+00
1.2417737364e+00
1.0365451715e+00
9.8198855182e-01
-1.1137686542e+00
2.3236291258e+00
1.7919131126e+00
8.9462303605e-01
-2.5657450818e+00
-1.1915006707e+00
2.2793371115e+00
-9.7917957444e-01
-2.3584062591e+00
1.6350340866e+00
