1.9886599684e-01 -2.8788525633e-01 2.7049912687e-01 -1.7332944555e-01 2.1620973700e-01 -3.3395977175e-01 4.0015680259e-01 -3.8923650408e-01 4.2089407514e-02 3.6511576568e-02
7.9077045916e-01 -1.8622595548e-01 -2.8710471979e-01 -1.6550542802e-01 4.8988304586e-01 -3.7870756400e-01 -2.2163922626e-01 6.4176655748e-02 2.5372023370e-01 1.5017039591e-01
3.6303308314e-01 -4.0420426770e-01 -2.1232601231e-01 -4.4927522354e-01 -2.8745024193e-01 -4.7942686206e-02 2.8907728902e-01 6.2724805338e-02 1.3537762089e-01 -1.7520208938e-01
4.0771819342e-01 -2.5895565257e-01 -1.5840681560e-01 9.1257608577e-02 -1.7106443759e-01 -2.1799583268e-01 1.2531904564e-01 -2.9407749259e-01 4.4204440278e-01 -1.0930118759e-01
7.3493588768e-01 2.5074131391e-01 1.4272369988e-01 2.8317992242e-01 3.7447361142e-02 -2.8457533013e-01 4.5385010780e-01 -9.4081085298e-02 -2.9317491220e-02 9.6694328948e-02
-1.1383432479e-02 3.5034600969e-02 -4.5973724029e-01 2.2337617741e-01 -3.6249495728e-01 -1.3258376158e-01 -4.6835920276e-03 -3.3165178549e-01 2.3300030547e-01 -8.7880767308e-02
1.5794108670e-01 1.1859707563e-01 4.9548918386e-01 -2.5855713628e-01 -1.0803839798e-01 -2.5292604027e-01 5.3081798090e-01 2.8820053548e-01 5.6947195542e-02 9.5849300943e-02
-5.4147567841e-03 5.5451805745e-01 2.8326743190e-01 -1.5443483448e-01 -2.2615061941e-01 -1.5334363707e-01 2.9847158492e-01 7.5069015772e-02 6.3656351516e-01 -2.8384076135e-01
2.3893671388e-01 1.5584816888e-01 -2.5335804417e-01 3.9325763683e-02 6.4038484776e-03 -3.2163865389e-01 3.2929358285e-01 7.0150322648e-02 2.8014593071e-02 2.2060433120e-01
1.4398267045e-01 1.5407621531e-01 -4.0030809174e-01 5.2330623077e-01 8.7958393523e-02 -4.6365745649e-01 1.0969207661e-01 -2.2765690555e-02 2.1650439417e-01 -1.3345446879e-01
-1.7022409946e-01 9.1153260216e-02 2.3807989420e-01 3.1280489754e-01 -3.5345163276e-01 -4.9366699479e-02 2.0345373142e-01 2.9122256751e-01 1.6168931878e-01 1.0189054469e-01
4.9741544675e-02 1.7655287567e-01 -2.4879405001e-01 3.2538139237e-01 -2.6842811879e-01 -5.4620187786e-02 2.9678887705e-01 1.4848781543e-02 1.2278137742e-01 -9.0734388740e-02
-4.8091800442e-01 3.2102077636e-03 3.3858107339e-01 3.9285074949e-01 5.2030420468e-01 -3.0486191430e-01 -1.9233929303e-01 2.8834806787e-01 -1.9477910265e-01 7.2839851993e-01
6.4978540687e-02 4.1752686117e-02 -1.3851825162e-01 2.2894529950e-01 -2.4161461933e-01 -3.0117815620e-01 2.3164975174e-01 3.4958141968e-01 -2.7458343929e-01 -1.9792528787e-02
-3.9449449078e-01 5.7396370047e-01 -2.5824471808e-01 2.5358653274e-01 -6.9995175228e-02 -3.6702811677e-01 2.4922420076e-01 -1.3687648380e-01 -4.4549536723e-01 5.4661220928e-02
-2.0598408208e+00 -2.5063838559e-01 -6.6052097715e-02 -3.6846888305e-01 -2.2451278791e-01 2.0796594355e+00 -1.7275034704e+00 3.3121453726e-01 7.1198054227e-01 -3.4657328725e-01
1.6180789905e+00 -2.0775323216e+00 -3.4710962166e-01 -2.6736328479e+00 -8.9984224879e-01 1.4403159281e+00 -1.2892788369e+00 -1.3428595767e+00 -1.1933865272e-02 3.9878453415e-01
