9.8861842380e-02 3.1748966484e-01 1.7099452567e-01 1.6883184391e-01 2.0861574424e-01 3.3530396194e-01 1.3748368823e-01 3.1563165592e-01 1.0706241004e-01 3.2944077227e-01 4.4521750540e-01 8.1123971427e-02 -1.1541718899e-01 -2.1332081284e-01 1.9283446400e-01 2.6131967910e-01 -8.7130376855e-03 1.7591392691e-01 5.3839439829e-01 -4.6854331897e-01 -3.7676828609e-01 3.7165125011e-01 -3.7035682259e-02 3.9347292441e-01 2.5374845559e-01 -9.5080616101e-02 -8.1735469161e-02 -7.9288107950e-02 -3.5793875488e-01 -1.4055048996e-01 -4.8637394342e-02 -5.7173910652e-01
-4.3678025500e-02 -4.3906584220e-01 -2.4013674232e-01 -1.3091546361e-01 -1.3180765273e-01 7.2015817706e-02 -2.0366736356e-02 1.8151406468e-01 -4.2968304502e-02 -1.6074413116e-01 4.1130177005e-01 -1.7474831949e-02 -1.2347631314e-01 1.1575357021e-01 -1.1040247367e-02 -1.0222591093e-01 -7.2285101659e-02 7.9071395722e-02 4.7700211496e-02 1.4506114757e-01 2.7054647679e-02 3.9795504822e-02 7.4978953501e-02 -1.7915746106e-01 2.6055267164e-01 -5.2026794888e-03 3.5781299518e-02 3.0377726363e-01 2.1772820492e-01 -1.1014778446e-01 -2.0926714007e-01 -2.0334704310e-01
7.2661250888e-02 1.7186502520e-01 -2.2777483337e-01 -1.9847294780e-01 -1.2661006750e-02 1.5194960444e-01 -7.6274397992e-02 -2.8518704028e-01 1.6370079006e-01 -1.6934976829e-01 1.2020860771e-01 -1.6931657408e-01 1.9511640083e-01 1.4862032158e-02 -2.0937026054e-01 -1.8268103671e-01 -9.0865567516e-05 1.0383794154e-01 -1.0632886729e-01 -4.8048140731e-02 -1.4402516062e-01 4.0450636801e-02 2.7817482625e-01 1.1203711636e-02 9.9684318600e-02 -1.5551187637e-01 -1.1175550626e-01 -8.6333079856e-02 -8.5530135980e-02 2.0772453718e-01 2.0233466190e-01 -6.9055749513e-02
6.4756495376e-02 3.0073371284e-01 -1.7915864872e-01 -1.6697057359e-01 -3.6348773773e-02 -1.1455274223e-02 -7.0829825684e-02 2.8305660410e-01 7.0472086094e-02 -8.5440822907e-02 9.6383914841e-02 1.5887805350e-01 1.1020961290e-02 -1.2377398294e-01 1.4022394990e-01 -1.4383540910e-02 -2.2247927461e-01 -3.5302791460e-01 -9.5051982812e-02 7.5268086570e-02 -7.8393173216e-02 -9.0588206745e-02 -2.3060655927e-01 -3.2189812839e-02 -4.6013243833e-02 4.7291805416e-03 9.2039380980e-02 3.1670429203e-01 -1.1297961549e-01 -2.6416644205e-01 1.9623211664e-01 -5.0713014278e-02
2.9188889695e-01 1.7323599639e-01 1.1716653580e-01 7.4024523608e-02 7.8204572335e-02 -5.2909290049e-02 1.2560213357e-01 -2.2254002090e-01 1.1570247852e-01 -3.3925792196e-01 8.8876192530e-02 3.6716398483e-01 -3.4604201424e-01 -3.3041503651e-01 6.5226459970e-02 -2.2435176859e-01 -1.4152877329e-01 2.3970233965e-01 2.0764835996e-01 -1.3250353993e-01 5.0030459737e-03 -5.4546507030e-02 -2.5981384712e-01 3.7837649286e-01 1.1363604820e-01 1.0143987518e-01 -5.7699762101e-02 -7.6702361361e-02 -1.7707609382e-01 1.5637861441e-01 1.3254968900e-01 -3.8169968820e-01
-5.7529449965e-01 -4.6531722929e-02 -2.6172407481e-02 -1.5457612121e-02 4.5870595765e-02 7.8615974113e-02 4.4688988306e-02 -1.6026598059e-01 -1.5337197785e-01 1.0400114383e-01 2.6255743283e-01 3.7309118809e-01 9.9626946417e-02 9.4645926515e-02 -1.7115222563e-01 1.5175553825e-01 1.2738388450e-01 -8.8001436832e-02 6.4349626242e-02 -7.6827866053e-02 -1.0442370217e-01 8.3516076638e-02 -7.4542527739e-02 2.5600286519e-01 3.8255514589e-01 1.1448160916e-01 -2.0157002499e-02 -1.9259793698e-01 -2.8553237991e-01 -1.2611957044e-01 -1.1520819861e-01 6.6991136229e-02
-5.4398475184e-02 -1.9151698985e-01 -1.5758464434e-01 1.2849482460e-01 2.7120839952e-01 1.3883541703e-01 5.1002412115e-02 2.4464003341e-01 -3.4301800764e-01 1.8307702036e-01 -1.3264688853e-01 -2.5684968238e-01 -1.1141187182e-01 -4.8111780751e-04 -1.6450463888e-01 9.6770636858e-02 -2.2468140730e-01 1.4548392394e-02 -5.9555018495e-02 -2.6336180190e-01 -6.8632000441e-02 2.4017871565e-01 2.2620979274e-01 4.1494775609e-01 7.0233276826e-02 9.0275342917e-02 2.9491254996e-01 7.8691267424e-02 1.1925469191e-01 3.1233244865e-01 -5.0852982677e-02 1.5973758150e-01
3.8967848850e-02 3.4472439327e-01 2.9648424125e-01 -6.4966060019e-02 -1.8513689301e-01 -5.9436660044e-02 8.6182167286e-02 5.2316014780e-02 1.3671879053e-01 -5.2485091150e-03 1.7943275957e-01 3.9387195632e-03 -3.5798580469e-02 8.6820492623e-02 3.7604358134e-01 -6.7737663950e-02 -2.5218274011e-01 -3.2939437252e-02 3.4084258042e-02 1.2789184411e-01 6.8590787047e-02 3.6003516218e-01 1.2538869319e-01 3.1692657056e-01 -1.4449751287e-01 1.3852816838e-01 -2.3118184990e-02 -2.8106791862e-01 1.3776132151e-01 -1.0939021244e-01 1.3218428814e-01 -5.0966421637e-02
3.8113026955e-02 1.5250892564e-01 1.6485462959e-01 -3.3317219742e-02 9.3247061275e-02 3.8425161804e-02 4.1261330573e-01 -2.0026276268e-01 1.0732100720e-01 -2.4340079906e-01 1.4295826962e-03 5.3755656369e-02 1.8266945342e-01 -4.0312479342e-02 -1.2257462856e-01 -1.5667284664e-01 3.5640545674e-01 1.8236240817e-01 1.8853669099e-01 -2.1228307841e-01 -2.3992786156e-01 1.5932192078e-01 -3.3576294989e-01 1.6797832523e-01 1.4157245880e-01 2.2059617402e-02 2.0481861346e-01 1.1114481500e-01 -2.3520933328e-01 -3.2776375741e-01 -1.3506023200e-01 -2.6987778354e-01
8.1672976551e-02 -2.0605760505e-01 -3.6031941479e-02 -3.0507329117e-02 9.5720656937e-02 3.6766809537e-01 -2.1459064519e-02 -1.0744257078e-01 1.7562221422e-02 -7.1946702780e-02 -2.4058071218e-01 -9.6987826637e-03 1.9660572738e-01 -3.3266168733e-02 -7.2603807491e-02 -5.3878389431e-02 1.5026763867e-01 6.7787389393e-02 2.1234292613e-01 9.0671005797e-03 1.9890806676e-01 1.6865491075e-01 9.6112408876e-02 -8.2112608165e-02 2.5454820449e-01 -2.3665678799e-01 -1.3487696877e-01 -7.5984885508e-02 1.0854678283e-01 8.8198243342e-02 -1.0673781952e-01 1.1609526672e-01
-5.6936901274e-02 -2.7929062646e-01 3.2096788693e-02 2.3723102026e-01 2.9729002254e-02 -7.7348783385e-02 1.0696192119e-01 3.5341675027e-02 -3.5450845813e-01 2.5271488528e-01 2.4182894963e-01 -3.7190699994e-02 9.4920850839e-02 -4.2851481506e-02 2.8589509564e-01 1.4240617402e-01 -3.8188369813e-01 1.3712618265e-01 -1.2293004183e-01 8.6105970570e-03 2.0797918246e-01 7.0279785091e-02 -1.2019382012e-01 -2.2599441810e-01 3.7034170132e-01 -8.8650823380e-02 -1.7523474897e-01 -3.4828183948e-01 -2.3082302997e-01 5.2477725695e-02 9.9571049006e-02 -1.0479058056e-01
-1.6642881172e-01 -4.3623014038e-02 9.4909557782e-02 -1.3099391048e-02 -9.4604206310e-02 -5.6618168836e-02 -2.0805624024e-01 1.4532410484e-01 1.6636927528e-01 1.0671551488e-01 -3.6975961530e-02 -8.2043133193e-03 -9.6555087923e-03 2.0048601822e-01 5.6080936399e-02 -4.4149120551e-01 3.8692080117e-03 -7.7717732511e-02 -3.0076514127e-01 1.7109804841e-01 3.1991690417e-01 -9.1019772248e-02 -3.1564014877e-01 1.8680626709e-01 -1.7361853287e-01 -1.8173082208e-01 1.4957305531e-01 7.5252134874e-02 2.7194178944e-01 1.5464207749e-01 -1.2840090270e-01 -2.5845971401e-01
-1.2258941354e-01 1.3759438504e-01 -1.4910346551e-01 1.0824619220e-01 2.6589776476e-01 -2.0833458824e-01 -2.7709797954e-01 -1.3399864288e-01 -1.4617685258e-01 -4.5072425131e-01 -1.8153327394e-01 8.0382227462e-03 -2.0159994799e-01 6.0026975285e-01 3.1191113780e-01 2.3329935535e-01 -2.1444504606e-01 1.3166889582e-01 -1.1090024510e-01 -2.2986397491e-01 3.1913899051e-01 6.4885187811e-01 2.2518638936e-01 -1.3035048066e-01 6.8913988996e-02 -4.1018773028e-01 -2.5114609734e-01 -4.9287349235e-01 5.9959555755e-01 -1.1376632353e-01 -2.5966930914e-01 1.7331241455e-01
2.0035022953e-01 -8.8996329435e-02 8.6582209976e-04 -7.5540166263e-02 7.2341067574e-02 1.0462081134e-01 2.1679393871e-02 2.4585059258e-01 -1.9997938747e-01 -1.7243973932e-01 -1.7448500384e-01 -6.4300484249e-02 -1.2916589019e-01 -2.8289186362e-01 -6.7243150861e-02 -2.7552518842e-01 1.3716811956e-01 -3.5661671431e-01 -1.1554746898e-01 -6.6758526957e-02 1.7553410797e-01 1.8151020475e-02 -3.0787795290e-01 -1.8436275072e-01 6.3929665994e-02 -1.5614496412e-01 5.1920345679e-01 -1.5463097278e-01 -2.2744045844e-01 -5.6327091682e-02 -4.0841146062e-02 -2.0759591143e-01
-2.3845044753e-01 4.6828622634e-02 8.2005793284e-03 2.4264631594e-02 2.1011721379e-02 2.1685341477e-01 -7.1918399220e-02 -1.5344011401e-01 -1.2347679940e-01 1.2668189526e-01 -3.3031619540e-01 -3.5272064663e-01 4.2651507403e-01 -2.7177452114e-01 -3.7551569099e-01 -1.6293508013e-01 -1.4558633296e-01 -1.7670854069e-01 -8.7711463939e-02 -3.1680303398e-02 1.3141566010e-01 -4.0305037108e-01 -9.4962163821e-03 -3.6704759340e-02 -1.2031133952e-01 1.8375617316e-01 -1.9279004815e-01 1.0488378281e-01 1.0378104631e-01 1.9647054118e-01 2.7573095537e-01 -4.5437145888e-02
2.1154523216e-01 -3.2521834828e-01 -2.4079104026e-01 -1.5729601105e-01 1.7082775684e-01 -1.4192621199e-01 -1.7752880344e-01 3.5692600236e-02 -1.6145120623e-01 -3.5370839492e-02 -1.5116674942e-01 -3.3401451931e-02 -3.0399407951e-02 2.2262952267e-01 2.0737412224e-01 2.2342898029e-01 3.3145225599e-02 -1.1013479167e-01 -6.0260052715e-02 1.9584055706e-01 -1.1996499468e-01 4.6272410660e-01 -2.6421633281e-01 -2.6168102494e-01 -1.5820673530e-01 1.1551658624e-02 4.5849077295e-01 1.0021971984e-01 3.6920722374e-02 2.4132122856e-02 -2.0240026725e-01 1.8767081915e-01
-6.1363709625e-02 2.3166054981e-03 -1.6709117471e-01 2.8690588302e-01 3.5428655592e-02 -1.9634288562e-01 2.1205336687e-01 2.3088604822e-01 1.2999590424e-01 6.1388208831e-02 -4.2469630824e-02 -1.3412261349e-01 -1.4810454721e-01 -1.6477580632e-02 -2.8995426120e-01 1.1029410166e-01 3.8503822199e-01 -1.6831253737e-01 1.1122443198e-01 4.9436678279e-02 -3.0333324959e-01 1.6331402681e-01 -2.7919488240e-01 2.7995616017e-01 -1.8399007410e-01 -1.8086157208e-01 8.4882197164e-02 3.1050351707e-02 8.5731286432e-02 2.7908717789e-02 1.7564161695e-01 1.8824631403e-01
-2.5926336310e-01 4.6168983029e-02 1.8322058015e-01 8.1068890247e-02 -2.4237209847e-01 2.9469834936e-01 2.0656312886e-01 3.1185670593e-02 -1.3294502752e-03 2.4881655166e-01 2.2991807051e-01 -1.7700263611e-01 -3.5087872161e-02 8.5953518182e-02 -8.2140602842e-02 -2.0993447134e-01 1.6158024645e-01 -2.5967411503e-01 9.7620218239e-02 -7.2937796959e-02 -1.4321153798e-01 -2.0977307314e-01 -1.4137723493e-01 -3.3021796631e-01 -4.7619895242e-02 6.1161882570e-02 1.4595742676e-02 6.4324629073e-02 -2.1398683126e-01 -9.6318471271e-02 1.4776215368e-01 1.5871516546e-01
3.0759771776e-01 6.3259234403e-01 1.3319760610e-01 -1.9532716228e-03 2.0136219710e-01 -6.8569355796e-02 6.9352455307e-02 -2.5537107463e-02 -4.7940739200e-02 -3.1981229511e-01 2.3757700644e-02 -9.3901274588e-02 -1.1423188520e-01 -1.2349490491e-01 1.9720576001e-01 1.3685059860e-01 -2.5428740238e-01 1.5214256426e-01 3.5535545980e-01 -3.8953101908e-01 -2.8990821829e-01 3.1299756993e-01 -1.6585142919e-01 5.9315944762e-01 -2.7174332609e-01 3.1710621568e-01 -1.9293128745e-01 -1.1250373514e-01 -2.7197061797e-01 -3.5772086906e-02 1.4465960334e-02 2.0507150880e-02
-1.8904690265e-01 1.1212091167e-01 -5.6756562552e-02 2.4784023621e-01 1.6936139688e-01 1.1828483444e-01 3.0664762092e-01 8.2092497493e-02 4.3753666719e-01 2.4742753645e-01 2.6384709511e-01 2.3849942853e-01 9.9573079452e-03 -1.2793978481e-01 9.7575496147e-02 1.6273995886e-01 3.9093121038e-03 3.3963047355e-02 3.6542944891e-01 -1.9933582963e-01 1.7319889446e-01 1.2010948387e-01 5.9774347519e-02 -4.2174702242e-01 3.2782221526e-02 1.5410586388e-01 2.1783993770e-01 -3.7925852458e-01 6.9722738734e-02 -9.0035956145e-02 -2.1256950783e-02 -1.9878694341e-01
2.3502118966e-01 1.9045660113e-01 3.9624557684e-01 4.0846062665e-02 -4.2920184593e-02 5.1618274153e-02 -6.5192639287e-02 1.2161457163e-01 1.7051493724e-01 -7.5021962698e-02 1.3724665494e-01 -1.0683044018e-01 -1.5739210474e-01 3.1648401514e-01 -7.9444018841e-02 2.8618214662e-01 1.3080559305e-01 3.4986949700e-01 3.3951227459e-02 -3.9900356306e-01 -5.6031427383e-01 3.0255913618e-01 5.7130849558e-02 -4.2262142501e-02 2.8495342297e-01 4.9427307260e-02 1.8153328113e-01 1.8412458821e-01 1.6825137079e-01 -2.8911654310e-01 9.5397466569e-02 -1.5452158151e-01
4.5446228983e-02 -2.9954110314e-01 -2.6136095782e-01 1.3971764221e-01 -3.5840461679e-02 1.7605493165e-01 -1.3728448007e-01 2.1112558894e-01 -1.5154391947e-01 1.2160864692e-01 -3.7293386955e-01 -4.4440050905e-02 -1.1676103137e-01 5.8263250903e-01 -1.9588456426e-01 1.9563524095e-01 -3.0981596763e-03 -4.5522816100e-01 -2.5067885388e-01 2.5778295877e-01 -2.9369958781e-02 -1.0892549276e-01 8.1486370402e-02 1.1750565316e-01 2.1337233937e-01 -2.7689469849e-01 -4.5679887104e-01 2.1571674427e-01 -2.7599135054e-02 -7.1717904564e-02 -1.0250414946e-01 2.1361666749e-01
-1.7373396634e-01 1.5870928870e-01 -8.0146178618e-02 -3.8594605375e-04 -4.1183579301e-01 -2.0880933733e-01 1.1458824570e-01 6.1332609484e-03 -8.9074575607e-02 -9.1928951907e-02 1.1218448192e-01 2.9660530711e-01 2.0808572939e-01 -4.6307196991e-02 -1.0131223582e-01 9.9158482946e-02 -3.3968113469e-01 -1.0107281316e-01 -1.0370544861e-01 3.1545994535e-01 5.2573275195e-02 -1.7345515227e-01 -1.2868254598e-01 -8.6412666667e-02 5.5449003300e-03 -2.8193982757e-01 5.0053776071e-02 -6.3496689899e-02 1.5447807893e-02 4.2921631336e-02 -1.1750050488e-01 -8.3993271789e-02
1.6534236759e-02 5.4954008230e-02 6.4920943209e-02 -5.2548450631e-02 -1.7183173735e-01 1.1672321176e-01 -1.4400814933e-01 -1.7587101541e-01 -3.0893074634e-01 2.1940034770e-01 -1.4482932545e-01 1.2465747871e-01 1.5363938481e-01 2.5817912102e-01 -4.1010935326e-01 -2.1991455239e-01 -3.7986590257e-02 -1.3642265665e-01 -3.1274050666e-01 3.9961845014e-03 4.0231399989e-01 -2.1574637517e-01 2.6492634914e-01 1.4827636988e-02 1.9485149323e-01 4.8152239616e-01 -2.8937103613e-01 4.4282271079e-01 -3.3373959341e-01 -1.4165483930e-01 -1.8316597060e-01 1.2126208922e-01
-1.2987532157e-01 -2.5158635184e-01 5.8915105792e-02 1.5997155026e-01 3.0031463869e-01 -1.8015371963e-02 7.5419402569e-03 -3.5023013817e-01 -1.0821642468e-01 2.6773635510e-01 7.9845076679e-02 5.2141515995e-02 2.5309027284e-01 -2.5007083068e-01 1.7182967026e-01 1.1224406877e-01 1.4283032741e-01 2.0173856828e-01 -2.1412381683e-01 -1.3380103726e-01 -3.0472791807e-02 4.1982688175e-01 2.4154130803e-01 -9.5599804095e-02 4.1565557805e-02 -1.4066967783e-02 -3.0628692064e-01 5.2851443793e-02 3.3766038439e-01 -2.3043281680e-01 9.6466490979e-02 -1.2205602098e-01
-8.8872557513e-02 -8.2145563943e-02 -3.2512592529e-01 -4.7485709185e-01 2.7108781889e-01 1.7058386314e-01 -2.0291134517e-01 -1.6433635888e-01 -1.4189775651e-01 5.0609511188e-02 4.8909602939e-02 1.5719777947e-01 1.4884889023e-01 -4.5773545276e-02 -3.7480946229e-01 -6.8181971272e-02 1.8649618063e-01 -1.3788115274e-01 -1.6291147761e-01 4.0742612561e-02 -5.0378068564e-02 4.6669538679e-02 -2.1873313631e-01 -1.5441198579e-01 -1.4404603541e-01 -8.3736910665e-02 -7.6630094415e-02 2.1516871984e-01 3.1248159963e-02 -1.5417988794e-01 -3.5665771245e-01 6.3738107914e-02
-3.0932550057e-01 -1.8408563780e-02 -1.2495591495e-01 -3.1345881623e-01 1.2705059507e-01 5.1795356880e-04 -2.3644545713e-02 -1.2515453321e-02 9.4457563321e-02 -3.3979777468e-01 -1.7766166652e-01 4.8666104091e-02 -2.0110902303e-02 1.9862687029e-01 3.3318180272e-01 6.7655121842e-02 -8.7159084526e-02 -2.2589955874e-01 4.7535956607e-02 -1.5702273557e-01 5.8654534657e-02 -1.5969391074e-01 -7.9674512650e-02 -3.2908758410e-02 -1.5327101329e-02 -3.6148518231e-01 -5.3624269972e-01 3.1606105199e-01 5.0489584862e-01 -2.5126431575e-01 -1.0036577153e-02 1.3121007554e-01
-2.6272746462e-01 -3.2177687772e-01 6.5124716673e-02 -1.5642027417e-01 -4.2560330515e-02 -9.8134118317e-02 -3.2021457536e-01 -2.9646321476e-02 -1.1480319806e-01 -9.0599532974e-02 4.9091978544e-01 7.7029766851e-03 1.0205676931e-01 -1.5098138537e-01 -1.3842993193e-01 3.2615584510e-01 1.1894596219e-01 8.4399954666e-02 8.0349607738e-02 -1.1619243779e-01 5.3043727332e-02 -8.3324447141e-02 3.8073087956e-01 3.6021846525e-01 1.7935394542e-01 -1.1074047059e-01 2.0686482746e-01 -2.9189164176e-02 1.0185652296e-01 -3.8750840619e-02 -1.7698195859e-02 -9.2992268009e-03
1.6509318754e-01 1.7186663730e-01 2.0829367974e-02 3.1382303850e-01 1.7832466291e-01 -4.5058608622e-02 -1.8497928396e-01 -7.4460392692e-02 -2.8639173166e-03 -1.0128448328e-01 2.2078005112e-01 -1.7076515234e-01 1.3228181503e-04 -3.9820082809e-01 5.9675098006e-02 -1.9039133592e-01 1.2980004502e-01 -4.9355979829e-02 2.7486421137e-01 -1.0164522575e-01 1.1136808954e-01 3.3282297250e-01 2.5719318279e-01 3.1225654955e-01 6.7557411560e-02 -9.8206050845e-02 5.0754657543e-02 -2.5795841746e-01 -9.0702600997e-02 9.0072176771e-02 1.8974713732e-01 -9.3336218755e-02
-2.8718938130e-01 -1.0556187071e-01 -1.2706772948e-02 -1.5682499046e-01 -9.2329603865e-02 -1.5716723835e-01 1.5557670162e-01 -2.3791169842e-02 -1.0350260596e-02 -2.0706988309e-01 5.5705938387e-02 -2.1088290804e-02 8.5135037874e-03 1.2951954296e-01 -1.3274029800e-02 -7.1026275565e-02 3.9397535662e-01 -9.4404831458e-04 -6.2497369623e-02 -2.3768774511e-02 3.3849646771e-02 1.0287662297e-01 1.0087548516e-01 2.2641628412e-01 -1.9796580103e-01 1.6260148866e-03 6.8189745545e-02 -2.0307357673e-01 -3.2188249974e-01 8.9809100005e-02 2.1784884688e-01 -6.1101936791e-02
6.8930761399e-02 3.7415332738e-01 5.8915999960e-02 -2.2481533187e-02 1.4031770207e-01 -2.1365746565e-01 5.4158541492e-02 3.2338660599e-01 -1.0165909972e-01 8.4409936876e-02 2.0671511518e-01 6.0301840454e-02 1.9993054614e-02 -1.2045483829e-01 1.2465545428e-02 2.3686708218e-01 1.0699142736e-01 -4.3327238236e-02 2.2456712882e-01 -8.0407846739e-01 3.8549864364e-02 2.7344087908e-01 -3.2373753717e-01 -2.4045351124e-02 -9.8621522577e-02 3.4258523902e-02 2.9706436144e-01 -1.9587424766e-01 -8.4251270430e-03 8.0887539898e-02 -1.6574512373e-01 -5.5497035707e-01
-7.3865644693e-04 2.7343666796e-01 8.8140151316e-02 1.8572868061e-01 1.0929630409e-01 -1.9287902747e-01 1.9987277858e-01 -6.6655608646e-02 1.3942387983e-01 2.4933107542e-01 -3.0064994127e-01 -5.9248902918e-03 -4.1483543132e-01 -2.5571468884e-01 2.9951059473e-01 -1.1557256766e-01 -1.5737098885e-02 -1.5749007973e-01 1.7227028860e-01 -2.8249841578e-02 -2.0942798330e-01 1.0637673235e-01 -1.0553418704e-01 2.8134554227e-01 -3.5807197318e-02 2.6328397325e-02 6.5504664026e-03 1.4722769775e-01 9.9428874197e-02 1.0489577145e-01 2.2372927938e-01 2.1351153871e-01
