3.7895584548e-01 1.8637704702e-01 -2.6514808520e-01 1.4465676655e-01 9.3411191569e-02 1.1100525774e-01 -1.4880609055e-01 -3.0989507599e-01 3.0750916757e-01 -1.0326927490e-01 -6.1969212693e-02 1.2471835777e-01 2.4199386013e-01 4.3847104659e-03 2.1402055781e-01 7.0343767627e-02 -3.5754371386e-02 3.0664449422e-01 9.0135170021e-02 -2.5730355472e-01 2.4553094394e-01 1.9323637210e-02 -2.9981522504e-02 1.2959420604e-01
1.4614976104e-01 -9.2870546383e-02 -1.1138142351e-01 1.3488189316e-01 -9.3030314835e-02 1.5035612468e-01 -1.2647199910e-01 -3.4653057565e-02 1.3512904905e-01 -2.8635589822e-01 1.5954015451e-01 -1.9407908833e-01 1.2571067801e-02 3.1762091638e-01 -1.5150540185e-01 -1.1927109415e-01 -2.2912434294e-01 -1.7254577864e-01 5.4616361679e-01 1.4539017542e-02 1.5866101349e-01 -2.5933720668e-01 -2.6744414744e-01 1.9359458633e-02
-1.2977395378e-01 -2.0241401303e-01 2.1568604935e-01 1.4454006040e-01 2.3117529214e-01 2.0061892103e-01 5.5050657487e-02 3.1738050621e-01 1.8509532948e-01 1.4379272056e-01 6.1339510684e-02 2.4081591751e-01 5.8492714059e-01 1.7666059709e-02 1.7021222854e-01 1.7555187872e-01 -3.5414724250e-01 -4.9444919783e-01 -4.6141131953e-01 2.4955519041e-02 -1.2870600956e-01 -2.7525696317e-01 -7.7973154048e-02 -1.4936160891e-01
-2.2454953009e-01 1.5885281410e-01 -1.1486339864e-01 -2.0797055329e-02 4.1606362606e-01 -1.7446080862e-01 2.2910597122e-01 -2.1926333776e-01 -1.1241053326e-01 1.1215561817e-01 5.8387781657e-02 5.9900510460e-02 -7.2926524899e-02 3.1054107504e-02 1.8546972835e-01 1.7807770652e-01 -4.5711981537e-01 -2.7058675253e-01 6.7956838086e-02 -1.5401790652e-01 4.4820443952e-02 1.4096724678e-01 -2.7422516069e-01 4.9101111662e-01
2.2579240122e-01 4.2183508459e-01 1.8227395561e-01 5.0956087196e-01 -5.1504864939e-02 1.6375356148e-01 -3.4447128215e-01 3.0726571604e-01 1.8764967434e-01 1.8980915719e-01 -1.7150669362e-02 2.3129788433e-01 1.4232206328e-01 -4.9281576848e-01 4.9701154874e-02 2.4442426685e-01 1.5758704259e-01 2.1792623553e-01 2.1638244638e-01 -4.8137762262e-02 3.4774652078e-01 -2.8550552430e-02 -2.1937306052e-02 -1.9487930156e-01
1.1839796109e-01 3.8406043300e-01 2.5282807958e-02 1.3031221556e-01 3.4158731600e-01 -2.0053564109e-01 -3.3321051216e-03 1.3007925711e-01 -3.2938769005e-02 2.1514143817e-02 2.6613510456e-02 -2.0141266964e-01 -9.8602604844e-02 -9.9562761693e-03 2.5623071875e-02 3.9955673483e-02 -3.2048637930e-02 -1.3351662802e-01 3.0708626863e-01 -2.5882297304e-01 -2.5454720128e-01 -1.4941959636e-01 -1.1620783460e-01 1.8690472011e-01
-1.0529492648e-01 1.8949406427e-01 -7.0804845603e-02 9.7817004796e-02 2.2733921556e-01 -1.9450521863e-02 -1.1338302734e-01 -9.3368132930e-02 1.7097635020e-01 6.0922306342e-02 2.4877212740e-01 -3.5440136289e-02 -9.6467104942e-02 -4.8709780777e-01 1.3681596225e-02 1.5257088827e-01 -4.2821750158e-03 -3.6570785514e-02 -4.5885293387e-03 -2.7598127492e-01 -7.2897909583e-02 -2.7205402163e-01 3.8416960196e-02 9.3121050667e-02
2.1829710036e-01 4.6083399932e-01 2.3792978686e-02 1.8742579387e-01 -2.4221207667e-01 -1.7350258272e-01 9.9539100957e-02 1.6554545273e-01 3.0556937502e-01 -3.8642155824e-01 -1.4766653107e-01 -3.4811978074e-01 3.2994709433e-02 -4.9161476614e-02 1.2795024384e-01 1.2028809669e-01 -2.5877333290e-01 4.0489544799e-01 5.1131548124e-02 -1.8281136381e-01 4.8401297393e-01 -5.6047653843e-02 -4.9006484852e-02 -2.6704471998e-01
-2.2943252242e-01 9.1844439248e-02 1.9537659617e-02 -3.2198134489e-01 1.8166303637e-01 -7.1954121490e-01 -3.3571074783e-02 -3.8680017882e-02 2.3207524938e-01 5.1268669847e-02 5.4692606076e-03 9.4842481506e-02 1.7053283205e-01 -1.0593178319e-01 1.1866172803e-02 -1.4123526464e-01 -1.5293742119e-01 -1.3860577481e-02 -2.0986971814e-02 -9.7447027710e-02 1.8195391945e-01 2.7825499800e-01 -2.2258254174e-01 1.1002933318e-01
5.6266819085e-02 2.0109503144e-01 1.0202816336e-01 -1.7817658982e-01 1.5182459868e-01 1.7607433968e-01 -1.5204752112e-01 1.4260149436e-01 1.1168884894e-01 -4.6023933531e-02 1.2241178986e-03 2.9777022041e-01 1.6013291789e-03 -1.6503028322e-01 1.5199423088e-01 2.8381032583e-01 -7.7985826318e-02 4.9168941783e-01 -4.3616733313e-01 -1.4478393155e-01 -9.6549322215e-03 -1.6845617979e-01 -3.1400001552e-01 2.9092138361e-01
9.9173329387e-02 -1.2425776417e-03 -5.3345383502e-02 2.0018605277e-01 -2.8520432837e-01 -1.4234298333e-01 -4.3871408755e-01 1.2473999968e-01 -1.0083817789e-01 5.0191549538e-02 3.7649248234e-04 5.6071461674e-02 -9.6418774009e-02 -2.4270436826e-01 -2.7926143675e-02 1.6557993060e-01 -1.7236599198e-01 -1.9471933498e-01 -1.3808546807e-01 -1.1658308432e-02 -6.7199105110e-02 6.9206784930e-02 6.2993666149e-02 1.7182695168e-02
1.8284548050e-01 2.2170411480e-01 -2.1859096000e-01 -3.7177188044e-02 -1.7933365386e-02 1.5153227176e-01 1.9854685878e-01 2.7097462329e-01 -1.3132353833e-01 -8.3581185132e-02 -2.6579857602e-02 -1.1796573384e-01 -1.2680093838e-01 -1.5909752724e-02 3.4230560563e-01 1.7749473401e-01 -4.3994574525e-01 1.2584269936e-01 2.3480819557e-01 3.0809840856e-01 2.2153946338e-01 -1.9278893540e-01 -1.6039926994e-01 6.5950819186e-02
3.1938528524e-03 -1.7048583583e-02 -1.4932217317e-01 4.1478974178e-01 -4.3686325472e-02 7.4170151195e-01 -5.4592944796e-01 1.0110696328e-01 4.4926421213e-02 1.6122378006e-01 -5.6210707466e-02 3.1329380232e-01 1.8868555018e-01 -6.9171743101e-02 5.4693559817e-02 1.5195407123e-01 -1.9943184250e-01 2.4432076311e-01 1.7734038061e-01 -2.9278867183e-01 3.5678013802e-01 1.2427996146e-01 -8.4498122836e-02 -3.6140469706e-01
-1.2923879858e-01 -5.8174154374e-01 1.2617571980e-01 -1.7694017664e-01 -1.8560116998e-01 -3.1204450597e-01 -2.9618948134e-01 -4.3431685758e-01 2.8468360385e-01 -4.0370226004e-01 -4.8535121506e-01 -1.0395689377e-01 -1.2326474886e-01 3.7927234200e-03 -1.1083403429e-01 -2.9938753772e-01 1.3658527640e-01 7.4280076585e-03 -3.8873842398e-01 2.0702369275e-01 3.0840683096e-01 -2.3482607617e-01 -8.2297040024e-02 4.7749454702e-02
2.1350332977e-01 7.2296594870e-02 -8.1130586284e-02 2.6003139594e-01 9.5991407576e-02 1.6795898863e-02 1.7632047640e-01 -7.9023820159e-03 -5.6662264015e-02 6.1993142492e-02 2.2793104879e-02 2.4150913129e-01 -8.2518577156e-02 -2.8415894369e-01 2.0785256363e-01 -2.0211685977e-01 1.1792074703e-01 -1.2387037028e-01 -2.6600264376e-01 4.0782220392e-01 5.1432311186e-02 1.1296951874e-01 -9.4962965144e-02 -9.1325752124e-02
-4.1500714879e-02 -1.2169740725e-01 -1.8018948561e-01 2.8638444194e-01 -6.0591558878e-02 2.8336469715e-01 4.0093827062e-01 2.0633238737e-02 4.5205289490e-02 -3.0970393484e-01 -2.8168084082e-01 8.7524609405e-02 3.7261353545e-01 4.2885773922e-01 3.6009024537e-01 -3.2990825925e-01 -1.2911801001e-01 2.4970375173e-01 -8.7248675701e-02 -3.9635347859e-02 1.1948909193e-02 1.6986216133e-01 3.5003722484e-02 2.6264907330e-02
-1.6069479530e-01 1.7118732192e-02 1.9892961988e-01 1.5227777735e-01 -2.5766678052e-02 -1.6992501350e-01 1.0648769636e-01 -8.1003553064e-02 7.8393429995e-02 1.6967508751e-01 2.4346306965e-01 1.2734075504e-01 -1.5238780722e-01 -2.3503306584e-02 -9.7958659339e-02 -3.1052228518e-02 1.4941415654e-01 -5.4125693155e-01 -1.2367548349e-01 -8.2252102514e-02 -4.1650661699e-01 -2.7212396996e-01 3.8648753218e-01 -1.7700159988e-01
-1.3186775942e-01 1.8425027793e-01 -3.9780934717e-02 -9.9648721590e-02 2.7073491580e-01 2.1507201891e-01 2.4862208458e-02 -2.7611972163e-01 8.3559895511e-02 -3.7807449993e-01 -6.2505240354e-02 3.1555566779e-01 -1.1236981781e-01 2.7915092676e-01 -7.8321847757e-03 2.8269533169e-01 -2.8795315200e-01 1.3156359636e-01 -2.4808220122e-01 -1.6070836248e-01 2.2613095340e-01 -2.3682136487e-01 -1.0213029121e-01 2.2533214106e-01
2.0337349424e-01 -4.9949799197e-02 -4.3727758855e-01 7.3826089923e-02 -2.9307497761e-01 -2.6132302506e-02 -4.0506889571e-01 2.1914211315e-01 2.6559250271e-01 -8.2030425395e-03 1.5845820512e-01 -7.0458200757e-02 -3.0031231162e-02 1.9707078999e-01 9.2760135423e-02 2.2974079543e-01 -3.1503616968e-01 -2.6994525686e-01 1.0663041420e-01 6.9829429801e-02 6.8992237004e-02 1.0366358883e-01 5.0260948722e-01 -3.4681695427e-02
1.0678971368e-01 1.6260518577e-02 -5.4021091582e-02 -2.7892286502e-01 -1.1945668401e-01 -2.4256184659e-01 -3.6892503387e-01 -4.4204697091e-01 5.1347722920e-02 -1.4102793760e-01 -2.7117548727e-01 1.3055758501e-02 -5.1007627379e-01 1.1841449232e-01 7.3541630028e-02 3.0990103766e-02 1.8090030419e-03 9.5914880927e-02 -6.6666090325e-02 1.5486705931e-02 -2.3111027974e-01 -1.0336061648e-01 -1.7173849113e-01 -3.6655256870e-02
-2.2999468098e-04 -4.9355447271e-02 -2.3437604239e-01 4.4170324955e-01 -1.5971651337e-01 -4.0595677144e-02 2.2532549815e-02 -3.0915207335e-01 -3.8028020158e-01 -5.0304330093e-02 5.3974746651e-02 3.6739837387e-01 -4.5666520266e-01 1.1929035650e-01 -2.1354880150e-01 -1.7463097069e-01 4.4139797484e-01 3.3778970138e-01 -1.4055454994e-01 3.1181135514e-02 -5.3974803825e-02 -2.5482459308e-01 -1.4239426674e-01 2.6090129433e-01
-2.3221785904e-01 -9.6093065469e-02 1.2997635671e-01 -2.6310093025e-01 3.4009697682e-02 5.3475467729e-01 -1.5410571656e-01 6.4883577712e-02 6.5237450764e-02 -1.1305812059e-01 -3.8576441748e-01 5.1710197160e-01 7.4150279703e-02 2.0817339186e-01 3.4453621330e-01 -1.3397961314e-01 -2.9226926456e-02 1.3770580196e-01 -1.6920583967e-01 -3.7028652353e-01 -1.4608066264e-01 3.5866127473e-01 -2.0603277750e-01 3.6154228823e-01
-1.5512480195e-01 1.2127428411e-01 -1.4783091131e-01 -2.3467666500e-01 -4.9011043234e-01 5.6823320678e-02 5.8060244341e-01 3.4011982228e-02 -2.6441884247e-01 -2.4069731167e-01 -1.2362251989e-01 2.8232020760e-01 1.3707152922e-01 2.4887556023e-01 -2.6095311472e-01 6.0070478357e-02 -3.0839203783e-02 3.2968254237e-01 6.5423018189e-02 3.0920681606e-01 1.9587201140e-01 5.3708658877e-02 -1.2285382262e-01 8.7924980817e-02
-9.9137084945e-02 1.5393017174e-02 -6.3691136602e-02 -2.5891894031e-01 7.4710513192e-03 -4.6542888367e-02 -7.4433325795e-03 2.1662291192e-01 1.3122731014e-03 2.0060060429e-01 -6.7877584057e-02 1.6117862219e-01 -4.3952546899e-02 -5.1108912497e-02 2.2226710867e-01 1.5701300378e-01 -1.7955787299e-01 -3.9267013320e-01 1.9417804888e-01 9.0449918206e-02 1.0179378784e-01 4.4406145782e-02 -3.0614405773e-01 -9.8344051938e-02
