3.0091475837e-01 -9.1907898540e-03 1.8469102733e-01 3.7698873673e-01 4.5099785228e-01 -3.1241449053e-02 -6.1260783228e-02 2.6789172309e-01 1.0083689157e+00 2.8807084816e-02 9.3322591382e-02 3.3360932613e-01 -1.4445754982e-01 -1.5988093250e-01 -5.4712062595e-01 1.1522601731e-01 -1.1553820395e-01 1.1842261790e-01 -1.1858795161e+00 2.9931210710e-01 1.0968923974e-02 -1.7805621637e-01 -2.6104191476e-01 -2.1215778073e-01 -1.6113636508e-01 5.0346882748e-01 -3.1687589526e-01 -2.3145769485e-01 -1.4631685356e-01 -6.4733493240e-02 1.9977707819e-01 1.6938978571e-01
2.2221178651e-01 -9.4373300314e-03 -2.3824463836e-01 -1.7859582512e-01 1.0545574057e-01 2.2516992442e-01 -9.8801104862e-02 -9.4791853133e-02 -3.0478830777e-01 -1.9191838340e-01 -1.6433558285e-02 4.6166381919e-02 6.6602641006e-03 -4.7150812252e-02 -1.0503610309e-01 -9.3475413239e-02 -1.3613939972e-01 2.4659379471e-01 -6.1683812567e-03 2.0865370218e-01 -1.1745671024e-01 -8.7456202777e-02 1.1715038309e-01 3.3599857992e-02 -4.8029207071e-01 2.4169151966e-01 -8.8332333740e-02 -3.2267826343e-02 -3.2470665836e-02 -4.3367498546e-02 3.5978958162e-01 9.9167792364e-03
1.0289773834e-01 8.4604593388e-02 1.3850873618e-01 -5.8801529870e-02 -1.5856238886e-01 -1.1998019247e-01 2.2730534761e-01 -4.9908942336e-02 -2.9962817895e-01 5.0790479016e-02 1.0564793099e-01 7.2849215638e-02 2.3126261274e-01 -9.4481673670e-02 3.9471666850e-01 2.0177573636e-01 3.3832656930e-02 -9.2342615819e-02 1.3628234378e-01 2.7209882879e-01 4.5885278127e-02 -1.1932234139e-01 -9.0381267998e-02 1.5917251095e-01 -1.3790152119e-01 -9.4409613641e-03 -2.4443147169e-01 4.6480550793e-02 5.1061311447e-02 -1.3566044948e-01 -8.1729917373e-02 -1.1178743519e-01
2.7281875986e-01 -3.1739796644e-02 -1.3117775042e-01 -1.8109545722e-01 -1.4516338469e-01 1.1468541726e-01 2.7554802568e-01 8.6231778961e-02 -1.0564433885e-01 -1.4211857661e-01 3.4197901330e-01 4.7780400092e-02 1.4954001466e-01 1.3164185428e-01 -3.9172696435e-01 9.9292431327e-02 -4.9009140360e-02 -6.0556149272e-02 -5.7055303424e-02 -1.9502434361e-01 2.1709087520e-01 -2.1449515872e-02 2.8609043103e-01 1.0032802984e-01 1.6707411978e-01 -4.8273233144e-02 -2.9180421496e-01 -1.2293638535e-01 -1.0132912863e-01 2.3191706074e-02 3.5596307958e-01 4.1587255640e-01
-3.9023904216e-02 -4.1323857489e-02 1.1736861349e-01 -3.2594956885e-03 1.8527738309e-01 1.9347073643e-01 -2.0248147642e-01 -6.7118256281e-03 8.2320200862e-02 -2.9966235855e-01 2.7308262693e-01 -2.2278097841e-02 1.3090944407e-01 2.2850879384e-01 5.7350123691e-02 -2.5167145663e-02 -2.4874875460e-01 4.3423129823e-02 7.3876818872e-02 -1.4037101188e-02 5.6565127480e-02 1.1415652128e-01 -3.8259674961e-02 2.8382179849e-01 1.2759184034e-01 -4.9374415502e-02 -1.2803317902e-01 -6.8832725073e-03 -3.3269440233e-01 1.0199417254e-01 5.4531083750e-02 2.3873653813e-01
2.6992707236e-01 -2.3999698823e-01 2.4576559188e-02 3.3086874012e-02 -4.6923648682e-01 3.5102932354e-01 3.3303759597e-02 -2.0636675645e-03 1.1086026722e-01 3.2280283773e-01 -2.5720189347e-01 1.7696414049e-01 4.5079731026e-02 -3.0147551908e-02 -4.6689648181e-01 1.0675629941e-01 -4.0310910513e-01 6.0611027949e-03 1.0717830811e-01 -8.9950200650e-02 4.6078743304e-02 2.3370867147e-02 -2.1007282852e-01 -4.0244502582e-02 1.8738754197e-01 2.0695209733e-01 -5.8286701616e-02 4.4134183366e-03 -2.3874394362e-01 -1.6472844268e-02 -1.5325405868e-01 2.5713052838e-02
9.9540033458e-02 1.8570470129e-02 -1.9390691893e-01 1.7063511364e-01 -2.3657761807e-01 -8.9554035794e-02 7.2917818052e-02 7.1448806628e-02 2.4232506917e-02 1.7154253929e-01 -1.1620752192e-01 3.7564848229e-01 -1.5765635276e-02 2.2766817844e-01 2.7082427598e-02 2.1993450350e-03 1.6687481131e-01 -1.4614733418e-01 -1.3199239723e-01 -1.8829041921e-01 1.6793823392e-01 5.1933124517e-03 -1.7868161443e-01 -2.0820869213e-01 -2.3600658827e-01 5.4575539929e-02 1.1185905851e-01 2.7166974323e-02 1.0157292771e-01 -8.3459014108e-02 -5.7981754545e-03 -4.1040125357e-01
-6.1805221632e-02 1.1290288901e-01 -5.2171334773e-02 4.9744130245e-02 -4.2978270813e-01 1.4770764184e-01 -3.9227326524e-02 2.1988631426e-01 -2.6135797949e-01 -1.0239987849e-01 5.6983401810e-02 1.4335099303e-02 -2.9696757582e-03 -2.1077338428e-01 1.8868667100e-01 -8.6592148458e-02 1.5111309033e-01 -4.9268082290e-02 9.7095363043e-02 1.5238446321e-02 -1.9858176002e-01 8.4195037392e-02 -1.8054151863e-01 -2.1942777534e-01 -8.9299388589e-02 -2.2333134218e-01 1.9474400211e-01 2.5259739720e-01 1.2822110297e-01 -6.3245218417e-02 4.5099959304e-01 1.9186177637e-01
1.7570524906e-01 -1.8124216737e-01 -2.4951997862e-01 -7.4916198991e-02 2.9980468768e-01 2.1425201983e-01 1.6948100121e-01 5.5873930809e-02 -4.0746896765e-02 -1.4350347044e-01 5.6371523562e-02 -4.2843632029e-01 1.3175563187e-01 5.7640152948e-02 1.1680868066e-01 -1.1746380146e-01 -5.5103507394e-02 1.4853398079e-01 -2.0974408075e-01 3.0744108052e-01 -1.9041806764e-01 -2.3810131508e-02 -4.8283349512e-02 -1.6551615682e-01 4.0813040017e-02 -1.7113002440e-01 2.5093172508e-01 2.4230414381e-02 4.1916698379e-03 -3.1189240729e-01 -4.1887518185e-03 4.0229629896e-02
-3.5745604525e-02 6.8035119975e-02 -1.7396545393e-01 -2.4604546377e-01 -2.7812140974e-01 -7.9086106867e-02 -3.2359235225e-01 2.2727916270e-01 -1.8948511186e-01 -1.3917003303e-01 8.4239919050e-02 2.0572347235e-03 3.2026939984e-02 2.9834499867e-01 -1.8514342849e-01 9.3459884248e-02 -2.5485845668e-01 9.3775430620e-02 2.0915145902e-01 -1.3279937437e-01 2.9318914593e-01 -1.9590964344e-01 -2.3702649197e-02 -4.7826151550e-02 -5.6378967874e-02 -3.0286595817e-01 -3.7194547301e-01 -9.3131419259e-02 -3.5798255815e-01 1.6946714670e-01 5.1642543510e-02 -9.9995537945e-02
3.0920536973e-01 -1.5026743042e-01 -1.0352684493e-01 1.9610565249e-01 -1.9903251147e-01 2.7409928658e-01 7.6643080335e-02 -1.5218744307e-01 -3.8922993314e-02 -1.6123381613e-01 -1.9745991100e-01 2.3463031500e-01 -2.8899581042e-02 -4.0676623930e-01 -3.2338448396e-01 -2.7764614140e-01 8.8119643263e-02 1.1055959893e-01 1.8938891690e-01 1.4639040718e-01 -2.3214816407e-01 1.4974565346e-01 1.3602666713e-01 -2.3784135335e-02 2.6343625606e-01 2.9935146745e-01 1.6768827986e-01 2.0722652939e-01 1.6675606708e-01 -2.5662240502e-01 -2.4179554178e-01 -1.2783123817e-01
-2.0276556123e-01 -9.9823278251e-02 2.0182600162e-01 -1.0272459344e-01 -9.2235361236e-02 2.4734583930e-01 -3.0460277930e-01 -6.6987860419e-02 7.1289337869e-02 -2.7837478456e-02 -2.7352614891e-02 1.5349844386e-01 -8.4837065730e-02 -1.8705858661e-01 -5.6022658235e-02 -3.0410186783e-01 -6.7082238826e-02 3.2564878943e-02 -1.4757039952e-03 2.3586516680e-01 -6.5572371060e-01 -4.8963895512e-01 -2.6706474578e-01 -1.5996128690e-01 -2.7175933504e-01 3.3095770439e-01 1.8473604541e-01 -8.1674421654e-02 -1.2848937738e-01 1.8194489492e-01 1.2040758746e-01 -8.9822979022e-02
3.9830013659e-02 -2.8398449099e-02 -1.5030674967e-01 -1.8569914216e-01 1.8816945688e-01 2.4309709895e-01 -9.5626460715e-02 1.7648003453e-01 -3.5041288082e-02 2.2733282704e-01 1.3370059085e-01 1.1522568273e-02 -4.3692253112e-01 7.6857755348e-02 3.3546053363e-01 -2.3262681406e-01 -9.9061619678e-02 2.5662219141e-01 9.0371852925e-02 -1.9833681746e-01 -3.8785986777e-02 -1.8105193299e-01 -7.5693881918e-02 3.5862773350e-01 1.2945223605e-01 -2.2771419473e-01 -1.9326070902e-01 2.9775661117e-02 1.2201235590e-01 -1.1229099330e-01 8.7552385213e-02 1.1853501438e-01
-5.2168716886e-02 7.5969092554e-02 2.0911232704e-02 1.9391196064e-01 2.1813603741e-01 1.6165336659e-01 -6.1701210208e-02 8.3335322501e-02 -1.4254836904e-01 -3.3103145201e-01 -3.0070370452e-01 1.2120090532e-01 1.9564221165e-01 2.2227757020e-01 -3.4016905377e-01 -9.4371832025e-02 3.9113947067e-01 2.1544137513e-01 6.2323774174e-02 9.0278419038e-02 4.3218269006e-02 2.1050262662e-01 -3.5193204000e-01 1.1805493297e-02 1.2338590174e-01 7.0412889121e-02 -1.2322274075e-01 1.1444381362e-01 1.6967461613e-01 4.1411043506e-02 -3.2234733592e-02 -1.3705740864e-01
-1.4019152610e-01 1.5153147096e-01 1.7068190353e-01 2.0549766528e-01 -1.9228954289e-01 -2.7430222610e-01 -3.3253825764e-01 1.2911589664e-01 1.9876507768e-01 1.7758183203e-01 4.4200007050e-02 2.4019706812e-01 -1.4424522821e-01 -1.4696832774e-01 8.3410144542e-02 -1.1072449411e-01 1.0525160702e-02 1.3555723011e-02 -6.2091432481e-02 -1.6058137670e-01 2.7250595384e-01 -1.0057902742e-01 -4.7382967917e-02 -1.2703768859e-01 -9.0649910014e-02 -1.0376822751e-01 -2.0871244723e-01 -5.8641667261e-03 -1.7760755580e-01 -2.3211873852e-01 5.7782252820e-01 1.6411046582e-01
1.5006336829e-01 1.1095481235e-01 2.1584703543e-01 1.1493620739e-01 2.0044025755e-01 -3.1964327938e-02 1.5623661582e-01 -1.3655296854e-01 -3.4252970643e-02 -3.0927435450e-01 1.0806672376e-01 -1.9534088601e-01 2.2765948956e-01 2.2871496687e-01 5.2120231017e-02 3.4507916166e-01 -7.0064322541e-02 -1.6495847441e-01 -1.4167890167e-01 2.1318705127e-01 -9.3403792635e-02 2.7775904168e-01 1.0565424256e-02 -2.0834563666e-01 1.5081800061e-01 1.7346021223e-01 -1.4525924703e-01 -2.9460416519e-01 -2.5773905727e-01 -1.5355890754e-01 4.8184474483e-01 -1.5482361543e-01
2.5690816081e-01 -3.3906080934e-01 2.7729540079e-01 -1.7560021336e-01 2.3713793684e-01 -1.8387331476e-01 1.7276415533e-01 9.5432144419e-03 -1.2497665632e-01 -7.2613354945e-02 -3.0796034464e-01 8.6783886921e-02 -4.7807732171e-01 1.6446294106e-01 -1.8405499654e-01 3.7061304367e-01 2.2314961573e-01 -1.4572432606e-01 4.2829470362e-02 3.2646242056e-03 -1.2048297332e-01 -2.1378090025e-01 1.2749775722e-01 7.2914702375e-02 -6.8471117971e-02 2.7249534211e-02 -1.7162515519e-01 -1.2936486075e-01 1.0607447575e-02 -1.6458644208e-01 -1.5416069659e-02 -3.0091891359e-01
-2.1986937298e-01 6.6628793691e-02 1.4314495779e-01 1.4995469121e-01 -4.3420124127e-02 2.9890828649e-03 2.4243949066e-01 -3.7685459943e-01 -3.8395680710e-02 2.9589901302e-01 -1.7383619292e-01 -5.4161734975e-02 1.4532403985e-01 -1.2454146655e-01 2.2191874275e-01 -1.8747850895e-02 -4.6319970837e-02 9.9417961325e-03 -4.1471533153e-02 1.6376937993e-01 -1.9962027826e-01 1.9593720187e-01 2.1351383859e-01 2.0809920602e-01 1.5530530323e-01 -5.2307645785e-02 9.3309529775e-03 1.8415157155e-01 3.1783617944e-01 4.8715643248e-02 -4.9899842491e-02 2.7500236367e-01
-2.6105030333e-01 7.2740615865e-02 6.7549746039e-02 -2.4057856972e-01 -1.3747745356e-01 -1.2332131651e-01 -1.0857476853e-01 2.2733282461e-01 9.2081083920e-02 -2.2172852357e-01 -2.7069617736e-01 1.9925763512e-02 -3.1301083352e-01 3.5216885927e-02 1.4191312170e-01 -1.0200773197e-01 3.3299029374e-02 -1.3451340909e-01 -1.4778826638e-02 1.1785605245e-01 2.5562833315e-01 2.1377777452e-01 1.4588650956e-01 -3.7221817495e-02 1.2177732777e-01 1.2385208136e-01 4.6577139446e-02 5.4326762377e-02 8.4619859805e-02 -1.8541785303e-01 -3.2330472266e-01 3.4095962814e-01
-4.0717594152e-02 1.1850719229e-01 -1.5140892209e-01 2.8970780011e-01 1.4759642746e-01 -5.0179235025e-01 4.7439765365e-02 -1.0248970748e-01 -2.1285336960e-01 -3.7311554246e-02 6.3186914654e-03 4.3848786555e-01 7.0595869570e-02 -1.2268732176e-01 -2.9509533079e-01 -1.7211237921e-01 1.0157308966e-01 -4.6683269380e-01 7.1096754152e-02 -8.9833214814e-02 1.6503526320e-02 -2.1718015838e-01 1.0790677859e-01 -3.4325247293e-02 -2.7610446923e-01 2.8088712709e-01 5.6842114346e-02 1.5169194547e-01 4.6844629069e-01 -3.2160192754e-01 4.4950386037e-02 2.3107620559e-01
8.1178380679e-02 3.7124328088e-02 1.1302169936e-02 -2.3735049356e-01 8.7988954294e-02 -2.5534433320e-01 2.2454487875e-01 5.6594776747e-02 5.0725619362e-02 -5.6863140281e-02 8.6581011382e-03 1.1852579092e-01 -8.5193622841e-02 -6.9264976926e-02 3.1031066540e-01 -2.6973102912e-01 -1.7972425809e-01 2.3265503232e-01 9.3131315628e-03 1.6742831436e-01 1.3301118444e-02 -3.3379057750e-02 -2.1684994414e-01 -2.0919698883e-01 3.4075671500e-01 -8.7619328452e-02 -3.0584043631e-02 2.5772628604e-01 5.2487463551e-02 -1.0439274933e-01 -1.0724766819e-02 -1.4843898300e-01
-1.7487239634e-01 1.0325315143e-02 -1.1096243302e-01 2.1226931443e-01 -8.0669063729e-02 -6.6050671542e-02 2.5305774674e-01 1.6144368313e-01 1.0059146100e-01 1.3664325737e-01 -1.0952816805e-01 3.0646779680e-01 7.4317146917e-02 -4.3705481689e-02 -1.1139981266e-01 -1.6835529371e-01 4.0308197938e-01 1.3752414081e-01 1.5730039336e-02 2.3957625484e-01 -2.3116876749e-01 7.0444872813e-02 -1.8871467442e-01 1.6394873178e-01 -1.6850792465e-01 3.3312951545e-01 1.2179605626e-01 -1.9834283052e-01 2.3357225103e-01 5.8011918857e-02 9.1004516368e-03 4.2303159863e-01
2.8575181746e-01 7.4380107126e-02 1.2013448253e-01 -1.3409205589e-01 1.4931205395e-01 -1.3057296463e-01 -3.5633253462e-01 1.6300205846e-01 -3.4031945891e-03 -1.4372482672e-01 -5.1421636704e-02 7.8804511886e-02 -4.1054072112e-01 2.6905922384e-01 3.2564892828e-03 1.8035163300e-01 -5.7180199455e-02 2.3808760498e-01 4.9214309666e-02 -1.6159800054e-01 -1.6328556707e-01 7.0089755728e-02 2.2813628530e-02 1.7278314469e-01 -1.6557477239e-01 3.0988838169e-03 1.4546254785e-01 -4.0363148987e-02 -2.2293870560e-01 -7.2290992106e-02 1.9942606387e-01 -6.9006852708e-02
5.1000469421e-01 -2.9908303873e-01 -3.3632292812e-02 -2.9832524733e-01 -3.3765413105e-02 -8.4301976687e-02 1.2787008371e-01 2.3935572380e-01 5.8747297791e-02 -7.4269439646e-02 1.6187189918e-01 1.2108092296e-01 -1.2449656949e-01 -8.5257241178e-03 1.1980193991e-02 6.7561010160e-02 3.0698058752e-02 2.4278622247e-01 -1.8252279204e-01 -2.4366138434e-01 -1.5499044355e-01 -6.2555998297e-02 6.1943397008e-02 1.3723454089e-01 1.9321237880e-01 1.5695668799e-01 1.0249066512e-01 -1.8305416358e-01 1.7002989234e-01 8.2015249885e-02 3.8986565274e-01 1.4938279309e-01
1.3053217053e-01 -1.0945438051e-01 -2.0195786633e-02 5.5195241421e-02 -2.2968977557e-01 3.2311236534e-01 1.7163789768e-01 1.3458783722e-02 4.8400807092e-02 -7.4872148423e-02 -9.8877558666e-02 -2.2741722920e-01 4.0509131574e-02 1.5861689726e-02 1.5618968692e-01 1.0806742645e-01 8.7992459609e-03 -7.3339040186e-03 1.3060144561e-02 3.1048963572e-01 1.0748436157e-01 1.0652439848e-01 -2.6803738370e-01 9.6414533668e-02 2.7934625057e-01 1.1985049008e-01 1.7188301117e-01 4.7938214719e-01 4.8489427900e-01 -2.1896139252e-01 -5.6232400725e-02 -2.1276609857e-01
-3.6676395102e-02 -1.8065406623e-02 4.0251977512e-02 9.9569374490e-02 -3.4038932084e-01 3.7209052226e-01 1.5094621377e-01 3.0555273937e-01 -1.4284281837e-01 7.1615848221e-02 -1.5022818614e-01 -1.2514664847e-01 -8.3945044856e-02 -1.5284605090e-01 -3.2912474455e-01 -1.2528505040e-01 2.3397727887e-01 3.2862305482e-01 -1.7206596745e-01 -2.4597610725e-01 4.1843860806e-01 8.9487772268e-02 -1.7248081612e-01 -2.0287142177e-01 9.3655421962e-02 1.7636849115e-01 1.9338552901e-01 2.0794898142e-01 4.0497914581e-01 -3.1502993741e-01 -1.9529568007e-01 7.7205145353e-02
3.4270276939e-01 8.9502692865e-02 1.7126586248e-01 3.4391250416e-03 2.5295793142e-01 2.1906605358e-01 3.5424307019e-01 -1.6273741100e-01 -8.2703698635e-02 2.2212306961e-01 -1.9746254775e-01 -9.8297301508e-02 1.6442785891e-01 -3.8032732233e-01 -1.2153284311e-01 -2.3482635139e-01 -8.7951679334e-02 -5.3274320342e-02 -7.3031363278e-02 2.0843727280e-01 -1.3329169034e-02 -4.7959192495e-02 1.0667196918e-01 -8.2003674634e-02 -1.3716261561e-01 1.1295130877e-01 -1.5280749425e-01 -8.3168249863e-02 -1.5932618558e-01 3.3025742724e-02 3.0251900762e-03 -3.8754964152e-01
2.4275314770e-01 -5.3352425167e-01 -4.4649146334e-01 -1.5902522679e-01 -2.6421589667e-01 -8.6627148614e-02 4.2141510203e-01 -1.2825600504e-02 9.2119227706e-01 -5.1328104000e-01 -1.5272368055e-01 7.9162772368e-02 -7.6846569936e-01 -1.6239152921e-01 -7.8400630102e-01 -6.5683922190e-01 8.3639057427e-02 -2.6463933535e-01 -6.6384838572e-01 -5.3343240406e-01 2.5062975471e-01 -9.4294858774e-02 1.4493851443e-01 -1.7629279183e-01 7.3306860645e-03 1.0086195606e-01 2.5844460919e-01 2.0577380861e-02 -3.4741722177e-01 -5.4584507067e-02 2.0216127203e-01 1.0216391698e-01
-2.0332950903e-01 -2.3518607151e-02 1.5988351273e-01 2.3366422283e-01 2.2934370854e-01 5.4473800705e-02 2.7720082446e-01 2.6599833943e-02 2.8369501336e-02 3.1806977534e-02 -1.0938817555e-01 -8.7423667878e-02 1.5924650434e-01 -1.1758729302e-01 -2.8793508939e-02 -2.1008337026e-02 -4.2067294735e-02 -2.2951423757e-01 1.2088688544e-01 1.4690401875e-01 4.2723274510e-02 3.3296892844e-01 5.0549028197e-02 -1.3739317910e-01 -1.8153250592e-01 3.2052158479e-02 -7.3617325123e-02 2.1005910450e-01 1.2519401887e-01 2.8435346309e-01 2.3928353651e-02 -2.3822319306e-01
2.1124579137e-01 2.4759325556e-01 3.3949940014e-01 -2.9786085436e-02 -2.2971943476e-01 -5.6740305518e-01 -1.8741753740e-01 -1.8161106348e-01 4.2995302245e-01 6.8348450745e-02 3.6965374111e-02 -1.5156659258e-01 -1.4045316528e-01 -2.0059975898e-01 -1.5499888933e-01 -2.9476796850e-01 9.3407458252e-02 -3.0621785497e-02 -2.5268132136e-01 7.9062906754e-03 -2.1127004701e-01 -4.1861071451e-01 -4.1055913608e-01 -3.0734199179e-02 2.6075965258e-01 -2.4500470090e-01 -5.5474752253e-02 2.4905333800e-01 -2.7991615834e-01 1.6391072756e-01 -2.6330151199e-01 8.4038277864e-02
-2.6770678435e-01 -2.6534749864e-01 2.7916594686e-02 1.4591978869e-01 -3.0618296609e-01 -1.5010628706e-02 -1.2508345985e-01 -1.4891306519e-01 -1.8712539986e-01 9.9045286100e-02 -1.2403322628e-01 2.5224803645e-01 2.1143537861e-01 -6.3172876932e-01 -1.1007609633e-01 -1.1264591228e-01 9.4806492706e-02 -1.6968724127e-01 7.8231475662e-03 -1.1696550143e-01 4.6862606383e-02 -1.7447196762e-02 -1.7661179071e-01 2.3667739047e-01 1.0436999155e-01 -2.2868401332e-01 4.4382416357e-01 5.9739577973e-01 2.9270122833e-01 -2.1241883961e-01 -3.8121352884e-02 -3.0594545530e-01
2.6743990983e-01 -2.8330772534e-01 -1.9086318026e-02 -2.1724121053e-02 5.5492040429e-02 -9.7385702536e-02 2.7103320874e-01 2.0916214988e-01 7.1492692059e-02 3.3779207179e-02 -6.1812576666e-02 1.4006092760e-01 -2.2443025733e-01 2.2035312691e-01 1.3027169166e-04 1.7926437451e-01 -1.5373097327e-01 -6.6869847673e-02 1.8157482681e-01 2.4329304805e-01 -3.9892386840e-01 6.4408601839e-03 4.1340793523e-01 -2.1126521822e-01 6.0725152451e-02 2.8304959993e-01 -3.7152793111e-01 -1.1269958990e-01 -2.5627979108e-01 1.2661691884e-02 9.0389824106e-02 3.3754011927e-01
