-2.1367122494e-03 1.0441846232e-01 2.7196253609e-01 -1.3927499179e-01 2.6556273117e-01 -5.7995943822e-01 -2.4494847076e-01 1.1947681862e-01
3.1650080868e-01 2.8611689071e-01 1.0129078660e-01 1.8418941114e-01 1.9937217171e-01 3.3809074735e-01 -1.8631719145e-01 -1.0766628479e-01
-1.4225682946e-01 -3.0961474420e-02 -2.2347110184e-02 2.2914497183e-01 2.6694893660e-01 2.7917928824e-02 -6.5822880355e-01 -4.1141339632e-01
4.1500537585e-01 1.3236950131e-01 -2.0742495083e-01 -3.0525863581e-01 1.9920829546e-01 1.4172151472e-01 2.3966603285e-01 -5.2502954985e-02
6.6652199797e-02 6.9919354546e-02 -2.5136260946e-01 -4.2376375558e-01 -2.2595721133e-01 -5.1135988186e-02 7.5229512709e-02 -1.5745383996e-01
-6.5064558326e-03 -1.9031485533e-01 6.8752750422e-02 -6.5676531774e-03 -2.9628075443e-01 3.5438645335e-01 -2.3506893992e-01 -5.4519149539e-01
1.3180552244e-01 3.3309923876e-02 -1.2535212841e-02 -2.9398903748e-01 1.5395911830e-01 1.4589733680e-01 8.1264545415e-02 5.3134729847e-01
-1.7624989715e-01 1.0433781611e-01 -8.2487454932e-04 -1.7474509245e-02 -1.3091330707e-02 1.3012178453e-01 -1.6425025777e-01 2.9343920675e-01
7.3275607573e-02 3.5310302806e-01 -1.9115811927e-01 -2.6142625409e-01 2.4646440783e-01 2.7982337997e-01 1.9854637368e-01 -2.0008287886e-01
1.1758087144e-01 -8.6567192179e-03 -2.3819306757e-01 -1.4085024689e-01 2.8130161673e-01 3.6837431907e-02 -1.2373145400e-01 -1.5076669140e-01
-3.3414129954e-01 1.1444245610e-02 2.3696809616e-01 -2.6996045060e-01 2.1112786047e-02 3.0303955067e-01 1.2714289610e-01 -1.6176293091e-01
-6.3848970862e-02 1.9886894702e-01 6.1067838187e-02 -6.2387832104e-01 -2.7338767300e-01 -1.1269025244e-01 -1.2530331639e-01 -1.1541543907e-01
5.9083997009e-01 4.4799241641e-01 1.3086901812e-01 -5.6624532901e-01 4.0720228451e-01 -5.2075855994e-03 4.0982587186e-01 2.2434943024e-01
2.6101480463e-01 -1.6709355720e-01 2.0908075599e-01 3.7151710167e-01 1.2822281431e-01 -1.0342687366e-01 5.9866421814e-01 -4.1334685184e-01
-1.0785285598e-01 -2.8593166955e-01 8.8195991926e-02 -2.7807236918e-01 1.2015136375e-01 2.6559844111e-01 -1.3378331690e-01 -6.6422484708e-01
-6.5947826708e-01 -2.9089443878e-01 7.6294690077e-01 3.0518287809e-01 -7.4972849587e-01 -5.8051042270e-01 -1.2972239549e-01 4.1515235237e-01
-3.7508324425e-01 -5.7171639752e-01 3.0003654732e-01 1.2362720292e-01 -1.6182958351e-01 -4.9649703734e-01 1.9686552582e-01 4.5376677675e-01
