-6.5267446949e-01
1.4847545149e-01
-2.9177006150e-01
1.4579098335e-01
1.9774305627e-01
5.5177953767e-01
-1.0945380380e-01
-5.4898323693e-01
-2.7572725201e+00
-1.0521812462e-01
-2.8107160298e-03
9.0561458876e-01
1.9465254427e+00
2.1970323612e-01
-1.3204726682e+00
-7.1090190927e-02
-1.6635292489e+00
-2.0932972405e-01
7.2025442302e-02
5.3302152826e-01
1.5033057534e-01
4.2586221980e-03
5.3869168890e-01
5.4503419405e-01
2.8258794761e-01
6.9609233298e-01
6.3747283411e-02
7.7406426693e-01
-2.0051576730e-02
-4.5331454738e-01
1.8640778158e-01
-2.0750572473e+00
-3.2025824032e-02
1.7502008951e+00
-1.8378866843e-01
2.8315431575e-01
9.2462314608e-01
-5.0062067964e-02
1.0254627427e+00
-1.4332034895e-01
-1.4446913053e-01
2.4331626131e-01
1.5937337153e-01
1.0396544871e+00
5.3683207192e-02
-5.4526082926e-01
3.6611371714e-01
-1.5529338602e+00
-3.3915579468e-01
4.2627973812e-02
