-6.7825236532e-02 1.7524580637e-01 -5.7875449839e-02 -2.3285448311e-01 -8.5907549510e-02 -2.8764540256e-01 1.1796729269e-01 1.6062392436e-01 -1.0917677082e-01 -4.6144921050e-01 2.6251374709e-03 -5.6348170590e-01 1.4177262584e-01 -3.9208149683e-02 -7.4883157960e-02 8.8374735185e-02
-2.0482738445e-01 5.5217649612e-02 -2.3375240319e-02 3.6890271764e-01 -2.7337663047e-01 3.2677479243e-02 3.8453265002e-02 1.2789366837e-01 -7.9984184080e-02 -1.4295780431e-01 -1.9520320052e-01 3.2588937906e-02 -1.3727539898e-01 -1.0001170269e-01 5.5546490854e-01 2.4867959165e-01
-8.8203685407e-02 5.6135544270e-01 2.7372935419e-02 -3.2285522550e-01 4.5703183267e-01 1.2285341290e-01 3.6974420112e-01 -7.7088127694e-02 -6.4200043317e-02 1.7642549228e-01 -1.8622517515e-01 1.8486164889e-02 4.3771022586e-01 1.9332697906e-01 1.0671949766e-01 -1.5611867343e-01
2.8904920627e-01 -3.3437741688e-01 6.5559978667e-01 -1.7283868869e-01 -2.8249875721e-01 1.2138377092e-01 2.2239558723e-01 2.9118571186e-01 -1.8870635976e-01 2.8775629051e-02 5.6213292637e-01 2.1960051803e-02 -4.5343889087e-02 -5.8919777162e-01 -2.9421273160e-02 -2.4942932040e-01
1.2278679786e-01 -2.1014678052e-01 -2.2364260483e-01 -3.2908413420e-01 2.8435021396e-03 5.0968765424e-01 -3.5726760518e-01 -8.7910507239e-02 1.7771341781e-01 -2.9504976867e-01 -2.9544976316e-01 3.4390179965e-01 9.4092627067e-02 1.2294832272e-01 -2.4480343494e-02 6.8635656888e-02
-1.0656036457e-01 -5.0219452901e-02 1.9558019108e-01 6.8159434111e-02 2.1075262157e-01 1.5731378122e-01 1.9194969786e-01 -1.0980993613e-01 -1.1696660944e-01 -2.9220282088e-01 3.2913005659e-02 2.5174848918e-01 -4.7628640985e-01 -2.5293386618e-01 -4.7466750707e-01 1.3180465135e-03
-2.7152358380e-01 -3.5821397536e-02 3.6211386376e-01 2.7078848445e-01 -7.1359610610e-02 1.1518257450e-01 -1.5418334307e-01 1.7427082059e-01 2.7330021216e-01 -2.3163141197e-01 1.4297808686e-01 5.9317991337e-02 -2.1028713017e-01 -2.5022370862e-02 -5.7488154688e-02 1.4125825407e-01
-2.2137526059e-01 1.4720735612e-01 3.4164810031e-01 1.7109479782e-01 1.8337254364e-01 -4.3522928703e-03 6.4612368571e-02 -8.4974914313e-01 -1.6291080318e-01 6.0529215028e-01 -2.7822882266e-01 -1.7261047499e-02 2.9911494565e-01 -1.0994712137e-01 6.5596503219e-02 -2.6963311088e-02
-2.5094909484e-01 -1.0063150354e-01 1.8886490588e-01 4.1394679650e-02 -1.3112850290e-01 1.4497168502e-01 -3.4360288353e-01 -1.0436585817e-01 1.4274714462e-01 -2.9673291444e-01 -2.3801166051e-01 9.1364609700e-02 -2.5626539918e-01 6.9806484716e-02 2.2682602844e-02 1.5887174788e-01
-1.6740580165e-01 1.3230050912e-01 1.8992191623e-01 -1.7244503818e-01 1.7247801528e-01 8.3736087924e-02 3.6740713494e-01 9.4037856288e-02 1.0391027400e-01 -1.9613565743e-02 -8.6137189637e-03 -1.5625654349e-01 -1.9049926152e-02 3.7447236225e-01 3.3714463239e-01 -1.5061601337e-01
-2.0230737777e-01 2.0906026316e-01 5.4908618152e-01 3.4978151631e-01 -3.4708813516e-01 3.0229503986e-01 -1.1240518171e-01 -4.1457809137e-01 1.9287337970e-02 1.6705245091e-01 -4.1722391658e-01 -1.7209832010e-01 -4.3013315984e-01 3.3753775579e-01 -3.8482034925e-01 1.2775364117e-01
2.6301971949e-01 -3.9374545696e-02 -2.9521940646e-01 -2.6854794666e-01 3.0139084911e-02 3.9849854978e-02 2.3455440022e-01 2.5260299044e-01 -3.3621535493e-02 -1.2091934061e-01 1.3848926045e-01 -6.3788200698e-03 2.6397427967e-01 4.9263196575e-01 1.0123058456e-01 9.2888923275e-03
2.4290391277e-02 4.8178832163e-02 3.4326262379e-02 -1.1724311229e-01 5.3782148167e-02 9.2525143988e-02 2.2753300154e-02 -5.3806146391e-01 -2.1454370344e-01 -6.2796079025e-01 2.3859542689e-01 7.8114141444e-02 1.1979457091e-02 -2.3421799859e-01 -3.4112080277e-01 1.2066714580e-01
2.5116979656e-01 1.5397842870e-01 -6.6782770792e-02 -1.3171102693e-01 -1.2414509409e-01 1.2986204641e-01 -2.5192075023e-01 -8.0909425108e-02 2.1283384941e-01 -4.1681127298e-01 5.1299532379e-03 -1.1404836480e-01 3.2810386984e-01 2.4167772100e-01 -2.0302976419e-02 2.7165788459e-01
9.2565592048e-02 -1.9983908371e-02 -1.6703446060e-01 9.4522161464e-02 -3.5691190250e-01 -2.7765180997e-01 1.7779469878e-01 3.1544719623e-02 4.5400570462e-03 -4.0420280437e-01 -2.3788726194e-01 -2.7722398969e-01 -3.0398535562e-01 -3.6708339965e-01 4.3718870613e-01 1.9575249882e-02
9.0686067930e-02 -3.3136274904e-02 -4.0066183906e-01 -4.0406803258e-01 5.3326141016e-02 -2.4257651243e-01 4.8468769968e-01 2.1781288982e-01 2.2951100377e-01 7.9198124975e-02 1.2629313233e-01 1.1653589124e-01 2.1188801344e-01 1.4350676514e-01 2.9371125272e-01 -2.4850702670e-01
