1.0638447403e+00
1.1613741991e+00
-2.0055830237e-01
-3.0124676477e-01
-1.4280089603e+00
-2.0812233093e-01
-1.0001266031e+00
-1.5728915320e+00
2.2083134919e+00
-6.6096312929e-01
-1.6445108307e+00
-5.6559355941e-01
7.0577024018e-01
1.0254957582e+00
1.0109229037e+00
-8.9282195104e-01
-3.3503382325e-01
5.8991054737e-01
-5.1443045172e-01
7.6780953225e-01
-8.7897249250e-01
-2.4854554625e-02
-1.0496406855e-01
-4.9294916342e-01
-2.5051257422e+00
-1.2799008084e+00
1.0982412923e+00
9.5969157849e-02
7.5286813898e-01
-1.0122662052e+00
-1.6698774328e+00
-1.1850859476e+00
