-1.6653682131e-01 -1.1392616252e-01 -8.7873042906e-02 2.5021059018e-01 8.5476103607e-02 3.2652874251e-01 2.7959912093e-02 2.7903091912e-01 1.3894205813e-01 -6.5403991814e-01 -3.7727794660e-01 2.6603580737e-01 2.2882777206e-01 -2.2600003220e-01 2.9592157470e-01 -2.9299564777e-01
-1.8221826586e-01 1.8074158895e-01 -3.4392500037e-01 -3.8360718020e-01 -2.0473180960e-01 1.9462708108e-01 2.1956584089e-02 1.8217447709e-01 3.7053322537e-01 2.3610260811e-01 -1.6058520601e-04 6.1438795074e-01 2.5211031950e-01 1.3541517330e-01 8.7840075207e-02 -2.2339459409e-01
-1.7355049333e-01 -3.4347334930e-02 3.4057694721e-01 2.7568545393e-01 -1.6811171450e-02 -2.2146153874e-02 -3.3539041161e-01 9.4663762499e-03 -1.9435943080e-01 -1.7238548491e-01 -1.3923818374e-01 1.3618147145e-01 -7.5141031723e-02 -2.2065511858e-01 2.5662187192e-01 -5.4538219156e-02
5.5160536223e-01 -2.0729608048e-01 -1.5144879709e-02 -2.2432097279e-01 -9.6928122387e-02 -2.2624898703e-01 -3.8668376552e-01 9.1224047763e-02 3.5174340065e-02 5.5830770002e-02 7.1692693238e-02 -1.5353387902e-01 1.8139142836e-01 -5.5347012554e-02 -1.9701222863e-01 2.7468641726e-01
-1.9862971007e-01 1.9660827316e-02 1.2224972129e-01 -3.9728188178e-01 1.3276918655e-01 2.1624369525e-01 1.3684925672e-01 -1.0428302796e-01 4.0418853143e-01 1.2916575273e-01 -8.8990472944e-03 3.6834870692e-03 1.5986194883e-01 -5.4094962457e-02 -4.7409176803e-01 1.4350983200e-01
-1.9075676292e-01 -1.7641229790e-02 2.2124303848e-01 2.1770406677e-01 4.3758903693e-01 1.3797630542e-01 4.7776822341e-02 4.9775250029e-01 -2.1265891096e-01 -3.5828256422e-01 -2.8194983904e-01 -7.3036429367e-02 2.2146760753e-01 -2.0037325591e-01 -2.7419125551e-01 1.9385628874e-01
-2.1220553237e-01 -1.1639020186e-01 2.2279790059e-02 2.7906466951e-02 5.0198136539e-02 -3.3672341722e-01 -1.0544989484e-01 9.6153838276e-02 -4.8541831747e-01 1.1891762836e-01 -1.0200606483e-02 -1.2530192727e-01 -2.7180947107e-03 3.0449728459e-01 -6.0229790019e-01 4.8923633237e-02
-8.6112798983e-02 1.7483003051e-01 1.0433857147e-01 -5.6392483247e-02 6.1687560137e-01 2.4221261930e-01 4.7750609141e-02 1.5256361519e-03 3.8690041292e-01 7.0269610051e-03 2.3920587837e-01 -1.6301600327e-01 -2.4435321454e-01 2.0708021402e-01 3.3206544670e-01 1.4892867731e-02
3.5797539487e-01 -1.6847420429e-01 1.4153732026e-01 4.4423261239e-01 2.2400072558e-01 -1.2903742737e-01 1.9613333430e-01 -2.6685661468e-01 2.0951827591e-01 6.2966289526e-02 -2.4547500471e-02 3.6536241651e-01 -2.6621185166e-01 -9.4059026040e-02 -1.3488118601e-01 -5.5217181827e-02
3.1589833181e-01 -1.4737996638e-01 1.1933133458e-01 5.4823689818e-02 3.3296759219e-01 -5.2321425579e-02 -6.5425075737e-02 2.5738648820e-01 -7.0995697154e-03 -1.4763188659e-01 -2.2529946687e-01 -1.3410764308e-01 9.6778372386e-02 1.2114568926e-01 -9.9026585962e-02 -8.0339120576e-02
7.9014853537e-02 -1.0141644265e-01 3.9388068858e-01 -1.5683931493e-01 -3.3019124236e-02 2.1555529265e-01 5.5954999716e-02 4.6245051302e-01 -2.8876725203e-02 -3.2250770362e-02 4.4252896068e-01 1.7905573494e-01 2.7858144074e-01 6.7553453613e-02 -3.1947727167e-02 9.6468149390e-02
1.0984178576e-01 8.2117021575e-02 2.0258366663e-01 3.2852556612e-01 2.8911994773e-01 -2.2917433150e-01 -1.0144834423e-02 1.0533956810e-01 -3.2038161394e-01 3.0798396226e-01 1.2189407310e-02 1.2477393503e-01 -1.9147078329e-01 -1.4896021121e-01 -4.2477382033e-02 6.4992665549e-01
4.1581637819e-03 -1.4466143639e-01 -1.5731983919e-01 2.7622851694e-01 7.8493777955e-02 -3.1459868290e-01 -1.1909112023e-01 6.2413641003e-02 2.9598687541e-02 -2.2083711326e-01 1.2179318536e-01 2.7135758022e-01 6.2704577752e-02 -1.3452019358e-01 1.1042967497e-02 2.7789643185e-01
-2.0609059874e-01 -2.4917619587e-01 -8.9540395008e-02 -1.3789679943e-01 1.1613059324e-01 3.0090268956e-01 7.0932284802e-01 -1.7842814907e-01 -2.6893931396e-01 9.2907226345e-02 -1.5783643221e-01 7.6437111938e-02 2.5106642989e-02 -1.8524942267e-01 1.1006838066e-01 -1.2076772195e-01
-1.0627571102e-01 1.9291201958e-01 -4.5351764497e-01 -2.4413504478e-01 8.5613798497e-02 -3.5030557967e-01 5.5116465273e-02 -7.2034572954e-02 2.9682849507e-01 -1.0375812215e-01 2.8406673458e-01 2.4345072844e-01 2.3488291782e-01 -1.5273894286e-01 -3.0484470701e-01 -1.6463584922e-02
3.5645043727e-01 -5.5100325276e-01 -1.3749964265e-01 1.1598976652e-01 -6.7114388361e-02 1.3383426843e-01 3.1129357322e-02 -5.1408370949e-02 3.0465636240e-01 -3.1131789576e-01 1.8246286649e-01 3.1298580829e-01 -4.8853713043e-02 -7.8204090180e-01 -8.9679556325e-03 -3.9735223813e-01
