-4.4068422456e-01
1.2317275494e+00
-2.2281940096e-01
1.6645550802e+00
1.8865435414e-02
9.5574759820e-01
-1.3941447170e+00
1.3421271332e+00
1.0566361182e+00
-9.3631340284e-01
-1.8226053801e+00
1.7020255518e+00
-5.3168543986e-01
3.1323085338e-01
-1.0439445132e+00
-8.9833132462e-02
-4.2908115251e-01
2.1355616469e+00
1.3866770630e-01
-6.4427975888e-01
-1.1077331274e+00
6.2507304715e-01
-6.6348758281e-02
1.2601741299e+00
-4.7781088996e-01
9.7423322757e-03
1.6429391610e+00
1.0542591305e+00
1.8050581862e+00
-6.1378694867e-01
9.2901603914e-02
-5.0580847525e-01
