-2.7099016639e-02 -6.3393240003e-02 -3.5489952210e-01 2.1233172876e-01 1.5778552572e-01 1.1226463124e-01 2.1010571657e-01 1.4878616071e-01 2.6487364638e-01 -4.2870486976e-01 -1.6728396593e-01 2.8368309260e-02 2.9365147423e-01 2.6765800448e-01 -1.1319013873e-01 3.3608965982e-01
-6.7958306683e-02 1.4497120219e-02 -4.2431605557e-01 -1.8237005890e-02 -7.0239265534e-01 2.0825636918e-02 -3.1331864001e-02 -1.2400130890e-01 -5.5228391860e-02 4.5273594254e-02 -5.2633028093e-03 6.0504279579e-02 2.4051382588e-01 -3.4622599520e-01 2.9775352845e-01 9.9415173597e-02
2.9338269268e-01 -3.4673103279e-02 -1.9020383990e-02 -1.0388371253e-02 2.7805918258e-01 1.2566894421e-01 4.8067829299e-02 -2.1379306530e-01 -1.8614743386e-02 2.0599853654e-01 -1.9047444143e-01 4.5697687725e-01 -6.4555741971e-02 1.7548440451e-01 1.1620556349e-01 -1.2767969104e-01
1.9472842117e-01 -3.5385702074e-03 3.7280504886e-01 3.4128667969e-01 -3.7975207190e-01 4.5159849928e-02 -3.9286810318e-02 -2.3911870539e-02 -5.3521669748e-02 3.8779721116e-02 2.4752445040e-01 -6.0452511323e-01 -2.7840159286e-01 -2.8703482729e-01 6.7030786835e-02 -4.9036452737e-01
3.8427692155e-01 8.3771843535e-02 1.6731920481e-01 9.3379337434e-02 9.7584980756e-02 -1.4426992072e-01 9.2888090706e-02 -1.0567282690e-01 1.1194476376e-01 2.9867134775e-01 -1.7169230707e-01 4.6557459597e-01 -5.4215818035e-02 3.2004489394e-01 -6.2003305584e-02 -1.5838325882e-01
4.2922673946e-02 -1.0329364561e-01 1.0973009401e-01 -5.4660743252e-01 -9.0847155175e-02 2.7055224962e-01 -1.4087140943e-01 8.1145390083e-02 -3.2184673469e-01 -2.5550871452e-01 7.8819801472e-02 -2.4552922683e-01 7.5714074354e-02 1.0650091883e-01 1.8801807054e-01 5.6601226338e-02
-1.4994448053e-01 -1.6556244503e-01 -1.3233187841e-01 1.8095628644e-01 -1.0979789101e-02 1.9694051719e-01 -2.2772209897e-01 -9.9924257275e-02 -3.8700082995e-02 4.4937273050e-01 3.7518360187e-02 1.2111108415e-01 -1.0739424773e-03 -1.4966513094e-01 2.1359677300e-02 -2.6567915711e-01
1.7772560612e-01 -4.0667830222e-01 1.1909045316e-01 -1.7934489247e-01 3.5235095471e-01 -3.4749063829e-01 -2.2531292023e-02 7.2597039020e-02 -1.8551809532e-01 -3.0838107033e-01 -2.8765047035e-01 3.6665110827e-01 1.7035016405e-02 -4.1382607227e-01 1.2039003054e-01 2.8765081166e-01
1.3506506343e-01 -2.0563371626e-01 -3.9242713338e-01 1.0389998323e-01 -5.4141261702e-03 -8.9208272312e-02 -1.3085900986e-01 -1.3630851303e-02 -6.0769571981e-02 1.2939058447e-01 -2.3386007991e-01 4.9775783366e-01 6.5756368463e-02 -5.0380484220e-01 2.5709267619e-01 -3.2798294877e-01
-1.4756481778e-01 -6.3324175413e-02 -5.1638908822e-01 3.8703387609e-02 3.1407587361e-02 -1.0050033440e-01 1.0450680439e-01 9.0238489434e-02 -5.6096221630e-02 -3.9017479593e-01 1.8709846272e-01 -1.4187760270e-01 3.4906246594e-02 -3.0123269772e-02 -3.4759801311e-01 9.1711059415e-02
-3.3440582811e-01 2.3713250551e-01 2.6189777132e-01 1.8746185573e-02 4.5466514987e-01 2.5819552250e-01 -5.7349218039e-02 3.0001781018e-01 -1.3369073761e-01 -3.3927602573e-01 3.8649658214e-01 1.1526273859e-01 -4.5632355384e-02 -5.0601029901e-02 -3.4216574457e-01 4.3692391720e-01
-3.6512912293e-01 -5.9322343502e-01 -3.8715516567e-02 2.4323973974e-01 7.3050462194e-02 3.3601316757e-03 3.6595615398e-03 -1.6126046638e-01 -1.5357513900e-01 -5.4704000014e-01 -1.1923942916e-01 -3.6541433256e-01 -4.0644958902e-01 -7.6631059944e-02 4.9447416118e-01 -8.2617617809e-02
4.4901203324e-01 3.0364304500e-01 4.7549643251e-02 -3.2375415766e-01 -3.6621832824e-02 4.6375592188e-01 1.0976333915e-01 3.5618023727e-01 -1.4673021550e-01 1.2445093266e-01 1.5769010354e-01 3.5123414502e-02 -1.2474644075e-01 -1.9277121902e-01 -4.3316481192e-01 -3.7586166366e-01
-2.3829806169e-01 1.7740825623e-01 -2.4139582156e-02 2.9776194644e-01 -9.4042184068e-02 -4.4216334008e-01 -5.2534967383e-01 -4.2386817094e-02 -3.4199936142e-01 -1.2644225745e-01 2.1385332744e-02 -2.9387514314e-01 2.0143790675e-01 -2.6212731190e-01 -3.2098492138e-01 2.2393699091e-01
-7.0775821093e-02 7.1234345016e-01 4.4789680631e-02 -4.0324727955e-02 1.4607017516e-01 1.4997510283e-02 8.4671285192e-02 -1.7872239881e-01 1.5679105346e-01 -3.2502514124e-01 -9.1939697504e-03 -8.4682065709e-02 -3.2317227783e-01 -4.3479791796e-01 -9.9824438945e-02 -7.4009777492e-02
-3.2272845619e-01 7.0856744129e-02 -9.3654437092e-02 -8.2993073519e-02 2.1810133016e-01 -2.6983345910e-01 1.4757751751e-01 -1.3058404701e-01 -1.1524511299e-02 4.3500125474e-01 7.3804187093e-02 -1.1332750048e-01 -3.5956171344e-01 1.2523080619e-01 1.3465980870e-01 2.1191040539e-01
