1.4552036557e-01 -3.3579433845e-01 -5.5229155313e-02 -4.7387248209e-02 -1.0991116468e-01 2.1677300552e-01 -1.3286933920e-01 -5.8768843141e-02 1.0941622852e-01 -8.0282598146e-02 5.3440760041e-02 -2.1785280446e-03 -2.0911031556e-01 -7.8996417772e-02 -4.6369521042e-02 1.3384671385e-01 -3.6107476156e-02 1.0413406805e-01 1.2570950483e-01 -2.8599754329e-01 8.8753193491e-03 1.3365926387e-01 6.6281753767e-02 -1.7258734636e-01 -1.3945466802e-01 7.6768008213e-02 1.5552675071e-01 3.3383151944e-01 8.7697979858e-02 -1.2303230320e-01 1.6527907564e-01 -1.4459331821e-01
1.2600134418e-01 -2.8080452439e-01 -1.5562484975e-01 -2.0783290235e-01 1.9753457715e-01 1.0743615353e-01 1.0952877397e-01 8.1254310528e-02 -6.5413402706e-02 -1.9062580149e-02 5.6839198696e-02 4.1510439211e-02 -1.8721801093e-01 8.0150852407e-02 -1.3856646633e-01 -1.5424626537e-01 -4.3730945057e-01 2.4958596349e-01 -7.5279783173e-02 1.8701970867e-02 5.8039790785e-02 -1.5319421889e-01 -1.8035775325e-01 -9.8670407166e-03 -2.0317927413e-02 1.1565025567e-01 1.3721255889e-02 -1.3484711257e-01 -2.1494181590e-01 -1.4523122897e-01 -2.8622096642e-01 2.1382910895e-01
-1.8449282843e-01 -2.7888283711e-02 9.3289264433e-02 6.4574227461e-02 -2.0733035830e-01 -1.2810988103e-01 -2.2167001485e-02 1.7968348782e-01 1.0748333312e-01 5.7269929962e-02 -1.1873282824e-01 -1.8365122502e-01 -1.4097844142e-01 2.4155538111e-01 -2.6750815849e-01 3.1088531191e-01 2.0404473486e-01 -1.9399090811e-01 -3.6533697127e-01 9.5914169432e-02 1.9609230128e-02 2.2048441403e-01 -7.7192884568e-02 -5.8894415026e-02 3.2939671610e-02 -1.1775584296e-01 -6.0153966051e-02 5.2470122963e-02 1.1363176347e-01 -3.1215968041e-01 1.4330574634e-02 -1.4057914271e-01
-2.0325071941e-02 1.8454117841e-01 9.9908149816e-02 2.1299961230e-02 1.1080056767e-01 9.6938703081e-02 1.3592330133e-01 1.4286550591e-01 6.8834446271e-02 1.8999476896e-01 1.5315400002e-01 2.9076960744e-01 -1.0989783057e-02 4.6489705024e-02 -1.4780894008e-01 -1.8046322404e-01 -1.7401904499e-02 6.6294433874e-02 -4.7751087479e-02 2.0574226769e-02 -1.2171999141e-01 -1.0080150380e-01 -7.5168464919e-02 -1.5913080571e-02 -2.1048868392e-01 -3.5472169007e-01 9.6333469132e-02 1.3877428997e-01 -7.5194316743e-03 -1.5817204596e-02 2.3872016408e-01 -9.6268591086e-03
-7.7974263258e-02 -3.5190393348e-01 -1.3509989300e-01 1.5708817632e-01 2.9276276854e-02 -4.3429956724e-02 1.8240164093e-01 -2.4969169791e-01 2.9547628272e-01 2.1633393966e-02 1.1506185203e-01 3.6729902823e-01 7.8729211794e-02 -1.4121427253e-01 -1.3764941163e-01 -5.9295845395e-02 -3.7215147799e-01 -7.3870153419e-02 1.0023767376e-01 1.4153256288e-01 -1.6181269003e-01 -1.0159138877e-01 -2.6054360230e-01 -2.2643152335e-01 1.1899844309e-01 -3.9583081332e-02 8.5768095941e-03 9.1504199469e-02 5.6096487545e-02 7.6041587908e-02 -3.0225971197e-01 1.0770567199e-01
-1.8995315138e-01 1.6367356334e-01 -1.8814745192e-01 8.3188975262e-02 8.5854171515e-02 -9.8072161363e-02 8.9274190943e-02 4.5863957566e-01 3.1460238308e-02 -2.0723805021e-01 -2.7644692387e-01 -1.0587467523e-01 -1.8090545417e-01 -8.1121778004e-02 1.4259531778e-01 1.3826634480e-01 3.5711533078e-02 -4.0773343722e-02 -2.4038773515e-01 3.3656677387e-02 -1.7832215885e-01 1.5247825801e-01 -4.2377673138e-02 6.5988093677e-02 1.5085564164e-01 3.5158846661e-02 2.1609629326e-01 7.0131516686e-02 -1.2782630822e-01 -1.1943049563e-01 2.9471450328e-01 -1.7802776218e-01
-1.2548655019e-01 1.0884182091e-01 -6.8631444941e-02 -1.6510917642e-01 1.8476195795e-01 9.8507074014e-02 1.4109775672e-01 9.6600273763e-02 -6.1159533919e-02 2.6056337083e-02 1.2912695138e-01 -1.2726129588e-01 1.6789915587e-01 -2.1702942114e-01 -2.9196820289e-02 -1.6180411033e-02 3.5044095945e-01 3.5804493686e-02 1.0016863196e-01 -2.2265574527e-01 -7.8536059600e-02 1.2269567655e-01 -1.4688678603e-01 -2.0598296420e-01 1.3055026718e-01 2.2635590198e-01 -1.8078963349e-01 -1.8624296405e-01 4.8845693442e-02 7.8053379070e-02 1.1274736373e-01 -1.4046814817e-02
-3.3313005963e-02 5.0717732518e-02 -6.2736986337e-02 -5.2850318945e-02 -2.9664028166e-01 2.2373617173e-01 6.4847019263e-02 -1.0710728124e-02 -1.0170672236e-01 -2.9875678697e-02 -9.7741097990e-02 -3.1257066762e-02 4.0783904538e-01 -2.1813010755e-02 -5.8514370978e-02 5.5902349106e-02 9.0427466873e-02 -1.5568042213e-02 2.1657564427e-01 -8.1586735549e-04 5.0876835256e-01 -1.6950558338e-01 8.4974096088e-03 8.2655433027e-03 -1.3655227818e-01 2.9877271308e-01 -1.1046269849e-01 6.6292977239e-02 -2.7830269537e-01 6.4760415706e-02 -6.9475733895e-02 -9.8456674431e-02
2.2136043923e-01 5.2779787163e-02 1.0577635703e-01 -3.9510365366e-01 1.1942362202e-01 -9.0916594753e-02 1.2428552697e-01 -1.9044670181e-01 -3.3164444330e-01 -5.3600655334e-02 -3.9981535351e-01 5.3093828424e-02 1.9927617914e-01 -2.5725546421e-01 3.1978086019e-03 -9.2647842920e-02 -2.2591226329e-02 1.4653746544e-01 -1.9041183475e-01 2.0869418518e-01 -3.3656751330e-02 8.1441345371e-02 2.1542381388e-01 -1.4584698525e-01 -1.6314323107e-01 1.8094610410e-01 4.1431235480e-01 -1.7294268926e-01 5.5258419280e-01 -1.7012372163e-01 1.8138272796e-02 -8.3377074198e-02
2.6867335747e-01 1.3501478752e-02 -3.9643310770e-03 -2.0120896674e-01 -1.8595822611e-01 -1.2658623886e-01 1.3065113197e-01 -9.1827513488e-02 8.5666261939e-02 -1.2396992482e-01 -1.9282821609e-03 -2.1422351609e-02 4.7420835387e-02 4.2614254580e-02 -3.5983455679e-01 4.2114599206e-01 -3.9204650055e-02 -4.5548530696e-01 -5.6627867700e-02 -1.3589592776e-01 -8.7407603278e-02 1.9185843265e-01 1.2231814650e-01 2.1754103714e-01 -3.8743057430e-01 1.7952556157e-01 -7.7312875687e-02 6.9975435525e-02 1.4459440531e-01 8.3768937936e-02 2.8895202936e-01 5.7240703233e-02
1.3931478138e-01 1.5734943054e-01 -2.0436576912e-01 1.7585931319e-01 1.5043485764e-01 2.3862546425e-01 -1.6760417261e-01 1.4224893555e-02 -2.7340248806e-02 -9.4912466711e-02 -2.4806585504e-01 -1.5520909718e-01 -5.2917442284e-02 -2.8581349321e-01 -1.2665536901e-01 -1.0676230533e-01 -1.6512873660e-01 5.9069371916e-02 2.9042634160e-02 2.6701940008e-01 -8.9837367392e-02 9.4126699440e-02 1.1060364874e-01 1.0921071689e-01 1.7342906010e-01 -2.4314500972e-01 -4.5796017294e-02 -2.9108650169e-01 -4.1321591808e-01 2.9761856903e-01 4.1708887932e-01 -2.0016180510e-03
-2.8108369207e-02 -1.3384720327e-01 9.1224935747e-03 4.6029223392e-02 1.8813018736e-01 -7.9842307350e-02 1.6362788422e-01 -1.5106006105e-01 1.2589896499e-01 2.2910052710e-01 -2.8086429800e-01 2.0862147698e-01 -3.5606660790e-01 -3.7072206162e-02 -4.6029747086e-02 -1.1149419310e-01 -1.3617128020e-01 -2.7897655616e-02 -2.4557898542e-01 -3.2756467992e-02 3.3199476441e-02 1.2964228812e-01 -5.7053731476e-02 -4.2791465631e-01 1.2521056201e-01 1.2305958604e-01 1.6734155445e-02 -4.9691450812e-01 -1.2319613627e-01 1.0173237986e-01 -2.0959657785e-02 -2.7650472377e-01
-4.6648354380e-02 -5.3237845365e-02 -4.2177146280e-01 6.3957765483e-02 -1.3957357248e-01 -5.3135160828e-02 1.6509143139e-01 2.7781323468e-02 3.8876938833e-01 3.0244442066e-02 -6.3617123619e-03 2.4763211755e-01 2.2639241188e-01 -1.5965165178e-01 9.7124687927e-02 -7.3091944490e-02 1.2699740997e-01 -4.6996969015e-02 6.9377302623e-02 4.4632449400e-02 -5.1998416870e-02 2.0316003233e-01 3.5442803399e-01 5.4332394551e-02 -1.1084093542e-02 1.7174218545e-02 -2.6731345197e-01 -1.5604774719e-01 2.3827945599e-02 -1.4745933440e-02 3.8888873727e-01 2.9634803649e-01
4.3722073603e-02 1.0798651069e-01 -6.5424182369e-02 1.0373460188e-02 2.0102104071e-01 1.8940297929e-01 1.2985780988e-01 -3.1569393851e-01 1.1318788928e-01 -2.4727901360e-01 -3.1862042270e-01 1.6068914612e-01 6.2304168275e-02 -1.0365548563e-01 -2.7751232462e-01 -1.7547047061e-01 -1.7022274895e-01 -1.9396156289e-01 -1.9687881059e-01 -8.7092307839e-02 -9.3137025452e-02 -1.3612434183e-01 -3.6908951125e-01 3.2743509467e-01 -2.5038494493e-01 1.6855991440e-01 1.0525951889e-02 -1.3098866386e-01 2.5253846855e-01 2.1114019380e-01 -2.2505205221e-01 2.6785371815e-02
6.0569050698e-02 -1.9468574264e-01 -2.5232710853e-01 -4.6126543172e-02 -5.2285289074e-02 1.0917369025e-01 4.3424621459e-01 2.3697826408e-01 5.1171010745e-02 4.7998525677e-02 1.4952417341e-01 4.2182641530e-03 -1.1138385080e-01 -4.4196048626e-02 -5.0956680292e-02 -2.2422013835e-01 1.2843326172e-01 1.7462197725e-01 2.2405408598e-01 -3.3114123735e-02 2.7715079766e-01 2.2352769575e-01 -8.4248005171e-03 3.8060016862e-01 -1.3495332985e-01 2.8348954922e-01 -4.1825706441e-01 -1.2192237865e-01 5.6426577914e-01 -2.2813733606e-01 -2.5054246006e-01 1.8316170497e-01
2.7706892337e-03 8.3549690249e-02 -1.3180713875e-01 2.9261368195e-01 4.7612034063e-02 -1.6611488500e-01 -3.1141282294e-01 -2.0789283947e-01 -4.2557983235e-01 -1.4060597297e-01 1.0776421243e-01 -1.7663247598e-01 -8.8364151893e-02 -1.0749817108e-01 3.7118364266e-01 -8.6786521275e-04 1.7158706093e-01 -3.7838587542e-01 -1.0900886645e-01 2.4632829055e-01 -1.9264169423e-01 -2.0478699641e-01 3.4555326345e-01 1.5051333556e-01 -1.7015251397e-01 -1.4242439870e-01 2.4229525865e-01 -9.0498870030e-02 -3.9509453539e-01 -3.0482550196e-02 -1.1173303632e-01 -7.1981133505e-02
-2.9081723921e-01 -1.5542004655e-01 -5.9736730703e-02 -2.8369687253e-02 -1.0695162211e-01 -1.4326288012e-01 -3.4613708791e-01 3.2018963510e-01 1.1081847094e-01 -3.5223785070e-01 -2.1595045476e-01 1.3100061723e-01 -9.0047236458e-03 4.2546282525e-03 -1.3087564522e-01 -3.3606750451e-01 -1.5020897807e-01 1.5966894903e-02 -8.3287971586e-02 -2.5664884695e-01 1.8100382454e-02 1.9156091625e-02 2.9630038142e-01 2.5467003671e-01 4.0962735498e-02 1.0839123828e-01 2.3543736271e-01 -1.3795402091e-01 -1.4842061766e-01 -2.8714855210e-01 7.8542421304e-02 2.5688505684e-02
5.8606435835e-02 1.4709635421e-01 1.8629081446e-01 3.5944832119e-01 1.4447621532e-01 2.0918043179e-01 1.6181453038e-01 1.1016564057e-01 6.7973944971e-02 -1.6225898644e-02 -1.4193540494e-01 -9.4931715684e-02 -2.3070519560e-01 1.6375253109e-02 9.0732095815e-03 4.9666670491e-02 2.6794689925e-01 -1.8000356329e-01 1.7013297819e-01 2.3727242532e-01 2.9971641257e-01 7.1056585155e-02 6.0959393183e-02 -2.8469011079e-01 -2.2199184979e-01 1.6991179135e-01 -1.6146017313e-01 -1.5715141264e-01 1.3614620268e-02 1.0613361074e-01 -8.2137084847e-02 8.1548686095e-02
1.2339373341e-01 -4.6780643713e-02 -2.8092059555e-02 -2.9676051923e-01 1.1157918455e-01 2.5700927875e-01 -1.1682364390e-01 1.7502307202e-01 2.7887983870e-01 -1.1972187646e-01 2.2858568703e-01 -2.1227712792e-01 1.3731815059e-01 7.7712539646e-02 2.4700099964e-02 1.5947344575e-01 -4.8096590416e-03 -2.1089405062e-01 -1.0785205910e-02 -5.7166712195e-02 -8.2783769564e-02 3.5700491994e-02 -2.9159437196e-01 -8.4154844091e-03 -1.6022314625e-01 3.4664339252e-01 1.4448272141e-01 -9.1946530629e-02 2.6129844032e-01 -1.2728589345e-01 -9.6348027281e-02 -3.1170691609e-01
2.1970708484e-01 -4.3143379536e-01 2.7533051719e-01 -2.5202437385e-01 -2.8244052869e-01 -6.2451259707e-02 -7.2985230254e-02 8.1548139012e-03 -1.0333499591e-01 -4.3220245055e-02 1.1073177949e-02 9.3812263521e-02 -1.6401590217e-01 8.0371938920e-03 -3.3372046711e-01 6.8561750423e-02 -6.8272210973e-02 1.9955472283e-01 1.3623940427e-01 1.3276173136e-01 -1.2774689999e-01 -1.0783229928e-01 6.4265686089e-02 -3.2793673946e-01 -2.2597590601e-02 -1.9289022525e-01 4.8186921073e-02 2.7824696067e-02 4.8085976626e-01 2.1776842517e-01 1.7289743654e-01 -1.4710183627e-01
1.6169343713e-01 -5.2966828083e-02 -1.1972582366e-01 -1.1314892267e-04 -1.3417204701e-02 1.7568628116e-01 1.3021515459e-01 -2.4100491579e-01 5.4628816112e-02 -2.4531567417e-02 -7.4322251582e-02 1.8170563927e-01 -1.3379066477e-01 2.3240254731e-02 3.7859324494e-01 -5.3296647803e-02 1.0199554827e-01 1.3412653743e-01 1.4553282529e-01 -8.5707817229e-02 -1.2523775698e-01 -1.5159750883e-01 5.2292988911e-02 2.3225917612e-01 2.2227219173e-01 3.1279388826e-01 -4.2917774108e-01 -1.0690304954e-02 7.4208168282e-02 -4.1829033453e-02 -6.3048023264e-02 3.0220563041e-01
-8.9643973187e-02 -2.1359717698e-01 5.1019485981e-02 3.3569475234e-02 -8.0176530610e-02 2.3161463881e-01 -3.6049956510e-01 -2.3792341459e-03 -2.9725209823e-01 1.8442111682e-02 -1.5283067943e-01 3.3814256630e-02 -1.1917509564e-01 5.8536167320e-02 7.3584612743e-02 6.6137527553e-02 1.7249940997e-01 9.6893970556e-02 2.3191990041e-01 -2.1075216280e-01 -1.7997796051e-01 2.3672817001e-01 -1.6704014009e-01 8.6968347744e-02 -2.1865598900e-01 2.0008913926e-01 4.6578749518e-02 -3.1140186048e-01 8.9445050636e-02 -6.1341274438e-02 -6.7740193838e-01 1.6247024950e-01
1.2043664391e-01 -4.7538426828e-02 -2.4639735916e-01 1.0421664328e-01 -1.9495475394e-01 -9.1290413655e-02 1.1359163205e-01 -5.4991425251e-03 -6.0650568291e-02 2.9868549339e-01 4.0415352786e-02 4.1766498183e-01 7.2507105450e-03 -1.5488852294e-02 2.3825878466e-01 3.2098517228e-01 -9.5185614183e-03 1.8017006376e-01 1.9441287677e-01 4.3833977958e-02 -4.9943009627e-02 1.3087637285e-01 9.9770397866e-02 1.0055083571e-01 3.0346649053e-01 2.8217329019e-01 1.3009124501e-02 2.4118151457e-01 2.5319665445e-01 -2.1771476398e-02 2.4360305109e-01 2.8592143763e-01
5.5320792142e-02 1.4209647456e-01 -1.1410280447e-01 -2.4753148653e-01 1.1968675229e-01 5.1167521109e-02 4.9563575056e-02 -4.2075100014e-02 -4.2907788117e-01 2.3214862621e-01 1.4272306875e-01 -3.8416562029e-01 6.3493013266e-02 -1.5943497931e-01 2.1324729357e-01 1.5951535748e-01 6.0135888675e-02 3.2964402591e-03 -2.4041468270e-02 -1.0653023262e-01 1.9702562450e-01 2.0947115375e-01 -5.1781118856e-02 3.1816789858e-01 2.5356168736e-01 -1.1589240984e-01 -1.1050180221e-01 7.3423999461e-02 -6.3144216723e-03 2.1009964022e-02 -3.2410999375e-02 1.9836753120e-01
-1.4898577348e-01 8.2673783701e-02 -1.5042187995e-01 -2.5651914330e-02 9.1949156339e-02 -1.5135753373e-01 -3.1173558667e-01 -7.4556706289e-02 5.4792118363e-01 -1.0059550215e-01 -1.7290795514e-01 2.1777425965e-01 4.5832295262e-02 2.3123060466e-01 -8.3331119377e-02 2.9812695741e-01 1.2022839028e-01 8.4792078992e-02 -9.8336113317e-03 -1.2061809521e-01 -3.0576222659e-01 7.0479370156e-02 -1.4564956539e-01 1.6717066218e-01 2.6461558381e-01 -2.1636708853e-02 9.8970512312e-02 -4.5763852929e-01 -7.7946841112e-02 7.9552251528e-02 4.7152714393e-02 -2.3278964050e-02
-1.0221310555e-01 8.0014665952e-03 1.5853625804e-01 1.8717372867e-01 2.0395893600e-02 -1.3286536269e-01 -1.7723624988e-01 2.0954426811e-02 1.7408460485e-01 1.4479924717e-02 -1.7166965753e-01 -1.6641615929e-01 7.6885693466e-03 1.6226780057e-01 -3.2424937463e-01 4.9290870880e-02 2.6603930157e-01 1.7647573496e-01 1.0119638984e-01 -8.6415244653e-02 -8.2776431619e-03 -2.8099961576e-02 7.5626785050e-02 -1.4697819845e-01 -4.4670951441e-02 -6.5729445090e-02 7.2639575484e-02 3.1545814093e-01 9.6544412998e-02 8.5462992553e-02 -2.7763351551e-01 -2.0473269704e-01
4.0750358037e-02 -3.3205166329e-01 -1.0911398508e-01 -2.1848417687e-01 1.7688146621e-01 -2.5826948355e-02 1.3557498533e-01 7.0899284701e-02 9.1455092752e-02 -1.4088355747e-02 -3.5360112270e-01 9.8191222643e-03 5.8005066726e-02 4.0132709037e-02 -1.3957959944e-01 2.0239738715e-01 1.2816300148e-01 4.3869050771e-03 -8.3497605488e-02 -1.4449943151e-01 -3.3843845523e-01 -1.3847733443e-01 -2.1399555602e-01 -9.3230890079e-02 5.8923680693e-02 -3.7273574846e-01 1.8702506489e-01 -1.6632601189e-01 1.0728060942e-01 1.4774563902e-01 1.6643326240e-03 2.7023993656e-01
-1.0966091472e-01 6.8449652729e-02 -1.9754138305e-01 -1.9425380938e-01 -1.5044052779e-01 4.5649352452e-02 5.9987478111e-02 6.2403104456e-03 1.2920113045e-04 -6.8179572872e-02 -2.5062303214e-02 -6.7094503452e-02 -1.4755836299e-02 1.5081344456e-01 9.0158066769e-02 1.8671019525e-01 -1.3741509897e-01 -1.0205356639e-01 1.1001949349e-02 3.5218741611e-01 -1.8105534122e-01 8.8579725101e-03 -1.3579131914e-01 -2.7383026740e-03 -2.9769584735e-01 -2.9167362848e-02 -1.9255746812e-01 1.0792917551e-01 -1.0739109595e-01 1.9462804016e-01 3.2971668260e-03 4.2661675558e-01
1.7163749591e-02 -1.2621370844e-01 7.3634766834e-02 3.6686783819e-02 -1.7872420346e-01 -8.8330128266e-02 3.9834123146e-02 1.7152622069e-01 2.1539039112e-01 9.9993556554e-02 -1.3074144048e-01 -3.1692564044e-01 -4.8405397868e-01 1.1594542680e-01 -1.4145339941e-01 -1.6885766251e-01 1.8461807128e-01 4.8576176467e-02 -1.2277088180e-01 -1.0494888314e-01 -2.1462000896e-01 -2.4944279250e-01 4.1482627055e-02 2.7466613530e-01 1.2131452220e-01 2.6024166538e-01 4.1990332209e-01 -1.1963702890e-02 -7.3718717507e-02 -3.7834906486e-02 2.1878023282e-03 5.1902987787e-02
-3.1666874528e-01 -2.6517251287e-01 3.2706407489e-01 5.4578056540e-02 2.9444431188e-01 5.3304899407e-02 4.2820660649e-01 -2.7862433116e-01 1.0009551574e-01 -4.8164445911e-03 8.2138675121e-02 1.6053746046e-01 1.0605205127e-03 1.0843148520e-01 -5.9957528790e-02 3.6849752274e-01 -5.2796481218e-02 -1.3347611556e-01 9.2368917377e-02 4.0450736728e-01 6.3915065443e-02 6.9069750968e-02 2.8589113886e-02 -4.3116548741e-02 4.1893807795e-02 -5.7996707689e-02 2.3417929101e-02 -2.0186139251e-01 1.3291500317e-01 3.9429873497e-02 1.6243774851e-02 -6.7056505997e-02
-2.0177739475e-01 -1.3275439167e-01 2.3559540197e-02 7.9726865495e-03 5.7046761950e-02 -1.6432199439e-02 1.6029454731e-01 1.1595993651e-01 4.0403474117e-02 3.0701994620e-01 -1.1263696358e-01 -2.3115293178e-01 1.7114507407e-01 -1.1334700019e-01 1.2338408787e-01 -1.3106438797e-01 -1.5644739373e-01 4.2321874118e-02 4.0357640956e-02 -3.4169764949e-02 -1.8570972097e-01 6.1301097109e-02 1.8793456049e-01 1.8011102128e-01 1.3517431060e-01 8.2951949303e-02 1.7517144370e-01 -1.7980005809e-01 1.7747143888e-01 1.0844634660e-01 -1.2498150563e-01 -2.4413451134e-01
5.7794177556e-03 -4.4133982826e-02 -1.8808299300e-01 -2.6648358460e-01 -2.8434937879e-02 9.5893635350e-02 2.8827690532e-01 -3.0747455438e-01 1.1786803534e-01 -1.9868089172e-01 3.9048672617e-03 7.8979939989e-02 -2.4893894835e-02 -2.0618633335e-01 -1.1986674832e-01 -6.9240473546e-02 -9.3172127354e-02 -6.3036070672e-02 5.4340899839e-02 -2.4183037615e-01 -5.0984504566e-03 6.3045592511e-03 -3.7654184382e-01 -2.6513069493e-01 3.4573973786e-02 1.6984093180e-01 3.3118557137e-02 3.4671437611e-01 4.3122712493e-02 9.8792784434e-02 -6.3135399352e-02 -4.9266768635e-01
