2.1796095176e-01 2.7722356344e-01 6.9538749472e-02 -1.6816064605e-01 -1.7741481743e-01 7.3261483924e-02 8.1733572777e-02 1.2871063857e-01 -1.4744020968e-01 1.0171184127e-01 1.7523992976e-01 4.3009780484e-01 1.1535344171e-02 -9.8839346185e-02 -8.6955856719e-02 5.9423765799e-02 1.9017298793e-01 -4.6010081673e-02 1.9832013393e-01 -1.3756506124e-01 3.2156775447e-03 -1.9544121979e-01 -9.8664627116e-02 9.6670208275e-02 2.3016278556e-01 -4.0566828862e-01 -5.2880766231e-02 -1.9570412294e-02 1.1343839433e-01 -2.5105096092e-01 -1.6287972243e-01 5.9240617636e-02
6.4762406049e-02 -8.1734718744e-02 -1.8252256160e-01 7.9833491150e-02 8.2691852398e-02 2.1212386272e-01 2.6416558535e-01 -3.7082879722e-01 3.6487229992e-01 -1.8295441640e-01 -3.0026927735e-01 2.4483070734e-01 4.1062618822e-02 2.6566780911e-01 -2.6154253571e-02 -2.4552782191e-01 -5.1826608981e-02 1.3795099098e-01 1.7852521151e-01 -1.9423874970e-01 1.6538299163e-01 2.9155421491e-01 2.1348677304e-01 -1.4153007436e-02 7.8910257079e-02 -3.1236246000e-01 2.6379629085e-01 1.2752971283e-01 -9.2488033709e-02 -2.2565860585e-01 1.6275981829e-01 -1.7851621861e-01
-2.6537318016e-02 2.5644927068e-02 5.0866924460e-02 -2.1154931741e-01 2.4382582570e-01 1.4376105504e-01 5.1098881787e-03 1.2659223202e-01 -1.0426188897e-01 -1.6505153613e-01 1.3887887879e-01 -1.3314233673e-01 -9.2439734384e-03 5.0375685690e-02 3.1461783870e-02 -2.0719786161e-01 -4.9580047486e-02 -6.9617379738e-02 1.3105485799e-01 2.2598347916e-01 5.7788780884e-02 2.7805207375e-01 1.4146322306e-01 1.2373554986e-01 -2.9643422245e-01 3.0271388355e-02 -2.0016155396e-01 1.4924388661e-01 -3.7333224120e-02 5.4182616497e-02 1.6803462280e-01 -2.3207955088e-01
8.4582876057e-02 -1.7961490882e-01 2.3431128090e-01 -2.5982189207e-01 1.8209728137e-01 1.0694673602e-01 -2.3103401265e-01 5.9261624492e-02 4.5670491069e-02 2.4623620041e-01 -1.0660975345e-01 6.3422847641e-02 -3.2703452602e-01 -1.6381508877e-01 1.7476819900e-01 2.9158360308e-02 4.6213701389e-02 5.0966473879e-02 -4.3945527348e-03 2.4949607538e-01 -7.0945250168e-02 1.2912803352e-01 -1.1702090480e-02 -1.9429165082e-01 3.7663026449e-02 -9.4269049972e-02 2.0321679621e-01 2.7390438212e-02 -2.7536188616e-01 -2.3373882376e-01 -2.5836114999e-01 2.5059786013e-01
-1.0324197636e-01 2.0802450706e-01 3.4563731249e-02 -5.4577167762e-02 5.4778096891e-02 -1.4865771995e-01 -2.5848978529e-01 -5.6465359253e-02 1.6008661767e-01 -3.8446160441e-02 -1.9333971421e-01 -4.6283297448e-02 1.2237722294e-01 -2.1297771309e-01 4.1559602431e-02 -5.1529495793e-01 1.0463709744e-01 2.0496073995e-01 3.7371919305e-01 1.1662266430e-01 -6.4788776696e-02 1.6289199338e-01 -2.2913791360e-02 -1.6695956668e-01 6.9844724031e-02 -3.4790795183e-03 -2.2515590798e-01 -1.9743446945e-01 1.3292452299e-01 -1.1657337128e-01 2.1583096688e-01 -1.7198028670e-01
2.7681237955e-01 -9.5757141232e-02 2.8636412817e-01 -1.6965172664e-01 3.5875149060e-02 -1.0478551919e-01 -2.4869464300e-03 3.2961081220e-01 -9.2614507146e-02 -3.0245185753e-02 1.4933972402e-01 1.3550319374e-02 -5.3825817379e-03 -1.1984628628e-01 -8.9201645255e-02 -5.8486918161e-02 -2.3820429334e-01 -6.3410741578e-02 1.8434064101e-01 -2.3978153680e-01 -4.1294093136e-02 2.4213394872e-01 3.9819163543e-01 1.2540854907e-01 6.3223975530e-02 3.5806862304e-01 2.4756651396e-02 -5.7431422113e-02 -1.3002662079e-01 -3.3633487415e-01 2.3286891345e-01 -5.6064215008e-02
-1.4015676449e-01 9.1844858340e-02 5.9672977301e-03 -2.6348493586e-01 1.5316747636e-01 -3.1533490319e-02 -3.3374713839e-02 1.3614348113e-01 -3.5625331530e-02 -2.4848870030e-02 -2.0500195828e-01 7.4561761789e-02 -6.7503992684e-02 -4.8830775038e-02 -1.0191179723e-01 3.1293761177e-02 5.0087834895e-02 -1.1172051034e-01 3.9301448916e-01 1.8774877779e-02 8.2364514601e-02 -1.9703244119e-02 -1.4161137205e-01 1.9535212579e-02 1.6800890257e-01 -2.3346637324e-01 3.2055541992e-01 7.1847893196e-02 4.6806186853e-02 1.8932838476e-01 -9.1169721137e-02 -7.1087944231e-02
-5.6418577059e-02 4.0663735576e-02 1.1792412968e-01 -2.2172634809e-02 -2.9387967554e-02 -2.1052276390e-01 1.3147515390e-01 -2.0524270487e-01 -1.2044803276e-01 -4.8226703792e-02 -2.5910796892e-01 1.4923935092e-01 -4.6178345602e-02 1.0754219072e-01 1.4463638726e-01 -1.7343246308e-01 -4.1616518095e-02 -1.6190370785e-01 -3.0829179998e-01 -4.1663817036e-02 1.5412755635e-01 2.3117761611e-01 3.6422623662e-02 -5.1360732315e-02 1.0244219836e-01 -1.0292397641e-01 -8.2150244016e-02 -1.0371207542e-01 7.1499152098e-02 -3.0734327350e-01 2.6821048519e-01 5.2714866072e-01
1.6222708922e-01 2.6370989375e-01 -3.4934544679e-03 2.1338427108e-01 8.2820442251e-02 1.7561710526e-01 -1.8394483454e-01 -3.5060897296e-02 -1.2374377579e-01 1.0376107936e-01 2.8092515938e-01 -1.1675375808e-01 -8.4905828205e-02 7.6039808297e-02 2.0438320259e-01 -1.7264761896e-01 1.3186205339e-01 2.4628615185e-01 -3.5403283139e-01 9.9146817257e-02 2.3791859062e-01 -4.5816564038e-02 2.1872441485e-01 -8.2242433327e-03 1.1720439322e-01 -1.4414204775e-01 -9.2670705268e-02 9.3206888194e-03 -2.9035906743e-01 3.8496676211e-02 4.4978407573e-02 -1.3266048645e-01
-1.4823126339e-02 -1.2296094383e-01 -4.2051361260e-01 9.2658982541e-02 2.8676920485e-01 -3.6635656787e-01 1.0197079391e-01 -7.6638897739e-02 1.7533180439e-01 -2.6108569994e-01 1.3839156308e-01 4.3667879582e-02 -3.2312474549e-01 1.1391669728e-01 4.1425117562e-01 -3.8217985852e-02 8.0572311955e-02 -1.9761530449e-02 3.3576059027e-01 -1.2048192085e-02 1.0667403296e-01 2.5927418876e-01 -2.1639220840e-01 -3.2801862207e-01 1.9579737521e-01 -3.5397788033e-02 1.6884450215e-01 2.1814118658e-01 9.4353997783e-03 -1.1353980414e-01 6.7002695261e-02 -2.5277537408e-01
-8.3517902929e-02 -8.2289084138e-02 2.5636203612e-01 -2.6170030763e-01 -1.7216373656e-01 -1.7367482236e-01 1.9268493940e-02 1.8664488784e-01 6.7033232872e-02 4.4233859778e-01 3.7640541751e-01 3.0985163993e-01 1.9459647846e-01 1.6715834955e-01 -3.0657007275e-01 -4.3710886286e-01 1.7426177498e-01 -4.2468180045e-02 6.2052737720e-02 -2.3494104326e-01 -6.3593946491e-02 -3.0373606974e-01 -6.8016694927e-02 1.6186000976e-01 1.3054491901e-01 -7.9119909653e-02 3.7631388659e-02 -4.9065990079e-02 -3.0982451185e-01 1.3634264483e-01 -1.3323807344e-01 -1.7105365333e-01
6.3925590067e-02 2.4402777837e-02 4.1256236352e-01 -1.4960409876e-01 1.8765276538e-01 3.4435650765e-01 -2.5322394331e-01 -1.2183975900e-01 -1.4137106161e-01 -1.3013538377e-01 2.2358663988e-01 2.7671189464e-01 8.2550510670e-02 -1.6508129280e-02 -6.9769604817e-02 -2.3205520497e-02 -2.2288936497e-02 3.2545789559e-01 2.2093714337e-01 4.4506626728e-01 -9.0050268502e-02 3.1478449292e-02 1.9376718126e-01 -2.4387143139e-01 -8.5894185193e-03 -6.7738778316e-02 1.5389204104e-01 1.2521417818e-01 3.4494327659e-02 -8.9004624656e-02 1.4406362391e-01 -3.5071918486e-01
1.4705437848e-02 -4.6368844888e-02 -6.4356946826e-02 -4.3773399182e-02 5.8080216534e-02 1.5019808318e-01 -2.5352987515e-02 -1.4848958883e-01 -1.7424255597e-01 5.0981275081e-02 -2.9253491653e-01 -1.1190207063e-01 4.7862795505e-02 -8.9553650247e-02 -5.1642581132e-02 -5.1436912484e-01 -3.2997247490e-02 -5.2958267742e-02 -1.9679536687e-01 1.7463206960e-01 6.1303413530e-02 -3.0200854269e-01 9.4016476188e-03 3.1681382207e-02 5.6075584521e-02 1.2087166310e-02 7.0560585249e-02 3.2198112853e-02 5.7552110347e-02 1.2938545769e-01 3.8992599153e-02 -1.5477244260e-02
-1.0355258567e-01 -2.4981083846e-01 1.2397286787e-01 -9.7080834739e-02 -1.4688109551e-01 -4.5447545639e-02 3.3971062864e-01 3.5673693467e-01 1.2116663016e-01 -5.3224373654e-02 3.0652552067e-01 -3.3782148612e-01 7.2152175100e-02 -1.0214724210e-01 -1.7725775520e-01 5.1892759843e-02 1.3730761245e-01 2.7190747135e-01 -1.1063993352e-01 -3.7028411591e-01 1.5299146255e-01 4.7932907697e-02 3.6670502164e-01 -8.8110421647e-02 2.1111885929e-02 1.7859559295e-01 1.2358684115e-01 -4.5167122623e-02 -1.8351762968e-01 1.2824645110e-02 2.2717395286e-01 3.4241232523e-02
1.2549226745e-01 -1.4326607008e-01 -1.1828663296e-01 -1.0671689122e-01 -1.8101560882e-01 5.5196313475e-02 1.4877959068e-01 1.2423292726e-01 3.5831400699e-01 -2.4707205492e-01 1.8122610803e-01 -4.0102086783e-03 -5.4080798259e-02 5.1393436286e-03 6.0352690500e-02 9.1885711939e-02 1.8825859899e-02 -1.4269992544e-01 1.1038639264e-01 2.3355233030e-01 -4.8475299275e-02 -9.8586600552e-02 -1.1723462106e-01 -2.9555244909e-01 2.2094218888e-01 -1.7416585436e-01 -4.4435602402e-02 -8.8022987549e-02 3.1445724413e-01 -1.2827308639e-01 8.3800810514e-02 -7.3157580389e-02
5.3046987228e-03 -1.2751939835e-02 2.0544452190e-01 -4.6672632734e-02 2.9368380260e-01 3.4160018635e-02 -2.4028443191e-01 -5.5027511457e-01 3.1839193645e-02 -4.8714121947e-02 -5.1177361684e-03 3.2586700219e-01 3.8329950439e-02 1.1718637461e-01 -8.1065197356e-02 -1.4028702016e-02 -2.1459825245e-01 -3.3417335596e-01 -6.3331461350e-03 3.4025822341e-01 -8.6038247862e-02 -4.1090765578e-02 6.5572638871e-02 -2.0043021894e-01 -2.1120392785e-01 4.3715179991e-02 -6.4816484927e-03 -3.3404469205e-01 -1.7119234333e-01 1.8774855380e-02 3.4039156284e-01 -8.5713866887e-02
3.1857058824e-02 -3.9974741382e-02 1.5856446626e-02 1.2622934844e-01 1.2319879013e-01 -5.3600848140e-02 1.0431187384e-02 -1.2492440344e-03 3.5458289867e-01 1.5499340531e-01 -2.7498155931e-01 -2.0079745094e-01 -7.0241706827e-02 -2.4500091303e-02 2.1059019842e-01 -7.1683027818e-02 1.2131372304e-01 -1.9415042824e-01 -5.8923468431e-02 -2.4423525739e-01 1.0457619995e-01 -1.2833039090e-01 -3.1496007035e-01 4.5745243779e-02 -1.5345991603e-01 -3.7689830809e-02 1.9850607040e-01 3.0113791585e-01 1.7692660020e-01 1.3796821419e-01 -5.2140107185e-03 4.0687159113e-02
9.4767355709e-02 -1.6492029205e-01 -1.0261804441e-01 7.3062089726e-02 -6.6601289447e-02 3.1696060270e-01 -4.6346451980e-02 1.0380088002e-01 -1.1732967500e-01 -1.6652877377e-01 2.8886286106e-01 1.2927648019e-01 -7.8763030726e-03 1.4378191726e-01 -4.5875416224e-02 -2.6558064724e-02 -1.3566120825e-01 -3.2065041711e-01 1.2996035213e-01 4.5848276234e-01 1.9833577128e-01 1.2718281435e-02 1.3517062398e-02 2.9358056230e-01 1.2859231749e-01 9.9524236651e-02 -6.6284177717e-02 -2.2676442053e-01 -4.2285746415e-02 1.6460117171e-01 -5.2394274065e-02 -5.6943269322e-02
-6.4454713599e-02 -1.7197545636e-01 7.5898959322e-02 5.1147081755e-02 -4.0463662078e-02 -2.2268131495e-01 6.8224956814e-02 -2.2611884412e-02 3.8998869781e-02 -1.1429027208e-01 -2.4944568760e-01 1.4114590548e-01 1.2225142278e-02 2.1407124073e-01 -4.0199792252e-02 2.3641522195e-01 1.5200957767e-01 2.2798595088e-01 2.6235023371e-02 -3.6974802092e-02 -1.6799055730e-01 4.2591144344e-01 4.4214858809e-02 7.1695614687e-02 5.3397911264e-02 -1.3159426741e-01 1.9154932063e-01 -6.5015473467e-02 1.5845717439e-01 -4.9355822232e-01 -6.3009813767e-02 -2.4103930987e-01
-5.2930854361e-02 -1.8313763898e-01 -7.4845567074e-02 -6.6191841182e-02 8.4686881923e-02 -1.3086679266e-02 1.2192859112e-01 -7.9701831790e-02 -1.5011604398e-02 -1.4452750071e-01 1.3501828376e-01 -1.4262957508e-01 1.3759020488e-01 -3.0653455754e-02 1.0360565749e-01 2.8767688364e-01 -9.2950702644e-02 2.4845128447e-01 -2.5687675558e-02 6.1951518498e-02 -1.2928572230e-01 1.0884456796e-02 -1.4164233986e-01 -1.6964920752e-01 -4.3833239750e-02 2.8532023479e-01 -2.4638884614e-02 -7.5194825343e-02 -8.4306572177e-02 2.1202157747e-01 6.3109943243e-02 -1.3325701553e-01
-7.2976184441e-02 1.5244965492e-01 1.0106797418e-01 5.5780037567e-04 3.4344429634e-01 3.0972168187e-02 -6.0419766815e-02 -8.4833080223e-02 2.0427577766e-02 1.6203675409e-01 -5.6687248714e-03 -2.5063398600e-01 1.8114976424e-01 1.2733931936e-01 -3.3505609326e-02 4.8683790298e-02 -3.2840806012e-02 1.1165034581e-01 1.0045151362e-01 5.5974722632e-02 -6.5755189058e-02 -7.6443873057e-02 -4.2359502684e-03 1.6379810546e-01 -3.5526384463e-01 -2.7185154385e-01 1.1470860637e-01 -2.5455157589e-01 -1.3841371263e-01 -5.6691070097e-01 -4.0437468473e-01 7.5222354147e-02
1.7735009367e-01 4.7456487702e-02 8.8298744265e-02 -6.1417769578e-02 1.4960062575e-01 1.5258139251e-01 1.3245547687e-03 6.5103429440e-02 -1.7167538281e-01 3.2174515656e-02 -1.2819861673e-01 -8.0075695894e-03 -2.3896665785e-01 3.5149655190e-01 -9.1498122152e-02 -2.4958264591e-01 1.8759799834e-01 -1.6703628280e-01 -3.1508615763e-01 7.1899041247e-02 -1.1265179470e-01 -3.1618162091e-01 -5.0533829264e-02 2.0644590477e-01 -7.5094214436e-02 2.8839004622e-02 -9.0449426908e-02 5.4835445020e-02 2.9272499360e-01 -2.4150063161e-01 1.2409804308e-01 1.6406256141e-01
-5.9701894044e-02 -1.5656608038e-01 2.5589852943e-02 2.5764706105e-02 7.3455711266e-02 2.9700347043e-01 -1.5916545897e-01 1.3254217166e-01 1.1577478947e-01 8.2742802528e-02 4.0686132046e-02 -3.8792848184e-02 4.5039032677e-02 2.4965104004e-01 5.0766536991e-01 -1.1174487875e-01 1.9725169040e-02 2.2159442416e-01 -2.7405538103e-01 -4.2469294315e-01 4.0682639076e-03 -3.5869735843e-01 -7.1244511593e-03 -2.5315163330e-01 -2.7239018248e-01 -3.6007663055e-01 -2.1559770414e-02 -1.8170546675e-01 -3.2688380384e-01 -1.0606183916e-01 3.9094628162e-01 1.3652367476e-01
1.1052675139e-01 -7.0535489242e-02 -1.1838480534e-01 3.1509490756e-01 -1.6146640990e-01 -1.7697622539e-01 -1.8086611273e-02 -2.5124044649e-02 -2.6648398686e-01 -3.4157035619e-01 -1.8567634714e-01 1.9793816398e-01 -2.7367375097e-01 -2.7532875732e-01 3.6580135334e-01 -5.8136097032e-02 -1.6838037157e-01 2.5252121474e-02 -1.2314160216e-01 1.3194904257e-01 -2.7593064956e-01 2.2752047788e-01 -1.6465330867e-01 -1.4269603687e-01 -1.6225648569e-01 -7.2974998145e-02 -1.3610002176e-01 -5.2871059513e-02 1.8726782619e-01 -1.5193062978e-01 1.2935562129e-03 -5.5991653188e-02
-1.3708551713e-01 -3.9756406354e-01 2.8372275231e-01 -2.3364132198e-02 -3.2776442728e-01 -6.3017980299e-03 -2.6412492417e-01 1.1398386735e-01 -9.8622107239e-02 -2.8060847359e-02 -1.0159797174e-01 -3.9402037455e-01 6.8139257180e-02 -1.0725193314e-02 5.0702498708e-01 -3.3040260079e-01 -1.0462337440e-01 -1.4377435539e-01 -8.6692292868e-02 1.4480395656e-01 1.7027819673e-01 -6.7225217388e-02 1.6120198768e-01 -2.1500477910e-01 2.5042157982e-01 7.2640947613e-02 5.2538145539e-02 -8.9115163272e-02 9.0507856717e-03 3.4622317525e-02 2.0228567720e-01 1.6608457701e-01
-4.4168640646e-01 7.3501508227e-02 -2.0066374571e-02 -3.8287551042e-02 1.8254158715e-01 -8.8510677592e-03 1.1073568008e-01 -5.8334533305e-02 4.9541289355e-02 2.7667567496e-01 -1.3008738128e-01 1.8817471450e-01 -2.3810688708e-01 -1.2041521043e-01 5.0447879431e-02 -1.2354127805e-01 -1.5805847298e-01 2.2107715067e-01 -1.3966479165e-01 -2.0037962228e-01 1.5685050869e-01 1.0683017567e-01 -1.1767863049e-03 -3.1024536747e-01 -2.1356947357e-01 1.3232612358e-01 1.7008056683e-01 -3.1446114271e-01 -1.0013846428e-01 1.5404537203e-01 -8.0162418808e-02 -5.0251614472e-01
-1.7685922062e-02 1.6881531029e-01 -1.3631155449e-01 -3.1524800747e-01 -2.6863028469e-01 -1.8907384483e-01 -2.0505860308e-01 3.7387495346e-01 1.4380292752e-01 -1.2425869718e-01 2.9648707365e-01 4.3078172518e-01 -1.2323013258e-01 3.5420042157e-02 1.3980857667e-01 -4.1605955174e-02 -2.2199943353e-01 -7.5964644741e-03 -3.9855203947e-02 -2.6425904285e-01 1.5443736545e-01 -6.4510964630e-02 5.1982094108e-02 -6.6254127450e-02 6.4932579387e-02 1.0549112239e-01 1.5082810080e-01 3.9951308907e-01 3.4231897910e-02 2.3088672436e-01 1.8586658136e-01 -9.6866616281e-02
2.3063874458e-01 6.1757143304e-02 5.3605287835e-02 2.3907363960e-01 -6.6205098126e-02 2.3566825552e-02 5.2378686193e-02 1.4962046195e-01 -9.8379370520e-03 -2.1991000068e-01 8.2001622701e-02 -2.0222971990e-01 -4.4378992490e-03 2.2994123173e-01 6.5816302578e-02 2.8482802619e-02 -1.9156007398e-01 2.8758371417e-01 -9.3403739271e-02 2.1904027752e-01 7.3990106914e-02 -3.8669974513e-01 8.1139244967e-02 -1.9319846440e-01 -7.7868855786e-02 -1.5129911100e-01 -1.2845718379e-01 -2.7611978155e-02 -8.4247000467e-02 -1.1182109779e-01 -1.0995263533e-01 -7.6835227168e-02
1.3217000736e-01 -1.1044093384e-01 1.9293908341e-01 4.7863036869e-03 -5.6915265370e-02 -1.0529053516e-02 -1.1225638432e-01 -2.0242035461e-01 1.5956559197e-01 -1.9137160985e-01 -2.0757630035e-01 -1.1556176175e-03 -2.0656441316e-01 -2.9676703435e-01 -1.7442348911e-02 1.1491130430e-01 -2.3456850270e-01 5.0718999457e-02 4.3593979538e-01 2.0830890425e-01 1.0370575064e-01 3.1177989044e-01 -4.5593582792e-02 1.8593822031e-01 -7.8186634803e-02 1.0397790403e-01 -2.0384794429e-01 -2.2190637508e-01 1.5902873738e-02 2.2086510185e-01 6.1689123365e-02 3.2481505415e-02
-1.6134216260e-01 -1.9581416771e-01 2.0908559153e-01 -1.1229393349e-01 2.1238716482e-01 -7.4034532913e-02 -2.2085668542e-01 5.3177895202e-02 1.2604550609e-01 -1.0291804996e-01 1.5983029041e-01 2.0138682287e-01 2.7619602910e-01 -6.6662205382e-02 1.1547583259e-01 2.2329564911e-01 -1.9157473177e-01 -1.0183011237e-01 -6.0656140746e-02 1.0379774556e-01 -1.2797599835e-02 3.1506936061e-01 -2.0893742564e-02 8.9056851569e-02 -8.2150276240e-02 -1.8419585039e-01 1.5540846720e-01 1.1082881102e-01 -5.5525697664e-02 -2.4282496020e-01 -2.7171685817e-01 -5.7524893571e-02
2.7684608962e-01 4.3452894599e-02 8.8139141658e-02 -9.1087835881e-02 -2.2432901456e-01 8.9128090930e-02 -5.7055354004e-02 2.9177926186e-01 -5.2232836961e-02 -1.9354942274e-01 4.0322379813e-02 5.9173232234e-02 5.1373437956e-02 -3.4457626973e-01 -1.5711151709e-02 2.7381705135e-01 2.6129075790e-01 -1.3341524146e-01 1.6242821904e-01 6.2159992792e-02 2.7929646670e-01 1.1126523831e-01 2.4616542065e-02 -2.2717764447e-01 -1.4883904773e-01 -1.9793524327e-01 2.0543955178e-01 4.1169686999e-02 4.2450203015e-01 8.7377406204e-02 2.4842008425e-01 2.5347431482e-01
2.6556608114e-01 8.4364872134e-02 1.5541409357e-01 -1.5603824722e-01 2.1545374238e-01 -8.9048156546e-02 2.5484734172e-01 1.2760803840e-01 -1.1440720135e-01 -5.8933115427e-02 1.2743335889e-01 2.5169920859e-02 -1.1026416426e-01 9.2018071163e-02 -2.5002248726e-01 -2.0842436612e-01 -1.1758797299e-02 1.5491109748e-01 -1.4962996359e-01 -3.4929084204e-01 8.9415748663e-02 1.3597965160e-02 1.5362130433e-01 -1.3464508007e-01 -2.6692215003e-01 -1.7935972278e-01 1.7446931369e-02 -2.2608047017e-01 1.3150207993e-01 1.9392169546e-01 3.0053644781e-01 -2.0013417649e-02
