-9.8287275273e-01
-7.9786738184e-02
1.2560796792e-01
-1.0805428639e+00
-6.4716444420e-01
1.0541227573e+00
3.5540809716e-01
-1.3303117752e+00
-2.2465387930e-01
6.6000101836e-01
4.4653229858e-01
8.0431512260e-01
-2.3041437657e-01
-9.1869713648e-01
1.1016213542e-01
7.1758729925e-01
1.6025594993e+00
4.8403524974e-01
-6.4702125620e-01
8.1413667899e-01
-2.9227845993e-02
-8.1391946494e-01
3.4811833235e-01
1.3556069187e+00
-3.8915694754e-01
-1.7763947451e+00
7.2658109787e-01
-6.1447937772e-01
-6.6599413788e-01
-7.0286926954e-01
-3.8379041806e-01
2.1831676797e-01
