2.2426340877e-01 2.4669364501e-01 -1.5062423824e-01 4.9568127602e-02 -2.4279068640e-01 7.7418032447e-02 -2.4380088687e-01 -1.8773546641e-01 6.7805459230e-02 -8.2988664592e-02 -1.3373296925e-01 -5.1448400549e-02 4.7157534565e-01 -1.3097479160e-01 -2.1182532026e-01 7.9664863393e-03 -4.8376548094e-02 -1.0107667310e-01 -4.1451474761e-02 4.2497003966e-01 -4.2654063447e-01 -1.9761298763e-01 1.4306998572e-01 -4.8726991351e-02
-7.7334858880e-02 -7.8535991534e-02 1.9267978861e-01 -1.7453109733e-01 9.8300155028e-03 -1.9427934806e-01 1.0755998061e-01 1.9197031300e-01 -4.2254178533e-01 -2.0377467314e-01 -1.3014880391e-01 -8.6851901429e-02 1.1623974181e-01 1.0006429751e-01 -2.2356265115e-02 -4.2184109817e-02 4.4774703425e-02 2.9045710612e-01 4.8359260097e-02 -1.7109469995e-01 -3.5768741529e-01 1.2135304232e-01 -1.1622845645e-01 -2.9188152413e-02
-2.1475969082e-01 -2.6636772170e-02 -3.4724757949e-02 1.9623119074e-01 -8.3979263372e-02 2.3669582450e-02 3.2230822282e-01 7.9474009934e-03 -4.3571193316e-01 -7.7264174103e-02 -9.6400423546e-03 1.3554803294e-01 -1.1238583018e-01 -2.4496458460e-01 -1.4197879286e-01 -1.9221568172e-01 -4.8336104158e-01 1.1295795817e-01 2.1295060557e-01 -3.1133304590e-01 2.0992078765e-01 2.4820730085e-01 -1.9411933829e-02 -6.8439733174e-02
-4.1649816025e-02 -2.9844610645e-01 -3.2627341970e-01 4.0266850989e-02 3.8784587102e-01 3.4118124767e-01 -2.0517186097e-01 2.5875728663e-01 -6.3353101533e-02 3.8185225055e-01 1.5934882717e-01 -5.2973125265e-02 2.8004194118e-01 1.2684891522e-01 -2.3503067492e-01 -2.7756486822e-01 1.4174649815e-02 2.1421562337e-01 -3.4413958382e-01 2.0923015359e-01 -1.6728523395e-01 -8.3947258258e-02 1.4815215585e-01 2.8830013030e-01
-3.6106058070e-02 -2.9141736859e-01 -4.7926541028e-02 -2.3773887679e-01 -8.4073177905e-02 -3.9955590297e-01 -5.5076198459e-02 -1.2320883744e-01 -6.1307411626e-02 -3.0799947081e-01 -3.7332445350e-02 -2.4739480018e-01 -1.8753510638e-01 -9.9157633329e-02 3.9397211245e-01 -3.1597400298e-01 7.6869625189e-02 -4.0847275904e-01 -1.5793250210e-01 -2.5083536867e-01 -1.4230602167e-01 9.5460143905e-03 1.6344904241e-01 2.1812249314e-01
2.1440364246e-01 1.3652245866e-01 -3.5382097222e-01 -2.1682162589e-01 -1.1152973460e-01 2.8725891757e-01 5.2020294404e-02 -3.7208983298e-01 -2.4953259367e-01 3.2994524184e-01 2.2893882549e-01 1.8305698874e-01 1.2390952590e-01 -6.7779239091e-02 -1.1281664956e-01 -1.3872268948e-01 3.2093755159e-02 5.4596709911e-02 -1.2076923530e-01 2.1021174618e-02 -6.8640860532e-02 7.1709543271e-02 5.5566465534e-02 3.2232962048e-01
1.7954183224e-01 -4.4316882697e-01 -3.7339023244e-02 1.5660617541e-01 3.7324610157e-01 9.7375170005e-02 1.8148246037e-01 3.2977797475e-02 -6.9791503952e-02 -1.2085226111e-01 2.9480171302e-01 -1.3846039688e-01 -8.5926992069e-02 2.5291445177e-01 -9.3753775115e-02 6.9194798275e-02 6.7084175643e-02 -2.7321590222e-01 2.2952391230e-01 2.5939725986e-02 7.6808335980e-02 -1.6769369773e-01 -2.2065446743e-02 -3.6049938864e-01
5.9133988382e-02 1.1744097008e-01 2.4132187903e-01 -3.8053513262e-01 1.1757514202e-01 -3.5606113480e-01 1.4230718689e-01 6.1640857169e-02 -3.0514247339e-01 -2.7205910654e-01 1.3664177178e-01 -4.2876833747e-01 3.1251506941e-01 -3.4883665935e-01 3.6672659785e-01 -7.1775037547e-03 1.7146815310e-01 -3.4991363833e-01 -1.3689872016e-01 -3.1395818868e-01 -7.2503572386e-02 9.4941669346e-03 2.2044215835e-02 -3.4125915894e-01
-7.6207361451e-02 -1.8036940011e-01 -6.4343960720e-02 3.0002942322e-02 3.0072420776e-01 -1.5181440660e-02 -2.5622551154e-01 -3.4596977853e-02 -4.3858514990e-02 -6.5253285182e-02 7.9696089611e-02 -1.9338843057e-01 4.8609802266e-02 -3.2745912599e-01 -4.4845649056e-02 -2.7367284525e-01 4.7507677222e-02 1.8228800807e-01 -1.1816430429e-01 -2.6120376338e-01 -1.0909898877e-01 8.5294594326e-02 -1.9537018178e-01 -4.2067120895e-01
7.9585896559e-02 -9.3127941831e-02 1.1942182920e-01 -7.3108498109e-02 -1.9790635768e-01 -1.6776190450e-01 7.7613050416e-02 -6.7551943675e-02 1.4025923466e-01 2.3960546116e-01 -1.9921647379e-01 -3.6131808080e-01 2.2154759302e-01 -2.0575141390e-01 -9.5330888973e-04 -4.3834141281e-03 2.1424228356e-01 2.4703127441e-01 3.5864576121e-01 -4.0659403430e-01 -1.3174708403e-01 -1.5825249923e-01 2.4439031156e-01 1.3644547883e-01
3.4568002180e-01 2.7961202197e-01 -1.6452570788e-01 -2.8739071642e-01 1.3944735790e-01 3.6418737186e-01 1.0843128314e-01 -4.9646714027e-02 1.9312577932e-01 3.9677403185e-01 -4.8401244395e-02 5.1486945847e-01 3.5034908353e-01 -3.3076508373e-01 4.8031916590e-02 4.6641736129e-01 1.4033095466e-01 -5.7191202209e-02 3.5863542845e-01 -1.5336708907e-01 -1.4414217387e-01 2.2580837362e-02 6.2457100131e-02 2.6686128521e-01
1.9793410531e-01 -4.7034141674e-01 -5.0350988360e-01 -2.1541727711e-01 -1.6660324000e-01 1.4958866665e-02 -2.9339253188e-02 -1.1098873827e-01 -1.2986170838e-02 5.8053345545e-02 2.3263284293e-01 2.6583177562e-01 9.9880269535e-02 -2.3711146017e-02 -2.2268752077e-02 -3.8600386459e-01 4.2926854851e-03 -2.1940297020e-01 -3.4873704298e-01 4.3061203600e-02 1.0505356462e-01 -6.6245418095e-02 -4.1161449272e-01 2.1905396741e-01
-2.1413838093e-01 -4.0440765040e-01 8.7247483948e-02 -3.7931739938e-02 6.4899957553e-02 4.3733288348e-01 -1.5654277273e-01 -6.0741477720e-02 4.4338410501e-02 -1.4028842460e-01 3.9241282021e-01 -2.1808647450e-02 1.0307879995e-01 -9.3306643526e-02 2.6287803339e-01 1.4588965231e-01 -3.5250018041e-01 -2.9045952066e-01 -2.7594472749e-02 -4.8168187179e-02 -3.4864793497e-02 4.7756123175e-01 1.2912293802e-01 -2.0238368621e-01
-1.8784474480e-01 -2.1272184924e-01 -2.9515580656e-01 2.3926038704e-01 2.6023897462e-01 3.3903931395e-01 -4.6628975768e-02 3.7149915138e-02 -1.0962473867e-01 9.6034817788e-02 4.9841358618e-01 -2.4621449673e-01 -7.0549495327e-02 7.4445266825e-02 -8.6824934803e-02 1.4416452682e-01 -1.4200678348e-01 1.7971338718e-01 -1.6148232655e-01 -1.1596347502e-01 7.9883212170e-02 -5.1672544861e-01 -3.1539879577e-01 8.1326576190e-02
-1.4562790824e-01 -3.4782997816e-01 -2.2364993130e-01 2.4343937800e-01 -1.0819206667e-01 5.4041781516e-01 3.3294912387e-01 -4.8315599365e-02 1.4167852039e-01 -1.9511313168e-01 5.4838582301e-01 2.7565815329e-02 -4.3135733811e-02 1.9522150631e-01 -4.7459994448e-01 -3.6517747123e-02 -3.1138269205e-02 -7.5649869048e-02 3.1280624029e-01 1.5282058139e-01 -2.6133802647e-01 1.8110199299e-01 -1.6392533397e-01 -3.6922971264e-01
-7.2095375064e-02 6.4130712190e-02 4.5355299058e-02 1.8944466851e-01 -2.7792443654e-01 6.9102551978e-02 1.1673205137e-01 7.5102856603e-02 2.7335047091e-01 2.9182102837e-02 1.0167320564e-01 2.2921332105e-01 -1.7025195517e-01 2.7009994150e-01 -4.1016349044e-02 -2.6586426912e-01 1.4753609455e-01 -1.2244559574e-01 -1.3213318831e-01 1.5108967712e-01 1.4347326200e-01 -6.4786865752e-02 1.7816879147e-01 -4.1314690660e-01
1.8942174559e-01 1.8258235175e-01 -6.0917301461e-03 -2.4672788273e-01 -1.2712656800e-01 6.1513500382e-02 4.4592447721e-01 2.9222460117e-01 8.0790311805e-02 2.5965116307e-01 -9.4498207540e-02 -3.5459804638e-02 -7.2645206187e-02 -1.8672552764e-01 -2.4610731693e-01 1.5451592317e-01 3.7433755990e-02 2.8470310209e-02 -2.4590484536e-03 -2.4839118372e-02 2.8646647327e-02 1.5706219859e-01 -1.0131104869e-01 4.5385080364e-02
-1.8896687400e-01 -9.8518831404e-02 1.9930317216e-01 -4.9380144374e-03 5.0448105583e-01 1.5485545335e-01 -2.4070042668e-01 -9.0141337927e-02 -1.8923920865e-01 2.8595406029e-01 -2.9466022533e-01 -1.5834730721e-01 4.2443060146e-01 -1.6053083721e-01 2.5325241387e-01 2.4001795712e-01 -4.5481831847e-01 -1.4796054151e-01 -2.0683825142e-01 -3.6941812426e-01 2.4010390782e-01 1.0181390859e-01 1.4293345153e-01 4.3104848637e-02
-2.0836393327e-01 -2.2006101396e-02 2.7836546871e-01 -1.6985233294e-01 1.2532411957e-01 -2.9785377922e-01 -3.7536625888e-01 -1.6515829724e-01 3.5568172546e-01 -8.1044919788e-04 8.1678960785e-02 3.2435445380e-01 -4.4745161267e-01 -5.9099241314e-02 -1.7176409688e-01 -1.9891380905e-01 1.4825065705e-01 -2.0148880288e-01 -1.3181972080e-01 5.3382429189e-02 1.3792039343e-01 -2.9385392078e-01 2.5978496068e-02 9.1201587318e-02
1.1650947827e-01 -1.4094153188e-02 1.9768957028e-01 1.3295832245e-01 6.8020846833e-02 1.8250295982e-01 -3.0204437764e-02 1.0787048147e-01 2.4835828631e-01 -2.9810380484e-01 3.5819205485e-01 -5.7991025188e-02 -8.4649380926e-02 3.7705365360e-01 2.9584807117e-01 1.6497945649e-02 7.0461566588e-02 1.2436991503e-01 2.9921928366e-01 6.4511384283e-02 -1.2936230892e-01 9.6918617757e-02 -3.0120972315e-01 -2.6094031418e-01
-4.6505603509e-01 -1.8496593996e-01 7.5184402241e-02 1.9893737617e-01 1.5187765735e-01 -4.0922356357e-03 5.3268831302e-01 -6.7317812660e-02 -2.2190733429e-01 3.8004753515e-01 3.7025825180e-02 -5.8834547942e-02 -4.0913046920e-01 -4.6121856395e-01 -2.1508442381e-01 -2.3069357390e-01 1.6727781948e-01 3.2184273840e-01 -2.4219711751e-01 -1.5825160477e-01 -1.4592359046e-01 4.8650006198e-01 -4.2505112759e-01 1.2826222023e-02
2.1483763750e-01 -2.3163003313e-01 1.7724027041e-01 -1.8848548903e-01 3.6985384708e-01 -1.2028301444e-01 2.1937612336e-01 9.7818808482e-03 -6.3297361083e-02 3.0608220746e-02 1.4844803882e-01 -2.9295697770e-02 2.7459851650e-01 -1.6414172980e-01 1.6327340571e-01 -2.5308978824e-01 2.4016113641e-01 -9.5644881778e-02 -6.6572891813e-02 -1.3921547454e-02 -2.9430618502e-01 3.0915702590e-02 -7.7041230887e-02 6.6115298553e-02
6.2235179925e-02 -1.2213539462e-01 8.7653577481e-02 -6.5444071279e-03 -1.0339254496e-01 -9.7616360847e-02 8.8544607301e-02 -1.3742446566e-01 -1.2600704123e-01 2.3295554276e-01 -1.1555670052e-01 2.5201563668e-01 -2.8209545519e-01 2.7255487564e-01 -6.3565215899e-02 -2.7043619688e-01 2.3409152133e-02 7.8607910812e-02 -4.3161321858e-01 -6.1152131822e-03 -8.1414533816e-02 -2.2246532902e-01 2.0879524167e-02 3.4844577042e-01
9.1043829102e-02 -3.7413109645e-01 -3.0773216574e-01 3.5020012393e-01 6.9980307616e-02 -9.9698849618e-03 2.0548487459e-01 3.1568293351e-02 -2.2244340575e-01 3.8707051824e-01 -1.7679964816e-02 4.0496783715e-02 9.8637734355e-02 3.6154685910e-01 -9.1608539495e-02 -8.8319801544e-02 -9.1685039112e-03 2.1465954090e-01 1.6293668971e-01 1.3352722046e-01 7.8621861617e-02 -4.3564154099e-01 6.2246963533e-02 -1.8526040533e-01
