-2.2381160574e-01 -4.3717817301e-01 -2.7321709852e-01 -1.4030352038e-01 1.7256640506e-01 -2.9022756066e-02 -3.7820042423e-01 4.7315962761e-02 -6.6409430681e-02 5.6078071636e-02 9.7086405306e-03 -1.2149015739e-01 -7.2855954289e-02 3.5239022755e-02 3.0027670466e-02 3.4982584303e-01 -7.8901173782e-02 1.1668132726e-01 -1.4072909944e-01 -1.6612012886e-01 2.3179110726e-02 3.5826615106e-01 -1.4801132484e-03 -7.5697737420e-02 -2.5300154880e-01 -4.1118675515e-02 -1.1056991792e-02 -1.8274829829e-01 1.1459701185e-01 1.3771582524e-01 -2.9482899407e-01 -1.0584211291e-01
-2.0493280365e-02 1.6620273168e-01 -1.0108627350e-01 2.2577441019e-01 -6.8631218788e-02 -1.0004163995e-01 -1.0409995127e-01 1.4434036213e-01 1.4372541158e-01 -1.1134091191e-01 8.6277918371e-02 2.2998166471e-02 -9.9324839759e-02 2.1385561215e-01 -7.6825983918e-02 -2.1792063614e-01 -3.6083333747e-01 3.6371521672e-01 7.8451595904e-02 -1.9555022835e-01 -2.9715622291e-02 1.9849081534e-01 -7.3925383080e-02 -1.8511472355e-02 7.5627711287e-02 2.2259957598e-01 -1.6257779947e-01 2.4142169570e-03 -2.4135871355e-02 1.3017802509e-01 -3.8758560633e-01 5.0092611631e-01
-7.7022258994e-02 7.2691488420e-02 -1.4929619568e-02 2.6476642333e-01 -2.7012749989e-01 -1.5260678889e-01 2.3974409259e-01 1.3597346038e-01 1.0532036382e-01 2.1766781330e-02 -1.0963264021e-01 4.3524470192e-01 -3.2075832789e-01 -1.2636192486e-02 -1.0622886392e-01 -1.9775655970e-01 6.6439790977e-02 2.7556642539e-01 2.3645836751e-01 -3.2112193019e-01 -1.0660811099e-01 7.2283621644e-02 -9.1438799044e-02 1.1431441387e-01 8.1453058651e-03 -5.6570806652e-02 3.1481488224e-02 -6.1596692353e-02 1.7470518508e-01 -5.3924545693e-01 -7.9283050174e-02 3.7924891917e-01
2.0988558808e-01 3.6309113209e-02 -2.0780802986e-01 -9.4631865974e-02 -1.6743689601e-01 -2.4881162704e-01 1.2650679822e-01 -5.0064984713e-02 -2.6097714811e-01 -1.7459447603e-02 1.2839036255e-01 -1.3195851081e-01 1.4697975916e-02 -1.5521749556e-01 -2.5914900676e-01 -4.5516146825e-02 -1.4798618963e-01 5.5460659970e-02 4.1323839480e-01 -2.1453589150e-01 -1.7211652535e-01 4.2751002588e-01 3.1149604840e-01 5.5277935976e-02 -2.9024637572e-01 -4.2627407393e-01 2.7429266740e-01 3.2768931805e-01 -2.3990995855e-01 -2.7590966025e-01 -2.9753990040e-01 -2.4257888526e-01
-1.1423227958e-01 -3.9908083644e-02 1.9044848027e-01 -3.0351736998e-01 1.5437914482e-01 1.3170782802e-01 4.3351188365e-02 3.0542275659e-01 -2.2201386552e-01 -9.3027620651e-02 2.5532169935e-01 4.1818679518e-01 4.4897740505e-05 1.0573146684e-01 -2.5580938286e-01 2.4699776768e-03 4.9223386952e-02 2.2832432054e-01 3.4404860677e-01 -5.3291221681e-01 -7.2545291862e-02 -1.9489558337e-01 -4.8656747004e-02 -1.8769089951e-01 2.4571108535e-01 1.5101842845e-01 6.4621030408e-02 -1.0815097625e-01 -1.4762028471e-01 9.9995700318e-02 2.4368227544e-01 -2.0637393106e-01
1.3876283859e-02 1.9263724865e-01 5.7196415394e-02 1.0619561680e-01 -9.8411462292e-02 2.5190473663e-02 1.3764647240e-02 8.1435696618e-02 -1.8543055603e-02 6.6556701470e-02 -1.0703082891e-01 2.6743339842e-01 4.8589795578e-02 6.5118566178e-02 -2.7102679383e-01 -6.7179357178e-02 3.0460687157e-01 4.0631904088e-02 1.8874494708e-01 -1.8800530826e-02 2.7212751683e-01 -2.2555617590e-01 -4.5629017362e-04 -7.3319197647e-02 1.0430494524e-01 4.5706811978e-02 3.1401286342e-01 -3.1843051777e-01 -2.0922914623e-01 1.7547264280e-01 -1.5873089088e-01 -2.4353043581e-01
1.4950073081e-01 1.3490577391e-01 1.4886251459e-01 1.3208377568e-01 -2.6429746908e-01 3.8339285846e-02 -2.5264019870e-01 8.3392595417e-02 -1.0137463968e-01 4.8887903870e-03 -3.4965744544e-01 -1.0989195723e-01 1.1675968524e-01 4.6846738210e-02 6.9618526988e-02 2.5449659344e-02 5.2544104625e-02 1.0971380010e-01 1.7525185569e-02 1.9338082945e-02 1.4502385650e-01 -1.9062156122e-01 1.0788487328e-01 -5.9573864000e-02 8.3420164231e-02 -1.4046252554e-01 -2.8990170343e-02 -1.1681712170e-01 1.7691523364e-02 -6.2098521001e-01 1.0064278071e-01 1.0126017971e-01
-6.0361420220e-03 3.1853780039e-01 -1.4808733823e-01 3.3846543451e-01 -1.4324323687e-01 3.0461178200e-01 2.2484895852e-01 9.6435246815e-02 -3.7614301025e-01 2.3789552565e-02 9.8490157982e-02 2.7573322952e-02 3.7631558572e-02 -3.9776439424e-03 -1.7065739545e-01 1.1994035765e-01 9.9636654100e-02 5.4865380167e-02 1.0565480046e-01 1.7349675249e-01 -5.6828801673e-02 -1.7572687226e-02 6.5970572489e-02 -2.2009416634e-01 3.7317858666e-02 1.6921221636e-01 8.6354858414e-02 -7.1950668457e-02 -4.4396527092e-02 -4.3540898483e-02 -6.4733966190e-02 -3.9869746843e-02
-1.8410420599e-01 4.9400917840e-02 2.2206338497e-02 -5.3952625481e-02 5.6053850826e-02 -1.6704471143e-01 -3.5941048669e-01 1.2884107693e-01 -1.3440791914e-01 1.8404815812e-01 3.6457025923e-01 -1.9406748464e-01 -5.0933887047e-02 1.3370518151e-01 6.6058697526e-02 5.3717711339e-02 -3.5104836792e-02 1.5951081431e-01 2.3142917726e-02 -6.1806824660e-02 -2.1381982323e-01 -2.0304406505e-01 -1.5653777325e-01 5.7535760456e-02 -6.1943260313e-02 8.0939156142e-02 1.1636011210e-02 -1.5866257443e-01 -8.0076012359e-02 8.7568177572e-02 3.0588848910e-01 7.6642726880e-02
1.5970410615e-01 -2.7009528781e-02 -1.7777144876e-02 8.1692591962e-02 -1.3443155864e-01 -1.8776775176e-01 8.7487984615e-02 -6.6927972355e-02 -2.7146255280e-01 -1.1200138157e-01 -2.4840951798e-02 3.7360005433e-01 -7.8874634630e-02 -1.3143080486e-01 -2.1570532919e-01 -2.9135493265e-01 -5.3186166862e-02 9.4605711936e-02 3.8576864408e-02 -1.0563045404e-01 2.1039488191e-01 1.6420827437e-01 1.7223627065e-01 2.0173488249e-01 -1.0417470114e-02 5.6042341313e-02 -1.2628579209e-01 7.5359980726e-02 -2.3575703243e-01 1.0094974789e-01 -2.2490020798e-02 8.3484642329e-04
2.6251886492e-01 1.5460735475e-01 1.4502184583e-01 -1.9342436580e-01 3.9646490937e-02 9.7962524621e-02 1.4845506573e-01 -1.2338963939e-01 3.1846525350e-01 6.5868205109e-02 1.8420229167e-01 -3.9745803359e-01 -7.6919402460e-02 -1.9027625695e-01 2.8015895310e-01 8.6084724235e-02 -3.8438234265e-03 -4.7883728265e-01 2.0997063655e-01 -2.4199260596e-01 2.3751938800e-03 3.7438025782e-01 -3.0096613472e-02 -6.7781495792e-01 2.3816371690e-01 -6.0435587357e-02 -1.6085227987e-01 1.8934310235e-01 -1.3183181346e-01 -1.7462376532e-01 -1.0948249641e-02 9.9360523847e-02
1.0276167212e-01 1.4421258245e-01 1.5444776976e-01 -5.1350793985e-01 -4.1973209413e-02 -1.8520731123e-02 3.3750405254e-01 -5.1383507029e-02 9.3800299959e-02 -6.4098506520e-02 9.4120979745e-02 4.8264940822e-02 9.5837213151e-03 -8.5396776511e-02 1.2170716744e-01 1.9761884390e-01 -1.1431960240e-01 -4.6874020339e-03 1.6065714388e-01 -1.2696110449e-01 9.6720579529e-02 -3.5212665796e-01 1.6005161328e-01 -6.2378733816e-02 -1.2817489282e-01 2.8921213700e-01 7.2308200238e-02 -5.4509096926e-02 1.8166965077e-01 2.8397145070e-01 2.9745947078e-02 3.4002737815e-01
-8.3072491293e-02 2.5861453225e-01 -4.9162579591e-02 -1.7329157840e-01 -2.5456420275e-01 1.4560567330e-01 1.8302922256e-03 -3.9782830610e-02 2.0328340828e-01 -4.8679944462e-02 2.9798489913e-01 1.3934359072e-01 2.5002372526e-01 2.8869214533e-01 2.3830346714e-01 1.8051903319e-01 1.5286455990e-01 7.2210932173e-03 -9.0330636627e-04 2.6143330116e-01 -6.3636074931e-02 1.0448415749e-01 -2.1685683661e-01 5.7375299540e-02 -2.8382594416e-01 -1.3708852936e-01 1.9254552163e-02 -1.2075186981e-01 -1.9581357503e-02 -4.6527006879e-02 3.6275850413e-02 -3.2754411540e-03
-2.7765761888e-01 -6.5496933693e-02 -2.4106794994e-01 -1.7969680858e-01 1.4960347797e-01 -3.1839834237e-01 -1.3509317345e-01 7.1848887043e-02 1.4652797008e-01 -6.9734163886e-02 1.1098611499e-01 -2.0459786846e-01 1.2544078238e-01 -2.5433377953e-01 7.8650660492e-02 -3.0549319119e-02 2.1076723755e-02 -1.0691062924e-01 4.6841687741e-02 -9.1708252356e-02 -8.0824310383e-02 -1.0504850580e-01 -3.2322044705e-01 -9.3729738270e-02 5.2629553755e-02 1.3948430043e-01 2.3974114467e-01 2.7344622898e-01 -3.3754078250e-02 7.8279886673e-02 -1.9049624931e-01 -6.7922943117e-02
1.6327359320e-01 -5.8778011347e-02 -2.0562371315e-01 -2.6364083469e-01 5.3057101261e-02 -5.8351102770e-02 -1.5414764234e-01 -5.0113135669e-02 7.1133811068e-03 -1.8525111290e-02 1.1620425936e-01 2.5764173680e-01 -3.2169932368e-02 1.2337125232e-01 2.3343009909e-01 1.8551462637e-01 4.6899332733e-02 1.4327723602e-01 -1.0532349896e-01 2.3454132025e-01 6.1605001935e-03 2.2092685346e-01 1.6835110496e-01 1.2444898925e-01 1.8510387664e-01 -2.9537111886e-01 9.1844046251e-02 5.6690036018e-02 -5.9652799100e-01 1.1297886633e-02 -2.9256837508e-02 1.6491665971e-01
-2.1469299977e-01 -1.3269899155e-01 1.1687005993e-01 2.5166505323e-01 4.9498766137e-01 2.2585187083e-01 -8.2132594334e-02 4.7683485179e-02 9.0046479436e-02 -3.5163670607e-01 3.1669289701e-01 1.2743322577e-01 2.1516378389e-01 -3.8360145390e-01 5.6723039285e-02 4.7420503898e-02 2.6144578377e-01 1.5625049626e-01 -1.1738673059e-01 -1.5032353948e-01 -3.9785766965e-02 -9.9404217999e-02 -1.4847059278e-01 2.2484542440e-01 2.2123400051e-02 -1.5701753695e-02 1.7239418639e-01 -4.3722961367e-02 2.9125475214e-02 2.2876208027e-01 -1.5857944762e-02 -6.9885625037e-02
-4.3042852332e-03 7.7779700251e-02 8.8644766485e-02 -6.5107797237e-02 -5.7720577988e-02 -1.1827435286e-02 2.5413924736e-02 -3.2749063554e-02 6.1699496605e-02 -3.3146686833e-01 -8.3419649222e-03 1.1445375272e-01 -1.1142667566e-01 -2.0270816064e-01 7.6291145762e-02 1.8873111966e-01 -9.0966054121e-03 -2.6872687918e-01 -1.9636548242e-01 3.9651966224e-01 -3.4260968155e-02 1.6622070674e-02 -3.8915764572e-02 -1.0210147118e-01 2.0756956307e-01 -1.2938857325e-01 2.5861668150e-02 -1.4787818252e-01 -2.3814633249e-03 7.0788746341e-02 -1.1028743629e-02 2.2189099905e-01
1.6576505691e-01 -1.3391514995e-02 -3.3598406180e-02 5.3515080796e-03 1.1397204816e-01 -3.7339360647e-03 -2.1512871082e-02 3.5396172896e-02 -1.7771793467e-01 1.5144969540e-01 -1.2405782285e-02 1.9578422287e-01 -2.7151079013e-02 -3.9099951838e-03 1.7134425371e-01 -8.4525853103e-02 4.6270049541e-04 4.1287058623e-01 1.0107366893e-01 -1.9053140222e-01 2.0644590524e-01 2.4069154171e-01 -4.0048798880e-02 -2.4811915714e-01 -1.0721011328e-01 -1.8503834888e-01 3.4790313646e-01 -2.9378705126e-02 -9.8181312607e-02 -3.3207654653e-01 7.1772890524e-02 -1.8385846943e-01
2.4865813322e-01 -4.2195051024e-01 6.2409170153e-02 -5.2987610753e-02 8.0460584326e-02 1.5765028325e-01 -1.3226718771e-01 -1.7050898924e-02 1.3299253102e-01 3.0855647218e-01 -5.4081479249e-02 8.3077174913e-02 3.1082438008e-01 1.5595693686e-01 3.2510935572e-02 6.7230532822e-04 6.0614270422e-02 2.1171406760e-02 2.7421603148e-01 -1.2766478762e-01 3.6182731029e-02 -7.7547862913e-03 2.3769366106e-02 1.5882846319e-01 -2.3251424223e-01 -2.3779232555e-01 -8.8852968958e-02 -2.2670377611e-01 2.4644360818e-01 7.3063565020e-02 4.0402049038e-02 -1.7492538382e-01
-3.5899890046e-01 -1.3225764764e-01 1.0094845942e-01 -1.1565093542e-01 -2.9982070591e-01 -1.2007468768e-01 2.1386646119e-02 -1.4214976530e-02 2.2671228504e-01 -3.6058703271e-01 2.4102164635e-01 -1.9102974011e-01 1.4328867151e-01 2.3795467118e-02 1.6659227866e-01 -6.2254619951e-02 7.5623239438e-02 -9.5312881997e-02 -3.3715500296e-02 3.3157138168e-01 -3.7827794390e-01 1.1771948031e-01 3.4334229419e-02 1.0887673797e-01 1.5490337087e-01 -5.5699302773e-02 2.6776036421e-01 -2.0291039913e-01 -8.3440913284e-02 2.1193562522e-02 8.7525929282e-03 -2.6397248277e-01
-2.5346413207e-01 -9.3141522706e-02 -1.1380461850e-01 6.9872287539e-02 1.4126223935e-01 2.5589495572e-02 2.7322374791e-01 3.9820771094e-01 -4.2546075081e-02 1.4172355413e-01 6.2864987700e-02 1.3085025473e-01 -1.5182910001e-01 -1.0446698277e-01 1.8615938690e-02 -1.9337155200e-02 2.1461871580e-01 -4.0828400091e-01 -7.1613665976e-02 -1.0515206599e-01 7.8533736033e-02 -2.5892917809e-01 9.5747811528e-02 1.5631392697e-01 -1.5309451404e-02 3.9043709823e-01 7.1100675345e-02 5.9496351515e-03 -1.9328173899e-01 1.5329136923e-02 1.7629805162e-01 1.0194425011e-01
8.1539747680e-02 -6.6577001144e-02 -2.3631336235e-02 7.7622946271e-02 -3.0257628611e-01 1.6425947464e-01 2.7301279673e-01 -3.0282136942e-01 -3.7351331419e-01 4.2173801148e-01 -3.7027368918e-02 6.3421464291e-02 -1.2411465929e-01 -4.1349431466e-02 -7.1080507076e-03 4.6880110385e-02 -1.5242409332e-01 1.3327303244e-01 -1.5781999566e-01 -4.8148562374e-02 1.3438440809e-01 4.8517667428e-02 -4.2904802080e-02 -6.1850538912e-02 -1.5750874594e-01 -2.2404462563e-01 -8.2735304216e-02 8.2236587162e-04 5.0925481165e-03 -3.6377617399e-01 -2.7357987046e-01 2.5216487212e-01
1.1830058416e-01 -1.2775022702e-01 -1.2049259737e-01 1.0170962158e-01 -1.4997747623e-01 -1.1007922146e-01 2.4511365809e-02 -2.8009773791e-01 6.7132876294e-02 -3.0831079748e-04 -3.5610076693e-01 -1.7657336800e-01 2.8568708944e-01 -2.5752484149e-01 -4.5934476118e-03 3.9654574066e-01 -1.7652500781e-01 -2.7513736648e-01 -1.3274489441e-01 1.5740847946e-02 -3.3679360284e-02 1.5508379646e-01 -5.9926053086e-02 3.6485196712e-01 7.9933646196e-02 9.1816053381e-02 2.0028193107e-01 4.6437860895e-01 -5.3000434510e-01 -2.4480409991e-02 1.0260212024e-02 -1.9373026934e-01
1.5254563566e-01 2.7451616204e-01 2.2231961004e-01 1.0309224088e-01 3.1291464451e-01 7.9454734917e-02 -5.2875691208e-02 2.0715093085e-01 -2.3173218795e-01 -9.2790591409e-02 -3.3611903706e-01 -1.1928320560e-01 -1.1605724871e-01 6.0633216196e-02 -1.1203229362e-01 -3.5758718295e-01 1.1960080935e-01 -7.3362036199e-02 -2.6112312364e-01 2.1272246956e-01 1.5742378425e-01 -1.8129114771e-01 4.3331107723e-02 3.2328024325e-01 -3.5246932977e-02 -8.1759224637e-02 -2.0608093204e-01 1.5593883302e-01 -5.3788820205e-02 -2.0246015703e-01 1.4172726025e-01 1.0089761574e-01
-1.6488019576e-01 -9.2012763439e-03 -3.0515181661e-01 -1.0624521221e-01 1.1093323638e-01 9.3534883180e-02 2.7676947342e-02 -9.2489499276e-02 1.2106978982e-01 1.6795543754e-01 -5.2510933494e-02 1.3727824755e-03 1.3106338052e-01 -1.9571485136e-01 7.0243676703e-02 -4.5500830987e-02 -2.3924082517e-01 -1.4489107399e-01 -2.3850235734e-02 -1.6200582084e-01 -1.8524155639e-01 1.3222973787e-02 -3.1172440385e-01 1.2465139341e-01 -7.5029967688e-02 1.4588713851e-01 -2.4666242076e-01 3.5577905264e-01 -9.4306531970e-02 5.8912086201e-02 -4.2020441049e-02 2.9155620670e-01
-1.8618537906e-01 -8.5827729333e-02 -1.1050170627e-01 1.4560651512e-01 -3.3910384153e-02 -3.0968597481e-03 1.0867608986e-01 6.9889675075e-02 8.7866812132e-02 -1.3813694454e-02 2.4086100210e-01 -1.5525744496e-01 -7.7108846446e-02 7.9435476747e-02 -2.3090417766e-01 1.0753142475e-01 -5.5345165039e-02 -5.5932610621e-02 4.9491136004e-02 9.7721022374e-02 -8.8930532187e-02 2.5589565312e-01 -1.6183411862e-01 7.6032201862e-02 -5.6359322446e-02 -1.2477501589e-01 -1.1285019178e-01 -1.9058591235e-01 1.0935813773e-02 4.3064493733e-02 -1.7718090052e-01 4.7897085339e-01
4.4519156666e-01 -1.0988243722e-02 9.4192694852e-02 3.1634450655e-02 5.7837503603e-02 1.8939947585e-02 -5.0193930800e-03 9.0266487963e-02 -1.7838519609e-01 -3.7400451415e-01 -1.7233294689e-02 3.2048038698e-01 4.0587309343e-02 -1.2446077170e-01 -3.1481774414e-02 1.3264719011e-01 -2.2083478171e-01 1.5846826926e-02 2.0043565663e-01 -3.1116106842e-01 -2.2795454981e-02 3.8768400809e-02 7.5306117704e-02 1.2216461409e-01 1.3220578225e-01 -4.7098038609e-02 1.1275043988e-01 -7.8548165028e-02 1.4053731046e-01 2.3854970942e-01 -2.2765021645e-01 8.4406587639e-02
-1.1119175344e-01 2.2539117420e-02 -8.6975389478e-02 2.7102210712e-02 7.2526439282e-02 -2.1286538502e-01 3.1321055527e-01 -8.8590007622e-02 1.0222032200e-01 4.3330842848e-02 -2.0407030985e-01 9.7583936835e-02 2.6443522532e-02 1.2910840239e-01 1.7442875820e-02 2.0743121508e-01 -4.0803916288e-02 -1.2162790906e-01 4.0498421591e-01 7.3419993072e-02 -3.9854318411e-02 3.2918830237e-01 3.4077005800e-01 -2.0689050360e-02 2.4577283042e-01 1.9484581599e-01 -1.0208074980e-01 -2.9428886709e-01 3.7937114762e-01 -1.7775325339e-01 -8.8141731279e-02 -2.6718616189e-01
-4.3122387359e-02 8.4105787073e-02 -1.2593294760e-01 2.8346439359e-01 -3.1094107464e-02 2.5065586987e-01 9.7274543859e-02 2.2429894285e-01 8.2601213554e-02 3.6148940308e-01 1.6279179553e-01 4.6144192341e-02 -7.3379878614e-03 6.2452321664e-02 2.5429103208e-01 6.3957698022e-02 -2.6577121681e-01 1.2125498564e-01 7.3761965135e-03 4.1505743957e-02 1.4337865801e-01 1.4581413094e-01 -8.9278159128e-02 9.6422278892e-02 -2.7960507531e-01 1.2207231672e-01 -8.5861270116e-02 -7.7080086388e-02 -1.9226365250e-02 3.3541693920e-01 1.7115372543e-02 2.4585807870e-01
2.2100602660e-01 -4.2474120789e-04 -3.0848261080e-01 1.4871688948e-01 -2.0928188251e-01 4.5575001789e-02 -1.2887882882e-01 4.2475043383e-01 4.0702733714e-02 -3.2225030606e-02 -2.6718120540e-01 1.5808798766e-01 4.4761111323e-02 2.5713212142e-01 -1.3673483562e-02 -2.9799040049e-01 -1.3203915109e-01 -2.0627026445e-02 -1.1988521725e-01 -8.4016357753e-02 -9.5620697820e-03 1.8859918176e-02 1.0918869705e-01 -1.0979862129e-01 -9.2705984982e-02 -7.3486824455e-02 1.4496347108e-02 2.1723917310e-01 -2.1460177257e-01 -2.1780188677e-01 -7.0367121539e-03 2.3400330580e-01
8.1600099092e-02 -5.3887030512e-02 1.3182283798e-01 6.5371617316e-02 8.8211584319e-03 1.4154540290e-01 -2.9850539764e-01 3.7642161505e-01 3.2991267751e-01 -2.0600054940e-01 -9.6968046552e-03 1.3583854488e-01 -3.8037115473e-01 -2.2610820118e-01 3.2167658656e-01 -1.8508760386e-01 -5.9244955085e-02 -1.8848602890e-02 1.7664772089e-01 -1.0326522915e-01 1.0332563161e-01 8.1496820046e-02 -4.3004674593e-03 -6.4345576481e-02 8.1062721912e-02 -1.4547249875e-01 2.8752552747e-01 1.6374620217e-01 2.3249477215e-01 -9.7369076678e-02 3.6807336371e-01 -6.2347155188e-02
1.7902329512e-01 5.9572803359e-02 -2.7063816435e-01 2.5132263944e-01 1.9571266457e-01 1.4876895795e-01 3.5722675540e-02 1.7868166824e-01 2.6303851585e-01 -3.9194646072e-01 -3.9662715071e-01 -8.9683782283e-02 -1.8918976442e-01 -2.8470110943e-01 1.4247817217e-01 2.4912447076e-01 2.2369541356e-01 2.2463048895e-01 -1.5619803772e-01 -1.8750165699e-01 -1.4787801451e-01 -1.2674918122e-02 -1.8708026036e-02 -6.5378842641e-02 -1.5997169626e-01 1.9740539736e-01 -1.9628068589e-01 -2.0107460834e-01 -6.2241629674e-02 1.2064684717e-01 1.5504120292e-01 -2.0245405948e-01
