-7.6930656425e-01
-1.4077392331e+00
-1.1719120191e+00
2.7030279651e-01
1.9534043962e-01
1.7225521208e+00
-1.7055146887e-01
-3.0136873563e-01
3.4038680329e-01
-1.8661063424e+00
1.2302457718e+00
1.0532462071e+00
4.6553375201e-01
1.1114671251e+00
5.3481908509e-01
-1.7880026123e-01
3.2111082738e-01
-1.7767389256e+00
6.6783663029e-01
-2.8071533997e-01
-7.3344687530e-01
1.1544977103e+00
-1.9468474306e-01
1.4310919484e+00
-1.1702917794e+00
-5.4929568799e-01
3.1442329391e-01
2.6395844267e-01
5.0928112908e-01
-1.2257787402e+00
1.4269130749e+00
-1.3182811625e+00
