7.8181258675e-02 -2.0599335587e-01 -4.5561565852e-01 -4.4364309605e-02 -4.0339413591e-01 2.1440383192e-03 -4.1921251764e-02 3.2739135116e-01 2.4305092390e-01 7.2728525358e-02 -2.7053320472e-01 -1.6940528173e-01 -7.3364491530e-02 2.1614100858e-01 -7.0143291570e-01 3.2386002388e-01 -3.5247680758e-01 6.6859329318e-02 1.0693250956e-01 2.5875352205e-01 -5.5203481559e-02 1.5986418829e-01 4.4153614165e-02 -8.2446867898e-02
2.3216722539e-01 -2.4400713815e-01 -1.8380760690e-01 -1.3815682742e-01 -3.5325633567e-02 -3.8524629300e-02 6.7330477570e-02 8.2327399642e-02 1.3551553899e-01 1.7810973726e-01 1.6068443614e-01 1.7478579382e-02 1.2538986304e-01 3.9239531350e-02 5.3950811375e-02 -1.8745454744e-02 -1.0833710839e-01 1.8322959843e-01 -1.2551108218e-01 -1.4353164589e-01 2.2608040651e-01 2.5522478621e-02 -1.1901945974e-01 -1.7317984015e-02
-4.5188991948e-01 -5.8103982818e-02 4.4704744927e-02 1.6153846803e-01 1.7439512529e-01 -1.0021518608e-01 2.3435985028e-01 5.7666502213e-02 -1.6989838246e-01 1.9366420293e-01 -9.1792745484e-02 1.4199460507e-01 2.9656607023e-01 6.5949507549e-02 -1.6339197295e-02 -1.2457420259e-01 -3.7874574849e-01 -3.1023173526e-03 -2.2622622655e-01 -1.6646079216e-01 -2.8212144193e-02 5.2039047806e-02 -9.8298046378e-02 4.3435084702e-02
1.5813902694e-01 1.2428818502e-01 1.2633437187e-02 2.0193281935e-01 9.9316423888e-02 5.7112596502e-02 7.5712650825e-02 -2.7022304378e-01 2.1670477999e-01 2.8860636103e-01 3.0492005584e-01 2.6240056541e-02 -1.3115307235e-01 -3.5197149143e-01 2.1201900711e-01 1.1353082130e-01 -2.9851554402e-01 -2.5753196776e-01 5.9194631095e-02 -2.7682162180e-01 2.8107670674e-02 -1.5698958996e-01 6.3318568107e-02 -2.9537480382e-01
-1.0207762764e-01 2.1539657050e-01 -3.2873905421e-01 -2.1911791261e-01 -2.4972367367e-01 -4.2564015920e-01 3.7601844760e-01 2.2985577553e-02 -4.3455576175e-02 -4.2261355608e-01 1.0167861986e-01 -1.0532286005e-01 -2.9495592826e-01 6.1125804069e-02 -3.3148313205e-01 6.4593468314e-02 -1.0696401238e-01 -2.3716534082e-02 -2.8457726740e-01 3.8729947119e-02 1.7955176547e-01 1.4478119163e-02 -2.5342460988e-01 -6.8718419639e-02
-6.8491364468e-02 -1.8004230125e-01 -7.1119471511e-02 1.8211630750e-01 -4.1715054369e-01 1.4185410370e-01 -1.8941101967e-01 -2.2128349352e-01 -2.5871038126e-01 -1.2952473427e-01 2.4642034753e-01 4.4610302305e-01 -7.6840431182e-02 -6.8079163128e-02 -3.7509740107e-02 -4.5468562747e-02 -3.4902117770e-02 9.2934838330e-02 -1.0276871536e-01 -1.1941828882e-01 -8.4021787584e-02 4.4173339834e-01 1.7041628160e-01 5.7346966888e-02
-1.3828010253e-02 1.6826318882e-01 -7.1836771490e-02 -9.2162546607e-02 1.5346540453e-01 1.9421553028e-01 -7.8024283906e-02 -9.9444764486e-02 1.1724455700e-01 2.2963010511e-01 -7.8509691935e-02 -1.3255860489e-02 4.9415056434e-02 6.2924418961e-02 -1.7729350737e-02 2.0863615070e-01 -2.1706864951e-01 8.0942687740e-02 -2.5118282531e-01 -3.2452154903e-01 -1.7095809163e-01 -3.4033891051e-01 -4.9500630541e-02 2.6907791881e-01
3.6896353070e-02 -2.1299007930e-02 -1.1672748236e-01 2.0950271031e-01 -2.8630941954e-01 -1.6037577359e-01 5.6144030418e-02 -1.4372598427e-02 9.1099945052e-02 3.8461561684e-01 6.5545180731e-02 -4.0192749517e-01 1.7403282302e-01 1.0514246059e-01 -1.4684934445e-01 9.6640578069e-02 -1.9172474003e-01 2.1665186950e-02 1.9800687712e-01 6.2028828647e-01 1.1387458015e-01 8.4094537638e-02 1.8896220124e-01 -8.8751362559e-02
9.9466821514e-02 -2.0087399689e-02 -8.4440954445e-02 -4.4024471817e-01 3.6363983731e-01 -2.1723378728e-01 2.3200823330e-01 -8.8734526359e-02 -1.6245338519e-01 4.9014244431e-01 2.5727367549e-01 -4.2246800604e-02 -1.0407847767e-01 2.9595874228e-01 -1.1252979378e-01 -1.0786744508e-01 9.4840003244e-02 -1.4556109489e-01 -2.3047357869e-01 -7.9288978596e-02 2.2261075545e-01 3.3454663522e-02 -1.2309105462e-01 -8.6085710257e-02
-1.6586582212e-01 -2.7777691615e-02 -1.6287114218e-01 5.0521571631e-02 -1.6065247696e-02 -1.3697057643e-01 -1.5206198022e-01 -1.5509754231e-01 -1.2406967550e-01 1.8672125670e-02 -5.7486857088e-01 -1.6306191522e-01 2.0206382675e-01 9.5629842183e-02 1.7378550469e-01 -9.6174531633e-02 2.1295970698e-01 1.0522951335e-01 7.6632036258e-02 -1.1630687641e-02 5.6049805649e-02 4.4610208455e-02 -1.5159098979e-01 -1.7835940107e-01
1.2192981096e-02 -3.5770537230e-01 -2.7019529639e-02 1.2136526505e-01 -2.1120733745e-01 -8.3244370609e-02 -4.2685151477e-01 3.2719119367e-01 1.4854711883e-01 6.5099616813e-02 3.9718574417e-01 -1.0265075618e-01 -2.6082784838e-02 -1.0503330734e-01 2.8401922070e-01 4.1609845285e-02 -4.2279741731e-01 -1.9630077240e-01 1.3077371866e-01 -2.6568097031e-01 -1.9895136687e-02 5.2873686976e-02 -2.9064965099e-01 2.6273878539e-02
1.6272596449e-01 3.5606420938e-02 6.0183733803e-02 -3.4241102312e-01 1.3075596474e-02 1.8937168457e-02 2.6973318469e-01 2.5946451433e-01 9.0819770475e-02 4.9756749382e-03 3.0839474056e-01 -1.2207794065e-01 -3.8277075149e-02 -2.0217680350e-01 -2.3085504138e-02 -1.0834494758e-01 -2.7068554014e-01 1.9678067612e-02 -2.0052605620e-02 9.2889658987e-02 -4.1877097778e-02 -1.2960602721e-01 2.4870158305e-01 -2.1937572702e-01
-7.4261627404e-02 8.6324979744e-02 -3.2501923700e-01 -5.0666247584e-02 -2.2276449868e-02 -3.6167921568e-02 -3.6061855808e-01 -2.4923002693e-01 4.7567938555e-01 -7.5618312704e-02 8.2096124923e-02 2.1659803990e-01 -8.7847939507e-02 -3.3146233721e-02 -1.5925388195e-01 1.8246091687e-01 4.8175591248e-02 -1.1952219263e-01 -1.6327646037e-01 1.3949634120e-01 1.0320399971e-01 -2.0410799666e-01 -2.4194510582e-01 4.1773987706e-01
1.6987406508e-01 1.3279072434e-01 -4.1725360146e-01 2.7414716691e-01 1.0032529063e-02 6.8549290165e-03 1.8474580043e-01 4.9340337885e-02 -3.3087380072e-02 1.3184317446e-01 -2.2385790009e-01 -8.6969815717e-02 -3.2339871256e-01 -3.4549094950e-02 -1.2786724237e-01 -2.9305429703e-01 2.1773587021e-02 -1.2856279019e-01 -5.2231463415e-02 -8.6494327627e-02 4.2722027257e-01 -2.3952757667e-01 -2.1016316300e-01 -4.9854356427e-02
-2.5859703081e-01 -3.1392818721e-01 1.3613719267e-01 7.6857189865e-02 2.1461449475e-01 -2.6125399698e-01 2.5399344338e-01 -2.0664356979e-01 8.3053267777e-03 5.6015524866e-01 -2.6417664656e-01 -1.7057225774e-01 -2.1076838222e-01 -2.6364220374e-01 4.2185591467e-01 2.7821666537e-01 -3.5973182525e-02 2.5632818979e-01 -2.2895814254e-01 -3.7808494543e-03 -3.1445941535e-01 -4.7729367644e-01 1.2329568030e-01 -5.1181552759e-01
-5.2208608064e-02 -4.9237161075e-03 2.1030319612e-02 -1.3584434366e-02 -1.0106272521e-01 -2.2810165845e-01 -1.6721915242e-01 -1.8277504954e-02 5.2429260424e-02 -2.4634021746e-01 -1.7002366597e-01 -5.8492193129e-02 -3.1657053982e-02 2.6015556817e-01 -2.9666504044e-01 5.2387558408e-02 5.1351243230e-01 1.1135844103e-01 -1.1079463801e-01 7.3859703656e-03 2.1803214361e-02 4.6119909815e-02 9.1705669030e-02 -6.7987451851e-02
2.7299607033e-02 -2.9013550803e-01 3.1812290253e-01 -2.2292378019e-01 -3.2171532055e-01 1.7366360900e-01 2.2337978285e-01 -2.8286178810e-01 6.4469996217e-02 -2.6175572958e-01 2.6926736124e-01 -2.2164331224e-01 -1.4926059496e-01 -9.5461761897e-02 -2.5689827339e-01 1.3036302862e-01 -1.0076450799e-01 4.9427703696e-02 -2.2058975771e-01 2.3440643075e-02 3.3276612584e-01 -9.1742900304e-03 4.8968080267e-02 5.5654859219e-02
-1.4056906114e-01 -2.1907507236e-01 9.0197701311e-02 1.3239576889e-02 2.1795235954e-01 3.6717671714e-02 -2.2913861371e-01 2.9408427780e-01 -1.6199582140e-01 -5.6747347025e-02 -5.1705591140e-01 3.0230885301e-01 3.3672515935e-01 -5.6442269994e-02 1.4395304219e-01 5.2270799961e-02 1.6266163577e-01 -2.3634601176e-01 7.2158457757e-02 -9.4739756454e-02 6.2125618033e-02 -4.0701112058e-02 -1.3156798407e-01 8.2538499875e-03
-2.5651390529e-02 -1.1368194492e-01 -7.0543599515e-02 -1.9547465105e-01 7.0985300775e-02 1.7473037265e-01 -1.0234082312e-01 -3.4834201159e-01 1.1059445709e-01 -1.4326914223e-02 -3.1207268090e-01 9.4388287690e-02 -1.7243057445e-01 7.8808876053e-02 -1.0410996777e-01 1.2072041468e-01 2.4839602218e-01 -1.5884482556e-01 1.3473302025e-01 -1.7086927577e-01 1.6052914175e-01 -2.2301545207e-01 9.0597093890e-02 9.9185086113e-02
4.3586177075e-02 -1.3165822182e-01 2.4083964484e-01 3.4470009572e-01 9.8799086588e-02 -2.6363975616e-02 -1.6218926280e-01 2.3229232091e-02 -1.6341474364e-01 -1.8223784863e-01 1.0839668426e-01 1.8881637493e-01 9.6353340410e-02 -3.0104585743e-01 -3.3439001638e-01 -1.7832865737e-01 -1.3006141183e-01 7.1601858163e-02 2.0700278729e-01 9.5146570653e-02 -1.4656585675e-01 -1.6210145864e-01 -4.9706239219e-02 2.2176093136e-01
2.5032448186e-01 7.4458000724e-03 -2.3029033792e-01 -5.2672157614e-02 -3.0094845715e-01 3.1789454688e-01 -8.5240919409e-02 -1.3312651219e-01 1.6005899692e-02 3.5278046940e-01 3.8531503992e-02 4.2538464987e-01 2.0412582485e-01 -1.4865303299e-01 -1.9111788623e-01 1.8241899681e-01 1.5034737455e-01 -1.1280034682e-01 -1.9027674119e-01 3.7657166052e-02 -1.5664412307e-01 1.6576587982e-02 3.6732536254e-02 6.4895681654e-02
4.8560673654e-02 -1.8001630985e-01 1.8230374894e-01 -2.2362521207e-01 1.6317544814e-01 2.1399034690e-01 5.0663283033e-01 2.4891470916e-01 8.6742188805e-02 1.5052880050e-01 -3.6862736600e-01 1.1919614739e-01 2.1035046510e-02 6.6545703432e-02 -6.4838115159e-02 -1.4150452597e-02 -1.0791979723e-01 1.3830377322e-03 -7.1065242932e-02 -1.5398031113e-01 1.1680178613e-01 -9.1472644116e-04 1.0118293458e-01 -1.1431541344e-01
-2.3249859149e-01 9.2138646099e-03 -1.8501170101e-01 -3.2337734312e-02 3.0639004590e-01 2.3305552580e-01 4.1390835833e-01 3.0218469345e-01 1.7470492492e-01 -6.6641453813e-03 -8.4952388094e-02 -8.2316385143e-04 -3.9982821578e-01 -2.8638759711e-02 2.4721670692e-02 3.0735909382e-02 2.2425967856e-01 9.8269898677e-02 1.3897846213e-01 -3.6418127408e-01 -9.9805311877e-03 9.7408221543e-02 -3.1484967992e-02 1.2463241064e-02
9.6496249250e-02 3.6969555759e-02 8.1233054414e-03 -2.4824393152e-01 -2.9429008214e-01 9.8752794416e-02 1.5689116626e-01 8.6459023767e-02 -2.2893296543e-01 1.6153765272e-01 -2.3480396300e-01 7.7118781727e-02 -1.5069128420e-01 -2.0089777152e-01 3.7405898557e-01 1.3795383063e-02 -7.9049815162e-02 -4.9444066704e-01 1.0362840956e-01 1.4469718602e-01 5.2257889216e-01 1.8001482652e-01 -3.5082503399e-01 -1.0532480720e-01
