1.0845909414e+00
1.3188317616e+00
-1.5586238218e+00
6.3037000950e-01
8.7860911714e-01
4.2905305342e-01
2.6552761444e-01
1.9085166884e+00
5.3380485858e-01
-2.4291621883e-01
-3.9433894307e-01
-4.9689238259e-01
9.8970099690e-01
8.6047370374e-01
-2.3640421615e-02
1.1455166841e+00
6.3434784204e-02
-2.0651108490e-01
-9.1530279373e-01
4.0265178276e-02
-8.5666382526e-01
7.7294190119e-02
1.9778557655e+00
-5.2282576350e-01
1.6583808869e+00
-6.6691369112e-01
-1.9082140934e-02
5.5694086505e-01
-1.7775647497e+00
-6.6736517240e-01
6.0531855881e-01
-4.5183895915e-01
