-1.6833574324e+00
-1.2746591155e-01
8.3348965041e-02
1.0389556835e-01
1.1984954504e-01
3.0978701011e-01
-1.0606933421e+00
-1.7722430989e+00
-2.3104233803e+00
-9.2177348202e-01
-5.4487630575e-01
3.5993805340e-01
1.1128608196e+00
9.8235920565e-01
1.5708304478e-01
1.2267238088e+00
5.9839436899e-01
2.1896967766e+00
4.8657678308e-01
4.1559908204e-01
3.8958173845e-01
-5.8877672176e-01
-3.4139562598e-01
2.6284958145e-02
-1.3252589505e+00
-1.3219344847e-01
2.5939899803e-01
3.6244493235e-01
2.1606011409e-01
-1.8175823402e-01
5.3858300131e-01
-8.7011444392e-02
