1.8073781314e+00
-1.2504996381e+00
4.9795910163e-02
-3.2294591804e-02
-7.3864957759e-02
8.9910184178e-01
5.4827221532e-01
4.2703622168e-01
4.9134062011e-01
-6.4133414554e-01
-1.5321981910e+00
-2.8889123460e-01
8.3467200268e-01
-3.9682047332e-02
2.4635712386e-01
3.9049730249e-01
4.3082534969e-01
-7.1320858735e-04
-7.1481531732e-01
2.0714735541e-02
-1.4982655860e+00
-3.6267951127e-01
-1.2189478295e+00
2.9306025447e-01
-5.1510448151e-01
-1.8736903021e+00
9.9727950191e-01
-1.0131795043e+00
1.2581395343e-01
-7.6788166235e-01
-9.4127026432e-01
-7.2070705701e-01
