2.5562859270e-01
1.4132957302e+00
-8.2134621891e-01
7.5353338254e-01
5.1022082127e-01
7.5251539967e-01
4.5874874376e-01
6.5947810905e-01
5.7649465504e-01
-9.8034947482e-01
-2.0086030865e-01
-1.1254608216e+00
-7.8604008628e-01
-7.2864625266e-01
-1.0755346447e+00
1.2339680815e+00
-2.5469798784e-01
-3.5251769805e-01
6.8613932826e-01
1.8381114935e-01
-3.1484468512e-01
1.3073072643e-01
-2.3197151353e+00
-4.2348305885e-01
9.0249833767e-01
-1.0347700997e+00
-5.7582612382e-01
-1.4933668125e+00
2.8050392934e-01
-7.2019216412e-01
1.3671582596e+00
1.4626460107e+00
-6.0664262816e-01
1.4408928378e-01
-3.4163157532e-01
1.6504762403e-01
1.4566500137e+00
-6.5777370561e-01
-2.3560105072e+00
-3.0471169186e-01
2.8878378089e-01
-7.5413086750e-01
-9.2097266157e-02
-2.0839850383e+00
2.4216664588e+00
-5.6260217339e-01
-1.0728732651e+00
-4.5067161586e-01
4.6682561179e-02
-2.8904352435e-01
-1.8023129344e+00
8.0318277248e-02
-3.2294943557e-01
-4.9637477229e-01
4.7276389642e-01
3.3377760799e-01
-1.1944383582e+00
-1.6771725094e-01
-3.7313294912e-02
-2.7132908696e-01
4.8731326199e-01
1.8910429197e+00
5.1788208297e-01
2.6341383481e-01
1.2380135449e+00
7.9061338126e-01
-1.0460284704e-01
6.3426744239e-01
7.9520593431e-01
-9.1980973093e-01
1.0221290492e+00
2.5873703339e-01
-3.3677425224e-02
2.3978043291e+00
1.6037301440e-01
-3.9252510768e-02
-8.4449981753e-01
-1.0462655893e-02
2.9519599519e-01
-1.3108560254e+00
-2.8679725219e-01
8.2140989583e-02
2.6159936232e-01
3.8946386350e-01
-2.5681561083e-01
8.2295045015e-01
-3.5186954483e-01
1.0862785358e+00
-8.3776084916e-01
-1.6073089170e+00
-3.0948134669e-01
7.1092922912e-01
1.0161964569e-01
-3.8469568276e-01
-1.2661392087e+00
5.4483229246e-01
-2.2653488260e-01
-7.7422470156e-01
5.9109785656e-02
5.6328457487e-02
