1.0902228115e-01 3.8006874715e-02 2.7293206964e-01 -5.7238998252e-02 1.6935132372e-02 2.0748624798e-01 -2.8802059363e-01 3.6979318431e-01 5.7802593852e-02 -4.3598874123e-02 -9.2324098053e-03 1.4027882588e-01 1.3995767911e-01 5.1183195509e-02 6.7741869006e-03 -2.4051578244e-01 -8.2789687564e-02 1.3264478002e-01 1.2570972139e-01 -1.6713405994e-01 -5.1247946711e-02 4.9591551387e-01 -6.4619559849e-02 7.1159745863e-02 9.2579954934e-02 -5.2388234700e-02 2.3821630996e-02 -1.6295147971e-01 1.3659124154e-01 -9.9604655922e-02 -1.1985157179e-01 -1.2037202837e-01
1.3288211831e-01 8.1182252253e-02 1.2661030084e-01 -1.7708926545e-01 1.0754439552e-01 -7.4667580534e-02 1.5747487975e-01 -4.4870132065e-02 -2.0335223746e-01 -5.3777365932e-02 -5.2668765343e-02 -2.0373676735e-02 -1.6786825557e-01 -3.5691870239e-02 1.5426178334e-01 -3.0264519064e-02 -9.1280461138e-02 2.3247356502e-01 -1.0768147748e-01 -7.1925781147e-02 -1.9535644832e-02 1.1306826378e-01 -2.2676114589e-01 4.9484245562e-01 -7.7460181281e-02 2.2843461564e-01 3.6617282195e-01 -1.9897428535e-01 -1.3827675816e-01 -4.8525597907e-02 1.9421938770e-01 -2.4793067293e-01
-1.2299022806e-01 4.5599375262e-02 -2.0528287538e-01 -2.2073775349e-01 2.4430815528e-01 -7.8133953967e-02 1.8445436540e-01 1.7968355929e-01 -1.0381990706e-01 1.9340681716e-01 -8.9196879264e-02 -1.2361684779e-01 2.5886866370e-01 -1.5978598970e-02 1.1594656744e-01 3.9597030879e-02 1.0757908204e-01 -8.2835569940e-02 9.7001977299e-02 -2.9240449750e-01 -3.5866194267e-02 6.7211944410e-02 5.2308534805e-02 -2.1835387881e-01 2.5946418973e-01 -8.3121194237e-02 -3.5123784905e-02 3.1914398884e-01 -7.1795672459e-02 1.5706126893e-01 3.1194792585e-01 3.5223237012e-01
-3.9270888613e-01 2.2538173831e-01 -1.5387397913e-01 1.2584062628e-01 -7.7326755476e-02 1.8448840844e-01 2.3718954298e-02 1.2136226348e-01 1.7736463375e-01 4.1965447376e-02 -1.1955086263e-01 -3.7261272000e-01 2.6762110051e-01 5.6879836566e-02 -4.3452889349e-02 -1.2978622824e-01 6.1282222037e-02 -1.4313320807e-01 -2.8309210068e-02 -3.3926478198e-01 -4.0495057730e-02 -4.9553240721e-01 1.7370842791e-01 3.1953941663e-02 4.3469089656e-02 3.1823466812e-01 4.3763030566e-02 2.0120156639e-01 -1.6050628325e-01 3.1872326286e-01 -3.3124752311e-01 1.3721875374e-01
-6.2834222766e-02 1.3379121160e-01 2.3811132902e-01 1.4483396632e-01 -1.4809423558e-01 3.4835805439e-01 3.7545522233e-02 1.6210003506e-01 3.3356912034e-02 -5.5457060392e-02 2.0195511189e-01 -3.0847779819e-01 1.3602102126e-01 -2.5795942635e-02 -9.6624888215e-04 2.1533062619e-01 -9.4544369690e-02 -8.2491084134e-02 -6.9102440386e-02 3.5897283829e-01 -1.2120577597e-01 1.3477425189e-01 2.0323049350e-01 2.6408536631e-01 8.0775737819e-02 -8.6438492435e-02 2.4098701072e-02 -2.6007535204e-01 1.2791634349e-02 6.0523590420e-03 6.4227003542e-02 -1.2169404798e-01
-8.8797504984e-02 3.4117749313e-02 2.1514621810e-01 -1.0847729065e-01 -2.4242810426e-01 1.6130306713e-01 1.5939955892e-02 3.4696859598e-02 -1.8425953362e-01 -2.7937763859e-01 -3.2963058151e-01 2.8392456978e-02 4.6077521156e-02 2.1267532077e-01 6.3789694066e-02 2.5866985689e-01 8.4981461508e-02 -2.5135798664e-01 1.4014683448e-01 -8.3096144691e-02 6.3535906806e-02 4.3246746253e-02 -2.7941332227e-01 1.9180914145e-02 -2.1039995842e-01 -3.6781276079e-01 -3.5238281332e-02 -1.3250578557e-02 -2.7926555595e-02 8.6639536035e-02 9.2484877360e-02 -1.3200235743e-01
1.4456563328e-01 -1.5916278442e-01 -3.4720228973e-01 -2.1903482473e-01 -1.4593604856e-01 9.9590619539e-02 -1.0407254867e-01 -9.4528767468e-02 3.9903449403e-02 7.1792446665e-02 3.1440967080e-01 -6.0476935900e-02 5.3535783662e-02 -2.4784792672e-02 8.3811572608e-02 1.3844001686e-01 1.2872354543e-01 8.2962960424e-02 3.2645430177e-01 -1.7842592253e-01 2.0006145899e-01 -4.1081412064e-02 -2.1042183434e-01 2.3925896163e-01 -9.5135475213e-02 1.4419111093e-01 -7.8809110641e-02 1.3186173287e-01 -1.1194815487e-01 2.0096278860e-01 8.8848283707e-02 5.0368588467e-02
-2.7070888719e-01 9.0129114015e-02 -1.6539816730e-01 1.3841195741e-01 9.0790432069e-02 2.0731723286e-01 1.6573944837e-01 1.3191473227e-01 -1.9235275450e-01 -6.0937469215e-02 -4.4785209475e-02 2.6310677186e-02 3.3419127961e-02 6.7250494438e-02 5.6071695666e-02 -1.7290056660e-01 2.1610085406e-01 -9.0397791136e-02 6.4575107469e-02 -1.3514598141e-01 2.1950509321e-02 -1.6874033018e-01 -8.9591345450e-02 -1.8953576148e-02 1.0846072022e-01 -8.2049542159e-02 -2.5609335708e-02 2.1316304836e-01 -1.1084378511e-01 1.7546579415e-01 3.7696799606e-01 2.3012203711e-01
9.6039237283e-02 -8.5380825937e-02 -1.3877728663e-01 -1.2049482580e-01 -1.3335478617e-01 -9.5414972194e-02 -1.7421921812e-01 -4.4664010016e-01 1.6461127869e-01 1.2815889101e-01 7.6635597575e-02 -6.3862254976e-02 -6.9884929568e-02 -2.9779180775e-01 -1.5680770422e-01 1.3097462142e-02 -4.5575861012e-02 1.3822017377e-01 6.4995894652e-02 2.4234668933e-01 -4.6252152002e-02 -3.2793969761e-01 1.6703533920e-01 -1.2255520465e-02 -1.6445164978e-01 -1.5219998058e-01 -1.4385927774e-01 5.7015495385e-02 -1.0244212231e-01 1.0935729155e-01 -3.3592044244e-03 3.1251916241e-01
-1.1122018478e-01 4.2505242484e-02 -4.3965620986e-02 6.5388341201e-02 -1.0362390485e-01 -2.2169983790e-01 4.6457791752e-02 -1.4753675808e-01 -3.5117914173e-01 4.6888936893e-02 4.0984252413e-03 -5.2619995638e-02 -2.4265734142e-03 6.6507622598e-02 -2.7427187385e-01 2.8417417936e-01 1.6688324959e-01 -4.1609433208e-01 -1.4562558637e-01 -1.7828900692e-01 -1.3182340488e-01 -1.1310984157e-01 2.6266442425e-02 1.3345834789e-01 -4.9041193469e-03 5.6018419285e-02 6.8119004301e-02 2.1553417503e-01 -1.5323709185e-01 3.7110748730e-01 -3.8074590226e-01 2.6002381105e-02
1.3744601525e-01 -5.8557846275e-03 9.4986605936e-02 1.5734742354e-01 1.6991025971e-01 -2.8967522463e-01 -1.2885586494e-01 3.1991286726e-02 1.4583980274e-01 -1.2925402620e-03 1.2657279374e-01 -2.6096979705e-01 4.2671755885e-02 -7.4805191979e-02 -8.6259814508e-03 -8.8188123893e-03 -1.0040747620e-01 -1.4144194331e-01 -1.6345301665e-01 -1.7032603762e-01 -1.0547744125e-01 -3.4721956219e-01 2.3106713762e-01 -7.3302780092e-02 -9.2146335332e-03 -7.8712535994e-02 -1.5143646659e-01 -5.5825106045e-02 3.3400512248e-02 -1.6951466592e-03 4.1073802838e-02 6.2918228420e-02
-5.6103793268e-02 7.9225338665e-02 -1.7774263742e-01 -2.0598827416e-01 -4.1778857047e-01 -1.0421626072e-01 -2.4417364080e-02 4.8375991670e-02 -5.0462441276e-02 2.0145704408e-02 2.5213742839e-01 2.0776289037e-02 1.4333230823e-01 -1.2364179257e-01 -3.2627157685e-02 3.6161689909e-01 -8.4729727140e-02 -2.5966362323e-01 9.0543734551e-02 7.1061895403e-03 1.5255423839e-01 3.3677738335e-01 -1.0778842010e-01 7.6181185807e-02 2.5992781704e-01 2.6252620117e-01 -1.1847235313e-01 -3.1788111797e-01 2.2297571763e-01 3.1450848357e-02 1.6626535890e-01 1.8900428412e-01
4.4706652794e-02 -1.7429082098e-02 -1.6087116969e-01 -6.5953612895e-02 -2.0253814658e-02 3.2965927230e-01 -1.6415148028e-01 2.3369008982e-01 -6.5956167066e-02 2.1520950913e-01 5.7126135018e-01 1.4374671108e-01 8.7300624454e-02 -2.4482987115e-01 3.6441927063e-01 -3.7279109556e-01 1.2899160371e-02 -3.7688779079e-02 1.0927734740e-01 -2.4672953030e-01 -1.9018373077e-01 6.9878848920e-02 1.5348841594e-01 1.8684791321e-02 -4.8727347087e-01 8.8191617648e-02 -1.6989760928e-01 -8.1232770671e-02 3.1730745258e-02 -1.1555303706e-01 1.2374312137e-01 1.1052767184e-01
3.2275317404e-02 -7.6800057716e-02 -4.3842172199e-02 -6.8336114327e-02 -1.2740383514e-01 -1.3180842049e-01 3.4821199803e-02 -2.9558748770e-01 -1.1445560942e-01 1.9518950455e-02 6.8856380883e-03 -2.9375597620e-01 -4.9122666903e-02 1.5977634804e-01 -2.7431122054e-01 -4.9226278449e-02 1.7049476201e-01 3.7527413266e-01 -1.6364084316e-01 -3.4863743742e-02 -2.2605619459e-01 1.8263696549e-01 1.6544705698e-01 1.5522628739e-01 -2.1080997167e-01 2.7779976940e-01 -2.4243894761e-01 -1.4567124322e-01 -6.3727590448e-02 -1.2830682138e-01 -2.3340629674e-01 1.3686198247e-01
-2.7058808172e-02 -4.9437030204e-02 -1.9029479406e-02 -1.8666066442e-01 1.0741570478e-01 -1.3829424146e-01 -3.9830472751e-03 3.4824321294e-02 1.0596070153e-02 -2.2942714865e-01 -1.5187097459e-01 1.9627767272e-01 -7.8059309310e-02 1.9461810240e-01 2.3736317738e-01 -1.9226286498e-01 -2.7719299977e-01 -9.0328834097e-02 -7.1981703350e-02 8.4294828396e-02 1.4646347777e-01 5.8316345534e-02 -1.7065846210e-01 -1.3343249553e-01 1.3513471548e-01 1.2077589602e-01 -2.2308716298e-01 2.1959651116e-01 1.0754110725e-01 1.0969136547e-01 6.7335382533e-02 -1.3278873327e-02
-2.0541634567e-02 1.4012718731e-01 -2.1553692928e-01 -2.8768762623e-01 -1.8006312877e-01 3.7992612131e-02 -6.1868369592e-03 2.2699583327e-01 1.3158081357e-01 3.6591815378e-01 -4.3695898816e-01 1.0381384797e-02 1.0972943416e-01 1.6826962065e-01 -3.1747807229e-01 1.6847196215e-01 -4.3860209403e-02 1.2729600357e-01 2.1244863299e-01 -2.0646826612e-02 -2.6575774083e-02 1.9006994922e-01 4.1605191348e-02 -4.9229905186e-02 6.9301384167e-03 -2.5325778480e-02 1.6634596860e-01 2.8689659370e-01 -5.7919270642e-02 3.5617887118e-02 8.0832887576e-02 -2.5042926573e-01
-2.3431798993e-01 -8.2796664580e-02 1.5525222302e-01 -3.6189157510e-02 -2.2775879923e-01 -1.5763829060e-01 1.7657897903e-01 1.1886040593e-01 -7.4668811859e-02 2.4190346961e-02 -2.6653411185e-01 2.0454632407e-02 -5.9742049583e-02 4.0229591133e-01 1.1774443785e-01 3.5944413875e-02 -2.2993417485e-02 1.4851379524e-01 2.0685056495e-02 1.8323171621e-01 1.0005738961e-01 2.7340968910e-02 9.5850833194e-02 5.5907686971e-02 -2.3762239937e-01 -9.7715733174e-02 1.4467036450e-01 1.2686497908e-01 -1.4719750461e-01 2.6317721554e-01 -1.1165582453e-01 1.2218174230e-01
-5.4701077628e-02 -8.3000312967e-02 -8.4047750134e-02 -9.9023556558e-02 -9.4666099687e-02 -8.8675409411e-02 3.7436423661e-02 2.0966052236e-01 7.0677584139e-02 -1.4852383113e-01 -1.7969447735e-02 -1.3295650493e-01 -1.0815411779e-01 -6.5732242181e-02 3.4270007319e-02 -2.6003005960e-01 3.1584922832e-02 -2.1435570795e-02 2.0089530592e-01 1.3003936771e-01 2.7186597667e-01 -3.0006080536e-01 1.3306878765e-01 1.0084504586e-01 -6.1204501232e-03 -2.6878015506e-01 -1.6200759090e-01 -2.3323240242e-01 -1.6899164920e-01 -1.2747952511e-01 -2.1063095301e-01 -8.3356085586e-02
4.3808673399e-02 1.4559115095e-01 8.3118508533e-02 1.4484492183e-01 1.4820142394e-02 -1.6872701264e-01 -1.1746289601e-01 6.1092505219e-03 -1.0863317009e-01 1.0134858652e-01 3.0279088441e-02 1.4056963838e-01 -1.1589813154e-01 -3.4268874454e-01 -1.7243038561e-01 -4.3985780102e-01 -5.6227720031e-02 1.5005829219e-01 1.6048669606e-01 -5.0699107830e-01 2.3774803402e-01 -7.8286045453e-02 2.7229872898e-01 2.6030154395e-01 1.6372356566e-01 1.3496614210e-01 -3.3992292568e-01 1.3724707884e-01 -3.4627237692e-02 -3.8015175782e-01 -1.2806586896e-01 -5.4608055031e-03
-5.6962260675e-02 -1.8853269388e-02 2.3715472267e-02 2.2310550193e-02 9.5006787771e-02 -2.3453097843e-01 -2.9685626572e-01 -2.9421162016e-01 1.5778806214e-01 -2.3496136589e-01 4.7815234522e-01 -2.4758567690e-01 2.8799831366e-01 -1.8869716137e-01 2.0417741128e-01 -1.1775304446e-01 -8.3693927966e-02 4.9494771559e-02 5.2516352924e-02 -3.6822110601e-01 -1.7708031058e-01 1.0397487615e-01 -1.2769021518e-01 1.4691366841e-01 5.2829794337e-02 4.5197226474e-02 -1.5193280184e-01 2.8724993426e-02 -3.2012944067e-01 -1.7019262956e-01 1.7493350834e-02 -1.8747202029e-02
-1.1956650171e-02 -9.0181488732e-02 -3.8820805305e-01 -1.6970510275e-01 4.2564177837e-02 -1.3329594987e-01 -2.0092457172e-02 -1.3386910870e-02 1.2950487713e-01 -1.4664154868e-01 9.7555090617e-03 2.3755630965e-01 -2.1185858394e-03 8.2051252573e-02 1.9397376733e-01 -4.0994178672e-02 2.3656864494e-01 -7.6133109984e-02 -2.3305468240e-01 4.5767616054e-02 -1.5174465952e-01 2.7422283390e-02 9.0142145034e-02 2.2102204054e-01 7.2553230182e-02 7.8951900808e-02 3.5884212877e-02 -1.9275045586e-01 -9.7087983313e-03 -7.2023915133e-02 2.4877532994e-02 1.6699415312e-01
9.2760150623e-02 8.0061998126e-02 1.9300992513e-01 -1.7233112705e-01 1.8595551101e-02 1.0781015095e-01 -2.7184202442e-02 -2.0287106505e-01 -3.9076904209e-01 1.6733107564e-01 -1.2509303804e-01 2.8046735441e-01 5.9818692222e-02 1.1501413990e-01 -1.2018786770e-01 6.0502656336e-02 -1.0933319010e-01 8.0860686669e-02 -4.4999124704e-01 -1.5622144573e-01 -3.8414714331e-01 -4.6953393342e-02 -3.1454936776e-01 8.4424796099e-02 -1.1897019910e-02 -4.4011847618e-02 2.3799572504e-01 -9.4290181676e-03 -2.5552411559e-01 -2.4315854712e-01 7.2334920953e-02 2.8055262232e-01
-5.6137070448e-02 2.8669509113e-01 -5.5375953627e-02 2.0929211010e-01 -1.0759061279e-01 1.6329845248e-01 -1.3636552712e-01 -2.4182159714e-01 -8.5562485401e-02 -5.4023790362e-03 2.1789998789e-01 -2.9441663304e-02 -1.3535061108e-01 -3.8959081691e-01 7.8822385299e-02 4.1282232439e-02 -1.1122288111e-01 -6.7736955499e-02 -7.4697482082e-02 4.3943916334e-01 -1.8018751923e-01 9.7206950703e-03 1.3161948466e-01 9.0166525363e-02 3.2603975661e-02 -5.9023032039e-02 1.6293379352e-01 -7.2287684886e-03 3.3432080478e-02 -1.3113144532e-01 1.4971770808e-01 -1.3001751425e-01
2.6696071243e-01 -2.1988238794e-01 2.0983674908e-01 5.1354233613e-02 8.3176139672e-02 -2.3829112281e-02 -1.1145646074e-01 2.0281515154e-01 1.6834849246e-01 -2.1938134159e-01 -1.1785530011e-01 9.7288373379e-02 1.9718361334e-01 2.3460339191e-01 1.8548316494e-01 3.6141671721e-02 -1.6422913299e-01 1.0487491235e-01 -8.4289443184e-02 8.8950577216e-02 -4.2870493083e-01 -1.5426062712e-01 -5.4440172109e-02 9.4271886293e-02 1.0740703520e-01 -1.9866191680e-01 1.2781693717e-01 2.1602418156e-01 1.1399335416e-01 -4.3340317597e-01 1.1154505396e-01 1.5339912637e-01
2.3130335367e-01 -3.9273064123e-01 -1.0180565959e-02 -3.3973975622e-01 4.0433698000e-02 -1.9452494792e-01 -2.9194027854e-02 3.1877894003e-02 3.0887309921e-02 -3.5420408168e-01 -8.7723218075e-02 -6.1526906984e-02 -1.1098301440e-02 -3.6395160983e-01 9.7881377303e-02 -3.3002948107e-01 1.1806234455e-01 2.2382087165e-02 1.0766002086e-02 -9.4561039106e-02 1.4925969838e-02 6.5821035211e-02 -2.7369642843e-02 1.6990800054e-02 -1.2104646090e-02 -5.8148773125e-02 1.4369143953e-01 -2.2128664452e-03 2.6719881025e-01 3.2676807335e-02 4.6795739948e-02 1.7414765632e-01
9.5932847231e-02 2.6240626033e-01 -5.9452223179e-02 -3.4204439183e-02 1.0181106450e-02 -1.0906824341e-01 -2.6241009171e-01 1.6741035079e-01 7.6676818237e-03 -3.8006329361e-01 1.2410980748e-01 4.0700601847e-01 -8.2489956812e-03 1.9324357001e-02 1.0975780493e-01 2.3145874890e-01 1.8450352587e-02 1.4769150245e-01 2.2026426899e-01 -9.2508441161e-02 2.4924587753e-02 2.0801189295e-02 -1.3043052684e-01 -4.9656324602e-01 -1.1377704341e-01 1.7663181905e-01 4.2871152250e-02 -1.5724369666e-01 1.0227162914e-01 1.2968066744e-01 1.4006075182e-01 -2.4537142392e-01
2.5172624808e-01 1.3030254165e-01 -1.3845582393e-01 4.8552358648e-02 1.0879610642e-01 -2.1744823524e-01 5.9357413969e-02 1.6079375768e-01 -2.9561559974e-01 4.6984499153e-01 1.4886859705e-01 -1.5933041461e-01 1.5027395966e-01 -8.3727520224e-02 -2.5641655633e-01 1.1403949873e-01 -1.4208849518e-01 2.4938824863e-01 -1.3776281754e-01 -1.4430522577e-01 1.8449457335e-01 -2.4441981531e-01 6.5171740475e-02 2.0480692831e-01 2.5709523314e-01 7.1379786553e-02 -4.4480508576e-02 -6.0661575800e-03 -1.8510699748e-02 4.1571101218e-02 -1.9156276395e-01 7.6888236164e-02
6.2388103796e-02 -7.4954301810e-02 9.9863790102e-02 -2.7032616659e-01 -1.7835936490e-01 -1.1175301277e-01 2.5981332242e-01 -6.3329784106e-02 -1.3902759325e-01 9.5206903019e-02 3.1626619323e-01 6.8363237581e-02 -6.1461164658e-02 -3.4163655432e-01 -1.5833224027e-01 -5.3078517538e-02 1.6619187928e-01 -1.0043581154e-01 -1.0291584649e-01 -3.5038292937e-01 -7.2280200719e-02 1.5494063124e-02 2.8390338395e-01 -1.5142236183e-01 -2.3726018209e-01 -2.4551222351e-01 -1.8351838423e-01 -3.0399764046e-01 -3.2466115748e-02 1.3134443010e-01 2.0838525428e-01 -4.2883097340e-02
-1.5403069211e-02 -3.5746907967e-02 -2.1003809108e-01 1.6209643251e-01 -1.7602039612e-02 -1.5819022000e-01 1.1468721054e-01 5.5232511141e-04 -1.5497538869e-01 1.5496427601e-01 1.3062791066e-02 -8.3329275022e-02 -1.3520270051e-03 1.0192062273e-01 -8.6483444982e-02 -1.6355075013e-02 -3.2321096771e-01 3.6062305206e-02 -8.1469338088e-02 -1.0268127336e-01 -1.0438401118e-01 -1.0446471039e-01 6.3627348096e-02 -1.1593843250e-01 1.8989409995e-01 -1.0923929689e-01 -6.2394013262e-03 -2.2636791199e-01 -2.1361436351e-01 1.0164340345e-01 6.4608279908e-02 -1.3864621260e-01
-7.6513232969e-02 -2.2540538670e-01 2.4768714185e-01 -2.9896985807e-01 -1.9547512962e-01 -6.0727267421e-02 -1.2424151293e-01 -7.0247321822e-02 -1.1561121901e-01 -2.1325508296e-01 -3.8047157832e-02 -3.6773452980e-01 9.6086077981e-02 -9.5136052965e-02 -9.5291859951e-02 8.8272612022e-02 1.8997956009e-01 -7.8851249536e-02 3.1647885171e-01 -2.8803817681e-02 7.1810276752e-02 1.0383395037e-01 1.0139353475e-01 -2.0084359542e-01 -2.2042233518e-02 -2.0238340999e-01 1.3762608924e-01 1.0881822045e-01 -2.6303317904e-01 3.6117166098e-02 -9.1220808549e-02 1.4362075831e-01
3.4183704181e-02 2.1675286724e-01 -1.2858478057e-01 8.2926242219e-02 8.4753469237e-03 -2.8909784789e-01 2.7028811804e-01 -7.0683519489e-02 5.9799192643e-02 -1.4067381080e-01 2.3709744825e-02 -1.5493066728e-02 9.9938873068e-03 -2.6316876510e-01 7.2442514801e-02 1.7307588408e-02 1.3723372704e-01 1.9913654798e-01 1.2028447096e-01 -1.4074944744e-01 5.4730286235e-02 -2.2952222852e-01 2.3786334671e-01 -1.4261881389e-01 -6.7168989449e-02 -1.9154087603e-01 6.7965313410e-02 -2.9550889010e-01 4.4138116185e-01 -2.8707553369e-01 2.8236536146e-01 5.1746783460e-02
-1.5348287329e-01 -4.1801377611e-01 -6.4891435704e-02 2.8054011908e-02 -2.0658888821e-01 -7.8323870592e-02 -2.0820582206e-01 1.8713376329e-01 1.2520563628e-02 -1.5828705934e-01 1.0439691518e-01 1.1165952824e-01 1.9191108753e-01 -6.0828689759e-03 2.9191678196e-01 3.5176035380e-01 1.7830542506e-01 -9.9072953986e-02 -3.1424642142e-01 9.2641726883e-02 -2.8106498246e-01 -1.8209642597e-01 1.7640657659e-01 2.4607246468e-01 -1.3570013735e-01 6.1607312399e-02 -1.3661937423e-01 4.2110974919e-01 2.1743549805e-01 5.3595530787e-02 9.0769722596e-02 6.7157211591e-02
