2.1460809066e-01 1.5060122071e-01 7.9644712012e-02 -4.8509915648e-02 -2.5711454788e-01 -2.6125461785e-02 -2.2081110080e-01 8.6250342056e-02 -1.8866741336e-02 -1.6539427593e-01 -2.0734814417e-01 -1.5400539030e-01 -1.0967945798e-01 3.7148711351e-02 -1.6356392178e-01 2.3079241664e-01 -3.1425543737e-01 -4.1693801607e-01 1.7873091391e-04 5.2311321346e-01 -1.8941871593e-03 -9.4184515701e-02 -5.8237059568e-02 2.2643441790e-01 -1.4127727352e-01 4.4436746286e-02 1.8154391723e-01 1.4035006229e-01 3.8359875387e-02 1.8676418349e-02 -2.4380867017e-01 4.3427085511e-01
6.5275124675e-02 3.4554333997e-01 -8.2903874115e-03 5.1754447146e-02 -5.8318146514e-02 1.0742948501e-01 -5.5048685870e-02 -1.0126278431e-02 8.8857372596e-02 2.0618439487e-01 -7.1325134249e-02 -3.5482815905e-02 4.2644794629e-01 -4.1605596392e-02 -1.3141158626e-01 2.9693619644e-01 5.8992602212e-02 1.3692604841e-01 -1.5429355155e-01 -1.3684056778e-01 -1.3583982456e-01 4.2173398477e-01 7.9951656251e-02 -8.6656159447e-02 -3.5499906930e-01 1.1565336739e-01 2.7676960436e-01 8.3597496581e-02 9.4649205607e-02 -2.5076854139e-01 3.7369408399e-01 1.6614955398e-01
4.0764975179e-01 -1.2354968833e-01 6.1795667538e-02 6.8871785252e-02 1.4796022775e-01 1.0117985445e-01 2.2247416352e-01 1.3788506106e-01 -1.6113732852e-01 1.9721708773e-01 -8.7288464157e-02 1.1006002490e-01 1.5981673125e-01 1.9816118578e-01 2.2239499994e-01 -2.5004781587e-02 1.8123855877e-01 -5.6996930727e-03 -3.0587731808e-02 -4.8469363138e-02 3.2783361873e-02 2.4188040013e-02 -6.8825370122e-02 -2.0288100989e-01 6.9180353549e-02 6.1754098142e-03 -3.5064147585e-01 3.3500013749e-01 -3.0025556822e-02 -2.3429832026e-01 -1.4928739904e-01 -2.1859812430e-01
-1.5272088508e-01 9.3702928720e-02 8.1581372269e-02 -2.9597546139e-01 -4.6889034007e-03 1.4295236748e-01 3.4682895258e-01 1.9612577860e-01 -1.5392505790e-01 -4.2004731445e-01 1.5663373686e-01 -1.3992678110e-02 -8.6487443307e-02 -3.6301027107e-01 1.6040078079e-03 -8.2456187225e-02 1.0157197865e-02 -1.6164958681e-02 2.7831807531e-02 -2.1152137759e-01 -3.5836717912e-01 -2.7527615519e-01 5.8991130593e-02 2.0821495685e-01 -1.5912859122e-01 3.1726853208e-02 -1.1753120092e-01 7.0057868811e-02 -7.2556350051e-02 3.8981981065e-01 -2.3052898455e-01 -9.3883464561e-02
-5.2430144634e-02 -3.6021104545e-02 -3.3118467938e-01 2.3285117069e-01 1.8855064390e-01 1.2645244062e-01 -1.2708448953e-01 5.8119461080e-03 -1.8170638248e-01 -8.1102270909e-03 -5.9894311879e-02 1.6928579021e-01 -5.2989269457e-02 -1.0390622860e-01 -2.5604124330e-01 -6.1309222243e-02 2.9554733883e-02 -3.3700668555e-03 1.0778326292e-01 5.6503911383e-03 8.9057355542e-02 1.5711321196e-02 -1.4817492181e-01 1.0991669067e-01 2.0516460649e-01 -1.4711571401e-01 -1.1736282805e-01 -1.2107563640e-01 7.6310262384e-02 -1.9235566259e-01 -5.0949156369e-01 -2.7789701500e-01
-2.2157889614e-02 -1.0490158897e-01 -2.4030937227e-02 -1.6872268246e-01 -3.0336827607e-02 3.8588633491e-02 2.9577575617e-02 1.4741711980e-02 -3.5927741149e-02 3.3445815903e-01 2.1298205835e-01 -8.9617629109e-02 -8.7768101936e-02 2.4064917777e-01 2.8598491593e-02 -2.3441209600e-01 3.1396257688e-01 -8.5857210868e-02 -3.0576861789e-01 1.7440229999e-01 -1.2272060677e-01 1.9345398618e-01 1.5508207954e-01 -5.9697248219e-02 2.2949451904e-01 1.0883764597e-01 2.8767432973e-01 7.1793621247e-02 -1.6776865364e-01 -8.3950129968e-02 1.6660635186e-01 -1.0505454251e-01
6.2592467507e-02 8.1378170053e-02 -1.5271657793e-01 -2.6284210637e-01 -2.8312022114e-01 9.0144123516e-02 1.0512529869e-01 -6.3596027733e-03 2.0997300458e-02 -7.7042876483e-02 -1.5792338565e-01 4.3548310779e-02 2.9320573398e-01 -7.4220097563e-03 -3.3635066973e-01 5.8336547109e-02 1.4711395531e-01 -2.5197314847e-01 -2.0960328065e-01 2.0055467969e-02 4.4423755053e-01 7.6585698210e-02 -6.0641625379e-02 -2.6137204725e-01 2.2513085820e-01 2.0339180717e-01 1.2543342105e-01 4.6181410696e-02 1.7979997744e-01 -1.6471032722e-01 -8.0291443131e-02 1.4021800039e-01
-1.0940209441e-01 -7.1585255271e-02 4.1887198102e-01 2.8633163501e-01 7.2234747820e-03 -2.1270132729e-01 -1.3997678978e-01 3.3083544569e-01 4.7192409772e-02 1.1767040780e-01 8.8740382602e-02 -2.8784056895e-02 2.7227215228e-01 1.6368371567e-01 2.8075763885e-01 1.4730094039e-01 -6.5891231435e-02 2.8412629486e-01 8.0578540880e-02 -4.0030405524e-01 1.8538213194e-01 -2.9692881222e-02 -7.5016853548e-02 -1.5785293867e-01 -1.8289260527e-02 3.0142905787e-01 -2.0990713958e-01 -6.5210277382e-02 1.2530010640e-01 1.2780781135e-01 1.1005839618e-02 -8.1766254650e-02
-1.5206954429e-01 6.5533150961e-02 1.0888441196e-01 2.8927712539e-01 1.8123536427e-01 2.7014049140e-01 -2.6874147738e-01 1.8312932975e-01 -1.6288819531e-01 1.0787209393e-01 2.0338935355e-01 2.1425932509e-02 6.3037914995e-02 -1.3436910895e-02 9.3132298004e-02 1.2608173420e-01 -4.1642738839e-02 6.3895263375e-02 -4.2789912619e-02 7.7563412454e-02 7.5613853943e-02 3.5689499339e-02 -3.5373332378e-01 -5.9289295756e-03 8.1050130353e-02 3.4627194191e-02 4.9200364686e-02 1.3502865320e-01 -2.8903215560e-02 2.7538910069e-01 1.7819985096e-01 4.1884686972e-02
-6.0340412700e-02 -6.6473085161e-02 -1.6682410020e-01 8.7741205479e-02 -2.3293623922e-01 -1.2060822239e-01 -1.8979838743e-01 -2.2653534452e-02 4.7238522567e-01 -1.3479333218e-01 3.5164318550e-02 1.5012125981e-01 1.6796167357e-01 2.7021587459e-02 4.5851625651e-02 -1.0057462882e-01 1.0575403016e-01 -7.7688244084e-02 2.1261801251e-01 3.2402978548e-03 7.5343813757e-02 -1.2887849321e-01 -3.3597679726e-01 -3.8604267603e-02 1.3142072358e-01 -1.2976568999e-01 -9.7107948031e-03 -3.9156566819e-01 2.2346604144e-01 -3.3123371842e-01 4.8304359405e-02 2.9718835519e-02
-1.0408850349e-01 1.9633639552e-02 -9.0027985093e-02 -1.9261721810e-01 -1.8053875038e-01 3.2365222913e-01 2.7625294583e-01 -4.1060689379e-01 -1.7956632566e-01 3.2641809253e-01 7.8780218849e-02 3.0175024773e-02 -8.9806783622e-02 -2.9260814651e-02 1.0828449462e-01 7.6397094191e-02 2.1690906461e-01 3.9343012095e-03 -2.0730804873e-01 8.3062515309e-02 2.6737192427e-01 2.4215577411e-02 2.0811216557e-02 2.1276590161e-02 4.8285708363e-02 -5.5550730995e-02 8.2748443880e-02 2.3719815741e-02 4.2711999689e-01 2.0877032981e-01 1.7263160258e-01 -5.8855432255e-02
1.0397269440e-01 2.4048666061e-01 1.5967381486e-02 1.2565752489e-01 4.3715006253e-02 3.3558269892e-01 -5.1453767368e-02 2.6922721715e-01 -1.7556840810e-01 -2.3950169197e-01 1.6485559383e-01 -4.4583078130e-04 5.5704815234e-02 -8.3877159627e-02 -2.9556775944e-01 1.1384558221e-01 -1.1664270438e-01 -1.6057833900e-01 -3.3824800349e-01 -7.9074430691e-02 -1.1735025764e-01 -4.7539083792e-02 3.0358036097e-01 2.8545234261e-01 -4.9062393172e-02 -4.6488208633e-01 1.9759278395e-01 1.5048773811e-01 -6.6263678076e-03 2.2810552006e-01 4.7663121873e-02 6.8111137448e-02
-1.6156807187e-01 1.5777602066e-01 -5.7748707340e-01 -3.2248331180e-02 4.8243800182e-02 6.3086650677e-02 -2.7065963499e-01 -2.1355474715e-01 -8.8508296253e-02 -2.5588271817e-01 8.2722710368e-02 4.5491545449e-02 1.7284332134e-01 2.1814219720e-01 -6.4313838037e-02 -3.4906551302e-01 3.4499556151e-02 1.2232356108e-01 -1.5881967018e-01 -1.0155273410e-01 -2.9215937368e-01 -3.5568887571e-02 -1.3015052279e-01 -1.7326156531e-01 -1.7072311166e-02 9.3253140881e-02 1.5362825854e-01 3.4786288684e-04 -1.4135797062e-01 -1.5458489571e-01 2.2175740272e-01 5.4212860412e-02
-1.6098761021e-01 -1.4512531612e-01 5.0012900237e-01 -1.8409490731e-01 -8.7546934321e-02 2.1724478939e-01 -2.4842249047e-01 -1.2301973718e-01 7.0577829685e-02 3.3704362554e-02 -3.4248317571e-01 -2.4968215511e-01 -2.6289498460e-01 2.6435534894e-01 -8.2566777971e-02 -1.4830886517e-01 -7.7433655281e-02 -2.9760537517e-01 -2.1533551458e-01 -6.1855682814e-02 -1.4857332887e-01 7.1320483776e-02 -1.1375040297e-01 8.2872870731e-02 -8.9379471301e-02 1.6768086619e-01 -2.0752124801e-01 -9.4955177123e-02 2.3974162305e-01 -2.2344823255e-01 2.9457915262e-01 1.0601110847e-01
-1.4817500534e-01 -1.7400361787e-01 -4.1309471138e-01 7.2130041696e-03 1.1868387443e-01 7.0989896934e-02 3.0922684304e-01 5.4269430899e-02 1.3161778874e-02 -4.6948999348e-02 -1.1804859851e-02 -1.9911403028e-01 2.3617632144e-01 1.4310010511e-02 -1.3025605613e-01 -6.1121428317e-02 1.6302991091e-02 6.5296501109e-02 1.8507562619e-01 1.3484339888e-02 2.7743007023e-02 7.7616471389e-02 1.4244898514e-01 2.4029609680e-01 2.0593913272e-01 -1.0779096013e-01 1.8745525302e-01 4.7077416543e-02 2.2569185385e-03 3.3122609574e-01 -7.3076157249e-02 1.4138969774e-01
-1.2814084989e-01 2.5107483899e-02 -4.1376178151e-01 2.3113263021e-01 -3.1575531060e-01 9.6088285962e-02 -1.2823695316e-01 -2.8029682955e-02 2.4639167463e-01 1.1844440432e-01 -9.8775121195e-02 -7.5696918601e-02 -4.9013879756e-02 -1.2876997788e-01 -2.3000413687e-02 -2.9914483387e-01 -2.3700132897e-01 2.3262326376e-03 -1.2194102550e-01 -1.5528745032e-02 4.7862987764e-04 1.2463003885e-01 1.2940327108e-01 -1.8227848236e-01 -1.2790191269e-01 2.7686151912e-01 -1.6600298299e-01 -1.6367052927e-01 1.9311811387e-01 -1.1823139488e-01 1.0639185028e-01 -1.0043449576e-02
3.3792135632e-01 -1.1442553301e-01 4.9997702843e-02 1.2925419072e-01 -1.2783610149e-01 3.0244514717e-02 2.0073326845e-01 3.2604395625e-01 1.4718890080e-01 -1.8111562581e-01 -4.2606134232e-02 2.6736987724e-02 -2.2803286563e-01 5.2797990396e-02 8.9304809755e-03 2.3957958508e-01 -2.6355298090e-02 1.1558321967e-01 1.3718407185e-01 3.2086751372e-01 2.9866020560e-01 2.8335814496e-01 9.6063356938e-02 4.5577741266e-02 -1.1844473176e-01 1.3013376344e-01 -1.7476589242e-01 9.3648167718e-02 -5.3700526101e-01 6.9039278623e-02 -1.4276924047e-02 2.4705442842e-01
3.6366370527e-01 3.0779717557e-01 3.1422841078e-01 1.5327980970e-01 -7.0510226546e-02 -1.6717658294e-01 -1.2467526729e-01 -1.2894166902e-01 3.2611701884e-02 4.9597788127e-02 -2.1085981126e-01 3.5775053850e-02 -1.3713171082e-01 4.1696068255e-02 2.5231651474e-01 1.9782097941e-01 -9.6777825402e-02 1.6552683385e-02 -4.0569422975e-02 -2.0702898389e-01 -2.9401970921e-01 -1.9151078217e-01 1.5281080864e-01 -1.3978864143e-01 5.9115961835e-02 1.0792626392e-02 1.0167268779e-01 -2.5781081684e-01 1.2518490433e-01 -1.7560962867e-01 4.5589767512e-02 -4.6592476208e-01
-2.6591529612e-01 -1.0904265066e-01 -1.3696214079e-01 5.0703678886e-02 -1.8910387990e-01 3.1697696040e-02 2.1242960112e-01 -3.1874652942e-03 1.6777377430e-01 2.2355508332e-01 4.2458596760e-02 9.3902500614e-02 -1.6634141241e-01 -1.3475034268e-01 -2.1033672386e-01 -5.4751982844e-02 1.5601308004e-01 -1.2362046907e-02 2.1108799230e-02 -1.5392582231e-01 3.9661217783e-02 8.5317908509e-02 1.9175700797e-01 -1.2731184334e-01 -8.5380197006e-02 -8.5830539905e-02 5.4243214794e-02 -8.8948725518e-02 2.8737500455e-01 1.0996033491e-01 2.1048391166e-02 1.7933700462e-01
5.8511317849e-02 2.1148691657e-01 -2.0182271329e-01 2.5504497813e-01 -9.7218898864e-02 3.1114219812e-01 -1.2497920771e-01 -2.8667156703e-01 8.5494373541e-02 1.2828242745e-01 6.5597968453e-02 1.7789369400e-01 -2.2507110551e-01 9.8336106247e-02 -1.7841330611e-01 3.5469303888e-01 -9.4325478057e-02 -3.0631828693e-01 1.8275459310e-02 -1.1614564414e-01 1.9035551902e-01 2.5580718212e-01 1.4459526528e-02 -2.0930974707e-02 1.4791433020e-01 2.5377940012e-02 -7.1521208607e-02 -1.0080504676e-01 1.3848288643e-01 -3.1069650065e-01 1.8912674524e-01 1.4120494559e-02
6.3474870367e-02 -2.1871908668e-01 5.2036109586e-02 -1.2050812061e-01 -4.5992537507e-02 9.3842107954e-02 -2.5328656836e-01 -8.5445270665e-03 -3.8441100329e-01 1.0133990920e-01 1.5250422058e-01 1.3137528488e-01 -1.0441353742e-02 -2.5610536305e-02 -1.7262239530e-03 7.4194423905e-02 -3.6096572661e-01 -2.0008359538e-02 -2.2752814991e-01 1.6266066607e-01 -2.2140124475e-01 -3.0309553067e-02 5.4423437806e-02 -1.9434693041e-02 -2.4903376585e-01 6.3660716682e-02 -1.9199036667e-01 1.7189843394e-01 -1.8443734821e-02 7.9129733597e-02 1.2723157821e-01 1.0362258874e-01
3.2351143769e-01 5.8478321688e-03 -3.2294586401e-01 2.7915093156e-01 -2.1152379570e-01 6.6700476528e-02 1.9765393263e-01 -1.7063045665e-01 1.2975417469e-01 2.6318650567e-01 -3.2854598276e-01 -5.0372546699e-02 -4.2835363139e-03 -1.7477857880e-01 -4.4450483805e-01 7.6122458752e-02 -1.4152987740e-01 -1.2819311127e-02 -4.0414607986e-01 1.4181782692e-01 1.9192804388e-01 1.6793163473e-01 8.6449579834e-02 1.4618296115e-01 7.9865426026e-02 1.1871743119e-01 -1.0675367525e-02 6.4626703486e-02 1.4545943075e-01 -7.8223984183e-02 5.6292343008e-02 -2.2492768855e-01
2.9176621500e-01 6.5396893692e-02 4.0536076341e-01 1.9617619588e-01 -9.1476990577e-03 5.0198508170e-02 4.6644644558e-01 4.9823113159e-01 -2.2908605805e-02 1.2011890118e-01 -1.3483469252e-01 1.2861394067e-01 -3.0777319616e-01 -4.7418367704e-03 9.7574199564e-02 -4.9946456381e-02 9.1519247162e-02 7.8688935617e-03 -1.7001698304e-01 6.8514971882e-02 -2.1091641778e-01 2.8546761469e-01 -2.3099722510e-01 3.5335249199e-01 -1.0589718728e-01 -6.3296262720e-02 1.2881782055e-01 4.2571637594e-02 -1.5710258375e-02 -1.4626814447e-01 2.7423707874e-01 1.4967353211e-01
6.1951979927e-02 3.6777366883e-02 -2.8830574786e-02 8.0697596823e-02 -2.8165267002e-02 -9.9773178455e-02 -2.7123130799e-01 1.5256826860e-01 -9.2268111373e-02 -7.9701738711e-02 -2.7884232730e-02 2.1589979699e-01 5.5850360186e-02 2.5498121443e-01 -1.3173810223e-01 1.2550934757e-01 -1.4304481133e-01 -1.6577253957e-03 1.8351107536e-01 -3.0816172621e-01 1.4123304791e-01 6.8116636522e-02 -3.1643201468e-02 5.7353041825e-01 -7.8262389798e-02 2.1314312349e-01 2.3809605597e-01 -9.6691087913e-03 2.7275568447e-01 -1.5935922938e-01 1.1597433761e-01 -1.7515941770e-01
1.8166994991e-01 9.4177185843e-02 6.8752729566e-02 -9.9797129817e-02 1.8215672612e-01 -1.4857466874e-01 -8.1939506938e-02 -7.6147581761e-02 2.3547382682e-01 -2.1410756049e-01 -1.7459083880e-01 -2.7187609191e-03 2.0953066491e-01 1.4592658382e-02 -1.4501907151e-01 -2.8231506177e-01 -1.2877814119e-01 6.3389107620e-02 6.5080331708e-04 3.4802823732e-02 4.1522860367e-01 4.3432075849e-01 2.3619517469e-01 -7.7173573998e-02 1.1297561594e-02 2.1079781870e-01 -2.7990380170e-01 -2.7263605592e-01 1.5027789078e-01 3.4124012052e-01 -1.3341949252e-01 1.0996572284e-01
6.9063658048e-02 -1.5370235390e-02 -3.4543792697e-02 -1.1215347899e-02 -4.1060609975e-02 1.9322516473e-01 1.4062260806e-02 1.4230842764e-01 1.9529900987e-01 1.5519019321e-01 1.5665284369e-01 -1.4994802178e-01 -9.5645954761e-02 1.2780449041e-01 1.2387806360e-01 4.7115191660e-01 2.2675350087e-02 2.2035390341e-01 1.5750068572e-03 2.2764749848e-01 -1.6354787124e-01 2.9519143816e-02 1.3915068782e-01 5.7010418053e-02 -2.0623215734e-01 2.4004451056e-01 8.9864904869e-02 6.7336714309e-02 8.9257203973e-02 -2.6865292863e-01 -8.5667234284e-02 -1.3110123808e-01
-1.8737182268e-01 -1.7474312631e-01 -2.0031997154e-02 2.0317944304e-01 -7.5824254927e-02 -7.4461501372e-02 1.1146361203e-01 9.7543486901e-02 3.6508573145e-01 9.2009177241e-02 -1.4681774659e-01 -2.5333754993e-01 -5.8025148365e-01 9.3627642463e-02 -3.3879875943e-01 1.8815223810e-01 4.2434463144e-02 2.1863280241e-01 -7.4726682047e-02 2.5377462847e-01 6.4035128819e-02 1.8448385239e-02 -1.7700896800e-01 -7.0292175843e-02 1.3512790766e-01 -1.4532490471e-01 -2.0459748994e-02 -1.7056939357e-01 6.8207031273e-02 2.1904399017e-01 2.9469083749e-01 -3.6338220003e-01
-9.1784820698e-02 -7.7120455170e-02 -2.1325400087e-01 -6.1167920469e-02 1.0696959232e-02 -1.8173605441e-01 2.0943132236e-01 2.0478670279e-03 3.9074848697e-02 -1.5736740627e-01 -1.9022243800e-01 -2.4410620635e-01 -7.7307394711e-02 8.7451681612e-02 6.2862211574e-02 2.3200723806e-01 -1.2553634962e-01 2.1616458892e-01 -2.8552342271e-01 4.7636218886e-01 4.8172809143e-02 -5.7680560338e-02 -2.5540870040e-02 1.0216456411e-01 8.1102805256e-02 3.7941275729e-02 1.1614560278e-01 -2.0778453375e-01 -5.0382070217e-02 7.4975816891e-02 -2.1075404233e-01 1.7050343799e-02
1.0543701348e-01 -1.1826902068e-01 -3.9704795862e-01 -3.2626015660e-02 4.8579761705e-01 1.7291718407e-01 1.1663301756e-01 1.2973628034e-01 -3.3171732290e-01 6.7156793451e-02 -6.0681196298e-02 8.3248061441e-02 2.1109935173e-01 6.2491848606e-02 -1.2433951266e-01 6.7850948506e-02 6.8594190441e-02 6.1370943706e-02 -2.2502881141e-01 -1.4003342340e-01 5.7357741486e-02 9.4934835908e-02 2.7303452776e-01 1.8141616626e-01 -2.4808826323e-02 1.3714657896e-01 -1.1969370212e-02 2.4648252158e-01 8.6565185806e-02 8.6590599590e-02 1.0368009623e-01 6.8539413958e-02
1.3369328896e-01 1.9804777978e-01 -2.5354483423e-01 3.9631119262e-01 -3.1781514287e-01 -1.0207914158e-01 -1.6942625593e-01 1.1352111393e-01 7.4616281168e-02 3.0671881455e-01 9.0999206832e-02 4.1545043854e-02 -1.9403741469e-02 -8.7257663140e-02 1.1647357775e-01 -6.8655555070e-03 3.5186717750e-01 4.3803565427e-02 8.0356880588e-02 4.6067913429e-03 1.6627459548e-01 1.2154572256e-01 8.0828244873e-02 -6.0230232259e-01 2.2463339127e-01 4.1603189376e-01 2.0933646596e-01 1.5402545272e-02 -2.1465905103e-01 -2.5824613129e-02 -6.8600034162e-02 -2.0716265337e-01
1.3625114414e-02 4.0989274709e-01 -3.2126715940e-01 2.4748342720e-01 -6.8064652069e-02 -1.0152941829e-01 1.1566792901e-01 8.3621089490e-02 -1.7597810612e-01 -8.1143404103e-02 1.2285994914e-01 -1.6273498837e-01 -6.5284267540e-02 1.3216474234e-02 2.5254784493e-01 1.8143510697e-01 1.2583407072e-01 -6.8939902139e-02 9.9269254635e-02 1.4501488235e-01 1.8814290081e-01 -9.6191647950e-03 -5.0193049788e-02 -2.5134392324e-02 1.4764007004e-01 -7.3824952165e-02 -1.2339665839e-01 1.6207439751e-01 -2.6938823874e-01 -8.0978336903e-02 2.0073180242e-01 1.4220824866e-01
-3.2941897796e-01 2.1857402399e-01 1.4569617032e-01 5.5415231665e-02 -7.7906113694e-02 -1.7081524666e-01 -3.7541834091e-01 -1.4608964259e-02 2.3940509263e-01 -4.2290047137e-02 2.5091462890e-01 7.3128918396e-02 1.8829441917e-02 -3.9399218951e-01 -5.2552782603e-02 2.7129377221e-01 1.0475839515e-01 4.1794924145e-01 -1.3236940164e-02 -3.1216330507e-01 2.6462173328e-02 -1.4044342446e-01 -1.8918809122e-01 2.7553939590e-01 -3.6586008956e-02 -4.0549544087e-02 1.2045191857e-01 -1.6216611517e-02 -4.0799015452e-02 -3.2285889768e-02 1.6073651610e-01 -1.7265177087e-01
