2.2946029560e-01
3.5360505422e-01
1.2788655610e-01
-1.0148860262e+00
-3.3934245080e+00
1.3749889635e+00
3.4385265571e-01
5.1000534847e-01
-7.4045583920e-01
-4.0586017535e-02
1.1537312205e+00
1.0854504792e+00
-1.1391682838e-01
-4.6285213072e-01
-1.0062008788e+00
-3.5908696149e-01
3.2880027030e-03
-1.2008963316e+00
-8.0244418178e-02
-5.5625674443e-01
1.0506544356e+00
-1.9584332613e-01
-2.2394693223e-01
1.1864726415e+00
2.1175141220e-01
6.0069836439e-02
-3.6809792737e-01
-6.3534660614e-01
1.2112909893e-01
-4.0439547066e-01
1.0886511081e+00
2.5231296885e-01
