6.2422073411e-02 1.4330252059e-01 3.5993594868e-01 -1.7169956549e-01 -1.7213321367e-01 8.1742832823e-02 2.2277015488e-01 2.8701427035e-01 -1.1392237885e-01 5.1105823579e-02 2.6822595381e-01 -2.5213166656e-01 -1.5047519679e-01 -3.9475461410e-01 1.3170594296e-01 7.8506430579e-02 3.9315494178e-02 -1.8066577714e-01 1.4912941097e-01 -4.7207281371e-02 -2.6688516889e-01 4.7195008326e-02 -2.0277116313e-01 2.8990023905e-02
3.9091102552e-01 -1.3798822064e-01 3.8408152145e-02 -1.7996556477e-02 -5.7475872368e-02 -1.1842004571e-01 -4.3258807111e-01 1.0117040963e-01 -1.5692941162e-01 2.2462448321e-01 1.9352725654e-02 -1.2198928132e-01 1.5704532504e-02 -3.8585664965e-01 -1.0519451317e-01 4.8036338323e-01 6.2785508287e-02 -1.3555532127e-01 -7.5115585978e-03 -8.7016114096e-02 1.8576109361e-01 4.5208511797e-01 -1.8008103795e-01 -2.1079659620e-01
9.3322043998e-02 3.3407934759e-01 -1.7428443824e-01 1.6461326620e-01 -1.9790447062e-02 -2.3239413650e-01 1.2390055770e-01 -1.7479800283e-02 1.5945756266e-01 -7.7145719904e-02 3.7668965576e-01 -4.8411709293e-03 6.5627655810e-02 -1.9516501765e-01 6.1140028234e-02 -1.3896761258e-01 4.2491018823e-01 1.5943573852e-02 -1.9345333148e-02 1.3229980990e-01 1.1003618216e-01 -1.7422875910e-01 -1.6701658671e-01 -1.5997276017e-01
-3.8616433487e-02 -1.2613435680e-01 -2.4292466213e-01 -7.8603291483e-02 -3.4417207725e-01 -3.3187765767e-01 3.5807696999e-01 4.4737007131e-01 5.6455969156e-02 3.6794669773e-01 -7.7242274459e-03 -9.7600723705e-02 2.7976446723e-01 4.7518549602e-02 -1.6980735005e-01 1.2615503703e-01 -5.7184185683e-02 6.4505139228e-02 -1.1623768345e-01 1.3074840826e-01 8.5367717503e-02 -1.4787417169e-01 1.4562591307e-01 -5.8101674627e-02
1.1039250085e-01 5.4846757356e-02 2.5056976299e-01 -3.2958324575e-01 5.7322447269e-02 -8.1454786679e-02 -9.8884793416e-02 -3.2277225632e-01 -2.8093072993e-04 -8.7226428606e-02 6.8312336580e-02 -2.4987656408e-01 2.8197635986e-01 3.6349703306e-01 -1.6901784188e-01 -8.5909742766e-02 1.5005247857e-01 1.1152478785e-03 -1.2095474642e-01 -1.6619171066e-01 3.2961198414e-01 -1.0808929439e-01 4.2487741149e-01 -3.2165366871e-01
2.7168056433e-02 4.5751695841e-01 2.9427434164e-01 -1.0142641688e-01 1.7626166854e-01 -1.8770008746e-01 1.4102692460e-01 3.5465154390e-02 -2.6048621977e-02 -7.9761798877e-02 1.0912023940e-01 5.2801100486e-03 -1.6368776322e-01 9.2281217803e-02 1.2152082526e-01 3.4125636226e-02 1.0773380522e-01 -1.6794485860e-01 -3.4107710172e-01 -6.3329124080e-01 1.6275523699e-01 2.3706675802e-01 1.6704318576e-01 1.3244833459e-02
-1.2178175465e-01 4.2448523997e-01 -1.4928561191e-01 -2.2584281400e-01 3.4381971601e-01 4.1630340365e-01 6.0213909007e-02 -3.4595805883e-02 -3.2376115401e-01 2.6894318693e-01 -1.6492693211e-01 -2.7289711376e-01 -2.9075053787e-02 -1.3069342463e-01 -2.9881225216e-01 -7.4429966047e-02 2.0586066109e-01 1.0529106217e-01 -3.1220480176e-02 -2.2031009076e-01 8.8521161150e-02 6.2789277538e-02 2.4017938065e-02 2.0052343741e-01
1.1703549517e-01 2.3347116993e-01 -3.4511443388e-01 -3.3815575263e-01 2.0807572632e-01 4.3427517382e-01 -3.0668881637e-01 2.4874093644e-01 1.0325373078e-02 -1.7254057109e-01 -8.5191725250e-02 -8.0301329251e-02 4.5073402401e-02 3.6784478330e-02 1.9264519848e-01 -4.9316137638e-02 -3.8395343286e-02 2.0474297850e-01 1.0827321806e-01 1.3901481195e-01 -1.3494806976e-01 2.4489156586e-01 7.7542361407e-02 1.8403903343e-01
2.5319555806e-01 -1.0394062767e-01 1.9079609913e-01 9.6885168175e-02 2.4063371771e-01 -9.9501876280e-03 2.0378626720e-01 1.5361625236e-01 1.2964499437e-02 2.5360431888e-01 5.3877544372e-02 -2.0339746612e-01 1.6582498198e-01 -1.7772161181e-01 3.0418614318e-01 2.4462692952e-01 -9.0352933147e-02 2.5260438669e-01 3.4188973984e-03 1.6164574007e-02 5.9094814471e-02 -1.7655596772e-01 -6.1756351258e-02 1.3670457223e-01
-2.0737957191e-01 -2.9921796817e-01 1.4368704349e-02 -1.8648012125e-01 2.2656240723e-01 -2.5275332394e-01 8.2579185005e-02 -2.0204156331e-01 4.0756659358e-01 -1.6452077711e-01 -2.8036565502e-02 1.2348099213e-01 -3.8471971973e-01 -2.4469119689e-01 -3.1584701067e-01 -8.8836657995e-02 -1.7061237902e-01 2.3917068058e-02 -3.4158353935e-01 4.3342952357e-01 2.3097154596e-01 1.1242714993e-01 -2.4673912390e-01 1.1122231586e-01
-1.7984121403e-01 1.1522907570e-01 2.3199736256e-02 2.7799679323e-01 -6.0353180726e-02 1.1718412955e-01 -3.9166158434e-02 -3.0835362638e-01 -9.1677886875e-02 -5.0525511625e-02 -2.2023018386e-02 1.8128444670e-01 1.1591995837e-01 -8.4385573094e-02 1.6184408504e-01 2.0718476266e-01 1.7781463115e-01 2.0917808846e-01 -6.2496850697e-02 -5.7008730264e-01 4.9792799060e-02 6.3755513689e-02 1.8841663648e-03 1.1816929023e-01
8.7422285768e-02 -2.9762914694e-01 -4.6021197014e-02 9.4606156400e-02 3.5940420122e-01 2.6463275275e-01 -2.2288730379e-01 -2.7668767882e-01 2.2624676461e-01 -7.2099934934e-02 -5.4259988862e-02 2.4088311949e-01 3.0487036723e-01 -8.3634369779e-02 -2.7981722463e-01 -6.1303744242e-02 3.0002896626e-01 -1.6076940535e-02 -2.5370824701e-01 -1.0432226562e-01 2.8865778046e-01 -2.5040748924e-01 -3.1651138271e-01 2.3454471771e-01
-8.7252788542e-02 1.3391621722e-01 -6.7289141970e-02 -1.4338075363e-01 -1.5044993909e-01 2.9162643668e-01 5.6156248282e-02 -4.2153248872e-01 1.4673347814e-01 -1.9036595091e-01 -1.9148938407e-01 -4.5568353545e-02 1.4310993425e-01 3.8013564665e-01 1.5702467053e-01 7.9222707946e-04 -1.0386063891e-01 2.3324558116e-01 4.1869549917e-02 1.8136992380e-01 -2.2901887211e-01 5.1294432797e-02 -1.2695242276e-01 -2.0060818255e-01
3.7706870360e-01 -1.6755842131e-01 2.0793052855e-01 1.9148101377e-01 4.3535389037e-02 -2.1903319004e-01 -5.8239745565e-02 -2.6602698263e-01 -1.1084527493e-01 2.9638612167e-01 2.8231622250e-02 -5.2049122819e-02 -2.3482947357e-02 -5.3082020165e-01 1.3620464319e-01 1.8541797330e-02 -8.2675932352e-02 -6.3425526871e-02 8.4500555333e-02 2.1602374127e-03 -1.7744206143e-01 -1.7136702642e-01 4.6643805143e-01 1.8400860580e-01
1.6467115677e-01 -2.9580600407e-01 -1.2283520452e-02 -1.5686949541e-01 2.8473041768e-02 -1.0429117776e-01 -1.6132102176e-01 -1.8647376336e-01 -2.3317260135e-01 8.9131414017e-02 9.4342484509e-02 3.3787416538e-01 3.3090405330e-01 -2.4792540181e-01 -1.6238682447e-01 -1.6291685083e-01 -7.5952628017e-02 7.5410934185e-02 6.2162058674e-02 -3.9244445651e-01 -2.8181087802e-01 -1.3817821216e-01 -5.1524122314e-02 -3.6654536197e-01
-3.0958682971e-01 4.7061096809e-02 -3.0628180585e-01 -8.2496058436e-02 -2.7659265043e-01 -2.0069992184e-02 1.1971798612e-01 -3.5547840632e-01 2.4704999856e-01 -8.5688077489e-02 -1.3403851488e-01 1.7333189566e-02 1.2638455314e-02 2.2392371187e-02 1.3068373484e-01 1.0503510728e-01 2.8138341066e-01 -2.1508049820e-01 7.2229917561e-02 -1.6946732737e-02 2.7796019860e-01 -1.1029890248e-01 1.9027027830e-01 1.0631392812e-01
-1.3348747703e-01 1.8654646909e-01 -2.4900335543e-01 1.9658516839e-01 -2.8815147054e-01 8.7391600784e-03 9.6119751074e-02 -9.3708838512e-03 2.4263212560e-01 -2.0510595938e-02 -8.2473294004e-02 -1.8163470969e-01 3.0630790452e-01 -1.8228932528e-01 -9.0024697804e-02 -3.2589771388e-01 -1.1544093567e-02 -4.2382488011e-01 -2.1851819047e-01 1.3471073428e-01 1.8536110413e-01 -7.7426609451e-02 3.1926858690e-01 -8.2511861147e-02
4.4898401868e-02 2.2181793169e-01 -4.0377751872e-01 -2.4457809794e-01 1.1897301239e-01 8.3099323647e-02 2.8892921227e-02 -4.3861844241e-01 -8.8509856398e-02 -1.0383500327e-01 -2.4208252079e-02 7.4604849699e-02 2.4794452874e-01 2.2929021101e-01 -1.2413780933e-01 -8.7393973541e-02 -3.1288613822e-01 1.1640009982e-01 1.5753594850e-01 6.7224776325e-02 -1.2534718252e-01 1.6129315175e-02 -3.5975392507e-01 -1.0234461837e-01
-2.7243531803e-01 -1.4277413128e-01 1.8355854436e-01 -4.0497174845e-01 2.1140711906e-01 2.3945812773e-01 6.8423615846e-02 3.8603014075e-02 9.5741371676e-02 3.0377099392e-01 1.5614057564e-01 7.2558328573e-02 -2.7685995683e-01 -1.7564033804e-01 1.7991121452e-01 -6.7665214544e-02 2.9032081968e-01 2.4757587013e-02 1.1838070917e-01 -5.2171445310e-01 -4.0702796714e-01 4.5643974929e-01 1.2459072686e-01 -1.0149159621e-03
1.1487310258e-01 4.0886210582e-02 -1.0339980735e-01 2.7730435672e-01 2.8422326079e-01 3.4307885890e-01 -2.4637864461e-01 1.5928624782e-01 -5.5235807880e-02 -2.5143528864e-02 4.7958084600e-02 -4.9733022826e-02 1.6759105217e-03 -2.9778391311e-01 -2.6390848333e-01 2.3254145833e-02 -2.0618936176e-01 -9.7324511750e-02 4.5077443993e-03 -3.0209153978e-01 -2.6295846037e-01 -1.0302426906e-01 -1.1227394144e-02 4.3921185031e-02
2.5863782730e-01 9.5827208671e-02 -9.8100697449e-02 -1.3622332773e-01 -2.9800933325e-01 2.6198672939e-01 -1.2098663232e-01 -2.5056291274e-01 2.3301896665e-01 2.9860239717e-02 -4.1754998143e-01 4.6951227016e-02 1.8548804045e-01 1.5610757419e-01 -4.1112589201e-01 -9.9599639000e-03 -8.4327288664e-03 -9.7284582638e-02 1.5896886531e-02 2.4483126360e-01 -5.8771664700e-02 -1.9536335026e-02 1.4695039017e-01 3.8180158326e-02
8.3527843423e-02 9.0695963128e-02 -4.6021273934e-02 1.2559713775e-01 1.7078612137e-01 1.2443861797e-01 1.5835215029e-01 -4.1452231659e-02 2.0074465046e-01 1.1324268746e-01 -4.6149099750e-01 9.0535388939e-02 3.2042152407e-02 2.2388015348e-01 -5.3925281315e-02 -3.0175801521e-01 -2.9256836394e-01 -3.7564269789e-01 -3.1494539526e-01 1.2048786194e-01 -1.4498976062e-01 -2.0367329406e-01 4.0026291496e-02 -3.4518557251e-02
1.6446122546e-01 3.6703705751e-01 2.8008608850e-01 2.3101822567e-01 -1.3683718630e-01 -1.1611745101e-01 2.8236210146e-02 -9.6611230747e-02 8.9145879434e-02 2.8008483173e-02 5.5382815236e-01 2.1799775658e-01 -2.4660332307e-02 8.3842252295e-02 -1.4058677011e-01 -4.2197030084e-01 6.9475389493e-02 3.2628420050e-05 2.9881656988e-01 -1.2766513870e-01 -3.5411267996e-01 -1.8380623922e-01 4.8836479174e-01 -2.3402441461e-01
-1.5746359144e-01 -2.4137845242e-01 -4.0926984888e-01 2.8201268596e-01 -3.5175310380e-01 -7.7284764567e-02 2.7717789122e-01 -3.3314205836e-01 -3.4795398278e-01 -1.3891983883e-01 6.4928635355e-02 4.5162918841e-01 -3.4442818781e-01 -2.6561090673e-01 6.4304717401e-02 -2.0397509910e-01 -3.0676856898e-01 -9.1685284673e-02 -1.5792068504e-02 -1.3188178958e-02 -6.5430879904e-01 4.1594570686e-01 -9.0549684505e-02 9.5569064148e-02
