7.9963672389e-02 -2.8993434230e-02 7.7566884793e-02 -6.7625819123e-02 -3.0098042516e-01 -1.8493564713e-01 6.9140813922e-02 -9.3267510835e-02 -2.1264682481e-01 -1.3936708970e-01 1.0636274193e-01 -7.7771904822e-02 -1.0421991990e-01 1.0178662678e-01 8.7603333297e-02 9.0428473835e-02 5.4300327451e-02 -6.1727209864e-02 -1.1038942753e-01 1.8610550874e-01 -1.7723402492e-01 -3.7870024456e-02 -4.3151649111e-02 1.4981563508e-01 -4.2969761624e-02 -4.4509443364e-02 -3.3535355503e-02 1.0739231573e-01 1.3851965048e-01 1.5548768731e-01 -2.2915887739e-01 -1.7812461889e-01
3.3610213774e-01 2.4333577050e-01 1.5998940080e-01 7.0575821272e-02 -1.3439757075e-01 5.8264290175e-02 2.1542619549e-01 3.8626659340e-02 1.0171574998e-01 -1.8234880839e-01 -9.1974565799e-02 -1.6176315846e-01 3.6403536244e-01 4.4568954333e-02 -2.0461213555e-01 -1.3610424565e-01 1.8672334589e-02 4.4249260809e-02 -1.7387718867e-01 -1.3228146572e-01 1.4915133135e-01 1.1613651017e-01 1.2663478744e-01 6.2322447549e-02 -2.5337880926e-02 -4.1127856201e-02 1.3664867881e-01 -1.6475085693e-02 1.0831259615e-01 -1.7006936131e-01 1.1715311107e-01 -2.0457363437e-01
4.1983217488e-03 2.8549163247e-01 -1.3343305939e-01 1.7262030561e-01 7.3157436371e-02 -6.3016062810e-02 -8.3524291047e-02 -5.3241343321e-02 1.1189801797e-01 8.5790620406e-02 -2.8082840239e-01 -1.0754313950e-01 1.3690109214e-01 4.9390131023e-02 1.6315678989e-02 -1.7968805201e-02 -2.7402648109e-03 -1.3650675390e-01 -1.4578603777e-01 -2.3364279227e-02 4.9159181760e-02 -4.1243349652e-02 -1.9284622129e-01 -9.5787787535e-02 4.7102847092e-03 -1.8007113003e-01 -4.4340072484e-02 -2.0060043284e-01 1.5601161636e-01 -2.3530535703e-01 -2.8075668325e-01 -8.6280981893e-02
9.8262880271e-03 2.7484026508e-01 -2.1251801043e-01 1.8515151459e-01 -2.7141469315e-01 -1.4282430653e-01 -1.2910747497e-01 8.4550588402e-02 -3.6601586835e-01 -3.9824053106e-01 -2.9789977639e-02 1.9858551159e-01 2.4115831262e-02 2.2008149079e-01 -5.8482125202e-02 -1.1748058616e-01 -2.1173039293e-02 -6.9052986973e-02 1.8715139431e-01 -1.8132630243e-01 9.4783770014e-02 -3.7518092407e-01 -4.3131608158e-05 -2.0478645518e-01 -1.9409235558e-01 -1.5328102549e-02 1.2104460298e-01 1.4159006341e-01 1.7131553038e-01 1.0024153822e-01 1.5900122980e-01 2.2911946526e-01
1.9553794144e-02 -1.3428851164e-01 1.9283932501e-01 3.9521253543e-02 -1.2244478265e-01 7.4390380809e-02 -1.8259408660e-01 1.9794960531e-01 -4.5565689373e-02 -2.1772243521e-01 2.2066365916e-01 -2.6736905956e-01 -2.7176051475e-01 3.4465787996e-02 2.8000990761e-01 2.1539516305e-01 -2.6437168015e-02 -1.6029252708e-01 -1.3146462058e-02 2.9778753324e-01 -3.0259786772e-01 3.4893708103e-01 1.3314740728e-01 -3.1020094969e-01 7.9352885631e-03 1.9993979743e-01 -4.1605731555e-01 1.7434389301e-01 -1.8128418757e-01 -5.4616563523e-02 4.1536392963e-01 -1.0140337546e-01
-1.7027498037e-01 -1.0171169837e-01 4.3446264036e-01 5.4471357846e-02 -3.1783271784e-01 -1.1465957452e-01 -2.0360485138e-01 -1.2812279299e-01 3.7376534806e-01 -1.3250710928e-01 6.1374952779e-02 4.8321161205e-01 -2.3704977239e-01 -1.2927140202e-01 -3.5100535617e-01 -1.5781576074e-01 -1.1554243087e-01 2.2080186480e-01 2.1141490625e-01 2.7135927065e-01 -9.5549603922e-02 1.9889125055e-01 1.0145789592e-01 -1.0969295193e-01 8.6037469926e-02 -7.9890795113e-02 5.6682304659e-02 2.5879082171e-01 2.4345993170e-02 1.7123900003e-02 -6.6261433244e-02 -1.7486257084e-01
1.7778561528e-01 1.2548838365e-01 8.4278783111e-02 1.4124430762e-01 -2.4824816518e-01 1.0734389328e-01 -6.2224572303e-03 7.0347315430e-02 6.4027181384e-02 -1.7763291905e-01 4.5019183696e-02 2.4509807576e-01 1.4174780235e-01 -2.7082005582e-01 -4.1448088639e-02 -1.7396397831e-01 -3.8568324320e-01 2.0337512239e-01 1.9687439191e-01 5.4182455945e-02 -1.5870758474e-01 4.7235842870e-02 -4.4366585847e-02 1.1995948741e-01 -1.7585302371e-01 1.3465074281e-01 -1.2849221806e-01 2.6072658806e-02 -7.3303037868e-02 -7.2141144711e-03 3.5112976095e-01 -3.1452869590e-01
2.1165349652e-02 -2.0397441727e-01 1.8714603550e-02 1.7861304395e-01 2.8814551777e-02 2.2869416979e-01 2.8728818894e-02 2.9691572620e-01 1.1027910303e-01 2.2031393594e-01 -9.4110581158e-02 -1.9136853505e-01 -4.8230034278e-02 1.3990180292e-01 3.0525715629e-02 -8.7961115355e-02 -7.7454849361e-02 -1.3772616864e-02 8.2150000017e-02 5.7816299848e-02 6.9653464361e-02 7.8416033116e-02 -2.7876615794e-02 -2.3635237944e-01 -1.0162403789e-01 1.7993954724e-01 1.9923447616e-02 -1.0027522670e-01 -4.4382951030e-03 -5.9617950116e-02 -1.4977138510e-01 3.3688764356e-02
-6.2549959681e-02 2.0860075105e-01 8.0849038350e-02 -8.1537792626e-02 -8.9260177684e-02 -3.7355986484e-02 2.3456791926e-01 1.2909062220e-01 6.3523277040e-02 1.2593500714e-01 -1.6102507268e-01 -1.0571164706e-01 -2.3432245889e-01 6.9540390551e-02 -2.0808520981e-01 1.7432978493e-01 2.1743465310e-02 -9.9799519112e-02 -4.1979419499e-02 1.0973263610e-01 -2.7221590826e-01 2.4510818966e-01 -1.2401679302e-01 -1.6996065005e-01 -3.5601077726e-01 -4.2184153960e-01 2.9289205782e-02 2.1454135398e-01 -4.8476660026e-02 6.1260833494e-02 -1.8096466599e-01 5.8543768357e-02
7.5251266457e-02 2.0287206073e-01 -1.0201638582e-01 -4.0014987716e-02 4.7627878382e-02 1.2554577992e-01 3.6144538872e-01 7.9505160084e-02 -1.3462502129e-01 -3.0722811208e-01 -1.9735789583e-02 -1.0121657575e-01 7.7145001551e-02 3.0043940514e-01 5.6816889523e-02 2.9105611912e-01 -1.6034722773e-01 -1.1787675508e-01 -2.0324646959e-01 5.1845709480e-02 3.9762194677e-01 -8.6595317176e-02 -1.1594227828e-01 1.0670590507e-01 2.5322464506e-01 3.0959378595e-01 3.5544728869e-01 -3.4819390106e-01 -6.1998414867e-02 1.4265781832e-03 5.6429263179e-02 9.7858900530e-02
-5.3122503181e-02 -6.3855822614e-02 1.9050792428e-01 -4.7568797995e-02 2.0400790584e-01 1.8781918927e-01 4.3528080958e-02 -6.8604119666e-02 8.4380068945e-02 3.4568969035e-01 -2.0481283623e-01 -1.0813440393e-01 -4.6806953790e-01 -1.1782787598e-01 -1.9231465174e-01 3.6953840001e-02 -4.0677396843e-02 -1.6333522241e-01 2.5125690642e-02 -2.1253799817e-01 1.5674527276e-01 3.4592602924e-02 2.3973778902e-02 -9.7499948158e-02 6.8998996756e-04 5.6896025475e-02 3.2035540021e-02 2.4768687817e-01 8.7252995556e-02 -1.4316154435e-01 -1.2100456847e-01 1.3794283490e-01
2.7924661465e-01 3.0307568662e-01 1.4581481574e-01 -2.4193429705e-01 1.3548610252e-01 8.3474079171e-02 3.3167403244e-02 -8.8117526753e-02 -1.0812532284e-01 -1.6178201438e-01 8.2793301181e-02 -1.3661317458e-01 -1.8514380752e-02 -4.0934306462e-01 -1.6192642800e-02 -7.9929639026e-02 4.3155351010e-01 1.8462088882e-01 -2.8826398968e-01 8.5677481958e-02 1.9877211567e-02 1.2511544966e-01 -1.9847410270e-01 -2.1632955096e-01 4.9775666037e-01 9.0811109867e-02 4.3364264626e-01 2.0735147462e-02 4.1500511123e-01 6.5899493417e-02 -1.9196439502e-01 -1.3165197252e-01
4.9473941454e-02 -2.8620706122e-01 -9.2652776238e-02 1.2291379128e-01 -1.9566196167e-01 -2.1264059869e-03 -3.1560902203e-01 8.1683967130e-02 2.0539697304e-01 -1.9430159208e-01 1.0965568175e-01 3.5631767223e-02 -5.7848409204e-02 -3.7489472619e-01 9.3537222198e-02 -5.9774047462e-02 1.0739385126e-01 -1.9498105863e-02 -2.7862511422e-01 -4.4523899266e-02 -6.5739913495e-02 -5.8851421211e-02 8.1424582344e-02 -3.7562611476e-01 1.8066784956e-01 1.1871400785e-01 4.6950108361e-01 -1.0120838920e-01 -1.3729655870e-01 -5.9710670935e-02 8.5400275744e-03 -3.3078851578e-02
1.8109853203e-01 2.1599388901e-01 -2.0635859127e-01 -4.9711953653e-02 -2.0820000040e-01 -2.3472560354e-01 1.2328430834e-01 -2.6724639207e-02 1.2283137154e-01 1.5892229557e-01 1.9705833820e-01 2.1014216122e-01 1.8669514742e-01 7.5538987128e-02 1.4576432825e-01 2.7078506034e-02 8.7020668705e-03 -5.8095346665e-03 1.0268921249e-01 2.7833527064e-03 -2.0565922567e-02 4.1183825551e-03 4.0576117283e-02 -2.2914764358e-02 -4.0879221809e-01 1.7944551072e-01 -7.0050977463e-02 9.0419704189e-02 1.6810730370e-02 7.7146654153e-02 -5.3103579946e-02 2.7008566575e-01
2.1386846175e-01 -2.7763494125e-01 9.5029734686e-02 -6.9937644845e-02 -2.0487931928e-01 2.1130449867e-02 2.7656311849e-02 8.5706163123e-03 -1.4038865584e-01 2.6361332171e-01 -8.5934195274e-02 -1.3865514940e-01 4.6524878304e-02 4.0880115581e-01 -2.2504585409e-02 -9.8062900939e-03 -1.1138901638e-01 -1.9184415421e-01 -5.9863337562e-02 1.5917673783e-01 -8.7464938070e-02 -2.4632443392e-01 -8.0607272719e-02 -3.4780280197e-02 -2.8057472884e-01 3.2009891287e-01 -1.3018270411e-01 9.2365500125e-02 1.8397549627e-02 -5.6378648206e-02 -2.1830517870e-01 2.2188755037e-01
9.5721550006e-03 1.0702363027e-01 -2.7362915525e-01 3.4295284391e-02 1.0894744123e-01 -1.3082451409e-01 -6.8216515396e-02 -3.5767821832e-02 -8.2251497684e-02 1.3840081012e-01 -1.6873858494e-01 -2.5843846481e-02 3.3919515562e-01 -2.4254926075e-01 -1.1686436707e-01 1.7782651848e-02 -1.2887947607e-01 -1.3149220562e-01 3.5103888119e-02 4.8747951598e-02 1.7055121011e-01 -1.0579369493e-01 1.9336218588e-01 7.0409232834e-02 1.2486526567e-01 -1.6245014789e-01 8.6844923466e-02 2.4889852938e-02 -1.9501186238e-01 -2.4081961791e-01 2.1683141141e-01 2.5151610286e-01
-6.4312065947e-02 2.4140432960e-01 1.0132260676e-01 1.7028186194e-01 -2.2435921554e-01 8.3612487243e-02 1.0119169711e-01 -1.9804226308e-02 8.8869436623e-02 1.4930388556e-01 3.8691195159e-01 -9.8372830323e-02 1.3563992816e-01 1.5294596501e-01 2.5921550317e-01 -6.0480661458e-02 -1.1312931822e-01 9.2723544060e-02 -1.9991771250e-01 1.7203293136e-01 -1.3573876591e-03 4.9322377432e-01 -8.9594237634e-02 1.4622698479e-01 9.3807694093e-02 -7.4937881989e-03 -9.2915162964e-02 -1.5121066033e-01 3.2847634409e-01 8.4317025583e-02 8.7058341573e-02 -6.7615582844e-02
-2.2665810748e-01 -2.7857390356e-01 -1.2119095125e-01 -1.2942001869e-01 -4.7234593778e-02 -2.1611586403e-01 -7.0840677550e-02 -2.2778078752e-01 2.6382953386e-01 4.0111585912e-01 -4.0840580600e-01 3.0911662356e-01 -2.0423471665e-01 6.8081407543e-02 3.7695931130e-02 -2.5581360099e-01 2.1539908454e-02 -3.1983613637e-03 1.2045472630e-01 -1.1247837450e-01 5.4994775934e-02 1.6575793476e-01 -7.0463249232e-02 -3.2898788886e-01 -7.8416134768e-02 -1.4839417015e-01 -3.8265620993e-02 -1.1834640379e-01 -3.2068124765e-01 1.1556586945e-01 -7.0312675228e-02 -1.3385645930e-01
3.7794288484e-01 -1.9931004729e-01 -2.7364618759e-02 3.2236281819e-02 -1.4581229061e-01 -3.5481205699e-03 -2.4871467024e-02 2.9237417412e-01 -7.5895741323e-02 -1.8594395608e-01 3.3765018510e-02 -1.3087098429e-01 -2.0803906424e-01 4.4577369256e-02 -1.8711445174e-01 1.9745788735e-01 1.2147534997e-01 -2.7025051493e-01 3.9794757081e-02 7.1094208968e-02 -6.6361021215e-03 -2.0999604987e-01 1.3056908634e-01 -7.5150975663e-03 2.8613616195e-01 -1.6449787187e-02 9.3873982442e-02 4.0109736633e-02 3.0219348846e-01 -7.8115537625e-02 -2.0496188792e-02 -1.7312679520e-01
-1.1571655568e-01 1.3579354675e-01 -1.3717999204e-01 2.4689048565e-02 7.2176615888e-02 -3.8014043263e-02 -2.1093498965e-01 1.1638732870e-01 9.0543060739e-02 5.4005086345e-02 2.1960787514e-01 -8.2404181772e-02 7.7122097257e-03 -1.2684180141e-01 2.0170618712e-02 -5.5706517311e-02 6.3894660428e-02 1.2289138662e-02 -5.6583684764e-02 -3.7279820775e-01 2.7335885052e-01 8.7052489171e-02 -1.1559668510e-01 -1.6325162127e-01 1.5000430785e-01 2.6141774084e-01 -9.5853541564e-02 -9.9132458297e-02 -2.9118882658e-03 6.6434577344e-02 -4.8849158195e-02 -1.3165665723e-01
1.9828636714e-02 -2.5051111163e-03 5.0014012928e-02 1.3973850812e-01 -3.5398158916e-02 1.6992033039e-01 4.7098623181e-02 -1.1479564720e-01 -1.0375160330e-01 -1.0603880290e-01 3.3292631260e-01 -1.8347609026e-01 -1.8257045540e-01 -3.8293752957e-01 -2.8608592906e-01 1.4785314868e-01 -4.7086652890e-02 -1.5756015581e-01 -1.8307964278e-02 -1.2398631746e-01 1.6833553982e-01 7.3147248774e-02 3.0427726920e-02 1.2094083258e-02 -1.3201084872e-01 -9.4634569450e-02 1.7586082127e-01 1.7233296723e-02 6.0371036730e-02 -4.9002981551e-02 1.1281295867e-01 -4.9006188916e-02
-1.5386270464e-01 -1.2806047902e-01 -1.4926766843e-01 3.5792737356e-03 1.3328498836e-01 1.0479184642e-01 1.1296943638e-01 4.0527136589e-02 5.9128790461e-02 2.8089070135e-01 -3.0411474252e-01 -1.5476348227e-01 2.2642102465e-01 2.8849901079e-02 8.4092016333e-02 9.5899947495e-02 3.3597466280e-01 1.1002754645e-01 1.2731438271e-03 -8.9306201997e-03 -2.3880103613e-01 -1.5178950485e-01 1.6055144062e-01 1.3743728206e-01 2.2673768615e-01 -9.8545336592e-02 -1.8636435708e-02 3.5469426770e-01 3.5867743965e-01 8.6352898178e-02 4.8116605895e-03 -2.4141395571e-01
3.4835029049e-02 2.4945972697e-01 1.0515259014e-01 -8.0819271402e-02 -1.7053725929e-01 -1.3385519146e-01 -7.5972823832e-02 -2.5446620210e-02 -4.2868647600e-02 3.2618314795e-01 2.4345251022e-02 2.0042188617e-01 4.8637568770e-02 -3.3634566423e-02 -3.2613334727e-01 -3.7700135995e-01 -2.4074995603e-01 6.5517023299e-02 -2.6899702751e-01 -1.4280915837e-01 1.0777240645e-02 -1.1387241292e-01 -7.1652615010e-02 -2.6878059632e-02 -3.8490357754e-01 -2.9648016828e-01 -2.3639414438e-02 -1.1378540743e-01 4.3159554989e-01 -3.3935967136e-01 -1.4296655222e-01 -6.1849582059e-02
3.3874145537e-01 -2.7595029895e-01 5.1388033504e-01 8.0587419414e-02 -2.2838374666e-02 3.3226996980e-01 -2.2275597474e-01 -2.2958391709e-01 2.6565128669e-01 1.4354166338e-01 3.1884963874e-01 -1.5658007434e-01 -3.6762962959e-02 -3.4360081853e-02 1.0468526457e-01 -2.3199057903e-01 1.9077120828e-01 -8.9050810152e-02 1.5210211708e-01 2.7066299537e-01 -4.7979448804e-02 -4.6798019247e-02 1.1034950845e-01 9.5969019275e-02 -3.1024582074e-01 -2.0079201021e-01 1.7035687119e-01 -7.0737068814e-02 -1.2953790096e-01 3.6200500546e-01 1.4321635296e-02 6.4619581668e-02
7.7425383584e-02 1.7970306496e-01 1.6223553670e-01 -1.2187274260e-01 7.7917774081e-02 1.3063030728e-01 1.0041122972e-01 -2.3793742706e-01 -1.0078536420e-01 -1.3917995818e-01 -4.0681113241e-01 5.5610284257e-02 -2.4299152162e-01 1.6524915461e-01 -2.1200756042e-01 1.6408837880e-01 -2.5698728666e-01 -3.7531315281e-01 2.8098350708e-02 -3.5330122422e-01 -4.5682001989e-02 -4.0467816300e-02 3.4277661953e-01 4.9813756668e-02 -8.1788911621e-02 7.9652119882e-03 1.0733307484e-01 2.2969181356e-01 7.6679007340e-02 -9.4870954286e-02 3.6166951792e-01 -3.3404858199e-01
5.8835412218e-02 -1.5485855285e-01 1.4570805032e-02 5.3860248066e-02 3.4521279315e-01 -1.3518179840e-01 1.9406077649e-01 2.2796450998e-01 1.7479304875e-01 -1.6634302052e-01 -7.2405811556e-02 -2.5703847781e-01 -1.1028969827e-02 1.2886525307e-01 -8.9959120040e-02 1.8462473179e-02 1.4499096017e-01 3.4090195831e-01 1.6688716756e-01 -3.6780977753e-02 5.2798260827e-02 -1.0634387635e-01 3.0295878846e-02 7.0668477813e-02 3.2214448990e-01 6.4045925390e-02 -2.8305716323e-03 -1.1848884204e-01 -8.5693284101e-02 3.8345739977e-01 -1.3588342234e-01 -1.0103376916e-01
3.8695525038e-01 1.8895033202e-01 -1.0016079500e-01 -7.5343940577e-02 7.5262730062e-03 -3.0974116762e-01 2.4925567752e-01 -2.3020639058e-01 1.2857019767e-01 1.1846201286e-01 1.6608149740e-01 1.2618636980e-01 -3.1060989378e-01 -1.6839516327e-01 -5.9465272832e-02 1.5930146202e-01 -5.9395724973e-02 -9.4741315016e-04 -1.4098042629e-01 1.3257201880e-01 -1.1140761028e-01 1.2829743003e-01 -1.0468306497e-01 -1.5716138985e-01 -9.0641068649e-03 -3.1345498095e-01 -7.5745194986e-02 -3.2336456254e-01 3.2573748808e-02 -4.1676946427e-02 -1.6612189538e-01 -5.8469329665e-02
4.6068970673e-02 -1.7493783211e-01 -1.4841468626e-01 -3.2571800967e-01 2.4900584136e-01 -8.8633468745e-03 -3.6169377972e-02 1.6276844335e-01 -2.4424725051e-02 -1.4226946342e-01 -4.6921230766e-01 -2.4787456548e-03 -6.3000519727e-02 1.2617520103e-01 6.8471752546e-02 -1.5668253169e-02 2.7869995954e-01 1.5858023056e-01 -2.2152533284e-01 7.4155974022e-02 2.4130504772e-02 -3.6559950711e-01 1.2096957554e-01 5.9166137175e-02 -2.1444039415e-01 -1.3556650983e-01 1.2669714240e-01 -2.6516514187e-01 6.1312265257e-01 2.5528336983e-01 1.0415744216e-01 4.4427841364e-02
-1.9611645413e-01 2.8311236228e-01 -2.2485444736e-01 -2.1785586113e-01 -1.1102700278e-01 -2.5686218697e-02 -1.9800170778e-01 1.3763852194e-01 -4.1129141941e-01 5.0895209956e-04 2.5104339340e-01 -6.1608547131e-02 -1.1483794186e-01 -3.7498678614e-01 3.7945656247e-02 1.2254178521e-01 1.9629551909e-01 -1.5920263424e-02 -1.5175914534e-01 -9.6045981842e-02 4.6404100008e-02 2.4411946522e-01 -1.8768074403e-01 -1.5087983346e-01 -1.3063365966e-01 -6.6992709515e-02 -9.2882872631e-02 2.6388412608e-01 -4.4730346381e-01 1.1255769683e-01 9.7991910745e-02 1.3600875277e-02
2.0261412940e-01 -3.8979727432e-01 3.2399598855e-01 3.2477300758e-02 4.8768380671e-02 -1.1946917150e-01 -1.5188434490e-01 1.0346150482e-01 5.7869010139e-02 -2.2120702131e-02 -2.8871035802e-01 -3.0867136111e-01 -6.0171100431e-02 -2.7213504165e-01 -1.4448615166e-01 -4.9672610294e-02 3.2695279496e-02 -5.3369394869e-02 -1.3812164966e-01 3.6336846487e-01 8.7576782655e-02 -2.9376757761e-02 -1.6041731427e-01 1.1484585541e-01 5.1531857713e-02 1.4895121543e-01 -8.8782362352e-02 -1.2964362265e-02 -1.4508058469e-01 -1.2473848870e-01 -2.3778183352e-01 -1.1028770532e-01
4.2525237129e-02 2.6299019909e-01 -5.6392270770e-03 -2.2126405009e-01 -2.2158768830e-01 3.0173127177e-01 1.5543706148e-01 -1.1309650476e-01 -7.0772690382e-02 6.6966472629e-02 -1.0287631711e-01 1.6525308460e-01 3.5060957573e-01 -5.7791038818e-02 -8.5796479875e-02 -1.3136246416e-01 9.9227096752e-02 -2.8198471877e-01 -7.5879259166e-02 -2.0076970866e-01 -2.7081960128e-01 1.6198660734e-01 3.6028052588e-01 2.3065470684e-01 -1.8709788295e-01 7.5262507228e-02 -8.5750283638e-02 -2.3703536067e-01 -1.6866469686e-01 -2.1239793468e-01 -3.8883849748e-01 -3.3019489628e-01
-1.2694210552e-02 -1.4162323903e-01 1.0425026977e-02 7.1410251829e-02 2.3916324871e-02 2.0606869693e-01 -1.0406792978e-01 2.3854994124e-01 -1.6244257230e-01 3.1089057093e-01 -1.8859876779e-01 -1.6036888935e-01 -6.7991110092e-02 -9.8797789933e-02 -2.5577296717e-01 -1.1767786798e-01 -1.4650897025e-02 -7.4136271459e-03 1.2644541234e-01 -1.9593906276e-01 -1.2758475565e-02 1.2497692599e-01 7.9061620889e-02 -1.9174847003e-01 -2.0642366542e-01 1.1536391770e-01 4.9997806500e-02 -1.3208675201e-01 -1.8285698214e-01 -1.5726449481e-03 -1.4629825067e-01 -2.2600862584e-01
