-2.0546680687e-01 2.4483949686e-01 7.3849503526e-02 -5.2847742860e-02 -1.9463622029e-01 7.9726256917e-02 5.2384375311e-02 5.4991104853e-03 -5.9149382906e-02 6.9450501533e-02 3.1989238298e-02 -2.7282329484e-01 -2.6087822165e-01 -2.3193183196e-01 -2.3913057296e-01 1.0702624419e-01 -4.8454274860e-02 -8.6713896426e-02 6.4000329517e-02 -3.9947914789e-02 6.9419773842e-02 8.6705552527e-02 7.7242051399e-02 1.9085566251e-01
5.9581227988e-02 -5.9361398952e-02 3.6382137278e-02 -7.9419994052e-02 4.7219398072e-03 3.5629896066e-02 1.3931504647e-01 2.2625502165e-01 -1.2292533430e-01 1.8102813940e-01 -4.6994988615e-01 2.2477659472e-01 1.8885243859e-01 -5.7230229273e-02 4.4996382396e-01 -3.7641684607e-02 1.3660857926e-01 -1.1234922040e-01 1.5088793729e-01 1.6795281025e-01 2.0483508636e-01 5.6388410039e-02 3.9061692303e-01 -1.7085960699e-01
-4.7523489433e-02 5.1953957298e-02 -3.0769057695e-02 1.5941768234e-01 -2.6520931177e-01 -2.3674224693e-01 -5.6587638660e-02 -9.4156847838e-02 7.6585063637e-02 4.9870429793e-02 1.2253834189e-01 1.3696128074e-01 1.1730776335e-01 2.0801375627e-01 -3.0485699221e-02 3.4197042982e-01 4.9770658092e-02 2.2067482043e-01 -2.8497608110e-03 3.3319248386e-02 -7.2086859052e-03 -3.7330150622e-01 3.0246044013e-01 2.5449624920e-01
-1.7254953423e-02 1.4365420227e-01 -2.8495912368e-01 -2.0793156157e-01 -4.3390182367e-01 3.1966082990e-01 -2.5150048385e-01 4.3813083522e-03 -2.6869863442e-02 1.0353637825e-01 -1.1679795936e-01 -2.6638214748e-01 3.3066895851e-01 -1.3956468554e-01 -8.1678682242e-02 -3.7978938816e-01 3.3067491426e-01 -2.6958983359e-01 -4.9168469436e-01 1.5537801464e-01 9.4102069266e-02 2.3115482973e-01 -1.5699022160e-01 1.9840326668e-01
-1.6498914848e-01 2.9669989694e-01 1.7145836945e-02 -1.7812037704e-01 -2.0025517802e-01 -1.2621677326e-01 3.1101398894e-01 -8.6456237784e-02 1.0980377988e-01 -2.1032754834e-01 1.1294408736e-01 -2.3437261114e-01 1.4363063723e-01 1.0351785783e-01 -1.0316245565e-01 1.6753564356e-01 1.7536661418e-01 1.1056254876e-01 9.6942568907e-03 1.2017514691e-01 2.0075362919e-01 -3.1826126725e-01 -1.6614192711e-03 3.1007905068e-01
-1.2035317281e-01 -5.7112614039e-02 -1.6597429618e-01 1.5768401393e-02 1.0930913686e-01 2.3233793722e-02 2.1080380610e-01 7.7473256891e-03 2.0658388265e-02 -2.1666963600e-01 -2.5145344741e-01 8.6395900994e-02 -1.0807104656e-01 2.9239435288e-01 1.9377719629e-02 -2.0646314139e-01 3.2930100444e-01 -3.1992744751e-02 -5.2044059055e-04 -6.7875973639e-02 -2.6695231657e-01 -9.5223808472e-02 -7.3265250694e-02 -2.7285889831e-01
-1.0136965856e-01 -1.9892551887e-01 5.3064421590e-02 -8.7535831987e-02 -1.3913811428e-01 -1.2080733019e-01 2.1463514730e-01 -1.4855076177e-01 -1.1381216863e-01 1.9478579717e-01 -2.2867221823e-01 2.4983494598e-01 -5.6431751506e-02 -2.4997855847e-01 -3.7090484449e-01 -2.2717662707e-02 2.5847588010e-01 7.7328974489e-02 -1.6402341944e-01 -3.4262066862e-02 1.3827100918e-01 3.4769873031e-03 -8.1220123659e-03 -7.0200426449e-02
-2.0869007171e-01 -1.0454722527e-01 9.7632723346e-02 1.5454950496e-01 5.0718755308e-02 -1.3878358919e-02 2.0109131688e-01 1.1997024159e-01 1.8683858352e-02 -1.5042343949e-01 -2.9173902462e-01 -1.4434370905e-01 2.0296117695e-01 -1.9420364651e-02 1.3021833181e-01 -5.2616809759e-02 -1.7428700120e-01 -9.6103875716e-02 -1.6022626956e-01 -1.7562660587e-01 2.6348674847e-01 4.1880651774e-01 -8.2782666342e-02 -2.1559334962e-01
6.8146174722e-02 -1.0421698333e-01 1.2928882633e-03 9.1699220470e-02 3.1008017057e-02 -2.1396100805e-02 2.3606085368e-02 9.9951172570e-02 -1.5799708970e-01 -2.3035422917e-01 1.5033317624e-01 1.0547143245e-01 3.1980447049e-02 -1.1751310067e-02 -2.0103950240e-01 5.8269800609e-03 3.5769115302e-01 2.9390237508e-01 7.9323101001e-02 -4.8789003692e-02 -2.2911285612e-01 -8.1506988575e-03 3.7499447510e-03 3.5539576636e-02
1.4382920976e-01 3.7401118654e-01 3.0594991582e-01 2.1574129541e-01 8.5842765296e-02 8.9011031870e-02 6.1923898037e-02 4.0885854767e-01 -2.8488871896e-01 6.4174999706e-02 5.3121229098e-03 3.8298607635e-01 -1.4432510976e-01 -1.5827935405e-01 7.5429035636e-02 -2.1526159844e-01 1.2935269768e-01 -8.0951490203e-02 -2.8849556136e-01 -4.4006744610e-01 7.3173009957e-02 -1.1086581487e-03 6.6035002215e-02 -7.1288768328e-02
-1.1665031872e-01 -1.3208331708e-02 1.2085472148e-01 1.4755776946e-01 -7.3854429548e-02 3.1450311713e-01 -2.8806147099e-01 1.7020297402e-02 2.3010738619e-02 5.6544804794e-03 -2.9666791706e-01 -4.0770422118e-02 -1.6324667524e-01 -1.1192825555e-01 -3.4967322701e-02 -1.0087952497e-01 -4.7801707028e-02 7.0513454032e-02 5.6128745685e-02 2.5066705288e-01 -8.5985674348e-02 5.1843200184e-02 -5.5663256395e-01 -5.2673317773e-02
2.1527922244e-01 -6.1057239551e-02 6.5727790670e-02 -3.8164193453e-02 -5.9097560877e-02 5.2707196017e-02 5.2319652933e-02 1.0326426714e-01 -8.9165178910e-02 -7.3038457088e-03 -1.1431104381e-01 -7.8693218523e-02 -1.1671648569e-01 -8.3788572041e-02 1.9394866980e-02 -2.1442149646e-01 1.6071413786e-01 3.4686830628e-02 -2.9749888428e-01 2.4364601005e-01 -2.5644807209e-03 1.6480402513e-01 1.2925625286e-01 -3.4416637360e-01
9.6062560243e-02 -8.1183618651e-02 6.6121895438e-02 1.9391543385e-02 -9.2246110484e-02 2.4698482212e-01 2.2138679940e-02 6.3453730902e-02 -1.5247512907e-01 -1.3882477462e-01 -2.5783984554e-01 -2.2222124694e-01 -3.8084365065e-02 -6.1437160323e-02 8.7563698179e-02 -2.2050116365e-01 -3.2518765889e-01 8.9448508341e-03 4.2264180045e-02 -1.0079813311e-01 1.8385441601e-01 4.2798215955e-01 -1.8440279523e-01 7.9716469469e-02
4.5349991966e-01 -1.9740163965e-01 -6.8621531065e-02 2.2624440961e-01 3.0993360181e-01 -1.3473627215e-01 2.4612583615e-01 5.3746363029e-01 1.8452500316e-02 -3.7222056761e-01 -7.6536745696e-01 -5.9887964325e-02 -1.1682040838e-03 2.5737395441e-01 -3.6728161251e-01 -2.9383026034e-01 2.7574290764e-01 1.3572527735e-01 1.9587875522e-02 -2.0081350959e-01 2.8167882686e-01 -5.7620239529e-02 3.3973396876e-02 4.0801841135e-02
5.6891343645e-02 2.6213228127e-01 9.2160595548e-02 1.4892585317e-03 1.7337447793e-01 -6.5720624152e-02 -7.3696219527e-02 -5.1056409627e-01 -1.7090207602e-01 2.9045521171e-02 7.9359163200e-03 2.9550910017e-01 -1.2556992963e-01 2.3697160740e-01 1.0820945884e-01 1.8271422990e-02 2.4511461021e-01 2.2159321262e-01 9.4211619081e-02 5.6260608435e-02 2.5206670211e-02 3.5444464978e-01 -2.9135759854e-01 2.8955637811e-01
2.2593771969e-01 -4.5180836682e-01 2.0128955263e-01 9.4027866928e-03 -8.7893736687e-02 -5.9104858472e-02 1.5054998889e-01 -6.3076355088e-02 -6.1948362221e-01 -2.6749779641e-01 -3.3343786874e-02 -4.3974017636e-02 -2.1796362376e-01 4.2811567215e-02 -7.3734218634e-02 2.1995007578e-01 3.3289921572e-01 2.1673414726e-01 -1.5258701950e-01 -1.4374506437e-01 7.3644347209e-02 -1.9289494204e-02 -1.2127697566e-01 -3.4251496597e-01
-1.4492665816e-01 -2.7416599822e-01 1.7976587186e-01 -1.5194749661e-02 1.0310879570e-01 3.6178163333e-01 2.7304499588e-01 -1.7289548735e-01 -8.8268839776e-02 8.2856119773e-02 -3.2695847870e-01 -8.4643044196e-03 -3.1297148674e-02 -2.8041685045e-01 -2.7094865117e-01 -1.8626773166e-01 -2.3189725982e-01 -4.7917449960e-02 6.9122804122e-02 2.2160357507e-01 -2.4841900727e-02 -4.0003739962e-02 -1.0617523175e-01 -1.9246421912e-01
9.7068579730e-02 -7.6364525781e-02 -1.2898074064e-01 -2.8264337571e-01 -6.8935989515e-02 -3.5910662511e-01 -2.0007225612e-01 -4.3504040774e-02 1.0752471638e-02 -5.5075219514e-01 1.3737563865e-01 -1.4802212761e-01 8.4058791987e-02 -6.5936696138e-02 -2.3012630964e-01 2.7863136487e-01 -2.1026299308e-01 1.5987459058e-02 5.1563432286e-02 3.9387475542e-02 -2.5946518489e-02 2.1332220260e-01 -1.4054595093e-01 -1.5779059174e-02
6.8287846759e-02 -8.1487440943e-02 2.7038955669e-01 -4.3049691768e-01 2.2118032072e-01 1.4887286985e-01 1.9837997247e-01 8.7009666999e-02 5.5989523241e-02 1.4949400516e-01 -2.3085811596e-02 -5.8497445553e-02 2.4997297083e-01 2.8959129837e-01 -1.3463507806e-01 1.1599478181e-01 -2.1609763837e-01 2.1435040262e-02 1.8426367895e-01 -2.0764745461e-01 1.2700432469e-01 1.1677481054e-01 1.1375186701e-01 -1.6288309350e-01
1.7205878009e-01 -8.5002159852e-02 2.0282453000e-01 6.0545359477e-02 1.0879972209e-01 2.2635483389e-01 -1.8182230397e-01 5.4987167029e-02 -1.6944663507e-01 1.8083371880e-01 1.7163780239e-02 -2.0637010728e-02 6.7168301554e-02 -3.5607124308e-01 -1.5191925155e-01 2.5797565490e-01 -8.6964423448e-02 2.8117573171e-01 -1.4707879628e-01 -1.2516942339e-01 -1.5897264947e-01 1.3255933143e-01 1.3502633071e-01 1.7227221240e-01
9.5635660438e-02 -1.8711109567e-01 -5.7195026361e-02 5.0757524286e-02 -2.9915304683e-02 -2.7183895986e-01 -3.7015651124e-01 9.9291108781e-02 7.7929063877e-02 1.3341637042e-01 -7.8119845849e-03 -1.0171661023e-01 4.5991522920e-02 -1.4477206797e-02 5.6637206893e-02 -2.2527786298e-01 1.2775967363e-02 1.7133806367e-01 -4.1077601412e-01 -1.0116352271e-01 7.7945524212e-02 -7.2672046998e-02 -1.5838193776e-01 3.1141301238e-02
-1.1873154494e-02 1.2910328171e-01 9.9017978005e-02 -7.6155586233e-02 5.1782121207e-01 1.6461843823e-01 1.7089394213e-01 7.0223361711e-02 -2.5383970289e-01 -4.3686876399e-01 1.0244239654e-01 5.4241667150e-01 7.4157956832e-02 -1.4895471938e-01 8.2181471648e-02 1.1591456792e-01 2.6109160984e-01 -1.2826140620e-01 -1.6783517885e-01 -2.3647294502e-01 -2.4399895126e-04 -2.3557186408e-01 -1.3850676874e-02 1.8031027861e-01
3.4605696672e-01 1.1876171385e-01 -3.0752806190e-02 -1.2611997987e-01 5.3462685452e-02 -1.6812429994e-01 -2.1985523517e-01 -4.6752568102e-02 2.9488301838e-01 -1.1292444810e-01 1.0137494761e-01 -1.4548249951e-02 3.6130418914e-01 -1.2508414006e-01 1.7210471666e-01 6.1444704334e-02 -6.0271162601e-02 3.3067413727e-01 -1.6551057157e-01 2.0646379782e-03 1.6769127706e-01 2.5436106375e-01 2.4139618519e-02 -3.6794229381e-02
3.5639553714e-01 3.3334700125e-02 2.8469620135e-01 -8.6154971836e-02 -2.6601206777e-01 4.5137554953e-01 -1.8490819407e-01 1.6031183302e-01 3.1460231816e-02 -1.9541591849e-01 -2.9954608115e-01 -2.1189664502e-01 -1.6321674040e-01 -1.7944540778e-01 -2.0547319685e-01 4.5632106620e-01 -1.1403136088e-01 2.8117918928e-02 4.6556721302e-01 3.9954741061e-01 1.1206388561e-02 -2.9041918344e-01 -2.2713150334e-01 -1.5004335926e-01
