1.3195028029e-01 9.9792873135e-02 -2.9769382005e-01 -2.0503477152e-02 1.1366373616e-01 2.4881353776e-01 2.8275554180e-02 -6.0181328392e-01 2.4674138137e-01 1.4727085273e-01 1.5456368559e-01 4.3114377323e-01 3.6325053195e-01 -2.9757815747e-01 -3.8870369984e-01 5.0613046672e-02 -1.1739342898e-01 1.6753940487e-01 2.9312723326e-01 1.0699821871e-02 -2.0062496253e-01 -6.1650226193e-02 -1.6766456807e-01 -1.3781152073e-01
-2.2892933246e-01 3.1890287748e-01 -1.2784700747e-01 -4.7862020406e-01 1.5707521089e-01 -3.6646739783e-01 9.3464343913e-03 1.0295205612e-02 -3.3973475994e-01 -4.1328040306e-02 1.2954236807e-01 -3.5359400510e-01 -1.1748683300e-01 2.0810291857e-02 2.7569409614e-01 -1.8575086111e-01 -1.0414851806e-01 -2.5373890039e-01 -1.2852904182e-01 8.3601364487e-02 -6.9150473618e-02 2.6064516903e-01 -2.8512336543e-01 -1.7461475405e-01
-2.8790055067e-01 4.1828982690e-02 -2.1316606324e-01 3.8480778984e-02 3.1974502027e-01 -9.5337110515e-02 -2.3909751618e-01 -5.5739043281e-01 -3.0804040988e-01 1.2204885099e-01 3.4079182602e-02 6.4289243242e-02 9.8078656919e-02 2.4832490684e-01 2.0936206724e-01 2.5876137801e-01 -3.6206141085e-01 -9.8364020442e-03 -6.7362649790e-02 -8.8509419592e-03 2.9825308482e-01 -8.9436494802e-02 2.9752893990e-01 -7.2115706365e-02
-1.1325507494e-01 -6.1397550272e-02 1.4534400691e-01 -1.4844010648e-01 1.9093146355e-01 -1.9139853124e-01 -2.3695809329e-01 3.6356401750e-01 -2.5128798945e-01 -9.6986791208e-02 3.8397691659e-02 -6.7149400925e-02 2.4143312251e-01 2.8005273136e-01 -7.2650558401e-02 3.0188371723e-01 1.4996248836e-01 -1.2003649792e-01 8.7108646404e-02 -2.1140096262e-01 -1.6021873786e-01 -1.5857455710e-01 2.8499287730e-01 6.8542181011e-02
2.1095015899e-01 1.0745403225e-02 -1.3069757231e-01 6.8030125109e-03 -3.4666029547e-02 1.2026352424e-01 -1.4071487748e-01 -7.1444119346e-02 1.0511814891e-01 7.0306129318e-02 -3.5384712982e-02 1.2840610900e-01 3.3218648954e-01 1.1861007848e-01 -3.3985528519e-01 1.5328192786e-01 -2.3859444403e-01 -2.4239698020e-01 1.5942426053e-01 -5.2694702716e-02 -2.7502615995e-02 1.6747025949e-01 2.6139296930e-02 5.4761852798e-02
6.7014885278e-02 -3.8591984480e-02 2.7796761253e-01 -4.3328607378e-02 -2.6573812054e-02 9.4810070373e-02 1.1048064536e-03 -1.2254778232e-01 2.9285578791e-01 2.5385311137e-01 2.3474109056e-01 -4.2757435855e-01 -2.5447578156e-01 -2.1561969758e-01 2.2478915456e-01 6.3675188550e-02 -2.5882446748e-01 1.9203871848e-01 -2.0983587242e-01 -1.3868598190e-02 1.0951055335e-01 -3.3727841209e-01 -8.0182835667e-02 -1.5630174652e-02
-3.8225784594e-02 -2.1084040369e-01 -5.5099741969e-02 2.3973657492e-01 -5.7536153354e-02 2.5934372245e-01 -8.0126806183e-03 4.2392019122e-01 -2.4645091660e-02 5.8606585454e-01 1.7292820996e-01 3.2055394525e-01 1.4332696538e-01 -1.4373907249e-01 -3.3679233955e-01 -1.8375863653e-01 -1.4328922340e-01 9.2098166253e-03 2.5056933433e-01 -1.7103646711e-01 -2.1580747987e-01 -1.2745271018e-01 -1.2229608379e-01 -3.5328366547e-01
-2.2338582729e-01 6.8765987966e-02 -5.5816614560e-02 1.4783742105e-01 1.1866717582e-01 -1.1127749744e-01 4.6436678209e-01 1.6185770082e-03 9.6802662105e-02 3.2601410270e-01 -2.5026890014e-01 -2.3388709985e-01 -7.6367829703e-02 -3.0514990064e-03 -1.7853923466e-01 -2.3746197000e-01 -2.0556235886e-02 -3.3457770763e-01 4.2780912265e-02 -1.7771380640e-01 2.3730640109e-01 -1.7513235239e-01 2.2786948266e-01 -3.2996315894e-02
1.1185473853e-01 -4.3751881454e-02 2.6701385146e-03 -1.6175052989e-01 2.0736526233e-01 4.6802182220e-02 -2.9768447851e-01 4.9690645675e-01 2.4517938159e-01 2.4182134969e-01 1.0576409579e-01 1.7727011829e-01 1.3229693347e-02 -1.6232691646e-01 -5.0002500684e-02 1.5695669943e-01 1.0921084484e-01 4.5218400846e-01 -5.9868169347e-02 4.0397728425e-01 1.4245935489e-01 -1.8522680976e-01 1.5052073888e-01 1.5978141410e-01
1.7225221665e-03 -2.1093164135e-01 1.6993184750e-01 -5.4291545686e-02 2.6851167583e-02 -2.1908957794e-01 -1.9676448817e-01 -2.4659129326e-01 -7.2890063075e-02 -6.7790019763e-02 -1.2800563621e-01 1.2119762550e-01 6.6313682848e-02 -4.2604366901e-01 -1.5986178666e-01 -3.8713655401e-02 -1.6573253303e-01 2.0646151632e-01 1.2402117506e-01 1.7800410515e-01 2.4326054293e-01 1.5257420229e-01 1.7050753531e-01 -3.9193699866e-01
3.1780557814e-01 -3.6560828627e-02 -1.8314951069e-01 -4.6328684689e-02 -1.5601500432e-01 1.1650644702e-01 -2.0195515484e-01 1.1630099862e-01 6.4225391727e-03 2.4350253684e-01 -2.4142694629e-02 -1.2973375921e-01 2.1219277901e-02 -1.6759666504e-02 1.1044808181e-01 1.1972610007e-01 -3.0649131528e-02 3.8333885839e-01 6.4614898042e-02 -1.0631657063e-02 1.9701521592e-03 -4.7068427479e-01 2.0992885094e-01 -1.9524349364e-01
1.1873693140e-01 1.0502104932e-02 3.5339834895e-02 1.5099939383e-01 5.1300113541e-02 -3.4703063016e-02 -1.3849709391e-01 -7.8504089283e-02 1.2797666834e-02 4.0956384566e-01 -7.5753196379e-02 8.4474498711e-02 -2.8944557881e-01 -9.1837435035e-02 5.4824140714e-02 6.3082873488e-02 -2.6941072805e-01 -1.7270618728e-01 3.1650628137e-02 1.6356952209e-01 1.2387394609e-01 -7.1396197904e-01 1.7962128489e-01 2.7115615475e-01
1.8798420395e-02 -3.6415397539e-01 -8.3259817258e-02 2.8387350527e-01 -2.0290626314e-01 2.0986863089e-01 1.7084272938e-01 -6.5942670013e-02 5.1585221282e-02 -6.6364362497e-02 -9.7276613861e-03 2.6329817267e-01 1.1614886565e-01 4.9316180811e-01 -1.1502235550e-01 -3.9490969128e-02 -3.0977892653e-01 3.8213867807e-01 -4.0937061896e-02 3.7285700638e-02 8.1340441738e-02 1.0600388702e-02 -4.3560889488e-01 -1.2791596905e-01
2.0818301395e-01 1.2938115159e-01 -9.5832577857e-02 3.2818708422e-01 1.5987866648e-01 1.5398641461e-01 -3.4113570370e-01 8.8711981835e-02 8.5268599488e-02 -1.0471905830e-02 2.6909478654e-01 -2.9444588722e-02 -2.4254282545e-01 1.6340155326e-01 -2.0799577706e-01 1.5961033683e-03 3.3135477156e-02 -1.6992145942e-01 2.3710180088e-03 -2.5949283273e-02 6.7062435976e-02 -1.3727710034e-01 1.9120952310e-01 -2.6326422169e-01
-7.9723042569e-02 -8.6468255224e-02 5.1323072801e-02 -4.6002716017e-03 1.4474878562e-01 6.7855433568e-02 1.0053061033e-03 -5.3865725285e-02 1.6458760445e-01 8.0145448228e-02 1.7207455525e-01 -1.7967484814e-01 -9.2408940220e-02 -1.8548379707e-01 1.2466482962e-01 7.0172164551e-02 -2.1912724702e-01 8.5123179422e-02 2.2757399801e-01 4.3017027173e-01 1.4543328504e-01 5.8654351299e-03 -1.2720276671e-01 1.9211755808e-02
1.7312108267e-01 4.6539932509e-02 -1.3220436823e-01 1.5058949188e-01 2.1651864700e-01 -1.2439400196e-01 -7.3442472315e-02 -1.9521659315e-01 -2.4375889228e-01 1.5427577991e-01 -1.9525623009e-01 1.8175105652e-01 2.6062166346e-01 -2.6205305836e-03 2.5371723679e-01 -7.3660908964e-02 2.3539298846e-01 1.7034700370e-01 1.2749820273e-02 1.6046558723e-01 -2.8583066175e-01 -9.1575730693e-02 9.8445401416e-02 -2.6459552392e-01
-4.8058608362e-01 -2.6937172201e-01 -2.7213454437e-02 -1.1485925772e-01 2.2882845789e-02 -1.0377267165e-01 9.3800263549e-02 -8.9249898766e-02 1.2674291515e-01 3.3425919029e-03 -1.1530288204e-01 1.8828559598e-01 1.2905646975e-01 5.9046509302e-02 3.5768734812e-01 3.3382088283e-01 -1.0464975840e-02 -1.9964566663e-01 -1.7107453152e-01 -1.9814680641e-01 1.4619677956e-02 -3.3880801916e-01 9.1250046665e-02 -1.6900773301e-01
3.4144883621e-01 4.0989980272e-01 2.8480579551e-02 -1.9349469112e-01 3.1603323008e-01 -1.5471877625e-02 -1.9907107003e-01 -2.0117304733e-01 -5.3146384497e-02 2.8063409518e-01 -1.6576446253e-01 -1.2914318942e-01 -5.0407552909e-02 -4.5782768537e-02 -8.0442416061e-02 -1.4462659903e-02 9.4240734129e-02 7.1624192656e-02 1.0549727596e-01 -3.2702552450e-02 3.0934350529e-01 4.2652486031e-03 -1.5701808226e-01 -1.6420659304e-01
1.6922666676e-01 -2.1299956089e-01 -2.8377530597e-01 5.3227465077e-02 1.9154798266e-01 -1.7952311200e-01 -5.9349265816e-02 1.3759287387e-01 -3.7947145806e-01 -4.3993376755e-01 -3.8122522703e-01 3.7166847015e-01 3.0321970521e-01 -1.7766500458e-01 3.8555229563e-01 1.4823623910e-01 8.8521887047e-02 -1.2866999274e-01 1.9998558331e-01 -1.3265066240e-01 -2.2050622758e-01 1.3297333718e-01 1.6324729561e-01 -3.5867985759e-01
-2.7286843410e-01 -2.8098314818e-01 -3.3526731304e-02 -2.9547063858e-01 1.7592624877e-01 2.0306480250e-01 -1.2289298012e-01 -5.5471712749e-02 -5.0016562827e-02 -1.4689727324e-01 1.2423548384e-01 1.5579403428e-01 -4.9174856154e-02 -1.0952395925e-01 1.2588091717e-01 2.2762035431e-01 -3.6081889575e-01 -6.0412236232e-02 1.9053220926e-01 -8.1528215079e-03 -2.9550035255e-02 -2.4954774650e-02 -1.9370136853e-01 -3.3988565648e-01
6.4335439870e-02 -4.0715357938e-01 3.3591654930e-01 2.0489254914e-01 2.1208591967e-01 9.1289282171e-03 1.8188317995e-01 -1.6470001759e-01 2.0160777943e-01 -2.1835549174e-01 1.9273351057e-01 -3.0026825905e-01 2.0759915902e-01 -2.6314590845e-02 -1.9674226094e-02 2.1452604261e-01 -1.8506262285e-01 4.5888931204e-02 -2.7618055992e-01 -1.6868456483e-01 2.7391227958e-01 -6.4307139433e-02 1.7603100697e-01 -5.9451899169e-02
-4.9502629900e-02 4.7001642722e-02 2.8843205724e-02 1.0642939398e-01 -3.9579234880e-01 -1.7727962746e-01 -3.3062995058e-02 -1.9893643143e-01 -3.9030105487e-01 8.7220226638e-02 8.2422129765e-02 -1.1695429825e-01 7.3909862841e-02 2.8208640724e-01 2.1406573308e-01 1.0857291905e-02 2.5231888025e-01 1.9676800740e-01 -5.5446088304e-02 -9.7692260240e-02 -2.2655085007e-01 3.3782451410e-01 1.0657395917e-01 -5.0891749044e-02
-3.2091922267e-02 3.9388866961e-01 9.7379181104e-02 -3.2916390442e-01 1.6012738993e-01 9.3371233626e-03 -2.0653186695e-01 -1.2041799800e-01 2.0898339129e-01 1.3643886955e-02 -3.4556950685e-02 -4.5077499270e-02 1.0305443587e-01 1.4387291447e-01 -2.4054383482e-01 3.6242622029e-01 3.9033869649e-01 -2.6032579423e-01 -3.2980799155e-01 -3.4440973196e-02 1.4568063195e-01 1.1675866513e-01 -1.1347255237e-01 -3.1188574591e-01
1.6693816687e-01 7.2829793516e-02 -2.2325532884e-01 -7.5791758171e-02 2.2616266783e-03 -1.0055793475e-01 -1.6839746691e-01 -4.8401834374e-02 -1.9888190425e-02 -8.8327501683e-03 -1.1866696744e-01 -7.8155044392e-02 -3.4241143495e-02 -2.3589316944e-01 -1.2872894242e-01 1.1029484914e-01 -2.3406476883e-01 2.7519052865e-01 6.7673043978e-02 -1.1013123383e-01 1.7611359451e-01 -8.9670418059e-02 -1.4356663005e-01 9.8285407620e-02
