9.8772138719e-01
7.7213465453e-01
2.2526314601e-01
3.2653010884e-01
-1.0181063032e+00
-1.1502476251e-01
-5.6480844890e-01
-5.6631898804e-01
-2.7086171077e-01
-1.9196337564e-01
1.1514661721e+00
-2.6345353799e-01
4.9546654161e-01
-3.0179891736e-02
-2.1802730887e-03
-1.8147003436e+00
1.2351266307e-01
-9.2151465403e-01
2.7087595211e-01
-1.0773088953e+00
-1.2878356287e+00
-3.6062995142e-01
-7.1557055080e-01
1.0880065537e-01
-1.3721859551e+00
-5.8811604929e-01
5.2997243579e-01
8.1086030909e-01
3.9155977021e-01
-1.0450078803e-01
7.6095445510e-01
4.7716751504e-01
