-7.2408785492e-02 1.2587668125e-01 2.8792802894e-01 -1.6151978785e-02 1.5807238999e-01 2.0421599872e-01 -1.9513016224e-01 -2.2002017384e-01 8.7138587754e-02 -3.4672116095e-01 -3.1075747102e-01 1.4541935896e-01 5.0305949822e-01 -2.4741364144e-01 8.5995001599e-02 5.7248254102e-01
6.7390739810e-02 8.8798058278e-02 -3.3029914974e-02 1.9072440055e-01 2.8013245528e-01 -1.3070793404e-01 3.4876647567e-01 -2.7070387316e-01 7.5909482758e-02 2.0182969948e-02 8.4039815227e-02 2.0403006387e-01 -4.3084643807e-02 -6.4639623653e-01 8.6793408148e-02 -1.4270940322e-01
3.0225140795e-01 -2.3084016275e-01 3.4557260030e-01 -2.6035884518e-01 9.8538507708e-02 1.3366880709e-01 -5.3627269553e-01 -9.2625033203e-02 -6.2303043033e-01 2.2701437625e-01 -6.8417795352e-01 8.0174677345e-03 -7.2459233458e-02 -4.8114378238e-02 -1.0531557019e-01 -5.4900935656e-01
1.7789383692e-01 -6.9107536324e-03 -8.7218526671e-02 4.9268123936e-01 7.5878527591e-02 1.4221091889e-01 3.6542491854e-01 -2.9153763691e-02 -2.2902936698e-02 2.1681694769e-02 -1.6098583015e-01 1.1775809748e-01 -8.4305373914e-02 7.1034242068e-02 -2.3284436363e-01 -1.0003074950e-01
1.0757273466e-02 -1.5416972211e-01 2.3880662455e-01 5.3453729273e-01 2.3341101683e-01 -5.5467689283e-01 3.1352167541e-01 2.0975211667e-01 -1.8849142305e-01 -8.9927994940e-02 -1.9925399254e-01 -2.2840143696e-01 -2.8196061071e-01 1.0208184708e-01 -4.5738566840e-01 -1.4624841872e-01
-2.0588441812e-01 -1.4500315674e-01 4.7772575599e-02 1.4570993592e-01 -6.6631489293e-02 5.7186517349e-02 1.4778267914e-01 2.3199724514e-02 1.9215997442e-01 2.2630162557e-01 -1.3609592349e-01 1.3874260519e-01 2.3628075086e-02 2.3200560216e-01 2.1473434183e-01 2.4292764951e-01
-1.2385052435e-02 1.5721270599e-01 1.9942949599e-01 1.7075498071e-01 2.7875017457e-01 -6.5546408515e-02 -1.0526270399e-01 -1.0425448682e-01 4.0087205347e-02 -4.4572223499e-02 -3.9026703350e-01 -5.5854412753e-01 3.6426555178e-01 -1.8237570031e-01 7.5521595502e-02 1.1967890180e-01
9.3968356666e-02 3.4669893367e-01 -1.9036685991e-01 6.7767419572e-02 -1.6002129190e-01 -2.8843230296e-01 1.4119279289e-01 2.7981974286e-01 -1.5981877695e-01 -1.2380175264e-01 5.2536101717e-02 -2.7298065092e-01 3.1105330099e-01 1.8773013740e-01 -3.0292134255e-01 1.8981377754e-01
-2.3947518319e-01 3.8217446374e-02 -1.2468858547e-01 -8.2338888704e-02 7.6635091502e-02 1.7684032498e-01 6.3509982656e-02 3.1959632210e-03 -7.4066544024e-02 -3.3858332152e-02 3.0288332451e-01 -3.9662198879e-01 1.9869172663e-01 2.4763435659e-02 -1.8068882169e-01 -5.7650762552e-01
-6.2515719501e-01 -6.1625154191e-01 -5.0230436909e-02 -1.0186954526e-01 5.8514687926e-02 1.2735563583e-01 -1.5236150663e-01 -3.1289004259e-01 -8.9786759877e-02 4.8941318815e-02 -4.8785107858e-01 -2.1900473008e-01 -2.8347634858e-01 3.2157604799e-01 -1.0986205254e-01 1.4649601687e-01
3.5528143842e-04 -5.2932987399e-01 -1.3967010307e-01 -3.6323995662e-02 6.8817554924e-02 3.4040146910e-01 3.0724628700e-02 -2.2746660971e-01 2.7333877386e-01 2.3519252444e-01 7.8360725119e-02 -1.9587662225e-01 1.7215147463e-01 2.6429980946e-01 4.7466868297e-02 -8.4350860738e-02
-9.1047385011e-02 1.0327781073e-01 4.7223498449e-01 -3.5961333683e-02 1.6068115929e-01 3.3761204257e-01 2.8598107656e-01 -8.2244867900e-02 3.0616310117e-01 1.1969573884e-01 3.6074912525e-01 4.6197935201e-02 -3.2176532604e-02 4.8790841891e-02 2.0514695527e-01 4.8623352326e-02
1.8205969312e-01 -9.9330345300e-03 -1.0918901041e-02 1.9862816013e-01 -2.6045872243e-01 2.5032848075e-01 -4.0547818341e-01 8.9550698728e-02 -3.7543205902e-01 2.2591780392e-01 1.3345392205e-02 -2.6189248553e-02 -3.0117225014e-01 -3.0916024837e-01 4.4228541898e-02 2.6225199825e-02
-2.8832065710e-02 2.9597155045e-02 -4.1106482610e-02 -1.2234365343e-01 -4.1475315828e-01 -1.2825415542e-01 3.5418512611e-01 -1.4755301246e-01 3.9339553095e-01 1.2511054015e-01 -1.2468739066e-01 -4.2949712528e-02 -3.7580222108e-01 -4.1693335947e-02 2.5846366506e-01 -5.6543880159e-01
-3.3634418089e-02 -8.9812579803e-02 2.4732486597e-01 -1.7566491717e-02 -1.4857988951e-01 -2.6353006127e-01 -2.9664209095e-02 4.5484436145e-02 -4.1354987708e-01 1.9014116459e-01 5.4209019720e-01 -5.3265644018e-01 1.4622991043e-01 2.5881359235e-01 -4.1732179843e-01 -1.4400962165e-01
7.9807145939e-03 -1.3535578408e-01 2.8605758900e-01 -2.2638636655e-01 2.5841569081e-01 2.2083718750e-01 -2.7150605183e-01 8.5364938616e-02 -6.9193797038e-01 3.2139245251e-01 -3.0563698605e-01 -1.7854145885e-01 2.2876304846e-01 -1.9550763842e-01 -1.4474585960e-01 1.6334552707e-01
