1.3086524816e+00
1.5847957634e+00
-1.5618591582e-01
-2.5768716240e-01
-5.0272107056e-01
4.6422008660e-01
1.3117110944e+00
1.1651925657e+00
3.1499997358e+00
8.4274215365e-01
-8.7752503883e-01
6.7582175734e-01
3.1976044947e-01
5.4017986110e-01
-6.3759363542e-01
-1.5643081034e+00
1.3951561631e-01
7.4456204998e-01
-1.9632010584e-01
-4.1805801092e-01
-2.7639650774e-01
-6.1590850958e-01
-4.9897253889e-01
1.2378800863e+00
-1.2036080569e+00
3.6825346543e-01
5.9444008591e-01
8.2942243891e-01
-1.2288926547e+00
1.4344529906e+00
1.3728467717e+00
-7.3936403375e-01
