8.5108220464e-02 9.6385620865e-02 7.1635540473e-02 -9.1827047982e-02 1.4056728679e-01 7.2589993159e-02 -1.8813786938e-01 -1.0538717362e-01 2.5719895184e-01 -1.5596966165e-01 1.0372280359e-01 2.1476522129e-01 -3.1348721820e-01 -1.1089476346e-01 1.3627453871e-01 -2.4410857016e-01 3.2781296597e-02 2.3603115763e-01 -1.2688688188e-02 -2.7773350084e-01 1.6849513377e-01 3.2496685103e-01 -4.7581271318e-06 2.1881766077e-01 -9.2075428952e-02 1.0948433730e-01 -1.5608555837e-02 -3.1212364200e-01 1.4490621436e-01 -5.2119597867e-02 2.4766982425e-01 -1.4643824536e-01
3.6068461275e-02 7.3844906921e-02 -1.9754750448e-01 -1.7855195470e-01 -5.6082965938e-02 -6.0852900196e-03 1.6599490317e-01 1.0172721843e-01 2.8856286782e-01 -1.7538627676e-01 -4.0775805567e-02 7.8930083546e-02 9.1419074086e-02 -2.1899124704e-01 5.9294911957e-02 -3.2899024465e-02 -1.4087480620e-01 2.3058451555e-01 4.3860664950e-02 -1.0904061447e-01 -1.2116859252e-01 -1.2097048462e-01 -2.0520214524e-01 -1.4871401043e-01 -4.1580309189e-02 7.5472977073e-02 2.9305846168e-02 2.2018991173e-01 1.4206330389e-01 3.7943667110e-01 -8.2692610396e-02 3.4061107683e-01
3.0801943525e-01 -7.6164930006e-02 -6.4643572706e-02 -6.9218410075e-02 5.9042187398e-01 1.3983015739e-01 2.1228199101e-02 -6.3187106787e-02 -7.8477846391e-02 1.3771178376e-01 7.2555799391e-02 -5.3486637637e-02 9.8287258228e-02 2.6955776601e-01 1.5009389993e-02 -2.3051055075e-02 8.9773480291e-02 -1.2702959872e-01 1.3864529306e-01 -1.0680275122e-01 -3.2834911894e-02 2.4595194260e-01 -1.0654813020e-01 -6.3253213419e-02 2.3627740701e-01 1.7215454418e-01 -2.7063223959e-02 -1.9619656886e-01 1.6402265756e-01 2.4172799418e-01 1.6278124181e-01 -3.1902532744e-01
-2.2619659343e-01 -4.1983691608e-02 -1.7340436410e-01 1.0046133770e-01 -1.1859209610e-01 -3.2964643564e-01 -3.1030287890e-01 1.0446825187e-01 3.5356721374e-02 -3.8004146905e-01 -2.2785482481e-01 -5.6541125698e-02 -3.7102745722e-02 9.0107984297e-02 -2.4698306050e-01 -9.4870538499e-02 3.0058824240e-01 -3.8258336629e-01 1.5839021635e-01 5.9773742622e-01 8.9959326825e-03 -1.4899447030e-02 -4.6857764840e-02 -1.0499925310e-01 -9.9707556782e-02 -2.5061935748e-02 1.3112302985e-01 -1.9875217438e-01 1.8781842893e-02 3.1706385033e-02 -1.1186218346e-01 5.0353369707e-02
1.7527375659e-01 -1.5748707052e-01 -6.9344684512e-02 1.2118830167e-01 -5.8224105825e-02 6.5765405354e-02 -2.7705113226e-01 -1.6772095849e-01 3.1302952386e-03 -2.4959459013e-02 5.8268911596e-02 -2.1629738402e-01 3.4756247174e-01 -3.5398507833e-01 4.5007543943e-02 -5.6787921246e-02 -3.7009394739e-02 9.4313862688e-03 -5.0852630593e-02 -2.3842558259e-01 5.5555840710e-02 -3.6636624800e-02 -3.8366805062e-02 2.0472202465e-01 -4.0074176676e-02 -1.6226811287e-01 2.7676221463e-01 1.3209921080e-01 -2.2094053565e-02 4.5637437907e-03 -5.4306475250e-02 -2.2509309091e-01
8.5814735467e-02 3.7540828890e-01 4.4280785015e-01 9.1532380353e-02 -4.6858968484e-01 2.3213583485e-01 -5.8779368476e-01 -5.9398661951e-02 -3.2219909442e-02 1.7785503540e-01 -1.5724993934e-01 2.3147235748e-01 -1.9578863315e-01 2.0773114611e-01 -2.2470744406e-01 1.3561644460e-01 -2.1280513407e-01 -1.4557727472e-01 2.0383203992e-01 1.7206095229e-01 -3.1965781332e-02 -1.6034272210e-02 2.0995734657e-01 1.8646229142e-01 -9.0962711304e-02 -6.9162489448e-02 2.2112853190e-02 -9.2632272117e-02 -1.0737844173e-01 -2.4619990820e-01 -4.4123802613e-01 1.5721678006e-01
-2.7414241298e-02 -1.6515222175e-01 2.5368736599e-01 -1.2401467960e-02 -7.9861634430e-02 2.5795283881e-01 6.0141647508e-02 3.9099327762e-02 -3.4308128758e-01 5.3773790342e-02 -3.0592841603e-01 8.0566174757e-02 -1.6227555257e-02 -5.6513164409e-01 -1.0275466271e-01 2.1432151431e-02 -7.9615995802e-03 -1.4829016267e-02 -1.9211344143e-01 1.4723715754e-01 6.8639435544e-02 -1.8767833065e-01 -1.5349262993e-01 5.7699804382e-02 -9.4615065713e-02 -6.7777130333e-02 2.8799374245e-01 -4.4611518980e-01 -1.1841824295e-01 -1.8255871037e-01 3.0902547509e-02 -1.5992365316e-02
-1.9075227585e-01 6.1927301618e-02 -1.7037028933e-01 1.5266494499e-01 -1.7314087220e-01 -8.1033269387e-02 3.0644499735e-01 -2.5681917009e-01 9.5276046533e-02 1.8056287025e-01 2.4543212198e-01 -1.2590480214e-02 1.4629503924e-01 -7.3445908328e-02 2.8356604859e-02 1.1177719207e-01 -7.2091923378e-02 1.8233625751e-01 3.6846405206e-03 -2.3599673662e-02 2.4414309400e-01 2.6213525144e-02 -5.8868157642e-03 -3.9474349458e-01 -2.0167839720e-01 -8.6539027138e-02 -2.0098203907e-01 7.9915951505e-02 2.0416175174e-01 1.0487367947e-01 -7.9988806088e-02 -9.4503377555e-02
-2.4735477817e-02 -1.0001376362e-02 -2.9913537345e-01 -4.0479109246e-01 2.2301046057e-01 -1.0866700267e-01 -2.2006757468e-01 1.6828002324e-01 5.6990012284e-02 2.3392266501e-01 1.2995423738e-01 1.3513926163e-01 2.7200172605e-01 1.7220813045e-01 -1.0116735598e-01 1.4181898018e-01 -1.4288846920e-01 -1.1382904474e-01 1.3716921488e-01 1.7638377793e-02 2.0995701086e-01 2.4735409373e-02 -1.7540062956e-02 -6.3701422072e-02 1.1045981673e-01 -3.9479245621e-01 2.6031381272e-02 1.4463010740e-01 -5.6018618997e-02 9.4355535946e-02 8.6648519169e-02 -3.3477712768e-02
-4.7744372396e-02 -1.6615219291e-01 -2.0502119757e-02 -2.7096308759e-01 2.3778802955e-01 1.8370239945e-01 1.1998178067e-01 1.6117100318e-01 -4.1797868879e-02 8.7920290266e-02 1.6338372360e-01 -3.5025776835e-01 -2.0023613496e-01 -2.9127663335e-02 2.8531127363e-01 2.1754333547e-01 1.2164816108e-01 -2.7136619281e-01 -1.4934334711e-01 -2.2152103952e-01 -8.5531768524e-02 -4.3835179043e-01 -5.2622743971e-01 -2.4489259845e-01 9.0742801241e-03 -7.0977016644e-02 3.9318224934e-01 2.1473173842e-01 5.3082041340e-02 -6.9094858254e-02 1.8398434919e-01 4.8595351876e-02
1.6696263748e-01 -8.1619453271e-02 -5.3367880724e-02 3.2151289220e-01 -2.4710973749e-01 -1.7416101556e-01 2.0159864648e-01 -1.4242021698e-01 -9.0644583198e-02 -4.9979987605e-02 -6.2778452878e-03 7.7420059760e-02 -1.2689566608e-01 5.4767632248e-02 4.2326092157e-03 -5.6766893536e-02 -2.4589119818e-01 -2.0650260615e-02 2.2137978617e-01 -2.8523842382e-02 9.9915670683e-03 -1.3149764327e-01 8.0010694368e-04 2.1496672806e-01 -4.8476017974e-02 7.3153943958e-02 2.3147043705e-02 8.6182325704e-02 -2.3423388744e-01 2.8712636385e-01 -1.1437276588e-01 7.0345524149e-03
-1.0884270982e-01 -8.0319998159e-02 6.2772405884e-02 -5.4375832786e-02 1.8050215106e-01 6.8404778085e-02 -1.6391023060e-01 1.9465556961e-01 1.7723038160e-01 1.1150506894e-01 -1.9439410668e-01 2.6704890610e-01 -1.4320666273e-01 5.1264373100e-02 -7.6270136770e-03 4.6621834496e-03 -1.9241796293e-01 2.0002873784e-02 -3.5335193328e-01 2.1538905197e-01 3.0486517242e-01 6.6042228857e-02 6.8888413590e-02 -1.5174525554e-02 7.0593154191e-03 4.0984445754e-01 -4.1132382889e-02 -2.8291474270e-01 1.2475851477e-01 7.1171392050e-02 1.9793663995e-01 1.7356156592e-02
6.4798546524e-02 -1.4875429883e-01 1.4532487971e-01 -1.2036646331e-02 -1.4760710427e-01 -1.2103012201e-02 3.4746284806e-02 -7.9459111704e-02 -6.9062319060e-02 1.6527773614e-01 1.1175573162e-01 1.5266936413e-01 7.0874863540e-02 6.8729438567e-02 -1.8625504300e-02 -1.5904094517e-02 1.8869511823e-01 5.8786468003e-02 -1.1840878290e-01 -6.2968999484e-02 6.6495788074e-02 1.1902576435e-01 1.0473451816e-01 -1.6052441487e-01 -2.2025303377e-01 1.1671646074e-02 -1.3923284276e-01 1.9319394121e-01 -9.8567295662e-02 6.6019096155e-02 -1.8707844705e-01 -4.3426497326e-02
-2.8377425530e-01 -8.7189658368e-02 -1.2135338995e-01 5.6340911145e-01 5.2876885816e-01 6.0407361038e-01 -4.8170960407e-02 -3.2653778015e-01 -2.6293041353e-03 3.5266714125e-01 6.6540742059e-02 -2.4627318306e-02 -9.5738525424e-02 1.6289612759e-01 -3.8889690189e-02 2.5875000571e-01 -1.5060668171e-01 -1.5433653962e-02 -6.3139895365e-02 -1.6224604776e-01 -2.7980416655e-01 2.8307949997e-01 2.1080199737e-02 -3.9161252711e-01 2.2369281075e-01 4.5577250016e-01 -1.6776705745e-01 -1.8923828414e-02 -8.0453791759e-02 -1.6165003202e-01 6.9356273236e-02 1.2675683718e-01
1.8716402029e-01 8.1249159970e-02 8.5362054339e-02 -4.3376280817e-02 -2.2885882841e-02 -1.1297215242e-01 -5.1413354662e-02 -2.7190038972e-01 -1.6770320497e-01 1.7780089944e-01 -6.5731132950e-02 -1.3637539947e-01 2.8694153226e-02 -2.4789686346e-01 2.4217961067e-01 -4.2047138881e-02 -1.0241161817e-01 4.6866193830e-02 1.8960093958e-01 -2.0482408276e-01 -2.3544959270e-01 2.1195464542e-01 -1.2689230971e-01 8.5821282580e-02 2.2284772938e-01 8.9699893409e-03 -1.4164061978e-01 4.0992810201e-03 -3.4764258055e-01 1.4400716703e-01 -4.2879033366e-02 -2.9092637371e-02
1.1194393271e-01 -1.4439751430e-01 3.0103839059e-01 -1.2895549017e-01 -1.6385596862e-01 1.5329992893e-01 -2.5234826955e-01 -1.8860439004e-01 -1.6295012485e-02 1.9343688072e-01 -1.4393243405e-01 1.1460776784e-01 5.0895888504e-01 4.2030422792e-02 1.2175592911e-02 5.1596083956e-02 -2.5897838587e-01 -5.6779495006e-03 1.1875183497e-01 -2.6798653825e-01 -1.2773790672e-01 -2.6374684708e-01 -1.0743348962e-01 1.3539769281e-01 9.6701865433e-02 1.8672458332e-01 1.6276978809e-01 -1.9876569961e-02 -2.1776018811e-01 -3.6042489068e-02 1.8702594435e-01 1.3335980380e-01
9.7961320105e-02 -5.0517256562e-02 -2.0512991683e-01 -2.9349389788e-01 2.2064251549e-01 3.4762786654e-02 1.8331731257e-02 2.8036339284e-02 1.0942877017e-01 2.2583448415e-01 -2.2908616149e-01 -3.3391281599e-01 1.6810824493e-01 9.6312763462e-03 2.2013038502e-01 -2.1445953194e-01 1.0274458815e-01 -3.0050511931e-01 -2.0831091029e-01 -9.2551134606e-03 -2.0351076173e-01 -5.4392326261e-02 1.0676626211e-01 -5.5841378021e-02 4.4844751547e-02 6.5809178138e-02 -1.0563228729e-01 -4.3926232371e-02 3.1546317001e-01 1.3341858661e-01 1.0824288893e-01 1.8070736571e-01
-9.7709423818e-02 1.4689112331e-01 9.4684054087e-02 -5.2368772277e-02 1.1678019694e-01 -8.4413517092e-03 -6.3829045363e-02 -2.7709245152e-01 -1.4517142639e-01 -2.2750273521e-01 8.9957633379e-02 1.5888495351e-01 1.6062223433e-01 8.2587105493e-02 1.3493339825e-01 -1.1104947087e-01 1.3568115107e-01 6.1273842674e-02 3.0064436663e-01 -1.6367387716e-02 -1.1440516064e-01 9.5077758527e-02 -8.3596438933e-03 1.0901336075e-02 -1.1571566962e-02 -2.6968389219e-01 2.1611870476e-01 -3.5427456262e-02 -1.3823965280e-01 -8.5041293095e-02 -1.8191389325e-02 6.2553693743e-02
1.4277976416e-03 1.0039195384e-02 -2.1805193407e-02 1.5542215997e-01 4.4567154963e-02 4.2966709911e-02 2.3743443822e-01 -4.4886980358e-03 3.5741176361e-01 1.4547526347e-01 8.9340538150e-02 -1.9542200016e-01 -7.7013698783e-02 9.1115248957e-02 1.9681019139e-01 -8.0298580485e-02 1.6303743647e-02 1.8597170387e-01 6.6149585325e-02 3.3818926132e-01 -2.4492787956e-02 -1.3838794814e-01 -1.7656196496e-01 -3.5322191939e-01 7.7813647577e-02 9.8261455396e-02 4.3163173669e-02 2.2506317445e-01 2.0615005996e-01 -4.2656634202e-02 2.7192196817e-02 -1.6017961279e-01
-4.7415266327e-02 -2.2292862280e-01 -6.1709256752e-02 -7.1008379181e-02 -1.2239009061e-01 -2.1377457642e-02 9.2814750264e-03 -4.2052360681e-02 -4.0522630982e-03 7.1600556360e-02 4.6648055284e-02 -1.6952813413e-01 -7.2526983604e-02 -3.3470869326e-02 2.1090860648e-01 -9.4438326174e-02 -2.3834850263e-02 -1.9908858248e-01 -1.0833043118e-01 6.7924022847e-02 -2.6049472562e-01 -3.1018131378e-01 1.8023720457e-02 4.7147316590e-01 2.1493568443e-01 4.0519502098e-01 -5.5127750970e-02 -1.0676034258e-01 -8.1332114790e-02 1.9706469811e-03 -6.2096045079e-04 1.4072884577e-01
-4.6476620948e-02 -3.2385867198e-01 -5.8609323118e-02 -2.3894578387e-03 -1.9110951857e-01 1.2921327417e-01 2.0643906961e-01 -4.6192984226e-02 2.3619205831e-02 1.5444606574e-01 -4.6638753772e-02 3.2140896795e-01 -4.2541315763e-01 1.0726042285e-01 2.6072059191e-01 -1.0726498727e-02 7.7342137861e-02 1.1737686364e-02 1.0318304772e-01 -1.7597513491e-01 1.4776043515e-01 6.5065940210e-02 -1.1601416326e-01 -7.9331105282e-02 3.1295855395e-01 2.6327937644e-03 3.2955550751e-01 2.1246717097e-01 1.2667725110e-02 7.7352057430e-02 -1.0605133294e-01 1.9294321677e-01
3.8162564038e-02 -8.3360326994e-02 -1.7703123239e-01 1.8815141028e-01 -8.7235123677e-02 -2.1876139905e-01 -1.0756769553e-01 1.1403336901e-01 8.2456200549e-02 3.1102318282e-01 -7.6964883918e-02 7.1126651023e-04 8.3390340482e-02 9.6409050242e-02 1.6811334380e-01 2.8863518309e-01 -5.5923363021e-02 -3.0047885025e-01 -2.2005620793e-01 -7.1948948898e-02 -1.7315286199e-01 2.8012095210e-01 -2.2179834972e-01 1.7561376924e-01 -1.3957573079e-02 -2.4019995980e-01 -1.6169746433e-01 -3.3300488251e-01 8.7040867736e-02 -2.3643812296e-01 8.5401849793e-02 -1.5411928508e-01
1.9280002618e-02 -2.5218187267e-02 -3.5033791245e-01 -3.2365879376e-02 -8.0123548551e-02 1.8353531443e-01 -3.7822914117e-02 -1.6660666215e-01 1.3599828831e-01 -1.7093401873e-01 -4.0699259229e-01 7.1142878091e-02 3.1592319771e-02 2.1495569103e-01 7.2087777969e-02 1.4395670162e-01 -6.3706366743e-02 -3.1507839104e-01 8.6771335306e-03 6.4275651850e-02 -5.3063340668e-02 1.0266471499e-01 5.9773608618e-03 -1.3086283718e-01 -1.7363666888e-01 -1.0239137710e-01 -3.8698808909e-02 -2.7310074595e-02 2.3596187279e-01 6.4203499899e-02 1.2643925706e-01 2.4901809187e-01
-1.1209330808e-01 1.1998948671e-01 1.0280637939e-01 -2.9589921920e-01 -8.9674421408e-02 -9.4527803553e-02 -1.2121749295e-01 -4.7044102102e-02 -2.3029324637e-01 -1.0898853254e-01 -1.2883117718e-01 5.3432854674e-02 -2.5430617979e-01 -1.8489888357e-01 -2.9569351358e-01 1.2606456508e-01 -1.6034340542e-01 2.5152096146e-01 9.1709078855e-02 1.6142936074e-01 8.5338500000e-03 -2.7503221593e-01 -6.8767104975e-02 -4.7929534954e-01 4.1097718705e-01 -1.2967408381e-01 1.8998695794e-01 -1.8043886002e-02 2.3134807035e-01 -1.5239419476e-01 -7.2992046321e-02 1.0420615837e-01
-2.3685109541e-01 -1.0841516484e-01 3.4676879331e-01 -2.1489813636e-01 -2.1214490878e-01 -9.9481017043e-02 1.1101805571e-01 8.4193622129e-02 9.6549758471e-02 -1.8906642862e-01 -1.4052397949e-01 2.3303808495e-02 -2.7869345774e-01 -6.1477832379e-02 1.6623338781e-01 -8.3398455818e-02 -4.9584651521e-01 -1.0289521821e-01 -8.6314274367e-03 -1.2342554189e-01 3.8866692349e-02 6.6527827227e-02 -2.1121595093e-01 2.7040770474e-01 7.0044631777e-02 2.3751589220e-01 -3.0053873056e-01 -2.7343138735e-01 -1.5539246417e-01 -8.3813685033e-02 -2.9060691368e-01 -7.5199139301e-02
7.1388012065e-02 1.8700333102e-01 -1.5609534535e-01 4.4213406376e-02 1.2112594337e-01 -3.7212174789e-01 -1.0436037635e-01 4.9103172208e-02 1.8992782108e-01 -4.3259411194e-02 -3.1329183704e-01 -1.9059534026e-01 -1.2134610192e-01 -9.8019588839e-02 -3.1438305626e-01 2.1407397381e-01 3.2830028042e-01 1.0257233239e-01 1.7933661346e-01 2.7821170913e-01 -4.5502914290e-02 -2.4250388167e-01 2.2706903092e-02 1.6538048416e-02 -1.5877058349e-01 2.0033469957e-01 9.0083375841e-02 -1.2880950947e-01 -7.9362455582e-02 2.1458617602e-05 1.7270561676e-01 -3.3130696701e-02
-4.3078694916e-01 -2.0767402883e-01 -3.8715419094e-01 -1.5687771370e-01 1.1029050312e-01 1.1484827537e-01 1.7289532594e-01 -2.4404119992e-02 3.3782043921e-01 2.1474351442e-01 -2.9961549003e-01 -1.6385328513e-01 1.5206674951e-01 -1.1011868020e-02 1.2979959373e-01 3.2246216204e-02 1.1597952422e-01 1.8221584721e-01 4.9303433147e-01 -6.9018129126e-02 7.6279119011e-02 -1.0290665978e-01 8.5073230792e-02 2.1267306154e-01 -1.7252963750e-01 5.5459672840e-02 -1.1598970864e-01 1.7427248404e-01 -2.4902001332e-01 -4.0332130004e-02 2.1875636785e-02 2.5494955508e-01
-1.3942825707e-01 2.4227258237e-01 1.3396996106e-01 -8.3930261421e-02 9.4788140178e-02 -7.2983401631e-02 -1.0825840850e-01 4.2106151985e-01 6.7252660222e-02 1.2833560629e-02 9.4688472643e-02 -3.6661627576e-02 1.0314293323e-01 -4.2225151778e-01 1.4393818086e-01 1.7471649562e-02 7.4810388234e-02 -1.0833483654e-01 2.3194800161e-02 -1.5133773783e-01 7.7167737639e-02 -1.5816708692e-01 1.7858518362e-01 -8.4494606891e-03 6.3596862738e-02 3.4066931180e-02 -8.4512277365e-02 -1.3803417647e-01 1.1293385440e-01 5.6776432092e-01 -2.7013440341e-01 -1.1988970686e-01
-4.5571880395e-01 6.8209372557e-02 -3.5406309506e-01 -8.4461965909e-02 -6.4042991994e-02 -4.9247098556e-02 -3.2274772243e-01 3.4539567434e-01 1.0418671576e-01 2.9837943410e-01 -1.7255234851e-02 -9.5333948632e-02 -8.8883913650e-02 1.6551541129e-01 2.7344650738e-03 -2.0098110927e-01 1.1823223046e-01 -2.6804269320e-02 1.9607651379e-02 2.2774836327e-01 -1.4403911591e-01 1.2813627614e-01 1.0257279187e-01 -7.7042301053e-02 3.6750963988e-01 -5.5113751170e-02 2.4055678073e-02 1.6229442111e-01 -1.6148496650e-02 5.4264439424e-02 -2.6693572747e-01 -1.1137422168e-01
2.3060609706e-01 1.4599427162e-01 6.8002326348e-02 7.3372970788e-03 -7.2519849516e-02 5.8927279736e-02 6.6872418068e-02 7.5119038727e-02 -1.0535382339e-01 -1.4905654347e-01 -9.2951510544e-02 2.6297654622e-01 -6.2585864727e-02 -9.9359026435e-03 -5.2735323595e-01 -1.1459714824e-01 1.2805180131e-01 -1.4744425349e-01 -1.9665488596e-01 -1.3611398774e-01 1.6765809435e-01 2.1548886411e-04 -3.5597019812e-01 -1.7155431838e-01 -2.3991440335e-01 2.4138043558e-02 -2.9117680820e-02 1.8436056532e-01 1.9060142336e-01 -3.4677361000e-01 4.7686502656e-02 -1.5979938286e-01
-2.1521489266e-01 -1.9192436891e-01 -2.4227580101e-01 -6.0191981537e-02 -1.9723582142e-02 -3.6782836031e-01 -1.9331749297e-02 -2.5451266065e-03 -2.3935191713e-01 5.3686311107e-02 -1.0060534802e-02 2.1249571376e-02 1.6732664419e-01 -1.6305630370e-02 -1.5337151206e-01 6.3266273790e-02 1.5373894558e-02 -1.3566581829e-01 -1.7974119472e-01 -2.1459190543e-01 3.4256546168e-02 1.8680970734e-01 5.6656006012e-01 -1.2192624777e-02 1.2609562366e-02 -1.5896513521e-03 2.8047571260e-02 1.3738436331e-01 -2.4575808663e-01 -5.3840582973e-03 -3.3897668560e-03 -3.4180457131e-01
4.3825865945e-01 9.0649946136e-02 -7.6651457245e-02 3.2291268378e-02 1.2115053330e-01 2.7185423273e-01 3.4848872160e-02 -1.7528552233e-01 -4.6598992331e-02 1.9770751871e-01 -2.0885200393e-02 -1.4311345318e-01 4.2553919843e-02 4.8560999914e-02 2.2288707533e-01 -2.1815443597e-01 -2.4943408623e-01 -2.7379849517e-01 5.6796936585e-02 -1.8099116801e-01 -1.5910556015e-01 -1.7353163805e-02 5.9554877488e-03 -1.5967706037e-01 1.1145602798e-01 1.4900236580e-01 3.3782787022e-01 2.1156116773e-01 1.6137011651e-01 -3.4821067871e-01 -1.8832748340e-01 5.8541606448e-03
