-1.6627723413e-01 -1.7871714991e-01 3.7635992364e-01 -3.1770178450e-01 -2.9481243581e-01 3.0245132209e-02 -1.8841465600e-01 -1.3878336872e-02 -5.3149505496e-02 4.8570736245e-01 -1.8508594966e-01 -1.2504174655e-01 1.9183652662e-01 -4.4704468177e-01 4.2069403643e-01 3.4839251622e-02 -2.3652010649e-01 1.6855728564e-02 -1.3274671929e-01 1.0690513019e-01 2.4912028512e-01 -1.5704589186e-02 4.0117947304e-01 5.3328238637e-02
2.5351326767e-01 6.1109736247e-02 1.5123380649e-02 -2.2787034345e-01 1.5062170072e-01 1.6823845892e-01 -1.7734673680e-01 -7.4179498380e-02 -1.3581267873e-02 -3.5635811164e-01 -2.2167231093e-01 -9.5103734700e-02 1.3297616813e-01 -4.2964304765e-02 -1.9680620456e-01 -1.8380875448e-01 -1.5820244419e-01 1.4971861490e-01 4.2514344466e-02 -3.0294799615e-02 6.1956543452e-02 1.0234632519e-01 4.2541588812e-02 3.6061686507e-02
7.8889152714e-02 3.6957850622e-02 1.4366701452e-01 -1.9540047895e-01 -1.7721743878e-01 -4.5208075270e-01 -6.7845721958e-02 5.9019862223e-02 -2.7069545109e-01 2.5969252687e-01 1.3037736641e-01 5.0688154030e-02 -4.1287945727e-01 -9.3839523479e-02 -1.8883779923e-01 3.1165494331e-01 2.2802847917e-01 1.9075197595e-01 -2.3814541913e-01 -6.9854391293e-02 -1.3256188649e-01 -1.6540129747e-01 1.0487223042e-01 1.7943014092e-01
1.9557069360e-01 -5.5695418153e-02 1.1659824728e-01 2.1789206045e-01 -1.0949633523e-01 6.5901248781e-03 -3.8704130729e-03 -3.7068641719e-01 1.3519927537e-01 2.6589611750e-01 3.6323587478e-03 3.6704835197e-02 -1.1088421210e-01 1.3381099568e-01 -4.4258699294e-01 -5.6239449416e-02 -5.8998756824e-02 -3.4475965461e-01 4.6242631988e-01 3.7403668547e-01 5.1262899218e-02 -2.3862843165e-01 -5.6389465917e-03 1.0739790994e-01
2.9915099540e-01 8.1497763341e-02 -6.2382405711e-03 1.5329361959e-01 -1.3693129827e-01 -4.8665331800e-02 -9.6441574341e-02 5.9841167598e-03 -1.6757696985e-01 3.5322195270e-02 -6.7636329312e-02 3.9934484043e-01 2.9297380283e-01 -1.8570608626e-01 1.1793676603e-01 -1.1151423381e-01 2.4885202414e-01 1.9952560361e-01 -2.2087704648e-01 -2.0590909369e-01 2.2822339363e-01 -7.3526008004e-02 -7.5127124038e-02 -5.3441755077e-01
6.6283406422e-02 3.2965585385e-01 2.4793621914e-01 -6.0124840964e-02 -9.4538527657e-03 -3.4431137342e-02 -2.1075945146e-01 -9.4744712103e-02 -7.8139053817e-03 -1.1619286820e-01 -3.1131815629e-01 -2.0644663090e-02 1.2682989079e-01 -7.9111209102e-02 -3.5528527865e-02 -1.0827482586e-01 -3.1839498394e-01 7.9331785676e-02 3.1588407190e-02 1.0357676406e-01 2.4974860872e-01 -3.9231119867e-01 -2.5527163717e-01 2.2675201753e-01
-1.4607731727e-01 -2.0100952365e-02 -5.6475832467e-01 1.3298210730e-01 -4.3181898083e-02 3.9092742310e-01 1.5885825681e-01 1.5344138900e-01 -8.1579721568e-02 -6.4888589105e-02 -2.0501065630e-01 3.3572634008e-01 6.4803592629e-02 -5.4846368658e-02 1.7030884496e-01 -1.9503164411e-01 -2.4113058475e-01 3.4395278149e-02 1.6573820615e-01 1.0329963014e-01 -2.8607314475e-01 1.9725918983e-01 3.6886217811e-02 1.0032510104e-01
-1.7804209717e-01 -3.1386997030e-01 -6.9752139377e-02 -7.7142245572e-02 -1.2044555808e-01 -3.5152749505e-02 3.0235692616e-02 5.9734231716e-02 1.5427487973e-01 -3.6162791994e-02 -3.6244501683e-02 1.7408316211e-01 -1.0838595903e-02 1.0278615310e-01 2.2884722170e-01 -1.2844865975e-03 -1.7885876570e-01 1.0133746444e-02 1.3226869118e-01 -3.4608816652e-01 2.4575241163e-01 2.1907816171e-02 2.2112895156e-01 2.3694789136e-01
1.9575995919e-01 -2.6189761984e-02 1.0120128799e-02 -1.5682844000e-01 4.4461646001e-02 1.3421032204e-01 -5.7473701637e-02 3.9522584255e-02 -2.7043322114e-01 4.8864063524e-02 1.0222676283e-01 1.2991741864e-01 2.7579830415e-01 -2.6095095129e-01 -4.6423278176e-01 9.0369586728e-02 -1.3233203934e-01 -9.7867017258e-02 2.7589122289e-01 -1.9922082973e-01 -2.7473257863e-01 -9.4923671674e-02 2.4703100817e-01 5.5564176907e-02
-6.1272575549e-02 1.1746376451e-01 3.0302255405e-01 -7.7981459542e-02 1.0933933717e-01 -8.9767517061e-02 4.7966276519e-02 8.3693836196e-02 7.1748613297e-02 3.1411024871e-01 -6.6668993073e-02 6.8287732508e-02 9.5854516888e-02 -3.6739754847e-01 -6.8153399283e-02 -1.2133243856e-01 1.0233153286e-01 -2.0933904093e-01 -4.2435179180e-02 -1.5381954756e-01 -2.0428813737e-01 4.5413953844e-01 -2.3048175474e-01 -4.6695487944e-02
-8.9607980432e-02 -1.4716311220e-02 1.8837789062e-02 -1.1609242561e-01 -1.7440934567e-01 9.9913142524e-02 -2.7092274883e-01 -6.8168439670e-02 -3.8322604748e-02 -2.4080758629e-01 2.1047477214e-01 4.9591462665e-01 -1.2007905007e-01 2.1109020810e-01 -4.2272321081e-01 7.4798304235e-02 1.3946815195e-01 -1.4689076244e-01 1.0844072292e-01 8.1952929038e-02 2.1878641366e-01 2.0966506114e-01 6.4529885504e-02 6.9855127611e-03
-8.6686142724e-02 1.0138283538e-01 1.3373805298e-01 -2.8217061766e-01 3.2587569301e-01 3.6976215132e-01 1.5327958632e-01 -2.7218515773e-01 -2.1542211687e-01 -3.8302422952e-01 -4.0063879770e-01 -1.6666472172e-02 2.7094520758e-01 1.7945358978e-02 -1.4835984633e-01 3.9418212581e-01 2.6042833488e-01 3.3299781962e-01 -6.9411111427e-02 -8.8347240803e-02 -1.4029194685e-01 -2.7992954062e-01 -5.6587649656e-02 7.7877772217e-02
2.1414265921e-01 -8.7587487769e-02 -2.5693898215e-01 5.9636542092e-03 3.5002017010e-03 1.9617129795e-01 -2.9897485969e-01 2.5685077507e-01 1.1186602238e-01 -8.6837130459e-02 4.6342034951e-02 -2.4692156660e-01 -1.8198643807e-01 -1.4985408619e-01 5.3011472420e-01 -1.1583758851e-02 -2.8783153953e-01 -2.9930857791e-01 -2.8766069784e-01 -1.5778128407e-01 3.1017755610e-01 3.2493833289e-01 -1.9300615067e-01 -7.2208187350e-02
6.8203152209e-02 1.4813579122e-02 8.7716702865e-02 -2.5807192978e-01 1.3370180217e-01 -1.0510342966e-01 -2.5829680339e-01 -2.0298607418e-01 -3.7538129479e-01 -3.8675958713e-02 1.3512649176e-01 5.1883421729e-02 -9.4544909418e-02 8.9239658811e-02 7.2264892805e-02 -2.2688587838e-02 -3.4137417819e-03 6.9584891953e-02 -5.3598284528e-02 4.0862128502e-03 -1.2410917871e-01 -3.2282352875e-02 -7.4893014678e-03 9.9831298575e-02
1.2684122873e-01 -5.3666818158e-02 -2.3651546221e-01 1.2107898698e-01 1.5577802555e-01 -2.1881856203e-01 -2.0258223858e-01 -1.6211954547e-01 -5.2723228921e-02 -1.5992984044e-01 -3.5706158380e-04 -1.0582715786e-01 2.5195767488e-01 -1.6369712101e-01 -1.8170817392e-02 1.5307086525e-01 1.0732097273e-01 -2.3061612510e-01 -1.3721988254e-01 -4.3047867367e-01 1.7402678922e-01 -2.0416639072e-02 -1.8730854735e-01 -9.2143073677e-02
-2.9012415504e-02 8.1456947752e-02 -4.0149079633e-01 5.3450216579e-03 1.1531717521e-01 -1.8434660467e-01 -1.2146541812e-01 -1.5803492141e-01 -3.1263507442e-02 2.7123133596e-01 4.1700771512e-01 1.1342411559e-01 4.4103376852e-02 2.3449413525e-02 -1.2638695944e-01 5.8370560370e-02 7.3164364679e-02 -8.2587184019e-02 -7.8879269636e-02 1.6694345753e-01 -6.9715984687e-02 1.5725753500e-01 -1.5265572216e-02 2.1892382680e-01
-1.6043942059e-01 -1.7619727703e-01 1.4435315906e-01 1.6257272711e-01 2.8289968642e-02 2.9304323612e-01 -1.0760333520e-01 -1.2983092731e-01 4.2274738153e-02 -4.7246855204e-02 -1.6382175520e-01 -4.2781898350e-01 1.1272150595e-01 1.2352301709e-01 -2.8283388381e-03 -1.6799771489e-01 1.4511529666e-01 -1.5931555704e-02 1.1760346257e-01 1.7368228417e-01 -4.2671451737e-01 -8.6585407507e-02 -3.5295836255e-01 3.3489354070e-01
6.2272482975e-02 5.6245244511e-02 -2.1245634783e-01 -1.0909986256e-01 2.0512864577e-01 -7.3122962987e-02 -2.4785329999e-02 -3.3683849945e-01 1.9724714724e-01 2.6621078372e-01 -2.2203283375e-01 5.6140492740e-01 -3.2797148567e-01 -3.4653733694e-01 1.5720618470e-01 -1.6015342906e-01 3.8527031628e-02 1.8608145245e-01 -5.1416297150e-02 1.3553453079e-01 1.0802550407e-01 1.8127766478e-01 2.4148340729e-01 2.2482190244e-01
4.0689560067e-01 -4.5944915031e-01 4.3892088843e-02 1.1250964655e-01 -1.3378925554e-01 -1.6232870947e-01 8.1492895785e-02 4.5569566009e-01 4.5531033779e-02 1.0655840020e-01 1.0454247931e-01 -2.3987862632e-01 3.7989690957e-01 2.7580136900e-02 -4.3937917279e-02 2.3267614375e-01 1.5934498779e-01 6.8785150446e-02 9.7267054097e-03 -1.2781969592e-01 -3.2921222918e-01 2.8484837959e-01 3.1989061589e-01 1.6643929200e-01
1.2287208562e-01 2.1765432536e-02 1.7152355640e-01 -6.0148692434e-02 1.6420170968e-01 5.1838015768e-02 -3.5416028169e-02 -8.9154427608e-02 9.6159680453e-02 -1.0855057694e-01 -4.3840530889e-01 1.5861411318e-03 1.9312176079e-01 7.8676092290e-02 2.5354549726e-01 -3.5010017690e-02 -4.2682351201e-01 1.3811136341e-01 1.7025240054e-01 5.7903081947e-02 1.8413189721e-01 2.6312520215e-02 -7.9978883115e-02 8.8609582080e-02
5.0588970257e-01 9.3104902966e-03 -4.0818363691e-02 4.6539307736e-02 1.5271524579e-01 1.9077373961e-01 5.6888511938e-01 -3.3575240155e-01 1.4840221648e-01 1.2440549859e-01 7.2024470336e-02 8.2182845405e-03 -1.2081989034e-03 1.7689890036e-01 2.0723181786e-02 3.6874367887e-01 6.7156834984e-02 2.0169653745e-01 -4.8067856582e-02 -1.2995058118e-01 -3.0501496177e-01 -2.7679105981e-01 -1.9871817464e-01 3.4010050689e-02
3.3107971196e-02 -2.7341462799e-01 4.2659742863e-02 7.6650038817e-02 1.0291169668e-01 2.9692723572e-01 5.3077721614e-02 2.2709335969e-01 9.2403584695e-03 2.1939209807e-01 4.7306212247e-02 1.2222730205e-01 1.3764373383e-02 1.6345662730e-01 3.6573203292e-01 3.9957930079e-02 2.4748942955e-01 1.2255101031e-01 5.3534086369e-03 1.9750842368e-01 -3.7704084150e-01 -4.2740584573e-01 1.7024873039e-01 -4.0037194421e-01
1.2950215637e-01 2.1135650035e-01 1.0995393602e-01 -2.7220046123e-01 -3.1385228124e-01 -5.8368127733e-02 1.5454538548e-01 1.9540116243e-01 -6.0529495607e-02 -1.8225327415e-01 -3.2106076156e-01 3.7157629837e-01 -2.8496005479e-01 -1.4966123470e-01 -1.1378348914e-01 -3.1714763745e-01 -3.3450678020e-02 1.6538832871e-01 4.2227731358e-01 2.8371098218e-02 -1.7233890856e-01 -8.2678632334e-02 7.1649183585e-03 -2.7576463553e-01
-3.2219124774e-01 7.2745415202e-02 2.1500074099e-01 1.6584863021e-01 -1.2234127290e-01 6.5706380798e-02 1.0175557422e-02 3.8025355639e-02 5.3827302338e-02 3.1049177538e-01 6.6660889147e-02 -6.3785477311e-02 -1.9641014202e-01 -3.4042520413e-01 -8.2099045375e-02 -1.7898139460e-01 2.4237446772e-01 3.0077393473e-01 6.0722785700e-02 -3.1822510529e-01 -2.4835940597e-01 8.4714132286e-02 1.6848134477e-01 -3.8823520191e-01
