-1.4384022494e-01
-1.5981119961e+00
-2.4033011495e-01
-6.1834323701e-01
5.6915585622e-01
-6.6426883190e-01
4.2917438241e-01
3.2292465568e-01
-1.1354811146e+00
-5.2330312044e-01
-1.5423921006e+00
-5.8739599501e-01
-8.7596697083e-01
-6.2382277321e-01
1.8049590885e-01
-1.0976739791e+00
-6.6990602096e-01
-6.8998601834e-01
-6.5536572571e-01
-1.5947494942e+00
-3.7811711475e-01
1.2685850204e+00
-1.4240908278e+00
-1.6035551159e+00
1.0819823446e-01
2.0514885796e+00
1.1115370775e-01
-1.8357521460e+00
1.0469239880e+00
1.5197152780e-01
-4.9256225134e-01
-7.1815508013e-01
1.7555859511e+00
-8.2786811915e-02
-6.1976434209e-01
-1.6247503024e+00
1.4172830580e+00
6.1714764992e-01
1.0154406812e+00
2.8973549682e-02
3.6850950525e-01
-2.4610572843e+00
-2.0270565072e+00
-3.2142173825e-01
3.6908794874e-01
1.7418007451e+00
8.0981513248e-01
-1.6308452797e+00
2.9495865928e-01
4.2983753136e-02
6.2102040880e-01
3.2512713036e-01
1.7025363229e-01
-5.7971379205e-01
3.0109606900e-01
2.0423443487e-01
-9.1014877639e-01
2.3069290993e+00
2.1666328929e-01
-1.1313034651e-01
-7.3859739704e-01
8.4735411257e-02
1.8314236372e+00
1.3344379171e+00
-2.9482211399e-01
1.4795132849e+00
-2.4394820722e+00
-4.9238177179e-01
2.2481906674e+00
-1.5089243010e+00
1.1576719688e+00
-1.5791819687e-01
6.3752103407e-01
-6.2442812916e-01
-6.9940175571e-01
1.0331987472e+00
-2.3990119174e+00
-1.5739553432e-01
-4.3052033874e-02
1.7857262690e-01
-6.7418217052e-02
1.2279853242e+00
3.3673241743e-02
7.8015654422e-01
2.7712610699e-01
-3.2447282004e-01
5.0093181238e-01
7.0233712719e-01
1.8248625266e+00
-1.1089107654e-02
4.2387606201e-02
-1.0635773612e+00
3.9837442319e-01
-3.9413251691e-01
-1.2374899333e+00
-1.5364506605e+00
-9.7188240401e-01
1.7181358375e+00
1.5710970916e+00
-8.9817792161e-02
