-4.1652826962e-01
-8.7652148082e-01
-1.6698967425e+00
3.6161728622e-01
-1.9587581467e+00
-4.9870756524e-02
-1.0497777421e+00
-2.4505861158e-01
-4.4470053402e-01
-1.1058509535e+00
2.0517989585e-01
-5.8006228378e-01
1.4853656912e+00
-2.0472011322e-01
-3.1084852791e-01
3.8389463320e-01
-1.9349415381e+00
-1.2839775679e+00
-4.4542140313e-01
-1.7596259944e-01
1.5640943411e+00
-2.4627300308e-01
1.3705603978e+00
1.0849874594e+00
-5.4804706555e-01
2.2944701318e+00
-2.7079667342e-01
-1.8972398562e-01
-1.4613568031e+00
5.1800170104e-01
-3.9725270098e-01
2.9298193945e-01
-5.9146082709e-01
-1.3141862174e+00
-3.8789129754e-01
1.8903524276e-01
-2.4224724792e-02
-1.5692300377e+00
-5.4603767488e-01
-1.6604667587e+00
3.1804989223e-01
-1.0377852696e+00
3.5485829928e-02
-1.4865144896e+00
-1.0400126674e+00
3.1078761509e-01
-1.8306555195e+00
1.0627737554e+00
9.4427932560e-01
-6.3534585963e-01
-8.2542244148e-01
-3.8278862660e-03
-1.1708797745e+00
-6.3109023635e-02
5.5065218654e-02
-1.8357319419e-01
9.2857922643e-01
-3.3411433946e-01
8.9629698416e-01
-8.4393803434e-01
-7.4684389045e-01
2.3279025113e-01
-1.9851603314e-01
1.2085326393e+00
-1.9018870715e+00
-8.3066420149e-01
1.9875706493e+00
3.5152558399e-01
1.6480182025e+00
-1.2658956653e+00
-8.3106433623e-01
-1.5004309154e-01
-1.0148120559e+00
1.1753551984e+00
-9.3425469280e-01
1.8386044464e+00
-1.7224166516e-01
4.3081430463e-01
-1.7973742941e+00
5.2087838932e-01
-7.6771408344e-01
2.0169022008e-01
-6.5496411938e-04
1.2604380498e+00
1.5889310131e+00
7.4165258595e-01
-8.5438984916e-01
4.4519845267e-01
8.7538578491e-01
6.0642206794e-01
7.8481945053e-01
-1.6472406930e+00
-2.1982981189e-01
2.1970608607e-02
7.3948643612e-01
-5.9727567741e-01
1.9178212725e-01
-3.7738815010e-01
4.0118265874e-01
8.5614006110e-01
1.4325560637e-01
1.2489837313e-01
-6.6171228264e-01
-3.0821976306e-01
-6.7373113287e-01
7.6397504074e-01
9.5551915308e-01
2.2681713369e-01
-2.1833481350e+00
-1.0762236708e+00
3.3798925457e-01
-1.1832433777e+00
3.5620885485e-03
1.3502942438e+00
1.2685294997e+00
5.2622485711e-01
1.6493450864e+00
-5.7084192475e-01
4.8898173624e-01
1.4511423598e-01
-7.1182482371e-01
-5.7768772929e-01
6.3957663701e-01
4.6605797619e-02
7.3256729098e-01
-2.9005858930e-01
-1.4326360530e+00
-1.5042416648e+00
4.6936178084e-01
-1.2152973726e+00
4.2300521461e-01
6.7261826586e-01
-6.2857422982e-01
7.5223062678e-01
-7.7248731796e-01
-4.6780846836e-01
3.1786181472e-01
-1.3922631578e+00
-6.5577764925e-01
1.1233373122e+00
2.4384339782e-01
3.3529008042e-01
-3.3894167269e-01
9.1805913988e-01
8.5342428937e-01
-3.0801818807e-01
-1.5028417134e+00
6.7701219328e-01
2.7328360149e-01
-1.4476415606e-01
-3.0954090854e-01
-1.1784616733e+00
-4.4455523060e-01
-1.0586875364e+00
2.3850933678e-02
5.6904232675e-01
-6.2879612777e-02
8.2462095957e-02
-1.4172444817e+00
-9.8953123933e-01
-7.3198147504e-01
-9.1062786301e-01
8.3050103877e-01
-9.3122140935e-01
-8.9388788410e-01
-7.9243815305e-02
-1.0922447691e+00
-4.2982043118e-02
1.2289210816e-04
9.4676086024e-02
3.6018826292e-01
-1.7424444821e-01
-1.2136749045e-01
-1.3236167905e+00
-1.0193715801e+00
1.7438962835e-01
4.3309211794e-01
9.0898931043e-01
-9.1670048297e-01
-5.4324314437e-01
5.1621150752e-01
1.8648232648e+00
-9.1021944020e-01
1.4645567239e-01
-1.8443552584e+00
1.2610774654e+00
-8.6309644486e-01
8.6008495114e-01
2.1360641319e+00
-3.2924124736e-01
5.8160660542e-01
-1.3346836325e+00
2.4176348598e-01
-6.2489499030e-01
5.4382537737e-01
-1.3891100490e+00
7.7119838525e-01
1.5567348978e-01
-1.3570028229e+00
1.7075373177e-01
-5.5926900787e-01
-9.4259301538e-01
5.8216669514e-01
3.1761703943e-01
7.5952035982e-01
6.9763467069e-01
9.3608425098e-01
-9.1192584938e-01
-8.7270750948e-01
1.0211049816e+00
2.0205262254e-01
4.4745299900e-01
-6.2636210445e-01
-1.8509272928e+00
1.3129790761e+00
2.6378489633e+00
-1.5731416536e+00
-2.3778150663e+00
6.8828600797e-01
-3.4962446492e-01
9.5494365394e-01
-7.0194740292e-01
2.1613210373e+00
-7.3380894830e-02
1.2737595281e+00
-1.1018955119e+00
7.4755915761e-01
3.1260872729e-01
1.4059525984e+00
1.4909906574e+00
4.5738651580e-01
-8.7280715494e-01
9.9920225277e-01
9.1401454261e-01
-7.6562188147e-01
-1.5647975282e-01
2.0949081159e-01
3.8783717139e-01
-1.1649439029e+00
1.7723639575e+00
-1.5504665439e+00
-9.5934123780e-02
-1.2094966017e+00
4.8012417351e-01
-6.8882122760e-01
1.9615898256e-01
1.4163019239e-01
6.1567838984e-01
-3.8330003882e-01
-5.7535942709e-01
-1.1116239079e+00
1.1243944705e+00
-3.7078140530e-01
1.0264695125e+00
9.9632264388e-01
-5.2695497181e-01
-1.7341104406e+00
-4.0886195224e-01
9.3547326683e-01
4.0020129147e-01
-2.1753507342e+00
-1.1157449548e+00
1.8679861566e-01
4.9572477928e-01
-6.4896643850e-01
3.1729636240e-01
-2.6286341746e-01
-1.0259352126e+00
-1.2016377548e-01
1.9504328547e-01
1.3967447089e+00
3.5934503529e+00
-1.1574737018e+00
-7.4510998739e-01
3.1822515504e-01
1.3266842698e-01
-3.3864474763e-01
9.7598071969e-01
-4.4652159705e-01
-9.6236086484e-01
5.7586029324e-01
1.8568351647e+00
9.7509948257e-01
-1.1930452444e+00
-1.2184145391e-02
1.3155563951e-01
-5.0312757725e-01
2.0037988039e+00
-1.0168111110e+00
-3.3049712267e-01
-1.0556653120e+00
-1.9622904188e-01
8.8882199944e-01
9.7671702334e-01
-1.4659174370e+00
2.4903171337e-01
-8.3599769466e-01
1.0431029650e+00
1.2472239637e+00
1.5270629057e+00
-8.1894790780e-01
1.0655867014e+00
-5.3350976270e-01
2.0016051511e+00
6.5223958222e-01
5.4930384766e-01
-4.4427962520e-01
-2.0037336887e+00
-7.3588231224e-01
-4.2749005606e-01
-1.8705836302e+00
9.3370332296e-01
-1.3804955793e+00
-1.7270179745e+00
-7.7146993722e-01
3.5336415400e-01
5.1161562296e-01
-3.3574731103e-01
-1.5827971632e+00
1.9981380743e-01
1.6504025616e+00
7.5379219333e-01
-8.9989217332e-01
-1.6426948521e+00
-3.3108367348e-01
-2.2029213904e-01
-1.8469465861e-01
-5.9424257771e-01
-1.3937043828e-01
-6.9624521981e-01
2.2596814706e+00
1.7005443016e+00
-4.7188706984e-02
-8.6483470321e-01
1.6151916401e+00
-6.5870237842e-01
6.2168221029e-01
5.0840035022e-01
-6.8408913834e-02
1.2198812283e-01
-8.2669230056e-01
-2.3796049658e-01
3.3805611477e-01
3.3662094296e-01
-9.9810103134e-01
-6.6427117381e-01
-2.0221186451e-01
7.8165260925e-01
-1.0443976316e-01
7.5592954051e-01
