4.9087963393e-01 -7.8775618099e-01 1.5624408604e-01 -5.5947400574e-01 4.6360291274e-01 -4.7805503927e-01 -2.6698945325e-01
-1.2931138905e+00 -6.9462297446e-01 5.2963954154e-01 -7.4991168012e-01 9.5098139606e-01 -7.9916855608e-01 8.9873905838e-01
-7.1201773799e-01 -6.1001347867e-01 1.6872960318e-01 -6.9982319630e-01 6.0636088884e-01 -6.6845972318e-01 -1.3978455971e-01
-7.5300541654e-02 9.5908607644e-01 -8.3638201770e-01 8.9868291084e-01 -1.1037334615e+00 1.1481069026e+00 -8.0749094577e-01
-6.6071648587e-01 -2.3197437229e-01 -2.6140789828e-01 -9.3992033200e-01 4.7776056226e-01 -9.5634627827e-02 4.9312340478e-01
2.3795422622e-01 -1.3473097667e+00 1.2555761948e+00 -1.0120927270e+00 5.4274376115e-01 -1.4045271432e+00 1.2885711787e+00
1.2617238030e+00 1.9025954126e-01 -5.7150153244e-01 7.9656920048e-02 -3.1019757767e-01 2.5477508684e-01 -7.8746106888e-01
-1.6761435712e+00 -9.0594544431e-01 1.0898347796e+00 -7.6980112482e-01 -2.1423464121e-02 -7.6123730852e-01 1.1592556574e+00
-9.9433410520e-01 -3.3080071950e-01 3.9975339524e-01 -2.1068194522e-01 2.2662925271e-01 -3.3108736247e-01 3.7310477369e-01
-2.6177877180e+00 -6.3447822677e-01 -7.6602613881e-02 -4.2064057249e-01 -1.1358489938e-01 -7.7318488704e-01 -8.2096798631e-02
