-1.6463437881e-01 -2.0060133156e-01 1.0188821310e-01 5.0645569845e-01 2.9543366616e-02 2.9170669812e-01 2.3316724901e-01 8.1911673350e-02
3.4413756826e-01 -2.8048066768e-01 2.0331797958e-01 -3.8186280078e-01 2.4762121109e-01 1.6109872556e-01 3.4699308397e-02 2.7640245004e-01
5.7693398630e-01 4.0779228193e-01 1.2052975226e-01 -3.9114262400e-01 8.3863075936e-02 1.1154443171e-01 2.1786840534e-02 -3.5090467276e-01
-3.5740617597e-01 -4.0638444020e-01 3.6975368157e-01 7.8036758675e-02 -3.6236215242e-01 1.9101077778e-01 -5.4783063920e-01 1.8048917422e-01
3.6475647532e-01 -1.8764115653e-03 -5.3333201329e-01 -1.8270603324e-01 1.6522980688e-01 1.2899057049e-01 -6.0519586992e-02 3.3189135532e-01
-2.8255385236e-01 -3.4688661939e-01 1.4316207390e-01 -6.4519828279e-02 -4.5755907396e-01 -5.3589559907e-01 2.3309965557e-01 -1.3708873492e-01
-3.1502791768e-01 -3.8243801139e-01 -4.4942869242e-01 -1.6242205488e-02 2.9103714220e-03 -2.5083717428e-02 -2.6769207780e-01 7.4044960453e-01
1.4111463389e-01 -2.4042985978e-01 2.0884462369e-01 -2.2211483765e-01 -3.0205692014e-01 -3.5990939091e-01 -4.1566091471e-01 2.0873262169e-01
-2.8554634704e-01 -6.1811880850e-02 4.9464983823e-01 3.6251162918e-01 4.3242782419e-01 -8.9479363284e-04 8.4081770356e-03 3.8472652329e-02
-1.6803315786e-01 3.6516907468e-01 -2.3291900170e-01 -3.6756706083e-01 -1.0277056622e-01 -5.4466240353e-01 4.6207942299e-02 -1.0862834587e-01
4.0900098861e-01 1.6118836248e-01 -3.7774130984e-01 3.8414984818e-02 -1.8568599264e-02 -2.8123803977e-01 -3.8212161159e-01 -4.9367896528e-01
3.0148686516e-01 -1.0518193594e-01 4.2328396686e-01 6.5638790402e-01 3.6782001848e-01 2.6205589516e-01 6.3525007856e-01 6.7749159444e-01
