-7.2620636940e-02 -2.7696895254e-01 6.9965951233e-02 1.4182423941e-01 3.5469587991e-01 -6.2331661315e-01 -3.3892284734e-01 -2.9674942010e-02 2.1396684727e-01 4.2108990136e-01 -4.7533865237e-01 -2.4659624429e-01 1.7481095233e-01 -1.8035300930e-01 -5.1619956466e-02 4.6909156752e-01
-1.8703026761e-01 -2.2912615039e-02 6.6378937906e-01 5.2220247923e-01 1.7805954519e-03 -2.0690024925e-01 6.7292984211e-02 1.0449081671e-01 9.8414059288e-02 1.8416913599e-01 2.8192302755e-01 2.9396213516e-01 -5.7008145400e-02 -2.7240279907e-01 -2.7497583041e-01 -2.4081176310e-01
-8.9715896471e-02 3.4069572542e-01 3.9212070724e-01 2.3980469600e-02 7.3390308626e-02 1.9808984216e-01 9.7653128296e-02 8.5213706943e-02 3.9853984428e-01 -8.8342200796e-02 3.2001413992e-01 4.5675217824e-01 1.3161483426e-01 9.3793588814e-02 2.8500276057e-01 -1.1572915796e-01
-2.5337469057e-01 7.9186605027e-01 -1.4094332400e-01 4.3551266521e-01 1.6171681475e-01 3.8372184231e-01 1.8617368615e-01 -4.3956289774e-01 -7.3288878459e-02 -2.4394711919e-01 2.7537108131e-01 1.4816808783e-01 1.8587351220e-01 -1.9932226993e-01 -3.2082658400e-01 1.6544148907e-01
3.0658680212e-01 -1.2893625175e-01 -2.4847539071e-01 1.9631996508e-02 5.2454304059e-02 2.4703592869e-02 -2.8859639574e-02 6.9146363727e-02 1.3507890656e-01 -1.5336828471e-01 -2.4810706457e-01 -4.6118336069e-01 8.4320589803e-02 -3.3349408667e-01 1.3650094808e-01 6.6924781835e-02
-9.7477064058e-02 -1.5919107904e-01 -2.5305712721e-02 3.6015229720e-01 -1.8622088588e-01 -9.9894572114e-02 -4.3347457984e-01 1.7140541432e-01 1.9464355414e-01 3.2266308550e-01 1.9342746620e-01 3.5723310365e-02 6.2664515890e-02 3.7206581058e-01 1.6211606569e-01 -6.4465570142e-02
1.9940971057e-01 3.6508653414e-01 2.6657775906e-01 -5.1102891933e-01 -4.1969368522e-01 -4.3123777660e-02 -3.1202871602e-02 2.4118576199e-01 -1.9669640762e-01 -1.2337688274e-01 1.7250586457e-01 -3.7017847301e-01 -5.3384351849e-03 -1.1843484490e-01 -1.1907169188e-01 -2.6658450642e-02
-6.1646359016e-02 1.8041174867e-01 -1.4959561061e-01 2.0255967080e-01 -6.7072518427e-02 3.6302517615e-01 -1.5887428891e-01 -1.8699820550e-01 5.2000265944e-01 -4.6773870328e-01 1.6373898247e-01 1.9583275176e-01 7.8625215083e-02 2.3731027435e-01 2.8025596318e-01 5.9848426931e-02
3.9953608715e-01 4.0033051869e-01 2.1853416091e-01 2.8093725064e-01 1.6357067899e-01 1.4398739381e-02 -8.2160126963e-02 -1.6326843848e-02 -7.6657404597e-01 2.5923028878e-01 -2.5752316105e-01 -5.9300751174e-02 6.0657136200e-02 2.2607102807e-01 -3.9989227988e-01 -5.0541737621e-01
-1.5345475229e-01 2.1202347594e-01 2.3114071335e-01 3.4268830085e-01 -2.5585554276e-01 -1.6035648875e-01 5.0281114680e-02 3.5038592846e-02 -1.8210716736e-01 -2.0158751829e-02 1.8246821926e-01 -1.1612035246e-01 -2.7611411610e-01 -1.2663523325e-01 -1.5544431622e-03 -4.0928028343e-01
-4.4455069873e-01 -1.3211227282e-01 2.1069180785e-01 9.8962249928e-02 1.2688112447e-01 -1.1233731213e-01 -2.5532314091e-02 -1.9761844112e-01 3.9791093321e-01 -2.9322283898e-01 -1.0714762124e-02 1.9167834000e-01 -2.8354309646e-01 2.1092656040e-01 3.3989332893e-01 -8.4975744606e-02
-2.1470539505e-01 1.6540059093e-01 -3.0109997206e-01 -6.2235002625e-02 -3.3995976476e-01 2.2961086570e-01 -3.1426833094e-01 -3.3035488033e-01 6.4517223546e-02 2.1991804460e-01 -6.7299907343e-01 6.3037937944e-01 -1.4716005655e-01 -3.8888282713e-01 2.5765585722e-01 3.0719317455e-01
1.9806873391e-02 -2.0466597008e-01 3.5839712347e-01 2.7022822704e-01 3.2330299148e-02 -4.0392241489e-01 1.5245444210e-01 -2.7076333815e-01 2.3117252572e-01 3.7712096175e-01 -1.2276962360e-01 -5.8924121345e-02 -5.0745689530e-02 1.3169588152e-01 -3.3543088346e-02 4.2797334091e-02
7.3273528611e-01 -2.1068896793e-01 9.2612439693e-02 5.5186738669e-01 1.9090772143e-01 3.4103831421e-01 2.5352190310e-01 -2.2199680134e-01 2.3182104914e-01 -2.0246074496e-01 5.4554944603e-01 1.7160965198e-01 3.0705237733e-01 9.1501742383e-02 2.4393314156e-01 1.1314473302e-01
-3.5303426782e-01 1.2124283833e+00 -4.3765112023e-01 -5.0075682296e-01 -6.8046864615e-03 -4.1500091927e-01 -2.8746011735e-01 5.7189692596e-01 2.1084757986e-01 2.3186756936e-01 -4.3718993795e-01 7.0343806374e-01 4.0846999738e-01 1.8655830203e-01 3.5523235209e-01 2.0155519914e-01
-1.7823656109e-01 2.0194797830e-01 -1.9565214836e-02 -2.6077105290e-01 -5.5274599933e-03 -2.5750974535e-01 -1.8708803725e-01 8.3170791571e-02 2.9224389087e-01 4.6995646225e-01 2.5080162741e-01 9.4068642375e-02 -1.5542922015e-01 -2.7822090714e-01 -1.2387286605e-01 -1.8093759680e-01
