-1.8610665090e-01 5.9608812894e-02 -1.1488945424e-01 1.0189082619e-01 1.0680001517e-01 -2.0789325241e-01 -2.3121459987e-01 -4.8765788079e-02 -3.7644795374e-01 -2.7335202572e-01 8.4632472062e-02 -5.7024612201e-02 3.3289948738e-01 4.0046334348e-01 7.3555723494e-02 -1.9823335052e-02
1.6313164031e-01 5.6484455050e-02 2.0174453075e-01 -1.1019039409e-01 5.9847978794e-02 -1.7043425080e-01 6.2885682689e-02 5.4192903247e-02 -2.9758609312e-03 2.5525514664e-01 -3.9560305877e-01 4.4895949880e-01 2.1914441887e-01 2.6721225473e-01 -4.5658460625e-03 -3.6126892846e-02
3.1446646572e-02 -3.8151487152e-01 -1.9433234981e-02 -2.4273603994e-01 2.5905188891e-02 -1.2853161271e-02 1.6098088906e-01 -4.7156944570e-02 -1.6115038676e-01 -5.7030430264e-01 6.6500240771e-02 5.4544787782e-02 -6.1813161400e-01 1.0739273293e-01 -3.2713732327e-01 -1.2455802705e-01
2.8959412001e-01 3.4428640606e-02 2.8571460003e-01 -1.1744626042e-01 4.3224899028e-01 -1.4392485637e-01 1.0854442171e-01 -1.3517450814e-01 4.9931823478e-02 -4.2852028450e-02 -1.9607708854e-01 3.6644969107e-01 1.9826421270e-01 2.0888997663e-01 -4.1375348828e-01 3.6053493966e-03
5.2206170851e-02 1.0960151156e-03 3.4834584556e-01 2.9812759487e-02 -4.0309762319e-01 6.3299470720e-02 -4.0703161012e-01 -1.1401143590e-01 -2.0229555808e-01 3.0953684264e-01 -4.1908258537e-01 3.1330780831e-01 3.4932974566e-01 2.5857984660e-01 -3.2449289623e-01 -2.3676857718e-01
2.8689931240e-02 4.9431497386e-01 1.2493045551e-01 8.6679229773e-02 8.7912766944e-01 -5.4462713554e-02 -4.1476261321e-02 -1.2260380139e-02 -5.7019156924e-01 1.7673834581e-01 2.5721863298e-01 -1.9172405665e-01 -5.3749139366e-01 -1.4556565843e-02 5.2903749559e-01 -3.4856044214e-01
-6.2421054180e-01 5.8566623901e-02 2.2986619454e-01 3.0274569101e-01 -3.1237533219e-01 2.5121357137e-01 -1.6065749541e-01 -3.3362982550e-02 6.4211354416e-01 3.0216471656e-02 -1.2436741116e-01 3.1540871849e-01 3.5833262195e-01 3.5296227203e-01 -3.2410137915e-01 3.1475431223e-01
1.1682041921e-01 -2.7298412790e-01 1.7367071234e-01 -1.3742069636e-01 1.0222530120e-01 3.2566072543e-01 -1.1937838508e-01 -4.0996323406e-02 2.6379006785e-01 1.8985666783e-01 1.0788992208e-01 -2.0625641362e-01 -4.8527547636e-01 3.7205727754e-01 2.4862220498e-01 -3.5764788332e-02
-3.0459249992e-02 -9.4531292792e-02 2.2101966100e-01 5.7576695201e-02 4.2298011728e-01 -2.9530090388e-01 -2.2446347928e-01 -3.1028883499e-02 8.3867780614e-02 3.8457942175e-02 -3.1712414533e-01 -1.8597880873e-01 -5.9096619229e-01 -3.0956994376e-02 8.0986565084e-02 1.1193761498e-01
-9.4137454790e-02 -1.0303062967e-01 2.4529180679e-01 2.6268854329e-01 3.6350297064e-02 4.5966481464e-03 5.0371528918e-02 -5.2455594116e-02 2.2046521020e-01 2.6387161907e-01 2.5030986559e-01 -1.6639172551e-01 -2.9245029761e-01 4.9624571769e-01 1.4309035756e-01 3.8306984432e-02
1.1715634055e-01 4.3898227439e-01 3.4690628939e-02 -3.0787365705e-01 1.0586966458e-01 3.0472044590e-01 4.8870184054e-01 -2.8150610929e-01 -1.8919537573e-01 -2.5078711464e-01 -7.9490287447e-02 2.5210355675e-01 -1.9815894798e-01 -1.8792089104e-01 -1.0358021591e-01 -5.6756699559e-02
-1.8698677518e-01 2.7585085030e-01 2.3646742914e-01 2.2832796982e-01 3.1278892664e-01 -2.6389256351e-02 -1.6859306998e-02 -1.1417159109e-01 -1.2385975266e-01 -1.7391637832e-01 6.7487904709e-01 2.4747592393e-01 1.4204485240e-01 -1.9646138082e-01 1.5775062825e-01 2.8037913139e-01
-6.3826631959e-03 -6.6556078266e-02 9.9599726041e-02 -3.2494732629e-01 -1.5324630309e-02 -2.8638994366e-01 2.7822868927e-01 3.5141690015e-02 5.1728890874e-01 -2.7433696752e-01 1.6872936929e-01 1.7993689388e-01 1.6137925120e-01 -2.0011166410e-01 -8.5622632204e-02 2.5345525011e-01
1.1196184509e-01 -2.5265158746e-02 4.3191763022e-01 2.6507684017e-01 5.7594130201e-01 6.7712997531e-02 -8.9207259035e-02 2.7569602691e-01 4.0898481644e-01 1.0538921237e-01 -5.7665980293e-03 -1.4439806320e-01 -3.8311701944e-01 7.7318727129e-02 -1.3152694354e-01 -6.4037403033e-03
4.7093201230e-02 -2.0087192985e-01 -1.6921278195e-01 3.5230812304e-01 2.9787008911e-01 -1.1586774107e-01 -2.0867215047e-01 -4.2959423571e-01 1.4719222599e-01 1.1713443892e-01 1.0363291888e-01 2.5551461077e-01 5.8721006614e-01 2.3142124388e-01 -2.9608032017e-02 -2.0295465414e-01
4.9274161905e-01 -1.4160427970e-01 -6.0275448795e-02 2.4398933807e-01 -3.8183603502e-01 3.1773912020e-01 -2.8676512676e-01 -1.3257388993e-01 3.7908744442e-02 -7.2643290561e-02 -1.6250914486e-01 -2.7767090414e-01 -4.0132577520e-02 3.1773381115e-01 -4.4580587987e-01 1.3113170086e-01
