-1.3493662793e-02 5.0592179839e-01 -2.4780280923e-01 1.4148515036e-01 -2.2446875553e-01 2.4750701857e-01 4.8097163343e-01 9.2436514554e-02 2.8101239368e-01 2.6262205844e-04 4.3968045875e-03 -8.0374190403e-02 4.5230175735e-02 -1.4851958127e-01 -1.9954692789e-02 -1.2174898116e-01
-1.9597090038e-01 -9.9636398810e-02 2.4665245979e-01 4.1291715388e-02 3.5057426642e-01 -2.2942454405e-01 1.4136779081e-01 2.3325739933e-01 1.5470545030e-01 -3.1260731658e-01 -1.8659069351e-01 3.6938611283e-01 2.7982592170e-01 3.1669808460e-01 -2.2030600276e-03 -2.1713702143e-01
2.0898732881e-01 7.3952664679e-02 1.1671525722e-01 5.9893329380e-02 1.3758662538e-01 -7.7429491366e-02 1.9233613664e-01 2.2356660879e-01 -4.2812770987e-01 2.7440399009e-02 -3.7971339318e-01 -6.5218361286e-01 2.4861234415e-01 -2.5209982005e-01 -2.6927140936e-01 8.9745679719e-03
-4.8937831649e-01 1.6826324252e-01 -5.1391327851e-01 1.9600360686e-01 1.0896925131e-01 -5.3492239680e-01 -1.2754555328e-01 -3.0875010358e-01 -1.1882967203e-01 -1.7544007123e-01 -2.5419594791e-01 -1.3522043704e-01 1.6482599183e-01 1.3837706760e-01 -6.6861171716e-02 -1.1521812133e-01
-1.0011080493e-01 2.3088242460e-02 4.8893838634e-01 1.2061648349e-01 -2.7896253158e-02 2.3409409756e-02 -3.4269787364e-01 2.2387936719e-01 1.7632204552e-02 7.9044899316e-02 2.3774929993e-01 8.8316623095e-02 -3.6800613435e-02 1.0376672013e-01 1.8724661790e-01 -6.4896622106e-02
1.0220012527e-01 -6.7626940258e-01 4.2552411337e-01 1.9194957678e-01 4.1099599970e-01 -3.5802395933e-01 1.7913845817e-01 -3.9512218892e-01 1.9524490160e-01 1.3475847818e-01 -8.9120773953e-02 -4.5159517134e-01 -1.9140928566e-01 -4.3868561753e-01 4.2473277482e-01 3.1518991926e-01
3.1552994718e-01 -1.0328575977e-01 1.1308443553e-01 1.2347834585e-01 1.2002933210e-01 -2.9464216447e-01 -2.4033418138e-01 8.8892190338e-02 2.5106131693e-01 -1.5237657281e-01 -7.3805734553e-02 -4.4001006614e-01 -7.3367907181e-02 -3.2360560201e-01 1.1150101025e-02 5.3201573198e-02
-4.7314817646e-01 -3.3104901979e-02 -1.7998682514e-01 8.1173334639e-02 -7.1503091599e-02 3.7840250228e-01 -3.7571303620e-02 -3.7692833595e-01 -2.6582323617e-01 6.5906740200e-02 1.3292679700e-01 2.9699719954e-01 1.3825419110e-01 2.2650396094e-02 1.3228340007e-01 2.4569757369e-01
3.1534389743e-01 -1.0208167899e-01 -4.4558278298e-02 -6.1288633029e-01 -3.4266884095e-03 -3.0312282518e-01 1.7634625273e-01 -6.8731048276e-02 -2.9952417979e-01 -1.7692624375e-01 -3.8369094234e-01 -1.7757709537e-01 -1.1005416292e-01 1.5092257967e-01 4.1014388878e-01 -2.9764282066e-01
2.1460813675e-02 -4.3972051559e-01 -2.6148515368e-02 1.1720233482e-01 1.5567798188e-01 -2.2684295690e-01 2.6349085966e-01 1.1526284128e-01 -3.1947163848e-01 -2.1266640198e-01 -2.0111542188e-01 -1.2222761755e-01 1.8858442701e-01 -9.3590731726e-02 7.6953359576e-03 -1.9014350807e-01
1.4897437478e-01 5.0789993056e-02 1.3998138747e-01 -4.5303308490e-02 1.2322337987e-01 -2.7028800255e-01 -1.2034366855e-01 -5.6046477988e-01 1.5567889018e-01 -1.6965419448e-01 -1.3018511962e-02 -4.0742647871e-01 -1.8055878120e-01 -1.3765782575e-01 -1.8205711941e-01 1.5453312169e-01
1.3688593075e-01 1.9474178336e-01 -3.6908366144e-02 -4.2100733161e-01 1.6686052480e-01 -4.4907728547e-02 3.1708516212e-01 -3.0130767056e-01 2.4358967311e-01 4.1175492087e-01 -1.9827936891e-01 1.2520210629e-01 1.2343923553e-01 -7.3317148960e-02 4.8128025861e-01 4.2315246521e-01
-6.2973630710e-02 5.2366155198e-01 -1.3056742037e-01 1.4703274434e-02 1.2013089601e-01 3.3330320659e-01 5.2089686196e-01 2.4235156282e-01 2.9695412437e-01 2.0068321728e-01 -3.2927556021e-01 8.5061268990e-02 -3.5519604468e-01 7.4923856429e-02 -3.0827902838e-01 -1.7474783211e-01
-1.6364145706e-02 6.8004645550e-01 3.6766984140e-01 1.3316257969e-01 -6.9717113933e-02 -1.1710229710e-02 1.5364350333e-01 -3.4426904300e-01 1.1751186773e-01 3.5291389643e-01 3.3462906710e-01 -1.2744539238e-01 -1.0771241876e-01 -1.8711321458e-03 7.7261372216e-02 -1.6951308729e-01
-1.5538218849e-02 -2.1426539544e-01 1.5170613946e-01 -8.0254592265e-01 -5.1161384915e-01 1.7821033674e-01 2.7450444326e-02 2.2804049764e-01 1.8400424134e-01 -2.3280525416e-01 -1.9214112478e-01 5.2992489781e-02 2.3085450818e-01 4.6805221000e-02 1.8186115171e-01 -5.5273916031e-01
2.7577681831e-01 2.3012300981e-01 -1.3960756949e-01 -9.2350866890e-02 -1.0718598765e-01 1.1647593424e-01 -6.4024267048e-02 -1.9543959601e-01 -1.2659309080e-01 -1.6706585274e-01 -9.6494553404e-03 5.0285078674e-02 1.4624637457e-01 1.0336919599e-01 1.7487326824e-01 4.5764794360e-02
