-1.7209077991e+00
-1.3961462795e+00
4.8605173567e-01
-1.4719317395e+00
-9.8285818925e-01
-1.0728149239e+00
-4.3321178320e-01
1.3168872143e+00
-1.5966333464e+00
1.9873041816e+00
-1.1082193767e+00
1.3364968265e+00
1.6427187056e+00
9.4093298253e-01
-1.1313602421e+00
-1.2885547024e+00
-9.4353054283e-01
-1.0835189190e+00
-2.9873213570e-01
-1.5904829789e+00
-3.0094948636e-01
-1.2595894320e+00
1.4439068988e+00
-1.3730856045e+00
6.4463012347e-01
8.4808710457e-01
3.1236882052e-01
-1.1939611136e+00
1.7331186548e+00
-1.4672644425e+00
1.2244438026e+00
-6.3042693314e-01
-1.7371731549e+00
-1.4130887490e+00
-1.2093872488e+00
