-3.3590591338e-01
-3.5641319380e-01
-8.4974944583e-01
3.7564821925e-01
-6.2923802241e-01
-3.2120287993e-01
1.0189299664e+00
-4.2128567325e-01
-4.4421808954e-01
-3.8919635898e-01
-8.5917467658e-01
6.7699614211e-01
-1.0204795118e+00
2.5345263758e-01
-2.9240638402e-01
-5.0164021927e-01
-8.5374802206e-01
8.5625205845e-01
-3.6793173984e-01
-1.0800801627e+00
8.9863042380e-01
-5.0905807823e-01
3.3323493979e-01
-5.6016319380e-01
-4.2075418565e-01
-2.6857494521e-01
1.1124103128e+00
9.6206661474e-01
9.9437380777e-01
-4.6864541915e-01
-2.2432703852e-01
5.0860283388e-01
4.1199693427e-01
2.3438015044e-01
4.3944314569e-01
1.9314496739e-01
2.6290419104e-01
2.4910619093e-01
-3.8067140892e-01
-4.4165045317e-01
3.7428318060e-01
-1.1589897866e+00
-1.7843246627e-01
2.8393300228e-01
-9.1497306187e-01
-3.1770633872e-01
-2.9246380867e-01
6.0606095735e-01
-8.7895135684e-01
-2.7206324248e-01
-3.5148322530e-01
1.0797435842e+00
1.0402866782e+00
1.3515540932e-01
1.1150846633e+00
1.0123184183e+00
-2.2510964626e-01
-3.9719374368e-01
4.2000065411e-01
2.0570556727e-01
4.7524051120e-01
9.2929238570e-01
-9.0577036510e-01
1.0063607578e+00
-2.1478749494e-01
2.3605197862e-01
-2.3620465433e-01
2.3794779441e-01
9.1820562243e-01
-1.1314386876e+00
9.1027532598e-01
4.3001601695e-01
1.0340250009e+00
-3.6639746895e-01
9.9842416056e-01
2.3938330518e-01
-3.3944781046e-01
-9.0342482236e-01
-4.4875699862e-01
3.2214713055e-01
-9.1256207830e-01
-8.6017255036e-01
9.6084996370e-01
2.5577469947e-01
-2.1785187049e-01
-2.9521377733e-01
9.2421999598e-01
4.5837687509e-01
2.6390752907e-01
2.2967597591e-01
2.2851269207e-01
-9.5467028291e-01
2.8685241711e-01
9.3436274385e-01
5.2703734048e-01
9.3416842477e-01
1.0709587517e+00
2.9659225605e-01
-3.7939704844e-01
-2.8436967629e-01
