-3.9702962842e-01
1.2218204690e+00
1.8790128529e-01
1.1010773786e+00
5.7897202004e-01
8.3719931753e-01
2.1476916710e+00
1.8199417850e+00
2.1047502124e-01
1.1034800975e+00
5.9215540502e-01
-1.8319113880e-01
3.9725647909e-02
-1.8823659507e+00
-2.6706625781e-01
-5.1213824617e-02
2.8352653866e+00
-4.9776467104e-01
-2.3151476535e+00
1.3053082108e+00
-3.4921778976e-01
6.0933895982e-01
-6.4611754114e-02
4.6558628697e-01
1.2163518447e+00
-8.7881403686e-01
-2.5330904100e-01
-7.5395444627e-01
-8.5269493856e-01
6.4360329868e-01
4.6950603610e-01
9.7887508468e-01
2.9258310477e-01
-1.6662109794e+00
7.0449760081e-01
-2.2957804864e-01
7.6674292630e-02
5.6684398941e-01
-2.1120296265e+00
9.4334073574e-01
-2.1194378630e-01
5.0675156503e-01
4.7916785374e-01
-5.9452595988e-01
3.7460284330e-01
-2.6609751345e-01
1.8191214317e-01
5.5165650802e-01
2.0679324600e+00
2.9360154100e-01
-2.3493793676e+00
1.2860331450e-01
1.0205528037e+00
1.0262057074e+00
9.2900685971e-02
-9.2273111494e-01
-1.0790935273e+00
8.2118732345e-02
1.3366921856e+00
6.3558537620e-02
-4.0233501042e-01
-1.2958368486e+00
1.0635037402e+00
4.5320795793e-01
1.2280658260e-01
2.9053108760e-02
-6.3525954426e-01
2.0191854993e+00
-6.8608971153e-01
2.7826523472e+00
-1.6723198334e-01
-1.2449368056e+00
-3.6245209533e-01
5.7293440706e-01
-1.0155894018e+00
1.5208169571e+00
9.0686182470e-01
-1.6161147791e-01
-1.3606011310e-01
9.1286723550e-01
-1.2172534353e+00
1.5626584236e+00
2.3433986690e-01
2.9473656391e-01
-3.8945423662e-01
-2.5491657852e-01
3.3931914454e-01
2.0008649133e-01
-1.8421964092e-01
-9.1453176381e-02
-6.7235794420e-01
-2.5095223830e-04
1.2017446979e+00
-7.6642676307e-03
1.9618076702e-01
9.6111063152e-01
-5.8583104010e-01
1.5016009515e-01
-2.5718368284e-01
-2.6342003385e-01
-2.1038982820e-01
2.4618613192e-01
4.8387565494e-01
8.0337635381e-01
2.1713732825e-01
-1.5269356361e-01
1.6427100406e-01
-3.4775543473e-01
7.0334025336e-01
-2.0532225820e-01
-1.6791136240e-01
1.8689603108e+00
2.8135021188e-01
-1.3428574855e-01
-4.6872516415e-01
1.7592134182e+00
-3.6309744519e-01
-1.1730393418e+00
-8.9688232133e-01
-7.9861370465e-02
-1.5302119325e-02
-3.7103146053e-01
-1.6839309129e+00
5.9342929865e-01
3.3364947094e-01
-2.2605894367e-01
-7.4966373408e-01
-1.1504744714e-01
-1.6617587037e+00
-2.6248198409e-02
1.1026388160e+00
5.1115485195e-02
-1.6943109552e-01
-9.4333374167e-01
1.2981212518e+00
-6.0416799532e-01
-5.4139506787e-01
-1.3455989851e+00
-1.8746291501e-01
-4.2914952517e-01
-1.4306887782e+00
-3.5374442702e-02
-8.9184225384e-02
8.7783176054e-01
2.9042180960e-01
2.3512582489e-01
-3.8313288291e-01
7.0945039103e-02
-8.0057108735e-01
3.0990183835e+00
-4.7239644082e-02
-1.2724011938e-01
-9.1213513162e-01
-1.9795961336e-01
2.9015112332e-01
1.4305818743e+00
-2.0034417294e-01
-1.9975847632e-01
-7.5844523215e-02
2.5189652377e-02
-5.5689375284e-01
-3.2446222708e-01
2.8959453283e-01
1.1105545482e-01
-1.0149359615e-02
1.2089857824e-01
4.8070741313e-01
-1.9047721488e-01
-1.4273846643e-01
6.1809749514e-01
-9.1020852706e-01
-5.2918102986e-01
4.5015081112e-01
-2.3260715026e+00
2.7736258108e-01
6.6822396438e-01
7.3318941124e-01
1.0851683011e+00
-1.3721402205e-01
-8.8328739615e-02
-5.4847958804e-01
1.7645849357e-01
-5.3496041358e-01
-2.0424749738e-01
1.6732960584e-01
-5.8468677438e-01
1.0741196719e+00
-7.2281175859e-01
8.2746978121e-01
-1.9634226647e+00
6.0392340375e-02
-7.5103249830e-01
1.4167004032e-01
4.8608191392e-01
-1.1420739211e+00
3.3294534810e-01
4.4758433003e-02
1.1766482557e+00
-2.6135060754e-01
-9.6818350351e-02
-6.5127707246e-02
-1.2197920367e+00
-4.3870133870e-01
-6.6129665753e-01
-1.1387928588e+00
1.0603144383e-01
6.8832875653e-01
-1.6638863884e-01
-3.7951119483e-01
6.4050323542e-02
1.4686623442e+00
2.6188648823e+00
-1.8876398765e+00
-6.5229440220e-01
6.2100259527e-01
6.1047037928e-01
-2.7824902825e-01
1.4085646963e+00
2.3271612892e-01
-1.0490669216e+00
1.0302609935e+00
-3.5636281369e-01
5.1849677730e-01
1.9897933290e+00
1.9074596459e-01
4.3980550377e-01
-2.2231799058e-01
-5.6376506694e-01
-1.1939738959e+00
1.8550961562e-01
-4.4133018240e-01
5.8607678794e-01
-2.9540215071e-02
1.3627784677e+00
2.0884874244e-01
-2.2774509561e-01
-3.0681299295e-01
1.5242276288e+00
-1.0671268642e-01
1.0113841270e+00
-1.0412155343e+00
-1.6742604611e-01
1.3237335302e-01
3.4131701920e-01
7.8469175762e-01
-7.7697783582e-01
-3.0586172803e-01
-1.1167065937e+00
7.2470180901e-01
5.6368540447e-01
8.0410549204e-01
-7.4594004610e-01
6.6852928932e-01
1.2854505282e+00
3.4826586335e-01
2.3051073969e+00
9.5624687140e-01
-4.3567397614e-01
-1.4205166016e+00
8.3668448593e-01
2.3589252576e-01
3.6059662802e-01
-1.5581954001e+00
8.2484799843e-01
-2.1213448668e+00
-9.5986965242e-01
-1.2857411816e+00
-3.8268038761e-01
2.0731449092e-01
1.8589545271e+00
1.1227374218e+00
3.1091050277e-02
1.3711752760e+00
-1.3783616624e+00
-7.5985677595e-01
-4.4892042714e-01
1.6536893129e-01
1.1592185627e-01
-7.6903296644e-01
2.7295911361e-01
6.9225890113e-02
-5.3608003794e-01
2.4292089832e+00
9.5563013462e-01
1.1883868814e+00
1.6331423759e-01
-2.9732643194e-01
-1.6369018231e-01
1.1337428000e+00
4.6699488927e-01
-7.8454482598e-01
3.1692940673e-01
6.5050132646e-01
9.3335913533e-01
-1.4459188514e+00
7.4073581530e-01
4.9661272852e-01
1.0609029816e-03
-1.3012198575e-01
-1.5468659986e+00
