5.3432414069e-01
5.7747102430e-01
-1.4989957953e+00
1.2349350352e+00
7.7122747815e-01
-7.4270480513e-01
4.4766268107e-01
-6.3934530022e-01
-4.0006834943e-01
-3.7521745357e-01
-1.0892080794e+00
-6.4604258838e-01
-9.4368612323e-01
-1.3590813420e+00
-2.0388377872e-03
-2.6485782074e-01
-1.7693087080e-02
-1.4024317052e+00
-8.3137173640e-01
1.4213407844e-02
-1.4782875551e-01
5.1138682482e-01
-3.7076565788e-01
6.2861538566e-01
1.1321515645e+00
-1.2398430938e-02
-1.6881087858e-01
2.1593594084e-01
-2.3277824803e-01
1.1249239651e+00
1.2388726516e-01
-1.1505500823e-01
