-1.4017120517e-01
6.0745046756e-02
6.0976709664e-01
1.6604265057e-01
-9.4490681936e-03
3.1949826600e-01
-1.7120325677e-02
1.5301002880e+00
1.2007402752e+00
1.7437244605e-01
7.0371858130e-01
-3.3927500775e-01
7.1429947871e-01
6.9266060529e-01
4.8751834597e-01
6.3361160605e-01
2.6682603147e+00
-1.0765322909e+00
-4.4284490524e-01
6.4138732728e-01
4.6839842300e-01
8.3997594388e-01
1.0985377490e-01
-3.8683388291e-01
2.8811780481e-01
1.1094630328e+00
1.0448041964e+00
2.4354143150e+00
-1.4127811154e+00
1.3316393862e+00
1.8449965839e+00
-5.7305098176e-01
