-1.3040611430e+00
-2.9615185530e-01
-1.4672762846e-01
-7.9768133169e-02
2.1013501547e-01
1.8859683856e+00
8.8095932468e-01
9.2803103168e-01
1.3395631332e+00
1.0382641456e+00
-6.8298377772e-01
-2.1279699508e+00
9.5554076703e-01
-5.5767963232e-01
-6.1069826063e-01
-1.4566416383e+00
9.6288579872e-01
-1.4905998187e-01
3.7718774043e-01
-5.3864695784e-03
1.4633998262e-01
1.3919194102e+00
-3.4997285905e-02
1.3292207770e+00
1.0966918773e+00
5.0668929275e-01
-9.1432775130e-01
-1.0702995828e+00
5.8760338452e-01
-1.6236577735e-02
5.3305936779e-01
5.8896914084e-01
