-8.4202794605e-02 2.3710430329e-01 1.3414646308e-01 9.9170316748e-02 4.5977052363e-02 -1.3403504828e-01 3.0087136671e-01 6.2329522156e-02 4.5207329430e-02 -6.6201707753e-03 -1.2026841845e-02 -3.1054906816e-01 -8.7865733935e-02 -2.1525097381e-01 -1.4280045260e-01 4.0827095851e-01 -1.8825889006e-01 5.9889887332e-02 5.6675708308e-02 1.6929747103e-02 -2.1058896807e-02 -3.5650758461e-02 -8.7065202892e-02 -8.4944741065e-02 1.5778958064e-01 1.7594363468e-01 -3.9494296806e-02 -2.4855029519e-01 6.2589605583e-02 -3.7255110975e-01 1.0478734031e-01 -1.0195487377e-01
-1.1416216068e-01 -2.1143113534e-01 1.2061383376e-01 -2.4730061662e-01 2.2688193966e-01 -1.4913346311e-01 3.7307434869e-01 -1.0193507444e-01 1.5751158368e-01 1.4311559848e-02 -1.1396842800e-01 -3.1509142513e-01 2.7065815545e-01 -3.7731398530e-01 1.3498368700e-01 1.3779150148e-01 4.2336925252e-02 2.3146692428e-01 2.0951983167e-01 -2.7980959032e-01 6.5951155296e-02 -4.7684520015e-02 4.6556355651e-01 2.0311693796e-01 9.2783660127e-03 -1.0493032387e-01 -1.1510584739e-01 1.7912285071e-01 1.8808773038e-01 9.2931996688e-02 -1.0813814135e-01 4.9129266792e-02
-1.6257481435e-03 2.9704688050e-02 1.1884918331e-02 -2.7811684524e-01 1.1002916799e-01 4.6493958321e-02 -3.3428796533e-01 1.6636094894e-01 2.0102442798e-01 -3.3317991816e-02 -2.0919690894e-01 1.8943028623e-01 -1.5336452982e-02 1.4920525362e-01 -6.0595497810e-02 6.2944873168e-02 -8.5031777703e-02 2.3400532848e-01 -9.1870789885e-02 1.0088910322e-01 -2.8561978405e-01 1.9042669931e-02 2.3807289511e-01 -3.6519783079e-01 2.2242451955e-01 6.4169871086e-02 1.6381238435e-01 1.6671712458e-02 -7.7121911895e-02 2.2928261186e-01 -1.5469789153e-01 -2.1013874436e-01
5.5059508237e-02 2.5461894690e-01 1.0955518144e-01 -4.2590751737e-02 2.8439047278e-01 9.6310750121e-03 -2.0221739099e-01 -1.8284163853e-01 -5.1574969089e-02 9.9526015188e-03 5.1781725305e-02 1.3070884415e-01 6.9241654709e-02 2.3434386141e-01 3.5575745325e-01 4.2525101384e-01 7.5776102934e-02 3.3645742678e-01 2.9944971014e-02 7.1021340213e-02 1.5814689455e-01 9.9670984176e-02 1.5725886083e-01 -8.5711543986e-02 1.1052422903e-01 2.8298677469e-01 3.5155114635e-01 -1.1657099437e-01 1.8577594479e-01 -1.3918762566e-01 4.3809010755e-01 2.9460913403e-01
1.2835895963e-01 2.7400055595e-02 -1.3807880814e-01 1.2133400173e-01 1.1577912015e-01 -7.1204176666e-02 2.3403699295e-02 1.9754582950e-01 -1.1256026661e-02 1.5295014790e-01 3.1110262632e-01 -1.5319049926e-01 -3.3807008467e-01 -5.0312870529e-02 2.2773034482e-02 -1.9928777731e-01 3.1383930008e-01 -1.6930652530e-01 -2.4397986560e-01 -4.8496832278e-03 3.6058160539e-01 -1.3770627375e-01 -4.4826937808e-02 -1.7787978256e-01 1.6847803603e-02 1.5546394218e-01 -8.7469004508e-02 -2.7301803341e-01 -8.0343422061e-02 3.7656145827e-02 -1.8231859765e-01 1.4246500373e-01
3.0133367981e-02 -3.8104904872e-02 3.4029108440e-01 -2.2809110570e-01 -2.5277427120e-01 5.2302556130e-02 -9.0296798071e-02 -2.2053586442e-01 -2.7303954800e-01 -3.7594343211e-01 -6.2907460794e-03 -1.7201725640e-01 -4.0643089171e-02 1.2071132463e-01 2.4144200221e-02 2.4079571808e-01 4.9360444577e-02 8.2756269975e-02 7.5170339258e-02 -8.2476371261e-03 -4.3415882751e-02 -2.3438111170e-02 -1.6679015320e-01 5.8036541900e-02 2.7027579337e-02 2.0309996250e-02 -6.6788009520e-02 -3.0966595073e-01 2.8458100286e-01 2.4371649973e-01 2.6288199095e-02 2.6913515482e-01
2.7227733684e-01 2.4215600971e-01 3.5078380799e-02 -1.2632760704e-01 1.5348126650e-01 2.3024448525e-01 -1.7755658223e-01 5.5026610917e-02 1.2507273446e-01 3.4366817973e-02 4.4844475046e-02 3.2105414860e-01 -1.7176102528e-01 -1.2093817182e-01 -2.3809008380e-01 1.4222726604e-01 2.0460778695e-02 -6.8556434986e-03 1.9379419667e-01 -1.2715739751e-01 -2.7260457582e-02 -4.9277555726e-03 -1.5430552074e-01 6.8502608438e-02 4.8703843735e-02 -3.8605893841e-01 1.6370808840e-01 -4.5303133554e-01 -5.2865333598e-02 -1.0276711312e-01 -1.6278192564e-02 1.8993508485e-01
2.3640009071e-01 -8.0253598059e-02 -2.1852934810e-02 -1.7003981345e-01 1.3127974175e-02 -2.1410677330e-01 -3.5201699295e-01 1.5296009963e-01 -1.4576125683e-01 -2.2879273653e-01 4.6679519637e-01 2.6528883108e-01 -3.6539831467e-02 -4.4187327393e-02 -1.4269853570e-01 -7.8996261125e-02 -2.2433210058e-01 -1.6214418883e-01 -4.3605319280e-01 3.3400364143e-01 -1.1312681299e-02 -7.7111432694e-03 1.1800876936e-02 -3.8617172614e-01 -6.9998185897e-02 1.6261025829e-01 2.0558354736e-01 -1.3289715396e-02 -3.9158488582e-03 -7.0343152896e-02 2.0440188298e-01 -3.1994459515e-02
-5.1998549347e-02 -2.5438049985e-01 -2.6168648018e-01 2.6653017246e-01 2.6767833548e-01 -1.6340998812e-01 -1.1267088524e-02 -3.5747803679e-02 1.0234620006e-01 1.6254807618e-01 7.8690125645e-02 3.2104866181e-02 -2.2802990054e-01 2.9456746532e-01 1.1250171058e-01 -1.9212779163e-01 1.2496988130e-01 6.7342204337e-02 2.5694298804e-01 6.0275245859e-02 2.3212860969e-01 1.9213745621e-01 1.9015788801e-01 2.0485735576e-01 -4.9450510503e-02 -1.2703373186e-01 2.4422209371e-02 6.7155455803e-02 -3.6047978962e-03 -2.1629184597e-02 -1.0114163594e-01 1.2891948580e-01
4.1865123798e-02 -1.0149074969e-01 -2.2563818862e-01 4.8597910934e-02 2.6851252615e-02 -1.7019257971e-01 -5.9361569393e-02 -3.5619019488e-02 -2.2540526627e-01 -3.7810876788e-02 9.5079982343e-02 5.8559672036e-03 -1.2199267384e-01 3.6950421016e-01 4.2802674628e-02 -1.3598450341e-01 2.2308435527e-01 -2.4320268891e-01 -2.1677083898e-02 3.9030315487e-01 -3.0238694385e-02 1.0947316825e-01 -1.2662291294e-01 4.3925365493e-02 -1.9154003670e-01 -4.2553400953e-02 3.4262245831e-02 6.4232662744e-02 6.4852048286e-02 3.6640147324e-02 -9.5861060518e-02 1.4424128739e-02
1.4168654381e-01 -3.3242694133e-02 9.2084039888e-02 7.7681720656e-02 -3.2332656038e-03 3.0441828882e-02 2.1145039477e-01 -1.5226566871e-01 -1.4030670119e-01 -2.8546177893e-01 1.4541332907e-01 -9.4787169460e-02 -8.5470825243e-02 -2.8671588340e-02 3.4136976240e-02 4.2767097067e-02 1.9335920057e-02 2.2050566467e-01 -1.3111099545e-01 9.7046800159e-02 8.6234468472e-03 9.8546936042e-02 -5.8933247273e-02 -1.8586036379e-02 -4.1911617606e-01 -3.4772632523e-02 -3.6309796873e-02 -3.1144796768e-01 1.3224508742e-02 9.5946293188e-02 2.9452842153e-01 -2.6388952535e-01
-2.4360260678e-01 1.5314516203e-01 4.2648986269e-01 -1.8163322584e-01 3.0930846978e-02 4.0543117652e-02 1.9938055296e-01 -4.6493073764e-02 5.9920856183e-02 1.3253541155e-01 -1.4786063695e-01 2.1415051058e-01 4.9708375844e-02 -1.1938114737e-01 -1.4433433723e-01 1.1189415631e-01 1.0876906338e-01 -2.5207463384e-01 1.1632584880e-02 1.9108918251e-02 6.5381040773e-02 -8.6275317808e-02 2.8034677475e-01 1.1965463217e-01 -2.1819691605e-02 1.0562080752e-01 1.7222710151e-01 -1.6679651816e-01 3.4095611721e-02 1.7959021101e-01 3.5548743003e-02 1.1801731932e-01
-6.9580911521e-02 -1.3388488957e-01 -2.0269041723e-02 -1.5098535138e-01 -1.2352510961e-01 -1.7893984328e-01 4.2969585538e-02 -1.9958869526e-01 -2.0992500969e-01 -3.1371717490e-02 -9.1981442096e-02 2.3410901983e-01 2.0147335213e-01 -1.6888398249e-01 1.0236514600e-01 -1.1290081422e-01 -3.1496772489e-01 1.9730102279e-02 -2.3790295443e-03 1.3146409801e-01 5.0971079229e-02 1.0496821041e-01 -3.1224541317e-02 -1.9376470409e-01 -7.4701429519e-02 -3.4288590746e-01 1.1900677633e-01 2.0051754265e-01 1.7194832950e-01 -4.0056914584e-02 6.4120032114e-02 9.4558902972e-02
2.8835942568e-02 1.3370536919e-01 -2.5910662153e-01 -2.1354793452e-02 -5.8484520354e-02 3.2594943610e-01 -1.4563436015e-01 2.6565679352e-01 1.7483571965e-01 7.1578414470e-02 7.6927713390e-02 8.2803964132e-02 -2.4466344273e-02 3.8488645277e-02 8.2866744666e-02 -1.6488942708e-01 2.1863169651e-01 -2.4992646181e-01 1.6853733942e-01 1.6712049911e-01 2.4443930051e-01 1.6344912080e-01 2.0675281936e-01 1.7778413111e-02 3.9234001880e-02 2.0616706648e-01 7.4931369992e-02 -9.7245034216e-02 1.4906641500e-01 -1.1449362824e-01 -8.1022780244e-02 -1.6464118219e-01
2.0123350810e-01 -1.3964133557e-01 2.5548711212e-01 -7.9165905350e-02 -2.6561356889e-01 -1.7852171184e-01 6.9316398503e-02 -2.2226159251e-02 -1.0364580366e-01 -6.9518107473e-02 1.1372310214e-02 1.6455364981e-01 -7.7700761418e-02 3.5930211510e-01 -1.2018334208e-01 -1.8938734351e-02 -1.1610702380e-01 1.1693639697e-01 2.8983397167e-01 -3.2708747870e-02 1.0588908534e-02 -2.1126191029e-01 -2.2532007936e-01 -1.7643072062e-01 -1.9501450014e-01 -1.9624596575e-01 -1.0150516105e-01 3.2722919243e-01 1.5857150536e-01 3.4065682593e-01 2.3808546961e-01 -2.6854229298e-01
-8.4667640337e-02 -3.0390166012e-01 8.3244893104e-02 5.9613994235e-02 8.8239961069e-02 -1.3242727003e-01 7.8598262784e-02 1.6706499485e-01 -1.4606562329e-01 -1.4547851042e-01 -2.8366554900e-01 -1.8183968784e-01 5.5387112219e-02 -5.5649486531e-01 -8.0441190063e-02 -1.9542761229e-02 -6.7945040668e-02 -1.4001748341e-01 -2.6154270839e-02 -2.3530702132e-02 -1.4040896104e-01 3.2684356263e-01 1.9009559786e-01 3.2063491986e-02 2.2732322077e-01 1.5533131933e-01 8.4606755669e-02 -1.4092546142e-01 2.0193667271e-01 -5.7076606636e-02 2.1089640528e-01 -1.0979469546e-01
-1.2451123844e-01 -1.6415623178e-01 -1.3438675813e-01 5.8134519069e-02 -2.6222859002e-01 1.3706124543e-02 2.2157168021e-02 -8.0470082669e-02 -3.6233076944e-01 2.2380856641e-01 -9.3618569490e-03 2.9882451183e-01 -1.5648962210e-02 -3.0531143269e-01 4.9776894284e-03 -1.5075206712e-01 -1.0507473680e-01 1.2303513130e-01 -1.2918363696e-01 -2.2546447728e-01 -1.5422569683e-01 3.6740047888e-02 -5.3425283917e-02 -1.2203142002e-01 -2.8653134064e-02 1.1668869066e-01 8.4439449161e-02 -1.5449154919e-01 -2.1403079530e-01 7.7728974387e-02 -4.1020205922e-02 -5.0198385476e-02
-2.2678919407e-01 1.7028952901e-01 2.3388294465e-01 1.2576411220e-02 2.3180211269e-01 -5.4246051832e-02 -1.3451997655e-01 -1.5512360562e-01 2.2154227586e-01 1.1449775287e-01 -1.9996576883e-01 -1.4990521274e-01 1.7602777034e-01 -1.7592736450e-01 -2.3013706707e-03 -1.2118852276e-01 2.2498528162e-01 -6.0061427037e-01 2.0761794861e-02 1.5782962810e-01 -1.5163306241e-01 1.2638778164e-01 3.2757862540e-01 7.1461674110e-02 1.7608855620e-01 -1.5714637180e-02 -1.1267301778e-01 1.2185773957e-01 7.8203304495e-02 2.3021794169e-01 2.8649616334e-01 -4.0667546334e-02
-4.4068495656e-01 -2.1382451541e-01 3.4256860558e-01 -8.5757917883e-02 -2.4582133751e-01 2.3963148278e-01 -2.3439790576e-02 -9.8689578145e-02 1.4602026012e-01 -1.2778669687e-01 -5.1751889943e-02 3.3915898615e-01 3.0584514813e-02 3.4415905777e-02 7.4627644036e-02 -2.8483313565e-03 -4.2662680470e-02 4.3345787263e-02 -1.0101042515e-01 -5.3073732014e-01 -1.0908068930e-01 3.3575640685e-01 -2.7846022097e-01 -2.7514178573e-01 3.4024767903e-01 2.2893554836e-01 6.8252574060e-02 -7.0010153006e-02 -3.3655195249e-01 1.9265011834e-01 2.9309264976e-02 1.1841200993e-01
-5.5146592362e-02 -4.5307720997e-02 2.8971906270e-01 2.5176893897e-01 7.9380562837e-02 -1.9531390783e-01 -2.8817534444e-01 -6.3538535943e-02 3.8749429258e-02 2.9236593475e-02 -4.6294958378e-02 1.1749396929e-01 8.2381808947e-02 -2.1174024051e-01 2.6102534576e-01 -1.5710443074e-01 2.9781667010e-01 -2.8392765150e-01 3.2734543581e-01 4.0976690694e-01 -1.0311093556e-01 -2.9853976030e-02 -5.4215434969e-02 1.9829752730e-02 -1.2286938885e-02 3.8896340298e-01 -3.2475670268e-02 2.8249986992e-01 7.0766759543e-02 9.3956594372e-02 -1.8523428099e-01 3.4945604944e-01
6.5788474233e-02 1.7351717513e-01 -1.9705003254e-01 1.7553562880e-01 -1.0994347913e-01 3.0705738157e-01 -1.3994643818e-01 -1.3839801910e-01 -5.2167092155e-02 1.3115007414e-01 -9.5932746715e-03 -2.5805738545e-01 -1.1098775909e-01 1.6402955879e-01 2.3410414936e-01 8.5438590739e-02 1.7413991515e-01 -1.7452218348e-01 6.7569034104e-02 4.0743148770e-01 -1.7145672436e-02 -1.2834923505e-01 2.9689125325e-01 -2.0459145059e-01 2.8274761175e-01 -2.5110928483e-01 -1.0552471967e-01 2.3043833238e-01 -1.3505488404e-01 8.4920788392e-02 -1.9593627176e-02 2.0276131506e-01
-2.7780961236e-01 2.3101670419e-01 1.9986442017e-01 -2.7964478280e-01 2.0802751291e-01 -1.8930447784e-01 -1.4530061635e-01 1.3053523413e-01 2.8932022623e-01 1.7840552432e-01 3.7482742617e-02 -4.9043973282e-02 1.7165778442e-01 1.6871180540e-01 -1.0978666559e-02 2.4224196237e-01 2.8007908139e-01 -1.4641143280e-01 -1.7504475582e-01 2.0118040151e-01 7.6966413758e-02 5.9908896664e-02 1.5291777413e-01 1.5199807406e-01 1.6969720625e-01 -8.3121440731e-02 -7.5409866205e-02 2.6991109281e-02 1.1180887744e-01 1.5356672685e-01 -2.8687492104e-01 2.5551481870e-01
5.0102619331e-02 2.8945837430e-01 -1.7624774632e-01 4.3769372570e-01 2.7926849992e-01 1.4156293437e-01 6.1122413632e-02 -5.0091686241e-02 2.9658984090e-01 -1.3292706576e-01 -1.6441279521e-01 1.5718123851e-01 -1.4875634714e-01 -1.8422605136e-01 2.8353352353e-01 2.8336102465e-01 1.4860264552e-02 1.3293479229e-01 3.2874670966e-01 -1.9453336498e-01 1.7841687061e-01 -2.3049241837e-02 1.5340098516e-01 -1.9812296520e-03 -1.7111453143e-01 -6.0081634811e-02 -1.2572071041e-01 -7.2006458399e-02 1.1763027548e-01 -2.0239262350e-01 3.2455921961e-01 1.0835996865e-01
-1.5652628669e-01 -3.9177880537e-01 3.3957884787e-01 -3.1582056685e-01 1.5026038043e-01 -8.9274298766e-02 6.4356339615e-02 -6.3286805205e-02 3.3496394190e-01 3.3925116552e-01 -6.2384193812e-02 2.8896908828e-02 -4.3146558889e-02 -1.8097746263e-01 -9.6773334201e-03 3.0676548585e-02 3.7202574734e-02 1.4827069604e-01 8.0673589551e-02 1.7662475129e-01 -5.9245173572e-01 -2.5778374908e-02 -8.6891140899e-02 2.0586019849e-02 -2.3350879142e-01 5.3186655005e-02 -1.2253442933e-02 1.8461714350e-02 -3.4533282144e-02 -2.3891345176e-01 -1.5160364959e-01 1.3517151523e-01
-2.3964459334e-01 -2.2649290438e-03 -5.5031741922e-02 5.5655218392e-02 1.3609504514e-02 3.7307099504e-01 -2.4170351097e-02 1.3922118845e-01 -1.8584601195e-01 -2.0688908472e-01 -2.0680020620e-01 -6.2913234612e-02 1.9629562347e-01 -2.5453525695e-01 1.2228078390e-01 2.6951480431e-01 1.1061085553e-02 1.5144221633e-02 1.0149252879e-01 2.6217178010e-01 -2.1968617543e-01 9.8868610106e-02 1.4890449348e-01 -2.2192063678e-02 3.7040314213e-02 3.8768346152e-01 -2.7704734615e-01 -1.0894697323e-01 -2.0027689482e-01 -1.0502530682e-01 -7.8880694957e-02 -2.6427346108e-01
-5.8005796767e-02 1.3604727751e-01 -4.1237548345e-02 2.9097239126e-01 2.6317676500e-01 -3.1247654132e-02 1.3509026223e-01 -2.6386887116e-01 1.4597796460e-01 -8.0622339714e-02 -2.7115274163e-01 -1.5133576996e-01 -2.3311557303e-01 -1.5288644325e-01 -6.5857507076e-02 8.5941586250e-02 1.0645478548e-01 -2.6979564802e-01 -2.6228058970e-01 2.8791975014e-01 -1.3273524042e-02 1.1524282954e-01 1.1884620462e-01 -1.0785608039e-01 -4.3361468898e-01 -1.3627969984e-01 1.1827962883e-01 7.4737557541e-02 2.3497287797e-01 -1.7682647261e-01 7.4389856591e-02 4.1094966290e-01
-2.0671017198e-01 1.9684738338e-01 -2.0715567959e-01 5.0494861826e-02 1.0738041957e-01 9.0641499674e-02 -2.0590130516e-02 -8.7957339913e-02 -3.9597884826e-02 8.8409031844e-02 5.3255467492e-03 -1.4652252173e-01 4.2916170186e-02 -6.7849053420e-02 -1.9639489157e-01 7.3516906261e-02 2.5667265204e-01 -1.0151886294e-01 -1.5191826998e-01 1.7836700858e-01 -1.9610519015e-01 -2.7356160931e-02 9.9258611491e-02 1.4469291693e-01 -1.9752512066e-01 -1.5959060280e-01 4.2328752827e-02 1.9324177891e-01 -2.5826361377e-01 8.3287158587e-02 -1.3304880017e-01 7.6907345361e-02
-3.0379458768e-02 2.0021027052e-01 -1.9312134031e-01 -1.0576603022e-01 -1.6684161732e-01 8.8255546364e-02 8.4788880042e-02 6.6186148438e-02 9.8791988758e-02 7.3089840845e-02 1.7135528148e-01 7.6567477519e-02 6.4978599684e-02 -3.7781900093e-01 -4.6969087957e-02 4.7349919611e-03 -1.8491496523e-01 -5.8717992704e-02 2.0253775462e-02 2.1558751903e-01 1.2574852192e-01 1.8938355721e-01 -2.6747016159e-01 1.8767874770e-02 -3.6938318784e-02 1.0379353799e-01 -3.3062461829e-02 6.1349723231e-02 -2.6700719009e-01 -1.1893906583e-01 2.5983028337e-01 -1.4837355117e-01
1.0158831922e-01 9.1224202275e-02 6.8644945767e-02 2.2911582395e-02 7.8497514270e-02 -1.8604425291e-01 8.2056891542e-02 9.5766606080e-02 -1.2139550473e-01 1.4638167214e-02 -1.0347967059e-02 -3.1223922767e-01 -2.6219903851e-02 -1.8273716605e-01 3.5811691723e-01 -2.0383697858e-02 7.3669628996e-02 4.0755308538e-02 -7.0417143811e-03 -3.1824752701e-01 3.8478444212e-01 2.5507463925e-01 -3.0290220061e-01 -1.0898946079e-01 1.8069079164e-01 1.3777101644e-01 -9.2327150802e-02 -1.5884277619e-02 -1.0798021040e-01 -1.8133984705e-01 6.6283417764e-02 3.1360605244e-02
-2.1116289975e-01 4.6213851868e-02 -9.6621908377e-02 -3.6448030133e-01 9.3613683603e-02 -1.7637296438e-01 -3.8227496337e-03 1.0715657615e-01 1.3520819765e-01 2.2144684960e-02 -1.9149013215e-02 1.3405666475e-02 2.9097625849e-01 2.5031268891e-01 1.4031863359e-01 -2.0631372514e-01 -2.1510515123e-01 -1.1723927546e-01 -6.5961632277e-02 3.4569575292e-01 -6.0623259310e-02 -1.4520851066e-01 6.5721798309e-02 -3.2072247677e-02 1.8258984757e-01 1.6195778738e-01 -1.9122946073e-01 -5.4782275199e-03 -2.9848065305e-01 1.5718475300e-02 1.7133136229e-01 -1.6692455235e-02
-1.8649668321e-01 3.1221904276e-01 1.7325168330e-02 8.3726568784e-02 1.1898229132e-01 2.9308371148e-02 -2.1683612358e-02 1.0851524697e-01 2.4182205535e-01 1.9305804854e-01 2.0543360407e-02 -4.6182538062e-02 8.3327832328e-02 7.0800475707e-02 1.9335098939e-01 -6.0042148063e-02 3.8889183648e-02 2.4378869740e-01 9.3015271297e-02 -8.4665049023e-02 2.8005582824e-03 6.1594680689e-02 7.2895996759e-03 6.7493208993e-02 1.4383138852e-01 1.4950484823e-01 5.0508178598e-02 -8.4461206631e-02 -1.5133816304e-01 -4.0816822349e-02 2.8107256285e-01 3.4345085845e-01
2.0601807726e-01 -2.6628454093e-01 6.8685491279e-02 -9.9133103864e-02 -2.1653593352e-01 -2.3185677480e-01 1.0303828131e-01 1.5324939213e-01 2.1016743265e-01 1.7358466825e-02 8.4219689128e-02 2.2649234492e-01 1.3279180526e-01 1.1674177070e-01 1.2859588022e-01 9.2645892972e-02 1.8827159753e-01 -2.5879931549e-01 -2.1200085249e-01 -9.3287530258e-02 2.0049719136e-01 -1.2511925260e-01 -1.9394664662e-02 9.5441045337e-02 -8.1367512360e-02 -3.0855481733e-01 1.6251003273e-02 2.1627986526e-01 -1.7437484212e-01 -2.5491864278e-03 1.3725612487e-01 -1.1776142626e-01
