-1.1475370729e-01 2.3433961642e-02 1.8534427193e-01 3.0465043119e-01 2.2571173834e-01 4.2167726127e-01 2.1402708966e-01 4.8772899152e-01 1.2995719728e-01 3.5605031228e-02 -2.3275526186e-01 -1.0234073512e-01 2.0609180412e-01 -5.1269111454e-02 1.8378857197e-01 -1.4814897790e-01
1.9951212299e-01 -7.3555368712e-04 -1.4684404900e-01 1.6825501218e-01 -2.4931329134e-01 4.8653314352e-03 -8.7990078889e-02 1.2240440328e-01 -1.4509063904e-01 -1.8777924413e-01 1.1284168748e-01 4.0033574320e-01 -2.2647536179e-02 -1.5929089665e-01 -2.3558768028e-01 2.2834987714e-01
1.6339128251e-01 1.7701715004e-01 1.3252120473e-01 1.8641528348e-02 -1.0142717110e-01 1.5101308668e-01 -1.1375220469e-01 -2.1735161017e-01 3.7054148087e-01 1.1658214247e-01 9.9615244475e-02 1.0503651942e-01 1.1673220615e-01 3.1817294293e-01 2.4744677018e-01 6.1929204259e-02
-3.8963460510e-01 -4.2765059268e-02 1.7831132551e-01 -1.4344618988e-01 -5.0473617089e-02 -5.4238446810e-01 -2.3758486322e-01 -1.5231091213e-01 1.4913665244e-02 -4.2277334462e-01 1.4887171147e-01 -3.4114474472e-02 2.7929747255e-01 2.4065682994e-01 2.8816484803e-01 6.8240882223e-02
9.3882529316e-02 -2.9513217090e-01 2.6629542487e-02 -2.5022436864e-02 -2.3725174472e-01 -2.8257882001e-02 3.2974131561e-01 2.3697374577e-01 1.3423954072e-01 -6.5239310659e-02 -3.5557085507e-01 2.1826646516e-01 2.8579343266e-01 -1.4998743975e-01 -1.6177452776e-01 -3.8314510462e-01
3.5522782910e-01 1.6894710660e-02 -1.3400972163e-01 1.4807716840e-01 4.3294750305e-01 3.5585602463e-01 5.8728526220e-01 6.4848209404e-02 5.1365667504e-01 3.7182296921e-01 -4.3484941006e-01 -1.1988760975e-01 3.0733341570e-01 -1.6090484259e-01 -3.6283695273e-01 -4.5266167922e-02
-1.0992735254e-01 -2.2854939009e-01 9.1578786512e-02 -5.7616486983e-01 -1.1080087956e-01 -3.7966864511e-02 1.7667761206e-01 7.0286465156e-02 9.1041010532e-02 2.0421711066e-01 -2.4993597538e-01 -1.6690851659e-01 -5.7856377601e-02 -1.8332281357e-01 -1.0929138349e-01 4.3141396046e-01
-2.7902124143e-01 -3.9678854840e-01 -1.4838026910e-01 1.3621476331e-01 8.0369109092e-02 -2.0600629637e-01 1.8743064939e-01 9.0130063925e-02 2.3636472584e-01 1.4617422086e-01 4.2917810469e-02 -4.6727716869e-01 4.2064513405e-01 5.1551688955e-01 -1.5389190296e-02 9.6420367547e-03
2.2130741007e-01 -1.6668706674e-01 -3.5758457111e-01 -4.5661866355e-01 2.4560391324e-01 1.9543140234e-01 -8.0502547548e-02 1.6585335599e-01 6.2151399181e-03 -5.9085904618e-02 -1.6574136013e-01 -3.6043726884e-02 3.4763781965e-01 -2.6656273163e-01 -4.9240798320e-01 -1.4947552610e-01
1.1335835228e-01 1.4434209908e-01 -1.7802858043e-01 -5.7342381428e-02 1.3420824639e-02 3.0328184373e-02 -2.8540370779e-01 1.6749431144e-01 2.5364683137e-01 -8.4687283911e-02 3.5171033908e-02 3.8590863908e-01 -3.3884132020e-01 -2.1665339183e-01 -3.9735812356e-02 -8.3542630615e-02
6.7175336044e-01 -5.7169309828e-02 -2.7313170003e-01 2.9729118124e-01 2.2967414001e-01 2.0677254718e-01 -9.5471502129e-02 -4.5884037422e-01 6.3937555322e-01 -9.4188253634e-02 -3.7802903849e-01 -2.1762978406e-01 1.8507664999e-02 4.5237273571e-02 -1.3378817806e-01 -4.7138678825e-01
1.2027760554e-01 -5.8116281711e-01 3.4184077465e-01 -1.8794142906e-02 2.1514846382e-01 1.9288169700e-01 -2.4293655594e-01 -3.4078927361e-01 -4.5854241303e-01 1.7097697103e-01 3.0550422055e-01 1.2976166661e-01 3.9928035595e-02 7.3826168660e-02 1.8241925566e-01 1.4386814340e-01
-4.5558999117e-01 6.6255190358e-03 2.8157892681e-01 1.4330099356e-01 -5.9014751184e-02 1.5604760770e-01 7.5267982193e-02 -2.4294102486e-01 -4.0275665830e-01 1.1767567189e-01 1.4826946396e-01 1.1785343911e-01 1.9822345483e-01 3.8018007074e-01 2.0911687340e-01 7.7383376355e-02
7.4771149930e-02 -1.3330175062e-01 1.6930871757e-01 2.0203678417e-01 -6.7207267360e-01 -4.2161658145e-01 4.4195309813e-02 -1.6106754381e-01 1.5699053534e-01 -1.4481517897e-01 5.1887995917e-01 -1.5248620435e-01 -1.6522024742e-01 7.3889075365e-02 -1.8628336286e-01 8.2781047117e-02
-1.6783394483e-01 -1.1105618465e-01 -2.1729847845e-01 -1.1075734108e-01 -2.8277254013e-02 -2.8055569511e-01 5.6422350820e-01 -2.1894926931e-02 8.1105120284e-02 7.8087747531e-02 5.1466885757e-02 3.3431256944e-01 1.5908004638e-02 -3.3493449741e-02 -3.2188315819e-02 -1.7349931345e-01
-1.2478135545e-01 -5.6709960481e-01 2.1885938016e-02 1.2617407717e-01 -1.3230684564e-01 -2.2257685654e-01 -5.5151282286e-01 1.7613691925e-02 -2.0134101194e-01 -3.1971020678e-01 -6.2850307386e-02 -1.9590735629e-02 -3.5070305426e-01 3.2179067639e-01 -1.1343991595e-01 2.1478180635e-01
