1.8448777374e+00
2.8737679347e-01
-1.4915401515e-01
1.2734115917e+00
-4.9275316071e-01
-1.6114656669e+00
4.1621077254e-02
-6.6609140025e-01
-3.7830926937e-01
-1.4320596736e+00
1.0630316406e+00
7.8713799136e-01
1.1524027920e+00
1.1983395656e+00
6.5715422871e-01
1.5317090548e+00
9.6003319712e-01
1.1793069210e+00
1.6887638175e+00
-1.5266383338e+00
-1.5856229065e+00
9.4188868234e-01
1.9280870301e+00
1.2979438452e+00
1.2491839853e+00
1.6906493370e+00
-1.3740186786e+00
-3.1733403548e-01
7.0565667652e-01
6.4563394960e-01
-1.2953972980e-02
4.0627830314e-01
