2.4723202599e-01 -2.1228648916e-01 -1.0427759909e-01 8.6936638503e-02 1.1359675338e-01 -1.3863923473e-01 1.3748062705e-01 -5.4741942908e-02 -2.0137496475e-01 9.3982032771e-02 -4.6978330779e-01 -1.2599315826e-01 3.1484286554e-01 -1.7722662284e-01 -8.5139232293e-02 4.3912886236e-01 6.9469868152e-02 7.5595205181e-02 -1.0468150176e-01 -5.1964098082e-02 -2.5639068300e-01 1.8959207325e-02 -5.3264546194e-01 -2.3250454029e-01
-2.5394219392e-01 -1.3534519212e-01 -1.4303072632e-01 1.6711755653e-01 3.4897744918e-01 8.6019674527e-02 -1.8087422657e-01 6.2890340699e-02 2.5070710594e-01 -2.3602290521e-01 4.1730039313e-02 1.3997676111e-02 -1.0731120409e-01 -3.9541772120e-01 -2.1320471947e-01 3.9768594474e-02 8.0269438573e-02 1.7575097987e-01 2.4590531327e-01 3.0684753570e-01 2.3531571106e-01 3.6586110311e-02 2.5783512735e-01 2.6020972971e-01
-1.1435161707e-01 -3.2156850945e-01 3.2799885803e-02 -9.0703572623e-02 -1.2378956449e-01 -4.8638720267e-02 1.9683197911e-01 9.5813925711e-02 1.7807707979e-01 2.2886407118e-03 -7.2401612903e-02 9.7505220874e-02 2.7333328346e-01 5.8491015565e-03 -2.4450105780e-01 -1.3658942827e-01 3.3451332586e-01 1.4462968220e-01 6.0866037998e-02 -6.7836559456e-02 1.0068336910e-01 2.4826294230e-01 -1.6958168893e-01 -8.2753981404e-02
4.2400854953e-01 2.1331555102e-02 -3.7250712086e-01 2.1700554266e-01 -1.9837745983e-01 5.6252134039e-01 -4.7699250161e-02 -2.8310252878e-01 -1.1283004232e-01 1.1261497275e-01 8.3127077704e-02 -1.9045812422e-01 2.9446857672e-01 -3.4716434566e-01 -2.2658941564e-01 -6.8565181532e-03 3.2136177866e-02 -9.8914110455e-03 -8.8560347155e-03 1.3370510447e-01 2.6322906673e-01 8.9656657854e-02 -5.8316223337e-02 1.6859373531e-01
3.9678010183e-02 -9.7678631037e-03 4.0597383847e-01 2.0523037336e-02 -4.3595487316e-02 3.0747510784e-01 -5.0175747073e-01 7.6420148806e-02 -4.7144895836e-01 -7.2147997303e-02 2.2324845631e-01 2.2635161023e-01 -1.9113739467e-02 -2.9166708828e-01 1.6777080374e-01 8.2994831054e-02 -3.5682848880e-02 1.5727935424e-01 -8.1334618464e-02 -2.3165513945e-02 -2.7098981715e-01 -2.1893883996e-01 -2.2497062080e-01 3.4045271610e-01
5.4987537807e-02 -1.9581684183e-01 -4.2356995657e-02 9.5122583075e-02 1.1482222619e-01 -2.2323639608e-01 1.1740721234e-01 1.8187811362e-01 -5.6411147925e-01 -5.1971302758e-02 -1.3263204285e-02 -1.5695803742e-01 -2.8683184880e-02 -1.6467938836e-01 -3.7855077589e-02 3.1941424981e-02 7.6967417324e-02 -5.5054687886e-01 -5.9150386327e-02 -4.6712742001e-01 1.8105329466e-01 2.2100606824e-01 -3.6471307761e-01 -6.3679860618e-02
-2.1190765715e-01 2.0126732197e-01 2.4046489362e-01 -6.4120759449e-02 -1.4205213592e-01 1.6789332636e-01 2.9381980718e-01 1.3440597622e-01 1.1966724437e-01 -8.2029005658e-02 9.6544228762e-02 -1.2621808407e-01 1.3058879553e-01 1.7819511914e-01 -3.0167716738e-01 4.6387411554e-01 -2.5862797313e-01 -1.2007964291e-02 2.0986991139e-01 -1.3309213150e-01 -4.9035961518e-02 3.0044703563e-02 1.5076857041e-01 -1.8216822093e-01
-1.8248680354e-01 -8.6713767837e-02 2.4978905205e-02 2.2835658241e-01 3.4680836464e-01 -4.3738847241e-01 9.8208785512e-02 -3.9637171752e-01 3.9445798960e-02 1.8443777232e-01 2.0900920195e-01 -4.3148908535e-02 -2.3793970441e-01 4.7557469387e-02 8.8228051305e-02 2.0304128525e-01 -3.6279761651e-01 2.0998990050e-01 1.2276143016e-01 3.4525571524e-02 3.8996495182e-01 -6.5219768403e-02 7.3809830777e-03 2.2737847696e-01
-1.3031294385e-01 1.5883863433e-01 1.8034942078e-01 -1.4489725776e-01 -3.2655084265e-02 2.7140474676e-01 2.1619441683e-01 -8.6007172040e-02 -3.6407762775e-02 -9.0488677871e-02 3.2139823134e-01 -2.1565769073e-01 -1.5739504365e-02 -1.3130930719e-01 -9.9109742095e-02 2.5643198177e-01 -8.9882584118e-02 -2.2865325855e-01 -2.5426411982e-01 -1.3235186930e-01 1.3660947311e-01 -5.5964080525e-01 6.1483567288e-02 -8.0479022734e-03
-4.8598759507e-02 -3.7819021745e-02 3.4801208575e-01 -2.2277370920e-02 -1.3370312968e-01 -3.1249348735e-01 2.7030147083e-01 -1.6584805820e-01 -2.7510257302e-01 -2.0996405052e-01 1.3366206085e-01 -6.7569740821e-02 -3.3475371591e-02 1.2640168016e-01 -2.3752126878e-01 -3.1564829382e-01 -1.2529209734e-01 -1.6072722580e-01 2.1647335458e-01 9.9725895882e-02 3.6892912814e-01 2.9630853077e-01 -2.6908830824e-01 -4.0030721134e-02
-3.4351038300e-01 4.0398132543e-01 6.4948710888e-02 8.4352976809e-02 1.0463615133e-01 -2.3553948722e-01 -2.3321491913e-01 -1.5514279195e-01 -1.1162566323e-03 -1.0435593000e-01 -7.3994409241e-02 2.4449610547e-01 -5.8271250295e-02 2.0793003643e-01 -2.8256136554e-01 9.8712641910e-02 2.5927877756e-01 -2.3919779827e-01 -2.9675656097e-01 1.8169515496e-01 -7.0094069242e-02 -4.2154654666e-03 1.6863944750e-01 7.6798342561e-02
-6.4011200144e-02 -1.1723449086e-01 -6.8422753634e-02 1.0734346912e-01 -9.1594456031e-02 1.3326627909e-01 -1.5255772149e-01 -2.6284611602e-02 2.3715516414e-01 2.3963803428e-02 -3.0093549844e-02 -9.0023284839e-02 -1.1698243706e-01 1.0011790515e-01 -1.4363237701e-01 1.3541813707e-01 6.5993076388e-02 1.8392714629e-01 -8.7553063191e-02 -7.3565298745e-02 6.0080281386e-02 -1.5960365047e-01 1.1528957677e-01 1.0912111818e-01
-2.0933522441e-01 3.1421766969e-02 -1.4339459239e-01 -1.2249315663e-01 -5.3477693724e-02 2.1515927578e-01 1.7873627188e-01 1.2758299966e-01 3.3294946650e-01 1.9282136549e-01 -8.4819536727e-02 -1.8682976569e-01 -2.2707131165e-01 -3.5537601084e-02 5.8912430246e-02 5.3241643231e-02 8.5143212249e-02 -1.0605852458e-01 -1.5035497881e-01 1.1469012063e-01 1.4335823090e-01 2.4551483324e-01 -2.9418734841e-01 -3.6489637276e-01
4.7276911838e-01 -7.8905518627e-02 1.2956398364e-01 -4.0127070569e-01 2.9523285616e-01 -2.5693039078e-01 1.1057793643e-01 8.8906419566e-03 4.6897883080e-01 -1.0308384063e-01 -2.4078423016e-01 -4.2292913434e-01 1.4047823560e-01 1.6765107369e-01 3.7442502193e-02 3.2819836934e-02 3.4883308790e-01 4.0396976605e-02 9.7061834391e-02 1.6319927062e-01 1.1629267526e-01 -2.0569780738e-01 -5.6796431515e-02 2.4825558298e-02
2.0384857821e-01 -2.8021932439e-01 -3.3245364677e-01 1.5604096714e-02 2.6332860929e-01 -4.5170005249e-01 3.8322973302e-02 1.2514289383e-02 -7.7377817025e-02 4.2172970978e-02 1.5915103895e-01 -9.6256199562e-02 1.9895643917e-01 -2.3406471963e-01 -1.8383140499e-01 1.5903310235e-01 3.4825305505e-01 7.4999317407e-02 -2.6982508122e-01 1.4914163539e-01 -8.9856000751e-02 -1.5388837079e-02 -1.3398547809e-01 9.9093453240e-02
1.4079655949e-01 -1.6816212066e-01 -1.7512636965e-01 -4.5793432957e-01 3.6288900298e-02 -2.0851966812e-01 1.2954896492e-01 2.0224239162e-01 -1.9202870476e-02 6.9503462925e-02 -1.4521394525e-01 2.1994715859e-01 2.2386266037e-02 -1.4532248333e-01 1.3766072407e-01 1.3196189859e-01 -4.3586570242e-01 -5.6290582823e-01 -2.7616302895e-01 8.8756865468e-02 -3.6254688845e-01 2.6330479091e-02 -1.1395599060e-01 1.6956780070e-01
-1.1831465495e-01 -4.0221965096e-01 -3.6039607780e-01 -3.7610464820e-01 -6.6166164449e-02 8.7031645391e-03 -3.3001344878e-01 4.3416599365e-01 9.3141304367e-01 5.4122980950e-02 -4.2401834257e-01 2.5292313258e-02 -2.7937813027e-01 -2.0704357024e-01 2.5271575864e-01 -2.5076866375e-02 -2.3401752413e-01 2.7569153673e-01 -3.6458250831e-01 4.1165465753e-02 1.6355108189e-01 -4.5954760430e-02 -8.7757565375e-02 2.7786239604e-02
-4.5581574095e-02 -5.9126956720e-02 5.9933123576e-03 7.7469644581e-03 2.5497135349e-02 -1.6875410135e-01 5.7463346818e-03 1.5440568022e-01 -1.0334637419e-01 -2.0432816190e-01 -2.8123004594e-01 5.3581715479e-02 -1.6353528816e-01 -4.2579085613e-03 7.5146555534e-02 -3.3260056408e-01 -9.5425619297e-02 5.4083033858e-02 3.8946772594e-01 -4.7525547839e-01 1.4499116994e-01 -2.9001963404e-02 1.4380595710e-01 -2.7729658833e-01
-1.2816646322e-01 7.3817949726e-03 -1.8669773867e-02 -3.6740191888e-01 -3.8339196784e-01 -8.1620148340e-02 2.3849249244e-01 1.1497560831e-02 -1.1122757423e-01 1.7254971209e-01 -1.1793402884e-01 2.1667345363e-01 -3.1474772288e-01 1.3726457392e-01 -2.0126174677e-01 1.9678353826e-01 1.0918765761e-01 8.8809129085e-02 1.4054561633e-01 5.3599924419e-02 6.3614542273e-02 -2.1355126111e-02 1.4974486598e-01 2.0637165044e-01
2.8143040194e-01 -1.7027185674e-01 3.3704091119e-01 2.5331511045e-01 2.1553319005e-01 3.1225690354e-01 2.5521698707e-01 -8.7190661638e-02 -2.8408691710e-01 1.2136984925e-01 -3.0682273430e-01 -9.1943420898e-02 -5.8247878087e-02 4.0548608767e-02 1.6620222853e-01 2.5374071404e-01 -1.8138866744e-01 3.0449178446e-01 -1.5294943862e-01 1.4386397335e-01 6.1412564518e-02 2.4524751146e-01 2.9938067450e-01 8.3647351025e-02
-2.4723725389e-01 -2.9714134829e-01 1.1745369628e-01 2.0652726913e-01 3.2287556117e-01 -2.9658391430e-01 1.4139650983e-01 -3.7824124502e-01 -1.5353751112e-01 2.2486370073e-01 -2.7951523322e-01 -5.3919479054e-02 -2.0921705072e-01 1.7563097956e-01 1.3828080660e-01 1.9672594199e-01 1.9117088620e-01 -4.6510145602e-02 -1.1546261074e-01 -1.9878312457e-01 -8.5144792406e-02 -2.9062966489e-01 2.3519064219e-02 5.3275508669e-02
-1.8012835531e-01 1.7328867909e-01 -2.6502950830e-02 -4.5226795042e-01 -7.8139597586e-02 -6.9894297916e-01 2.2610079566e-01 -1.6190891829e-01 -2.3639595009e-01 -7.8293648395e-02 1.0988565684e-01 2.3407259319e-01 1.0080586627e-01 -1.1828533126e-01 -2.1083010978e-01 -1.6866697010e-01 -2.2804964691e-02 -4.9867722242e-03 -1.3442435801e-01 -1.9954058312e-01 1.6107178947e-02 4.6514434128e-01 -2.7080755399e-01 4.4832278162e-02
1.6723107173e-01 1.2609052727e-01 1.1243716089e-01 -1.8334774258e-01 6.6208028270e-02 -1.2549516833e-01 2.3011833937e-01 2.3878559298e-01 1.5255705310e-01 -2.1850981362e-01 9.2600924597e-02 -1.8248319789e-01 -4.1142057204e-02 -2.4321429753e-01 2.2698910749e-01 -1.9323251872e-01 1.5181518895e-01 -4.8240745861e-02 3.5016571199e-02 9.4731299767e-02 -9.1791306491e-02 2.9094944891e-01 -7.3076644895e-02 1.3443935517e-01
-8.6273556183e-03 -2.1037856270e-01 -2.6759628835e-01 -1.0397595655e-01 8.9347362924e-02 2.2558578862e-01 -3.6600730892e-01 2.1517221922e-01 -4.7679800995e-02 -1.1707720379e-01 -2.6184000135e-01 -1.9530729055e-01 -8.6263543413e-02 8.4858951338e-02 1.3621381973e-01 -1.3156144187e-01 -2.7931715264e-02 8.0693763193e-01 7.6599575523e-02 2.1089645570e-01 -2.0874272017e-01 -2.6921316708e-01 -3.9368407439e-01 3.8481238574e-01
