7.6159349493e-01
-1.7494287779e+00
5.3034190753e-01
1.9141456940e+00
1.2576145053e+00
-3.0659808529e-01
1.5493845505e+00
4.0548602465e-01
-3.5167001742e-01
-1.7120742988e-01
7.5616175495e-01
-8.8472126545e-01
1.1681973440e-01
1.4409011767e-01
4.4423457715e-01
-1.8143325954e+00
-6.2971302105e-02
6.0224671062e-01
1.9760282941e-01
-1.1590072675e+00
-9.1359606168e-01
9.8800340295e-02
1.2932469143e-01
-2.1221021253e+00
5.1251733312e-02
6.9948636676e-01
1.0948989574e+00
7.8593450709e-01
2.1493187956e+00
1.8913120071e+00
7.8818614627e-01
3.2383429207e-01
