1.0562578825e+00
-1.1643131254e+00
3.7754026318e-01
-1.1605918154e+00
1.5099889471e+00
-1.2485606703e-01
1.9749673914e+00
1.1027696938e+00
1.8900115973e+00
-2.0342606739e+00
1.3188039786e+00
3.0177397613e-01
-4.2091202933e-01
-3.0956575311e-01
-3.4984189755e-01
-2.1670632744e+00
-1.7375474495e+00
-1.0659557760e+00
-3.7292878392e-01
1.1723279864e+00
-4.4280481317e-01
3.5633573755e-01
8.4330933359e-01
4.6649390040e-01
1.6563908276e+00
4.7074520709e-01
-5.2744316562e-01
2.2119356871e-01
-7.2120220137e-02
3.4108177410e-01
-1.3886433387e+00
1.2866182495e+00
