2.4813825219e-01 4.8274017711e-02 2.1585805366e-01 1.3860507448e-01 4.6035976803e-03 7.7159964135e-02 -5.1473974745e-02 5.7337121595e-02 4.1017132022e-02 -1.8163026444e-01 -1.9005406673e-01 1.3084387520e-01 2.3238778677e-03 1.4033359594e-01 -1.0294495978e-01 -1.3061829748e-01 -1.8939419314e-02 -2.0322152731e-02 1.7215485256e-01 1.8624113714e-01 -8.3204962673e-02 3.1070714096e-02 -2.6437777062e-02 1.7580618169e-01 4.4185488717e-02 2.0925676305e-01 -2.2318754252e-02 2.6173237078e-01 7.9651927177e-02 1.0857784609e-01 2.2183839739e-01 2.6839899149e-02
-2.9235190960e-02 -6.9186469927e-02 -1.5613596076e-01 -4.3157040500e-02 -6.3298038117e-02 2.7924903751e-01 -1.0984294013e-01 9.1197873315e-02 1.4341575437e-01 -3.0036957779e-01 -5.1605960546e-02 2.4777912648e-03 -1.6277485820e-01 5.9011907646e-02 -6.5364182384e-02 -1.8965129207e-01 -3.2259987493e-01 2.1711121107e-01 -1.2138341855e-01 -5.8386141966e-03 -3.4516450892e-02 2.0581409672e-01 -8.1642175951e-02 -7.4408494836e-02 1.2497623214e-01 -2.7915086892e-02 -1.5875451045e-01 1.3311616023e-01 3.4358296000e-02 -5.2382551982e-02 2.0426976798e-02 9.1696846709e-02
-2.4466943486e-01 -1.0529092832e-01 -3.0702085503e-02 1.3484829080e-01 2.0227009813e-01 3.3981961652e-01 1.9721180442e-01 -1.8618840582e-01 -2.1270478200e-01 -5.7181812338e-01 1.3302507124e-01 -3.3010071892e-01 4.2767836672e-02 -2.7891921240e-01 -4.3053807202e-02 -4.6820018527e-02 -5.9882286399e-02 -2.5746989804e-01 6.6661036478e-02 -1.9281622551e-01 1.7292685077e-01 -2.6309237823e-01 -1.7361163277e-01 6.0376435722e-02 -8.3814111632e-02 1.8009668176e-01 2.5114369398e-01 1.5576955430e-01 -2.1803884935e-01 1.4930348917e-01 -1.3266732823e-01 2.2233035394e-01
1.7699318728e-01 -1.2538924246e-01 2.4987707104e-01 1.5606961410e-01 1.1705552511e-01 -4.1069044105e-02 5.9150339979e-03 1.5301250100e-01 -1.5622838137e-01 2.4160087771e-01 7.6366060387e-02 -2.8816243357e-01 1.4756579487e-03 1.1787828910e-01 2.9172371071e-02 -9.8337865961e-02 -2.2413444973e-02 1.0239091620e-01 1.6289698407e-01 1.2881232027e-01 -5.0241444455e-02 -8.2568180552e-03 -1.6313828136e-01 -1.5089916074e-01 -1.5062123064e-01 -6.9683759936e-02 1.0002603321e-01 -1.0601734880e-01 7.5351576681e-02 -6.0293617510e-03 -2.0333305848e-01 3.2552499780e-01
1.2473044679e-01 7.4503167178e-02 -1.0305308393e-01 -1.1058402939e-01 -1.0049715568e-01 1.8394241176e-01 -1.6121584503e-01 -3.8016494375e-01 1.1130280372e-01 -2.1739890005e-01 -4.4361395818e-02 -3.1624645097e-01 -5.8372206545e-03 -1.0061490936e-01 1.2999863856e-01 -1.9169303883e-01 -6.5977965753e-02 -9.3926539153e-02 -1.7344839273e-01 -3.1650191642e-02 1.8654103031e-01 1.9172816345e-03 -2.0580425655e-01 1.3277674236e-01 2.6861118771e-01 4.1660216041e-02 -9.0621993946e-02 2.6432576826e-02 9.0174030612e-02 -1.3071384837e-01 -4.0284491338e-02 5.9994128888e-01
-9.4826799052e-02 2.1861636100e-01 -6.2150609297e-02 -3.1381087213e-01 4.7423732642e-02 -1.3250945233e-01 9.4613551771e-02 1.9932046037e-01 1.4416919337e-02 8.6045357700e-02 4.1555244875e-02 -1.0462607822e-01 -5.1792156230e-01 1.6446110440e-01 -1.7004365786e-01 2.0020979231e-01 -6.4003462742e-02 1.7900719330e-01 8.8667899041e-02 6.3398081377e-02 -7.6107947735e-02 2.0682370794e-01 6.1810651000e-03 4.2335435004e-01 -1.7176673874e-01 -1.8582041578e-01 2.3117560164e-01 5.1535553052e-02 2.8516813933e-01 -2.4883843769e-01 -1.2253246691e-01 -9.0295546407e-02
2.8285041459e-02 1.3334807015e-02 -4.1890598816e-03 -8.5992548190e-02 1.9007194350e-01 -8.5211436893e-02 4.5513886683e-02 2.4888319472e-01 5.7693051017e-02 3.0711385386e-01 -1.5860790814e-01 -2.7370096807e-01 8.7896650960e-02 8.6760855330e-02 8.8504378145e-02 3.4119217368e-01 -9.3143023406e-02 1.8678958415e-01 1.2434692492e-01 2.1912326248e-01 -2.7203613189e-01 1.7840360935e-01 1.7566645917e-01 -2.4247697736e-01 3.0174665480e-01 6.2457576733e-03 -2.1043715669e-01 -2.2568608457e-01 1.7614580968e-01 -1.3938989266e-01 -5.4145346373e-02 -8.2873615033e-02
8.8396615790e-02 2.2571612884e-01 4.0523978275e-02 6.7318829619e-02 2.5177709770e-02 -2.2271219533e-01 -1.7525105279e-01 1.7056023044e-01 -2.7274578462e-03 3.9658967015e-02 2.4107347176e-02 -3.6078576758e-02 8.8068285642e-02 2.1581823908e-01 -1.1879337151e-01 2.1566382968e-01 1.2141681400e-01 2.2760417581e-01 1.4534382465e-01 7.2407273288e-02 8.6096990610e-02 9.0811697371e-02 3.4163650840e-01 -2.0055485418e-01 -2.3006536061e-04 4.8054909173e-02 1.3919403133e-01 1.2039751020e-01 -1.8672200189e-01 -1.9388439803e-01 -1.1046676629e-01 1.5008920261e-01
1.4654662447e-01 -2.4444917339e-01 -1.4422113374e-01 9.1296976711e-02 -2.1132908128e-02 3.0953659163e-01 4.1704166911e-02 3.3299331699e-01 7.6202666042e-02 -1.8233899362e-01 -3.1051318386e-01 5.0355498363e-03 1.4797498024e-01 3.0869787905e-01 3.2837255415e-01 7.7155762810e-02 -4.0971760647e-01 1.0503423596e-01 6.8356256967e-02 -2.3814860125e-01 3.1701403532e-03 -1.8825516508e-01 1.0741870125e-01 9.4108818990e-02 1.5194552014e-01 2.1922785155e-01 -2.3391039120e-01 9.5315000180e-02 1.2103581726e-01 -2.0499592874e-01 1.1896961288e-01 -2.1395302624e-01
1.2730979084e-01 3.3663834008e-01 -1.9808521745e-02 -1.4321125008e-01 1.1103369024e-01 7.0155603927e-02 -6.1539716393e-02 -1.8178778045e-01 -2.4067889909e-02 -1.1912126024e-01 -2.7965095375e-01 -5.2365305147e-02 6.8834910703e-02 1.6558278979e-01 2.4611113840e-01 5.0348496835e-02 1.1147010945e-01 1.6291858436e-01 -2.8454126883e-02 2.6357832366e-01 6.5543271297e-02 2.1551749707e-01 -1.4757947382e-02 -1.3297560305e-01 -9.7949744688e-02 -1.4027559723e-01 1.6628363792e-01 1.2734063723e-01 -1.0127620364e-03 8.7721146708e-02 2.9649312704e-01 1.7249803350e-01
-1.1904660291e-02 3.7972674238e-01 -4.2576914001e-02 1.5827107497e-02 9.6205850221e-02 -3.1082572837e-02 -6.8652763080e-02 8.0315393247e-02 -3.3449524683e-01 1.6198735225e-01 -3.1151836048e-01 -1.3711368419e-01 -1.0517445688e-01 -1.9638684287e-01 4.3297780517e-01 -1.7481765427e-01 -1.0852974652e-02 -2.5716652322e-01 4.9902536379e-02 8.3414457455e-02 -2.8681068226e-01 -2.8870005094e-01 -8.9165143412e-02 1.3597873180e-01 1.3854889154e-01 -1.6121863488e-01 -1.3136905885e-01 -1.7294089980e-01 8.8893970205e-02 -7.1035990481e-02 4.8089216752e-04 3.8286950919e-02
2.6512146204e-01 -8.4021413591e-02 -3.1387943093e-02 -1.8011889503e-01 2.6943700932e-01 -2.0139283723e-01 5.6162126123e-02 5.5740340188e-02 -3.1198372859e-01 1.4472196240e-01 -3.0170452358e-01 2.0555325359e-01 3.2696056168e-02 4.8256293480e-02 6.6085379326e-03 -1.5176241793e-01 -7.7371241114e-02 9.9183887314e-02 8.5228629628e-02 -1.3430438515e-01 8.4882385489e-02 -7.1315626476e-03 1.6969173684e-01 -3.7309066017e-02 -1.2258832942e-01 1.3729637203e-01 3.3263181829e-01 -1.1386919715e-01 -1.4886112117e-01 1.4412647299e-01 1.2220557754e-01 1.4479814750e-02
5.5698651082e-03 -1.5673210726e-01 2.0112123482e-02 -2.4415897407e-01 1.7976825506e-03 1.0057251070e-01 -8.1458685492e-02 -2.5404391692e-01 3.3184113119e-01 -2.4377849483e-02 3.1056489263e-01 -1.2559689463e-02 5.3231125509e-01 1.3403936424e-01 -1.4237805213e-01 -7.7268270454e-02 7.6962581668e-02 -5.6916442003e-01 8.1687219185e-02 1.3081171776e-01 -3.4523248907e-01 2.2561040392e-02 3.4706594749e-01 2.4802282660e-01 1.2132488335e-01 1.5744138710e-01 1.4472386321e-01 2.5537118580e-01 3.0464356603e-01 1.1523276673e-01 9.7521038199e-02 -7.3413764178e-02
-2.1296852339e-01 2.1653402053e-02 1.2946459834e-01 -3.9987369563e-02 -4.9380168151e-02 5.9092128343e-03 1.1503766922e-01 -1.1578552588e-02 1.4480212817e-01 2.4270146163e-01 -2.0559773680e-01 6.5718083247e-02 -4.5495952664e-02 -8.5951539058e-02 1.8248218126e-01 1.4625856816e-01 1.1518398243e-01 -2.6187579127e-01 -2.5354978373e-02 9.1684051094e-02 1.1298931103e-01 3.9790249933e-02 -1.6072630640e-02 -6.7803609258e-02 8.4364700097e-02 1.1172817328e-01 -1.7452066901e-01 1.8513319842e-02 -2.3919583880e-01 3.0474292889e-02 -3.0285259765e-01 -1.2910464282e-01
-1.0217953939e-01 -5.8221448046e-02 -2.6290424243e-02 5.1698176390e-02 -3.8072109747e-01 -1.7302771123e-01 -5.8942531000e-04 6.5812425392e-02 2.4019627045e-01 -4.9896764204e-02 -1.0114473910e-02 -2.3788146150e-01 4.4176619137e-03 -3.1901069410e-02 -1.1012141337e-02 6.7493338348e-02 -2.6967999393e-01 3.0128739025e-01 2.6535963968e-01 3.1339471227e-01 -9.0706642830e-02 1.4340151744e-01 6.2085991519e-02 1.3573186190e-01 1.7835368277e-01 -6.3530257642e-02 1.1845702146e-02 -1.7403391667e-01 -8.5897376587e-03 -1.9804647259e-01 2.3524589788e-01 -1.9833815264e-01
-2.6462867247e-01 9.2707877916e-02 -3.7611803185e-01 1.4778997739e-01 3.0569446607e-01 -9.6372522221e-02 -3.0811285787e-01 -1.9431173257e-02 3.4431680861e-01 2.4229007892e-02 8.6967157696e-02 -2.2377957423e-01 2.8803992533e-01 -1.7124126061e-01 -1.1203067535e-01 2.0139864132e-01 -1.9670252549e-01 -1.8419971547e-01 8.3259420559e-02 -2.8632625803e-01 -2.1881224904e-01 2.6559297900e-01 1.1468690802e-02 -1.3245748194e-01 -7.3511852132e-02 -1.2419339338e-01 -1.0939314391e-01 1.9334425577e-01 -1.5070215193e-01 -2.6807238805e-01 -3.2935337287e-01 -5.9778703982e-02
-2.1207729427e-01 3.0839321913e-01 -2.5991237790e-01 -6.6268387071e-02 -1.7055838018e-01 4.6449120772e-02 -1.8227421405e-01 -1.4586524969e-02 9.2167837745e-03 -2.6319690831e-01 -1.8608608508e-02 2.3222991477e-01 -2.3903389841e-01 1.2951270874e-01 2.6654924968e-01 -1.8194777642e-01 4.3930763199e-02 -6.7809317278e-02 -4.6100796986e-02 -2.0469640482e-01 -2.9256830881e-01 5.6290537847e-01 4.2038955672e-02 1.6608763785e-01 5.2602703439e-02 -2.5117743123e-02 -7.2153333567e-02 4.6250749178e-03 -4.3819364149e-02 1.9353656527e-02 -3.3842418715e-01 -1.9959578994e-01
1.0708620273e-01 -2.2839448670e-01 1.3292447697e-01 -1.2990848220e-02 -4.9088095184e-02 -1.7800969669e-01 -9.6540448082e-02 1.6359978434e-01 -8.9943006091e-03 9.3108372104e-03 2.4261072627e-01 2.5932084921e-01 3.2551665293e-01 -2.4666561327e-01 -6.2642055266e-02 -3.5451736391e-02 -4.2602891177e-01 -6.2689983181e-02 1.6614999455e-01 -2.3176689254e-01 2.4361111838e-01 8.7821419594e-02 2.8814069966e-01 -1.8002340813e-01 6.8848322178e-02 4.7139463444e-01 -8.8410696088e-02 -1.6574100119e-01 5.3997579067e-02 4.8774977624e-04 -5.4963589760e-02 -3.5818548094e-01
3.4455764741e-01 -4.3644102047e-01 2.0513820451e-01 1.2710182047e-01 2.7688478898e-01 1.2987647181e-01 -1.0546855079e-02 -1.2834786980e-01 1.2145053804e-01 -6.8064002834e-02 -1.5204918924e-01 1.6676695371e-02 -2.5638539261e-01 -8.7659130593e-02 -1.5733014245e-01 9.8637846941e-02 -2.1899540725e-02 2.4393886804e-01 2.1652392635e-01 8.5944286156e-02 2.4951174357e-01 -1.2906085399e-01 3.3438149639e-01 2.8038911313e-02 3.6385991342e-01 2.6824854010e-01 9.6501583956e-02 2.1069318494e-01 -1.5143830749e-01 8.0797044920e-02 2.1018133969e-01 1.5335369954e-02
-1.0158504612e-01 -2.4309683717e-01 -2.0607517198e-01 7.3346849056e-02 -1.8349946894e-01 2.6722085075e-01 3.6112847115e-01 -2.2477703623e-01 2.9604122271e-01 -7.2214360249e-02 -1.7620806244e-01 8.2825667067e-02 -2.3721671605e-01 8.5728131590e-02 1.5270548849e-02 1.5901701991e-01 2.9307985361e-03 8.2489751763e-02 -8.0815609861e-02 -7.2496030953e-02 4.7341042947e-01 -1.5132303597e-01 8.6389916033e-03 -4.8037971935e-02 3.7607193511e-01 -8.6524313505e-03 1.4556609402e-01 -1.1321510362e-01 1.3216264810e-01 2.1871895961e-01 -4.3961455469e-02 2.6095371846e-01
-1.6921688603e-03 -1.4508524099e-02 -1.1027651792e-01 6.2724557307e-02 -1.4515392970e-01 -6.1408089092e-02 -1.0584664008e-01 4.2300880485e-02 -6.0409545275e-02 -1.3133263324e-01 1.2757584503e-01 1.9384387741e-01 -1.6962650197e-01 1.1361246130e-01 1.9351811234e-01 -2.0367856393e-01 4.3348222296e-02 -5.3745004427e-02 2.8091391052e-01 -2.2084039328e-01 -1.9154303078e-02 -1.3489408524e-01 -3.0043176279e-01 1.6040352481e-01 -7.3282543751e-02 1.1730840382e-01 -1.5929980127e-01 -2.5728392668e-01 -1.0126500825e-01 4.6322496522e-02 1.3028142272e-01 -4.4421709902e-02
3.1749621809e-02 -9.1588550929e-02 -1.3701828291e-01 -1.2080325459e-01 -3.0191882895e-01 -1.1270031563e-01 -5.2739063610e-02 -9.0394468496e-02 -1.3872148302e-01 -1.0320106276e-01 -1.5240791019e-01 -1.7182090087e-01 4.1461200271e-02 1.4689501162e-01 1.0123741048e-01 -6.2841063720e-02 -3.5954909058e-01 4.1834791266e-02 -1.6728692735e-02 1.1841527508e-01 -1.8869372796e-01 3.2750922098e-02 -3.1051902278e-01 -2.3589347386e-01 -8.8720147181e-02 1.5933380096e-01 3.5439093107e-01 -2.3063338575e-01 2.2904041674e-01 1.8513408390e-01 -2.0729062496e-01 1.1879305836e-01
-7.8660954160e-02 -9.2756393607e-02 4.5656790811e-01 -3.2111850581e-01 -8.3317030404e-02 1.1553209764e-01 1.1856370653e-01 -2.2967984300e-01 6.5498008644e-02 -7.5426336590e-02 3.6309724555e-02 -3.4671096023e-01 2.6130304465e-03 6.7509510138e-02 1.6609646453e-02 1.6724940169e-01 1.2208975734e-01 -5.6379236544e-02 -1.4913106977e-01 6.3745900213e-02 1.2113133651e-01 1.4157851433e-01 4.6162067862e-02 1.0226963445e-01 1.0331100511e-01 2.8189875756e-01 3.1781159235e-01 1.0152347337e-01 1.6304163557e-01 -2.9636144082e-01 2.4815657681e-01 1.2616112289e-01
5.6886941994e-02 -2.1840349481e-01 3.1270076400e-01 2.0577528746e-01 -1.4666039439e-01 -2.2790380991e-03 -2.3615277487e-01 6.9944949894e-02 -7.2851739501e-02 -8.5236943448e-02 2.6022558737e-02 -3.5501716227e-01 -1.2803435759e-01 3.0127843011e-01 -4.4558885892e-02 -3.1282129863e-01 7.7775805804e-02 3.5330285344e-01 6.5973064129e-03 5.8726497831e-02 -2.1254378728e-01 -1.2859864034e-01 2.0464499106e-01 2.1614528401e-02 1.3691073961e-01 6.1964411281e-02 -9.0663197787e-02 3.4987995679e-01 4.5128719697e-01 1.4188573932e-01 1.8449152285e-01 -5.7881985131e-02
1.9071949967e-03 1.0877653592e-01 -6.6108287439e-02 -2.5002479856e-01 -3.7699555961e-01 3.8956870158e-02 1.0167361680e-01 9.0646215385e-02 1.1455775402e-01 -6.3496011704e-02 -3.2173115071e-03 -4.6326162760e-01 -1.1084716849e-02 1.7530698528e-01 -2.6614007751e-01 1.2153184043e-01 1.8849974227e-01 1.0389808170e-01 -3.0744294492e-01 1.5682677110e-01 -7.3312630749e-02 1.5756695049e-01 -1.0083025414e-01 -4.3007056249e-01 2.9860802493e-01 -1.5618128416e-01 4.2724471626e-02 -2.0258491763e-01 9.6537640653e-02 -1.3470765478e-02 -1.0937578870e-01 -9.3831051335e-03
-2.8426786924e-01 -1.5388534680e-01 1.4950038368e-02 1.2701977453e-01 2.2777332829e-01 -9.4014842919e-02 -4.6296900193e-02 3.8016585167e-02 -1.2522001819e-01 1.2223336202e-01 -4.3541160101e-01 2.2372127694e-02 8.2976151397e-02 3.7686642071e-02 3.2185088110e-01 1.0283842044e-01 -8.8372827514e-02 -6.5547096419e-03 -1.4386018405e-01 -6.7109619934e-02 -3.6598125590e-01 -3.8825516286e-01 7.9075809772e-02 6.1533334417e-02 8.2592621938e-02 2.5608637354e-02 -2.2269177914e-01 -2.4466472636e-02 -1.7912583614e-01 2.1836981396e-01 3.4235908638e-01 -1.5022790809e-01
-8.8575221823e-02 1.4352770767e-01 7.1100170125e-02 -2.9331729722e-01 2.2610551792e-01 1.2572753950e-01 -4.4266030688e-01 3.1211894144e-01 7.3205052577e-02 1.9285549625e-01 3.3897075601e-01 6.0487328033e-02 1.3551937661e-01 1.1407432068e-01 4.3646887299e-02 -5.7914822074e-02 -6.9220366481e-02 1.3301306370e-01 -8.5674246729e-02 9.2536640055e-02 2.7149367234e-02 -8.7370126011e-02 4.0240897571e-01 1.3605359612e-01 -3.1434323004e-02 -6.8185846194e-02 4.7854512068e-02 -4.2884593363e-02 -8.2237373310e-02 -2.2694265388e-01 1.8342303729e-02 -1.3057815962e-02
1.3198093698e-01 1.6146438830e-01 1.2959661539e-02 1.6172530409e-01 -1.4140564476e-02 -9.3452447427e-02 -2.7822127404e-01 2.1913816948e-02 -1.4564789280e-01 -7.3609275153e-02 -1.8305892853e-01 2.1196916316e-02 -2.7740598093e-01 -1.5072317183e-01 2.2964562915e-02 -1.8696594058e-01 -7.6100699684e-02 9.4681201629e-02 -2.6079562691e-01 2.2755562857e-01 2.1573964577e-02 8.2826825277e-02 3.9972842575e-01 5.8084381294e-01 1.0289093206e-01 2.9421591347e-01 -3.3461703307e-01 2.5547564407e-02 -2.7010880772e-01 4.2382445998e-01 -2.9205568387e-01 4.7620753998e-02
7.0237469407e-02 9.3849664323e-03 -3.6060140433e-01 1.3875062508e-01 8.2676321416e-02 -2.1338319739e-01 9.4990005955e-02 -1.3061093419e-01 7.5303208591e-02 -5.7962427000e-02 4.4837763855e-02 2.7714928978e-01 1.0927696460e-02 2.2314220102e-01 1.5779944703e-01 5.1802845882e-04 -4.0531090875e-02 4.5165239804e-02 -1.6425888579e-01 4.1830021089e-01 -2.6066590552e-01 -3.1747687752e-01 3.2242585871e-01 -5.7191859636e-02 -1.2644298167e-01 1.0968986372e-02 -1.5661008937e-01 -1.8927343078e-01 9.6787423245e-02 -3.0054584826e-01 1.7415638897e-01 4.1670248338e-01
-1.6658964940e-01 -4.8429253573e-02 1.2435978981e-01 -3.1928968446e-01 -3.7900178602e-01 3.3741029594e-02 3.9096600882e-02 -2.9684515779e-01 4.3499860431e-02 -7.8761994299e-02 1.3228176345e-01 -1.5846402488e-01 1.5983171871e-01 1.1413019142e-01 2.3838512220e-03 8.5252597886e-02 2.2400096987e-01 9.3045695041e-02 -2.6103874355e-01 1.7009881606e-01 -5.5011753399e-02 -6.1288170662e-02 2.6996742617e-01 -1.1399850082e-01 -8.7219624732e-03 -1.1272414619e-01 9.2501911568e-03 -7.8652888541e-02 -1.7747829332e-02 -8.5848985941e-02 6.8685863829e-02 -2.4612180341e-01
7.3034937924e-02 -9.3979852368e-02 -3.8419889476e-02 7.4475549868e-03 -2.9257378528e-01 1.8074684718e-01 -1.3267177952e-01 -1.2089993059e-02 1.6335144326e-01 1.7584693867e-01 9.2680952618e-02 -1.0196619391e-01 -9.6246373938e-03 1.2405838499e-02 1.8415986895e-01 -1.8801101154e-01 1.3108701579e-01 -1.4551371033e-02 3.2750892154e-01 -2.0475733551e-02 -6.8906301870e-02 -3.7028212289e-02 7.3644231546e-02 3.5986167319e-02 2.0401254710e-01 1.3259979482e-01 7.4440349399e-02 -1.1308071031e-01 -1.0134464014e-01 -1.2139890739e-01 1.8736724563e-01 -3.9286035775e-01
-4.5044835216e-03 5.8985669204e-02 -7.0041334501e-02 1.3590280828e-01 7.4290965949e-02 1.5099890799e-01 2.4748166282e-02 4.2560549210e-02 -1.1472969609e-01 -1.6989369722e-01 1.1960225221e-01 5.4963127572e-02 5.4056433597e-02 5.2235569528e-02 2.4763382772e-01 2.6451388639e-01 -9.5341019551e-02 -3.5247047082e-01 -5.0869348398e-02 2.2937484053e-01 2.2293751822e-01 -1.5580907522e-01 8.3118722755e-02 2.7043512086e-01 -1.3661821619e-03 -2.1072293773e-02 -2.7101706069e-01 2.0362925428e-01 1.3221654592e-01 -6.5009856703e-02 1.9080793837e-01 7.8985322949e-02
