-1.1763356892e+00
1.4671318110e+00
-5.0100240771e-01
5.5933645846e-01
-1.8674103738e-01
-1.2051537729e+00
9.6030892617e-01
-6.5161036452e-01
7.1593462584e-02
1.3067932206e-01
-8.5851953122e-01
6.6208035509e-01
2.4867381388e-01
1.3511465611e+00
1.2848283712e+00
2.8598114739e-01
-7.7551593307e-01
4.4956479242e-02
3.3563880210e-01
-1.4396684301e+00
2.8323364220e+00
2.9170116276e-01
9.1807670046e-01
3.9468355196e-01
1.8037501247e+00
-4.9644688352e-01
-1.0856644898e+00
6.7978254365e-01
9.8039795689e-01
6.2117634274e-01
1.7895003344e-02
-3.2481895779e+00
