1.5965505770e-01 2.1614249086e-01 -7.7359613434e-02 -4.8628709629e-01 7.0273621528e-03 1.8366452186e-01 1.5023293925e-01 -2.7858306920e-03 -2.4180118840e-01 -3.7382225294e-01 -2.4567855083e-01 1.7614762223e-01 -2.4251262706e-01 1.3790165960e-01 -5.1490802846e-03 2.2981854093e-01 5.6909805721e-01 -3.4986813081e-01 -7.7536388089e-02 1.4810852339e-01 3.7942836665e-02 2.2943076719e-01 -1.1233922487e-01 2.3570759222e-02
1.6980461212e-01 6.0849653417e-02 8.8897494464e-02 -4.5615290840e-02 1.9525236274e-01 2.0784972687e-02 9.5207860715e-02 -1.9230068036e-01 -2.0931263521e-01 1.3800886908e-01 2.3521206747e-01 -1.8459418640e-01 4.5869470795e-02 -2.6332656980e-01 -1.3201529355e-01 -1.0617573758e-01 -3.5359640517e-01 -1.8894391466e-02 3.1211627650e-01 -8.6009355339e-02 2.4881213765e-01 7.2971742477e-02 -2.5637138658e-01 -2.3048748292e-02
-2.7131556938e-01 3.1806004893e-01 -3.2222400119e-01 4.1123939057e-02 2.2333534644e-01 -1.3721220254e-01 5.0103113075e-02 -3.5719619953e-02 1.3390551862e-01 3.3116276350e-01 1.0336655549e-01 2.7403876327e-01 -4.1437478410e-01 2.0658097621e-01 -2.9521319023e-01 -7.0910791738e-02 2.9186767253e-01 1.9566295374e-01 -6.4918700232e-02 -1.8250635496e-01 -5.7125302056e-01 -2.2129321864e-01 3.4230556063e-01 -2.6980386793e-01
-2.8397403940e-01 -1.3372418207e-01 -1.6951677468e-01 6.1587721775e-02 3.8836098909e-01 3.2131011660e-01 1.0371781117e-01 -9.7089124001e-02 2.6873798638e-01 4.7830348261e-02 3.6217324618e-01 1.6624371398e-01 -1.6205208234e-01 -3.5745269905e-01 -1.5951206320e-01 -2.0953706028e-01 1.3812503977e-01 2.2524402383e-01 -2.8374005551e-01 -4.6169466969e-01 4.3437820723e-01 3.6088974431e-01 -2.0438418457e-01 -7.1089980615e-02
1.5733470463e-01 2.0287828842e-01 -3.6329845809e-02 1.1450306146e-01 -2.5527883362e-01 1.8504693399e-01 1.6875779442e-02 -1.9133729184e-02 4.9823633433e-02 3.6031531546e-01 -1.4722760963e-01 -1.1975748841e-02 -1.7772765244e-01 5.7771246093e-03 6.7870773413e-04 1.2196461485e-02 -2.2908084841e-01 -1.6511803080e-01 -2.3847690246e-02 2.3892006332e-01 1.7053193841e-01 -3.6164853227e-01 2.5463086100e-01 3.3038349580e-01
2.3471716907e-02 3.1874192305e-02 -1.0866791884e-01 1.9803506264e-01 -9.2078185944e-03 -1.5800869844e-01 1.7596018360e-01 -1.3220496026e-01 -2.5085376848e-01 -1.9834936892e-01 3.8648920739e-01 -1.4089225318e-01 -6.3172313926e-02 4.6859064212e-01 9.6152424441e-03 3.3010562394e-01 -9.8999310573e-02 -1.5711471079e-01 -1.4958972004e-01 -1.4406667456e-01 -3.0700169398e-01 -4.3955634247e-01 -3.5667450852e-02 6.7098230612e-02
-1.1867849052e-02 -1.5835045887e-02 -2.8643628690e-01 -3.9261925430e-01 2.1218742177e-01 -1.3058528301e-01 -1.6364510585e-01 9.8714114347e-02 -3.8295094329e-01 -5.4870546428e-02 -3.4857918717e-02 3.1770185386e-02 5.0486470688e-02 -1.8972796715e-01 -8.2829721537e-03 -1.1869312917e-01 1.5100638018e-01 1.3056895748e-01 1.5760084363e-01 2.6810156007e-01 -1.3830629410e-01 1.1052358714e-02 4.2271671164e-02 2.3345326858e-01
-2.9985922231e-02 -1.4290920731e-01 -1.3715259423e-01 1.1077537959e-01 -3.2668056592e-02 1.9754712015e-01 4.6029986429e-01 1.5056532762e-01 2.9180716954e-02 -2.2880263778e-01 1.3698192835e-01 2.7252532775e-01 2.3123976180e-02 3.5119724225e-01 2.8765630119e-01 7.6248974699e-02 -2.8908708729e-02 3.9759285002e-01 2.8901898033e-01 -3.2013789476e-02 -2.7410215914e-01 2.7897743268e-01 -4.3789842793e-01 1.6403550643e-02
-1.7421882859e-01 1.5558538434e-01 3.0362578095e-01 -1.2228321552e-01 -1.1081017755e-01 4.7338220183e-01 -6.5120700976e-01 -9.1028907882e-02 -7.8069317009e-02 -4.1769434274e-02 3.3784334106e-02 -1.3181272235e-01 1.6346868091e-01 2.6904081372e-01 2.6158360680e-01 -1.8650607361e-01 3.3746666033e-01 -1.9321109201e-01 -2.5189777072e-01 -1.5362425275e-01 9.0966860427e-02 3.1459051631e-03 -2.8423545162e-01 -9.8908862630e-02
-1.2226331694e-01 2.0455373760e-01 -2.3700981016e-01 -3.2028889549e-02 -1.0197183759e-01 7.7447075914e-02 7.5786530218e-01 5.7356273350e-02 -6.0065945231e-02 5.4303565992e-02 -2.9863339204e-02 -1.5128162871e-01 2.7151095526e-01 6.0251081010e-03 1.7377036342e-01 2.8739687528e-01 1.5049747884e-01 -2.2493285099e-02 -2.9448293127e-01 2.5057929127e-01 1.4018125805e-02 4.0243466222e-01 2.2536968050e-01 -1.4126686663e-01
-7.9217766106e-03 -3.1883556813e-01 1.8637739029e-01 2.6580455092e-02 -2.0659632713e-01 -4.9064365448e-02 7.3144001347e-02 -2.7432839244e-02 -1.4678789314e-01 -1.2147324893e-01 2.2695978483e-02 1.6291511411e-01 -4.4121507868e-01 3.0254597768e-02 1.3550980135e-01 -3.6670226190e-02 3.5192647851e-01 5.2124083779e-03 1.5454547695e-01 1.0447100648e-01 6.4835227031e-02 1.8113010183e-01 3.8624514251e-02 -5.3981053801e-02
-3.3809363800e-02 4.1167180836e-01 3.0634475221e-03 -2.3694057537e-01 1.3872262949e-01 3.9539827687e-01 -2.7218635776e-01 2.3249322428e-01 -2.9219264508e-01 3.0211104590e-01 2.4979553308e-01 2.5578930652e-01 1.2579883785e-01 4.0703254956e-01 -1.0316559187e-02 -7.1608612102e-02 -5.4961105108e-01 1.5333877751e-01 5.6466692947e-02 -1.6394631791e-02 2.0233586175e-02 -1.8892729781e-01 -7.0621493344e-02 -7.5548284742e-02
-8.6377107486e-02 1.2849849482e-01 2.5814265069e-01 2.4739944760e-01 3.1142554094e-01 1.8376915181e-01 -6.6667313651e-03 -1.8295947951e-01 -5.6503216450e-02 6.9830931891e-02 1.7551780189e-01 -2.2139924871e-01 2.1484659914e-01 1.8184104692e-01 1.9480291202e-01 -2.5224843971e-01 -2.8847635494e-01 -1.3614460979e-01 -2.1287415078e-01 9.5102604776e-02 -2.2371157872e-01 -1.4968504606e-01 2.3642896168e-01 4.4489531307e-02
2.0601961276e-01 -1.3939792944e-01 3.0783485844e-01 -9.8871052757e-02 -2.2056099225e-01 2.2997525605e-01 -2.6043091038e-02 7.9083802713e-03 -1.8439005835e-01 1.2532419923e-01 1.7903926801e-01 -2.2866414846e-01 -1.6995232642e-01 4.5013178471e-02 6.5597053543e-02 8.7938779147e-02 1.4402171388e-01 1.3700241901e-01 -1.0570387340e-01 7.7721425729e-02 2.3913955312e-01 9.1092194901e-02 -8.8814131699e-02 5.5246638971e-01
1.7822301184e-01 2.5006931369e-01 7.2139732738e-01 -1.0001982810e-01 1.2941789717e-01 2.4035018635e-01 -2.4701456390e-01 2.7345961324e-01 -1.4003157179e-01 2.6283631534e-02 2.5789190523e-01 -1.9552522776e-01 -1.1378282360e-01 8.2494512412e-02 -2.1456919118e-03 -9.8859891378e-02 -2.4313727360e-02 3.5730776589e-01 9.1102974696e-02 -1.3912703461e-01 -9.7716032431e-02 3.8232911829e-01 -2.0135842251e-01 2.3622766329e-01
-4.4422863512e-01 1.7823337472e-01 -4.2097401283e-02 2.2550612485e-01 4.1691603482e-01 2.5244436047e-01 -1.1758620523e-01 -1.2262311564e-01 -1.8775868728e-02 -3.1432705639e-02 -1.8052419665e-01 2.5542213715e-01 -1.5224366660e-01 -6.6906483005e-02 -3.1925696353e-01 2.1474492291e-01 -4.0488079307e-01 3.1520570027e-01 -2.1137954566e-02 3.0117339677e-01 -9.7786104324e-02 1.7614370711e-01 -4.7335224183e-02 4.3356423353e-02
-4.2125475894e-02 -1.0163888208e-01 3.4005241077e-01 4.5398747002e-01 -1.7006956277e-01 4.6373986495e-01 2.8667217701e-01 -1.6872828514e-02 3.1945889491e-01 -4.4349407215e-01 6.3240233294e-02 -7.8979473168e-02 -2.1395476781e-01 2.8051406232e-01 4.8742770793e-01 1.5480214976e-02 -1.5693473379e-01 1.3092038729e-01 -3.1723311847e-01 -1.2850701594e-01 -1.5094828988e-03 1.7498741711e-01 -1.8481745708e-01 1.2796731619e-02
5.7094635642e-02 5.2411690781e-02 2.5001836548e-02 3.8955666442e-02 -7.5935987815e-02 -1.1335530216e-01 -3.2998748069e-01 3.3255557905e-01 -3.5575833664e-02 -3.2989716961e-01 1.3332382630e-01 1.1019042866e-01 -1.0678371341e-01 -3.2999441516e-01 9.2510408622e-02 2.4654970167e-01 -9.6236469373e-02 2.9241861366e-01 -2.6984276545e-01 3.4472756422e-01 -1.4667629660e-01 -3.9085913511e-02 -8.8792111518e-02 -1.3467327109e-01
1.7728483124e-01 -2.1076030478e-03 -1.3791973618e-01 1.7901879614e-01 -1.1004291004e-01 -5.1881483704e-02 -1.1214574497e-01 5.7599125399e-01 9.7261409411e-02 -2.4518935040e-01 -4.7378321502e-02 7.7656584840e-02 2.7343358411e-01 -1.6699867196e-01 -2.1170603190e-01 -8.8841881932e-02 -2.6233357797e-01 -2.2797900635e-01 -1.4115951983e-01 4.0771281291e-01 -5.6149467982e-02 1.3301905836e-01 7.7441984548e-02 -4.0811800239e-03
-7.1578445986e-02 1.8094079588e-01 4.4680882650e-03 -1.8973298723e-01 2.0157252410e-01 -8.3965807397e-02 1.7424499201e-01 3.4654406721e-01 2.6805059641e-01 -7.6202015221e-02 -3.2142550505e-01 1.1499649535e-02 -2.5404447417e-01 -8.9982603563e-02 -2.8282091302e-02 -1.9850545064e-01 3.4880501203e-01 3.3884418043e-01 8.9806821940e-02 -4.1216935167e-01 -1.2997033042e-02 3.5378825379e-01 4.7417536564e-01 -5.7973506036e-02
-2.7746093251e-02 2.0609300939e-01 -2.5317859755e-02 -1.9256360208e-01 4.4796513091e-01 1.3541024910e-01 1.0413434022e-01 -3.0449369235e-02 1.1982168413e-01 -3.7877185793e-02 4.6844056057e-02 -2.9403899052e-01 1.4836911584e-02 4.4468266566e-01 3.6728280887e-02 1.0984688481e-01 2.8066738376e-01 4.2168096745e-01 -3.1127198472e-02 -8.8614244645e-02 -6.7814314781e-02 -1.0126426030e-01 -1.6978073379e-01 5.4578769803e-01
6.4254918265e-02 -5.7122618560e-01 1.3352516271e-01 -1.2209634904e-01 -2.0349169307e-01 1.4540644993e-01 -6.7190561024e-02 -3.9462392103e-01 2.2790104423e-01 5.7289825006e-02 -5.1744819148e-01 1.9715220923e-01 3.6334490040e-01 -7.0509660757e-02 9.3192466099e-02 2.9338076638e-02 4.4794716144e-02 -8.4802999731e-02 -2.7702896644e-01 3.6126713057e-01 8.8305899583e-02 -4.3098309064e-02 -1.1322595554e-01 -2.3176390021e-01
-2.5818917993e-01 -1.6686127431e-01 -1.6384658428e-01 4.2373675335e-02 -5.7407020230e-02 2.0185021562e-02 3.2789167895e-01 -6.3671777535e-02 -5.0067253471e-01 4.7878658862e-02 1.9963130674e-01 9.6653657799e-02 2.4036586331e-01 -7.0143102655e-02 -1.3243448229e-01 1.7952610599e-01 7.7766257241e-03 -1.2297005993e-01 7.5858111169e-02 5.2309106071e-01 -1.8278859134e-01 1.0643372427e-01 -1.1902969650e-01 3.6307880770e-02
-3.3817996161e-01 4.4450562823e-01 -2.1426630285e-01 -5.7779938161e-03 7.3008130700e-02 -5.6695804078e-02 -5.1823981330e-02 -2.1191357289e-02 -4.3113100574e-01 2.0935930072e-01 -4.8299868268e-02 -8.8192066067e-02 1.7278834940e-01 4.2070941430e-01 4.4491362655e-01 -2.0464298140e-01 -8.6150445844e-03 -1.1127569975e-01 -8.3328867710e-02 -6.5738013073e-02 -1.0309241940e-01 3.7772651493e-02 1.3721148348e-01 -4.6245525459e-02
