4.6310723058e-01
1.9300914693e+00
-7.1268898991e-01
2.3672128419e+00
-9.4035438295e-01
-9.1789510430e-01
-8.2933353360e-01
1.6773766863e-01
2.4214085898e-04
7.4383359470e-01
1.2418142519e-01
-6.6966543311e-01
7.7056496486e-01
-1.9792589202e+00
-2.9061284449e-01
-1.0790293285e+00
-6.0434286378e-02
-1.5035938613e+00
1.2894011502e+00
1.1711743849e+00
1.1781545796e-01
-4.2272419463e-01
2.2335097448e-01
-1.9529365205e-01
1.0718217694e+00
5.9187837410e-01
7.5587974672e-01
1.2753647364e+00
1.2715726450e+00
2.1674439297e+00
2.2859903444e-01
-9.0907536854e-01
3.3899144958e-01
-3.9916353765e-01
-1.6700898791e+00
