7.0616150526e-01
-7.5820388891e-01
-5.2811557880e-01
1.2323416679e+00
8.5049247660e-01
2.0773209758e+00
9.1355879201e-01
-6.1467920586e-01
-4.3233311835e-01
-1.5010354494e-03
-1.9378288086e+00
2.8713246596e-01
1.8273803523e+00
-4.3100001332e-01
-3.1428866631e+00
-5.4760512999e-03
-1.1691067957e+00
8.2681431958e-01
2.6267881956e-01
-1.2712312051e+00
-6.1754625413e-01
-7.0249230972e-02
-4.2070269903e-01
7.5233628719e-01
6.7827132718e-01
1.8379763478e+00
-4.4641878988e-01
-1.5431244489e+00
-8.5353694532e-01
-1.8030121371e+00
1.1214284976e+00
3.4013842970e-01
-3.0047975392e-01
-6.8336768910e-01
-7.4354392147e-02
