8.2253370847e-01
3.0692826890e-01
-9.8415780501e-01
-1.9840576468e-01
-7.0067481348e-01
-3.1591558153e-01
-6.4161720655e-02
3.2043679397e-01
-6.1337992511e-01
-6.6766455788e-01
5.5437615227e-01
-1.6098640745e-01
-2.4350250786e+00
4.8270029886e-01
-8.1813911717e-02
1.3608811314e+00
-1.4957346526e-01
-3.0311082835e-02
6.9476759105e-01
-8.7760494517e-01
4.1716650342e-01
2.3600073656e-01
-6.1597509237e-01
-8.5039066506e-01
-1.3274824643e+00
-2.1118014719e-01
-2.5670401487e-01
8.3927101046e-01
-1.6066888315e+00
-1.0470361017e+00
-1.4364501232e+00
-6.9680920195e-01
7.9441743184e-01
1.9978143757e-01
3.3530703025e-01
4.4562848279e-01
-5.7249333503e-01
6.5536124065e-01
-7.4051110505e-01
-1.0732218494e+00
6.5302907478e-01
8.5744353302e-01
1.1431338680e+00
-1.5192809079e+00
-4.1484968503e-01
-7.7870235246e-01
5.8087925679e-01
1.0560557189e+00
4.0131345744e-01
-1.9096089034e-01
2.7267263224e-01
-4.5984769800e-01
-9.4680751089e-02
-5.7601179843e-01
-2.6259511583e-01
1.1303739495e-01
-3.7610745255e-01
-1.5243175835e+00
-1.1710053309e+00
1.3839782777e+00
1.5534489532e-02
2.7754150803e-01
3.7662965254e-01
-2.9077695240e-01
-3.5612700494e-01
8.7627247114e-01
-1.5624477507e-01
1.8663769533e-01
-5.8551401437e-01
-3.9251434206e-01
8.4837459804e-01
-9.1603385603e-01
-1.6257869834e+00
-7.5164661568e-01
-5.8614061678e-01
2.6147944965e+00
1.0036690788e-02
-1.5249632784e-01
-1.5103472334e+00
-6.1142229370e-01
7.1354091655e-01
1.1108787705e-01
1.4808786716e+00
2.1698969989e+00
9.5300789369e-01
1.5772287263e+00
-2.3985029845e-01
1.3179337145e+00
6.3784413593e-03
4.3215607865e-02
5.9907403843e-01
5.2979027960e-01
-1.9883918267e-01
6.8288927126e-01
-8.9100034977e-01
-1.6536826764e+00
-1.5966895556e+00
5.3529081249e-02
-1.1421804272e-02
1.5367164169e+00
