1.6175275038e-01 6.6915572921e-01 -2.7682945978e-01 -4.7167399334e-01 6.7582141134e-02 -7.9392239420e-02 -4.4217837489e-01 -4.2684169792e-02 -1.6130976745e-01 5.2303801920e-01 4.8762551088e-02 -1.0967258269e-01 -1.5147460444e-01 9.6595260661e-03 2.0877943967e-02 -5.8644119312e-01 -2.4241129402e-01 2.7617142047e-01 -3.8565439004e-01 3.5452812261e-01 1.9928333341e-01 -2.4960433403e-01 -1.3259654571e-01 -4.8702999441e-03 -5.4875376740e-02 6.0123593286e-01 1.2808841915e-02 1.0751354765e-01 1.0445150330e-01 -2.1100709202e-01
2.3186630582e-01 5.0026435727e-01 7.7145100082e-02 -3.1704983348e-01 -2.2677702607e-01 3.2185471685e-02 -4.0434115832e-01 3.3182918282e-01 2.7786366928e-01 -1.2061332668e-01 2.1251165442e-01 -1.2858478069e-01 -5.0762444005e-01 -5.2625628993e-01 -1.5903517677e-01 -3.1955729938e-01 3.7163691143e-02 -1.7725161112e-01 -5.3805139902e-02 4.0145772470e-01 3.1844346332e-01 -4.2064380053e-01 1.1329363357e-01 3.0112556434e-01 1.6395182278e-01 3.5262012416e-01 -2.2426586572e-01 2.0672729929e-01 -2.0041773741e-01 -6.4226258008e-01
-2.8616117297e-01 3.0997060356e-01 3.0715233621e-02 4.7121465915e-02 -1.2427533458e-01 -1.8862753544e-01 -3.7596473822e-01 4.8568803754e-02 2.4118020732e-01 4.4491078315e-01 1.1721512972e-01 -6.7320580713e-01 -3.9510061193e-01 -1.3498526355e-01 -1.3483231109e-01 -3.1663960383e-01 2.8788205415e-01 -5.4124975082e-01 2.6963568323e-01 2.3791106364e-02 1.2047665530e-01 -3.3277528803e-01 -4.2313709076e-02 -2.1939086302e-01 3.5541685551e-01 1.9555484587e-02 -2.1054409249e-01 -2.3528691878e-01 -2.9271693618e-01 -4.7825576109e-01
-3.1891392673e-01 2.4542725077e-01 -1.3565069683e-01 3.9808753182e-02 -6.7973776313e-02 3.8075997646e-01 -7.1351401636e-02 -7.8347408572e-02 7.5181668198e-02 4.7192760644e-01 2.7189731036e-03 2.2684336934e-03 -4.0673321905e-01 -5.2475688909e-01 -2.2343985348e-02 3.0822487366e-02 -2.7061489569e-02 -5.7694991214e-02 -2.4062882802e-01 -4.2429445173e-04 -3.1421316130e-01 -1.1793172422e-01 2.8104762880e-01 1.1465482264e-01 5.9472250739e-01 2.1973949354e-01 1.2317498719e-01 -8.5338112950e-02 1.7194615540e-02 -4.5629557688e-01
-5.9364886407e-02 -5.6059538146e-01 1.4161906531e-01 3.1276040896e-01 -4.9290939336e-02 -9.2455252132e-02 -3.6207635123e-01 4.2153162496e-02 6.0132630830e-02 3.5272067886e-01 -3.5421672047e-01 -3.0902537707e-01 1.0736990877e-01 -2.7345967170e-01 -5.3484991935e-02 -3.2950848360e-01 3.2576001890e-01 1.3804154720e-01 -1.1626117359e-01 -2.4221114037e-01 3.3028780811e-01 -3.9126656765e-01 -3.0710491995e-01 -1.1066630694e-02 4.9239043841e-02 3.7156227674e-01 2.7060428156e-01 -3.1649900651e-01 2.3716659683e-01 -3.0309243623e-01
3.1708844512e-01 2.9375417950e-01 -2.0628022795e-01 4.0512268517e-01 -2.2175682923e-01 4.6702153351e-01 6.1378171094e-02 -1.9086475391e-01 1.5182940134e-01 2.1116793941e-01 1.3975935062e-01 2.3912757941e-02 6.2911959362e-03 -8.5309668856e-02 1.7534470647e-01 -2.7603447405e-02 3.1250151802e-01 2.1636989323e-01 -1.3836701391e-02 2.5387556163e-01 -1.6927166569e-01 -1.7139192510e-01 2.3387968350e-02 2.7316950196e-01 2.4827108896e-01 9.3231824519e-02 3.0335213201e-01 -1.0237213510e-01 1.7750710597e-01 -3.0439302813e-01
4.3060324398e-01 -3.1729445835e-01 -1.9941653474e-01 -3.5843907996e-01 -4.9085059158e-01 3.0381659637e-01 -1.1646878629e-01 -3.1963795258e-01 1.6159845613e-01 -2.0310324874e-01 9.8811589816e-02 -2.9140589549e-01 2.5088726871e-01 -3.9306512245e-01 1.5214911951e-01 -1.6757685089e-01 -1.9791288341e-01 2.5212375488e-01 1.4300108124e-01 2.7690193019e-01 -9.6521981377e-02 -4.5767671599e-01 1.1694076890e-01 9.6119411155e-02 -2.2527886571e-03 9.1393317668e-02 6.2607032105e-02 -1.6021612161e-01 6.0219923488e-01 -4.6699429357e-02
-9.3018727469e-02 -4.5142058540e-01 -1.4114742961e-01 9.1159462650e-02 -4.2892733646e-01 2.8843750751e-01 -3.0922298978e-01 3.6724746323e-02 -1.1145012929e-02 1.7803951143e-01 -2.9923179669e-01 -1.7604871404e-02 -2.9186531623e-01 6.8078147437e-02 -1.0115073552e-01 -1.7905407699e-01 -1.8174985470e-01 1.3054678750e-01 -4.1020618877e-01 -2.9703067926e-01 -2.8691670907e-01 1.3641078533e-01 3.9062719042e-02 5.0130516668e-01 3.3135313624e-01 6.6275968808e-01 -6.6788968727e-02 -2.6528765348e-01 2.1782039825e-01 -3.8816009295e-01
-1.5522694523e-02 2.3398746686e-01 2.2863046245e-01 2.2645504162e-01 -4.2325162923e-02 3.2164373352e-01 -1.2287620900e-01 -3.8961150047e-01 2.5009264532e-01 -2.1309621574e-02 3.1781484262e-01 7.7517831908e-02 -4.3540505976e-02 6.8499198613e-02 5.3138474509e-01 1.6724442311e-01 -2.0196087241e-01 -3.6739560652e-01 3.7188733506e-01 2.9820538361e-02 -2.2011293719e-01 5.3857566621e-01 5.5248697773e-02 1.4227188193e-01 3.0047511739e-01 -2.8488359427e-01 -2.6357083574e-02 -5.1353441649e-02 9.5373736954e-02 -2.6861577051e-01
2.2096334855e-01 3.5632160641e-01 -9.6037030084e-02 1.8310420764e-01 -1.2679429939e-01 7.0736149762e-02 1.4953638869e-01 -5.0834901145e-02 -2.6136995600e-03 1.5723481740e-01 -1.8308411196e-01 -8.8013280459e-02 1.9380866377e-01 9.9752235795e-02 3.6280415874e-01 6.9434419729e-04 -3.7117743846e-02 9.9694058773e-02 1.0508639034e-01 -1.0431860707e-01 -2.2511309738e-01 -2.1858167576e-01 2.7881262918e-02 4.3374594323e-01 2.6098741318e-02 2.2176712108e-01 -2.3287823543e-01 -2.7094599361e-01 2.6695374557e-01 2.8895492922e-01
3.4054413169e-02 3.9410316901e-01 2.1988251355e-01 9.2015431282e-02 -3.0282653242e-01 3.7980370360e-02 8.7574367798e-02 -3.9122798949e-01 1.6616994033e-01 2.4023828812e-01 2.7160699601e-01 3.1696090074e-01 2.7925083881e-01 -2.8659085112e-01 2.4481319981e-01 -1.5409470916e-01 2.0938817137e-01 1.9053531233e-01 -3.6619640615e-01 -2.5677374732e-01 6.8645126589e-03 -1.6332000504e-01 -2.4430534011e-01 3.4177940713e-01 -3.3732989464e-02 -3.9952555799e-01 1.2699616680e-01 -7.8524199745e-02 -1.7467412684e-01 4.4893826519e-01
-3.0137885265e-01 -1.2200013048e-01 1.2860348522e-01 -2.2606249702e-01 1.9813051029e-02 -1.2776203984e-01 -1.9908663676e-02 1.8991814847e-01 -3.2958540818e-01 4.3670103459e-01 2.2182890398e-01 -1.1024256790e-01 -9.6254938541e-02 1.0750029691e-01 2.4334643525e-01 3.9442260635e-02 -2.7969438477e-01 1.7078499438e-01 -4.0103894723e-02 -1.4924533432e-01 -3.1620985481e-01 2.9160795588e-01 -3.1924962360e-01 5.2955487730e-02 3.2788792253e-01 1.7674440516e-01 2.8285026477e-01 1.5815945695e-01 -1.1571523933e-02 4.8370583587e-01
6.3766039295e-02 -1.0099590349e-01 3.0053579698e-01 2.5441708554e-01 -2.3187638115e-02 3.1447110172e-01 1.3961791971e-01 -2.3468606472e-01 -6.4964298837e-02 4.6218751507e-02 6.1023582061e-02 -2.7811960875e-01 1.7757736271e-01 3.6744988189e-03 4.1592959910e-02 -2.5753488133e-02 2.2458389276e-03 -3.2780006269e-02 7.9605556351e-02 2.0588146650e-01 -2.9093253119e-01 6.4103595256e-02 4.5208708017e-01 -2.6273672466e-01 1.1278421150e-01 1.1654884990e-01 9.0659658132e-02 5.1558596676e-02 -3.8708245909e-03 -1.9391983265e-02
-2.3146808206e-02 3.2807871148e-02 -2.6343995019e-01 3.9302029831e-01 -1.7562900854e-01 -5.9189821031e-02 1.1431013071e-01 8.7750844333e-04 -3.0365327010e-01 1.5121748525e-01 4.6418134671e-02 3.8522604271e-01 -1.3953747443e-01 2.6191260494e-01 1.3588547833e-01 2.6847691086e-01 2.8789635631e-01 -2.2590561154e-01 1.5636111125e-01 -1.0817930451e-01 9.1526413091e-02 1.5016423902e-01 -1.4008477498e-01 1.7422540650e-01 2.0240191404e-01 -3.0284402316e-01 9.0928629915e-02 -8.5804185198e-02 3.5516908457e-02 -1.5276247719e-01
3.6231923995e-01 -2.6926505191e-01 4.2338276746e-02 3.6320563125e-01 -1.6729799500e-01 -1.4196419742e-03 -1.2564203540e-01 -3.7576591967e-01 2.1216445140e-02 9.2557541430e-02 1.6821193727e-01 1.4108209739e-01 2.0268992071e-01 -1.8686142389e-01 6.9526068765e-02 4.4131423706e-01 3.4870546661e-02 2.5296077501e-01 -4.0323141536e-01 1.2727170018e-02 -9.7263587697e-02 -5.0944462801e-01 2.2446398927e-01 -1.4755592780e-01 -2.8108747651e-01 -3.2208672525e-01 -2.0618801597e-01 -2.1502934649e-01 2.9146940455e-01 -7.4129866066e-02
2.5560262218e-01 -1.2333628903e+00 -2.4979680073e-01 -6.9404891642e-01 1.3824449596e+00 8.6655806438e-02 1.2925946696e+00 7.0267268905e-01 -1.4343727744e+00 -1.6810127184e+00 -4.2409271480e-01 1.2106288370e+00 8.2898085917e-01 -1.6447417295e-01 -7.6581670289e-01 1.1947723462e+00 1.1856973303e-01 1.2662069649e-01 -1.8322465839e-01 -9.4155426363e-01 1.5970409308e-01 1.3778243389e+00 -1.9855320195e-01 -1.1912132344e+00 -1.7371759976e+00 -1.1580255320e+00 -5.1240048932e-01 1.0820408153e+00 -9.1953134515e-01 3.7955217999e-01
1.6878315617e-01 8.8615923053e-01 3.4507055853e-01 -1.3796262827e+00 8.5164803665e-01 3.1241727323e-01 -8.6861540645e-01 1.4258074270e+00 -2.7963934956e-01 8.2830902838e-01 2.9327141176e-01 -7.1856100987e-01 -1.4082987016e+00 -4.1148344416e-02 -1.6701829710e+00 -1.3912725821e+00 -5.6289693371e-02 2.0349925152e-01 -2.2370549942e-01 -2.8527612402e-01 1.5310490876e+00 -7.0093078874e-01 3.1009955584e-01 -1.0997182269e+00 -3.2548345959e-01 8.0202204106e-01 -6.8564933455e-01 8.0732847529e-01 -1.1107968356e+00 -9.2557721938e-01
