2.3773871973e-01 -3.6844338714e-01 6.7069622014e-02 -4.8463922940e-01 -1.5046445353e-01 -3.1202702266e-02 3.1247103816e-01 1.6563158813e-01 -2.6873481091e-01 -3.0319583236e-01 -1.5494961904e-01 -3.4490393293e-01 -3.2055645228e-01 5.5443769203e-01 1.7296415446e-02 3.5641241433e-01
-4.6499118084e-01 -3.3621687380e-01 -3.1676275258e-01 3.0495187195e-02 -9.8416245406e-02 -1.8358422489e-01 5.0587059118e-01 -5.1792867772e-02 1.3781083583e-01 4.3239264124e-02 -1.8319113038e-01 4.4054230797e-01 -4.1914387479e-01 -3.6505205724e-01 -2.5748885219e-01 -1.1361828291e-01
1.0989997166e-01 7.3100170124e-02 1.1923935397e-01 -6.8921873341e-02 2.6158972995e-01 -4.7058651792e-01 -9.8719304420e-02 3.3001575447e-01 -1.3186121933e-01 -1.1594794170e-01 -3.8327680839e-01 4.1245356183e-01 -2.7997938127e-01 -3.7508573838e-01 3.4219962990e-03 3.3727866109e-02
1.5166188291e-01 -2.3050080434e-01 2.9571915056e-03 -2.3612019626e-01 -2.7492556621e-01 -9.3107588998e-02 3.3335532703e-01 2.9119166268e-01 -9.0614146797e-02 2.2600642917e-02 -2.3760182912e-01 3.4301703380e-01 1.8199856231e-02 -6.5075620091e-01 8.9542573945e-02 -9.6253491578e-02
-8.3372225724e-02 -4.4140712086e-01 4.5657007621e-02 -1.0805134560e-01 -3.3096703713e-01 2.2449118839e-01 4.2111292407e-01 -2.9054441469e-01 -7.4343943046e-02 4.7197006044e-01 -4.2512242830e-01 1.2303954909e-01 -1.2446519565e-01 2.8248043073e-01 2.6596884159e-04 2.0460179960e-01
-6.2723335767e-01 8.2225841172e-02 -8.1004108048e-01 3.5638978828e-01 7.2395272791e-01 3.7143321136e-01 7.5092059735e-01 -1.5041616876e-01 1.0355493601e-01 -7.1431025631e-01 3.4910449206e-01 -1.5851878910e-01 -3.5745231213e-01 -9.0282690762e-01 -3.8254448084e-01 -2.4333739395e-01
5.2049467916e-02 4.5706209072e-01 2.1391366916e-01 8.1214846636e-02 -2.9884492614e-01 -1.5262847840e-02 1.5352267352e-02 -1.7187211803e-01 -1.4231998707e-01 6.9041568508e-02 -1.1661977918e-01 -2.3938699645e-01 1.3013717263e-01 -6.5585352661e-02 -2.8997409830e-01 -1.0865031230e-01
4.8394778806e-01 1.7557850698e-01 2.9031194042e-01 -2.9333553162e-01 -6.1273194568e-02 1.8887120078e-01 1.3849163383e-01 -2.2137210010e-01 2.9274964158e-01 -3.0498053478e-01 -1.8755560364e-01 1.2694349270e-01 3.1604473909e-01 -1.1792813184e-01 -4.0463829329e-01 8.0142968046e-02
-7.4351169104e-02 2.5386763672e-01 -1.0078902501e-01 -2.8700531874e-01 2.5326653226e-01 -2.8467250384e-01 -1.9786372476e-01 -6.1041270350e-02 -2.2570835765e-02 -5.6445363851e-02 4.3169205965e-01 -5.4757759106e-02 -1.8233807636e-01 -3.9837820292e-02 -6.9586285335e-02 -2.0634116821e-01
-3.5155260382e-01 4.2534293684e-01 -1.7420090481e-01 -5.2530749099e-02 1.2392708292e-01 -3.0250127972e-01 -6.7795736712e-02 -9.8509627103e-02 9.0511548063e-02 -4.1840992482e-01 -3.2585772073e-01 -5.6060789711e-02 4.4161645861e-01 7.7230355034e-02 2.4069150068e-01 1.1933343236e-01
3.3722884825e-01 -3.1790273607e-01 -6.6615405744e-02 1.1661299240e-01 -1.1654014259e-01 -1.4227295678e-01 1.4902650620e-01 1.2727793404e-01 -2.9266514459e-01 2.8854075487e-01 -2.4209513842e-01 -2.5050352919e-01 2.3632873276e-01 3.2615379807e-02 -2.4655682325e-01 -3.5571785905e-01
1.2091760449e-01 -1.0765379398e-01 4.7203655670e-01 6.7155490405e-01 2.9073798074e-01 -2.9891555971e-02 -6.5130878544e-01 -1.0743690729e-01 -6.4645475046e-02 -2.6576767668e-01 3.1443878885e-01 -5.0076465464e-01 -3.2413101305e-02 -1.1002997080e-01 2.7270136387e-02 -1.2496560557e-01
-1.3606045581e-01 9.4616717933e-02 1.1642171231e-01 1.9381764544e-01 -1.4525555708e-01 -1.0748488741e-01 2.5092621345e-01 -2.2357926237e-01 -4.3053406354e-01 2.5530404665e-01 -3.1186349344e-01 -1.4575911819e-02 9.5923280425e-02 -1.6304605219e-01 -2.6219760905e-01 1.7362547452e-01
-1.9776717901e-01 6.8080178903e-02 5.6173505135e-02 2.1873668910e-02 2.6458420858e-01 3.6962841228e-01 -2.9198444453e-01 2.2206367436e-01 9.7106197909e-02 -1.0378327106e-01 -4.8540015656e-01 2.3883524732e-01 9.7162511473e-02 2.6669727835e-01 1.2497596053e-01 8.2685864162e-02
2.2416876034e-01 -7.3266035620e-02 1.5592088950e-01 -2.4060481094e-01 -3.9322282118e-01 -3.6223854391e-01 1.8427271667e-01 4.7468195071e-01 -1.6151242475e-01 9.4161855981e-02 -1.1300994371e-01 -7.9893383391e-02 9.8465079023e-03 2.2209797881e-02 -2.8262634339e-01 2.2074197550e-01
-2.2840650595e-01 -1.3969723914e-01 -2.2560349692e-01 -1.2740085959e-01 -4.6256138672e-01 -3.7721867776e-01 4.6533236644e-01 -1.2423731326e-01 -3.4394687526e-01 1.6986863850e-01 2.0904218041e-01 -1.3182900253e-01 -1.7118369596e-03 -8.7995573146e-02 -2.2094875665e-01 2.8017649635e-01
