4.7037122612e-01 -2.4136857224e-02 -2.7253269647e-01 -3.5088435409e-01 1.0888044919e-01 1.0149912621e-01 5.6585856712e-01 -1.0132304640e-01 -5.9688702349e-03 6.0345862182e-01 -9.9153378213e-02 -5.4689991221e-01 -5.8810674099e-01 2.0902046651e-01 -2.1948260047e-01 -2.2861613026e-01
-4.2345380681e-01 9.2560859253e-02 -5.3448387174e-01 6.1496387265e-01 5.0875856988e-01 1.5677111831e-01 -1.0224522809e-01 -8.0007582908e-01 2.8250499295e-01 -2.8353701163e-01 2.8967708175e-01 -1.1833288859e-01 -4.6082989219e-01 -2.5999516134e-01 2.0335149239e-01 -9.5640238651e-02
2.1692167891e-01 -2.3496573538e-01 -3.6734250237e-01 2.0926388379e-01 7.5609715947e-02 -1.0586138763e-01 1.9264002013e-01 -1.8747267312e-01 -4.5991550356e-02 -8.3897653078e-03 -1.3247016124e-01 6.3347586885e-02 2.9063756412e-01 1.3484087642e-01 -2.6464017783e-01 -2.9026080237e-02
4.1697112220e-02 1.0605971091e-01 5.1689639330e-02 -4.7158138424e-01 2.6385140024e-02 -8.0152534033e-02 1.4108432320e-01 -8.7042230495e-02 -3.0650004749e-01 -3.9558168574e-02 -2.9678363241e-01 1.9621159161e-01 -1.4656482500e-01 1.4528147284e-01 -1.2984995831e-01 2.0263637103e-01
4.1974469363e-01 -4.5068458438e-01 1.7528029224e-01 2.9308789536e-01 -4.3650058774e-01 3.0626977230e-01 1.0697014699e-01 3.6610906343e-01 3.0657262137e-01 3.7078855325e-01 1.1476814030e-01 -3.2733598317e-01 1.5302065743e-01 -2.4412796422e-01 -2.1992161674e-01 1.3725869982e-01
5.3106001254e-02 2.0674771504e-02 3.2881879700e-01 5.3473161668e-01 -3.1112327311e-02 -3.9697811007e-01 -1.0239820751e-01 3.3513354927e-01 6.7538783590e-02 -7.4372066101e-02 -2.3577541155e-01 -1.8468837460e-01 -4.9659609493e-01 -1.8793766926e-01 1.5358946869e-01 -2.9508193031e-01
2.7042061976e-01 3.8147408312e-01 -2.4158909208e-01 1.3423094681e-02 -1.2729828958e-01 3.0464182704e-01 -3.3304162508e-01 4.2130940802e-01 -1.6558971291e-01 -6.2972225043e-02 6.3466089730e-02 -5.1561378865e-02 3.8239653259e-01 2.5803960264e-01 3.0320102042e-01 1.9178531346e-01
-4.7013745653e-02 -1.1082839542e-01 -3.7220002544e-01 -3.1833610945e-01 1.1688229045e-01 -4.1365645727e-01 3.0408825578e-01 5.2208035180e-02 2.9050156792e-01 2.5703757452e-01 4.4058910793e-02 8.9994197442e-02 -3.4452619335e-01 -8.5425216597e-02 -5.7141921738e-01 6.5891962412e-02
-1.4090846792e-02 -2.9865084278e-02 -9.3288348609e-02 -1.0817513207e-01 -1.9252088451e-01 -5.8170064777e-01 -3.2614879199e-02 -2.2846602718e-01 1.4926877308e-01 -1.6266983421e-01 2.2835335837e-01 1.0280887684e-01 -1.7447484545e-01 -2.1117231380e-01 -2.3036042192e-01 5.6845504168e-02
1.6587208374e-01 2.3599216081e-01 5.3913802071e-02 6.0341829063e-01 -4.4988973744e-01 -8.3910031068e-02 -2.4974143253e-01 -3.1901445078e-02 -1.9762282194e-01 5.5962840930e-01 3.0652848418e-02 -2.6739799041e-01 2.2353395347e-01 -3.6583036288e-02 -9.5959147747e-02 -3.1517444783e-01
-5.7076263478e-01 1.0088409604e-01 4.5428526106e-02 3.1682262435e-01 1.4010230357e-01 4.5339842642e-01 -1.0934667603e-01 -1.2500408156e-01 -4.4972002879e-01 -4.2697178912e-01 3.2000393692e-01 -1.1358727570e-01 3.8872522824e-01 1.2707250246e-01 -3.1342106803e-01 1.7561895232e-01
-5.6601548538e-01 2.5983393856e-01 5.3374850279e-01 -4.8681828634e-01 -1.2722966730e-01 -1.3608502720e-01 1.0724374012e-01 2.3590951382e-01 1.1569930895e-01 -2.5000293516e-01 -5.3106010023e-02 2.9389135732e-01 -5.6985325455e-01 -3.4511757408e-01 3.6811204708e-02 1.9849795012e-01
4.8748813743e-01 -3.1409723062e-01 5.6315277414e-01 -9.4045588169e-02 2.1154258278e-01 5.3274815016e-01 1.9574910126e-01 4.0458779452e-01 1.1632385914e-01 -1.0140495937e-01 -2.4976188476e-01 -2.0985017823e-01 2.1721438927e-01 3.6424837424e-01 -1.4832570783e-01 3.0347731167e-02
3.3969871482e-01 4.1780954842e-01 3.8587266147e-01 4.7600961518e-02 -2.9436136634e-01 -2.4081023999e-02 -2.6066632773e-02 6.1441288415e-02 2.0318357020e-01 -1.6460879291e-01 -2.0809340992e-01 -1.6560646088e-01 8.6802495471e-02 -1.5529086683e-01 -3.3850702724e-01 4.3555284673e-01
-3.6445551667e-01 7.1595745766e-02 -9.0105843356e-02 2.4639202808e-01 2.7324776684e-01 -4.3246704339e-02 2.6170228403e-02 3.2512983295e-01 2.2870944912e-01 -4.1716668005e-01 -2.0859785821e-01 2.7704132893e-01 1.0277753013e-01 1.4577627367e-01 1.2589645330e-01 -4.8179663392e-02
-2.1930140994e-01 -1.2149714895e-01 -1.2396564754e-02 2.0861048606e-01 -9.4301838803e-03 -3.2197227004e-01 -1.2646672640e-01 2.3346188664e-01 5.0322259021e-02 -2.1737419070e-01 -8.6621953311e-01 4.4312635138e-02 -1.8675177563e-02 -1.3266063907e-01 -3.0045362132e-03 1.1134778901e-01
