6.6856189769e-01
-4.5882399888e-01
2.5227016798e+00
5.4748850430e-01
-1.2490923444e+00
-1.8000512654e-01
7.0875399463e-01
-7.6479289168e-01
1.1996579654e+00
-1.0195515470e+00
-2.7138464818e-01
1.0488478291e+00
-1.1934941874e+00
-3.2446538567e-01
-2.4917906832e+00
8.1763184719e-01
-6.1667491130e-01
-3.0312980241e-01
-6.8595477213e-01
5.4288588296e-01
-1.7161906987e-01
-1.7560559478e-01
-1.6894139355e+00
6.2775174344e-01
-2.4181991894e+00
1.3675342973e+00
1.4436012301e+00
2.5407924113e-01
-1.7789978931e+00
1.2892690540e+00
1.7997544418e-01
-1.5157619147e-01
-1.2603446341e+00
5.5578036811e-02
1.2322215536e-01
1.6887429995e-01
3.5526750951e-01
8.9833807468e-01
-1.6214505430e+00
-8.0446176424e-01
9.6460160645e-02
2.6327872020e-02
1.6059021509e+00
-1.0068355696e-01
8.9831587275e-01
8.7508848755e-02
-3.4303272188e-01
-2.3259088435e+00
-8.2179010892e-01
5.0245558932e-01
-1.0619287937e+00
-3.8737657065e-01
1.8555328675e-01
6.8127945184e-01
-8.7535323231e-01
1.5172683296e+00
3.3670155419e-01
-1.0612709271e+00
1.6604088113e-01
7.1748286962e-01
4.3595921263e-02
-1.9219490056e+00
-2.8536678518e-01
-4.2682902179e-02
1.0422026649e+00
7.0839683219e-01
-8.5858335948e-01
5.6672900881e-01
-2.4861015907e-01
3.4803321755e-01
-4.6069904544e-01
1.3045180274e+00
-3.3462653713e-01
6.7890922454e-01
5.2891895007e-02
6.0560177330e-01
8.9751195863e-01
-1.4001089268e+00
-5.3021359916e-01
-1.1733914309e+00
-1.1412396107e+00
1.3753180933e-01
7.3698497102e-01
-6.6776180532e-01
2.1739014919e-02
5.8187611604e-01
-5.0974065686e-01
-1.0972307696e+00
-8.8760042530e-01
-4.2142689730e-01
-8.1036520449e-02
-5.6346580658e-01
-9.0369681639e-01
-1.0290320647e+00
-3.8261617931e-01
8.9036489770e-01
-9.6151727996e-01
6.0674531743e-01
-7.6618375767e-01
3.5095204993e-01
