3.2339273491e-01 -2.2266749510e+00 2.2520955719e-01 2.2360085790e+00 -8.0645144814e-02 2.8247297171e+00 1.6261607231e-01 1.9164929485e+00 -7.6591967020e-01 -2.1059866228e-01 1.8660212246e-01 1.0750247812e-01 -1.1819576337e-02 1.3612019060e-01 2.8661908070e+00 3.1048218201e+00 1.6085504199e-01 1.3527261540e+00 1.4934423706e-01 -2.8935677994e-01
1.2392206015e-01 5.6769035024e-01 -3.9380373254e-01 -3.7656814876e-02 3.4994133777e-01 6.9969286441e-03 1.7391033900e-01 -3.2175710181e-01 4.3071235254e-01 2.0410163948e-01 -5.9314834720e-01 -4.8483008615e-01 5.6472634437e-01 1.3419643252e-01 -6.3503002433e-02 -2.4396595628e-01 -2.4197111383e-01 -1.7731706975e-01 -1.6688164622e-01 -3.6557409806e-01
-5.1440626173e-01 -1.8188934974e+00 4.0420332986e-01 2.0578284207e+00 -1.2773742883e+00 1.1549172202e+00 -3.9705511075e-01 8.2884898367e-01 4.4151872855e-01 -2.6739292413e-01 3.6140248713e-01 3.4697416547e-01 9.1555918484e-02 2.9902131507e-01 1.0285040909e+00 6.8530888350e-01 6.2694004523e-01 1.2335675340e+00 4.3238427388e-01 3.5009690095e-01
-2.0088631315e-01 -2.6974029728e-01 1.8449503848e-01 -2.9250577985e-01 1.7073659727e+00 9.1757605885e-01 1.7991626583e-01 2.8815024645e+00 6.6794585231e-02 -4.7653597229e-01 7.2249070495e-02 5.6687252631e-01 -1.8206054785e-01 -1.3459746768e+00 3.3950346291e-01 1.3467399719e+00 1.6660555117e-01 -1.6909462541e+00 2.2288146928e-01 -3.8335255556e-01
-2.0936431433e-02 5.4100538377e-01 -3.8345575124e-02 -7.8684602139e-01 1.1111732520e+00 4.2138034977e-01 5.2082701767e-01 1.7453058632e-01 -4.0643080290e-01 5.3828522447e-01 -4.9312532544e-01 -4.2216418598e-01 -4.9383463392e-01 2.4899111965e-02 2.3541829128e-01 4.6729395366e-01 -6.4256737077e-01 -4.8716992274e-01 -3.4317441078e-01 -2.3292287779e-01
-8.7755858535e-02 -1.0957131539e+00 -2.9081797500e-01 1.6296873011e+00 -1.5217510211e+00 1.4282727294e+00 1.3840951059e-01 1.1653513597e-01 -6.6763511147e-01 1.3054501087e-01 -7.2476915641e-02 2.2203323322e-02 -1.4565958388e-01 7.0983439556e-01 1.6001068224e+00 1.0004122419e+00 -2.0301622653e-01 2.1348836816e+00 -4.6709185973e-02 -4.2019370930e-01
-8.2637125093e-02 5.2250838452e+00 -1.6108014171e-01 -4.7710195377e+00 2.3324762004e+00 -2.0340345536e+00 -2.1519115642e-02 -7.9534537158e-01 -1.6797211901e-01 6.3956672282e-02 2.9744655214e-01 2.3702256312e-01 -9.8295264035e-02 -1.1137729405e+00 -2.3026795388e+00 -1.5443224625e+00 3.9460503916e-02 -2.3913128747e+00 1.5819272770e-01 2.9859443342e-01
-2.3908482750e-01 1.0476564209e+00 3.1301437387e-01 -1.3261593974e+00 1.5103132347e+00 -9.4178482255e-01 -5.8717538119e-01 4.0607977241e-01 2.2891298161e-01 -5.9944491968e-01 6.7259627837e-01 3.8173639726e-01 4.4148739721e-01 -1.3385519048e+00 -1.1334071204e+00 -7.3528502304e-01 2.7888624719e-01 -1.8731032550e+00 6.0351187153e-01 5.3442624569e-01
8.9951510925e-02 -5.7978968564e-01 -4.1091008178e-02 1.0188531515e+00 -1.9238056225e+00 2.8949013572e-01 -3.5176815999e-01 -2.3358946922e-01 2.5355178245e-01 -5.6870076057e-02 -1.8625826756e-01 -2.7877173960e-02 -3.3068504359e-01 7.1985179004e-01 6.5502335775e-01 -3.1902397099e-01 5.6883496704e-02 9.8004934309e-01 -1.1492494393e-01 1.0598659054e-01
2.1113842065e-01 -3.8952093504e-01 -2.0654306626e-01 2.5397021541e-01 3.9788140890e-01 6.2582701728e-01 1.7196791759e-02 4.2725542775e-01 5.6419494894e-01 1.5774676554e-01 2.3907835269e-02 -3.5190065079e-01 8.7429564296e-02 5.6607836902e-02 6.6585007135e-01 6.3883142514e-01 -1.3244079792e-01 4.1656425260e-01 -8.7161280495e-02 -1.1320964004e-01
-8.7016176077e-02 -3.2816019116e+00 6.9551687231e-03 2.2973542913e+00 9.3700723654e-02 2.9911774497e+00 -5.9149689838e-01 4.5256478754e+00 3.1368131159e-03 9.3211232489e-02 1.3982289104e-02 -1.8666714822e-01 -1.0292862167e-01 -3.4718183253e-01 2.5671824874e+00 3.0744432030e+00 1.6290802880e-01 1.5027409970e+00 -4.3017538657e-02 3.0360943799e-01
-3.6060763973e-01 -5.2034894399e-01 7.9779615196e-02 6.7171328958e-01 -5.2608005859e-01 1.3503766561e-01 2.1639220883e-01 3.7866413189e-01 -4.1076064468e-01 -1.2051035509e-01 3.1207354329e-01 4.3152746939e-01 -1.0459835405e-01 -6.1218652582e-02 -3.1918762692e-01 1.8645670729e-01 1.7034971544e-01 1.5516173592e-01 5.8968466451e-01 -4.8666313053e-02
3.6336584030e-01 3.2606215575e-01 -1.3155177200e-01 -1.2702299842e-01 3.3690377961e-02 -7.7919948199e-02 2.8657582032e-01 -6.1223403848e-01 3.7827048859e-01 1.8062938220e-01 -3.6775967482e-01 -1.8481685835e-01 5.1540109996e-02 -4.3951655031e-02 2.7056345798e-01 1.5336022108e-02 -2.2072123640e-01 -1.0784156193e-01 -3.9359635837e-01 -3.7363113478e-01
-6.3072411069e-01 -9.1372520479e-02 4.1389170999e-01 7.9098995667e-02 6.2716850023e-01 -7.1001738971e-01 -7.0143515396e-01 1.5907633372e+00 -2.3199926843e-01 -1.7331559747e-01 1.9468533168e-01 2.4978647046e-01 2.0660484440e-01 -1.0826610720e+00 -4.1535657892e-01 -6.1102793721e-02 8.2109386943e-01 -9.6206036228e-01 4.1351034457e-01 6.1952268168e-01
8.5059950666e-01 4.1653746650e-01 -2.9437202180e-01 -4.0674267644e-01 9.9219440620e-02 8.0751809305e-02 1.8311407560e-01 -1.7780406656e-02 1.5980392229e+00 2.4290368869e-01 -2.1060349747e-01 -3.9007442842e-01 4.0891935675e-01 2.5494190041e-01 5.0437190727e-02 7.3066525173e-02 -3.1108632532e-01 5.9607090374e-02 -3.1338866584e-01 -3.7854891846e-02
2.7194461518e-01 -1.0534976101e+00 -5.7171104405e-02 1.1839586407e+00 -8.1432543229e-01 3.4435526035e-01 3.3244773005e-01 2.2686919915e-01 -6.8187650669e-01 -8.9278723058e-02 -1.1435110795e-01 -1.3035836524e-02 -3.4865124909e-01 4.1408605986e-01 8.1979877617e-01 5.6290794129e-01 -2.0146558915e-01 1.0045444945e+00 -5.7503184894e-03 1.4552570914e-01
-1.5530024062e-02 -2.1007145198e-01 1.5663357972e-02 -2.1469596987e-03 1.1998429764e-01 5.4847175612e-01 -5.9463117901e-02 4.2695989679e-01 -7.3080306546e-02 1.1033385622e-01 2.0417543502e-01 9.7248863001e-02 3.0574454742e-01 -2.4670934919e-01 5.7997522152e-03 3.3230531973e-01 8.5175718208e-02 -1.1743567035e-01 2.4659253088e-01 -3.3265321521e-02
3.3510614105e-02 4.5532266836e-01 2.7888844820e-03 -3.5087873484e-01 5.4978160591e-01 -1.3130170336e-01 1.0159078345e-01 -1.7612628838e-01 -2.5674592837e-01 1.7016700128e-01 -2.0240662962e-01 -8.5740887498e-02 -3.6508867958e-01 2.5436040261e-01 -5.7969797157e-01 1.1224838171e-01 -8.9110859028e-02 -9.5238972136e-01 1.7680814704e-01 -4.4519020787e-02
2.0921622372e-01 -2.9600154717e-01 -4.1748116379e-01 2.6925003060e-01 -2.5100487663e-01 3.8630837983e-01 -1.9439793902e-02 -1.5198917458e-01 3.7735046225e-01 2.2107011841e-01 -1.5493017699e-01 -1.3905656376e-01 -1.8424239698e-01 2.9243563694e-01 5.2268063222e-01 4.9340488660e-01 -3.9312891610e-01 4.7370969511e-01 -2.7974675455e-01 -2.3459483974e-01
2.2924531953e-01 4.7094579297e+00 -1.7867182815e-02 -4.8090803116e+00 3.1075422135e+00 -2.1768655459e+00 6.8265368710e-02 -1.0829697065e+00 -6.2439430217e-01 -3.5299092920e-02 1.1111099497e-01 -1.3453678016e-01 -2.0040703389e-01 -1.0314816387e+00 -2.0772844649e+00 -1.4152626754e+00 -1.9149302099e-02 -2.2252286671e+00 8.9210800299e-02 -2.0319107918e-01
2.3459945579e-01 5.9707254988e-01 -5.5231554462e-01 -9.4345427342e-01 1.9906251489e+00 3.4449358413e-01 3.1886095726e-01 1.8941495571e-01 -3.2032542328e-01 1.4667641032e-01 -9.3480687131e-02 -1.4465840131e-01 -1.6409597831e-01 7.2835597725e-02 4.3215101083e-01 7.4370221310e-01 -3.0916661915e-01 -8.3133466419e-01 -6.7871211901e-01 -7.5513205195e-01
3.0223605305e-01 1.9878651050e-01 -1.5288822741e-02 -1.6300594266e-01 3.0686798093e-01 -2.5189376297e-01 -1.0848438786e-01 4.1653183316e-02 4.3254595662e-01 -2.9875424100e-02 -1.1141710075e-01 -6.3120562642e-02 4.6291906822e-01 -4.9274558792e-02 2.2570162988e-01 4.4671220476e-03 4.4630552496e-02 -4.9195699030e-01 -3.4259671067e-01 4.3017690338e-02
-4.2988534191e-01 -4.1454138314e-01 5.1713062540e-01 6.0652821088e-01 -1.4167218182e+00 -8.1154073942e-01 -6.4139312545e-01 -5.9232846670e-02 -4.7813375263e-02 -5.2474209314e-01 5.7965835376e-01 3.5127452356e-01 1.2807127753e-01 -6.8392267173e-01 -7.3812812736e-01 -1.2171090712e+00 4.3535533711e-01 -3.0868910396e-01 6.1137251835e-01 4.1135068883e-01
-5.3497056337e-02 2.6687065119e+00 -6.7294068880e-02 -2.1073915083e+00 1.0093930002e+00 -1.2586118433e+00 -3.0211695253e-01 -1.1635615376e+00 -3.3145822381e-01 2.5214457680e-01 -2.1739943026e-01 -4.7892890652e-02 -1.7849647935e-01 -4.2176869712e-01 -9.1145709428e-01 -1.4568094124e+00 1.7282343791e-01 -1.1702697803e+00 5.5752606668e-02 -3.1225645809e-01
2.0653594752e-02 -2.3324998458e-01 -2.7976168941e-02 8.0173623469e-02 1.5746175504e-01 4.8386589210e-03 -2.2766429409e-01 4.9937269828e-02 3.0111039633e-01 -6.9747321701e-02 2.1417612595e-01 -1.3705606836e-01 3.8049931147e-01 2.4360183954e-01 2.5555322791e-01 2.9835468806e-02 -1.6410160698e-01 3.8508101781e-01 4.0856535859e-02 -2.1712032556e-01
-3.4035016278e-01 -4.5707387979e-02 2.4961476132e-01 2.3184613204e-01 2.5847830457e-01 -9.9690019730e-02 -1.1749932437e-01 4.3586097494e-01 4.2660033165e-02 -2.0875488540e-01 1.4301110162e-01 2.9901208837e-01 -5.4970598674e-01 -2.1758597016e-01 -1.4151019888e-01 8.5822220313e-02 5.7917567223e-01 -3.3486141815e-01 3.5050534117e-01 2.5628255526e-01
4.8316220070e-01 2.1894501382e-01 -2.4851404808e-01 -5.9052861776e-02 -2.0499582176e-01 3.4611859963e-02 -1.3452070122e-01 -4.6248558844e-01 1.7387097294e-01 2.2571089774e-01 1.4444068068e-01 -2.3090844566e-03 5.5494367371e-01 3.3401191551e-01 1.2660729669e-01 1.3109071905e-02 -2.9718963219e-01 2.0253236359e-01 -4.1045309600e-01 -3.0606759862e-01
7.4062195637e-02 -6.3511311849e-02 1.7000178345e-01 -4.1365668651e-01 9.1439666864e-01 -2.8832552577e-01 -4.3876373052e-01 1.7271559361e+00 4.2239413575e-02 -3.7380270780e-01 3.1117649925e-01 -5.6688823452e-02 2.1106554193e-01 -7.8165166962e-01 -2.2523245798e-01 2.3712408037e-01 1.0629250750e-01 -1.1206770818e+00 2.8283032145e-01 6.2112116343e-01
2.8468932754e-02 9.3183168363e-01 -1.4198382113e-01 -7.6258472828e-01 5.5507918594e-03 -6.9429050974e-01 2.0397769275e-01 -8.2597813169e-01 -6.6748363992e-01 -9.5534260172e-02 -6.3232030796e-02 -1.3052088188e-01 -1.1366595504e-01 2.9192718251e-01 -5.3671638902e-01 -8.5843196377e-01 -1.7043149654e-01 1.2940533034e-01 -6.3454090523e-01 -5.6968898746e-02
2.0839083813e-01 1.0523570783e+00 4.8468871247e-03 -8.1555868227e-01 2.0103134858e-01 -8.3681973532e-01 2.3540264270e-01 -7.6342441799e-01 -1.5760845307e+00 3.2016036692e-02 -2.7453224735e-01 -8.0918113065e-02 -2.6235867786e-01 6.0184921650e-01 -4.9854580662e-01 -8.8432268961e-01 -7.5641126871e-02 -9.8021435944e-01 -1.4993311509e-01 -6.3783385093e-01
