-5.8852277467e-02
1.1090843291e+00
3.0431931370e-01
1.2580679234e-01
-6.5036664923e-01
-1.8957412470e-01
-6.1773329990e-02
3.2264148104e-01
1.4948266817e-01
2.3516194726e-01
2.2871708100e-02
-8.9526333095e-01
1.2911907897e+00
7.1855355358e-01
1.7795605827e+00
-3.6216331160e-01
1.5279588959e+00
-4.3100810338e-01
5.9644204563e-01
-4.0655630197e-02
-4.0763987336e-01
1.9563865440e+00
6.8480018852e-01
-1.1891815851e-01
1.6261018498e+00
-1.1316661943e+00
1.6704228778e+00
4.3839017010e-01
-4.7817104065e-01
-4.6047253819e-01
