2.8852808915e-01 1.5473641261e-01 -4.3917941719e-01 -1.1670905790e-01 3.8466197989e-01 3.6079411127e-01 2.8612108953e-02 4.5492735548e-02 -1.5075890243e-01 -2.2314959923e-01 -7.4490789039e-02 1.0331272917e-02 -7.2815806526e-01 -6.0523743425e-01 1.8942955809e-02 -5.4161721953e-02
2.0055059819e-01 4.5814762014e-01 -1.4538907169e-01 1.6951787973e-01 -6.4896524388e-03 1.0483849015e-01 5.1327702486e-01 -3.8701766576e-01 3.1980708691e-01 -7.4104793277e-02 4.4059660075e-01 3.1831768895e-01 -5.5881702386e-01 -1.7172690341e-01 -9.8228403879e-02 -2.3085045090e-03
1.1031290010e-01 -4.1172624247e-01 -1.1442464409e-01 3.3477052903e-01 -5.4317370341e-01 -1.6606680663e-01 2.7136808879e-01 3.7235441187e-01 -2.2403861864e-01 1.8526168217e-01 4.3711768236e-01 1.8538028655e-01 3.1138310780e-01 -2.5680276302e-01 -2.0387940761e-01 -1.8802303834e-01
2.9882680796e-01 1.0088214027e-01 2.0633007218e-01 6.2093901442e-01 -4.8244625468e-01 1.9717369590e-01 6.8760280055e-02 -2.0874674157e-01 2.4680586028e-01 -2.1053229784e-01 2.5469649323e-01 -6.0633803058e-02 3.0613681618e-01 -3.4250435363e-01 -2.3898195465e-01 4.0544586747e-02
-3.4459095898e-01 -3.3100111204e-01 1.6389067610e-01 3.0627510952e-01 -3.1461178159e-01 -3.9912602052e-01 -2.9382021167e-01 -1.9343968423e-01 7.2612128588e-02 -2.2057981990e-01 -2.4637926248e-01 1.0822818759e-01 -4.8339446765e-01 -3.1864954544e-01 5.8132290242e-02 1.3122043129e-01
-1.2370914378e-01 4.3040655629e-01 -3.5605741204e-01 5.2268773272e-01 -9.0223917860e-02 -2.0346846837e-01 9.7885945636e-02 -3.5400079303e-04 -8.9586612541e-02 2.7620327163e-01 1.5808692763e-01 6.4081237860e-02 2.5018715464e-01 -1.0880941450e-01 1.1214132100e-01 2.2047658722e-02
-1.3769966303e-01 -2.3266656415e-01 8.8871436137e-01 -4.1895475049e-01 1.6077947194e-01 1.1098753244e-01 -1.9585935638e-01 -2.2872076848e-02 -9.4752824839e-02 -4.1250662146e-01 1.6394291930e-02 -8.4194816795e-01 1.8748949206e-01 2.7824191030e-01 6.5447235907e-02 -6.6077688620e-01
-1.8205401425e-01 2.7841968498e-03 -1.8911358360e-01 3.8137275860e-02 2.8603742311e-01 -3.4043335637e-01 -1.2654215532e-01 2.7358591868e-01 1.4037679226e-01 4.4435542572e-01 -8.4951284158e-02 1.0305131777e-01 3.5645553801e-01 5.5935051899e-02 4.0682719260e-01 -3.1988327208e-01
-6.1631198842e-01 8.1266726030e-02 2.7533559239e-02 2.0521074253e-01 -2.0886399162e-01 -2.2046564831e-01 4.5412090806e-01 6.5969305466e-02 -1.1989877499e-01 8.1347361503e-02 4.2994242861e-01 5.7403479924e-01 -2.0347356045e-01 -3.6005744154e-01 7.6261811163e-02 -2.6835819403e-01
3.2517615845e-02 7.8203574776e-02 5.1453484028e-01 2.3583332136e-01 -4.8569934049e-01 -3.9245216365e-01 -5.6265134793e-01 2.5508164978e-01 -8.6196537232e-02 -7.1865870133e-02 -1.5619385147e-01 5.0237066603e-02 3.3573038693e-01 3.6893041163e-02 1.9466306815e-01 1.0219678278e-01
-1.4382281777e-01 -1.2728563749e-01 5.8691904996e-01 -7.3402520983e-02 1.0979058505e-01 3.6803827214e-02 -1.0100800917e-01 2.2958130841e-01 -2.6394229859e-02 1.6025607026e-01 -2.2129262131e-01 1.3863669277e-01 9.2154145566e-02 -8.8859177659e-02 1.7186811140e-01 -2.0787204239e-01
1.3470471750e-01 4.5786370861e-01 1.4628015667e-01 5.9759160754e-01 -4.4631188789e-01 2.6223965958e-01 9.5620438907e-02 -5.9478218069e-02 3.2465002599e-02 4.2987492430e-02 2.5698476349e-01 4.8008020772e-01 3.5021405745e-02 -1.2143869059e-01 -1.4485991172e-01 3.5002108819e-01
1.7873011997e-01 3.4602067929e-01 -5.5706918882e-02 -8.8644319373e-02 -1.6180098564e-02 -4.9284319159e-01 1.7876198536e-01 1.1925525040e-01 -9.2427670391e-02 -1.6993919080e-01 8.1962783076e-02 1.9768125321e-01 -4.3191901051e-02 -3.0066530971e-01 -3.8974965091e-01 -7.3816584364e-02
-3.1825178161e-01 1.9998498264e-01 9.3726585107e-02 -1.0822099173e-01 -2.8422677091e-01 3.1553026438e-01 -4.1730960532e-01 -2.0813036493e-01 4.0957460502e-01 -1.1786786451e-01 7.2121118328e-03 7.2224166062e-02 1.9733306222e-02 3.0635948802e-01 6.8049912652e-01 7.7960989365e-02
-1.6208316459e-02 -7.5622391592e-01 1.5651422268e-01 -1.4875176219e-01 -1.8173402670e-01 -6.8746369331e-01 1.9345754693e-01 -9.0433041731e-02 1.6916670721e-01 -1.6508600090e-02 4.2409396530e-02 -1.9808611543e-01 3.3214672592e-01 4.8160064086e-01 -2.3279845353e-01 8.2003830481e-02
-1.2202019061e-01 -1.7848099639e-01 -6.7729300274e-02 2.2664009441e-01 -1.4964279707e-01 3.2831846738e-02 3.0650481845e-01 -5.3312956314e-02 1.1879738312e-01 4.6039431603e-01 -3.2345359512e-02 4.5053671620e-01 -7.3730770569e-02 -2.1367492630e-01 1.0302630502e-01 -1.0948522240e-01
