-2.4863950623e+00
-7.6145180765e-01
-1.4310802828e+00
-1.5315254385e+00
5.3038343295e-01
1.1779568671e+00
-8.2661497587e-01
8.0617853388e-01
2.3980300485e-01
-8.5101395066e-01
-5.5796922077e-01
1.0243769309e+00
-2.2924253420e-01
2.5451805475e-02
-5.6091060629e-01
-7.8205134476e-01
9.6868183692e-01
-1.1944138263e+00
-2.3963161286e+00
2.7329312152e-01
-1.8371776555e+00
-6.0526432324e-01
8.4459723167e-01
-6.5988817540e-01
1.4893125067e+00
8.0334301541e-01
1.3921064681e+00
1.2347093986e+00
-9.5911797328e-01
-6.7384245243e-01
-1.4588660465e+00
-1.1884883185e+00
