-9.1101777879e-01
1.1141803746e+00
-9.8378534722e-01
1.7504304055e+00
1.2478243470e+00
2.5395595432e+00
-9.2091921340e-01
-9.7239149723e-01
1.1852631237e+00
-1.0628580564e+00
9.6762159445e-01
-2.0884387292e+00
-2.1077890432e+00
2.3222850988e+00
-2.1963367356e+00
2.3651955174e+00
9.8373238056e-01
-1.7460223204e+00
-8.8096696307e-01
-2.2616912089e+00
1.1301596377e+00
-2.2495920435e+00
2.3221434643e+00
-2.5342705176e+00
-2.1988358896e+00
-2.4559626683e+00
1.0224424508e+00
1.2798026910e+00
-2.2364958449e+00
-9.9698925587e-01
-2.2402139363e+00
9.9694304554e-01
-1.8853207012e+00
9.1536049603e-01
1.1414286738e+00
-1.7867963695e+00
1.0855269634e+00
1.0435697561e+00
1.1210598454e+00
-1.4715993869e+00
2.2556569825e+00
-1.9900737718e+00
-1.9174593436e+00
9.7835424195e-01
2.1861046974e+00
-2.1725013256e+00
-1.0880880118e+00
9.7450532430e-01
2.3446375215e+00
1.9720116045e+00
