9.1815515209e-01
8.8184717199e-01
2.6367619116e-01
7.3375528331e-01
-3.9846084760e-01
2.8118393863e-01
4.9375365402e-01
2.6464030387e-01
-7.4620423887e-01
-3.7458083595e-01
3.2926657004e-01
7.9937562441e-01
2.9725259113e-01
7.2913440846e-01
2.9681341011e-01
-4.3014602541e-01
-2.3331232877e-01
-6.5716793543e-01
9.0951766699e-01
4.4659955506e-01
6.9705786244e-01
-2.3486681466e-01
2.4838190422e-01
-3.3263767018e-01
-8.3075712378e-01
8.7333589713e-01
2.9425244771e-01
3.7770145099e-01
-3.1470984137e-01
3.0860897678e-01
-2.5475921513e-01
-2.7457359733e-01
7.7658967224e-01
-2.7165506436e-01
-2.8992613752e-01
-5.8830676548e-01
-1.5733770607e-01
8.0058707986e-01
7.7547652161e-01
-6.9683710991e-01
2.7014561274e-01
-3.9999941025e-01
2.2350955325e-01
-2.2179706439e-01
6.3530060198e-01
3.2090480367e-01
-2.5943867344e-01
-3.7461444739e-01
-2.8659897848e-01
-2.7038866957e-01
-2.9600463126e-01
3.7638343401e-01
-3.4407419088e-01
3.1278879462e-01
2.7112255197e-01
-2.9728986909e-01
-7.8386322812e-01
-7.5332205836e-01
-3.6167162665e-01
-7.5210762468e-01
7.8735309230e-01
-3.8439730481e-01
7.2243736400e-01
3.0192197229e-01
7.6820797914e-01
-3.5447521098e-01
7.2909546363e-01
2.7057927193e-01
2.6937945303e-01
3.2708769328e-01
5.4755873774e-01
8.7413991107e-01
3.7520235501e-01
-2.6680196986e-01
3.4361898978e-01
5.2371572753e-01
-8.4949963912e-01
-2.9492524596e-01
8.4418528913e-01
-6.2648831862e-01
-7.1594618229e-01
7.2449458840e-01
-3.1670893762e-01
-9.6144861865e-01
-2.2999211388e-01
8.2325366949e-01
-5.8698828315e-01
-8.2813373843e-01
-8.1868934485e-01
2.5752593494e-01
7.4384357795e-01
-8.8788647488e-01
-8.7169582249e-01
3.5119833971e-01
-5.9650298257e-01
-8.6649276171e-01
7.1466183046e-01
-8.7817810756e-01
-2.7955829083e-01
2.2734538852e-01
-3.6467704607e-01
-2.6832816324e-01
5.7281467745e-01
-3.2473673220e-01
7.1677090073e-01
-2.2622880148e-01
-2.1365313934e-01
-7.1017381949e-01
-2.7147936174e-01
-2.4740361971e-01
7.1648620269e-01
-3.4919059105e-01
-7.1060720416e-01
-7.4958251674e-01
-6.2810763287e-01
-7.4331243836e-01
-3.3385804334e-01
2.3945632592e-01
-4.1745509622e-01
8.9184047484e-01
7.8764909616e-01
-5.1929021747e-01
-7.2072943454e-01
3.0307494346e-01
-2.9893547131e-01
-6.6629794055e-01
-3.3406828756e-01
-8.8436814284e-01
7.9464776243e-01
-6.5478328871e-01
-7.8950666794e-01
3.1672334364e-01
-9.3500828313e-01
-2.0400680786e-01
-3.1605598769e-01
2.8956239389e-01
2.5581466292e-01
7.2574157356e-01
-2.6614831105e-01
3.3204712585e-01
-3.0218644408e-01
2.3188927589e-01
7.6633391329e-01
-3.0523275330e-01
-2.4699648668e-01
-2.7491262126e-01
-2.1764782694e-01
7.7628594055e-01
-7.8361363491e-01
7.5033402911e-01
3.5032208292e-01
2.7686115623e-01
-8.9501456251e-01
-3.0495171969e-01
-3.1822333969e-01
-3.1283871278e-01
-9.7611770494e-01
4.0414698354e-01
-9.7177279577e-01
2.6015434594e-01
-9.3309624408e-01
7.5456329715e-01
-2.1367074492e-01
3.3159154516e-01
3.3048788511e-01
3.1459574514e-01
7.3715026247e-01
7.9097689696e-01
3.3904846038e-01
-3.4622313939e-01
-2.9638611220e-01
-3.0918988368e-01
2.3656415166e-01
-2.1601227100e-01
2.7829346842e-01
-8.1564672907e-01
3.2314783803e-01
2.5898453189e-01
6.9918709056e-01
-7.8243625209e-01
7.9162631456e-01
-2.2318982109e-01
7.6563172700e-01
-2.7087383858e-01
-6.2947178226e-01
2.5134229948e-01
8.0777323016e-01
-3.7768062654e-01
-8.1759048087e-01
2.5947863303e-01
3.1503875470e-01
8.0046961543e-01
-2.8296881556e-01
2.9399683882e-01
-2.8886967599e-01
-2.3030732642e-01
2.9792319765e-01
-3.4068407479e-01
-2.4934258014e-01
-8.0564766073e-01
