7.1418362092e-02 -3.4927468867e-01 3.6091961855e-01 3.6467970540e-01 2.2829521947e-01 9.2605809026e-02 -3.2996907074e-01 7.6702910279e-02 -1.2395491896e-01 4.6523125887e-02 4.5085254732e-01 3.7245794587e-01 -3.9143058634e-01 2.7768835608e-01 5.0608121897e-01 2.4474999854e-01
-1.6879785246e-01 3.7844123188e-01 2.0209325978e-01 1.4733164297e-01 6.5909266934e-02 -2.6472178659e-02 2.7147741942e-02 -6.5327536028e-02 3.4763300256e-01 1.9955048996e-01 -3.6303246601e-01 1.4200669151e-01 3.3172329393e-01 -4.1280500978e-01 6.0486677251e-02 -3.4386172718e-01
1.3931929889e-01 -1.9335692253e-01 1.4126485885e-01 3.6277261761e-01 4.4644903801e-02 -3.1986703968e-01 8.3073707957e-02 -9.8457218625e-02 -3.3480904709e-01 2.9688932243e-02 4.4150430921e-01 4.4801214249e-01 -3.0450509041e-01 -1.7824520364e-01 2.8258657653e-01 -1.5478979115e-02
-2.0720811253e-01 1.3374841924e-01 -2.3538788969e-01 -2.8037605822e-01 -3.9112953272e-01 1.5688249128e-01 -1.1422211369e-01 -3.7655805074e-01 7.9117193474e-02 1.8109825901e-01 9.7098396643e-03 -4.6622200928e-02 -2.3857471810e-01 2.0460817895e-01 -3.7426647334e-01 -4.6772050183e-01
1.5702354918e-01 -2.7667640835e-01 4.3631817017e-01 -6.6392850078e-02 1.7402553434e-02 -1.1738369011e-02 -1.4146261754e-01 4.3200274131e-01 -5.5012555966e-01 -1.2969366403e-01 3.0024242230e-01 -8.2532290470e-02 -3.1945811845e-01 2.3315037160e-01 5.4732866029e-01 3.2040557974e-01
3.2787106588e-01 -1.2886231620e-01 2.9787445243e-01 5.0331276592e-01 2.0178342097e-01 -1.6527279445e-01 -1.6063631198e-01 1.1475577962e-01 -1.9679663089e-01 -6.4019720416e-01 3.8132244215e-01 3.2337394394e-01 -2.4324126742e-02 4.7143738875e-01 3.8381129049e-01 1.2546514654e-01
5.0543809065e-01 -2.4236959895e-01 -2.8988634277e-01 3.3941697479e-01 -5.3603256084e-01 -2.8074249431e-01 5.1224809857e-01 -3.7170938547e-01 7.2444617423e-02 3.1869433426e-01 9.3455472250e-02 3.5466824372e-01 5.1646548351e-01 1.3537525552e-01 -2.2764560300e-01 -4.3429639746e-02
1.4514469120e-01 -5.7855005261e-01 1.9014779061e-01 5.2301351851e-01 2.2345523049e-01 7.7758155805e-04 -5.2915824704e-01 6.3494269372e-01 -4.3561563969e-01 3.7498835235e-02 3.8372921840e-01 9.6894338514e-03 -3.0941941465e-02 -7.0842042308e-04 -4.3243788817e-02 4.9134547570e-01
6.6924249700e-02 -2.0567035612e-01 -3.3320980609e-01 3.7295056036e-01 3.0933520374e-01 -3.6307338254e-01 -2.5744480049e-02 3.4585360747e-01 -3.8324585921e-01 2.3859515868e-01 -1.8537595409e-01 1.1122369775e-01 -3.9281199243e-01 1.9999774087e-01 3.7870882152e-01 -8.8341052766e-02
-3.5967516679e-01 2.5331826614e-01 5.3905328164e-03 -2.0547692138e-01 -1.7267661427e-01 2.5244770525e-01 4.6208006970e-01 -4.7581521212e-01 5.3128703436e-01 5.1424601833e-01 -2.2256510760e-01 2.0328375374e-01 5.8494867461e-01 -1.5299538851e-01 -3.7078166736e-01 2.9776667411e-02
-1.9511949607e-01 1.0306272520e-01 7.3219022580e-02 -5.1061848097e-01 -1.0602549681e-01 4.4589454943e-01 4.2254355972e-01 9.2792432710e-02 7.9256943675e-02 3.1879834603e-01 -7.4126631846e-02 -6.0590031228e-01 1.2400508540e-01 -3.5346242476e-01 -4.0680896957e-01 -9.9750060165e-02
-2.1714666671e-01 -1.5532397069e-01 1.3242861788e-01 1.7101542146e-02 5.2726037348e-02 -7.1647839207e-01 -5.8673487224e-01 3.5884466309e-01 -4.0264792323e-01 -2.3254999163e-01 3.8049986174e-01 7.4861582736e-02 8.9574819500e-02 2.1457522631e-01 6.0760625912e-01 -2.8895994083e-02
7.4021659921e-02 4.4784559113e-02 -3.9997588138e-01 8.5303184352e-01 8.6605151610e-02 -3.0484095161e-01 -7.0720743814e-01 6.6040210296e-01 -1.9156608791e-01 -2.1801964860e-01 -2.2050016251e-01 4.0462538774e-01 -1.6762410860e-02 3.4216914444e-01 3.7500602973e-01 2.0825450819e-01
3.9521260682e-01 6.0806917491e-02 -8.4694829875e-02 5.0345062835e-02 2.2152875438e-01 2.3412770851e-01 -5.7590086446e-02 3.0762059184e-01 -1.7851384652e-01 -4.2483288258e-01 5.3077512248e-01 3.3682373804e-01 -8.8706150426e-03 2.3622119650e-02 2.3439045852e-01 -3.9291449051e-02
-4.6583287450e-01 -2.3165595918e-02 -4.4400278824e-01 -2.7524452608e-01 -3.2900926929e-01 1.8467143789e-01 4.7500615664e-01 -3.6285124385e-01 -1.3331705953e-01 -2.5560539417e-01 -8.4485227567e-02 -5.3168484790e-01 4.6102102940e-01 -3.8504786075e-01 -3.4112908588e-01 -1.5085881169e-01
1.6333635040e-01 -1.5572561983e-01 4.8318805602e-02 -1.6317879905e-01 -2.3648250075e-02 -1.4231709565e-01 2.6645829686e-02 3.7379674926e-02 -6.3416198361e-02 -2.4707344247e-01 1.1105406058e-01 2.0242329125e-01 -1.8212000986e-01 1.8916774968e-01 1.7334003897e-01 1.9123994917e-01
