-2.7259069031e-01 -2.4730237682e-01 -4.8514843415e-01 5.3486409125e-02 2.1326322064e-01 2.2030081571e-01 -1.5094814023e-01 9.7062874225e-03 -1.9837401081e-01 1.0915089693e-01 -1.2397126356e-01 2.9328771193e-02 3.0913695175e-01 1.7601593366e-01 6.2763980858e-01 -8.1972718474e-02
-1.6233211787e-01 -1.0756311032e-01 2.6800999119e-01 2.6809005030e-01 3.4212585500e-01 1.6986548619e-01 -3.8387198608e-01 4.1439131332e-01 -3.3775046634e-01 -1.9356478076e-01 2.5192258225e-01 -5.3110587026e-02 2.5132516911e-01 1.5848095796e-01 2.7306967097e-01 -2.9164314222e-01
-1.9240197529e-01 3.2023870052e-01 -6.9366431871e-03 3.5641354188e-02 1.4056070660e-02 2.7369401115e-01 -1.6603053403e-01 1.3729542170e-01 6.2451039609e-02 3.8582941610e-01 -1.2620772506e-01 3.2090324492e-01 3.6230281867e-01 5.2270139353e-01 -2.4598765459e-01 1.0953765430e-02
2.0830658320e-01 -6.6632348036e-02 3.1894681855e-01 -3.0022732199e-03 -2.8165908125e-02 1.4035001756e-01 2.5266605174e-01 -1.6661671903e-01 1.0260361042e-01 -4.3897012537e-02 -6.8526628166e-01 -4.0304836792e-01 -4.8869308605e-02 -2.9112586917e-01 -5.5129149781e-01 5.5244159131e-02
3.6942344575e-01 -2.1709852856e-01 -2.5910040600e-02 -3.3622642910e-01 -1.9308297326e-02 -2.0551865263e-01 6.8290392470e-02 -1.4887904256e-01 4.5497897973e-01 -5.4937134353e-01 2.1598636551e-01 -4.6486569340e-02 -5.2954911582e-02 -6.2286351036e-01 -4.0714655871e-01 -2.3563274985e-01
3.5201623250e-02 -3.4103573546e-01 -3.5635354481e-01 -2.8694003798e-01 4.5951131545e-01 1.9638594973e-01 -5.4756052721e-01 1.5578370826e-01 -1.9739901816e-01 3.8730160835e-01 -3.4157871182e-02 2.8447484413e-02 3.0493388149e-01 6.8156744450e-02 -3.4709349718e-01 -3.6907144116e-01
-3.3189040002e-01 -5.1734019610e-01 -2.0362250454e-01 3.1025202717e-01 -9.8235713331e-03 2.9648452149e-01 1.4620537622e-01 -4.0384585347e-01 1.6732045316e-01 -8.5152192408e-02 3.7110457658e-01 -1.2718024038e-01 6.4007689909e-02 -1.8077262002e-02 -7.6371095429e-02 2.9217750697e-02
-1.1579241472e-01 -1.5490719110e-01 -1.2631835132e-01 1.2136138649e-01 -3.3953678812e-02 5.8935984414e-01 -1.0807063296e-01 2.3725107162e-01 4.0917687049e-02 -2.8655917881e-02 3.5893570929e-01 -5.2078235778e-01 -2.1461919659e-02 4.6395878497e-02 -1.1853760320e-01 -1.5684834661e-01
1.9862402721e-01 -3.9529762315e-01 1.0986875007e-01 -1.5366096857e-01 4.9332841970e-01 -9.1844704182e-02 -8.1085572733e-02 -6.3101684025e-02 2.4005356449e-01 1.9310038362e-01 -1.8275021829e-01 -3.6868536839e-01 1.0312560422e-01 1.4799993869e-01 -1.5738761957e-01 -1.5824477455e-01
-2.3153022817e-01 1.0253432421e-01 1.0319177553e-02 3.8125238124e-01 -8.0481899673e-02 -1.1792497712e-01 -2.1684532719e-01 -2.9397368464e-03 -1.2006567786e-01 -3.1147836391e-02 -3.4743221356e-01 -3.1058340148e-01 2.1158588339e-01 1.9612658307e-02 4.7558237130e-01 -4.1835227990e-02
-7.5900507103e-02 -2.3423619447e-02 1.2831476331e-01 -8.0131055166e-02 1.9452297960e-01 3.3866292909e-01 -3.3678253337e-01 8.7922437136e-02 2.4916453883e-01 -1.6149481942e-01 2.3876421704e-01 1.2765264678e-01 -2.7200055931e-01 -3.2506097599e-01 -4.0816402241e-01 1.4471462467e-01
4.7349310247e-03 -1.4445221593e-01 -5.2668359045e-02 4.9830666978e-01 -1.4873240602e-01 2.2343326867e-01 1.4891404075e-01 -5.3586438615e-02 -1.7240431395e-01 3.4129781384e-01 2.6491738021e-01 1.7703939815e-01 -3.2054113420e-01 1.3895274417e-01 -3.2455402377e-01 2.4286658045e-01
-2.5678349459e-01 1.4424577918e-01 5.9337200133e-01 -4.7274309668e-02 4.6901174812e-01 2.8661981755e-02 -1.3782859200e-01 2.2316816338e-02 -1.0508829166e-01 -8.9017316065e-02 4.8260350743e-01 4.3791741731e-01 5.4486972943e-01 4.9294917172e-02 3.6785685481e-01 -2.2585208124e-01
9.5916708903e-02 -7.8750547311e-02 -6.0771267633e-02 -3.6686142056e-01 1.6923311435e-01 -1.7491230201e-01 -2.8999708558e-02 -6.7658174247e-02 -4.4161609477e-01 -2.4169789817e-02 -6.8220271456e-01 -3.5792731338e-01 4.3357206312e-02 2.6394039483e-02 5.0000034037e-02 -9.4148990292e-02
-6.8281863499e-01 -2.6948850017e-02 1.7571454557e-01 5.4751512479e-01 -1.7242369544e-01 -1.4580626981e-01 -2.4706750837e-01 3.3317694377e-01 -2.6278534816e-01 1.0638550508e-01 2.2893507955e-01 -2.9892810823e-01 2.8833985210e-01 3.4572449545e-02 5.8534400761e-01 9.3721638295e-02
-5.7436053196e-02 -3.8740466348e-01 1.3866668380e-01 -1.7930115776e-01 8.7306523031e-02 3.8534045665e-01 2.5663279953e-01 1.7691031895e-01 -2.4513579325e-01 -2.7135443665e-01 -2.3261550082e-01 -1.0586909674e-01 -4.0402217139e-01 -3.9407812821e-02 -1.4548941575e-01 3.4501501075e-01
