9.0101006303e-01
-1.0597853789e+00
-2.1579324677e+00
-2.5388736488e+00
-1.2936695758e+00
1.4964873385e+00
1.1197522559e+00
-1.9155243627e+00
-2.9981678972e-01
-7.5132237943e-01
-1.1181909920e+00
1.2197076833e+00
1.4987104604e-02
-4.2356025264e-01
-3.6500176004e-01
-2.2048097382e-01
4.2837269999e-02
-5.6562166178e-01
-2.5281188845e+00
2.1001854120e-01
-1.8200348413e-01
5.8026068409e-01
1.2874473362e+00
8.8977210640e-01
8.0523948718e-01
-4.9319093085e-01
2.2847495719e-01
-5.3985448587e-01
1.2227384894e+00
6.8435255577e-01
4.0865306411e-01
7.7999321499e-01
