-3.1368697465e-01 -4.9563848053e-02 -1.6226731903e-01 -1.8585134945e-01 3.3339887653e-01 -8.6489904926e-02 -1.3555264064e-01 8.9218285048e-02 -2.5667155207e-01 6.6212536955e-02 -2.2261278653e-01 -1.9517186824e-03 2.2326462158e-01 -1.2730618555e-01 1.0705504933e-01 -3.3281326117e-01 -1.8051101193e-01 4.1436994290e-01 7.6019671280e-02 -1.2287772571e-01 -2.5259318556e-01 1.7175256966e-01 -4.0412817766e-02 -6.3960944812e-02
4.7046215278e-01 -1.0143230914e-01 1.3793812673e-01 -1.1364790302e-01 3.8690036652e-01 -1.6181026112e-01 2.3762385441e-02 2.3816023930e-01 -2.3390490366e-01 1.1220719329e-01 -2.7675106310e-02 1.2860040148e-01 3.1866042527e-02 1.9054609146e-02 -1.4117445721e-01 -1.0508162042e-01 -2.2922967289e-01 1.3240951840e-02 -2.0763804607e-01 1.0692476788e-01 -3.0381394470e-01 7.6698922474e-02 2.8810227268e-01 -2.2288163502e-01
1.8552949574e-01 1.3547417934e-01 1.5817120384e-01 2.5361880582e-01 -2.5410217450e-01 -3.4481658252e-02 5.8070770382e-02 -1.0611732134e-01 -1.2249124354e-01 -2.5842187314e-01 1.2471375025e-04 -3.2297026793e-02 -8.7545893212e-02 3.3895588004e-01 2.4251635548e-01 -1.6011155947e-01 -1.4144624209e-01 3.2272530296e-01 2.8845925707e-01 2.4761508393e-01 -8.4667902205e-03 2.9659332602e-01 -2.7949211207e-02 2.1334996493e-01
3.2669849649e-01 -3.5035868923e-01 2.9980258522e-01 1.8606087084e-02 1.1138582372e-01 5.4657395573e-02 4.6174154784e-01 -2.9487512485e-01 1.6071166815e-01 -1.0356539941e-01 8.8087823954e-02 1.2381356420e-01 3.2491488644e-02 -3.4705764126e-02 -3.9716856548e-04 -1.9591321611e-02 1.2870127839e-01 3.4739600288e-02 9.2940030464e-02 -1.4378260909e-02 -2.6943515640e-02 -7.9916289859e-02 -8.0275249890e-02 -1.2666250070e-01
1.9956874996e-01 -3.6126249940e-01 -2.0997054605e-01 -2.4316379488e-02 1.1095633190e-01 -4.3822951360e-01 1.2073708397e-01 -1.1711982246e-02 3.1029243550e-01 1.5942387384e-02 -2.1597759853e-01 -2.3816682933e-01 -5.5526067304e-02 2.0858922134e-01 -1.7010478413e-01 -3.8565979514e-01 6.4065609965e-02 -2.0488551795e-01 -3.3130036671e-01 -4.3278259005e-01 3.7459369487e-01 1.2676446653e-02 3.1837879621e-01 -3.3381337222e-01
2.8408971438e-01 1.5471761955e-02 3.2408549891e-01 -2.6657311062e-01 4.1678696622e-02 4.2727549435e-01 -5.1993881626e-01 -9.0276298667e-03 -1.0611449580e-01 -1.7020643745e-01 -7.9233436026e-02 3.1292458057e-01 -1.8595487855e-02 1.5719557836e-01 -5.1485869420e-01 -6.6156516118e-01 1.1610107054e-01 2.7414792987e-01 1.0096808904e-01 -1.5204214016e-01 -4.0559595000e-01 2.1705981421e-01 1.1657936387e-01 4.7251796787e-01
-1.2189521633e-01 1.6750372608e-01 -1.3707259056e-01 -1.6617409953e-01 1.9000976608e-01 -2.0868074074e-01 4.1919791278e-02 1.3221612097e-01 -2.1597158714e-02 -1.2695221795e-02 -1.8810864197e-01 1.0373168632e-01 -7.9627735204e-02 -2.5096398171e-01 -6.8727877270e-02 1.8368054927e-01 -1.9726997386e-01 -9.3768861436e-02 -1.3558863064e-01 -1.4304560196e-01 -3.7188967355e-01 -1.1558208593e-01 -1.0635983636e-01 1.7584874233e-01
1.4756051544e-01 1.3436455703e-01 -1.5455581685e-01 -1.2968425213e-01 -5.6085361931e-01 -2.8685973075e-02 -2.6955868893e-01 1.7876662433e-01 1.0930655556e-01 -1.6499391120e-01 2.5740316244e-02 7.2750194365e-02 5.7715113009e-01 -3.8800079388e-02 2.1247898820e-01 -2.1686798411e-01 4.6842177690e-02 8.0421629179e-02 -1.1185208057e-01 2.8553435590e-01 -6.1465746628e-02 -9.2688196626e-02 -8.3228265027e-02 2.1467223124e-02
-6.4725998076e-02 3.4743759859e-01 -1.0418593626e-01 -2.8810901780e-01 1.3611951630e-02 4.1105302873e-01 -1.7876739232e-01 -1.6794808465e-01 7.7540822635e-02 1.5656055816e-02 1.5131301504e-01 -3.5551412528e-01 -2.3596420969e-01 1.0414936018e-01 -9.4565499914e-02 3.8939062551e-01 3.2904314100e-01 -7.0587183704e-02 2.9191236443e-01 -1.5041221526e-02 -4.1413901811e-02 -8.9442497760e-02 9.0088474031e-02 2.1752801552e-01
-4.3040078257e-01 2.2715401476e-01 -2.1469627321e-01 7.3214278943e-02 4.9813271367e-01 -6.5155649329e-02 -3.8772151480e-01 -1.1673290022e-01 1.4272661555e-01 -3.5624605074e-01 1.7225756153e-02 1.3946365001e-01 9.0312946341e-02 -9.3904590636e-02 -8.1572285840e-02 -2.2924126304e-01 3.8464869765e-01 6.7597898814e-02 1.5131406107e-01 1.6476851348e-02 7.7199737943e-03 6.1967244543e-02 3.1880989066e-01 2.1726620563e-01
4.1807707728e-01 -2.5820492484e-01 -4.7964150106e-01 5.8383003436e-01 -3.7002724690e-01 -2.0847309162e-01 -1.2290265851e-02 5.5540868494e-02 6.1689640168e-02 4.5471380058e-01 4.0278106033e-01 -1.3251212020e-01 2.7544276378e-01 -3.2122515436e-01 5.8253254660e-02 -1.1671494884e-01 -2.7272713624e-01 2.0268071124e-01 1.8400303196e-01 2.1793640432e-01 2.0598865669e-01 3.9254629101e-01 1.8737953820e-02 1.0696782041e-01
1.6931358628e-01 -5.0683293296e-02 -1.7320580243e-01 2.9355676112e-01 1.8541354592e-01 -1.1093637099e-01 -3.4750530450e-03 2.1323237082e-02 -1.6721488901e-01 1.4321730647e-01 -2.0814633123e-01 2.5776453823e-01 1.3238515227e-01 2.1757386881e-01 4.5766781306e-02 -1.7136987074e-01 4.8752881282e-02 4.0387706880e-01 4.9521529293e-01 4.3825463100e-01 -1.4531201738e-02 6.6693290612e-02 -5.2298627668e-02 9.0935067122e-02
2.7168199768e-01 1.0336508907e-01 6.6863575103e-02 2.8527320687e-01 5.3556438995e-02 1.1957818547e-01 2.2607431629e-02 -1.3421141080e-01 -8.5264911185e-02 1.8738005932e-01 1.3557004229e-01 -2.6725579127e-01 7.6020764806e-02 5.5069759274e-02 -6.4988670884e-02 -2.5562594291e-01 -3.7593606559e-02 1.3421056043e-01 5.0355660072e-02 -8.7723417249e-03 1.2878072565e-01 9.9826788622e-02 -7.3554149480e-02 -4.3932512774e-01
8.1206327068e-02 2.4617022989e-01 -1.4150140828e-01 1.7597473833e-01 1.0527462573e-01 -3.7697125643e-02 -3.0602876104e-01 -1.1490922681e-01 3.6305186310e-01 -2.1665472387e-01 2.8329961478e-01 -1.9360717582e-02 1.3737129616e-01 -1.6683293001e-01 1.0164202477e-01 -1.8277635964e-01 2.9839824366e-01 3.0027093840e-01 4.6085147043e-01 6.4197139852e-02 1.4762255900e-01 2.8102781810e-01 -6.9713624778e-02 9.5236439082e-02
-3.7242672200e-02 3.9905391345e-01 -7.2581992836e-02 -5.6203302922e-02 1.5004550739e-01 -4.5918522599e-03 -4.1218432113e-01 -3.9576997807e-02 3.0308553084e-01 -2.4140636631e-01 -1.5172143737e-01 -1.6932427672e-01 -1.2208297353e-02 -5.2344161792e-01 7.1313482559e-02 2.9883789273e-02 -2.7485870589e-02 -8.4092133425e-02 3.0712265587e-02 -1.3246839049e-01 5.0407924646e-01 9.6599748253e-02 -2.4945707705e-01 4.2125651624e-02
2.5092841433e-01 5.6685188833e-02 -1.3561203329e-01 2.0055358709e-01 -4.2495771896e-02 1.6923418599e-01 -1.6493931132e-01 3.7091894056e-01 -5.1778005886e-02 1.1484969523e-02 1.5138383474e-01 1.6221989937e-01 -1.3539219484e-01 3.3023739110e-03 3.8117742533e-01 3.5046528103e-02 1.8104958262e-01 1.1418273229e-01 -1.3280660372e-01 -7.8353284849e-02 -1.6406863698e-01 1.1846460054e-01 -5.8504443435e-02 -2.8678314518e-01
2.8982822497e-02 3.0075978821e-01 2.1273200203e-02 -7.2028689977e-02 4.1738136716e-02 -2.7135944908e-01 4.0326141425e-01 -1.1048096347e-01 6.1326188539e-02 -7.2645707973e-02 -2.4872860206e-01 2.5685806393e-02 -2.5925479882e-01 -1.7800605298e-01 -1.7523202804e-02 1.7811134859e-01 -1.0076156214e-02 1.0108834411e-01 -2.7757087178e-01 3.2162572968e-01 -1.0364194713e-01 1.3100051003e-01 -1.3214933517e-01 -1.9227934537e-01
1.3728380855e-01 5.8331489640e-01 -3.3603119370e-02 -2.3405929930e-01 2.2453017151e-01 -2.2505119472e-01 -1.3765679088e-01 -2.5455750983e-01 1.8533403910e-01 -3.5658232105e-01 2.6257723296e-02 -3.7645733686e-02 3.6730281033e-02 -7.2298103399e-02 2.1058127788e-01 -1.2240032919e-01 2.7405174077e-01 -1.6289735677e-01 3.6077693781e-01 2.2606043341e-01 7.2692450355e-02 -2.1874643010e-01 1.3485687330e-01 -3.0349420405e-01
-1.9547462371e-01 -3.5110776175e-01 -3.1570810388e-01 1.3434461390e-01 1.0167054377e-01 2.6953622275e-01 1.5265142613e-01 2.1680128012e-01 3.3621679096e-01 -2.2967427525e-01 2.4764356035e-01 2.7016722459e-01 1.1794629467e-01 -3.9638384360e-02 -3.8268163272e-02 4.8740016779e-01 8.1367920888e-03 1.3460710399e-01 -1.7884595781e-01 3.8309583929e-01 -7.4858918342e-02 2.9853411118e-01 -9.8794191926e-02 6.2687724896e-01
-1.1259784884e-01 1.3752135820e-01 -5.0206718667e-01 5.6283514812e-02 -1.9856466268e-01 7.7184322100e-03 -1.1062142024e-01 -5.2621095407e-03 -1.3398284743e-01 2.1817108046e-01 3.6373772195e-02 4.0143468001e-01 8.6327436636e-03 5.1657362999e-02 1.0094317341e-01 2.5929953907e-01 1.9091341325e-01 2.7603010059e-01 -1.2196611709e-01 -2.4638062137e-02 -1.9177124535e-01 5.1703973117e-02 1.8970846837e-01 1.2303967317e-01
-9.6879975498e-02 -3.2648974627e-01 4.6394084516e-01 -2.2139156520e-01 -1.2342682834e-01 1.5357632675e-01 6.2960958108e-02 -1.8510960599e-02 -3.8528283651e-02 1.0595074087e-01 -2.2061246847e-02 -2.4305178596e-01 4.7686388310e-01 1.2796811002e-01 -4.2554504871e-01 -6.3325831614e-02 -5.4870160041e-02 -1.9329189462e-01 1.4940697075e-01 2.4153287158e-01 8.2391593483e-02 -1.9911380880e-01 -1.8046764570e-02 6.8994361199e-02
3.9398147560e-02 -1.9245154378e-02 1.2873368037e-01 2.3360297161e-01 1.3316566703e-01 -2.9683136528e-02 5.9609574006e-02 4.6727426359e-02 2.3128791052e-01 -2.8130993428e-01 -2.5024012809e-02 8.0886735604e-02 3.0515440220e-01 -3.0223912632e-03 -1.8967795568e-01 -2.6758377186e-01 2.9076706633e-02 -8.0201028420e-02 -2.0483556871e-01 -3.5641753773e-02 1.6128020804e-01 2.1296657718e-02 1.4853970128e-02 -9.8052869893e-02
7.3753523575e-02 2.0946803046e-01 1.4022490352e-01 -9.5384747191e-02 3.6725258625e-01 -8.1760469100e-02 2.1268705261e-01 -7.4918877794e-03 -1.4819278955e-01 1.0964075001e-01 -2.1024363903e-01 -4.1085236740e-01 8.5338476019e-02 1.2174750810e-01 -1.3187156147e-01 -3.6730052241e-02 2.2419543014e-01 -1.2881995938e-01 -6.8840053666e-02 -7.6558128800e-02 4.0773100668e-01 -1.3844424822e-01 1.0070705431e-01 8.2317095328e-02
2.6026125995e-01 -1.7155763863e-01 -2.9613780273e-01 -1.3463781148e-01 3.7910979413e-01 2.4714553428e-01 1.4959093030e-02 -1.3316518631e-02 1.9703863873e-01 8.4117560979e-02 2.3721237325e-01 4.9513374822e-01 -1.9709018264e-01 2.4821096511e-02 -1.2883731146e-02 6.0663851172e-02 -1.5992525943e-01 1.9086028315e-01 -8.1108162393e-02 -5.0348120315e-01 -2.8500881908e-02 1.7201832869e-01 -1.4683455293e-01 4.2554140702e-02
