9.8009782906e-01
2.9261692168e-01
6.1624456893e-03
1.5604340545e+00
-3.8389411057e-01
6.8506578925e-02
3.6207186601e-01
2.1243367042e+00
-5.9576792607e-01
-1.4358924953e-01
-1.7727870307e+00
-6.4249886014e-01
-2.8765548595e-01
3.7194152003e-01
6.6011651398e-01
-7.8350423477e-01
-1.7554767098e-01
6.4124593956e-01
2.0373443586e-01
3.4487175934e-01
1.9436000129e+00
-7.1641147396e-01
1.1553847937e+00
-1.3936812681e+00
6.6320573813e-01
-2.8853962693e-01
-2.6928464070e-01
6.4784171579e-01
-7.0933376674e-01
-2.5796499738e-02
-8.7961887055e-01
1.0603696074e-01
9.4285779142e-01
6.3131518576e-01
-1.2019160095e+00
2.0167317803e+00
5.6056988520e-01
-5.0313371619e-01
2.4434952728e-01
-1.3561248880e-01
-7.1329631969e-01
4.2011412182e-02
2.5021326886e-01
-4.4947784178e-01
-2.6014307078e-01
1.3121951162e-01
-2.8600330317e-01
2.6885383477e-02
9.3181783933e-01
3.3295471162e-01
-8.5259878631e-02
1.0261838669e+00
-5.2152465782e-01
9.0896293484e-01
-1.1657943520e-02
-3.1274936852e-01
1.7885916311e+00
1.6995631745e-01
-2.7836915475e+00
4.6649615542e-01
4.2780578929e-01
-5.2850406666e-01
-2.3045108413e-03
3.8860239379e-01
7.0902151405e-01
1.5597598873e-01
-5.3718420560e-02
-1.7733875445e+00
1.4928749221e+00
-6.6549608169e-01
-1.9490462834e-01
-1.8377901249e+00
2.4100857475e-01
1.0992887168e+00
-1.7030733002e+00
1.4787174184e+00
1.6372069689e+00
1.9746786536e-02
1.5631423946e-01
-3.5942528852e-01
-7.5306394853e-01
5.1978189483e-02
2.7721098300e-01
1.7328988108e+00
7.5513744872e-01
1.0317216874e+00
-8.9077645949e-01
5.6355339277e-01
-1.2305733433e+00
1.0475145628e+00
1.9072413779e-01
1.6783227064e+00
-6.2058765137e-01
3.0570658635e-01
1.2198953649e-01
-2.5093602376e-02
1.9085601777e-01
-8.6966848080e-01
-7.7446568273e-01
8.2005408093e-01
-1.4895362488e+00
2.0785021369e-01
-1.4198035728e+00
4.5770794730e-01
-1.5127782820e-01
2.6381009159e+00
1.1867315867e+00
2.3647254420e-01
1.7288403359e-01
-3.4473623946e-02
-1.2273384050e+00
-4.0149455592e-01
2.2412546697e+00
8.1472549002e-02
5.8408048988e-01
-4.5924936867e-01
4.8488624713e-01
-3.7010046333e-01
1.3949626099e-01
-1.3940455239e+00
2.0035143744e+00
4.9693584523e-02
-5.5642142171e-01
1.1357190722e-01
-1.4811188893e+00
-7.9067035652e-01
1.0234781553e+00
-1.5627462641e+00
1.1281369174e+00
-1.4539606921e-01
1.6206990865e-01
-5.3490243866e-01
-9.2211401615e-01
-2.3568911232e+00
6.8073551357e-02
3.0917554106e-01
3.0010172242e-01
-7.6034464684e-01
3.5933525015e-01
-3.3104934446e-01
-2.6394373190e+00
1.3531269043e-02
1.6336315027e-01
6.1270063752e-02
-4.1475237707e-01
-1.2953917649e+00
-3.3356663901e-01
1.0836610153e+00
-2.8882149845e-01
-9.6679222989e-01
