4.4433108529e-01
2.1301878855e-01
-7.1152243073e-01
1.7128115784e-01
-2.1158957525e-01
-6.0542485984e-01
6.6245525010e-01
-7.2735962344e-01
-3.1791352730e-01
-7.8041311380e-02
-2.7847207304e-01
-1.8530852536e-01
-7.4056853077e-01
1.6971511440e-01
3.6443958055e-01
6.1628977788e-01
6.3079095777e-01
-2.1043424976e-01
2.1833097466e-01
-3.7980379558e-01
4.9022740544e-01
-2.2842661201e-01
2.4266698964e-01
-7.7261437012e-01
-8.0435188831e-01
-7.1302779052e-01
2.4710795269e-01
-6.0302389284e-01
-5.4337098699e-01
2.2124626896e-01
-1.7469760699e-01
1.7741864091e-01
-5.0661634373e-01
2.9099259310e-01
5.8846498175e-01
1.9747785577e-01
-7.8040475081e-01
2.0133610891e-01
2.2468147645e-01
6.7417336463e-01
2.4695827937e-01
-1.9986033611e-01
1.9739789457e-01
2.8287369170e-01
2.7842311268e-01
1.9608269186e-01
6.8226620962e-01
-6.7796332297e-01
5.8460859702e-01
-5.2955960467e-01
6.4784766197e-01
-2.2173540755e-01
-2.9927916064e-01
-2.5432956706e-01
2.1310153850e-01
-1.8116276895e-01
-7.1068517255e-01
1.9615969142e-01
-2.5484128720e-01
-5.5529250272e-01
2.6315619662e-01
6.2632982300e-01
2.4104400981e-01
3.2677361509e-01
1.9238278660e-01
1.9808170514e-01
4.7763480583e-01
7.9483112337e-01
-1.7889928367e-01
-1.6432722268e-01
-2.0341891154e-01
-1.8510358114e-01
-6.3226902906e-01
6.5107669395e-01
-2.4816474345e-01
-2.1565890798e-01
-6.9041434879e-01
2.4081546350e-01
-5.3684210788e-01
6.7207534181e-01
2.4888247425e-01
6.8042530248e-01
-1.8092826621e-01
-2.6419397088e-01
7.2971999066e-01
-1.7783558149e-01
2.3107048592e-01
2.5783944810e-01
-5.7921956417e-01
-2.0236869903e-01
-2.4180018478e-01
-2.9302256183e-01
-2.3228734542e-01
-5.3262660790e-01
-1.6703698383e-01
2.2480000861e-01
2.4825032428e-01
5.4583381156e-01
1.7051947757e-01
1.9185071615e-01
1.9029826676e-01
-2.3460936405e-01
1.9053511768e-01
-7.5210421164e-01
-5.9765181209e-01
2.6507895201e-01
-1.7104395018e-01
-7.3008682128e-01
-7.5878510413e-01
6.3908671846e-01
-2.1842830919e-01
2.3173898051e-01
6.8507476308e-01
2.6382516242e-01
6.5275581126e-01
-1.7572320472e-01
5.1049318418e-01
-7.8363271956e-01
1.9290325775e-01
1.8028495994e-01
-2.3218390433e-01
7.4438190213e-01
1.6825272323e-01
7.4522493130e-01
7.4984587477e-01
6.7284459503e-01
-3.0263692613e-01
-2.4865746535e-01
-2.9007465300e-01
2.8040571830e-01
7.7612636599e-01
-3.0241525563e-01
-7.0274232598e-01
2.2334454768e-01
2.6625706429e-01
-2.2383603562e-01
7.5853708187e-01
6.2478260290e-01
2.2113604372e-01
1.9271220188e-01
1.9805910937e-01
5.6840398191e-01
7.5190563402e-01
-2.0972412823e-01
-2.3214344422e-01
-3.3421371657e-01
6.2862521797e-01
7.2474685001e-01
-2.1048428268e-01
7.1197604339e-01
-2.7025015070e-01
-6.3612524562e-01
-2.3693105378e-01
-2.1178598625e-01
2.0732789104e-01
-5.6726593143e-01
-1.7454001548e-01
-2.6916495885e-01
-3.1355724333e-01
2.2670604297e-01
-1.8211372020e-01
-1.7067081349e-01
8.3005074596e-01
1.9544607436e-01
-4.9187749392e-01
5.4249959732e-01
2.1795652710e-01
-2.9539286043e-01
6.6564047070e-01
2.2083710960e-01
-1.9641428487e-01
1.9592172907e-01
2.1136525191e-01
-2.0123836847e-01
1.8820925938e-01
-5.0865379187e-01
-7.3323114862e-01
-2.5456438610e-01
-2.5975636819e-01
-1.9719638302e-01
2.1315954292e-01
-6.9516552033e-01
-1.7229923935e-01
1.8693940768e-01
-6.4454619662e-01
-2.0730803642e-01
1.8341757780e-01
-7.9549063435e-01
-3.0122570005e-01
2.2388865942e-01
-6.1095799829e-01
1.7190202501e-01
-2.4331991008e-01
1.9980333391e-01
2.2922836282e-01
2.8108537545e-01
-2.1590295674e-01
-2.3344579465e-01
-2.5929432507e-01
6.8661516088e-01
-2.4338454292e-01
5.1053024171e-01
-2.1930070255e-01
1.9813741173e-01
-5.7586837108e-01
-2.3159795812e-01
-2.3510705710e-01
-7.0781001998e-01
-1.6046430870e-01
-6.7836378058e-01
2.0766263326e-01
6.5771308995e-01
2.2356344403e-01
-1.9059447117e-01
2.5468003373e-01
-2.2520877547e-01
2.0837626308e-01
3.4328374099e-01
2.3319800126e-01
1.9982928593e-01
2.0328266237e-01
2.2563908302e-01
1.7268911160e-01
-4.4431310941e-01
6.9014209775e-01
-2.0988750399e-01
-7.5745696339e-01
2.2442560783e-01
-2.0610197330e-01
6.4841243385e-01
-5.9054649881e-01
1.9246153335e-01
-6.2399537359e-01
1.9021482386e-01
7.1008882482e-01
-2.0491564489e-01
5.4136375159e-01
7.6936708098e-01
6.1956370299e-01
5.8699263460e-01
-1.8896593475e-01
7.0575456346e-01
-6.1344330593e-01
-6.6998448830e-01
2.8990381059e-01
-2.2230451319e-01
6.3522340903e-01
-2.1222389299e-01
5.7415140050e-01
-2.5114436191e-01
2.4450992552e-01
-2.9924507012e-01
-1.9787612842e-01
1.0244336911e-01
-2.4031593323e-01
-6.1785572860e-01
-1.8833883513e-01
-3.3606685118e-01
5.4615141803e-01
-5.8143184326e-01
-4.0027047866e-01
-6.4466929159e-01
2.0814361666e-01
2.4717718206e-01
5.5642481937e-01
4.8153849135e-01
2.7052945109e-01
-3.4724285543e-01
-6.2182820304e-01
-2.1141802588e-01
1.7867202123e-01
-5.4712247121e-01
2.4492758006e-01
-1.7023625679e-01
-2.5157378631e-01
6.9992629458e-01
2.3082061093e-01
-6.5004117469e-01
-4.9530525286e-01
-2.1435861922e-01
6.9849090665e-01
1.7907806870e-01
1.8662122010e-01
1.5761398519e-01
-2.4239768080e-01
1.9654493846e-01
-5.9504955460e-01
-5.7826164255e-01
-5.6995514922e-01
-7.7043730245e-01
6.5633159941e-01
-2.0048642809e-01
-2.6278194618e-01
-2.3265527852e-01
2.0436465038e-01
1.8841062879e-01
-2.3216069229e-01
2.2224849928e-01
5.7233366665e-01
2.0020551474e-01
-6.9390692205e-01
-7.2286916295e-01
-6.5072841257e-01
2.3230041762e-01
3.5431341108e-01
-7.4404369402e-01
7.7291587695e-01
-2.0482093441e-01
2.2236976300e-01
-2.2509170475e-01
-2.3452812308e-01
-7.4715046447e-01
1.9794850525e-01
-2.0763232584e-01
7.1623541700e-01
6.3943867560e-01
-2.0541809326e-01
1.9083449730e-01
2.0829432315e-01
2.1306001066e-01
1.9390466189e-01
-2.2697158360e-01
2.1349341575e-01
3.3199404268e-01
-1.9467231044e-01
5.6156848801e-01
7.1194134916e-01
7.9054681335e-01
2.0624644474e-01
-1.7196575634e-01
5.2745965665e-01
2.5742939518e-01
-2.1061115870e-01
2.1553862072e-01
3.2157754844e-01
-1.8573971726e-01
-7.3471722752e-01
-2.2088805541e-01
-2.4814186919e-01
-2.1621426512e-01
2.1874656632e-01
-5.8358091818e-01
2.1797154038e-01
-1.9366561934e-01
2.3740404120e-01
-2.9935997955e-01
-5.4150902160e-01
7.2024321515e-01
6.5349758279e-01
1.9521997066e-01
