-1.4521674426e-01
-8.9073113395e-01
1.3646895722e-01
6.5634351905e-01
-3.4693150271e-01
-1.0324213290e+00
1.6101228944e-01
-1.3752083023e+00
3.6034637050e-01
7.7320710845e-02
1.2969906729e+00
-7.6274458674e-01
-6.1825155949e-01
4.3613523087e-01
-1.2103861443e-01
-3.5417054181e-01
2.9407732353e-01
1.3758377228e+00
3.1194196854e-01
-1.8057532998e-01
-8.8863484793e-01
1.1629658555e+00
-1.3316951907e+00
-4.0454346063e-01
-1.1410256274e-01
-1.1582147909e+00
-1.2806544238e+00
-1.2197290920e-01
1.6138688246e-01
-4.3746970716e-01
-7.7903740704e-03
1.0493435845e+00
1.0538272096e-01
1.6017160434e-01
7.7358181731e-02
-2.9013803128e-01
9.9796779958e-01
-4.9746598938e-01
-2.0654699596e+00
-4.7298752531e-01
-6.1569959403e-01
-5.4032107093e-01
3.2972996970e+00
-2.8334861904e-01
-1.2752646369e-01
1.3568016791e-02
2.3843331953e+00
4.8488627217e-01
-7.6804664705e-01
3.0575681810e-01
1.3811718037e+00
-7.6215706043e-01
7.2711338556e-02
2.7772064370e-01
1.2818591322e-02
5.5712918005e-01
7.8159191605e-01
4.3525165339e-01
-7.1902062704e-01
1.8584722220e-01
4.6579985557e-01
-9.6401443306e-02
1.1191221732e+00
1.9171450150e+00
-1.8371680655e-01
1.2657008923e-01
-3.6498078401e-01
1.3008519718e+00
3.8583649193e-01
1.1642250783e+00
8.8344496651e-01
1.6745197394e-01
-4.0713936526e-01
-2.7648925843e-01
2.7301423874e-01
-1.0491745803e+00
1.2222936171e-01
2.0472455088e-01
-6.6090860074e-04
9.1108543890e-01
2.0299921311e-01
7.3774394009e-01
-1.1543626176e+00
-1.3231827639e-01
-1.6889340662e-01
-2.4398786642e+00
8.3395507172e-01
-5.2215023296e-02
1.0456384647e+00
7.1031972133e-02
-5.2356126221e-01
3.2897318962e-01
-1.7227690450e+00
5.6043018619e-01
5.3798733288e-01
5.3632472217e-01
1.7070715658e-01
8.9875380445e-01
-1.0851538474e+00
-7.0992942225e-01
-1.3993591248e+00
-7.5708049129e-03
-3.2349603642e-01
-8.0987648504e-02
-3.7364455646e-01
-1.2130923529e+00
1.8567568263e-01
-1.0243413832e+00
2.4254029524e-01
-2.4117634441e-01
6.3179998371e-01
-4.0340565341e-01
-2.1160023859e+00
-8.1525968331e-01
1.4371583851e-02
4.1477381418e-01
-6.4451302499e-01
4.0653488223e-01
6.3137557453e-01
1.5965722068e+00
6.9790533350e-01
-2.2225863563e+00
1.0971505508e-01
7.3250173696e-01
7.2939049472e-01
-2.5904582523e-01
-1.1931247300e+00
-1.9682224966e-01
-3.0289469025e-02
-1.1420599753e+00
-9.7542971067e-02
-3.7242331774e-01
1.0953021821e-01
2.8308830735e+00
-2.7925305617e-01
-7.4073694061e-01
3.3402555053e-01
-1.5581269282e+00
1.5133046787e+00
1.4125358684e-01
1.4331268195e-02
1.6558127153e+00
4.0715120316e-01
2.3427452100e-01
-1.5528355394e-01
1.9835774393e+00
-1.1431508368e-01
-9.3170435802e-01
1.4286351927e+00
4.5811201110e-01
-1.1567780142e+00
-7.6471742814e-01
-4.1816787995e-01
1.1232425067e+00
1.9861082383e+00
-4.8884918493e-01
2.4313308158e-01
-6.6683564148e-02
2.3149030994e+00
-4.6744543024e-01
-1.0639780836e+00
-7.1389153432e-01
-2.3941989125e-01
7.6534055503e-01
8.1569368226e-01
2.7118686194e+00
3.8316911666e-01
1.3727250753e+00
1.3364272141e+00
-7.6603643196e-02
-1.4422654740e+00
9.4852321932e-01
-9.3166367275e-01
8.0438845889e-01
-6.6656312387e-01
1.4911272691e+00
-2.5662069931e-01
-5.0949411612e-01
-1.7318743232e+00
-3.2477274878e-01
-4.6664128281e-01
-2.6136531488e-01
1.1541826564e-01
3.8925547566e-01
5.2133984748e-01
5.3691014299e-01
4.2617912193e-01
-8.7270492074e-01
-1.2282086414e+00
2.7945732477e-01
-1.8549993476e+00
1.0525751046e+00
1.5205489206e+00
-2.0635661148e-01
1.4179038648e+00
1.2527786682e-01
1.3545555169e+00
2.1289825978e+00
1.5536323955e-01
-8.8223050432e-01
