2.5993039253e-01 -2.8709486133e-01 5.9764332721e-02 7.5773638920e-02 2.1157609011e-03 3.8016383135e-01 -2.6045310318e-01 5.3454339346e-01 -8.8095489986e-02 2.3080136884e-01 1.2521277844e-01 1.2440702340e-01 2.0238202799e-01 -1.4739327468e-01 4.0271285909e-01 -2.4176980361e-01
1.9148888117e-01 -4.6844914097e-01 1.0079599147e-01 8.8381792175e-02 2.5502347224e-01 8.0717026914e-02 2.8391744519e-01 2.0046117170e-01 1.4843411747e-01 -2.4263733653e-01 1.1100849386e-01 -1.6439963568e-01 1.4298492321e-01 -3.5778361124e-01 -2.0057554755e-01 2.1138680902e-01
-3.8101971636e-01 4.3901611447e-02 2.2252893623e-01 -2.2522524329e-01 1.9391550225e-01 -1.3559134785e-01 -2.6450364548e-01 8.7593833338e-02 -3.4833325318e-01 -7.1433924682e-02 -2.2495155334e-01 -3.4832748139e-01 1.8731320024e-02 2.0690066685e-01 -3.2677670156e-01 -1.5862121268e-01
-5.5893841495e-01 6.7005737539e-02 -5.1822620577e-01 4.2273795009e-01 -3.4242058377e-01 6.6432743748e-02 -3.5245241171e-02 1.0885778320e-01 -2.6480340171e-01 4.2958352719e-02 1.1619579369e-01 9.3150123507e-02 1.4222360942e-01 -4.7359369936e-01 -1.5030834426e-01 -7.9794673313e-01
2.9469002072e-01 7.7414618586e-01 -7.6557524271e-02 3.3530773863e-01 5.5325654070e-02 1.7404269551e-01 -7.4216173478e-02 3.0225815865e-01 4.4426029382e-02 4.5916142066e-03 1.4238350923e-01 8.2708173435e-02 -3.1031775416e-01 -1.3218423903e-02 -1.4794019479e-01 1.3383519065e-01
-2.0061931280e-02 1.6719794073e-01 -5.2634385028e-02 9.5226374193e-04 -2.2247516153e-01 2.1367195680e-01 2.1288737495e-02 -3.8735782545e-02 -3.0976045754e-01 -3.1159274701e-01 3.2449076342e-01 3.5062790448e-01 4.5478566077e-03 -3.7378284110e-01 3.1899520923e-01 -2.1589795294e-01
-3.0924520544e-01 -1.3077347815e-02 2.0498067646e-01 1.8266230358e-01 -2.0868793529e-01 -1.4589908934e-01 -6.5840656244e-02 3.4547758762e-01 9.6018185058e-02 -4.6630745306e-01 2.2190057731e-01 -1.5574059654e-01 -1.4147185073e-01 -1.0255462002e-03 3.4712109481e-01 -2.7066635965e-01
-3.0686344601e-01 -2.2739676339e-01 -5.0715472221e-02 6.0430743436e-02 2.2222966016e-02 7.4306156805e-02 -4.0050646465e-01 -2.7374811075e-02 -2.7569624255e-01 -9.9923974711e-03 -2.5802384104e-01 2.7417755918e-02 -9.0100965172e-02 7.6691932543e-02 3.9772171557e-02 3.7129178259e-02
-3.4745177785e-02 5.7112455198e-02 5.0411041075e-01 1.7852811821e-01 -2.0572774728e-01 -1.6512365836e-01 -1.9883063093e-01 -1.4818939332e-01 4.8274508634e-01 -2.4711238095e-01 -1.7555477640e-01 -1.1449326398e-01 4.4726185349e-01 -1.9901064736e-01 2.5497297451e-01 -4.5344501059e-02
-3.4898658757e-01 3.0319137009e-01 -2.6462638983e-01 -1.6558651539e-01 -3.2518622645e-01 -3.0139082326e-01 -4.8494398758e-03 -2.8758368015e-02 7.5381281527e-02 -7.2311374140e-01 7.6738353783e-02 -3.0930313398e-01 1.7421789833e-01 -8.8299365268e-02 1.7527281091e-01 3.0974051759e-01
4.8405411885e-01 2.9099844486e-01 2.5644531403e-02 -1.3914661821e-01 -4.8277140546e-01 -1.2292505440e-01 6.6799294683e-01 -1.1903310265e-01 1.8416027909e-01 -2.6635063542e-01 -5.2137044512e-01 4.6524411277e-01 2.9179768115e-01 -1.6724290823e-01 -9.9824954012e-02 -3.2545308742e-01
4.0128381899e-02 3.4322883007e-03 -2.8585843097e-03 3.7024586894e-01 1.4837184394e-01 1.6874627588e-01 -2.4722311737e-01 4.8670513268e-01 3.1560043608e-01 -1.8323165223e-01 3.6927827949e-01 3.5231156920e-01 -3.2184742192e-01 -3.4115545441e-01 -1.7547685590e-01 4.2861479003e-02
-2.2573792993e-01 1.5656930110e-01 -4.7878535217e-03 -6.1075260578e-01 5.3028823026e-01 2.5601329323e-01 3.2608903091e-01 -1.0248545249e-01 -4.5263589472e-01 -1.4453259848e-01 -2.0705388421e-01 2.7429068754e-01 -1.1440247653e-01 5.8105677242e-01 -4.8021033187e-02 2.7524471007e-01
-4.3025385970e-01 -3.3479270057e-01 -1.5135884559e-02 4.2566378866e-01 -2.2365416183e-01 -2.7234817294e-01 1.0289288025e-01 9.9396305740e-02 1.5057294930e-01 3.7655608308e-01 4.0671589167e-01 -3.5853785152e-01 2.6649113282e-01 -5.1317564843e-01 2.0678513416e-01 -3.0590327192e-01
-1.8384581373e-01 -2.5268652525e-02 4.8678521491e-02 1.9575900437e-01 2.3992544183e-01 -1.4382653579e-01 -1.4116745389e-01 3.5635689391e-01 6.4667067729e-01 3.4628249566e-02 5.7026840940e-02 -5.3923780442e-02 -1.4173201922e-01 -7.1162396556e-01 1.1321497830e-01 -5.0486722995e-01
1.5589065900e-01 6.2520014846e-02 1.1647474994e-01 -4.8598866486e-02 8.5800873083e-02 -1.2880599413e-01 -1.9143186452e-01 -5.9036657379e-02 1.9859988370e-01 -3.1188109637e-01 2.9215070967e-01 4.3909557860e-01 -2.5584731331e-01 -7.4279180764e-02 2.4329127122e-01 3.6117062350e-01
