1.7890640740e-02 -2.5964845256e-01 8.3721320990e-02 2.3331959048e-01 1.6318996684e-01 7.5192126731e-02 3.5473281515e-01 -4.9728948540e-03 1.6658728522e-01 -4.3444691905e-01 -1.1798126006e-01 -1.4004076584e-01 -1.8467588993e-01 1.9856132640e-01 -1.0838881244e-01 -1.6400464871e-01 1.4866678684e-01 -3.1906177854e-03 -3.9390986794e-01 -3.7647531353e-02 -2.6950433086e-01 5.1477768830e-02 3.2916797304e-01 4.9984342114e-02
-5.5744762683e-02 -3.6876674422e-02 -2.5428657628e-02 -2.1825223693e-01 -2.7328736601e-02 6.8280912927e-02 -1.1115386958e-01 5.5494966244e-02 -2.4436880312e-01 -1.8831202452e-01 -2.0891164211e-01 -3.9062251422e-02 1.7095149586e-01 4.1224978509e-02 1.8121691501e-01 5.6376522442e-02 1.1160136948e-01 -5.6784044585e-02 -3.9477168227e-01 2.6816902627e-01 -4.8297208158e-02 -9.9767325395e-02 -1.7687852929e-01 8.2317274702e-02
-5.6116716760e-02 -1.6785137498e-01 7.4297786880e-02 3.0821863432e-01 -1.5025479234e-01 3.9844202262e-01 -1.2797756539e-01 6.5573067573e-02 -1.6776220981e-01 -2.2337858727e-01 1.9021162670e-01 3.9646445642e-02 -2.9429784050e-03 1.0153109538e-01 2.0907462668e-01 3.8825832875e-02 2.3109942755e-02 -9.6822908584e-02 -3.1143220344e-01 1.3907401432e-01 3.1563012447e-01 -2.1832309941e-01 -4.9811943343e-01 -2.6749201277e-01
1.7296915791e-01 1.6268698539e-01 -1.5059685749e-01 2.4506916109e-02 -1.3427548146e-01 1.5383730963e-01 4.4753909285e-02 -2.6304032164e-02 7.2787473412e-03 1.7490891372e-01 2.2726566736e-01 -7.1559009794e-03 -3.5183228304e-01 4.0100341299e-02 -1.7386824155e-03 -5.7205733677e-02 2.6843965322e-02 2.2598088121e-01 1.2468901607e-01 2.1208637158e-01 -3.3355768105e-02 2.7614635386e-01 5.3116187633e-02 1.1140782487e-01
-2.8442783695e-01 1.8196423291e-01 -2.9976832792e-01 9.4720863584e-02 -1.8465091665e-01 4.9038854468e-03 -2.9155620449e-01 -4.8337005278e-02 -5.8847949919e-02 -4.3297954168e-02 3.1127059991e-01 1.2647777476e-01 -9.3818195097e-02 3.1136401071e-01 -5.0861576404e-02 -3.2432053328e-01 -3.8698658046e-02 9.4802399553e-02 6.3343127368e-03 -9.9459714455e-02 8.2093885600e-02 -5.3318406802e-01 -1.0098443467e-01 3.7505065020e-01
-2.0409214562e-01 -5.2596628872e-03 -2.5987231897e-01 4.0944821282e-02 2.3063832104e-01 -1.4485263735e-01 -1.1718380113e-01 -4.0910419340e-01 3.2739490175e-01 -2.3702230574e-01 -1.3123729944e-01 -2.4814930310e-02 -4.5706533660e-02 2.7794225320e-02 1.3064339695e-01 -1.6168575026e-01 3.0307300765e-01 2.0421792213e-01 -2.0905223046e-01 -2.9091946182e-01 4.6759399025e-02 -2.4712419582e-01 -1.0152111716e-01 3.3448308149e-01
-4.1651738979e-02 -8.9174927456e-02 -5.9921343125e-02 -1.6423043458e-02 2.1030892566e-01 -9.1223042054e-02 -1.1131171969e-01 -1.1787096210e-01 5.2627074427e-01 -1.7384334237e-01 -2.0658276666e-02 1.9981646202e-02 -2.5880462488e-01 7.5291797049e-02 9.9305588477e-02 -1.0747768021e-01 6.5750404094e-02 -1.4954848247e-01 4.1020191588e-01 5.2699153973e-02 -4.9072888395e-02 -1.8434271515e-01 8.9220392413e-02 2.6989841812e-01
2.0580499670e-01 2.5826642872e-02 1.8947371686e-01 1.8097027151e-01 -1.0719795660e-02 -1.8167861622e-01 -1.8487014355e-02 -1.2750071558e-01 -2.9285485857e-01 2.1781944792e-02 -1.5415182294e-01 -2.5385044006e-01 5.7338420614e-01 2.6706288361e-02 -9.5174463625e-02 1.1117976116e-01 -2.3477441977e-01 -1.8750049192e-02 -2.9285283323e-01 -1.7762871235e-01 -2.1357282120e-01 -2.7414625733e-01 -2.0099177201e-01 -1.1936753678e-01
2.2252841539e-01 1.9945807027e-01 -8.2564906782e-03 -2.6022109094e-01 4.3120796273e-01 -1.5824736543e-01 -7.1005642448e-03 2.1421219424e-01 -7.4155543031e-02 -5.8691127582e-02 1.4399295735e-01 -4.9467525671e-01 2.0610296772e-01 -4.7410364238e-01 4.9286666837e-01 -6.0813712322e-02 1.9227887611e-01 -7.6433488198e-03 -3.5451128027e-01 3.6914584750e-01 -7.6330120591e-02 2.0314958943e-01 1.7758307909e-01 8.3745261648e-02
-2.2734068399e-01 7.7177946941e-02 2.7628796554e-01 1.6783039766e-01 6.8040696741e-02 1.1618015864e-02 -4.1619362716e-02 2.5521945216e-01 -1.5101756325e-01 -6.6168027371e-05 1.1212733740e-02 1.3143736337e-01 -1.6315887783e-01 2.8289976075e-02 -4.2187293058e-02 4.1602101862e-02 -1.2493800172e-01 -1.4594991365e-01 1.4014071198e-01 1.9957915108e-01 -4.6539279971e-02 -5.7603642713e-02 1.6274383426e-02 2.1874968848e-01
1.9818048729e-01 1.9253868604e-01 -1.4515439098e-01 -3.3730437577e-02 -1.1750862927e-01 7.5569459322e-02 4.0189673834e-04 -3.8330076580e-02 5.6165691402e-02 -1.6241169112e-01 -2.3303452439e-01 -3.0670162681e-01 -2.9416007500e-01 -8.6868081347e-02 -1.9686132396e-01 -1.8668808084e-01 -1.5054144105e-01 1.4468045202e-01 2.0641157039e-01 -1.5355524380e-01 3.5851821298e-01 2.7686655595e-02 7.0987773212e-02 -2.5684521117e-01
-1.0889768192e-01 -5.5014630281e-01 -2.7093941414e-01 8.5348912163e-02 -6.1883365309e-02 1.7963376129e-02 6.3104492203e-02 2.0152031970e-02 -2.7451161912e-01 7.7572609023e-03 -8.6642616458e-02 2.7159612475e-01 1.3808648321e-01 2.0395877375e-02 1.5393006570e-01 -1.7492073592e-01 6.5188734396e-02 4.7121434411e-02 1.1802663486e-01 1.9240309888e-01 -3.2096884606e-03 2.1414668672e-01 2.1467862173e-01 -2.6254921317e-01
3.9096996339e-02 -2.5103261168e-01 1.6545802463e-01 8.6029486980e-02 8.3055415208e-02 -5.3840096316e-02 2.2028954141e-02 -2.6448994907e-01 4.0536252522e-02 4.3148004324e-02 -1.3663625458e-01 -3.1144273677e-01 -5.2278255896e-02 2.1948048967e-01 5.8067181223e-02 1.8457270668e-02 3.5260325058e-01 3.7743716388e-01 -1.2632998753e-01 2.9445255601e-01 1.0635492866e-01 -3.6928845057e-01 2.7347749104e-01 -1.9881264352e-01
-1.0383547798e-01 4.3818841790e-01 7.6483028930e-02 -2.2158948215e-01 3.9392696014e-01 -2.2862452848e-01 -5.2635582422e-02 1.4416979000e-02 2.0424234077e-01 2.7740621961e-01 7.6579857806e-02 -6.8000782628e-02 3.2461109904e-01 -1.6283260270e-01 1.4734981059e-01 6.7420278341e-02 -2.8637588890e-02 1.4298966556e-01 -6.0805417922e-04 4.6494559842e-01 3.0268031238e-01 -1.0663867049e-01 -3.1694925476e-01 1.5453368117e-01
-5.3994039157e-02 -2.5229597338e-02 -9.6719518111e-02 2.4076136147e-01 1.1127196544e-01 -1.4531879921e-02 2.2696389584e-01 1.4877474636e-01 2.7244761182e-01 -8.1143939215e-02 -5.0119088499e-02 8.2009753954e-02 1.8719080538e-01 1.1937733128e-01 9.0640593805e-02 -1.5328114600e-01 3.8284121057e-01 -1.1838529152e-01 -8.0381958183e-02 -2.1192747440e-03 -1.1268195132e-01 2.4095361955e-01 1.6113417123e-01 -2.5010654519e-01
-1.7864598454e-01 -8.4228794027e-02 3.7220530520e-01 3.2102921422e-01 2.4309506211e-01 1.3253260214e-01 -2.2212583505e-01 3.0154233607e-01 -2.2448666059e-01 -1.3396018974e-01 -4.5357118314e-01 -1.7388172088e-01 -3.0259814106e-02 9.3394167178e-02 -8.7158881684e-02 3.0498853568e-02 1.0342604433e-01 -4.7833415685e-01 3.0833630997e-01 1.8567461309e-01 1.4949888352e-02 -1.3484952422e-01 4.5666086778e-01 2.4374493627e-01
-5.6317567419e-02 -3.5943395242e-01 2.5132433402e-01 -3.9770471061e-01 -1.9690449398e-01 3.0987351931e-01 1.4209209339e-01 -1.6755223289e-01 -2.5515437739e-01 3.1014701371e-01 -3.0505193206e-01 -3.3301894692e-01 -3.3115131224e-01 -2.4370071942e-02 1.4297647713e-01 9.7879774907e-02 4.4336342796e-01 -1.9270711083e-01 3.0513536195e-02 -2.8447246924e-02 -3.1635977243e-01 4.7929141448e-02 -4.8960509720e-01 -8.1191604031e-03
1.5225034040e-02 1.0389366058e-01 -2.1418742220e-03 -4.1615380812e-03 1.4739413838e-02 -1.4224202629e-01 -8.5412690190e-02 1.3321488105e-01 -3.1671258486e-01 4.1661435385e-01 9.2737099702e-02 6.2726926806e-02 1.5618845194e-01 1.1967228090e-01 -1.0903539704e-01 -1.7475835345e-01 -1.6739816241e-01 1.0849638613e-01 2.7770779174e-01 -5.1344488648e-02 -1.7577320087e-01 -3.2764832078e-01 -2.1487514096e-01 9.0174110730e-02
1.2983168806e-01 -2.1871126190e-01 -4.5893541007e-02 -5.0538477053e-02 -9.3279186943e-04 -4.3130205602e-01 -2.0096966646e-01 -2.1605673555e-01 1.2489156709e-01 -4.5022952301e-01 -3.6041023211e-01 -1.1100488406e-01 -3.4350782887e-02 -3.8471959105e-01 1.4863270240e-01 -3.1891650470e-01 -3.6624103199e-01 -1.4479967997e-01 -3.0027861538e-01 9.9666834681e-02 2.8127585064e-01 -1.2032218390e-01 2.0873482740e-01 4.6126578009e-02
1.1208601200e-02 1.0208798877e-01 3.1984873349e-03 -3.5751504461e-01 2.4859115719e-01 -1.7049054016e-01 -4.7300088697e-01 6.8335586548e-02 2.9674196686e-01 3.4287475525e-01 -4.2538015803e-02 -7.1267791941e-02 -2.0951017990e-01 9.7319643620e-02 -3.2822935096e-01 -2.0139720224e-01 3.3510442320e-01 1.2908827266e-01 -1.4549665732e-01 5.2840631945e-01 8.1560524115e-02 -9.7993121083e-02 3.3320327022e-01 -3.2243176046e-01
8.6685505820e-02 2.1825433034e-01 6.9262923042e-02 -9.5920031490e-02 1.4237733827e-01 1.8546570319e-01 3.1272051579e-01 2.8149289135e-01 -2.0837907259e-02 -3.1545418714e-02 9.3116319563e-02 6.3789262720e-02 4.1438330844e-02 -4.4411412325e-02 -3.2767617785e-02 -9.1127336299e-02 -2.2283070467e-01 2.6205107571e-01 -2.3275859315e-03 -5.2048850386e-01 5.1312074704e-02 1.5713808272e-01 1.1592724085e-01 5.5646645330e-03
2.1945989491e-02 1.0893347156e-01 -1.9681750803e-01 -1.3267496544e-01 9.9866591088e-02 -1.6072614437e-01 -1.4673823790e-01 -3.9481019450e-01 -1.2472548073e-01 6.1447757940e-02 1.6781878640e-01 -1.4794312404e-01 -4.2029037553e-01 -4.7554981856e-02 -5.1714862569e-01 -1.5100891157e-01 -9.4397636014e-02 2.1007215298e-01 -1.6834901829e-01 -2.3733809701e-01 1.7138595459e-01 1.7567394959e-01 -2.1919172029e-01 2.7800485237e-02
9.5980818812e-02 1.5098143250e-01 -2.7790079181e-01 8.8034349736e-02 1.2156692356e-01 1.0507358193e-01 4.1118965010e-01 -2.6127905806e-02 5.7299628114e-03 -2.2241739804e-01 2.9594044297e-03 2.7594391391e-01 -3.0156364699e-01 -2.1709189022e-01 -2.1873919060e-01 2.4209804411e-02 7.6379699102e-02 -2.8224791143e-01 -3.6045872637e-01 -1.3252533356e-01 1.7850969822e-01 -8.0142075355e-02 -7.4117866853e-02 -1.7533973325e-01
3.1085811998e-02 1.8150547637e-01 -1.9879944842e-01 -1.8438897940e-01 2.5198869747e-01 2.0259516293e-01 2.0886189127e-01 7.6105820545e-02 -3.1828072694e-02 2.2002057898e-01 3.4149845866e-01 8.6340994330e-02 -2.1080174629e-02 -4.6590932192e-02 1.0886626210e-01 2.5383451038e-01 2.8823447121e-01 -4.3172009317e-02 2.8934486827e-01 -6.2212890012e-02 1.8274037356e-01 2.3783253568e-01 -6.7190181157e-02 2.2308660664e-01
