7.4421224224e-02 -1.6986980061e-03 4.7560713683e-02 -9.1254121916e-02 2.1636698318e-01 1.4091275735e-01 4.6622149602e-02 -3.5440263669e-02 7.6658671903e-02 -2.3583933642e-02 3.6719140923e-02 2.7929486907e-01 1.8332450998e-01 -8.3172693459e-02 -1.0642726225e-01 1.1636297564e-02 6.7657735457e-02 2.1607493305e-01 2.3204344782e-01 -1.5589132617e-01 9.7107247466e-02 4.2454425115e-02 -1.6760825526e-01 -1.0934984138e-01 2.0675640026e-02 4.2801167965e-02 -3.4851738376e-01 -1.4072757333e-01 2.0966478783e-01 -1.2105430828e-01 1.8634341855e-01 1.2137518240e-01
2.0767683994e-01 1.0407676172e-01 1.7329828797e-01 3.9011875891e-01 1.0338326301e-01 -5.4730207264e-02 -1.7643297000e-01 -3.5293426028e-01 -2.7470299832e-01 9.0599849034e-02 -1.1596906613e-02 7.9483352512e-03 -5.8747356161e-02 -1.1578195957e-01 3.2024197403e-01 -5.9106119792e-02 -5.0332759787e-02 -1.2032505052e-01 -8.9228808081e-02 2.3145727135e-01 4.6410230772e-02 -1.0693615206e-01 3.4134034867e-02 -2.9901312103e-02 -4.0213036770e-02 -2.6636255938e-01 1.7761682798e-03 -1.5164727046e-01 3.4689615737e-02 3.8476469956e-01 -6.5665225251e-02 2.6515089910e-01
1.6499411482e-01 -3.0072025390e-01 -2.1766666427e-02 -7.2694936205e-02 -1.8248532060e-02 2.5396802413e-01 2.9839795787e-02 2.0448771303e-01 1.2305027765e-01 -1.8400175647e-02 -3.4041591824e-01 2.8603598444e-01 -6.4455418634e-02 2.3347492535e-01 -2.6524541218e-01 -2.1237732115e-01 5.6497065779e-02 2.7547340554e-01 3.0017638009e-02 1.2191667117e-01 -3.0518406730e-01 -2.5942344220e-01 1.3784606291e-01 5.0182373065e-02 5.3619280514e-01 4.1567650524e-01 1.7071674531e-01 2.0027063872e-01 1.9854170527e-01 3.4943047632e-02 3.9199135067e-01 4.9592647056e-02
-3.6437416636e-01 7.6015009816e-02 2.8679656382e-01 -1.3922750963e-01 -1.6711996271e-01 1.7392996214e-01 -2.1699893588e-01 -2.2195428644e-01 -3.1321792636e-01 -1.9105674315e-01 1.6076281715e-01 4.8570273187e-02 2.4622590635e-01 -8.5539949339e-02 5.6996479160e-02 -2.1169693797e-02 8.3289747569e-02 -2.3088395468e-01 -2.1482537543e-01 1.0447298284e-01 2.4943155897e-02 1.5999803935e-01 -1.1568581807e-01 4.5006617779e-02 6.8501230996e-02 1.7300195990e-01 -2.0200057422e-02 5.7234377955e-02 8.6584358428e-02 -7.2511292634e-02 1.1444057094e-02 8.2200972096e-02
7.0826878550e-02 1.1891877372e-01 2.6703039948e-01 -3.6710508774e-02 -1.3519701295e-01 -2.0617150168e-01 1.9921619962e-01 -1.4726686851e-01 1.0686704267e-01 -2.9536707004e-02 1.3589643270e-01 -2.3672484817e-01 3.9533458694e-02 2.4177436113e-01 -4.1715984709e-01 3.5639815403e-02 -3.3503771213e-01 7.1421210927e-02 -9.3882589715e-02 1.7796927029e-01 -3.9043194070e-02 -4.0684703340e-01 8.5112545922e-02 -1.6935260787e-01 -1.6372038939e-01 -8.5421551973e-02 -1.4170957625e-02 3.3526996769e-02 -1.4336227385e-01 2.4683446203e-02 -1.6731780678e-01 -2.1871488867e-02
9.4647781145e-02 -4.1201289523e-01 9.3506833070e-02 -6.0224324967e-02 1.5657682171e-01 -1.9581270332e-01 1.1999952082e-01 9.0454114375e-02 5.5136720201e-02 6.2056888061e-02 4.5015869763e-02 3.0586874256e-01 2.9222092823e-01 -1.4472566206e-01 -1.0663088594e-01 1.2382890989e-01 -1.1835649528e-01 -1.7310851977e-01 -1.2142275157e-02 3.2671097498e-01 -2.4435468696e-01 -5.1728115852e-01 7.2886508026e-02 -7.8812073268e-02 2.4087006544e-01 -1.1211139711e-01 1.2563463485e-02 7.0443948122e-02 6.9022406494e-02 -1.4201193848e-01 -4.0612476498e-01 -3.3641544561e-01
1.2676384766e-01 1.2337576236e-01 -1.5370039458e-01 -1.3110100396e-01 4.0327346212e-02 -4.5445449505e-02 4.6991188454e-03 1.8924258237e-02 2.0741314862e-01 1.5251886353e-01 1.3942491383e-01 3.9617906296e-02 1.0951900352e-02 1.3656819292e-01 5.3412540562e-02 -1.8713335158e-01 -3.2371330935e-01 -2.1453479901e-01 -2.6497744869e-01 3.2640771501e-01 9.9924492706e-04 -6.9386755620e-02 -1.3934369449e-01 -2.4470877935e-01 2.2599948428e-01 2.5303257328e-01 -1.9439579248e-01 -4.4639086391e-02 -1.5267505096e-01 1.1239917108e-01 1.0297799531e-01 -7.6131179100e-02
3.4607196397e-02 1.3416605586e-01 -1.6750050010e-01 -8.4234625827e-02 -2.0270292974e-01 1.0169537149e-01 1.4838440801e-01 5.9924191755e-02 -2.2779146309e-02 -1.3396626731e-01 1.4851627945e-01 -2.2029229174e-01 -7.9160376408e-02 1.3023688786e-01 -2.4487652409e-01 -1.4265519858e-01 3.5933187742e-03 -1.6829368486e-01 -3.2831376880e-01 -4.9414984371e-02 -3.0644288784e-02 2.9894532781e-01 1.1525883599e-01 -3.9731083801e-01 -4.7581540367e-02 3.9091209583e-01 5.2235408130e-02 -2.7366067318e-01 -1.1020735732e-01 1.3490514820e-01 3.7886896636e-02 -5.0304974328e-02
1.9550180510e-01 -5.3409921840e-02 -1.0773591804e-01 -3.0739205498e-02 1.7601564667e-01 -1.7709432296e-03 1.0241043766e-01 1.4686141729e-01 6.1699955670e-02 -9.9993173192e-02 -1.5995124943e-01 -5.5484841020e-02 2.0872425164e-01 -3.3019505218e-02 -2.5644389176e-01 -1.5618984022e-01 -2.3958163049e-01 -2.7161009977e-01 1.1842896289e-01 -2.2696242080e-01 4.5026005583e-01 3.5448521896e-01 -1.4035456674e-01 -4.2259447915e-01 -3.5687463335e-01 1.8064063119e-02 1.0622293664e-03 6.6651967320e-02 -7.4228930376e-02 2.9798823733e-01 1.9345695689e-01 -1.0774546236e-01
-2.6181977488e-02 -9.8292807402e-02 1.0555858089e-01 5.7491621385e-02 -2.1993363143e-01 7.1154731111e-02 2.5031315367e-01 -1.2623551886e-01 -1.9927356546e-01 2.3912176178e-02 1.4446129667e-01 -4.1688931957e-02 -1.5531707335e-01 -1.4532429034e-01 -4.5672658462e-02 9.6258276997e-02 6.4997970013e-02 5.1325228714e-02 2.1869678631e-02 1.6700938491e-01 -6.5619577192e-02 3.5146926743e-01 1.7061550102e-01 1.2802277539e-01 2.6159373320e-01 2.2398006485e-02 -1.8650148599e-01 3.7127361950e-03 -1.0244472501e-01 -2.4182243354e-01 -1.8461059898e-02 -5.7210885887e-02
-7.1182750419e-03 -1.2433776360e-01 8.4967597293e-02 2.5523293527e-01 -1.9523176414e-02 9.9176570038e-02 7.3899835734e-02 1.2999986519e-01 6.4426630560e-02 -3.1026977544e-01 -4.3102253552e-01 -8.8812465528e-02 1.5075278988e-01 -1.6674266010e-01 -1.0645335978e-01 3.1308803417e-01 5.4966377182e-02 2.0414068456e-01 3.4101398138e-02 -9.0916233233e-04 -1.6080775000e-02 -3.9261564543e-02 -2.5459924153e-01 1.7362374935e-01 -3.3299926744e-01 1.1062119849e-03 -3.9821764811e-01 -1.5626698827e-01 -6.3623089059e-02 -1.9088683112e-02 3.0189758994e-01 1.4011723611e-01
-1.9760163341e-01 7.6059007341e-02 -1.9964340596e-01 -3.4231804711e-01 -1.5458790964e-01 1.8987020624e-01 -2.1249908935e-01 1.3483015341e-01 1.4725556974e-01 1.9912861770e-01 5.2381536708e-02 -3.5254612091e-01 1.7521934453e-01 1.5332250001e-01 2.3243169573e-01 2.9176487718e-01 -1.5406134474e-01 2.3225400221e-01 1.9446908285e-02 9.4101966660e-02 5.6367001866e-02 1.0962755817e-01 2.0010061094e-01 -1.7441434134e-01 8.4036975021e-02 1.9042430771e-01 5.8177688812e-02 1.7088777052e-01 2.0694175950e-01 1.9892018283e-01 6.7554548615e-02 3.7147398439e-02
7.9256193121e-02 -1.0733042551e-01 -7.8870543112e-02 1.3984169309e-01 -5.0067306829e-02 -5.5267623398e-02 1.5509128431e-01 -9.7849116791e-02 -5.7722511115e-02 5.7531036421e-02 4.2912547587e-02 -7.3533444659e-02 2.2785361979e-01 -3.7698993040e-01 1.5713013770e-01 2.2281811742e-02 -2.0132486844e-02 -5.9837286814e-01 2.3391594021e-01 2.4922620478e-01 -2.2001230192e-01 -1.0449566200e-02 -7.3478198744e-02 -4.4142416124e-01 6.2711519146e-02 4.9294156695e-02 -7.2339772675e-02 -2.3006468729e-01 -1.5394987369e-01 -6.0823160060e-01 7.2613141084e-02 -1.3231004402e-01
-2.0089197283e-01 2.0402618571e-01 -4.2733810591e-01 2.9647459935e-02 3.7261344231e-02 2.8106806443e-02 3.3936096371e-01 2.4554913266e-01 1.2190253116e-01 -1.6911987020e-01 5.3852486032e-01 1.0125115847e-01 1.6651396178e-01 -2.8568636908e-01 -5.5368797221e-02 1.0142221473e-01 -9.5389338260e-02 8.3505854016e-02 -2.1389971515e-02 2.4590498409e-01 1.2559106906e-01 1.0020449261e-01 1.6695270237e-02 2.0469610795e-01 -9.7890374851e-02 1.2085264367e-01 -1.0869053117e-01 -2.8836585495e-01 -2.3910052672e-01 5.6721727852e-02 -1.0267237885e-01 -8.5852405054e-02
6.7676397629e-02 -1.6668008288e-01 -8.6085849234e-02 -8.4083036815e-02 1.9041162860e-01 -2.8787095754e-01 2.3190336203e-01 -1.6443175003e-01 -1.7025960980e-01 -5.0561553009e-02 -6.3630546409e-02 -2.5788110916e-01 -1.8739169961e-01 7.8100968186e-02 -2.1921079750e-01 -1.2991085246e-01 -2.2989602138e-01 2.1808974494e-01 -9.1494178916e-03 1.1683633076e-02 2.6580599717e-02 1.4592288223e-01 9.3623977412e-02 4.3419068384e-01 3.0211094557e-01 -7.0145190134e-02 -1.7059732942e-01 -8.9552124783e-02 -2.9834198200e-01 1.8159262569e-01 1.3132126291e-01 -1.3430723239e-01
-2.4658398915e-01 3.1926188935e-01 1.5676209510e-01 -6.6623612884e-02 -1.1814287702e-01 1.9643526627e-01 1.5522515528e-02 -7.8320019982e-02 -1.8761245074e-02 2.9571789136e-01 2.8754474867e-01 -8.5763955360e-02 -2.0409778255e-01 -1.7021643671e-01 -2.4058678298e-01 1.3269439273e-01 -8.6314958238e-02 2.1661036298e-01 -3.1167068354e-03 -2.0229125576e-01 8.9690928562e-02 -2.5705892713e-01 -1.9882619517e-01 -1.7929844461e-01 1.1523052226e-01 2.1429771577e-02 -1.8600711228e-01 9.0220675748e-02 -1.6543007038e-03 8.4725449183e-02 -8.0637103898e-02 -8.0862741342e-02
4.0000925881e-02 -8.6770539997e-02 3.1458387546e-02 2.8506861358e-01 5.0196950383e-02 -1.9952324629e-01 2.4222446702e-01 1.5465302471e-01 1.8893145096e-02 -2.2981306250e-01 3.8983317584e-01 -1.1601585613e-01 -2.4400612918e-01 -1.8461688568e-01 7.3467623492e-02 -1.4563202034e-02 3.7464663559e-01 2.4815953722e-01 1.0258119280e-01 -1.3409371798e-01 1.0314556542e-01 -1.0343474422e-01 -2.4885637017e-01 2.1726359067e-01 -7.0150746158e-03 -1.0382339987e-01 -1.7717874594e-01 -5.0091548788e-02 1.9853049755e-01 2.3391098828e-01 -9.5200038758e-02 3.1085853901e-01
-2.9050413020e-01 1.5719489687e-01 -1.5725358954e-01 -1.3359827925e-01 -1.4066949952e-01 2.3174478441e-01 -2.5257232937e-01 2.7405659858e-02 2.2664557632e-02 3.0590972313e-02 2.7094017163e-01 1.4043700053e-01 -6.3133282167e-02 2.2565226670e-01 -1.8059581395e-01 3.8970817351e-02 2.5820351353e-01 1.2600400440e-01 -3.2373829400e-01 -1.7881461805e-01 2.1062631229e-02 -7.6524900298e-02 -1.6609145936e-01 -7.1088564375e-02 -2.3015681574e-01 -1.5485821380e-01 3.3862426391e-02 1.7564644848e-01 -1.0676889965e-02 -2.2980226662e-01 -2.8816816957e-02 -1.6037660489e-01
-4.1264103903e-02 -1.1567971493e-01 -1.9161695098e-02 6.9626754384e-02 -1.1964342973e-02 3.0632882879e-01 2.7601027082e-01 1.5262565588e-02 -1.1944115409e-01 -2.6210342122e-01 2.8783103196e-01 1.4820658657e-01 -5.3577893357e-03 3.3326493712e-01 1.9913816411e-01 1.1720484942e-01 -2.8450811945e-02 -2.4343410613e-01 -1.7305522722e-01 1.5160658127e-01 -2.7049467555e-01 -1.2199521991e-01 -3.0804964213e-01 -3.4426683413e-02 4.2786667168e-02 2.2282221181e-01 8.1268722017e-02 -2.2320414689e-03 2.0639274994e-01 -1.1906418779e-01 8.8065649268e-02 1.3619211056e-01
1.1876371706e-01 -1.1480312351e-01 -2.9098940663e-01 -2.1110734844e-01 1.4505531545e-01 -1.1613627601e-01 1.7180760730e-01 5.9431863861e-02 2.2880183910e-01 8.1857836379e-02 3.1253300132e-01 -1.6864744817e-01 2.1930386786e-01 6.1573100025e-02 2.3633635831e-01 -9.7690341502e-03 5.3211936545e-02 -2.4692499642e-01 2.4335612324e-01 1.7497739174e-01 -6.7372774419e-02 1.9783283384e-02 -2.0170230946e-02 -1.7005724521e-01 -1.8262379393e-01 2.1999340917e-01 1.0527267226e-01 9.6719323531e-02 1.0354639852e-01 -1.0673393060e-01 3.2110291198e-01 6.6322818837e-03
-2.2310561401e-02 1.0818210554e-01 1.7924012498e-03 8.3645077686e-02 9.1898436213e-02 -3.2059155174e-01 4.3687764021e-01 -2.0244259334e-01 -1.0443970120e-01 3.0236374212e-01 -1.2046925609e-01 1.1304579218e-01 -2.7145121783e-01 1.7754608035e-01 -2.5754462930e-01 -1.1713300519e-01 -1.5155436634e-01 -7.4999823574e-02 -3.3396593478e-02 -6.1372696274e-02 -1.2951346440e-01 -7.3420320034e-02 8.0044401169e-02 -5.5708828109e-02 -1.4718307025e-01 -1.0513077009e-02 -2.9331282631e-02 -1.1218219167e-01 -2.6215043174e-01 -2.2879113773e-01 -1.0695458554e-01 1.7849639907e-01
3.0839897162e-01 1.7249549080e-01 -3.2891304211e-02 -3.5254260786e-02 3.1099811467e-01 -2.0138099084e-01 2.0559000959e-01 4.0319765844e-01 -1.8198130220e-02 -1.0228084909e-02 3.0060642396e-02 -5.3080227011e-03 -1.4622123896e-01 3.9093900653e-02 4.0957507749e-02 -9.1629255470e-02 1.0192314373e-03 -3.5582305139e-02 -7.6895049463e-02 2.8046988748e-02 5.1102190376e-02 -8.2104703339e-02 -2.6084907007e-01 -3.3307356552e-01 -1.4137678733e-01 -4.0617164091e-02 -2.3895207580e-01 -3.8654804893e-02 4.0077656323e-02 8.4815690199e-02 -1.3253041897e-01 -5.3494215547e-02
7.0303496729e-03 -7.5683771638e-03 4.4528231554e-02 -3.6617933840e-02 -1.8139410047e-02 -1.1286501761e-01 4.3636793231e-01 -5.0553038425e-02 -3.0578140382e-01 -3.7066695048e-03 -1.9343212595e-01 9.7789806040e-02 3.5663516656e-01 1.8339663399e-01 3.4179362582e-02 -1.1046405889e-01 -1.9184269827e-01 -1.3040732968e-01 7.5618126801e-02 4.0618556406e-01 3.8581179085e-03 -1.1811468224e-01 2.5290590825e-01 1.2729931131e-01 1.6399726924e-01 -5.6688711454e-02 -9.7205548870e-02 1.9673894661e-01 -8.6568053391e-02 8.9315346915e-03 -1.3313210146e-01 3.3968882733e-01
1.8607908731e-01 -2.3675193398e-01 2.8039677289e-01 -3.1215683593e-01 -1.2912043966e-01 -2.2077069683e-01 1.3806294671e-01 -3.1473483090e-01 -1.5308513628e-01 -1.6222172412e-01 1.6100969798e-01 -3.6056471623e-02 8.5180616823e-02 2.9230024254e-01 1.0516631544e-01 6.2454242837e-02 -2.6429539623e-01 1.1296709391e-01 1.1594584837e-01 -1.4645896546e-01 1.0354875206e-01 -1.7604147033e-01 2.4334803452e-01 3.1742167541e-01 1.2579878970e-01 2.3329414538e-01 8.7333666023e-02 -1.7654153165e-02 3.9632779872e-02 -5.9791567399e-02 7.0615580979e-01 -6.3603669063e-02
-2.5686611083e-01 1.0607323423e-02 1.5052761859e-01 -1.6331664575e-01 -1.9645392482e-01 6.4321384806e-02 1.7161162991e-01 -6.3301281009e-02 1.8050730472e-01 1.4896333665e-01 -8.2585437020e-02 1.0417293437e-02 -2.0702208239e-02 1.5642686775e-02 4.4818918919e-01 -1.7175199874e-01 9.3070029792e-02 -3.1751886464e-01 -1.4532240013e-01 1.3640864663e-01 4.5642036274e-01 -9.3142238427e-03 1.1018066971e-01 1.8909575774e-01 1.0789571336e-01 1.4289228260e-01 9.2000831255e-02 -9.5358867667e-02 9.4977710468e-02 -8.1246376203e-02 2.2881213125e-02 -1.2734953801e-01
-6.1110730499e-02 -1.7835997091e-01 3.0821492173e-01 -1.5957439160e-01 2.0453105887e-01 -9.0871145586e-02 6.1401775821e-02 1.3401756016e-01 -1.9241302740e-02 -1.5558217356e-01 -2.5375541969e-01 -2.3172188259e-02 -2.3212895648e-02 8.9197826916e-02 -1.8084226557e-01 2.4419813933e-01 8.1017332811e-02 -1.2089909917e-01 3.4950237911e-02 8.1996704072e-02 -4.7047016434e-02 4.7735000232e-03 -7.6598177135e-02 2.2898068366e-02 3.6143248617e-01 -1.5712579145e-01 -2.3895497300e-01 2.3735171214e-02 3.8325257228e-01 1.9140951206e-01 -4.7980208058e-02 1.3816954694e-01
-3.0305716430e-02 -3.2970035161e-01 -3.8222333281e-03 1.8546700630e-01 -2.8165199324e-01 5.5216364815e-02 1.8292269275e-02 -1.0635690834e-01 -4.4623963309e-01 2.1791047929e-01 1.4630993631e-01 1.9607680633e-01 -1.7788925636e-01 5.0259736430e-01 -5.8273827920e-02 -3.8070791125e-02 -1.9317383252e-01 1.9668630700e-01 -1.0178741041e-01 -1.6421014396e-01 5.5057932271e-02 7.0231138831e-02 -1.4674915928e-02 2.0115155332e-01 1.9477039538e-01 3.6428162824e-01 1.4013887128e-01 2.9986129613e-02 1.2155205278e-01 1.3711982410e-01 -8.3909666866e-02 -1.4661463502e-01
-1.1396001715e-01 -2.4812078217e-01 1.5084797413e-01 -1.0260037346e-01 1.5177564875e-01 3.8281578001e-01 -3.5660091681e-01 -3.4747574364e-01 1.2759532616e-01 2.4310473978e-01 -3.3308558106e-01 2.0134932589e-01 2.0360671123e-01 -1.6239669028e-01 -2.0871819106e-01 3.5208109298e-01 -1.0753800025e-02 4.7156970170e-02 -1.0367546142e-01 -2.4676962812e-01 -3.7522657091e-02 -1.6473957921e-01 4.8492246148e-02 4.9496076886e-02 -2.1043845798e-01 1.3947785492e-01 2.1652429019e-02 -1.3416269570e-02 -1.2987550840e-01 2.8392660402e-01 2.3309375127e-01 -1.9124628041e-01
-1.2001600447e-01 -7.1218326035e-02 1.5970070610e-01 2.9476869131e-01 5.4576336595e-01 -4.0965467451e-02 1.3564358797e-01 -2.2959262932e-02 1.0676676602e-01 -1.7126167251e-01 -1.4389724974e-02 -9.7380966172e-02 -6.2695079764e-02 2.7186254892e-01 -2.8991914750e-01 -4.7731178886e-02 -1.5216125839e-02 5.6235907126e-02 1.8961349409e-01 2.7219171449e-01 -3.9547054249e-01 -1.2210191339e-01 -1.6836416832e-01 1.4067694219e-01 4.1906828920e-02 1.0713895079e-01 -8.0861821685e-02 -2.1187694280e-01 -3.3435570859e-01 -2.4275384674e-01 1.6352505859e-01 -1.5360604776e-02
1.3651044744e-01 6.0684490839e-02 -7.1563496983e-02 9.2322828446e-02 7.8238950238e-02 -2.8544413403e-01 -1.4584638792e-01 3.0746120375e-02 -1.7077313460e-01 1.4348173243e-01 7.1983241510e-02 2.5823038698e-01 1.7720311494e-01 -2.2971980482e-01 -2.0437415844e-01 -1.0611544157e-01 1.7794453234e-01 4.6717212828e-02 1.5311655250e-01 -6.6263227652e-02 -1.8074007182e-01 9.3936891850e-02 -3.8951712718e-02 1.1588991266e-01 1.3367373814e-01 -1.9962683537e-02 -1.3738198625e-01 1.7022118202e-01 8.3419431696e-02 -1.8060739329e-01 1.3748477912e-01 3.8388437290e-02
-3.4046404300e-01 -1.0323937932e-01 -9.2807071463e-02 1.4609862430e-01 1.5655291067e-01 2.6096605599e-01 -1.9674695330e-01 -6.9190212458e-02 -7.4228887557e-02 -2.6532964827e-01 5.1535476386e-03 4.1189427463e-02 -2.8482693208e-01 -6.5120945399e-02 1.0722386057e-02 -1.4639320478e-01 -1.0160238891e-01 -1.3061676872e-02 -2.1619579262e-02 2.1622741690e-01 1.2691632210e-01 1.5736362054e-01 1.4146838468e-01 -3.0635771105e-01 2.7168461656e-01 2.1912638272e-01 -1.0239808083e-01 -1.6782203068e-01 9.5892841668e-02 -4.2486182228e-02 8.2033305292e-02 -2.3675516740e-02
-1.8743692414e-01 -1.2704594337e-02 1.4053738873e-02 -6.4785982830e-02 -3.8866811425e-02 -8.4503154940e-03 1.1073045192e-01 -4.4030701024e-02 5.8612954516e-03 -2.1162793822e-01 1.6843178993e-01 -9.9338809916e-02 -1.8513806341e-01 1.5189676433e-01 2.0278754215e-02 -4.9126764288e-02 -4.9956825499e-02 -4.6673726065e-01 -1.7006828673e-01 -5.6678851680e-02 1.5393816603e-01 1.8313782356e-02 1.0550108067e-01 2.5734086156e-02 -3.5150646257e-02 -6.2727801695e-02 5.3710425728e-02 3.2947858125e-01 5.7970279151e-02 2.1100334371e-02 6.8857946281e-02 1.9767944035e-01
