-1.1443892314e-01 -6.4601968554e-02 -5.5836205353e-02 1.0096998655e-02 1.0773516820e-01 -3.2075064951e-02 -1.3583262020e-01 -2.4116796074e-01 1.9426615974e-01 -1.3176666201e-02 1.7796689182e-01 -2.4860576947e-01 -1.7711558134e-01 3.2812169834e-02 -2.4691603535e-02 2.8126768518e-01 2.1365712849e-01 -4.4790850382e-01 6.5388790446e-02 4.4155367510e-02 2.3666073962e-01 -5.0792650276e-02 2.0220996263e-02 -7.1890661371e-02 1.7118149209e-01 -5.0958863598e-01 -8.7299815788e-02 4.8986618927e-02 2.0194358363e-01 -3.0753216674e-01 -2.1686967059e-01 6.6453966445e-02
-3.2749497366e-03 -1.9085403295e-01 5.2880937581e-01 -1.6611717295e-01 -3.6330549384e-01 -5.7742792822e-03 -6.1439278316e-02 1.6925807890e-01 1.6250589255e-01 7.7029737653e-02 2.8454427785e-01 -2.5057226368e-01 -2.9511650766e-01 3.4148394488e-02 2.9419003319e-01 5.9167991314e-01 6.0193369208e-02 1.5558582653e-01 9.1683825925e-02 9.2505215523e-02 3.2975689389e-03 -1.5695999299e-01 -7.4948908861e-02 -1.1207795288e-01 7.6823020184e-02 -3.0724130419e-01 -2.8905628449e-02 4.0950443376e-02 7.2717076044e-02 -2.9491368774e-02 1.0870555941e-01 1.1841677781e-02
-3.6938461893e-02 -2.5160349449e-01 -6.1281800680e-02 1.3828311360e-01 -2.1559879047e-01 1.6988980250e-01 6.7274072716e-02 -1.1452520482e-01 -7.9755034325e-02 3.7528812765e-01 3.3139657270e-01 2.6048226139e-01 1.1442900908e-01 -8.3749007718e-02 1.0041250988e-01 -1.0087093704e-01 -2.5756995352e-02 -1.2360280476e-01 -3.0893260531e-02 4.8628692207e-01 -5.5627307623e-02 -6.8744839847e-02 2.0093246205e-01 -2.7568830487e-01 7.6459016561e-02 1.1392052006e-01 -2.3404818620e-01 -7.3695900839e-02 4.0676324086e-02 3.8842552532e-01 -3.5482273373e-02 -4.5033337989e-03
2.1959808796e-01 6.6313964025e-02 1.1419465789e-01 -2.2607282014e-01 -1.2608993627e-02 2.4924987758e-01 -4.4876672788e-02 -4.6504954011e-02 1.8718774570e-01 -1.0523721870e-01 1.3691709383e-01 8.5528367607e-03 1.4392867663e-01 -3.7269973632e-02 4.7083997876e-03 3.5122501603e-02 3.1739790827e-02 -2.8513461201e-01 -1.3300665788e-01 1.4671722865e-01 4.1427874084e-02 9.0644018299e-02 1.1677170461e-01 1.2359820604e-01 2.3386028818e-02 2.3674533760e-01 -8.7118871804e-03 7.5233652175e-02 1.0510949741e-03 2.5861004623e-02 -3.8538915579e-02 -1.6130447591e-03
1.4302061044e-01 2.8745581183e-01 -9.1334250757e-03 -3.6618844754e-01 3.2935455956e-01 -6.2883508104e-02 -1.7705479507e-01 -9.2034091697e-02 -7.1703091821e-02 2.8796472276e-01 -1.0982712191e-01 -1.6011447014e-01 -2.6008109979e-01 -2.7272786988e-02 1.3131551620e-01 -1.6097712317e-01 1.0096351374e-01 -2.7082475273e-01 -9.9989168856e-02 -1.3614226963e-02 -1.2005805665e-01 -1.2355475846e-01 5.4721105423e-03 2.1521183229e-01 1.1296370472e-01 5.5316501857e-02 7.7496882761e-02 -5.8779750814e-02 3.5842388629e-02 4.1967638129e-02 1.9346972278e-01 -7.0308468096e-02
1.1432009424e-01 5.2736997927e-02 -2.7461822851e-02 4.9729531789e-01 -2.8277223377e-01 -1.9474939312e-01 -3.3605228480e-01 -3.3104885055e-01 1.0555849799e-01 -4.0277491731e-02 4.9878688562e-01 -1.4609989292e-01 1.0384721052e-01 -4.0703406557e-02 -8.8074328539e-02 2.0303043745e-01 -2.3542685352e-01 -7.7997611436e-02 -1.9557173305e-01 -1.1028581411e-01 3.2419687914e-02 -1.3702287719e-01 -2.5830823251e-01 -3.0639776670e-01 -1.8576567597e-01 3.8023175682e-02 2.3544098355e-01 -3.4986983100e-01 1.1059737119e-01 2.8270490688e-01 1.7516193150e-01 -2.9704429695e-02
-3.1531195123e-01 4.1428561186e-02 -5.5693539226e-01 1.6794045371e-01 3.7328220460e-01 -3.3416867083e-01 -6.5925440064e-01 3.2778461374e-01 2.5099550805e-01 5.6898533297e-01 -9.7090904369e-02 -2.9297045307e-01 -2.9253766287e-01 -1.1191423181e-01 -8.6604167651e-02 -5.7607690311e-01 -1.2820955573e-01 5.4191846840e-01 -3.0549840657e-01 -5.6676043284e-01 3.4744514862e-01 3.3175159033e-01 3.1890092572e-01 3.1395321569e-01 2.3100085992e-01 -4.3613998394e-01 -5.5205440410e-01 -3.6517347315e-01 -4.6965564672e-01 -5.1003843969e-01 2.2686339399e-01 -4.4406244791e-01
2.0446887258e-01 4.3258225123e-01 -2.1188067231e-01 1.7349615151e-01 -1.1358635660e-01 8.0741142594e-02 -1.1161272154e-01 -2.8054487210e-01 -2.7318668508e-01 -3.5121379559e-01 1.2573403198e-01 1.3164615824e-01 6.5485293230e-02 1.4545381691e-01 -2.4004160430e-01 7.5709904131e-02 3.2625870825e-01 -2.6566556663e-01 -1.0832690376e-01 1.4602000329e-02 -1.6558979454e-01 2.0082238600e-02 -2.9837903565e-01 2.1806896685e-01 -1.0813482261e-01 -3.0328174468e-02 2.6910033933e-01 1.6769486995e-01 -1.1079432117e-01 2.0278676446e-01 8.6051624991e-02 2.2029792356e-02
7.7907827437e-02 3.7255566118e-01 3.8894167123e-02 1.0142017118e-01 1.1726099972e-01 3.7229837114e-01 2.5460837063e-01 -1.9124583652e-02 5.1587027345e-02 8.5847509963e-02 -2.5883128955e-01 1.0372428331e-03 -8.5718689206e-02 -2.0441689913e-01 1.0406559133e-02 -1.4422096031e-01 1.9069391437e-01 -1.0538740744e-01 1.6877583903e-01 -2.0652331911e-01 -1.5360199645e-01 -1.7103628447e-01 2.9926389867e-02 -7.5862190134e-02 -2.1521262036e-01 -8.4510461847e-02 -1.5560752189e-01 8.9415028072e-02 1.3948977220e-01 1.7342560233e-01 -4.6470221324e-02 4.2978825324e-02
1.4321264248e-01 3.1535568319e-01 -4.0426359882e-02 -5.4126850283e-02 -1.2865541914e-01 1.2322474962e-01 -2.8754184159e-02 1.4123727154e-01 -1.3774695419e-01 -1.3837679226e-01 -1.6449560005e-01 -5.9160336284e-02 3.0884237592e-01 -3.1885106807e-01 -1.4910900141e-01 3.6330341671e-01 4.4451775211e-01 -1.5690551896e-01 4.1522993724e-01 -2.3937217946e-01 -1.4915072036e-01 -2.0917099052e-01 1.2446909754e-01 2.8836364724e-01 -3.2723323333e-01 2.7093632001e-01 3.7054625410e-01 -1.5960833744e-01 -5.1725070946e-02 4.0886436356e-01 -3.1965354007e-01 8.0549795282e-02
-2.2487140261e-01 1.3726932092e-01 2.1003614581e-02 2.2110799978e-01 -1.0565491300e-01 -1.3836179251e-01 -1.5277163861e-01 -5.1219228032e-02 1.5756245437e-02 -4.2816063112e-02 -1.6750357400e-01 5.4748848616e-02 1.2721062996e-01 1.2922653171e-01 1.1026507957e-01 -3.0687887429e-01 -1.9115629214e-01 -4.4844767291e-02 2.3112046656e-02 -9.3664976121e-03 -2.1848422076e-01 -1.0379703179e-01 1.8554417728e-01 4.8996216381e-01 5.1520753218e-01 2.5431985472e-02 -3.2139753861e-02 2.0199151265e-01 -1.7746705785e-01 -1.1183989602e-01 -2.0455374841e-01 -5.5512532915e-02
-3.5144968312e-02 6.8352878925e-02 2.0597985531e-01 1.7080444025e-01 5.2224830724e-02 9.4769965028e-02 -6.2997761047e-02 1.4706757255e-01 2.1281401567e-01 -1.4012369875e-01 -2.1546992873e-01 3.4528133376e-01 1.6730754723e-01 -1.4765345040e-02 -1.3560213529e-01 -9.1023596365e-02 7.7534760885e-02 -1.2875051562e-01 3.5237895320e-02 7.2679941988e-02 -1.1225381698e-01 -1.9527722215e-01 -1.2657199486e-01 -5.1649049385e-02 -1.3294694939e-01 8.3581279727e-02 4.4167315253e-02 -7.7903295020e-02 -2.0083083553e-01 7.7647567112e-02 3.5179089919e-01 -9.9605116376e-02
-2.0320527983e-01 2.8904998816e-01 2.7409579247e-02 1.2038835536e-01 4.0379529608e-02 3.3611824390e-01 2.6502078418e-01 2.4250171480e-02 1.0541379724e-02 1.9232413354e-01 -5.5101775560e-02 6.7212667058e-02 -1.2536213923e-02 -1.5516556517e-02 -5.4461690919e-01 2.8751170270e-01 -8.8513398487e-02 -1.7444282311e-01 -2.5283696097e-01 -2.0262617217e-01 -6.6470791223e-02 -2.3847113683e-01 -1.6837386633e-02 1.0285711801e-01 -1.6977204699e-01 2.1575739729e-01 2.6026293253e-01 2.6888206162e-01 3.2007592265e-01 2.3441890340e-01 -4.5955342841e-02 1.4274067562e-01
4.0325556264e-02 7.7332017308e-02 1.1643216247e-02 3.1359795868e-01 -1.4813711947e-01 -1.0604020424e-02 2.9472701550e-01 -9.9661739005e-02 -1.6051782345e-01 -9.0470918097e-02 -2.8308812798e-02 4.9343525047e-02 -1.4432716496e-02 9.8295620116e-02 -4.5944021129e-03 -1.0713141295e-02 1.4980262254e-01 -3.0710675876e-01 -1.7258919455e-02 -3.6468848156e-01 -5.1621173408e-02 2.6587268930e-01 -7.4306473383e-02 3.2874976421e-01 -9.7246473955e-02 -4.4868436677e-01 -2.0289733830e-02 -2.3419067699e-02 1.6229079576e-01 2.2233071471e-01 -2.3766306797e-01 7.9167818511e-02
-2.0256405308e-01 -9.6945883255e-02 -2.4664383567e-04 -2.1564012614e-01 1.9620006656e-01 2.0945589097e-01 -6.7669723635e-02 -2.5893403823e-02 -1.9170044677e-01 1.2435309151e-01 -2.0141252128e-01 5.0228600556e-03 2.1888854238e-01 -3.3156324293e-02 4.9024342959e-02 8.7136741941e-03 -1.3170691449e-01 -9.1967048855e-02 2.6357117937e-01 -1.1536815483e-01 -1.0205157033e-01 -9.7656533991e-03 2.6494968230e-01 -1.7717297879e-02 3.1198872223e-01 -2.4122390783e-01 -1.6410184020e-01 1.7662004344e-01 -5.7821726210e-02 1.5105304892e-01 3.0422787578e-01 -1.7204654718e-01
-1.6064943087e-01 9.4265319032e-02 -8.5345138811e-02 -3.5958791547e-01 4.6091723673e-02 -6.0120659303e-02 1.1957052844e-01 3.9440017736e-02 -1.0163675002e-01 5.0877426043e-02 2.4935530602e-01 1.9045430699e-01 -1.8144200468e-01 1.2276335797e-01 -1.4679613573e-01 4.8901294870e-02 -1.4435755309e-01 -2.1315772256e-01 1.6727502712e-02 8.3227460365e-02 2.0997027036e-01 -1.4500368606e-01 4.0882290861e-02 -1.0024870874e-01 -6.4795529024e-01 2.3621827301e-01 1.3894918152e-01 7.7972144419e-02 1.6005410008e-01 1.0559412683e-01 1.6981371833e-01 3.4672624199e-01
-3.8383236695e-03 -1.3033215635e-03 5.7276082373e-02 -2.7583107764e-01 3.0914312757e-01 4.0798638437e-01 -3.7049372076e-01 6.6893004985e-02 -1.5143663048e-01 2.2551442664e-01 -1.0958572127e-01 7.7521516039e-02 -1.5930629678e-02 1.9680391230e-01 1.5345704421e-01 -1.6927599788e-01 -1.3620050861e-01 1.0971204060e-01 2.2450747841e-01 4.1899765820e-01 -1.2734779139e-01 -3.9190655993e-01 3.4362826253e-01 -8.0217584105e-02 8.1522938489e-02 6.6428752114e-02 1.8296475579e-04 -8.1930619369e-02 9.1463481797e-02 1.6251319032e-01 3.0290057333e-01 1.2154862378e-01
1.0976025545e-01 2.6808895798e-01 -2.6260428663e-01 1.3640150281e-01 1.3586810289e-01 -1.2149961746e-01 -1.9970589816e-01 -1.9735546335e-01 -8.5262706268e-02 3.0660225472e-01 -5.0011263324e-03 -3.9342326275e-02 3.8230294086e-01 -2.8792895169e-01 9.5324782468e-02 2.5772165482e-01 3.7846061906e-02 -1.9959847214e-02 3.7230812539e-02 2.6098098052e-01 1.3268993179e-02 1.3634689776e-01 -5.3644310418e-02 3.8440388808e-02 -1.2828292489e-01 1.5540033307e-02 -2.8373711642e-01 -1.5729522860e-02 -1.4126837336e-01 -1.2308978606e-01 -1.4363212981e-01 -1.0239575987e-02
9.6120613020e-02 -1.4173494354e-01 -3.5962533957e-02 -2.7035771544e-03 -1.2376232676e-01 8.5823662082e-02 3.3452860873e-02 -2.6170292980e-01 -3.7796037292e-01 5.0441368951e-02 1.8707637276e-01 2.4345453003e-01 7.5832979040e-02 -3.2597466156e-01 -7.9955830480e-02 -1.5141549742e-01 1.0805770017e-01 -3.0361780501e-01 1.5429037517e-01 1.4036576254e-01 -3.5110922192e-01 -9.9560157639e-02 -3.3410975275e-01 1.6683722942e-01 -3.0732823000e-01 -1.1256622256e-01 1.9096979788e-01 1.8255847430e-01 3.2836134853e-01 2.4594177980e-01 -4.8897926644e-02 2.0069753380e-01
2.0756838104e-01 -2.1025361890e-02 -9.7872079151e-02 -5.6694970012e-02 2.4578326879e-01 -1.0846551641e-01 1.4019236696e-01 1.4821469947e-01 1.8821533276e-01 2.5619286262e-01 -1.5649616124e-01 -3.7400399097e-01 2.4194274429e-01 -1.5199336290e-02 2.2456553026e-01 -3.5762176492e-01 2.2515271664e-02 2.3329564470e-01 1.3379894590e-01 2.9148843944e-01 6.2603086509e-02 -2.0548879276e-01 1.2415227189e-01 9.7721809869e-02 1.9679626123e-01 -1.9769130964e-01 2.0269302419e-01 2.0261232308e-01 -4.2567370384e-02 -2.2980116106e-01 2.2311596225e-02 -1.5594621998e-01
-4.3557994505e-01 -1.3809523309e-02 -1.0222432256e-01 1.5499035712e-01 -1.6615267420e-01 -6.2912418209e-02 -4.6593833678e-01 1.8198336138e-01 3.1559277940e-01 -1.5478496466e-01 1.9725394926e-01 3.8445683407e-02 -2.8245545025e-01 -7.4117909768e-02 3.7147208143e-01 -2.0920160466e-01 -2.5823804859e-01 -6.1274886176e-02 -4.6615852441e-01 7.8099113484e-02 2.1883481908e-01 7.2705367550e-03 -1.6883659454e-01 -8.1879193172e-03 7.2733448199e-02 -2.1810574669e-01 -2.1332966526e-01 1.4279424937e-01 -2.7393681588e-01 -2.8689023361e-02 1.6378747844e-01 -1.6079523535e-01
4.8609712395e-02 1.6702072496e-01 3.2205920571e-01 1.0165285591e-01 1.8691161696e-01 2.2837129015e-01 1.1264385009e-01 -1.7349661712e-02 -7.9636048247e-02 -1.7271178660e-01 1.1956747329e-01 9.1895312407e-02 1.1284102142e-01 1.8596176622e-01 -1.5063212504e-01 1.2248013412e-01 2.8336047954e-02 3.4185298798e-01 -1.4141293468e-01 -1.3108606063e-01 1.2378987779e-01 1.4502320885e-01 -2.1615106826e-01 -7.5054207171e-02 3.6810510326e-02 8.0921959410e-02 -2.3843713362e-01 -4.4859421676e-01 -3.2160327256e-01 4.5332479754e-02 -1.7993434384e-01 1.5180805349e-01
1.2188859513e-01 -4.7320688358e-02 -2.3706821054e-01 -2.6946628758e-01 -2.1426049408e-02 1.9663140048e-01 -1.7385553219e-01 1.9408732480e-01 -1.8846293927e-01 -1.0419938897e-01 5.5218234943e-02 3.5380840608e-02 -9.8201907087e-02 2.4329255529e-02 9.7783916860e-04 -1.1995731587e-01 5.5159702980e-02 -1.0039868480e-01 -1.6951680080e-01 4.2012438524e-01 8.3996570417e-02 -9.2180246018e-02 2.0468117045e-01 1.3690800647e-01 -1.4357497421e-01 -1.8914158226e-02 3.3217331520e-02 -1.8472784775e-01 1.2015018516e-01 5.6829559047e-02 -2.2836070638e-01 6.1798109471e-01
1.4475165702e-02 1.0478398645e-01 -2.6078428974e-02 -5.9806783796e-02 -1.6524559320e-01 6.2632633766e-02 -1.8893331693e-01 1.7694695533e-01 2.7654632020e-01 2.0723256378e-01 1.9087088302e-02 -8.3459149628e-02 2.0882999323e-01 2.5768700163e-01 9.2683552349e-03 -2.8705293249e-04 2.4093417091e-01 7.3791506914e-02 9.3636296832e-02 4.8954779840e-02 2.7035686227e-01 -1.0396902019e-02 2.3745043529e-01 3.0722876191e-01 -3.4318573926e-02 1.1765691466e-01 -2.3194148133e-01 -3.7717964345e-01 -1.2433101047e-01 -2.2953659965e-01 1.9880157402e-01 2.6040805427e-01
1.7682488119e-01 -7.0810034778e-02 -2.2358843929e-01 -3.0225961614e-01 8.5723888615e-02 3.7556413125e-02 4.5604250783e-02 1.6084834444e-01 -1.5697763785e-01 -2.0037784534e-02 3.8026560368e-01 -4.0699464189e-02 7.6046868483e-02 -1.3010162026e-01 2.7493465976e-02 4.7338151058e-02 9.9921810958e-02 -1.7494825718e-01 4.6447020501e-01 7.6523731989e-02 2.2935874311e-01 -2.3758374805e-02 -7.1480510661e-02 -1.6396435054e-01 1.2210166143e-01 2.7617477566e-01 -2.0891848794e-01 -1.3927606896e-01 1.8740677543e-01 1.6216772757e-01 1.4396602690e-01 5.1181189746e-01
4.2490434272e-01 7.9090556395e-02 3.9717101395e-02 5.3960998359e-02 -8.6978361237e-02 -4.8903012754e-02 -1.5455731629e-01 1.4407730535e-01 -1.6658375908e-01 7.5846590477e-02 -7.2523247215e-02 1.3733906087e-01 7.5390972079e-02 9.1506960386e-02 8.5518595837e-03 -8.9470100002e-02 4.8675577737e-01 -5.6495132453e-02 1.3792423542e-01 2.0586061936e-01 2.2473579009e-01 -1.6504890854e-01 2.2301199847e-02 1.5786767438e-01 1.2755822014e-01 3.8442849020e-01 -1.7692775938e-01 1.2295108341e-01 7.6119004914e-02 2.7159300336e-01 1.4596791925e-01 8.4517250857e-02
1.2523683530e-01 -1.4784980714e-01 7.1939586202e-02 -9.0780491355e-03 -1.4274818194e-01 5.5558989160e-02 9.8562874022e-02 2.1768977541e-01 -1.5821788771e-01 3.1190285809e-02 -1.7818978979e-01 1.5735234685e-01 5.2219628034e-02 3.3924448551e-01 -3.1704851813e-01 -1.3951775542e-03 3.7699420622e-02 -3.5060457296e-02 1.1241842177e-01 -1.2959525224e-02 1.0904489733e-01 -2.0405006448e-01 1.9954135749e-01 -1.1386648686e-01 1.7609857939e-02 -1.2860940707e-01 2.1490485039e-02 1.7925555433e-01 3.6560133162e-02 -2.3100879095e-01 1.0210847011e-01 4.2996295717e-02
6.0681965756e-02 3.1394570114e-01 -2.4431492362e-01 -7.4921787483e-02 -6.7960794338e-02 7.0201242114e-03 -1.3678304952e-01 2.1961265903e-01 2.1704815754e-01 1.1482972266e-01 -2.4169952526e-01 -3.4702125914e-01 -2.1228756127e-01 -1.0497927718e-01 3.7160676800e-02 3.3104561701e-01 -3.8089342713e-02 1.3322130035e-01 -1.3395755943e-01 -4.8166722156e-02 -1.3105019226e-02 1.5998366467e-01 -5.1324209008e-02 -2.7673798828e-01 1.0186285650e-02 -7.8879985128e-02 -1.2921942821e-01 -2.5102379380e-01 1.3005893928e-01 -1.3646659065e-01 -2.5767017622e-01 2.7407051913e-01
-3.0175375551e-01 1.6290773304e-02 1.4964578432e-01 1.2654636037e-01 -1.2442837231e-01 -1.6733429545e-02 2.6498376670e-01 -1.4185742411e-01 -2.5082328418e-01 1.4707103841e-01 -1.4034695061e-01 3.5753019297e-02 6.4177876627e-02 2.6179229349e-01 4.9793869860e-01 5.6361636663e-02 -3.6552549550e-02 -8.9673440300e-02 -3.3710847000e-01 3.2600613493e-01 1.8853349773e-01 -4.7290682052e-02 -4.8100959028e-02 -9.9339150725e-02 5.5009119300e-01 -3.7166073721e-01 -4.1571368068e-01 1.2893781555e-01 2.4710416410e-01 1.0065086720e-01 -9.2933328869e-02 1.1529829407e-01
1.9615078109e-01 -6.4753029839e-02 -2.5612005436e-01 1.1138173882e-03 1.0622707453e-01 8.7699243048e-02 1.6148347959e-01 -2.0597092020e-01 -6.6472360232e-02 9.0741564388e-03 -3.8068989852e-02 1.1949430104e-01 2.2375140050e-01 -3.0791423258e-01 8.6263346049e-02 -4.6876634944e-02 -8.8667309792e-02 -3.7219547147e-01 -1.3120943763e-01 5.1119140339e-02 -2.9095615162e-01 -7.7780563548e-02 -2.0972647530e-03 7.6828296051e-02 6.8865289688e-02 1.8761879915e-01 2.2611611322e-01 1.2188301121e-01 1.5116630030e-01 2.3823875244e-01 1.3598243866e-01 1.0467086572e-01
-2.7696415558e-01 -2.2862644868e-01 1.1225293497e-01 -6.9850474554e-02 4.6795462616e-02 -9.9120016483e-03 -4.5364463109e-01 -3.3516988415e-01 1.0345533794e-02 -1.4236792349e-01 -2.6269463210e-01 5.1278876735e-02 -1.7140693623e-02 2.4171861243e-02 3.1719356229e-01 -1.8019002267e-01 2.9380565853e-02 1.1744857897e-01 2.2372487647e-01 -2.0805415238e-01 -1.3229792796e-01 -2.3490061699e-02 -1.0824905846e-01 -2.1736715085e-02 -2.4196065516e-01 -6.2073743677e-02 1.0424635584e-01 1.5272945346e-01 -2.1914698207e-02 1.9394119657e-01 -1.1895590625e-01 9.7000384606e-02
2.0822224012e-02 1.0227346288e-01 9.8380824779e-03 -7.9108676903e-02 1.2374884459e-01 -2.3060639415e-02 1.7759054032e-01 1.8755424252e-01 1.9058191420e-01 -1.2272218233e-01 6.9894711828e-02 7.4958606062e-02 -1.4099385972e-01 2.5095452556e-01 -8.7153018233e-02 1.6773570821e-01 1.3647651945e-01 -1.1932144229e-01 -2.8031188084e-01 -1.2486528428e-02 -4.0519537104e-02 5.8701378756e-02 -1.0385160173e-01 7.7007930900e-02 4.1454555747e-02 -6.6546109368e-02 -1.4557918956e-01 1.9937722431e-01 -1.6576786179e-02 2.6146411616e-02 2.6148603621e-01 -1.7973260095e-01
