-7.9444177190e-02 2.2682957302e-01 1.1036632439e-01 7.3134647223e-02 2.4096372538e-01 -2.6155599950e-01 -8.9744882083e-02 6.2421553166e-02 9.1623925332e-02 -2.3142775161e-01 -1.5421361908e-01 -1.8807260167e-01 -2.2573343892e-01 9.2898002166e-02 7.8039227978e-02 -6.6918819053e-02
-5.3663192513e-02 1.0513983729e-01 2.8603038751e-02 3.6011793268e-01 4.1721090489e-02 4.9877624154e-02 -5.9495528543e-02 4.0433761792e-03 3.3719877159e-01 1.3225737670e-01 -9.3729201703e-02 -1.7163334121e-01 -1.7457083724e-01 -3.5550655409e-01 -1.8313160178e-02 3.7930571681e-01
-4.3927008582e-03 1.5832549950e-01 -2.3932487040e-01 1.5796393086e-01 1.2985121570e-01 -1.2143219147e-01 -4.4761417444e-02 3.3539235551e-01 1.0248506246e-01 2.5409156443e-01 4.6272499908e-02 -1.2035286767e-01 6.1788365180e-02 -2.6208384798e-01 5.6581481237e-02 1.8867292953e-01
1.0246828928e-01 -9.8684848219e-02 -1.0886523147e-01 -3.2855053281e-01 1.8223403094e-01 -2.7730733167e-01 2.9555125768e-01 9.8312534743e-02 3.0325453707e-01 1.6781261441e-01 -6.1913724664e-02 -1.7946499970e-01 3.6090508122e-01 5.4929997798e-01 -1.3085734631e-01 -4.3887952821e-01
-4.4317883018e-02 2.9358481296e-02 1.6124092247e-01 -2.8262331487e-02 -2.0102337830e-01 -3.5422625423e-01 -1.2502154687e-02 -3.2336058568e-01 -1.3037177805e-01 -5.0550432284e-01 1.4867984549e-01 9.4295532019e-02 1.9182864726e-01 -1.7544818430e-02 -6.2638703300e-02 -1.5370545976e-01
-7.2372386575e-02 -3.6507464376e-02 -5.8046689776e-01 3.4558535256e-01 5.2161649590e-02 6.9704578377e-02 -2.0295710322e-02 -8.4659710248e-02 -9.3611810237e-02 -1.8267932739e-03 2.1746170030e-01 3.7293733155e-02 -5.4111218163e-02 -1.6809261740e-01 -9.0913164619e-02 1.7232260884e-01
-2.3546187190e-01 -1.4526505466e-01 -2.2584212628e-01 6.8671408349e-02 1.1538169028e-01 1.2593193818e-01 -2.2390993535e-01 -6.9374959719e-03 -6.1392008811e-01 -1.8986661192e-01 8.6730065261e-02 -1.3223894593e-01 1.0797427877e-01 -2.6459295038e-01 3.8442848234e-01 -1.5859189731e-02
2.6039244219e-01 -2.4371963451e-01 1.5279968676e-01 -5.7622170682e-02 -1.4598407462e-01 1.4518983086e-01 1.1409446208e-01 -2.3457886715e-01 -8.7258992781e-02 5.8828849463e-03 5.5839142773e-01 -3.5635182898e-01 -9.4334631920e-02 -2.4097337013e-01 2.1265421657e-01 -3.3715161651e-02
-4.3701925398e-02 1.3127498385e-01 1.7096511024e-01 -3.4698164965e-01 2.9595523658e-02 4.1020588262e-01 -7.7636174653e-02 1.1611125815e-01 -7.3547568106e-02 8.5430150529e-02 1.0543382950e-01 6.6172575727e-02 -2.6593557422e-01 1.1553437104e-01 -1.0146416760e-01 -1.9667917385e-01
7.0172352689e-03 2.2288611413e-01 1.6704887266e-01 -8.5285705937e-02 1.4453852858e-01 1.0824322152e-01 1.5152374643e-01 1.2671706284e-01 -2.5332416050e-01 1.6272030657e-01 -1.8059799420e-01 1.2105734635e-01 1.9687113725e-01 6.9866077275e-02 3.2730517023e-01 2.9935306455e-02
2.6091363813e-01 3.9468888383e-01 -2.7023106460e-01 1.4695308214e-01 -1.9837728867e-01 1.8678628657e-02 -1.7349541319e-02 2.6864319785e-01 5.9670349290e-02 1.0060064648e-01 3.2990881963e-01 2.8519972293e-01 6.6336408814e-02 -1.5454558786e-01 -2.2986326142e-01 -1.7427308816e-01
9.6097183720e-02 4.2955737144e-02 -3.2673900280e-01 -4.1014186381e-01 -1.3305864109e-01 8.6730445532e-02 -1.4506445049e-01 3.0690329526e-01 -2.0518953879e-01 -7.3841167756e-03 2.6506384023e-01 1.6757832292e-01 4.5270356655e-02 -3.8111749619e-01 1.5559917178e-02 3.5857056110e-02
2.4151529548e-02 -1.4273335721e-01 2.1921359198e-01 -3.4194226784e-01 -3.4148288087e-01 -3.4179384108e-01 -4.7661144679e-02 1.7355676487e-02 2.5585244417e-01 -2.5882701483e-01 1.0783745468e-01 1.1691178067e-01 4.9245966964e-01 1.3503708117e-01 -3.2842153942e-01 8.0181658479e-02
-4.1995681824e-01 1.4997043630e-01 2.1240832893e-01 3.8549979840e-02 3.1786325663e-01 -5.1732702412e-02 -1.8969369061e-02 -2.7368262708e-01 2.4036632899e-01 5.1854746178e-02 -8.8777623014e-02 1.0376328071e-01 -2.2067610001e-01 -4.5955310628e-02 3.3481157231e-03 6.1375394472e-02
-2.6687972887e-02 -2.0210901543e-01 -1.5445132943e-02 -2.9216219523e-02 -4.2261542915e-01 1.0122594957e-01 -5.5689656903e-03 -2.5579285754e-01 -2.6735429113e-01 -1.1770727128e-01 -2.8949528543e-01 3.4225294207e-01 -2.2398213131e-01 5.8202064476e-03 1.4171765533e-01 -1.9835643216e-01
2.7280692701e-02 1.7430235922e-01 -4.7602506797e-02 1.9608355838e-01 7.8486763078e-02 -1.8510631934e-01 -6.4797213237e-02 2.0450187637e-01 -1.5281181055e-01 -3.3054982149e-01 -2.4463361042e-01 9.9651538113e-03 5.5255017870e-01 -7.8383381506e-02 -2.9681728696e-02 -4.5484210706e-01
-2.3332015529e-01 -2.7857128449e-01 -3.9458408983e-02 2.2939037904e-02 -4.9698791088e-02 -1.6982478877e-02 -2.1249492190e-01 -3.8081705494e-01 -1.5810017122e-01 2.4726107854e-01 -2.5001297634e-01 -9.1598628584e-02 -7.7099523080e-02 -7.4622620029e-03 1.1708750172e-01 -9.3137386522e-02
-2.2077491312e-01 2.3810027735e-01 -2.7522011029e-02 -1.5869387700e-01 -1.9691841747e-01 2.8778712921e-01 1.0901720211e-02 1.2836714200e-01 1.4806726973e-01 -5.6262454232e-01 -3.0210834604e-01 -2.2774239351e-01 1.1120099092e-01 5.1257215926e-01 -3.3244417672e-03 5.2744421226e-01
-2.6391643043e-01 -3.5411917582e-01 1.5280000581e-01 2.9109173945e-01 -3.0565730532e-02 -4.5285533185e-02 -1.9065164006e-01 2.6386141688e-01 -5.1702559474e-01 -2.0235797984e-01 -1.3059901737e-01 9.8747634391e-03 -9.8305081525e-02 -2.4311001568e-01 -4.7864847464e-01 3.1733420854e-02
6.8828474469e-02 3.9130393296e-02 -7.9608727844e-02 2.3873650399e-01 6.7565288710e-03 2.6036835508e-01 -9.7734679593e-02 -6.7663353974e-02 2.8353954851e-02 9.6214407766e-02 -4.3919777434e-02 -7.9606334793e-02 -2.4923935011e-02 -1.3001732262e-01 5.9895748850e-03 -1.8179769446e-01
1.8629407609e-01 -5.9985757786e-02 1.0639916469e-01 -3.4484210795e-02 2.9313138383e-01 3.4128743715e-01 -8.0635647576e-02 1.7910923763e-01 3.9668136810e-01 2.6236122468e-01 -4.0483478869e-01 -1.4010915590e-01 7.2967205692e-02 1.4478503324e-01 6.3068020321e-03 8.3057949524e-02
2.7636615543e-01 1.3710731601e-01 -8.5824001220e-02 3.5310020717e-01 1.7193125582e-02 4.1035921452e-01 2.2802152755e-01 2.9598815196e-01 -4.1980501148e-01 1.7816302795e-01 -3.4041434991e-01 -1.6763860977e-01 3.1549002257e-02 -3.6879037694e-01 -1.6205810644e-01 1.2425021295e-01
-3.0637076177e-01 -4.8698088350e-02 1.3134270416e-01 -1.5139991695e-01 -3.2504889799e-01 -3.0554786041e-01 3.4434849277e-01 9.2485931685e-02 1.4819369845e-01 -4.0570269282e-01 1.0906227184e-01 -4.7194937171e-01 -5.4433523646e-02 -5.2398668896e-02 1.7261009200e-01 3.3452467362e-03
-4.5060990379e-03 5.0404110864e-02 -1.1662868505e-01 4.9305951627e-02 2.1530505808e-01 3.4378686045e-02 1.8890318931e-01 -3.1590859001e-01 4.9454497834e-02 -1.9966612476e-01 -1.1142163441e-01 -6.8297047062e-02 1.3141096824e-01 4.6589162689e-02 -6.3669708928e-02 3.1519235968e-02
