1.0871892316e+00
-6.4390548097e-03
-6.7081594325e-01
-9.1745513762e-01
1.5721668840e+00
5.7451414575e-01
7.5708232041e-01
-6.9213427353e-02
-7.2827990235e-01
-7.7475201251e-01
-9.0000896689e-01
1.3684860812e+00
-1.2789436235e+00
-2.4527408078e-01
1.8136869446e+00
-5.8732486544e-01
-1.7068190938e+00
-1.0856500295e+00
1.4023323176e+00
1.2059705037e+00
3.4819129610e-01
-4.0657667545e-01
-7.0459711533e-01
1.2723785572e+00
-2.2286221413e-02
1.0634983354e-01
-2.3867416140e+00
1.4331148406e+00
-1.4730933028e-01
-7.2880662740e-01
6.6848982275e-01
5.9528435634e-01
