4.5561381179e-02
-1.9231527935e+00
-1.2094756647e+00
9.2663791745e-01
-5.7690826344e-01
5.7741905924e-01
-2.3105182267e+00
-9.2796853237e-01
2.2707149761e-02
-2.3826798152e+00
-1.1765726259e+00
-7.6030362237e-01
8.9826858330e-01
-7.0559612640e-01
7.7012950936e-01
-4.2194292263e-01
-1.9769130670e+00
1.2216830054e+00
-3.6230784957e-01
3.9831444647e-01
-1.4196506523e-02
2.3058072920e-01
-1.7725247524e+00
-1.2670807387e+00
1.2412014098e+00
2.6729553918e-01
-7.7711124218e-01
1.1510686242e+00
-3.0857564662e+00
-1.5700419984e+00
4.0171856859e-02
1.1574691562e+00
