-9.7651114428e-02 -2.9459630089e-02 5.0806481956e-01 -1.4587906209e-01 -1.0315018208e-01 -3.8658297015e-02 9.6944497184e-02 1.4855884288e-01 -2.6165562184e-01 -2.8064701578e-02 -1.7762971338e-01 -1.7705234607e-02 -1.9015766606e-01 -1.8828165150e-01 -6.4741932958e-02 2.7744511662e-01 -3.4442597337e-01 -1.5798755267e-01 2.3653922679e-01 3.5364422250e-01 -1.4979176471e-01 8.3718809706e-02 7.9971907453e-02 2.2086812252e-01 -2.0455492421e-01 -1.3028742466e-01 -1.3587433711e-01 -1.5649702905e-01 2.2969564334e-01 2.1259345771e-01 -3.2737753154e-01 -6.8806535265e-02
5.6829191702e-02 -2.1031318815e-01 -3.0978194372e-02 -2.4157209079e-02 -2.2340055513e-01 -1.9660386286e-01 7.1337082943e-02 -2.7936136691e-02 1.1093606889e-01 8.1080357217e-02 2.2308915773e-01 2.2171538928e-01 -6.8824135506e-02 1.8996673889e-01 -2.8170069060e-01 -3.2628459167e-01 -9.1452368884e-02 9.6261382849e-03 -9.8979182526e-02 -7.5845363528e-02 -9.2748984530e-02 -8.0187363735e-02 -9.7156392317e-02 -8.8798119363e-02 9.9759184583e-02 3.7627387906e-01 1.3496023440e-01 -2.9343000800e-02 -4.1959758332e-02 -1.2766536629e-01 2.5629157944e-01 -3.3088629381e-02
-6.0382897015e-02 3.0021143429e-02 1.8067547396e-01 -1.3732084374e-03 1.8190974447e-01 1.5042553447e-01 1.6638176095e-01 7.5892311876e-02 1.9326207468e-01 -1.3748175350e-01 4.8710065467e-02 2.5329706890e-01 3.3472092658e-01 -2.2928671465e-01 -5.5144890974e-02 9.2967432360e-02 -1.5546811520e-01 -3.0920325590e-01 3.0523395405e-01 1.7975379710e-01 -4.0476449601e-01 3.8861798895e-01 7.3044318893e-02 3.3926015725e-01 -2.0762971814e-01 6.6954251002e-02 -8.2353291587e-02 6.9071441546e-03 -1.9756889996e-01 1.4981432720e-01 1.5508626004e-01 -1.7202408751e-01
-1.4801738226e-01 -1.5901579906e-01 -3.2647626360e-01 2.8953357041e-01 -6.6038936161e-02 1.8403378070e-02 3.5518451769e-01 -1.2920031888e-01 2.7924918798e-02 -2.2726095777e-01 -3.7507844578e-01 -3.5355735443e-01 1.3343749340e-01 -6.5229584200e-02 -4.1200081254e-02 -1.0526878743e-01 5.4861865688e-02 7.5633922110e-02 1.0226046495e-01 2.1500477282e-01 4.5612590526e-03 2.0782103628e-01 -1.3771697170e-01 -1.6134440401e-01 1.1179503941e-01 5.3963529767e-02 -1.0318866407e-02 -8.0270142399e-02 -8.1477334392e-02 -2.1513145050e-01 1.2246911422e-01 7.1969640618e-02
-4.9908172261e-02 9.8314199397e-02 -1.9836437269e-01 9.2365822159e-02 -5.8405108935e-02 1.7085313307e-01 -4.0400140358e-02 -3.6188166148e-02 -2.5462691252e-03 2.8535785295e-01 1.3977396447e-01 2.6516074191e-01 -7.5800322756e-02 3.5937101665e-02 -2.4450958154e-01 1.5199750558e-01 1.1322205074e-02 1.7164241042e-01 4.6958343367e-02 -5.7640325351e-02 1.6177860337e-01 -2.6890625732e-01 -1.1153667313e-01 -8.2187094653e-02 9.5513723358e-02 5.6075785183e-02 2.2725555326e-01 -6.9147016349e-02 -1.8331035583e-01 -1.4610034573e-01 3.5898648777e-02 5.3403926012e-02
-9.0330911320e-03 -1.6955631796e-01 -1.0188396246e-01 1.3023300414e-01 8.3412712055e-02 2.6479103534e-01 9.7767409506e-02 -9.4437013345e-02 1.8532682112e-01 -2.3117378946e-01 2.2721859350e-01 4.1523521750e-01 -1.0065313749e-01 1.1308318494e-01 -1.0527122368e-01 -6.9779818202e-02 5.0126575459e-02 -1.8831514098e-01 2.8248041325e-01 -1.0332661426e-01 -5.5525060466e-02 -1.8675630867e-01 -2.1928036037e-01 6.0133164567e-02 1.2290794083e-01 -2.1773521875e-01 3.8371063143e-02 4.3913716487e-02 -1.7642118782e-01 -3.7280157843e-01 -1.5202342989e-01 -4.8241298928e-02
9.2064282918e-02 4.2005439755e-01 4.9385459978e-03 6.4415718790e-02 -1.2150171227e-01 4.0335806781e-01 1.7478773018e-01 -6.1209446365e-02 -1.2804444778e-02 -1.4041510506e-01 -1.8078078233e-01 -1.6602483670e-01 1.5298722816e-01 1.1582821740e-01 2.6724169277e-01 -1.1162269035e-01 -4.1328276453e-02 -6.1238341586e-02 -1.5745483183e-01 3.3116680885e-01 2.9149588973e-01 -2.2443317798e-01 6.2191095402e-02 -9.8550252662e-02 2.4860445739e-01 -1.2842365347e-01 3.1687447962e-01 -5.5741403454e-02 1.4060706167e-01 -2.2496565911e-01 -1.5070777755e-01 3.4443789807e-02
6.2627622743e-02 -1.8839664262e-01 -2.0802998213e-01 5.9802818911e-02 -3.4364976702e-01 2.1653986487e-01 1.0236604589e-02 1.7351887852e-01 -1.7810502725e-01 -1.7005505338e-01 -6.1529168255e-02 1.9310041139e-01 -1.5394532442e-01 -2.6620366966e-01 3.2332587881e-02 1.1560572360e-02 1.7175864429e-01 -7.5345334746e-02 -2.7943796395e-02 9.8178050071e-02 -1.9689226421e-01 -2.6427986325e-01 -1.0783270735e-01 -4.1888699856e-03 1.0389980035e-01 3.3007245023e-01 -2.1347871429e-02 2.2526977826e-01 8.3728556709e-02 -1.1690387579e-01 -9.6052898449e-02 -4.1204696347e-01
-9.6750173944e-02 -7.0137381304e-02 -1.5380287746e-01 4.6722632600e-02 -7.1502479001e-02 -1.3997236142e-01 3.4147570964e-01 9.4831367589e-02 3.1642846362e-01 -6.0856240360e-02 -1.1218501187e-01 -1.5788938396e-02 3.2933247175e-02 2.5597086688e-01 1.6628151878e-01 4.6842640463e-02 1.5535366216e-01 5.3357186928e-02 -1.3339725209e-01 1.1213990350e-01 4.3208257484e-02 2.8774847642e-01 -1.9440211315e-01 1.0243051534e-01 -2.8059836371e-01 1.6987356513e-01 3.3809059959e-01 3.8309961255e-02 6.2692814935e-02 2.9515566941e-02 9.0855608371e-02 -4.9979986735e-02
-4.6051653375e-01 -1.4965362004e-01 -1.5167902145e-02 -2.1745586955e-01 3.3638158491e-01 -3.5449016596e-02 2.3082780910e-01 -1.6760971210e-01 2.6126944054e-01 3.7200688616e-01 1.4102128105e-01 -6.8080430089e-02 -1.5274152626e-01 -1.8610859018e-01 2.8927689778e-02 8.9508399825e-02 -3.4642410401e-02 8.6900293664e-02 1.5134912931e-01 2.6465686229e-02 2.6545956804e-01 -1.5803367746e-01 -2.4104680887e-01 6.9613090363e-02 2.8534061300e-03 3.3440722471e-01 2.4502687096e-01 -2.5045125188e-02 4.4477500933e-02 -1.0392935917e-01 4.6808604042e-01 2.9580104975e-01
-1.5166906716e-01 1.0867173886e-01 1.0536997901e-01 -9.5938198620e-02 1.0937538954e-02 1.4742185104e-01 -1.0106808749e-01 -1.7342141138e-01 6.8786983384e-02 -1.5460020252e-01 -3.6924415490e-01 1.8105284804e-01 1.1036334815e-01 3.7128098997e-01 6.7210970457e-02 6.5203250703e-02 -5.8085986615e-02 -6.4364229008e-01 1.0091914326e-01 -1.4247908986e-01 3.1441374221e-02 -2.0570985642e-02 -1.7822394579e-01 9.8862599672e-02 -1.1116469840e-01 -2.9227326711e-02 -4.7815458116e-02 3.6459225363e-02 -3.3416859392e-01 8.7753538142e-02 -1.3832450333e-01 -2.7228797831e-01
-2.5698877163e-01 1.8156164435e-01 -2.0880516642e-01 -5.3916385662e-02 2.3471684532e-01 2.6585034611e-01 -1.4035952613e-01 -7.2365616595e-02 1.0022905116e-01 2.8921594752e-01 2.6210018288e-01 -1.9542687272e-02 -9.3319162757e-02 9.0280347987e-02 -2.3687194204e-01 -1.1789597549e-01 1.2650181313e-01 3.1910570136e-01 -1.4202770319e-01 -6.8827104195e-02 -1.0686936055e-01 -7.9451627048e-02 -5.3288855186e-02 1.4015385652e-01 1.2409773473e-01 2.5146168673e-01 2.6131282690e-01 -1.2297089453e-01 -2.9781241119e-02 1.4889835937e-01 -9.8769479569e-02 -3.9491014363e-02
4.8873117880e-02 -1.4320228908e-01 1.7535643460e-01 -6.5769713511e-02 -1.8912163898e-01 2.4317084704e-01 4.3532949480e-02 1.7624307933e-02 2.0387048559e-01 4.5317818043e-02 -7.5482366181e-02 -1.6838818012e-02 -5.9739491142e-02 3.3332038469e-01 -2.1116889556e-01 -3.0081614241e-01 -1.0157006239e-01 -2.2421449105e-01 -2.3761797631e-02 7.7493121540e-01 -1.2212184842e-01 1.4775980411e-01 -5.4676500510e-03 1.3663366971e-01 -1.8351344925e-02 7.0661334116e-03 5.1321908934e-01 -1.9730477531e-01 -2.4855596621e-01 -3.4999076836e-02 1.1400962887e-01 -4.2262622621e-02
-8.4910823449e-02 -1.7769173458e-01 -9.5046296461e-02 -1.3181121788e-01 -2.2265650205e-02 1.9293008063e-01 2.4690337116e-01 -1.4401738323e-01 -8.1457843924e-02 -1.8766551586e-01 1.4938632648e-01 -2.4832686461e-01 7.0954012156e-02 -1.1516692588e-01 1.8911282106e-01 -4.3641051197e-02 -4.3948998966e-02 -5.4222331102e-02 -1.2495554383e-01 6.1598738762e-02 2.4112410022e-01 -1.2446545466e-01 2.1143105718e-02 -1.0949564074e-01 -1.3746999957e-01 -2.0678841180e-02 2.1209264504e-01 -6.2031253472e-02 -1.8888439350e-01 8.2420053765e-02 -4.0592128588e-01 8.0879380768e-02
1.3579369227e-01 1.2039243103e-01 -1.6001792298e-01 -4.3434580099e-01 1.2059704538e-01 1.0306627854e-01 -2.1904094836e-02 -8.5999235729e-02 -2.0699127860e-01 8.6900717376e-02 2.4358850062e-01 2.9402727749e-01 2.6253621509e-01 9.2973026655e-02 5.1712695542e-01 -3.6888885896e-01 -4.8953576939e-01 -1.9570379679e-01 2.9280075339e-01 1.6196687523e-01 1.9491852461e-02 -1.0755252683e-01 -1.2776436444e-01 -1.8535286249e-01 1.0186344060e-01 -3.0117673613e-01 8.9619972254e-02 -2.1308983154e-01 -1.7197003334e-01 1.0302827752e-01 1.1773601431e-01 2.2091469160e-01
2.5943611381e-01 1.4883680401e-01 -6.1610395330e-03 1.6881519818e-01 -5.2736735406e-02 -3.1567866790e-01 8.8976062460e-02 -8.8157307060e-02 1.7299763081e-01 -7.1264394093e-03 -1.4765922373e-01 4.2653620909e-02 7.2815089905e-02 2.1532704321e-01 -9.0594791127e-02 -3.4739156460e-01 -4.9480896132e-02 -1.9140857109e-01 7.9896428677e-02 1.5238091821e-01 -1.9480519542e-02 -1.7277463542e-01 3.1315041974e-02 -4.1450322963e-01 -9.3422875724e-02 -3.4787300158e-01 2.6445623644e-01 1.8591121920e-01 -7.8243068941e-02 1.7113624644e-01 4.5802111404e-02 1.3217199634e-01
-9.7619480192e-02 -1.1061324001e-01 -1.5353080330e-02 2.0752911173e-01 8.4286965127e-02 3.6084622011e-01 -9.3495232850e-02 -1.1681464625e-01 2.5950907356e-01 4.8909994128e-01 2.4855569888e-02 1.4454731097e-01 -9.9028636880e-02 1.5825525473e-01 -1.8920182561e-01 -4.0194170602e-01 -4.2666043757e-03 1.8776652925e-01 -2.8788255246e-01 -7.5983168415e-02 -1.9196899484e-01 -2.5594124045e-01 1.2762575160e-01 1.9881410365e-01 -5.2615290491e-02 3.4281008332e-01 2.4106476386e-01 1.0567896888e-01 3.2461626260e-01 5.9845726216e-02 1.4044922341e-01 1.9784845283e-01
-3.3820841755e-01 -5.8563641378e-02 -3.3008128002e-01 3.1924527654e-01 1.0533629455e-01 -3.5761989604e-01 -1.5129843818e-02 1.2482145804e-02 8.6024042875e-02 -1.6854157799e-01 1.4951283520e-01 -6.9607584336e-02 -4.8823328351e-02 -5.0363357544e-02 1.1811743897e-01 -9.0829150299e-02 2.6689302771e-01 -2.0183808626e-01 2.5595712333e-01 -5.9199783299e-02 1.6350421701e-01 2.7769073249e-02 3.3654923577e-01 -3.1045529386e-02 2.3506984869e-02 2.1005356847e-01 -1.1574420997e-01 -1.2916232168e-01 -3.6748133171e-03 -4.1769774916e-01 -8.6158878418e-02 8.2680087133e-02
1.2915193740e-01 -1.7143477832e-01 -2.8572281386e-01 2.5229133871e-01 -4.0591203879e-02 5.7180825954e-02 1.3242211146e-01 2.9003744980e-01 -1.1645933916e-02 2.5250996014e-01 -1.4097272160e-01 -3.8228163237e-01 -1.7468146754e-02 -1.3780069403e-01 1.2914073352e-01 1.7193316303e-02 1.7875902655e-01 2.2893104574e-01 6.7369751119e-02 7.3291057144e-02 -1.5121732257e-01 2.3826865165e-01 -7.3083087854e-02 1.1398198027e-01 -2.1356111984e-02 1.0047510338e-01 -1.4100320458e-01 1.0903717669e-01 -3.3652872447e-02 -1.1056109639e-01 -2.4568610383e-01 -2.0813733328e-02
-4.5341563639e-01 2.0581932709e-04 6.5084642101e-02 -2.0142278272e-02 3.8715217149e-01 5.3246493471e-02 4.9563742076e-01 2.6344562993e-01 1.0340624079e-01 1.4058855793e-01 -2.0749354994e-01 3.2212085175e-01 -1.8381940864e-01 5.2447741510e-02 1.5820853038e-02 -1.1637392140e-01 3.6337138647e-01 3.8183044468e-02 -3.6680978691e-02 -2.8455969031e-01 -2.9307813557e-01 -2.9049605019e-01 -1.0152129409e-02 -9.8478492225e-02 2.1459246719e-01 -7.0562083752e-02 6.0032425814e-02 2.2877137352e-01 1.6268682448e-01 9.0721661513e-02 1.1116330917e-01 1.5604999276e-02
1.9817742943e-02 4.2440100253e-01 -7.6078217935e-02 9.2584659033e-02 -5.3938878347e-02 -4.4609480784e-02 9.0042560853e-02 -3.7305315065e-02 7.3554086166e-02 -1.1443842097e-01 1.5241830722e-01 2.9639419136e-01 3.0010505287e-01 4.4625390924e-01 4.0124583171e-01 8.6549512648e-02 3.5024706205e-01 -4.1977907243e-02 3.3083987503e-01 6.5668565788e-02 -1.7744251815e-01 1.0796990321e-01 5.3109839719e-02 4.8127718918e-01 1.9281835739e-01 -4.8146968578e-02 1.6864912447e-01 2.5601544815e-02 -3.5986814175e-01 -2.6106080655e-02 -7.4583705282e-02 -8.6872836760e-02
-1.4166770194e-01 -3.2818151239e-01 1.3839644166e-01 2.1266060427e-01 -4.2226407821e-02 9.6905260013e-02 3.9462515124e-01 1.0814269053e-02 1.8550284225e-01 2.4802254780e-01 -2.8815259992e-01 -2.0159803329e-01 -3.0994128384e-02 -1.5826789840e-01 -1.8640713262e-01 5.9398283657e-01 5.9262561448e-02 1.2669183420e-01 1.5842367814e-01 6.3815699997e-02 3.1366234580e-01 -1.3993491274e-01 2.6039807993e-01 9.3801973091e-02 -1.1936510939e-01 4.1273260573e-02 -3.5382294250e-02 2.9630254883e-01 1.7100682772e-01 -4.8079444510e-02 -1.2517997014e-01 -1.7057493852e-01
-2.0935989044e-01 1.9136687178e-01 1.8651541760e-01 1.5260635218e-01 -3.0061708504e-01 1.5664349022e-01 1.0101984583e-01 3.1162531236e-01 -1.8832749309e-01 -1.9975426281e-01 1.3463246714e-02 3.9978139952e-02 -1.5946783890e-01 1.0003856416e-01 -1.6995164735e-01 -3.5215737826e-01 1.1340492747e-01 -1.4288182353e-01 6.7514029493e-02 -7.3783054233e-02 7.0080153391e-02 -8.8252945960e-02 -5.1534289864e-02 -6.4346129785e-02 -1.3656931843e-01 5.8576833320e-03 -1.9064673328e-01 -4.4899091367e-01 -1.3712542910e-01 4.0487349683e-02 -1.1041527334e-01 1.2608844928e-01
1.1934077704e-01 1.4058569272e-01 -4.1872960156e-02 1.4817488457e-01 -2.5816334561e-01 1.0317150738e-01 2.3049324230e-01 -1.0347420665e-01 4.0968285152e-02 -3.2262270526e-02 -1.5247881821e-02 1.0574215143e-01 -1.4860348874e-02 1.5588007565e-01 -8.4918033046e-03 -2.4697569079e-01 -1.7444430890e-01 5.7092727924e-02 -1.1092134343e-01 3.5570394221e-02 6.9178663561e-02 9.6445748574e-02 -9.7988778575e-02 9.1714200500e-02 -1.0783379065e-01 -5.8959861651e-02 4.2504961511e-02 -1.1916145280e-01 5.6344127142e-02 7.4523088743e-03 2.0983303530e-01 3.1740272265e-01
1.4035298366e-01 1.1998361577e-03 1.2550806659e-01 2.2206321643e-01 -5.7643356985e-02 -4.9760735710e-02 1.0564341139e-01 9.9248598185e-02 1.5104660841e-01 1.8615417738e-01 -4.6940283429e-01 2.5848095230e-01 -1.6481430249e-02 9.5593781488e-02 1.9917197112e-01 -1.1165576614e-01 -1.5557074622e-01 6.0367816546e-02 5.8769482599e-02 7.0438866221e-02 -1.8095575334e-01 -1.0174047723e-02 2.0961654441e-01 5.5423956946e-03 3.2784977030e-02 3.4791430428e-02 1.6834643040e-01 1.2958111370e-01 2.7259941278e-01 5.0451476352e-02 4.9906896825e-01 -1.8231462949e-01
6.7056845248e-03 -1.3215227477e-01 -1.0884245860e-01 6.7606946915e-02 -1.0745242379e-01 4.6655192076e-02 1.4308619177e-01 9.1790228283e-02 7.8757104435e-02 1.4345096207e-01 -1.2050714650e-01 -1.2498792184e-01 -1.3212826956e-01 -7.4838196753e-02 5.9378900200e-02 -1.6072206592e-01 1.6792533520e-01 -9.5606916351e-02 -9.4279174175e-02 1.3914512755e-01 -3.0556963093e-01 1.9272862381e-01 2.1704045377e-01 -1.8563491230e-01 -1.8089277596e-01 1.6242682861e-02 -3.3938488436e-01 -1.0946472569e-01 9.0480606173e-02 1.1363110197e-01 2.2092912307e-03 1.4063070071e-01
-2.1745383651e-02 7.1938429052e-02 2.1410685921e-01 -5.0950673931e-01 -2.2403287428e-01 -4.7149489245e-01 -1.7196450004e-01 -1.0450903648e-01 -1.5846352015e-01 2.5888485986e-01 -1.2403310338e-03 -2.8373500105e-02 -5.0090215270e-01 4.3265118311e-01 1.2794166551e-01 2.1952053842e-01 -7.7909807392e-02 -9.6523182297e-02 8.8337435619e-02 -1.3512498632e-01 2.1468055143e-03 1.2300219384e-01 -1.0743376131e-01 1.3254072548e-02 1.6400910208e-02 1.1581986075e-01 1.7210547474e-01 -4.9280361609e-02 -2.3687394514e-01 3.5590417008e-01 -1.2850360598e-01 8.5586706770e-02
7.6815158989e-02 -1.5831799381e-01 -2.8205470714e-01 2.9447679020e-01 8.9237158191e-02 4.4883043670e-02 2.1700182671e-01 3.3472083013e-01 -3.3528094804e-02 1.7214368764e-01 -4.3107332556e-02 5.3047543088e-02 -9.4956145383e-03 -1.5673706268e-01 -7.4045014418e-02 2.2241459587e-01 1.5247111299e-01 -2.4339880261e-03 7.0693187870e-02 3.4478899262e-01 -1.5073890444e-01 5.3271896435e-02 8.7394983506e-02 -7.2984296380e-02 1.1190817563e-01 -2.3056190400e-02 2.6262089008e-02 -1.7441262993e-01 -6.5935718395e-03 1.1801549659e-01 -2.5516811420e-01 6.4952152143e-02
-1.1885931896e-02 -1.6249071114e-02 -2.0270236507e-01 2.5041638216e-02 -6.2063205851e-03 -4.6108992943e-03 2.2632859342e-01 2.4975594067e-01 -8.3187924812e-02 5.2049384179e-02 -1.6806457488e-01 -2.1089218561e-01 -4.4476790963e-02 -6.2542926708e-02 -9.5586224092e-02 -7.4128445429e-02 -3.4085122942e-02 -9.5508327616e-03 2.2107303013e-01 -2.6487330917e-02 3.1638983911e-01 1.0618014124e-01 -3.5522860408e-02 -2.2730576007e-01 8.3059926290e-02 3.7336954385e-01 -1.6203365967e-01 -4.2480073145e-01 1.3670085895e-01 -4.0595582065e-01 2.2086800865e-01 -7.0627927830e-01
2.9279101687e-01 -1.8929555932e-01 -2.5032415003e-01 -3.9767200757e-01 9.7488243962e-02 2.4122138297e-01 -2.7647376921e-01 9.4091945820e-02 -1.9464039928e-01 1.1340797945e-01 -1.4338054781e-02 6.8971609091e-04 -2.3717852924e-02 5.0254777438e-02 -1.2718750348e-02 -2.2168545241e-01 1.7614891715e-01 -1.3528323424e-01 1.1554151612e-01 3.8523020202e-01 -3.0615236047e-01 -3.4345655989e-01 1.2425531646e-01 -1.2462478759e-01 -7.6098382034e-02 -1.9640768252e-01 -1.0473078800e-01 3.7191500698e-01 -8.5395147681e-02 1.8232266010e-01 -1.2724676839e-01 -3.2876025082e-02
-1.3083833020e-02 6.1007323781e-02 -5.9926218365e-02 1.1957409481e-01 -1.4115755063e-03 1.3709462325e-01 5.7058065795e-02 -1.1494442098e-01 2.5374871032e-01 1.7650217229e-01 1.7668445674e-01 -6.4879424090e-02 1.2333884671e-01 1.7150970464e-01 -5.5432296975e-02 7.3456257646e-03 3.5631143164e-02 -3.7829284782e-01 2.6633555597e-01 -2.1598902249e-01 1.2544604334e-01 -1.3005177539e-01 4.3520730532e-03 -2.3721092216e-02 -5.1089526964e-02 1.9138489336e-01 5.6309723432e-02 -9.1138397460e-02 -3.8699577617e-02 1.7111718379e-02 2.4111813996e-01 9.0181633161e-02
-2.3590362055e-01 -1.3101862918e-01 1.5603318377e-01 -2.8634971674e-01 1.7005089820e-01 -6.9607939774e-03 1.0234143724e-01 -2.0607359558e-01 -4.4984431740e-01 -4.1209184207e-02 -2.4206802882e-01 -3.6927004528e-02 1.1874042167e-01 1.6763892956e-01 3.4055934925e-01 -1.4196510422e-01 -5.6291934256e-02 -9.8099887061e-02 6.5831614261e-02 -2.0406116131e-01 1.0834610599e-01 -8.6938850705e-03 -1.3193113515e-01 1.4840561557e-01 6.6281945098e-02 5.7005510443e-02 -8.4486323395e-02 -8.8129259675e-02 2.1870813817e-01 5.9130421440e-02 -1.5495789183e-01 1.9028887444e-02
