-2.9050405257e-01 -9.8954532236e-02 -1.2566861770e-01 3.0643576161e-02 -1.3365549807e-01 -8.4335780518e-02 1.0257342557e-01 -1.4808326657e-01 -1.2516183961e-01 1.7916616839e-01 3.9630646965e-02 -1.7822417129e-01 1.0172805356e-01 4.2371785909e-02 2.2117994152e-01 -1.2459253632e-01 -9.8318844490e-02 -5.0394678940e-02 -3.2377652667e-01 -6.2482462792e-04 -1.0378286110e-01 -4.6495101347e-01 7.9964097683e-03 -1.0972608282e-02 4.4662146942e-02 6.3511638091e-02 1.0345542025e-01 -1.0400004898e-01 3.2537144233e-01 -1.4188663269e-01 8.6358075077e-02 1.7762598250e-01
1.3583344635e-01 2.1764437765e-02 2.7244588561e-01 -8.1236649397e-02 2.2302414035e-01 5.6964375787e-02 1.1293531214e-01 -4.3424910658e-01 -1.2899799746e-01 3.9972403493e-02 -4.0656316464e-02 1.2895135606e-01 1.2386869416e-01 1.9807900326e-01 1.8950999839e-01 -4.0087271193e-01 2.3703658693e-01 -6.0169172973e-02 9.8807440308e-02 1.8058223966e-01 6.7345082051e-02 7.2069405511e-02 -3.9253775751e-02 -1.8126283628e-01 1.9337391195e-01 1.0331816954e-01 -4.1672222556e-02 -5.2893889626e-02 -2.6910640398e-01 3.8060994114e-02 1.4580653869e-02 -1.0781765292e-01
-2.9240253501e-02 -8.4110725453e-02 -1.2912348026e-01 5.0831416622e-02 -1.4379068568e-01 -2.0557068273e-02 2.4951483834e-01 -2.0736491623e-01 3.1781193179e-01 2.9558472927e-01 -2.1706296184e-01 -2.2882182808e-02 -6.4104522222e-02 -1.1182764047e-01 -7.1363581448e-02 -3.2821246729e-01 2.7956475964e-01 -9.4759209159e-02 -2.7270480521e-02 3.8534723343e-01 -2.7547936689e-01 3.7243614683e-01 -2.0842394764e-01 2.5585509948e-01 1.6451064109e-01 2.2592478020e-01 8.9561586807e-03 1.0797588516e-01 9.8625159410e-02 -4.9627777255e-01 -1.4182954393e-01 -2.1347853103e-01
-1.1782781401e-01 6.0351147089e-02 3.1749447664e-02 -7.5909253917e-02 -1.3606470211e-01 -1.5310733013e-01 3.4144655039e-03 5.2145991853e-02 1.5600345371e-01 2.8991653494e-02 1.6853101636e-01 2.8390279388e-01 3.6245246522e-02 5.3719685609e-02 -1.3363941089e-01 1.4044708813e-01 2.8487993218e-02 3.5583750965e-01 1.0324346170e-01 9.6001114115e-02 -1.0509013378e-01 -3.3305306051e-01 -5.5389019327e-02 2.2985953253e-01 -2.7587064409e-01 -4.5502031030e-02 1.4446740081e-02 1.2734605872e-01 -1.9119323678e-01 -2.3870850509e-02 4.5909531139e-01 -1.9582826510e-01
1.6636050718e-01 -4.3276502672e-02 -2.1929811888e-01 8.2821799318e-02 8.5403666822e-02 -2.7130828551e-01 -1.8996973938e-01 -6.4848663250e-02 1.9832222262e-01 3.0784705765e-01 5.3694669044e-03 1.5040317320e-02 -4.4622036054e-01 7.3699686997e-02 -1.2776708974e-01 -1.7397400170e-01 7.0987668328e-02 -1.3253009339e-01 4.4686659168e-03 7.8378466388e-02 -2.4525700197e-01 2.5818938372e-02 -3.1771822095e-02 1.0236209397e-01 1.4810760143e-01 6.4514286594e-02 1.0919057699e-01 -1.5073242012e-01 2.8602214122e-01 1.9253653526e-01 1.6215800235e-01 -1.5122851179e-01
-1.5055855540e-01 -2.0536431377e-01 3.2506005286e-01 -3.1301383861e-01 5.9899451065e-02 3.2339221213e-01 7.2535590968e-02 -7.3134983447e-02 1.4245207774e-01 8.5539677714e-02 1.0128840647e-01 -7.5877566191e-02 -2.8800020527e-01 7.6741514080e-02 8.5169858026e-02 -1.0420723225e-02 4.1503888924e-01 2.7584216497e-01 5.2514731287e-02 1.7081102550e-01 -1.4500405646e-01 -8.4680792183e-02 1.1131435710e-01 4.5070485590e-01 -3.4411898037e-02 1.4185692794e-01 -9.2478764618e-02 2.1793167042e-01 -2.0619101919e-01 -2.0575125843e-01 2.4389010123e-01 1.9351970626e-01
7.4182324353e-02 -1.7866667136e-02 1.9042165109e-01 -3.3581960116e-01 -1.9113748552e-01 7.5862972865e-02 1.7531664870e-01 -3.5245876094e-01 -3.6071298452e-02 1.3152675365e-01 -2.3514669603e-02 3.0782907711e-01 -3.5841888490e-02 -2.3646134339e-01 -2.7590720218e-01 -1.7311842904e-01 2.1691805755e-01 -1.3392937109e-02 -1.7516346235e-01 1.1917696503e-01 -1.0196111025e-01 3.3574767496e-01 -2.7405758416e-01 4.9523644069e-02 -2.0067846094e-01 -3.2662145517e-01 -3.1533947381e-01 -1.7833391584e-01 2.0861124756e-01 -4.6606292186e-01 9.5766163674e-02 -3.7714090192e-01
1.0149429928e-02 -3.0180516878e-01 8.7447679311e-03 4.6532922970e-02 8.4245328743e-03 -1.6710098953e-01 -7.6121609188e-02 -1.5763239911e-01 3.5060409843e-01 5.1877159085e-02 -1.5851638002e-01 4.5958720905e-01 -2.2654736265e-01 -1.4130026798e-02 -2.5061349268e-01 6.4300470437e-02 5.6881532425e-01 -2.0128599529e-01 -3.2752469544e-01 1.7408348716e-01 -3.3191465521e-02 1.6265676981e-01 -3.0805476769e-01 8.6299389531e-03 3.6154940100e-02 -2.0187732771e-01 4.0627017275e-01 1.3616933797e-01 -2.0690372727e-02 -2.7436274387e-01 1.8769115372e-01 -4.2812925513e-03
-3.0359380543e-01 2.0083168527e-01 2.1000907092e-03 4.6726332024e-01 -9.8380091856e-02 -9.3276831452e-02 2.7026093653e-02 -9.8875751185e-02 2.2482894979e-01 -3.4748620841e-02 2.2297481926e-01 -7.8780522829e-02 -8.7057831636e-03 -2.5165259620e-01 1.5343976716e-01 3.3639193245e-01 1.4613634645e-01 1.6410983584e-01 9.7361916709e-02 1.2879251292e-01 -4.3141831200e-02 -5.8673344133e-02 5.0659324360e-02 2.9424074493e-01 5.5249548327e-02 2.3204917737e-01 2.1175135113e-01 -3.8653829352e-02 -3.4294459399e-02 -1.2128758058e-02 4.1308286981e-01 -8.2900741503e-02
-2.6798520047e-01 -1.3317565691e-01 -1.5095276358e-01 -2.3204325395e-02 4.1317405534e-01 2.8937893716e-01 1.1717520237e-01 2.7233200492e-02 -1.1721640885e-01 9.9893593088e-02 -1.9642980281e-01 1.8061938741e-01 8.9185219768e-03 8.3407077233e-02 1.3940678464e-01 1.1386351833e-01 2.2483977214e-01 -7.2108715704e-02 -6.5736281525e-02 -2.7861695375e-01 2.2152152167e-01 2.0783925890e-01 1.3335190896e-01 3.1102752752e-01 9.2058538026e-02 1.3399890629e-02 -4.1079446721e-01 -2.9124218346e-02 3.4215387735e-02 -4.8721749255e-01 -7.3662504857e-02 -1.8395743435e-01
-3.3662441190e-01 -1.0064105507e-01 1.3085088600e-01 7.6216173987e-02 -1.8538740504e-01 5.9069748781e-02 -9.4385360678e-02 1.5857512621e-01 -8.3750607111e-02 -3.1798333479e-02 1.5372932985e-01 -1.6080485270e-01 -3.2825829939e-01 -1.5907653151e-01 -1.0383002009e-02 -1.0345966558e-02 -3.1395778368e-01 8.2393017767e-02 -1.6011788545e-01 1.9666158447e-01 -2.2129797504e-01 -1.4205837410e-01 -1.2376700704e-01 7.0284264291e-02 -8.7739434968e-02 -5.5586962396e-02 9.0634722101e-02 2.8255410606e-01 2.8939108705e-01 -3.0603398333e-01 -2.8050437729e-01 -2.9024082167e-01
2.1920956472e-01 -4.0097661070e-02 1.8554765917e-01 7.0049568104e-02 3.4582550226e-01 2.6894354836e-01 -1.5183115167e-01 -2.8303618227e-02 1.0454800194e-01 -1.7147484695e-01 6.3744597855e-02 -1.7552532473e-01 -9.1486811514e-02 2.8537963138e-01 1.3891422803e-02 1.6255771065e-02 9.7690637226e-02 1.0524987986e-01 -2.3932540535e-01 -1.8168665737e-01 -7.9533632163e-02 1.3958197472e-01 -1.9336467594e-01 -2.6097878583e-01 9.9816794463e-02 -3.6690309528e-02 1.8139645102e-01 -1.1578763398e-01 3.5286485716e-02 3.3361645492e-01 -7.6137456983e-02 -7.3835483726e-02
2.4487677269e-01 -9.3035440961e-02 9.0516937280e-02 -1.3081117410e-01 -6.6155465288e-02 1.3733798812e-01 -1.1729777125e-02 -1.0647097963e-01 -1.1741339293e-01 2.5907679125e-01 -3.2090462519e-01 -1.1812166771e-01 8.0966095473e-02 5.4138494613e-02 1.7192512078e-01 -5.1520220303e-02 -6.4451406448e-02 4.7087740169e-01 3.5954074472e-02 1.3868064158e-01 -2.9868652468e-01 -1.1015477936e-01 -8.0660596802e-02 -2.8388775635e-01 8.8597460846e-03 -1.3182465237e-01 9.7805480310e-02 -9.3928568358e-02 1.9179123940e-01 2.4142903222e-01 -1.2302727024e-02 1.4735603462e-01
2.9365715486e-01 -7.7366225034e-02 -1.1892453043e-01 9.0170935630e-02 -8.0260922901e-02 -4.9311832851e-01 1.9502510613e-01 -8.1665297693e-02 -8.0139107530e-02 -2.2526143093e-02 3.3813034624e-01 8.8491869540e-03 -1.5888578355e-01 6.3004126337e-02 -1.1737591034e-01 -1.1487998624e-01 -8.5176601083e-02 -1.8296128716e-01 -2.1560055486e-01 -7.8700041435e-02 -5.7956052878e-02 -4.7920711536e-02 1.2695682536e-01 1.8614658292e-01 -1.8488236383e-01 3.5193082578e-03 -4.3388622660e-02 1.1762412856e-01 -2.2881908526e-03 1.9731160926e-02 1.2264022347e-01 -5.3415615758e-03
3.2377330430e-01 -1.1414294278e-01 1.0118125417e-01 -2.5763589874e-01 -4.2779731965e-01 -2.4255361050e-02 1.2983705135e-01 -1.9120594028e-01 -1.6914581599e-01 -5.4517046811e-01 -1.5301960780e-01 -1.6300587422e-01 5.0297024637e-02 9.3711997912e-02 6.8248623557e-02 -2.9266823745e-01 3.0756321945e-01 1.5349640553e-01 2.4339578932e-01 -4.3648594703e-02 -1.8525544985e-01 1.6125922939e-01 4.0353174716e-03 1.4344099582e-01 -1.1278811553e-02 5.0779777314e-02 1.1033737901e-03 5.3763937190e-02 2.4692383171e-01 1.3977633283e-01 -1.5421263396e-01 6.1315788303e-03
3.8413441237e-02 -1.3035905784e-02 1.0682008588e-01 -1.4403689045e-01 7.0193063053e-02 3.4414510916e-02 -8.4508014041e-02 -1.0478225585e-01 2.6556367367e-02 1.4686559429e-02 4.9044484376e-01 -3.3386441040e-01 2.9278060591e-01 -1.6445248958e-02 -5.4548710104e-02 1.8263680492e-01 -1.6394111995e-01 1.2536839820e-01 -1.5955164561e-01 -5.7890331991e-02 1.2850847209e-01 3.0126461955e-02 1.3228801861e-01 -2.3588819174e-01 -2.5553209300e-01 -7.6355478545e-02 1.2621733454e-01 -2.7872804716e-01 -1.2249127511e-01 1.5048268853e-01 1.0117173725e-01 -1.2010896766e-01
-6.9247838692e-02 -3.9127980677e-02 -2.2152598097e-02 -1.6657652172e-01 1.1058425218e-01 -1.1418161151e-01 2.7225147631e-01 2.3075265100e-01 -8.6591657588e-02 -7.0456090822e-02 5.3374972242e-03 -1.0135519498e-01 1.8709355768e-01 -3.6355952676e-01 -2.1049684915e-01 -2.6241578724e-01 -1.2286254997e-01 -2.5237771575e-03 6.6902501881e-02 4.0675130517e-02 1.1664511806e-02 -2.2828681691e-01 3.4335141125e-01 -1.4799345563e-01 -1.0292653506e-01 -3.0164860991e-02 4.4590679067e-01 -1.4373008277e-01 -2.8623767175e-01 -6.7164571405e-02 1.0038518628e-02 8.1968161792e-02
-5.7542418977e-02 -4.9625765254e-02 -1.9373247720e-01 -1.3131106391e-01 2.6223044713e-01 -5.3540456567e-02 -2.6690404791e-01 1.0561238679e-01 -7.9512936486e-02 2.7261455676e-01 2.1665284475e-01 -2.5286752845e-02 -2.5884669523e-01 1.5828962621e-02 -1.6496856570e-01 1.5895695735e-01 -9.1532121365e-02 -2.2363985563e-01 -2.1468063936e-01 4.3239246541e-01 -1.3269336775e-01 4.1790622225e-02 -2.0770589728e-01 -2.5772892618e-01 2.2639363785e-01 1.8107821723e-01 -2.8671919378e-01 5.5434895233e-03 1.6500557950e-01 -3.7284918395e-02 7.0869194429e-02 -1.8332116941e-01
7.2921606814e-02 -6.9216089061e-02 8.0616071403e-02 -6.9926004352e-03 -1.3074834667e-01 -2.7372880899e-01 -1.9698210309e-01 1.4261933947e-01 -1.1604740769e-01 7.1652589557e-02 -1.6155336503e-02 -2.3665919929e-01 1.0186117287e-01 -2.9537087381e-01 8.8526890793e-02 1.3083969044e-01 1.7559501203e-01 -4.8487833313e-02 3.1412367537e-01 1.6066921368e-01 -9.3714319891e-03 7.0590610117e-03 -1.5357908382e-01 4.3155070285e-02 7.1377803498e-01 5.7463082337e-02 -1.1559308135e-01 3.0673996650e-01 3.3427849139e-01 1.4549579153e-03 1.6435502054e-01 -2.3589000162e-02
9.7408350253e-02 2.2196954758e-01 -4.1599106225e-02 -5.6754127588e-02 1.2131084539e-01 -7.0335182721e-02 -4.4203479503e-01 -3.0420717966e-02 2.2727324903e-01 -1.2508643223e-01 -1.9297828109e-01 2.1010474484e-01 -1.0845256510e-02 -2.0683828323e-01 2.0388976076e-01 -1.0933672982e-01 1.6998240566e-01 1.0329996596e-01 4.1102431080e-02 1.0244956558e-01 -8.9482422539e-03 1.5843767003e-02 7.3035077099e-02 -3.2583934853e-01 1.2049011162e-01 8.7892455792e-02 -3.3704362287e-01 -8.9380676374e-02 5.1081498971e-02 -1.6429805194e-01 -2.0615049885e-02 2.6513715190e-01
4.0020466483e-02 2.1680935419e-01 9.8089586573e-02 -8.1192861829e-02 -1.6668877479e-01 1.4485750413e-01 9.9751532715e-02 -2.7242456528e-02 -1.4114723033e-01 -8.5926509602e-02 1.8951672708e-01 1.5955522332e-01 1.5562798387e-01 -1.2681181288e-04 5.7523992420e-02 -1.8949276325e-01 -2.4350437356e-01 7.0822609242e-02 -2.3811382352e-01 -3.4931101665e-01 5.9780779916e-02 -2.1898946759e-01 2.3062417674e-02 1.6919450969e-01 -3.4581029594e-02 -4.9588506508e-01 -1.6230441545e-01 1.4155960410e-01 -1.5692411007e-02 7.3934531166e-02 -9.4571945322e-02 -2.2113657469e-01
-1.6216839308e-01 -1.4677919461e-01 1.0592821065e-01 2.7407301119e-01 1.0277693827e-01 1.0435292466e-01 -1.3263973165e-01 7.7387691033e-02 5.5548118297e-02 5.7199161384e-01 5.2679956664e-02 -1.4572974194e-01 -2.6447248207e-02 1.7002609817e-02 -1.9416050643e-03 2.6792594868e-01 -2.7627325287e-01 3.0809947444e-01 -6.7057513009e-02 -2.6067347568e-02 2.2388226820e-01 1.7617620674e-01 2.2449147853e-01 2.0157934786e-01 8.4489521719e-02 -3.5338422110e-01 -9.7010226961e-02 -7.2669459367e-03 -1.3293994738e-01 9.9260571505e-02 4.0639161760e-01 -2.7800512573e-01
-5.5957661453e-02 3.2512853132e-01 -7.2751033944e-02 1.2637371837e-01 4.5631721073e-01 -1.8943889608e-01 -8.4029088118e-02 6.7580990118e-02 -1.6889743961e-01 1.5923632897e-02 -2.5108230375e-01 -3.3822967497e-01 -1.4275257433e-01 9.9124929551e-02 -2.4889152968e-02 6.0048870023e-02 1.9230155460e-01 2.1008815832e-01 8.4863531101e-02 2.9812211060e-01 3.0837249407e-02 1.9820458911e-01 7.1267772464e-02 6.5208460638e-02 -1.2150992532e-01 3.0839026391e-01 2.3451860342e-01 2.7928126330e-01 4.6000680341e-01 -1.1271323264e-01 9.5548857823e-02 -3.7956348960e-02
7.4483162846e-02 8.0922502058e-02 -1.7401945497e-01 2.6300826705e-01 -1.3085347415e-01 5.8180671512e-01 1.3432425924e-01 -1.2916915091e-01 -1.1473162554e-01 -2.8513981921e-01 -1.1836297594e-01 3.2137968574e-02 2.2388743231e-01 -2.3281720436e-01 1.0295110538e-01 2.6106259000e-01 -8.8400010478e-03 -2.6329250789e-01 3.5427864664e-02 2.8295385073e-02 -1.9441768235e-01 8.5930234536e-02 -6.4338916745e-01 1.2013936205e-01 -4.2820111102e-02 8.2931040789e-02 1.2552049940e-01 2.9553706011e-01 1.3999969647e-01 1.4664926919e-01 2.5741850627e-01 -1.4240191931e-01
2.9604517091e-01 8.2886256640e-02 1.7910893984e-01 -3.5856034917e-02 -1.8732362805e-01 -1.6494093027e-01 2.0393166534e-01 -3.6844324531e-01 1.7611592483e-01 -2.9598386320e-01 6.7500063097e-02 -3.9957663313e-01 8.1140397419e-04 2.6399494938e-01 9.7051351622e-02 1.2702794909e-02 2.3188224192e-02 1.2070083320e-01 -2.4322171162e-02 -2.1653867026e-01 -3.2754007653e-01 1.4251245025e-03 -1.6374480508e-01 6.4177576167e-02 5.0455919022e-02 -1.5795913728e-01 -3.2549840993e-01 -2.0132289380e-01 -1.4869724398e-02 -5.2086687704e-02 2.0388446683e-01 -1.1077266602e-01
-1.3226790285e-01 -1.4333978278e-01 1.0834352268e-01 -5.7881212402e-02 -4.5041954133e-04 2.9410380388e-01 9.0609252930e-02 1.7715612874e-01 1.6564570303e-02 -1.5809348816e-01 2.5646099833e-01 4.1136399934e-02 1.6158270070e-01 1.1087906580e-01 1.5385497793e-01 -5.0507403914e-01 -2.8826769850e-01 3.3082717266e-01 9.1922316774e-02 -2.2780491891e-01 1.9427116037e-01 -9.5639273330e-02 1.1660293592e-01 -1.0733970746e-01 -9.8225972710e-02 -2.6080257494e-01 1.8126944810e-01 -2.3896596062e-01 -2.5374114540e-03 8.6683653766e-02 6.2239670765e-02 -1.3934382816e-01
3.3827233381e-01 -6.4740453629e-02 -1.7693773900e-01 -5.9732586626e-02 -1.3801479318e-01 -1.0454402555e-01 8.5621811654e-03 3.4367269200e-01 -1.1203330002e-01 2.3039535471e-01 4.0211747909e-02 -8.2232825492e-03 7.2969490406e-02 -2.5912618145e-01 1.5270456991e-01 -7.6829719804e-02 1.6677427985e-01 -5.0395137179e-02 1.6941126639e-01 -4.9473724612e-02 2.0850710095e-02 3.1545362030e-01 2.3791023603e-01 -7.7743050841e-03 1.9607745113e-02 -3.4746431676e-02 2.6812442235e-01 6.3773737958e-02 1.1273384866e-01 -6.2502217134e-02 1.0425560281e-01 -2.5100670690e-02
1.0878883961e-01 4.9363123461e-02 -5.6247236977e-02 1.3499555120e-01 -3.9356491466e-01 4.8701771779e-02 2.6022507574e-01 4.3789386841e-04 -1.9253008543e-01 -1.3938431021e-01 1.5848267315e-01 -1.6851656289e-01 3.5322658980e-01 -2.5508127716e-02 2.3605354444e-01 -1.4365007103e-01 6.5443094040e-02 1.4179610158e-01 4.2100156273e-02 4.5606340034e-01 1.7706934515e-01 1.2045819241e-01 1.2427983215e-01 -1.8793631577e-01 -7.2862864350e-02 -4.1342330081e-01 3.6134429222e-02 5.3858750923e-02 2.8231379918e-01 2.5227468165e-01 4.7899735815e-02 4.0546797727e-02
-2.7497769103e-01 -3.8632528796e-02 -3.2535292603e-01 2.4016415506e-02 1.5324505950e-01 -8.1670357908e-02 -4.3884064882e-02 4.4552265040e-03 2.5533971898e-01 -4.9335800777e-02 3.0586091898e-02 -5.8169933279e-02 -3.4057259722e-01 2.9143697420e-02 -3.1533712469e-02 -7.6875915421e-02 -5.9764614807e-02 7.6254538837e-02 1.9905693387e-02 8.8959361677e-02 3.1393003852e-01 2.2583587065e-02 -2.9033689476e-01 2.0991029197e-01 -1.3727767260e-01 -5.2081452963e-02 -1.8386656345e-01 4.6190737896e-02 -8.3570073708e-02 -2.0236789256e-01 1.7232014834e-01 -1.0452576538e-02
-3.5380047954e-01 3.9343083419e-01 3.5589553115e-01 -1.6157301291e-01 4.9278270369e-02 1.6396075245e-01 -8.3040930602e-02 -1.6201794364e-01 1.4969839037e-01 7.7313813908e-02 -4.8332185043e-01 1.8087276795e-01 2.2421577464e-02 -7.1928109338e-02 -2.6862256301e-01 1.4279658164e-01 2.9425537806e-01 2.3302230194e-02 8.5953656825e-02 -2.3896342582e-02 -1.8307283719e-02 1.7930095851e-01 -2.5954331481e-01 3.1910079098e-02 3.1088003760e-01 2.7527325561e-02 -5.7865510853e-02 6.3091004166e-02 -6.7441851112e-02 5.2515791310e-02 -1.9351615843e-01 -1.8763773119e-02
3.8454397450e-02 2.1049794659e-03 2.0642343013e-01 -8.6296013043e-02 1.1184894452e-01 -1.0688983827e-01 2.4476370044e-02 -6.0968362526e-02 -3.9494331038e-01 -9.1775812548e-02 -2.9405955046e-03 5.1043148106e-02 1.1256118039e-02 -4.6203455520e-02 2.5698435521e-01 2.1190871881e-02 -2.2508785337e-01 -4.3236942579e-01 -5.0775436226e-01 9.2494803604e-03 1.2704151950e-01 5.2343812171e-02 2.2886454914e-01 -2.1261739784e-03 -8.2732439379e-03 1.6331996095e-02 1.0691749122e-01 -3.2698116016e-01 -1.2322763386e-02 1.8556946910e-01 -7.9109159769e-03 1.1846484800e-01
-5.4266326248e-02 1.4678162484e-01 -2.9719128676e-02 8.4008457777e-02 3.7847619598e-01 1.1655460809e-01 -4.1332647823e-02 1.5967517617e-01 -1.2797691698e-01 1.2842123988e-01 -2.4145025549e-01 -1.5692224265e-01 1.6245190495e-01 -6.0649395261e-02 -4.0601373571e-02 -5.9565696006e-03 -2.0194662946e-01 1.1407054868e-01 1.9751748212e-01 4.6585749156e-02 3.1961670440e-01 -8.2680333496e-02 -9.5474745909e-02 -2.5141495758e-01 -2.0256810902e-01 8.5686905559e-02 -1.5898626092e-01 7.3632343168e-02 -7.6126769677e-02 1.0614871331e-01 3.1683401297e-02 1.5623032243e-01
