9.2065448190e-02 1.5890371462e-01 6.1657507167e-03 -7.2384569233e-03 -2.2042805019e-01 -7.1366331169e-02 -2.1118769114e-01 9.8009966262e-02 -3.3753103657e-01 1.8626427064e-01 -1.1437672901e-01 -6.1644492883e-02 9.3620868989e-02 1.8437954921e-01 -4.4739475485e-01 -2.5462942994e-01 1.3254765576e-01 -8.9611940240e-03 -2.4588985988e-01 3.1534545003e-02 1.8918380781e-01 1.8368736660e-01 -1.1872441659e-01 8.7831324665e-02 9.2482304061e-02 -9.6388952508e-02 -2.0423307741e-01 -2.2831792402e-01 -2.8402615581e-01 1.3836798815e-01 -6.9994249514e-02 2.5923374238e-01
-9.2052422296e-02 7.4584303690e-02 3.8953329051e-01 6.8506558724e-03 -2.2540953277e-01 -8.9090574214e-03 1.1910357010e-01 5.3300002627e-03 6.7589643154e-03 -3.6589603619e-01 -7.3041327607e-02 -7.7710899656e-02 -3.1476184513e-01 3.1983527713e-01 -4.6103861866e-02 1.1512073319e-01 -2.6278120494e-01 -6.6797201310e-02 1.4168678897e-01 7.2975071481e-02 -5.8413984751e-02 1.1556447640e-01 -1.6410967735e-01 -3.0340926288e-03 -2.9423647384e-01 -3.8665525815e-02 3.1250423935e-01 -3.8499435123e-02 -5.7522241729e-02 -1.8911924466e-01 -2.1071751515e-01 5.7428727244e-02
3.9350394984e-02 -2.0379926600e-01 -1.5280333350e-01 -4.1582885674e-01 3.5503008939e-01 -5.4106647000e-02 -1.8409850934e-01 1.6357983108e-01 -1.2922320906e-01 1.1593944238e-01 -5.8205670809e-02 -4.8485540726e-02 -1.3963007047e-01 -1.6751263451e-01 -6.8227317107e-02 -1.3130265096e-01 -3.4319857657e-01 3.1581689431e-01 1.1269997775e-01 3.1189811825e-01 -1.2159420619e-02 -4.3067288822e-02 -9.6985096568e-02 -1.1004267496e-01 -3.5492745262e-01 1.2489780244e-02 9.8006585110e-02 4.4053367468e-01 1.1557857457e-01 6.8559769480e-02 -1.5611775519e-01 1.1667311018e-01
1.5788892089e-01 1.1699968377e-01 1.1834353115e-01 1.0899785047e-02 -4.1579394341e-01 5.2162071657e-01 -3.6278040370e-02 -1.2971094489e-02 1.4792433916e-01 1.4596367834e-01 -1.7792609882e-02 -9.4707889248e-02 7.5595386687e-02 -6.6683117516e-02 1.6041422638e-03 -1.3053148227e-01 -7.7341101565e-02 -2.0356324935e-01 5.0274113935e-03 -5.6853261724e-02 5.8597086792e-02 1.4410748310e-01 1.7973896265e-01 3.4160485613e-01 -4.4175939549e-02 5.5373897900e-02 -2.0216526329e-01 -8.7682756715e-02 -6.4521766891e-02 -1.9885822791e-01 -1.3856028696e-01 -1.8952545252e-01
8.1181132932e-02 -1.5302746254e-02 1.8833048896e-01 3.6058009231e-02 3.4342975602e-01 5.1686983732e-02 8.3570101658e-02 3.2451687733e-01 5.7686646818e-03 -1.9590749729e-01 -1.1071303587e-01 -3.0723760685e-02 -1.0006437828e-01 -2.5130111427e-01 -2.2641246396e-01 3.7225369350e-01 -9.5575820662e-02 -1.6547760007e-01 3.3739402941e-01 -3.7267745151e-01 -2.3317717153e-01 1.9481829340e-01 -2.0008203700e-01 -7.1295643831e-02 8.2198396386e-02 5.2343749155e-01 1.8915771184e-01 -1.3634769106e-01 -3.4141640118e-01 2.3174233652e-02 -2.6140691698e-01 -8.2405698227e-02
-1.6137632899e-01 -7.0224015889e-02 8.8306257118e-02 8.9237015804e-03 -2.9386405814e-01 -4.6160761284e-02 -2.9637729915e-01 9.5572450783e-02 8.0381966007e-02 8.3795199474e-02 -1.3376536859e-01 1.3075448797e-01 -1.5482308392e-01 -9.3283715673e-02 1.6695568577e-01 1.3928091877e-01 -2.0985391072e-01 -1.3683101264e-01 -1.0301760540e-01 4.3447845876e-03 6.9759394114e-04 -1.9177366471e-02 1.1021008938e-01 -1.7390980334e-01 -3.1286500067e-01 -6.2811234296e-02 2.3919007743e-01 -5.4147920339e-02 -3.4691185617e-02 1.9534085087e-01 -2.9135069974e-01 -1.8082362219e-01
2.4330335088e-01 -3.3085956511e-01 1.4291238763e-01 8.8822991173e-02 2.8445191391e-02 1.6528863000e-02 3.0554027742e-01 -1.2012925827e-01 -1.6189272700e-01 -1.7516451903e-02 -4.1353571070e-03 2.4328615064e-01 3.6044370571e-02 2.5701785008e-01 -1.1981123285e-02 -2.2803275807e-01 -1.8038213230e-01 -3.1035929252e-02 1.5927469987e-01 1.5139315750e-01 1.1580134371e-01 -2.0321076384e-01 1.9446814272e-01 2.2086967366e-02 -8.4938908861e-02 -1.8309451395e-01 -2.7496621102e-01 -8.9321256947e-02 -1.8538669612e-01 2.1884754923e-01 -1.5893140446e-01 4.1306126521e-01
-1.3021659888e-01 -1.7613360622e-01 -1.4413930024e-01 -2.8650483042e-03 4.5847351151e-02 -1.3820292557e-01 8.9919266126e-02 1.0047106891e-02 -1.2559961941e-01 -6.5340835050e-03 1.1701188917e-01 6.7509911343e-02 2.6457583991e-01 -3.8208361197e-02 -1.6211542713e-01 7.1232902878e-02 -9.3203451561e-02 -6.9766090733e-02 1.6239110986e-01 -2.2541139765e-01 -3.1208424295e-02 1.3277521598e-01 2.3080133504e-01 5.3629359158e-02 1.2215880637e-01 1.5126731332e-01 2.4597286772e-01 2.9740241347e-02 2.4561876100e-01 1.2435763377e-01 -1.9119768815e-01 -1.6437184390e-01
1.5778286512e-01 4.1970584711e-01 -9.8469582663e-02 -2.8978263059e-01 7.7436444688e-02 1.2102348679e-01 3.0143481971e-01 -5.0137226199e-03 -1.7412238307e-01 9.7466260307e-03 -3.8241272880e-01 -5.1012148276e-02 4.1690755922e-02 7.4439088255e-02 3.5911749242e-02 1.6824083623e-01 -9.9024715712e-02 2.8325268421e-02 3.9254243761e-01 2.6092240883e-01 -3.0695726751e-01 -2.0610986701e-02 3.3559168656e-01 6.0622343997e-02 9.5288444019e-02 6.5022893288e-02 -1.3898004960e-01 -6.7718183091e-02 -1.1820247501e-01 -1.2285290418e-01 -1.3302274748e-02 -2.9524877556e-02
-6.3631638182e-02 2.3249804041e-01 1.0784807527e-01 -1.4511167339e-01 -2.8119318006e-02 1.8272700416e-02 -5.8710289612e-02 2.7261138472e-01 2.6118451268e-02 5.5607559938e-02 1.0453371365e-01 1.7315238737e-01 -6.2418827647e-02 4.0427838106e-02 -1.4975920186e-01 7.4640321757e-03 -6.2416778995e-02 -1.5635388762e-01 2.0333499035e-01 2.2546426822e-01 3.9757547670e-03 1.6217343474e-02 -1.6248211515e-01 1.0691238944e-01 9.2331032187e-02 -4.0523309295e-02 3.2314277568e-01 -9.1847390993e-02 1.6990826952e-01 -2.9283863000e-02 -4.1772273709e-02 -3.3862553534e-02
-2.4273690160e-01 -1.1691621483e-01 2.6032561612e-01 -1.7167071841e-01 9.3281814043e-02 -9.9935443615e-02 -3.2771420259e-01 -5.8894576240e-02 -7.9359944627e-02 -2.4558789241e-01 6.2260016337e-02 -5.2349645668e-02 1.6199643136e-01 -2.7235074094e-01 -2.1927321257e-01 1.7403820643e-02 -1.1242864485e-01 6.7582047775e-02 -1.1080415395e-02 2.8492455730e-02 1.6424583839e-01 1.3402703606e-01 1.1353833419e-02 3.8385580092e-01 -1.6351710261e-01 -6.8816647354e-02 9.6425409498e-02 6.1768860667e-02 -1.4881947377e-01 3.1366443238e-02 -4.7830041116e-02 -6.5775284568e-02
5.9158640822e-02 -1.5175070748e-01 -4.9588752754e-02 6.3830071638e-02 -5.4216104373e-02 2.1588174835e-01 -9.1268288088e-02 -1.8721195849e-02 1.1177094907e-01 -2.1488621995e-01 3.6997835517e-01 2.1550913896e-01 -1.3750963651e-01 8.1256460240e-02 -1.0771563155e-01 -3.0539521837e-02 1.3911143901e-01 4.4167652148e-02 5.1307859192e-02 5.3937906004e-02 2.3693057180e-03 -8.9617872896e-02 -1.9077310045e-01 -7.6608013451e-02 1.4347310264e-01 6.0880527726e-02 -9.5146750542e-02 -2.9178620608e-01 -2.7152219873e-02 1.2264503543e-01 -1.0077860392e-01 1.4275713517e-01
2.5090866838e-01 7.6466134947e-02 -1.5430635906e-01 8.3985260421e-02 3.2130372992e-01 -3.1039438774e-01 -1.2610076831e-01 -2.1555835195e-01 -9.5179248891e-02 -2.1039467212e-01 -2.4294808347e-01 3.0234078546e-02 2.0892945117e-01 -7.0478655243e-02 -1.2434907094e-01 -4.0065104065e-01 6.4981480240e-02 -7.7904911721e-02 -5.9667395437e-02 7.7633369374e-02 -7.8692797569e-02 1.3135966835e-01 -5.3370524492e-01 -1.3183538668e-01 -2.0844914086e-01 -2.8901223894e-02 6.6647624648e-02 1.4173173501e-01 -1.5046479108e-01 2.2362581204e-01 -1.5419557552e-01 -1.1695741239e-01
1.7878990073e-01 1.1152230090e-01 -2.5600476971e-01 -1.1459263922e-01 -8.7162104583e-02 -1.2022734959e-01 -1.1004923397e-01 -7.2860898685e-02 5.0184163872e-02 -2.9554432816e-02 -1.1830465178e-01 2.0858648540e-02 -8.2353301186e-02 1.5389649762e-01 -3.6888232176e-02 2.3566778581e-01 -1.4942443582e-01 6.0882723996e-02 -6.3499428879e-02 -1.3208251393e-01 -3.3705821206e-02 1.4415523454e-01 -1.3095043367e-01 4.1808216928e-02 -4.8220424248e-02 1.4708851041e-01 -8.4060331925e-02 2.3018454802e-01 3.0762338000e-02 -2.0942259576e-01 2.0090535044e-01 2.4891024025e-01
3.2993087559e-01 -2.4960043409e-01 8.7834896560e-02 -1.4813984831e-01 4.8694516008e-03 -1.2525190860e-01 3.3823645840e-01 -2.1654863573e-01 3.9552512257e-01 -3.1186261025e-02 4.5042400544e-02 1.0733149815e-01 -1.1073692068e-01 -1.9817509190e-01 -9.6821732942e-02 -4.8402315753e-02 1.1447542897e-01 2.0130871428e-01 3.2333584217e-01 7.8827163197e-02 3.9750303518e-02 9.1590884951e-02 3.5779614962e-01 -1.2729322033e-01 1.6063418115e-01 1.1953375568e-01 -2.3328202844e-01 -9.8146741993e-02 -1.6374086096e-01 1.3677759250e-01 -9.7071865092e-02 3.8744269110e-01
2.0839536000e-01 1.4147745717e-01 3.4183636218e-01 8.3065537382e-02 -6.5451550750e-02 2.9115741705e-01 -2.3267322626e-01 7.0156070900e-03 4.0365004304e-01 -1.0812058053e-01 -8.0027169364e-02 -9.6233663964e-03 -4.6697839665e-02 -3.3182470400e-01 -2.4194860695e-02 1.9701758357e-01 2.0712702631e-01 -1.3407614300e-01 -4.5914345267e-02 -2.3705535437e-01 4.4300427723e-02 4.6299612020e-01 -6.3454612069e-02 -2.0132889675e-01 -1.9447765336e-02 -6.0633590415e-02 -9.6891178186e-02 2.5536873237e-01 8.3635707859e-02 -2.5402862785e-01 9.1393833855e-02 1.7313216913e-01
-4.8645161841e-01 1.6494230852e-01 -2.1352902539e-01 3.8476176629e-01 -1.1182393779e-02 -1.1737674771e-01 1.3508865453e-02 2.2046203948e-01 -2.8752881180e-01 -1.8376332799e-01 -5.1048567957e-02 -1.8177516703e-01 -2.5957966492e-01 6.3345022973e-02 -1.4703529932e-01 -2.1529156355e-01 -3.0836958909e-02 1.8046982890e-01 -5.6900602568e-01 -2.1538675380e-01 -3.3558492615e-01 -7.5714711548e-03 -3.3766453026e-01 1.9553087824e-01 4.9260764645e-01 3.5429279260e-01 5.4404248129e-01 1.3468912522e-01 -3.5242430688e-01 -2.7264745366e-01 -6.1786493745e-02 -5.4104154880e-01
9.7104681258e-02 -4.0902458092e-02 -2.4721013610e-01 1.2822492152e-01 1.7118162484e-01 4.8768986389e-02 1.2589869461e-01 -1.5656985074e-01 -1.2951375023e-01 -3.1747602354e-03 1.1606412227e-01 -7.6444122654e-02 1.6602395016e-01 -2.3865319203e-01 2.7111544292e-01 -3.2419962081e-02 6.3631589753e-02 -7.2201761511e-02 1.9140217869e-01 -1.1543302625e-01 -1.0422375648e-01 -9.4485104542e-02 -1.0971554060e-02 1.1733650541e-01 -1.5464340333e-02 -2.0757400216e-01 4.7216674130e-02 1.0767790412e-01 2.4428158994e-01 -1.5860234895e-01 1.7660797200e-01 -1.3317810541e-01
-1.4064086354e-01 2.1494914130e-02 -3.4006843660e-01 -1.5395250071e-01 2.3292250161e-01 1.8215418660e-01 2.3033438041e-01 2.0753858774e-01 -1.2075919097e-01 8.3815721016e-02 -1.2083509561e-01 6.3238760019e-02 -5.4872356200e-02 -1.0253522992e-01 1.6909956439e-01 -2.6466378092e-01 -6.3929725751e-02 3.6219724002e-01 4.9106427483e-02 4.9892200377e-02 1.8427756120e-01 3.3666260809e-01 -1.1094408291e-01 6.5920200347e-02 -2.0584259212e-01 -1.0789516652e-01 -1.0564203322e-01 7.6409604936e-02 1.7989747872e-01 9.0129419063e-02 1.8756379154e-01 -9.8799170518e-02
9.8545472005e-03 2.1262439641e-01 2.1397328810e-01 1.1052981776e-01 -9.6625028931e-02 7.6949697235e-02 9.8886581626e-02 -2.6510313017e-01 7.2995753126e-02 8.4774559602e-02 -2.5610030570e-01 -2.4592381099e-01 -7.1255414297e-02 1.3674205755e-01 -2.4788501335e-01 9.5392765718e-02 2.1936877990e-01 2.0751605191e-01 -2.4840292591e-01 -1.4770398360e-01 6.1497600696e-03 3.0278567671e-01 4.7686838029e-02 2.3729979377e-01 -1.0042301816e-01 -2.0897850551e-01 -2.2868538687e-01 -6.8618414665e-02 2.7657851069e-02 -1.4332550959e-01 -1.8304913669e-01 2.1858564441e-01
-5.5825503957e-02 2.6278990732e-01 -1.4606990249e-01 3.3422684332e-01 -1.5235136578e-01 3.5232654260e-02 1.5320884512e-01 1.0828021871e-01 -2.0701430943e-01 -1.9977300939e-02 2.5112876073e-01 -9.7219162207e-03 1.4281384981e-01 -6.0863110320e-02 -1.4692815829e-02 -1.1904811230e-02 -8.0782023361e-02 1.5151435434e-01 1.3794036582e-01 -1.5539574785e-01 -7.2238464590e-02 -3.5534591772e-02 1.1277027816e-02 1.8808742160e-02 -1.6137928951e-02 1.9026868500e-02 -4.2677667393e-01 -1.0794744939e-01 -2.7228330274e-01 -1.1934378165e-01 -2.0143511462e-01 1.8439330059e-01
-1.4098894996e-01 -1.7754029371e-01 3.8543249686e-02 -5.2632468522e-02 -2.8422458940e-01 2.4954273136e-01 -1.8112543973e-01 -1.7472669171e-01 -2.1833928220e-01 1.2544479639e-02 4.1655844362e-02 -2.3463047025e-01 1.7486158084e-01 -1.1486685850e-01 1.8757013227e-01 6.4450440827e-02 -9.5029353235e-02 1.1828384510e-01 4.7016767443e-02 -1.7575633622e-01 -9.8061737505e-02 2.5368711177e-01 -2.1222743323e-01 7.4864807459e-04 2.6834669142e-01 3.4200927396e-01 -1.0075874470e-01 -2.0845148786e-01 1.5157537739e-01 1.5317166556e-01 9.6446111201e-02 -2.7997194792e-01
1.8788988714e-01 1.2362576963e-01 -1.7808324115e-01 1.3449870647e-01 1.4712666827e-01 -6.8136374465e-02 5.6840124650e-02 1.3059495803e-01 2.5534471264e-02 1.9013990157e-01 6.1241363278e-03 -2.7784444395e-01 -1.0737210271e-01 5.9607965380e-01 1.8128370612e-01 1.5516098065e-01 1.3982116551e-01 2.6665785893e-02 -1.9973916179e-01 9.7436784341e-03 -2.5426034893e-02 1.1748334188e-01 4.7662865324e-03 1.4607428481e-01 -1.6610214348e-01 2.5265211110e-01 -2.3486559395e-01 1.1493378118e-01 -2.5300121284e-01 -8.4093249836e-02 -7.5342891882e-02 -2.1796730523e-01
-2.2841332579e-01 -1.9449986649e-01 3.4781925824e-01 -3.0867232590e-01 -4.0850249793e-02 4.1686794832e-01 6.1778498387e-03 -9.9479616871e-02 1.2108485623e-01 -7.9341091267e-02 1.1588803781e-02 1.4404488503e-03 -2.4164064479e-01 -5.3131337579e-02 1.0074695567e-01 -7.6400380344e-02 1.3837316767e-01 -7.3902008404e-02 -2.4847784522e-01 -2.2813799710e-01 -1.6250936445e-01 2.8007444195e-01 1.0121355526e-01 -1.1320805948e-01 -4.8747313214e-02 1.7890071978e-01 2.4188008587e-02 3.4156160635e-01 -6.3805939694e-02 2.1851079899e-01 3.0294624898e-01 -2.0145643176e-01
6.8657767114e-04 2.1755261094e-01 -2.3353821762e-02 -4.6702865405e-02 -1.6316466142e-01 2.8316670922e-01 -1.2357239798e-01 3.1271982886e-01 -6.3614477034e-02 3.8193895772e-01 2.0905862712e-03 -8.0956236696e-02 -5.6788836253e-02 1.8502493403e-01 1.6061664287e-01 2.0743752973e-02 1.6118840118e-01 -3.1586680134e-01 -1.5642647743e-01 -7.6484561504e-05 9.1911507779e-02 -1.9352029155e-01 9.9807350975e-03 -5.6931302513e-02 1.2284294840e-01 -1.5071196209e-01 -2.9638869673e-01 -4.6103552194e-01 -6.7622871143e-02 1.9287915764e-01 -3.4985545973e-02 -6.6014015749e-02
1.8597202968e-02 4.4416322749e-02 -2.1088577906e-01 -7.8896549910e-02 -1.6995660505e-01 -3.1109288592e-01 -2.0071084030e-01 -5.5181451953e-01 -1.6660067488e-01 7.5709906798e-02 2.6849832855e-03 -1.5984728897e-01 2.0530121260e-01 -7.6076471911e-02 -4.8422133124e-02 -1.3728366320e-01 3.2454483935e-01 -2.0378187367e-02 3.3491971329e-02 2.4664119793e-01 8.2855904020e-02 4.5491594200e-02 1.9816873036e-01 2.3964888390e-01 -1.5654168320e-01 -3.9637092843e-02 4.2023245055e-02 1.4098166031e-01 -1.8663693689e-01 1.5628164434e-01 1.4926745291e-01 2.2896746124e-01
-6.5889154966e-02 1.1828034250e-01 1.2435248611e-01 -1.7266189231e-01 6.1393671381e-02 -6.6590615036e-02 6.7181595986e-02 6.2858401773e-02 -1.4751985094e-01 1.9278956004e-01 -2.6888645899e-01 -2.3803466451e-01 3.3141052333e-03 -4.4269486902e-02 1.7870497046e-01 3.4895762914e-02 2.7930208014e-01 6.9258136257e-02 6.1611512239e-02 -1.9719077808e-01 -3.6032959132e-02 1.6330007814e-01 3.0551155654e-01 -2.2561119205e-02 3.0936837821e-01 2.6165038346e-01 -1.1460299525e-01 1.5302426307e-01 2.3175699143e-01 9.9522375371e-02 4.5805965375e-02 4.7599106243e-01
-2.1379682686e-01 1.5111554009e-01 2.7179948828e-01 1.9295619061e-01 -1.8852201466e-01 -7.2247382329e-03 -1.5674714304e-03 -3.7715525535e-01 3.4343626484e-01 -2.6356622987e-01 -1.1935471971e-01 -3.5097064703e-02 8.2931810193e-02 -7.7024186430e-02 -1.1993365778e-01 -4.7839285902e-02 -2.4658577487e-01 -3.0335114042e-02 -1.1184864974e-01 -1.1265036686e-02 9.2145222290e-02 1.7394249428e-01 4.4931904289e-01 1.6897335174e-02 -7.5528845991e-02 -1.0934136375e-01 1.1466451291e-01 -9.2990896465e-02 4.1245884842e-01 5.1036944914e-02 -6.6631543535e-02 1.4849883951e-01
-2.5171429185e-01 9.0090655866e-02 -4.2345693246e-02 -1.2279103740e-01 3.3135263260e-02 3.1567610818e-02 1.0462556077e-01 -2.4911677689e-01 -2.3968629658e-01 2.1392219615e-01 -3.5680958197e-02 2.7099968142e-01 2.9851614297e-01 -5.3325705901e-02 -2.7167640792e-01 8.1877475207e-02 -7.5362041184e-02 -5.4754683629e-02 1.0132985982e-01 2.3942122666e-01 1.4568420839e-02 -7.7518293198e-02 -2.5186832266e-01 2.0243538864e-01 3.5376147152e-01 3.2617005794e-03 3.0798522366e-02 3.2186458638e-01 3.8160572967e-02 2.2414950184e-01 2.8920601955e-02 1.3258853261e-01
-2.0681584433e-01 2.1944189779e-02 2.7092891340e-02 -1.0219713531e-01 -2.1376603187e-02 7.9697535291e-02 1.1564326091e-01 1.1824467830e-01 -7.0938782592e-02 -1.0513762887e-01 6.4532341084e-02 -2.2333241366e-01 1.4052332839e-03 8.9900211680e-02 7.3975489361e-02 3.3755424062e-02 -1.9467038904e-01 5.8539519295e-02 3.6043478446e-01 -9.1826568701e-02 1.2622235193e-02 -1.8280625073e-02 -8.7619152912e-02 -2.4123227368e-01 1.0759352870e-02 -1.6338309822e-01 5.4708372709e-02 5.1998694190e-02 1.1761557036e-01 9.1363788133e-02 1.6094222944e-01 1.1101456708e-01
3.6056127396e-02 1.1358143178e-02 3.0946765343e-02 -8.8581743074e-04 -1.1832204732e-01 -9.9882163512e-02 -4.3185104973e-02 1.5023316566e-01 3.6982981818e-02 3.8117493505e-02 9.6943168843e-02 1.5386614874e-01 2.8066398379e-02 -1.4678259418e-01 1.7745766214e-01 -1.2065496583e-02 -4.3858210306e-01 1.3709887983e-01 -1.8651664932e-01 4.6098982188e-02 1.2929154952e-01 2.1373608113e-03 -2.0373656582e-01 -3.5383581210e-01 1.2529482876e-01 4.1903696698e-02 -1.4368548505e-01 4.0944395031e-02 3.3738756446e-01 1.2267191947e-01 -2.5272406177e-02 1.1485535543e-01
-5.0356155872e-02 -3.6742662208e-02 -2.8986676771e-01 -7.7784066018e-02 2.8742398490e-01 2.9663521502e-01 1.2667483965e-01 -1.9179950059e-01 -1.6329553018e-01 6.7113072228e-02 -2.0673959800e-02 -5.1540811500e-02 -4.4751679505e-02 1.1355680389e-01 5.3284041360e-02 2.3443223399e-01 -4.6346134947e-01 -7.6760099875e-02 -1.2587755050e-01 2.4514824094e-01 2.0488588131e-01 -4.3796157226e-02 2.4409304313e-01 5.7760488475e-02 -2.0594645067e-01 2.4309120497e-01 3.4990214085e-01 5.1671005170e-02 -1.4138638789e-02 -7.1191346844e-02 -1.2278806756e-01 -5.1172070172e-02
