-1.0198741604e-01 -5.4702882806e-02 2.8680416498e-01 -2.1555653990e-01 1.5361750164e-01 -4.8367267131e-02 -2.8727550471e-01 -4.4600955171e-01 8.2235356006e-02 7.4775865318e-02 -9.3017552965e-02 9.7735324526e-02 2.2472500325e-01 -1.3483380350e-01 -2.0558242183e-01 6.2300548347e-02 5.6501446789e-02 1.2419589893e-01 3.7868148895e-01 -6.5072674658e-01 -3.0376530710e-01 2.0079791911e-01 1.9178142607e-01 9.6867655871e-02
1.8350925794e-02 -3.1129549116e-02 2.5895299313e-02 -7.8797845133e-03 -1.6081386793e-01 -2.6637062415e-01 -8.6088302121e-02 1.7168002257e-01 2.7949343737e-01 -3.3302683260e-01 3.0880479433e-01 1.1125220522e-01 1.0684573715e-01 1.7659853823e-01 7.8608605766e-03 1.2628143320e-03 -4.1193457212e-01 1.9403322080e-01 3.1378050836e-02 2.9606768763e-01 -2.4490297108e-02 3.1386343988e-01 3.3595646222e-01 1.4995124461e-01
5.7849497871e-02 9.2482225214e-02 -3.2845273271e-01 9.8757695696e-02 9.0691725646e-02 3.1003015850e-01 -2.3957967919e-01 1.6713316498e-01 1.5535148789e-01 -4.6080965059e-01 -1.2464192699e-01 1.8050478685e-01 2.6180053945e-02 1.1972107310e-01 2.0275724252e-01 -2.5109094461e-01 5.6804802594e-01 -2.8297330476e-01 3.4073074710e-01 2.2284828236e-01 2.0592192260e-01 4.9080919758e-03 1.7006347065e-01 -5.1793583660e-02
-1.3654512049e-01 1.7995333437e-02 1.6959498986e-01 -1.9303720893e-01 -1.1762758041e-01 3.0665463322e-01 1.3472071693e-01 1.4846620920e-01 2.4031312575e-01 2.9616293648e-02 -1.3999042093e-01 -2.5907888888e-01 7.7924651404e-02 1.0556638599e-01 1.4347218633e-02 -1.2460309587e-02 -1.1702976970e-01 1.2752672406e-01 1.8128370732e-01 7.9456211568e-02 -7.1671486194e-02 5.1280615621e-02 1.1153429557e-01 -1.2403174544e-01
-3.3858845409e-02 -1.4665680597e-01 1.7796002407e-01 -4.9716110802e-01 2.1718449519e-01 -1.8834205938e-01 -2.5312619101e-01 1.1396094698e-01 -4.7258294773e-02 2.5586764483e-02 -2.2512496336e-01 3.1069524229e-01 4.1215762309e-01 -2.4576565859e-01 2.1333653395e-01 -4.2738983363e-01 1.4388930476e-01 -5.8661638222e-01 -2.6445758678e-01 -4.0758618701e-01 -2.6793779044e-01 1.0258550327e-01 -3.2329159387e-01 1.3070989890e-01
3.0065297936e-01 -1.2139280702e-01 -4.5963590780e-01 3.0612978774e-01 -7.2611637565e-02 -2.2127415018e-01 2.1822337554e-01 -2.2472843545e-01 1.5257747691e-01 2.4809010663e-01 7.2483514416e-02 -2.6343003226e-01 -3.0264323276e-01 9.9223692120e-02 -4.3141578493e-01 2.4928893888e-01 9.2848507687e-02 -1.0083740519e-02 -2.6582238967e-01 -1.0865041270e-01 2.8087335065e-01 -3.5721376771e-02 4.6415989458e-01 -1.6425499341e-03
2.2281713003e-01 -1.2159284525e-01 -1.9288293784e-02 -1.9053792898e-01 5.7993486194e-02 1.9956505890e-01 3.0718689970e-03 -7.3129064897e-02 -3.3807389526e-01 2.1846040782e-01 -1.9039327517e-01 -1.2264619553e-01 -4.1272731984e-01 -6.6493322149e-02 -2.0135018817e-01 3.3394762574e-01 1.7349682223e-01 -1.0626366940e-01 -2.3263223712e-01 1.9889629666e-01 -2.4998344783e-01 -6.2311598365e-02 1.3390468482e-01 -5.3823174954e-01
1.4139722054e-01 -2.5076296739e-01 -2.1601702841e-01 -3.5878776144e-02 3.1729246256e-02 -5.2421248852e-04 -1.6315317311e-01 1.7728837963e-01 4.2172327331e-01 -1.8679034761e-01 -3.5570650146e-01 -1.3641406614e-01 -4.2240196747e-02 4.4039328653e-02 3.9458085092e-01 6.8199071605e-02 -1.1493978840e-01 -4.2528229525e-02 -1.6374204857e-01 1.5616580093e-02 -1.2893560840e-01 3.1254680490e-01 1.7879301201e-01 3.6379973996e-01
2.3253561472e-01 -2.0141595289e-01 -4.0072721148e-02 -1.5994738672e-01 -2.0714649282e-01 -1.5217234578e-01 3.0494917933e-01 4.9134543923e-01 2.9316880537e-01 2.7396105505e-01 -1.6417151676e-01 -3.2006918815e-01 -1.9654169274e-01 -1.7389328099e-01 -2.5643327474e-01 3.2238976394e-01 -1.8967657383e-01 5.1207632172e-02 -1.2933462537e-02 -6.1161102309e-02 -8.9224271166e-02 -2.9078621095e-01 -5.2371388897e-01 2.5214981239e-01
-4.5697991844e-01 1.9891334017e-01 -2.9055888518e-01 5.9809315199e-02 3.0278025473e-01 8.8610157385e-02 -6.9512528008e-02 -1.9208734994e-01 -2.5905961349e-01 -2.5466079010e-02 -1.1505136474e-02 2.6639609891e-01 -9.1329031668e-02 -5.2818623487e-01 7.9742447232e-02 4.2615759477e-02 -1.3366664116e-01 -2.5119128670e-02 3.6438380527e-01 -5.1153920202e-03 -1.9950212654e-01 4.9568727455e-01 6.6003690680e-02 6.3200966027e-02
7.5544334432e-02 -2.9271841928e-02 4.0982519269e-01 -1.4046434613e-01 -2.9614431721e-01 2.6926409484e-01 -2.2599750906e-01 -2.2076450498e-01 -1.9528176038e-02 -2.1861825597e-01 1.3843171557e-01 -1.5740596497e-01 -3.9697082076e-02 -3.5396797015e-02 1.3336805619e-01 -3.4409663359e-01 2.3348521309e-01 -1.6865162543e-02 -5.8677662455e-02 3.0832182071e-02 -4.7382268120e-01 2.9160761415e-01 -8.0763651603e-02 2.5148132580e-01
-2.0209987017e-01 -1.1862163314e-01 3.2765359639e-01 2.1194207299e-01 2.9166870353e-01 -1.9381311316e-01 -5.2855011791e-01 -2.5475089749e-01 1.0818152809e-01 -8.2701268928e-02 -6.3107780054e-02 8.7146986672e-02 -1.6734363369e-01 3.3576816781e-03 -1.4227654329e-01 2.2273743296e-01 1.6187666754e-01 3.5254594505e-01 -4.4070708906e-02 -5.7592393700e-02 1.9858945053e-01 7.2177574070e-02 -1.0773406299e-01 1.0967843680e-02
1.1895885853e-01 6.2060802824e-02 -8.9741609936e-02 -1.5423423322e-01 3.5642467373e-02 4.4583939161e-01 3.7412773712e-03 2.5798490046e-02 2.1489956040e-01 1.6107991719e-01 2.6635960316e-02 1.4725782326e-01 -1.6278017443e-01 -3.1752233920e-01 -2.9727669828e-01 2.2087379384e-01 -1.3660657489e-01 8.7745310596e-02 -8.2780495171e-03 -2.3478712612e-01 7.8568556961e-04 -1.3394489813e-01 3.7387624777e-01 -2.9964856619e-01
9.0471741853e-02 2.0421845894e-01 1.1335906939e-02 3.7338356271e-02 9.5354831224e-02 5.6398856353e-02 -2.5158221627e-01 1.5393236109e-02 -1.8248444333e-01 6.9145920488e-02 -4.7076861430e-02 -2.4816916468e-02 6.1706720628e-04 -2.1008846878e-01 9.6712775870e-03 -2.6349788092e-02 6.1195698182e-03 -1.5528665468e-01 -1.7351118111e-02 -2.5049382862e-02 4.9253997065e-01 5.3091408040e-01 -1.4631506021e-02 -2.9313715692e-02
-2.3915785884e-01 5.2266437616e-01 1.9448892123e-01 2.7278111722e-01 1.3296474015e-01 8.3463816303e-02 -2.8705923306e-01 -1.9260443589e-01 1.0253306617e-01 2.2754912974e-01 -7.7006214397e-02 6.4935902090e-02 1.2805455356e-01 2.9054001818e-02 2.9856602462e-02 -1.1962265705e-01 2.0582379223e-02 -1.9291484700e-01 1.5568593962e-01 -6.7497616754e-02 -3.3911793894e-01 8.6683481307e-02 4.0660480841e-01 -3.4832837019e-01
1.4703757665e-01 -1.1057190707e-01 -1.7106574352e-01 3.9317548426e-01 -2.0194237530e-01 2.2415602897e-01 -8.1211625258e-02 -2.3663339218e-01 -1.2818752865e-01 1.1617419723e-01 3.4999658349e-01 -1.2833041510e-02 3.9905906605e-01 1.8608610824e-01 -1.3557107222e-01 1.0357561042e-01 1.3189075490e-01 2.2995963552e-01 2.6738088542e-02 1.9493340537e-01 -1.0708022122e-01 -2.3475619511e-01 1.8123954207e-01 2.4157923622e-01
-6.2901296138e-02 -2.0570633516e-01 2.0893265593e-01 5.2658571565e-03 2.1532852619e-01 1.4276946512e-01 -4.2359245333e-01 2.2886004367e-01 7.8596603198e-02 -1.3067180491e-01 2.6403352406e-01 -1.3232706062e-01 -2.7325941546e-01 -4.4368437337e-02 2.2383476498e-02 2.0465722403e-01 4.5329051285e-02 5.3669122507e-02 -1.5475654019e-01 2.0784918044e-01 -8.1919556004e-02 1.0218203142e-01 -3.2890908859e-01 1.4276461697e-01
-1.8517873384e-01 -1.3237774731e-01 -1.5473511194e-01 -2.2992712990e-01 2.1908965826e-01 1.5639975778e-01 1.0352622683e-01 2.7738418883e-01 2.7424383695e-01 -1.9438275520e-01 1.6306794786e-01 -1.2740049297e-02 -9.4595011421e-02 -6.4115186953e-02 6.1958150294e-02 1.3970401302e-01 -6.5740244645e-02 -1.2839571141e-02 -2.3940475756e-04 1.1045133893e-01 -2.5551056230e-01 2.1581956369e-01 3.8962362875e-02 -9.6760661954e-02
3.9274552276e-02 -9.4875321950e-02 1.0229048641e-01 -4.0016704078e-01 -2.3706179504e-01 3.6166850915e-02 -1.8016739280e-01 6.1998796627e-01 3.1410847862e-01 2.2724330021e-01 -7.0718520019e-02 3.7177263490e-02 -1.1326355569e-02 -1.0307351154e-01 -7.9037443075e-02 2.3455621012e-02 8.1095243811e-02 -1.1659165280e-01 3.0676068212e-01 9.7721908313e-02 1.2929480491e-01 5.2864427818e-02 1.5598883851e-01 3.3333145363e-01
4.0909268178e-01 1.8931610273e-01 3.0123406138e-01 -3.9612607067e-01 4.1899155292e-01 2.5416000923e-01 1.3746973743e-01 4.4942957345e-01 1.9982819902e-01 2.3424758683e-01 -7.0010304820e-02 4.6314424278e-01 2.6192311191e-01 -5.9448839390e-01 8.1426958742e-03 1.2238047383e-01 -1.3164435592e-01 -1.6908387224e-01 6.7552118952e-02 -8.5650443066e-02 2.1314057753e-01 -1.3438584886e-01 3.0344934422e-02 2.2453479190e-01
1.1033641821e-01 -3.5579543819e-01 -6.5531591418e-02 -5.8319489371e-02 4.7399136214e-01 1.8794686049e-01 -3.9853868300e-02 2.4484648610e-01 4.0617943907e-02 -2.1477298658e-01 -2.0808592653e-01 9.6461231480e-02 3.9736372654e-01 -2.6416460237e-01 -2.2257307919e-01 -6.3941191075e-02 5.3225563080e-02 4.5754296134e-02 3.5033312106e-01 -1.3036938726e-01 -1.5340986910e-01 1.5281102508e-01 -6.8724181280e-02 3.5989722823e-01
-3.0668456348e-01 -5.1645239439e-01 1.1659130929e-01 1.1570569730e-01 1.3964286333e-02 1.0246431658e-01 1.4073149495e-02 1.4085595636e-01 -1.1414689411e-01 3.7486757237e-01 -4.8989947408e-01 -2.1473328971e-01 -1.2732855607e-02 9.9657377320e-02 -1.4070134256e-01 3.0241408646e-02 9.2758250428e-02 9.0806810170e-02 -1.7037174999e-01 2.2920127200e-01 -3.5540576196e-01 7.8925854006e-02 2.2396911539e-02 8.7140843206e-03
3.0584875164e-02 -1.7735956537e-02 -1.0596166505e-01 -1.5995215237e-01 -3.1419535635e-01 -9.5879807104e-02 -3.1797241366e-01 -3.4277073550e-01 1.5339659391e-01 6.8448601936e-02 4.2112645081e-01 -3.1455751966e-01 2.8598508024e-01 -1.8561713052e-01 -3.2045122836e-01 -8.2602866885e-02 -1.7296641839e-01 5.5646590584e-02 -2.3333211633e-01 9.6080694426e-02 -2.2958279636e-02 5.3612240835e-01 -7.3304139845e-02 -1.1456115640e-01
-2.6751198615e-01 -5.2896143970e-01 3.4650856942e-01 -7.4183474306e-03 -1.2467780042e-01 7.7163834462e-02 -4.8425863251e-02 2.1618200472e-01 -1.3318285336e-01 9.2683969237e-02 -1.3150477507e-01 1.3246771006e-01 -8.3459168266e-04 1.0787850949e-01 2.9737412905e-01 1.6970087894e-01 9.9965609246e-02 1.0252236294e-01 -3.9599350738e-02 2.4043760735e-02 -2.0352604862e-01 -2.8229489394e-01 2.3929455481e-02 3.8871801709e-01
