-7.9845984912e-02 7.7349946815e-02 1.0995820601e-01 1.9265836212e-02 -3.7580491465e-01 2.4972595570e-01 5.2233143858e-02 5.5235044551e-02 2.6439373803e-01 -2.6207986304e-01 3.0337063048e-03 -3.2888970845e-01 1.0113840730e-02 -1.2046030211e-01 1.1602138118e-01 -2.3801720895e-01
-7.4818925521e-01 -3.5323428922e-02 -2.6716950734e-01 -1.1905221636e-01 2.4213857321e-01 -7.8551908867e-01 2.9302484642e-01 2.0743013897e-01 -5.3322163996e-01 7.1851803507e-01 7.6235334507e-01 -8.3401953233e-01 8.0421524231e-01 1.5950776903e-01 -4.0735429579e-01 6.1791624787e-01
-1.4986810809e-01 -2.6915009701e-01 -2.1415324330e-01 -1.6588723179e-01 -1.7869276232e-01 -5.4632201285e-03 2.8090755971e-01 -2.5009978083e-01 -1.2780388155e-02 -5.0662662448e-02 -4.0902253499e-02 -3.4818315991e-01 2.2950648737e-01 2.8189503983e-01 6.6513660083e-01 3.7950864070e-01
-3.8326427868e-01 -1.2052772672e-01 1.1778539053e-01 -3.7364889772e-01 -3.3205542405e-02 -1.7537988894e-01 6.7069988763e-01 2.5018216932e-02 5.7701152911e-01 2.8429229179e-01 5.9655270432e-03 -2.2662705751e-01 -4.3820846924e-02 1.0147948125e-01 1.8155662970e-01 8.7939066155e-02
-5.3691704396e-01 -4.4811226034e-01 -6.7012090812e-01 -2.2808272317e-01 3.7191910142e-01 -2.4298542355e-01 2.5106209994e-01 3.1686734493e-02 2.7924263582e-01 8.1276029840e-01 -2.9796402243e-01 -1.1529741324e-01 -2.8517102959e-01 3.3920198589e-01 -2.9532669099e-01 5.1908716447e-01
-1.3990182510e-01 -5.0948178831e-02 -6.7576974511e-01 -2.5848489323e-01 5.8347002964e-02 -6.3912924481e-01 4.7252318868e-01 5.1477322786e-01 3.3287372061e-01 5.9748319470e-01 5.7612818195e-01 -2.3254256868e-01 -1.0366820871e-01 5.7745514592e-01 -6.6277416563e-01 1.8969869797e-01
-5.0572899356e-02 -2.9175991173e-01 -1.3138279781e-01 1.0762570412e-01 -3.1423104176e-01 7.1424762495e-01 3.4171469445e-01 -1.5466690153e-01 4.4961177704e-01 1.8132136501e-01 -3.0510230689e-01 -1.5213401541e-01 -4.7695071101e-01 3.1222172829e-01 -2.8632371039e-01 -1.0640454697e-01
-1.8716715045e-01 3.1855613976e-02 -3.4559936638e-01 -2.4849652954e-01 2.3354336063e-01 -3.2530357081e-01 9.8575072883e-02 -1.8788057435e-01 6.1529378211e-02 2.2985393902e-01 3.9533038447e-01 -2.3337991274e-01 1.4699784813e-01 1.0888040915e-01 2.1155530053e-01 -1.1010379994e-01
1.2420098068e-01 2.1720279289e-01 2.0691343639e-01 -2.9113586183e-01 4.8450201190e-01 5.3970660161e-02 -1.7490236866e-01 -9.6440814289e-02 -2.3375851498e-01 -2.4271622417e-01 -2.2293006925e-01 -1.7670621621e-01 3.4140606053e-01 1.6076449969e-01 1.1862528168e-01 2.5830191678e-02
-3.4885308822e-03 -3.9432411657e-01 1.6895296414e-01 -2.6581655329e-02 3.0924258257e-01 -1.3827602391e-02 -3.9085717311e-01 -8.4884466208e-02 -8.5907696555e-01 -9.4515175749e-02 -4.8677759055e-01 1.4360805067e-01 -2.5062210697e-02 -3.7907065721e-01 1.3128598195e-01 6.5862240890e-02
5.1570664435e-02 4.5475120389e-01 2.4101260507e-01 -1.5713194018e-01 -2.4510168995e-01 -2.4370675915e-01 2.2326332700e-01 -1.0478681558e-01 4.3288668234e-01 -2.9869334329e-01 1.0448576250e-01 1.7829426134e-01 2.0273990835e-01 -1.0402376783e-01 3.9831566726e-02 -1.2208366235e-01
4.0329391302e-01 4.2551655274e-01 -1.3067067962e-02 2.0855751413e-01 4.1215234319e-01 4.0700824092e-01 -3.8581946497e-01 -2.8023259592e-01 3.8804743349e-01 -3.8415198601e-01 -3.8491136411e-01 5.6681068040e-02 -5.1503187484e-01 -3.2833689981e-01 -9.6102828328e-02 -2.8750899380e-02
-1.7063933859e-01 -1.7840233785e-01 4.7702657485e-01 4.7918764036e-01 3.2957846445e-01 5.5709753401e-02 -1.3596510807e-01 -4.0064671937e-01 1.8171668875e-02 -7.1584243627e-02 6.9243737216e-02 -3.1025647524e-01 -4.2787369135e-01 1.5907795329e-01 5.6743138837e-01 -1.5175613377e-01
-6.8552741322e-01 -8.5101497031e-01 -5.0539166327e-01 -4.4345000129e-01 5.0882247974e-01 -6.8850065278e-01 -1.2072332009e-02 5.3533583977e-01 2.2148620911e-01 3.7271221532e-01 5.3029938112e-01 -2.0787667052e-01 3.0824448640e-01 5.0297781271e-01 -8.3851161760e-01 4.7514490089e-01
8.9387840498e-02 -3.1046568162e-01 1.2460067017e-01 -1.9431400020e-01 2.1840602000e-01 4.0092366796e-02 3.3353690735e-01 -1.2466077126e-01 1.4934379374e-01 -8.6021749258e-02 -1.8539783474e-01 -5.4911329822e-02 3.9612716792e-01 5.5249408301e-01 4.6674007563e-01 -2.2844009265e-01
-7.3233076375e-02 2.9320557622e-02 2.5119762281e-01 1.0095837905e-01 1.0637258205e-01 -1.9431529047e-01 1.3762055317e-01 1.6701690867e-01 -4.3825215927e-03 -3.0710608473e-02 4.1973467866e-02 -1.5104987282e-01 1.2048881194e-01 2.8470463046e-01 -3.0929501112e-01 4.0180435910e-01
