-2.0745880365e-01 -2.3861123353e-01 -7.2656190725e-02 2.5357104513e-01 -1.5050458582e-01 1.9779476632e-02 3.2877466215e-01 -2.3149539698e-01 4.0734539904e-01 3.6223688880e-01 1.8832759093e-01 1.5634218248e-01 3.1559939370e-01 -3.8648623843e-01 1.9398841731e-01 6.7621072051e-01 -2.7263310530e-01 1.8715891782e-02 5.9276112213e-03 -1.6063554398e-01 -1.1349519441e-01 1.8075732561e-01 2.2436123055e-01 3.0759608020e-01 9.9338879750e-02 7.7292963589e-02 2.9618989618e-01 -3.3803141497e-01 1.3664970182e-01 5.2199571925e-01
7.1253131899e-01 1.0880944425e-01 -1.5323457743e-01 1.0179448614e-02 -6.4039104562e-01 -7.0787332661e-01 2.8877784213e-01 4.8481417437e-02 1.7863384443e-01 1.7276807409e-01 7.2158944723e-01 -3.4026898935e-01 -5.3571715143e-01 8.8128395805e-02 8.4338179902e-02 -5.1062771059e-01 -3.9330144469e-01 -7.1116699012e-02 2.3709931058e-03 -5.3744033220e-01 1.0267009966e-01 1.3223486210e-01 5.6194263694e-03 6.0754740885e-01 8.7964077032e-03 2.5479819591e-01 -1.2642473598e-01 -2.0490509483e-01 -8.1869684141e-02 1.8968077642e-01
2.8956763124e-01 -2.1092567182e-02 -1.3622172090e-01 3.4227689861e-01 -1.0638462230e-01 1.7514830258e-02 9.8470594460e-02 2.9742312056e-01 6.4075834464e-02 3.8622451657e-02 2.5486612687e-01 -2.0749869030e-01 4.4611788037e-02 -5.3400152212e-01 -6.7248132973e-03 1.7197426893e-01 -2.0141250484e-01 -1.6335133083e-01 -7.0738822787e-02 -2.3684355077e-01 2.9273395739e-01 1.5263898143e-01 2.5378638468e-01 1.9122562945e-01 -2.6012452511e-01 1.8538980193e-01 8.6975283749e-02 -2.7439137820e-01 1.4842568384e-01 3.7670272158e-01
2.0853386920e-01 -4.3929114945e-01 3.4548831822e-01 -2.0503508073e-03 -1.5136215769e-01 -2.0480064880e-01 2.4746373965e-01 3.2474652886e-02 4.4765260897e-01 -6.9575047498e-02 -3.6431363036e-01 -2.7866259247e-01 -2.8453982495e-01 2.0952637113e-01 7.6496328849e-02 -3.0555564625e-01 -3.0487824479e-02 -1.6294518942e-01 3.8356563669e-01 -1.2984922280e-01 -1.5499605122e-01 3.8403362049e-01 1.4842531918e-01 2.6155155173e-01 2.8716345080e-02 2.0489235556e-01 -1.0299435782e-01 -2.5440698854e-01 -3.3228546992e-02 1.8473526846e-01
1.4635250984e-01 -5.2001312837e-01 -7.4204329944e-02 2.1538617500e-01 -3.6693953353e-02 -1.6140654992e-01 -5.6839126927e-01 1.4212727449e-03 1.4025218064e-01 -5.3166537529e-02 -1.2300904663e-01 -5.0810545626e-01 2.6610836863e-01 -5.7320719166e-02 4.3152391732e-01 -2.5428711641e-01 -5.9420271496e-01 -2.6506664525e-01 2.6960151349e-01 -1.8823963211e-01 5.7279164221e-02 2.8029797068e-01 -4.5797763685e-02 -1.6508002023e-01 -1.9446312648e-01 2.6691376649e-01 5.0213453127e-01 -3.0923148633e-01 -2.4450136804e-01 -2.7498019516e-02
-6.0719751826e-03 -4.4380918844e-01 -1.3015853922e-01 -2.1515750818e-01 -1.5130973458e-01 -6.9467921887e-01 1.5419128251e-01 1.2133229689e-01 6.7738700991e-01 1.3846681808e-01 1.6580056216e-01 2.4878130296e-01 -2.7058665771e-01 -1.8610272378e-02 6.2586586742e-01 6.9567957978e-02 -1.4898699154e-01 4.0910942875e-01 1.8844007228e-01 -2.5005651689e-01 -2.3833262387e-01 2.8108354279e-01 2.2917098461e-02 2.5831079263e-02 2.6698636280e-01 1.1899099372e-01 -2.0952110792e-01 -2.7760332339e-01 -1.1717013196e-01 2.0978835635e-01
5.7400008835e-01 1.7683619513e-01 -4.3495432283e-01 -1.9618739852e-01 3.2441946134e-01 3.1346983002e-02 -4.4321235540e-01 -1.2272392061e-01 8.3271467302e-03 3.7841992111e-01 6.3418301385e-02 5.6366980174e-01 -3.2121603479e-02 -5.9189062883e-03 3.1549237005e-01 -2.1124316428e-01 4.1087242600e-01 3.4435241771e-01 -1.2847906459e-01 -5.1057710416e-01 -4.4860678768e-01 3.6613674558e-01 1.6143993631e-01 -2.5546306738e-01 -2.6791737550e-01 7.8398681585e-02 2.4550223109e-01 -3.3109633791e-01 -2.5251100957e-01 2.9990068308e-01
1.0571821398e-01 3.4263750572e-01 1.5245878459e-02 7.6103225617e-02 -1.7041436025e-02 3.5894403275e-01 5.6888072588e-01 -2.4820909712e-01 1.1174918496e-01 -4.3826685854e-01 -4.7766679671e-02 -2.5008825756e-02 -1.7719027765e-01 -2.3347836144e-01 -5.3928746993e-02 -3.1485789881e-01 1.8303715049e-01 -3.9067683115e-01 -1.3073099822e-01 -2.0104165644e-01 -1.5999536682e-01 -1.7484139465e-01 2.7673296155e-01 3.0053335740e-01 3.1323920971e-01 4.1398221032e-01 -9.0759081452e-02 1.0544867706e-01 -5.8609522991e-02 8.9719715681e-02
-1.9518522874e-01 -4.2730399828e-01 -3.4435720352e-01 2.2432287328e-01 -2.6282449174e-01 6.0794828780e-02 -7.1875329592e-03 2.2134427545e-01 8.1951628335e-02 -4.2352060165e-01 4.0501970181e-02 1.0134108924e-01 -6.4030229732e-01 -5.3701636306e-02 1.0020702129e-01 4.6164307726e-01 6.0306374920e-02 1.7254282586e-01 -3.4567968526e-02 9.4358312031e-02 -5.0543179087e-03 2.4177192366e-01 3.3445052592e-01 3.5586046225e-01 -2.2364888287e-01 5.1361911583e-01 -1.1432530955e-01 9.6766612015e-03 -7.1968095038e-02 5.6730017450e-02
6.7418966244e-02 -5.9001382301e-02 -3.1227232519e-01 -9.2694409329e-02 2.1821618716e-01 -6.8304969457e-02 -8.7969009576e-02 9.2081753357e-02 -4.1213097673e-01 -1.4564102174e-01 1.0155659056e-01 2.6436724819e-01 -2.2069510215e-01 -3.9802899328e-01 -2.2690340919e-03 -1.5301323023e-01 1.3355768985e-01 -3.0267905673e-01 7.2228139368e-03 -1.8007457966e-01 4.0647472468e-01 1.0497740924e-01 1.6369737221e-01 4.2468660309e-01 5.4579783067e-01 -5.7287179885e-01 -8.9629328318e-02 7.4262683884e-01 -2.0234114338e-01 -2.7954449949e-01
1.0966921184e-01 7.9941234749e-02 3.4426247983e-02 -1.4242578058e-01 -1.3659045457e-01 1.2345057992e-01 3.5396222041e-01 -1.2327107295e-01 6.8752088374e-02 -3.3593360901e-01 -2.6774395163e-01 2.6119332153e-01 -5.4975015275e-02 -1.2782928503e-01 -1.5113319926e-02 1.3680197098e-01 -8.9310119253e-03 2.5160776503e-01 3.5209414964e-01 -1.3060688736e-01 1.6804115773e-01 -2.7593983384e-01 3.5442933463e-01 -2.1154310794e-03 -8.0465391333e-04 9.3333568226e-02 -5.4451914486e-01 3.8300047211e-01 -3.6248373143e-02 1.9514873313e-01
2.0353326486e-01 -2.4414477513e-01 -4.9759960501e-01 -2.8471592324e-02 -6.5390480771e-02 -2.6547201150e-01 2.3014252929e-01 5.4050576762e-02 -1.3561884686e-01 -1.2374313874e-02 -2.1047982301e-01 -2.0150536425e-02 -3.2823734350e-01 -8.7863848057e-02 3.7268135616e-02 -3.2651283508e-01 -8.9761447739e-03 -8.7086201842e-02 -4.9909688598e-02 -1.0159566464e-01 -2.1031080006e-01 9.3512809671e-02 -1.0359565032e-02 -2.8893394952e-01 -2.0352079134e-01 -2.0192850267e-01 -5.4468466432e-01 -1.6575101914e-01 -6.0988059518e-02 8.7598869147e-03
3.5830031191e-01 1.3014507975e-01 -3.3234510173e-01 2.2668305651e-02 -2.5446554345e-01 1.7947223064e-01 3.0100404487e-01 1.7338024917e-01 -1.9000052984e-02 -1.6074875332e-01 -3.3257948768e-01 -2.7299234952e-01 1.7824754760e-01 3.0527713273e-02 -6.8104309538e-02 2.0937952718e-02 -7.2929082609e-02 4.7799856322e-01 2.4298121094e-01 -2.1087410341e-01 1.6015123639e-01 -2.4912653772e-01 4.2153855904e-02 1.5458490402e-02 -1.0220552971e-01 1.3137298747e-01 4.6031789467e-02 3.8893087236e-01 -4.2957315060e-01 3.9531905927e-02
7.8940735864e-02 2.5895826285e-01 -3.5046445164e-02 1.7180988038e-01 -6.4788978738e-02 -3.1995094693e-01 -2.8574925666e-01 2.3590914189e-01 -2.2457107430e-01 -2.6833195379e-01 -1.3747139049e-01 -2.2128399753e-01 -1.1862979750e-01 1.3597727492e-01 -2.1440166319e-01 5.5392062664e-02 -2.6464414394e-02 8.1855420282e-01 4.9911703471e-01 3.3074694265e-02 -1.7808970016e-01 -2.4073557518e-01 4.8506440143e-02 8.2936233068e-02 1.1370787320e-02 1.6277493120e-01 -1.2931606449e-02 1.7891362127e-01 1.0638650149e-02 1.8765408750e-01
-2.9418213580e-01 2.5457372301e-01 -4.0567948632e-01 -3.7302700123e-01 -1.3141005663e-01 -7.4019077024e-02 -1.9008054901e-01 6.0987600641e-02 1.2583606368e-01 9.3349602023e-02 2.1178282064e-01 9.2539942467e-02 -3.0145333783e-02 -3.2419658198e-01 -1.1404206252e-01 -1.0818134289e-01 2.4607786691e-01 3.3313366735e-04 4.9465925186e-01 -1.3924463100e-01 -1.6124910039e-01 -1.3512039731e-01 -3.8036160360e-02 4.0271126918e-01 -5.4186323451e-02 -5.4542673067e-02 1.6602769658e-01 -1.2595710985e-01 -2.5144923479e-01 -7.7854393834e-02
-1.5767231164e+00 1.1826066992e+00 7.1510950925e-01 -1.7605868155e-02 -5.7163430298e-01 -1.3251150887e+00 -2.0258825540e-01 1.1307060186e-02 -1.5252955650e+00 2.1616524283e-01 -2.7378284710e-01 -4.1165855696e-02 9.8614702340e-01 1.0540891785e+00 -1.4060107285e+00 -4.6625680792e-01 6.9731587346e-01 -4.2792012831e-01 -1.0225957511e+00 1.8335947954e+00 -8.7217071290e-01 -1.2069003079e+00 -1.2275227002e+00 -9.3119704889e-01 1.7650766639e-01 -1.2491015425e+00 -1.9476113235e-02 1.2081644735e+00 9.0223519598e-01 -1.4121460524e+00
-1.8391860113e-01 -5.6714457944e-01 1.2629782095e+00 -1.1328215992e-01 2.4844089719e-01 -4.3764850758e-01 6.5162253666e-01 -9.0274321030e-01 8.3620515427e-01 1.5134692711e+00 1.2607944546e+00 -7.5253568065e-01 1.2129539109e+00 3.5205274030e-01 5.8040932277e-02 -1.9527331452e-01 -1.2280899608e+00 -1.2824367019e+00 -9.3988958731e-01 -5.6148723456e-01 -3.3728096716e-02 8.2339610060e-01 -5.8095795266e-01 -9.7857212067e-01 5.0106327901e-01 4.4556545674e-01 1.1036879964e+00 -9.4509566910e-01 1.2243632043e+00 4.3026764206e-01
