-5.8365392479e-01
-1.2645032803e+00
2.0906358743e-01
-2.4245011338e-01
1.9627529086e-01
-1.9804509714e-01
-2.7636702590e-01
-1.3058124994e-01
-2.3622266189e+00
1.1630192475e+00
-2.0045492390e+00
-3.7864906297e-01
1.6601317256e-01
-2.1712158594e-01
5.9529097480e-01
1.6952127873e+00
-8.7924132469e-01
5.9624302575e-01
-1.1231702939e+00
1.8199023105e-01
4.9208773363e-01
-8.7002028609e-01
-2.8727475282e-02
-1.5107761635e+00
2.0498433339e+00
5.9337764066e-01
1.1939570076e+00
8.1836725636e-02
-2.1547170650e-01
9.3994996713e-01
3.1621092343e-01
6.0574507603e-01
1.7768993549e-01
-1.2045362016e-02
1.7979993514e+00
-8.9026811904e-01
1.0237492513e+00
1.8317819766e+00
-4.7520022942e-01
-1.0994544976e+00
1.7855978645e+00
-1.1368701715e+00
-9.9712233004e-01
2.7161915103e-01
6.7786392400e-01
3.6139001449e-01
1.0716035886e+00
5.9201711692e-02
-5.8467096139e-01
-1.5655467863e+00
7.0959476220e-01
-2.2072730672e+00
1.6249109108e-01
-7.4126510304e-01
-8.1142030520e-01
-2.9214737855e-01
-5.1908261014e-01
2.3523803613e-01
-4.1994832951e-01
2.6280643754e-01
6.4708330298e-01
1.9020541800e+00
-1.9909019053e-01
-9.0196204909e-01
1.4367519122e+00
-9.1126626541e-01
9.3173951793e-01
-4.2534555581e-01
2.3780341703e-01
2.9079307154e+00
-1.6164968747e-02
1.8245010194e+00
-8.6628103090e-01
-1.3755211905e+00
-3.3433483281e-01
6.9660299372e-01
1.6005871566e-01
5.5292318380e-01
6.5912179903e-01
-1.9083456632e+00
-1.2912727219e+00
1.0267461648e-01
-1.2295869314e+00
9.4879884616e-01
-6.1527808467e-01
1.0666093516e-01
2.5978723924e-01
-5.0035983274e-01
7.1222920682e-01
-3.8236041118e-01
-2.2259459524e+00
7.0679372142e-01
-1.1520132931e+00
-7.3386067518e-01
-5.3886738565e-01
-2.1405349639e+00
-9.1011942172e-01
-9.7119935693e-01
2.4942330431e+00
5.8982569867e-01
