6.9367162059e-01
-1.9168195177e+00
1.1005278989e+00
2.0330561283e+00
-1.3535783387e+00
-8.8862257052e-01
-2.0157390647e+00
1.8979682730e+00
1.5281318393e+00
2.6063215736e+00
-9.5959649711e-01
-2.1934588878e+00
1.7543500792e+00
-1.1916860101e+00
-1.8503567825e+00
2.0434288925e+00
9.7465024522e-01
-1.8978855680e+00
1.9211226058e+00
9.0223317450e-01
-1.3304068779e+00
1.2752645066e+00
-1.9072727112e+00
2.0022464910e+00
1.0608716570e+00
1.0843618790e+00
-1.5852439088e+00
-1.7530654118e+00
-7.9822776146e-01
-1.5303212464e+00
-1.0659780779e+00
2.1271054216e+00
-1.1951804715e+00
-2.2793953152e+00
9.8319290198e-01
