-2.8492957790e-01
-2.0028939774e-01
6.7569667396e-03
-2.1019704175e+00
1.5503284288e+00
-1.9223860488e-01
-3.5131842640e-02
-1.2234465014e+00
7.6904847214e-01
1.0961688125e+00
-4.7693753248e-01
-7.3491929388e-01
6.0633809723e-01
1.1033201214e-01
2.3737444677e-01
-5.0154451499e-01
7.6873055942e-01
5.3815956839e-01
-1.0591554366e+00
4.2442614254e-01
-5.2860127740e-02
1.2608935614e-02
6.3844695218e-01
4.3757251113e-02
7.0500158070e-01
-9.0725503463e-01
-6.0972259337e-01
1.2366215580e+00
-5.3715863425e-02
-3.3348988940e-01
2.2842591770e-01
-1.0405983604e-01
-1.0552118660e+00
1.7380123925e+00
-1.7429911275e-01
-1.0004475050e+00
4.8643488613e-01
-1.1187294123e-01
-1.3312131695e-01
-6.5022464351e-01
-5.5908265194e-01
-1.7124126806e-01
4.2646471504e-01
4.3497445905e-01
4.4124682766e-01
-2.7685682243e-02
-1.7850147365e+00
-3.9981685817e-01
-4.5088842524e-01
4.8369515159e-02
