1.3794215484e-01
7.1076001612e-01
3.1222755191e-01
2.3441957398e-01
-9.4162853726e-01
2.3293246031e-02
-9.2753509047e-01
-8.5963175090e-01
1.4094804205e-01
-1.5356229608e-01
-2.6378675798e+00
-4.2767209616e-01
-2.6780205567e-01
-3.2631776806e-01
-1.2975884633e-01
1.5672411275e-01
8.5934638202e-01
-9.5733450475e-01
-2.9709394595e-01
4.4983953960e-02
-2.4907461110e-01
8.3193647494e-01
-4.8737790323e-01
1.5648878645e-01
8.8971326100e-01
1.3791974663e+00
6.0048023719e-02
-3.2626216186e-02
4.3954671065e-01
-1.2369671655e+00
-3.9094345744e-02
-1.3492089912e-01
8.6025468630e-01
-2.1285469755e-01
-9.5833329447e-02
6.8943174006e-01
7.1160354718e-01
2.0308350502e+00
-4.4712170775e-01
4.2149974833e-01
-3.8889558970e-01
-2.4233804842e-01
-2.6300662849e-01
4.4057003428e-01
-8.8952431900e-01
-1.9956284218e-01
-6.2546772089e-01
1.8890197479e+00
-1.7315547382e+00
-9.2598335524e-02
-7.3394033795e-01
4.4444424934e-01
-2.4425787725e-01
-1.0289579008e+00
1.2330758221e+00
1.0126703006e+00
1.2533543281e+00
1.9181679952e-01
-3.7925613834e-01
-3.1185447634e-01
-3.1267428143e-02
2.0540458872e-01
-4.1266165997e-01
-1.0577665188e+00
9.2136542338e-01
7.2331619379e-02
-5.4723185155e-01
-2.7907495143e-01
6.1242721259e-01
2.1548252859e-01
6.1742793236e-02
2.1700044240e-01
-2.2532321959e-01
-1.7505499670e+00
1.7099654285e-01
-5.2087880452e-01
-2.1311623882e+00
-1.1452869936e+00
3.3920825050e-02
2.0292873475e+00
7.7459595922e-02
-9.2176147525e-01
1.9838529747e+00
-2.1954344815e-02
1.8759671239e-01
4.4772245776e-02
5.2883260723e-01
2.6045883360e-02
-1.1488947665e+00
-1.2105432615e+00
2.3915670187e-01
1.2630662895e+00
3.6195398002e-01
-1.0553903042e-02
-1.5670577980e+00
1.1523926648e+00
-1.8031203137e+00
2.0695899691e-01
2.3987219005e+00
4.7260160419e-01
