9.3700251143e-01
1.0252669316e+00
-1.2669439384e+00
-5.3701786307e-01
1.0156870941e+00
4.1137508414e-01
-5.8873445484e-01
-3.9646599831e-01
-5.3615836883e-01
-1.1745790708e+00
1.3663770081e+00
1.1826681288e+00
-3.8968318789e-01
3.5758798688e-01
4.2496577946e-01
-1.3119381276e+00
-1.0494429484e+00
-4.9219256532e-01
3.6022257372e-01
-9.8003260924e-01
1.1471797069e+00
1.2668251213e+00
-4.4039187471e-01
9.8678085729e-01
1.1100050002e+00
5.6148343058e-01
-3.2519951548e-01
-1.2632273623e+00
5.0685368607e-01
5.3222720781e-01
-1.1758569907e+00
3.7083350493e-01
5.7933917844e-01
5.4782575906e-01
-1.5323000500e+00
-1.2248540380e+00
4.5340955495e-01
-1.4909097150e+00
1.0374404727e+00
-5.0472662955e-01
-4.4800915548e-01
-1.1204493593e+00
-1.2966730195e+00
4.2043073134e-01
1.1028479449e+00
3.7291594263e-01
-6.9770746250e-01
-3.2624077005e-01
3.4007446098e-01
1.0512590041e+00
1.1681459596e+00
1.0073577610e+00
-5.0155814691e-01
-3.8812935823e-01
4.3487488890e-01
3.5981251220e-01
-1.1410713624e+00
-9.1415201431e-01
-7.5986061736e-01
-1.3827528968e+00
-3.5999142198e-01
-6.1901330534e-01
-6.7865965529e-01
-3.5237253603e-01
-8.6249799125e-01
3.4336871970e-01
-4.4678227559e-01
8.9740278500e-01
-1.1447878488e+00
-8.6142598771e-01
