-1.3423425915e-01
-2.5111784293e+00
1.2512366483e+00
3.8304745145e-01
4.8873736965e-01
-2.1289127837e-01
-4.7284703838e-01
1.8394247737e+00
-1.5047868442e+00
1.1242122034e+00
2.0114449624e+00
-5.4439988787e-01
1.8556267693e+00
-1.3984589497e+00
-2.6880587244e-01
2.8310609825e-01
2.3442594022e-01
-2.7909964708e-01
9.9158851768e-01
1.2761224581e+00
-4.1701130066e-01
5.2779042977e-01
-9.0751357383e-01
-2.7501738070e+00
7.9946292200e-01
1.4801621819e+00
-2.1124953339e-01
-9.5683134772e-01
-2.2362868853e-01
8.5002787652e-01
-6.1901191817e-01
-2.5980176976e-01
