-1.3456647059e-01 -3.9509122206e-04 1.4910368679e-01 1.3678512339e-01 -1.6755916904e-01 -1.1935525235e-01 1.9080818990e-03 -1.4314987104e-01 -8.7086098872e-03 -4.0437236465e-01 -3.1023581311e-01 -1.7187082318e-02 -4.4917075156e-02 9.1718884946e-02 4.2798047071e-02 1.8728244183e-01 -9.7474378763e-02 1.7211087767e-01 2.2419846441e-01 -1.5859108115e-01 8.1196316166e-02 3.1166556550e-01 7.2240619373e-02 -2.6965680451e-01 2.2799201258e-01 -5.1004540529e-02 1.4562560679e-01 2.8956076596e-01 -7.8211818238e-02 -9.5280428517e-02 3.9109876667e-02 -1.0743801940e-01
-2.7876430957e-01 1.6533430338e-01 2.3806983448e-01 1.2671156666e-01 -8.7380151694e-02 2.8423558958e-03 2.3967527400e-01 -6.9112663509e-02 -1.9686931739e-01 -1.9290264722e-01 -3.3344591365e-01 -2.1316575234e-01 8.9777867038e-02 1.5775426965e-01 3.2204654397e-01 6.7394854010e-02 2.4589783531e-01 1.6346158771e-02 -4.8712285496e-01 -3.8554122532e-01 -1.1573312998e-01 -1.6299578741e-01 1.0258148382e-01 1.8516278126e-02 8.4204098119e-02 -6.1279103721e-02 2.3786888476e-01 4.3419232775e-02 -8.7373531444e-02 -1.8076893955e-01 2.0588984877e-01 1.9254120255e-01
-2.5546499755e-01 5.3841361241e-02 -3.3315800641e-01 -1.1579573390e-01 4.0457101140e-01 -3.0129048647e-01 -7.8933501879e-02 2.3621673798e-02 1.8084921410e-01 -1.4896288664e-01 1.2604367260e-01 -1.6516118288e-01 5.8438463057e-02 1.5992301971e-01 -5.8469840524e-02 -1.8830689087e-02 3.7861197498e-01 3.4177008401e-01 -7.2463076349e-02 1.8989247201e-01 -5.4845025341e-02 4.8051918424e-02 -2.5572221869e-01 8.5865649320e-02 -3.8652550881e-03 4.1958685038e-02 1.7718455994e-01 8.9162724662e-02 -7.5682381135e-02 -8.6355665773e-02 1.8336960144e-01 -1.5232362403e-01
4.8605350463e-01 -9.0728815158e-02 -1.2578185404e-02 -1.0855934781e-02 3.9265426668e-02 -5.7228516206e-02 -1.8320032665e-02 1.1014244943e-01 -9.9226861833e-02 -2.7889724813e-01 -1.2987301311e-01 -3.3806455926e-02 4.0048114452e-02 2.0197975667e-06 -1.1949499767e-01 1.9240878286e-01 -4.4210343747e-02 2.2910470952e-01 1.4496034469e-03 -4.3489034992e-01 1.9576526155e-02 1.5309365149e-01 4.5617059660e-01 -2.7170372789e-02 -2.0026600804e-01 -1.4397431672e-01 -2.6729052168e-02 2.5605237466e-03 2.1362854126e-01 -1.2262994618e-02 -9.3637709741e-02 -5.1906012000e-01
-2.0093446605e-01 1.1537121843e-02 -1.0396929296e-01 -3.7032313298e-02 3.5556248315e-02 -4.3561857144e-02 3.1497897778e-01 2.8569609638e-01 1.1464889725e-01 -2.5597666457e-01 -5.2447336255e-02 5.7592142537e-03 2.8858734875e-02 -3.3382161908e-02 -2.1242087358e-01 -3.0397093666e-02 1.2878046850e-01 -5.1073519022e-02 -2.5041227502e-01 2.7485498547e-02 8.2530948233e-02 3.0900325077e-01 2.7977679907e-01 -2.8083846869e-01 9.7783776048e-02 8.8354351155e-02 -1.2939389663e-01 8.7343115849e-02 -2.7013744498e-01 -1.7130213554e-01 -7.8020048788e-02 -3.4745346233e-03
-9.4591264232e-02 -1.8120207254e-01 -1.0844645051e-01 -9.4763480385e-03 -5.6440364893e-02 1.7576068981e-01 1.5614208301e-01 1.4641796346e-02 2.6060427679e-01 1.6493300187e-01 -1.0451382174e-03 1.1027100254e-01 2.6271194582e-01 1.5641348051e-01 -2.0040810112e-01 1.3038046683e-01 1.9646203680e-01 3.5786649834e-03 8.9177252864e-02 -9.1892902460e-02 -1.6674726299e-01 1.1606475003e-01 3.8170764385e-01 -2.5278602300e-01 -7.1782274593e-02 -1.2735166008e-01 -6.0594246561e-02 1.2617279437e-02 1.3384585927e-01 9.0791787039e-02 -2.2890664379e-01 2.0125212700e-01
-2.6117031653e-01 7.6267006091e-03 1.7840583972e-01 -9.5964756697e-02 4.4713492066e-01 2.8376138052e-01 5.2841304964e-03 1.1337150643e-01 1.7860953549e-01 -2.1896143171e-01 1.9850752897e-01 1.6033434106e-02 -4.6801007580e-02 -2.7070080853e-02 2.8162261506e-01 -1.7184026874e-01 -1.6058964364e-01 1.5827879133e-01 9.1321178459e-02 -7.1008772591e-02 -1.6420632334e-01 -6.7861320269e-02 -2.9226431752e-01 -6.3876076045e-02 1.1955055217e-01 -1.1732505793e-01 3.6061540517e-02 2.4467106413e-02 1.8640532676e-01 -3.0399648222e-01 9.6774949796e-02 2.7081991802e-01
-3.5712488665e-01 -1.9667626211e-01 -2.0541093108e-01 3.5265294329e-03 4.5232583495e-02 8.7250249315e-02 1.4325545472e-01 1.0653292284e-01 9.0285336240e-03 5.1218923931e-02 1.8145109009e-01 1.0535764943e-01 4.7599137011e-01 -9.4728623048e-03 -1.0927522845e-01 -6.8266267837e-02 -6.0831148867e-02 3.8812213238e-02 -2.9701592545e-01 1.0962094870e-01 6.1204005086e-02 1.4386320032e-01 -4.6117316848e-02 -1.3636166961e-01 1.7111258410e-01 -3.2930045415e-01 -5.6265215117e-02 1.4794147437e-01 -1.1383888373e-01 3.0443506138e-02 2.2972822481e-01 1.3154999514e-01
-1.4452406427e-01 -2.1562872463e-01 3.1371958182e-01 9.0593756900e-02 1.3736479579e-01 -5.3226198035e-01 3.1407299197e-01 -3.0241080361e-01 3.8317403735e-02 -2.3373784536e-02 1.9526878237e-01 -2.2390442481e-01 1.0641295324e-01 -1.3679744004e-01 1.9385904478e-01 3.7049807647e-01 -2.2039784128e-02 -3.2789395101e-01 1.6405406924e-01 -3.0897055789e-02 -4.0588821629e-01 3.1231485699e-01 -7.9797912424e-02 2.7983717411e-01 -3.0635264787e-01 6.0195190160e-02 1.4701328942e-01 -3.3162539017e-02 4.2172003157e-01 4.6279381684e-02 3.7617295138e-01 4.0136881931e-01
-2.6083646155e-01 -6.0134925855e-02 -1.0574814073e-01 1.3304201955e-01 1.8048426486e-01 5.1283873532e-02 -2.1460471186e-01 -2.2186837108e-01 1.7095553022e-01 2.5345790168e-02 4.1413066988e-01 -7.5151534109e-02 -2.0226333148e-01 3.5466788868e-01 -1.1118720955e-01 -9.2507100367e-02 3.6761268331e-02 -1.5964764495e-02 2.6513602354e-01 -5.5681033546e-02 4.2774381982e-02 1.8630723739e-03 -1.3216646374e-02 3.3571160636e-01 -1.3997467789e-01 2.2031915128e-01 1.6206990700e-01 -1.4426423847e-01 -2.2309441301e-02 -2.3097392941e-01 -1.5085000880e-01 -1.0068322935e-01
3.9162220369e-01 8.7722622099e-02 -4.4129601556e-01 1.6008445294e-01 -1.9708339567e-01 3.9905391373e-02 -2.6464796199e-01 2.2828489255e-01 -2.0370582550e-01 -1.9130482404e-01 8.1034321045e-02 -2.1463459677e-01 6.8063891435e-02 2.1923677121e-01 2.8718001959e-01 -1.2762019543e-01 2.9237110695e-02 -2.8874763723e-02 2.6485935284e-01 1.0190916836e-03 2.2022610957e-02 -1.0572503024e-01 1.8712757960e-01 -1.5825395759e-01 -8.9772164837e-02 -3.4605724444e-02 1.7262784405e-01 3.8938438806e-01 6.8806667946e-02 -7.8748758962e-02 -1.3895965674e-01 2.6044255679e-01
5.8059657090e-03 -8.6485944716e-02 3.5920205923e-01 -4.4323947581e-03 2.6092804785e-02 2.3981882433e-01 4.9873632702e-02 -3.4334158042e-02 2.7182078734e-01 2.3133655739e-01 1.0011050622e-01 -9.0244770586e-02 1.0301028348e-01 -2.5413987736e-01 3.5908088441e-01 -6.9932138410e-02 -2.5764616299e-02 -1.3345418402e-01 -3.0224986162e-01 2.6363776887e-01 -3.0450186027e-01 -1.1477890864e-01 2.4250990281e-02 -8.3953630854e-02 -4.0437217651e-02 -1.3411547064e-01 -1.6289978624e-01 1.4799837642e-01 -4.4627069122e-01 -2.9235759218e-02 -2.0516071442e-01 3.6471795825e-02
-4.3950393388e-02 7.3960522200e-02 8.0541591942e-02 6.6125488503e-02 1.0835997163e-01 1.5671819522e-01 -2.2025945675e-01 5.7269186304e-02 1.8650525221e-01 9.8421220371e-03 -2.4425670450e-02 1.8964411719e-01 9.3684196167e-02 2.6396003167e-01 1.7667432837e-01 -3.2480520232e-01 -2.8125571041e-01 3.0194583123e-01 -8.7622190940e-02 -1.6085218086e-01 6.9179871589e-03 2.4735023075e-01 6.7124321868e-02 -1.1556397714e-01 -2.3125697389e-01 9.8136814284e-02 8.4202573539e-03 -1.2488652349e-01 -1.6752307074e-01 -3.0769387677e-01 -1.3833281320e-01 -2.1017167574e-01
2.7205805281e-02 1.3062376662e-01 1.7311332487e-01 3.8803055626e-02 2.6221228200e-01 -3.0672024106e-01 -1.0436283891e-02 -6.3016316731e-03 -1.0802506645e-01 -4.0369729217e-02 5.6405703177e-02 1.9722125083e-03 -5.1405864414e-03 2.3645819037e-01 3.1733651382e-01 -1.5696344670e-01 9.9680055874e-03 -2.4665633592e-01 -2.2256796103e-01 -1.4511924833e-01 -4.0213651957e-02 -8.5412352006e-02 2.2039233543e-01 7.0078064678e-02 4.7192161872e-01 6.8051238394e-02 1.2663772506e-01 -2.6880191736e-02 -4.3339996486e-02 2.7130792215e-01 2.0710534910e-01 1.1585585859e-01
4.6909224661e-03 -1.7934508839e-01 4.3409170764e-02 -7.0396166565e-02 -8.0611791096e-02 -6.6873170737e-02 -8.6930194627e-02 1.0589547372e-01 -1.7602847919e-01 -9.9961190713e-02 -8.5951593337e-02 -7.9592603941e-02 1.5642438613e-01 1.1836968609e-01 1.4385518033e-01 6.1389434238e-02 1.8424939989e-01 3.4815459519e-02 -3.0116256722e-01 -1.3735386276e-02 -1.6159982466e-01 2.3086842854e-01 -7.3229772203e-02 -1.1044780708e-01 2.1833306763e-01 -1.9445390236e-01 -5.5716803172e-02 -3.7781991885e-01 1.5468146077e-01 -2.6624490784e-01 -1.4336362749e-01 -1.1522009695e-01
-6.0069070191e-02 7.3059132541e-02 -2.7775985278e-01 -9.4901624996e-03 -7.7066420690e-02 3.1878422217e-02 3.9535954157e-02 1.4946202427e-01 -1.7406639009e-01 -2.7121470217e-01 2.6458638567e-03 4.4637701004e-01 -1.4106073641e-01 1.4364075331e-01 1.3086541932e-01 1.1089796743e-01 3.1925577407e-02 2.7679222021e-02 -1.3857087671e-01 -1.1830064684e-01 -1.5544407987e-01 -7.0649112932e-02 -8.0212782409e-02 -1.5311604552e-01 1.3245917400e-01 1.2079609309e-01 8.7911336897e-02 1.3673692958e-01 -5.1631102823e-02 1.0720783597e-01 2.7180267247e-01 8.6360477227e-03
-7.9130702564e-02 -6.3855847791e-02 7.0508346088e-02 -2.4914089809e-01 -1.4881561510e-01 1.2072212116e-01 1.3650237222e-01 -1.3747291670e-01 -4.7060278025e-01 9.2100130122e-02 8.3649983523e-02 1.5509523183e-01 7.9295374432e-02 7.9030453464e-02 9.9079117555e-02 -1.4413858069e-01 -1.4945975366e-02 2.0981652964e-01 -8.8529315555e-02 -1.9771727883e-01 -3.9656072395e-03 3.7302484931e-02 6.5501247444e-02 4.5346573779e-02 1.9826946623e-01 -3.9197119331e-02 4.2823699170e-02 2.8635160103e-02 -1.4862046843e-01 -7.9866774762e-02 1.5806516401e-01 -1.0265858502e-01
2.1923552139e-01 -1.6001877563e-01 -2.6633463585e-01 8.7799810781e-02 3.3815721802e-01 -2.7818370225e-01 1.6561403266e-01 3.9934643685e-02 6.1061789861e-02 -9.5290396793e-02 1.5712182511e-01 -8.4989560330e-02 3.1255200712e-01 -2.7789701582e-01 -2.0787862748e-03 2.6505129950e-01 -2.1185780038e-02 2.0922324529e-01 -1.5347060346e-01 1.2345061939e-01 4.8504847494e-01 3.9795636281e-01 -2.1476785222e-01 7.6398047470e-02 2.2282929043e-01 -4.0456598861e-01 2.5646765374e-01 -3.0364672928e-01 2.8684698353e-02 5.6077946414e-01 -5.2717805070e-02 -1.4285991372e-01
-1.3005516417e-01 2.5343434391e-01 2.1689961625e-01 1.8416933135e-01 2.8390936153e-01 -1.0564336920e-01 1.7105713907e-01 -2.1331589172e-01 3.8348677829e-02 -9.1256590532e-02 -1.6952693235e-01 -1.8336416301e-01 2.3762894493e-02 3.7748880403e-02 3.8199537201e-01 -9.8464693127e-02 -1.7978789116e-02 -2.8697647927e-01 -5.3480837968e-02 -1.8139259227e-01 7.7467169844e-02 -1.4721100701e-01 -2.0433642994e-01 1.1215980430e-01 2.3952182985e-01 1.6778869396e-01 -1.1818408641e-01 -1.9337562103e-02 -1.3526411904e-01 -1.2982973234e-02 2.1803748499e-01 -1.7969978946e-01
-1.6688495328e-01 1.1436025667e-01 -1.3352671221e-01 2.0413413441e-01 -2.2229263885e-01 1.4138251188e-01 -1.9900571779e-01 -2.1079965159e-01 6.9085475163e-02 8.2454587024e-03 -5.2959651948e-02 -2.7481986668e-01 -1.5332244700e-01 -1.3660149927e-01 -1.5829847619e-01 -8.9005028473e-02 -2.0280614272e-01 2.9129833658e-01 -2.4984455090e-01 -1.3184341979e-01 1.0266205190e-01 -3.4277730782e-01 -5.6555155849e-02 4.8712558542e-01 1.8132149127e-01 1.0036900643e-01 -1.7102170174e-02 1.7439565716e-01 -1.3713605249e-01 7.4923956041e-02 -3.2874265804e-01 -8.3441204647e-02
1.6281399197e-01 1.2413450581e-01 -5.2213321565e-02 -4.4752752506e-01 1.2747838665e-01 1.9135455585e-01 1.1815525966e-01 -8.1123156359e-02 -3.7561748170e-01 -2.0928960332e-01 3.7585578115e-01 1.1615487631e-02 2.3012816740e-02 -2.6547610104e-01 -3.5340295142e-02 2.4062190645e-01 -6.8963916658e-02 3.4121742949e-02 2.0661545538e-01 3.7737085830e-01 -1.0845075916e-01 2.3415639781e-01 -6.5630851122e-02 1.7369081210e-01 9.0190599642e-02 -1.5682732273e-02 9.5967419385e-02 -1.0635141708e-01 5.8589448446e-02 -2.1968207186e-01 6.5969521584e-02 1.6113404538e-01
-3.6041728925e-02 -7.0465670752e-02 -7.6009155398e-02 -1.3438041030e-01 5.0006821699e-02 -1.4377791534e-01 -4.5523501154e-01 9.3406270761e-02 6.7386544786e-02 -1.5441240212e-01 -4.1918773974e-03 -2.3088703744e-01 2.3595614659e-01 2.1883842550e-01 -1.4362853731e-01 3.2218265905e-01 3.1884097236e-01 7.8158769817e-02 3.1092571818e-01 -7.7652251226e-03 -1.5943811060e-01 6.8954405106e-02 1.8229376230e-01 9.7365712123e-02 3.4204145102e-02 2.7060536249e-01 8.7494576473e-02 -1.9782164387e-01 1.3335709152e-01 -1.6558845675e-01 -4.3880124975e-03 1.9863072325e-01
3.3762626063e-02 2.2969796595e-01 2.4035668378e-02 -1.6360445407e-01 1.2137207539e-02 -3.3046993720e-01 -1.9232731503e-01 2.0411467222e-01 -1.5356722128e-01 3.2884857592e-01 2.9521635370e-02 1.3540624641e-01 -9.3155450704e-02 -1.3041708335e-01 -2.2072743627e-01 1.1763021265e-01 -9.4778565084e-03 -1.0834525275e-02 -4.8703660778e-02 9.3495123082e-03 -3.3612937954e-02 1.8905016109e-01 4.5680008974e-05 3.7153213864e-02 -3.4738865419e-01 -1.1589027451e-02 -3.0686839732e-02 -6.2022351391e-02 4.3270933023e-02 -8.0760321806e-02 -1.0916847389e-01 4.5859070446e-01
3.2103838752e-01 -2.3140279393e-01 -8.4732289893e-02 1.5368689512e-01 -1.0806951470e-01 -1.1587590172e-02 -5.4846881440e-02 5.4883658736e-02 -8.2032254798e-02 1.8936391058e-02 1.7823694145e-01 -7.2449858362e-02 3.0571931540e-02 5.7247189559e-02 -2.4147719226e-01 -1.5822690804e-01 1.6459296324e-01 -1.0947841298e-02 9.2724467277e-03 1.6868698992e-01 -8.8237310012e-02 -4.3168692848e-01 6.6323215407e-02 -1.0424209488e-01 1.0012059021e-01 -3.0839589573e-01 -1.6484819182e-01 1.1041449169e-01 3.6442562346e-02 -1.9527581765e-01 3.3866315509e-02 1.0823130613e-01
-7.8171167910e-02 -1.3089694599e-01 -8.1042847856e-02 1.6591460964e-01 3.5039162640e-01 9.0860862966e-03 -1.6896452146e-01 -8.7228240369e-02 5.2126811752e-02 2.0273010637e-01 9.5538156869e-02 -1.2687715864e-01 6.0577915396e-02 1.0277811648e-01 -1.6670119671e-01 1.1031319324e-01 -2.5375612154e-01 -1.4876425544e-01 -1.1870806358e-01 -3.3994171994e-01 -1.8757047581e-01 -3.0643182292e-01 -2.3040688943e-01 -7.1700414641e-02 1.2770831979e-01 1.9000469732e-01 -3.8047413522e-01 -1.2175489974e-01 -3.2825060797e-02 1.5607854055e-02 -1.8271443850e-01 2.8231632132e-02
-5.2982269419e-02 -8.6079266735e-04 -6.9525827306e-02 -3.0170932357e-03 1.0902927729e-01 8.3404432093e-02 8.1284994466e-02 -1.6019982414e-02 -1.2236985886e-01 1.5421861260e-01 1.1054558988e-01 -1.6808631301e-01 2.1641994160e-02 -2.9809447478e-01 -2.6837397512e-02 -7.1600610262e-03 -4.2209660730e-02 -1.0474680355e-02 2.4505909363e-01 -9.8655888962e-02 9.5072352956e-02 -2.5745398404e-02 2.0695822718e-01 -2.1726936311e-01 -1.3361532750e-01 1.1158335112e-01 -1.5412267117e-03 -1.7585878120e-01 9.5930751042e-03 -1.3316241778e-01 -1.4507684287e-01 7.8605603648e-02
2.7827777436e-01 -1.5971176806e-01 -1.5254618058e-01 1.0953336585e-01 -1.9415984431e-01 7.6447542696e-02 -1.0329110927e-01 -1.8851248438e-01 -1.4686711132e-01 -1.1732388210e-01 -3.7157160762e-01 -3.6045346309e-01 1.1427637078e-01 -2.2770993595e-01 -2.2464477357e-01 -3.8707816208e-01 8.5181728035e-02 -1.2702381884e-01 -2.3008164452e-02 -1.1066446604e-01 1.9392138700e-01 9.5797571865e-03 -2.6004208430e-01 -1.1824432464e-01 8.4880170326e-02 2.8176172906e-01 -3.3350528240e-01 -2.9745741618e-01 -2.8763807270e-02 7.0541065785e-02 5.9157053526e-02 -1.0896017458e-01
-1.0413576984e-01 1.6523807639e-01 -5.6840266999e-02 -5.0251994225e-02 1.6424254800e-01 1.2213099172e-01 8.4759756946e-02 -1.2694636941e-01 1.1477319737e-02 -9.2354230076e-02 2.6357560587e-02 -5.7300288856e-02 1.3135142118e-01 -6.9993401863e-02 9.5305908117e-03 6.3897307854e-04 -1.8303946967e-01 -1.0331072921e-02 2.1342337443e-01 -1.3281022348e-01 5.4708966866e-02 2.1852871593e-01 -5.7291183481e-02 2.0993183790e-01 -5.0189238220e-02 -3.0579878362e-01 1.5008307083e-01 -8.5842380255e-02 2.4414790990e-01 2.1485639375e-01 9.8379925462e-03 -6.4265954330e-02
-5.4934835941e-02 5.0670457099e-02 3.0363026105e-01 2.3009648050e-01 4.7509073011e-02 -3.4731125697e-01 8.0447392966e-02 2.3322026404e-01 -4.9921236898e-02 1.3794979041e-01 2.7001438228e-01 -8.1607939534e-02 -4.0676541166e-02 1.4176791424e-01 -1.6436605522e-01 -6.4468143442e-02 -1.5140825560e-01 -6.2164673909e-02 3.6325476472e-02 -1.0819700840e-01 6.1225272085e-02 5.5303618604e-02 2.2810942010e-01 5.6402500043e-02 1.0615087061e-01 -2.7416051156e-01 -2.1080994929e-01 1.1790870763e-01 -9.2123930858e-02 -9.6099306660e-02 1.1936346937e-01 6.4836442082e-02
-1.0408888593e-01 1.9071133954e-02 -8.8838074143e-03 7.7544014348e-02 -2.6599275735e-01 9.0391605758e-02 -2.5461859971e-01 1.5343183775e-01 -4.5423613210e-04 4.2757576590e-01 2.1767815804e-02 9.9306100827e-02 -5.3029597165e-02 -3.1465701010e-02 -7.9323151278e-02 3.6692852691e-01 -2.2495101583e-01 3.0293689213e-01 4.4397156445e-01 -4.0335710444e-01 1.4979179016e-01 2.2840690525e-01 5.4625723052e-02 2.3936203664e-01 8.2906372897e-02 3.1441969660e-01 2.0882403772e-01 -3.2729713904e-01 -3.8452136632e-03 3.6280850302e-01 1.8845913346e-01 -7.0343454290e-02
-1.7918665663e-02 -5.4751151686e-02 7.4952532747e-02 9.5833171634e-02 2.9183478563e-01 1.5340632333e-01 1.0023813928e-02 -1.9390784784e-01 2.7513560759e-01 -3.5622413643e-01 -2.9565460856e-02 -3.1754862105e-01 1.0764525005e-01 -3.4489588110e-01 1.7041537857e-01 -3.5385375203e-01 -1.5034445382e-01 1.9615965808e-01 -1.0880952286e-01 -1.0881726990e-01 -1.1828074382e-01 -5.2232700078e-02 1.7392013101e-01 -1.5752241100e-02 -1.0899494350e-01 -2.1954876467e-01 2.5144952200e-01 2.1987696319e-01 -9.4161026584e-02 1.1938018516e-01 8.1235775599e-02 1.3628813466e-01
-1.9802330869e-02 -8.5489110253e-02 8.2475296887e-02 5.4071628660e-03 -9.9316000658e-03 -3.1793896975e-01 -4.5396163691e-01 1.3392532867e-02 2.8674907860e-01 -3.7336150360e-01 -3.2517655944e-01 1.6561500210e-01 -1.5705021562e-01 2.3918580674e-01 -1.2487806103e-01 -2.9603007586e-01 3.3228824170e-02 1.7163304058e-01 -1.5361105762e-02 3.8557023737e-02 1.0790181788e-01 2.8530477325e-01 8.4393266099e-02 -1.4366853242e-02 3.6825346239e-02 -1.2787628404e-01 2.6437375658e-01 4.3304428017e-02 1.7916398775e-01 1.5715504377e-01 -1.0141142157e-01 3.3175266553e-02
