-6.8382268555e-02 8.0458054916e-02 -1.9747435445e-01 -1.4968649294e-02 1.6143360237e-01 9.4507988125e-02 -1.8823758470e-02 -3.6232591917e-03 -1.7469364441e-01 2.6788211743e-02 -2.0251945916e-01 -1.8870384087e-01 -6.4965127080e-02 2.9892669353e-01 -1.4669463798e-01 1.7924538194e-02 -1.9213605429e-01 4.6795079894e-02 -3.4223421865e-01 -8.3455814957e-02 3.6529917410e-01 1.0187997506e-01 1.1387341713e-04 -6.2853964897e-02
-2.2762997932e-01 -2.3574604919e-01 -7.6713665922e-02 -4.2887097400e-01 2.0299861285e-01 2.3380984891e-01 1.1141863003e-01 9.0699990445e-02 2.5935286774e-01 -7.9061549541e-02 4.6827368993e-01 -7.6934324927e-02 8.8107815880e-02 -2.1467408536e-01 3.9184976089e-02 -1.8572362446e-01 3.8044677617e-02 1.4283108313e-01 -1.4070133472e-01 1.3967313736e-01 -3.8589854571e-01 1.0842045544e-01 -1.0676318787e-01 -4.3139406808e-01
-1.0825036776e-01 9.3757472973e-02 -1.4637238012e-03 4.9899920436e-01 8.0744652181e-02 4.5541453676e-01 -1.5335104262e-01 2.8460220581e-01 3.5999995926e-02 2.0435446015e-01 1.1517592060e-01 2.6095519926e-02 -2.4561910066e-01 -1.7833596034e-01 3.8074363979e-02 1.1496151023e-01 1.8408597726e-01 -2.9409815162e-01 9.7637750145e-02 1.1374556874e-01 2.6455607446e-01 -1.1219733072e-01 2.9761343636e-01 4.3038426489e-02
-2.5224684814e-01 2.9905050609e-02 -2.4582400023e-01 -6.3307705887e-02 -9.7530976200e-03 -2.4079364153e-01 -1.1460002842e-01 4.0739823631e-01 2.4821858609e-02 2.7389918101e-01 -1.0383044377e-01 4.6337574059e-02 -3.5369509464e-03 -1.1228791677e-01 -7.6328515138e-02 -3.0909937965e-01 1.9035720001e-01 -1.9367550095e-01 3.4573936237e-03 -3.0006389609e-01 -5.7382585789e-02 -1.0337557848e-01 -1.2366971854e-01 -3.5769624216e-01
2.0073644338e-01 -1.4762263724e-01 1.5706806294e-02 2.3268423204e-01 -7.6256669210e-02 -1.5642798813e-01 -2.6792843730e-02 2.7367125975e-01 -4.1362313593e-01 4.1300317770e-02 -1.0304999351e-01 7.7888757328e-02 2.7153749285e-01 8.1921985443e-02 -1.9869089019e-01 -4.2703200313e-01 -7.0608780797e-02 -1.3858680410e-01 1.6100202154e-01 -9.2912405324e-02 -1.7702835645e-01 1.9524567757e-03 8.4754563037e-02 -7.8680535095e-02
3.4368852529e-02 -2.7789034152e-01 3.1965462275e-01 -7.6644273398e-03 -3.4096498003e-01 -4.4315985433e-02 2.0859247211e-02 -1.4817178205e-01 -5.6832203473e-02 2.2649002919e-01 2.9653958849e-01 2.4256330401e-01 -8.9945871576e-02 -1.5602075695e-01 -1.9619096535e-01 1.7106104926e-01 -2.9290001557e-01 -4.3902014537e-02 2.9014403962e-01 -5.8907123080e-03 1.1601290534e-01 -4.9244497484e-03 -1.2581596278e-01 2.4104364538e-01
-1.0383601458e-01 -1.0607789941e-01 9.0694709350e-02 4.9119610396e-02 2.9086368883e-01 -1.6068116670e-01 1.1388301478e-01 1.4551243323e-01 9.2159748618e-02 1.1789609285e-01 6.6731667923e-02 1.3727994789e-01 -1.0575005525e-01 -1.9810958588e-01 2.1500658192e-01 -2.5891649965e-01 -4.0868373228e-01 2.6042159358e-01 -2.9153991205e-01 -2.2439280421e-01 8.5766630830e-02 2.9893477391e-02 1.5457201156e-02 -2.2836021233e-01
-6.3550636900e-02 -2.2456301488e-01 -5.9362852786e-01 -1.8574500596e-01 -4.0453774993e-01 -3.9773685349e-01 -4.8472401928e-02 -8.5007097222e-02 1.7881034546e-01 6.4843556490e-02 -1.0543655489e-01 -1.8966952693e-01 -2.4721450063e-01 2.6092213733e-01 2.3347326405e-01 -2.1563880142e-01 -2.1474494050e-01 1.4020426908e-01 5.7051296716e-02 -3.2726857300e-02 5.0500750213e-02 1.0294797865e-01 2.2865580725e-01 -1.2617041321e-01
-1.8699201976e-01 -1.5118041768e-01 1.2519867127e-02 -3.1855245564e-01 3.1870732750e-01 -1.2087944518e-01 1.1677379245e-03 2.6095764613e-01 -1.0434113535e-01 2.3797489246e-02 -2.4920881540e-01 -3.7597908867e-02 -3.1221726920e-01 -2.0558215634e-01 -3.4921671313e-02 3.9716723311e-02 3.6498678919e-01 -3.0247261411e-02 -1.6077901216e-01 4.9716706654e-02 1.7047185246e-01 2.9485764879e-01 5.1909265455e-02 1.5143031984e-01
-7.3874767565e-02 2.6742408209e-02 -2.1355395150e-01 2.3633205055e-01 3.7392228140e-02 8.1822483016e-02 2.9077284888e-02 -5.9902419528e-02 -3.1344190392e-03 -2.5585337667e-01 -8.5669741103e-02 2.4429277297e-01 -2.0697322356e-01 -1.2327400529e-01 -1.8616158196e-01 -1.5278225886e-01 -2.2248073034e-01 5.6897543117e-02 5.6349011406e-01 1.3268314610e-02 -2.1776699490e-01 -4.9418265948e-02 -4.1430749920e-02 1.4943713153e-02
2.7114901639e-01 -1.1632150449e-01 3.6586393420e-01 -4.2042231562e-03 2.0629133538e-01 -1.1822002621e-01 -2.0929856972e-01 -9.3735516732e-02 9.9951295998e-02 8.1175927289e-02 -8.9729449900e-02 -9.3920805342e-02 -2.3133522316e-01 -1.9545534538e-01 3.2841689170e-01 -1.5243660287e-01 5.7474345230e-02 -3.7280854942e-02 -1.4479745101e-02 1.9357526122e-01 -6.2296755616e-02 2.4851703949e-01 9.0965806110e-02 -1.6136755824e-01
-2.1732112756e-01 1.3399317090e-01 -9.2058448586e-03 -7.5111307052e-02 -1.0257114845e-01 4.0659817709e-01 -2.1274982619e-01 5.6014328049e-02 -2.0582351723e-02 1.7342112802e-01 1.8700176648e-01 6.3977474432e-03 -1.2708872093e-02 -2.0292025293e-01 3.4062622507e-01 7.4714929774e-02 -2.1155915533e-01 -5.4941531842e-01 -2.1069574476e-01 1.0757548374e-01 -2.5596435092e-04 -8.4649343448e-02 4.5874339333e-01 3.4974287499e-01
2.5551647853e-01 6.6042351748e-02 -1.9435178090e-01 -1.8286814472e-02 -1.8340609812e-01 5.0547163149e-02 1.4035242305e-01 -6.3880363565e-02 1.5638957472e-02 -3.6228356120e-01 -6.3503235545e-02 3.4048447323e-01 -9.5405164982e-02 -2.1639633807e-02 1.2059865242e-01 1.4696820540e-01 2.0310451757e-01 4.4803676971e-02 -2.8019433529e-01 2.7083402091e-02 2.1249101306e-01 1.6497813921e-01 -4.0774972710e-01 -3.5614113491e-01
-4.2342541260e-01 -2.2140584885e-01 -3.3541630128e-01 2.3591218363e-02 -7.7719578962e-02 -4.7335159277e-02 1.4995690119e-01 -3.0672286002e-02 -2.3667876842e-01 -2.5416390058e-01 -1.1576758858e-02 1.3571433118e-01 -3.8703813628e-01 2.4156268430e-02 4.1321002734e-01 -5.0224462819e-02 2.0932213513e-01 7.7245778045e-02 6.8952228897e-02 -8.1660587472e-02 1.0170443611e-01 -1.1973827291e-02 -3.5928054271e-01 1.6583887990e-01
4.0876712307e-01 -2.9718634046e-01 -1.3043417073e-01 -2.3317758426e-01 4.4498097353e-02 -3.4922624064e-01 -4.5514817463e-02 -1.0235714367e-01 -2.0758751241e-02 -2.0235362460e-01 -1.8723598606e-01 2.9149855600e-01 1.8651944802e-01 1.5895754724e-01 -3.5003289849e-01 -4.2112105866e-02 2.8023293477e-01 -9.7292892658e-02 2.3286807400e-02 -1.8805172865e-01 1.2656950611e-01 2.3809005914e-01 7.0877511116e-02 -1.4015997963e-01
-1.0579112146e-02 6.5197309139e-02 -1.4753095805e-01 6.3534280186e-02 1.2025639833e-01 2.5826787981e-01 1.4775009529e-01 -3.8259313928e-02 3.4756578739e-01 -2.0085840443e-01 -2.9197970944e-01 4.9296770321e-01 1.6479024357e-01 -4.6931420454e-01 -3.3071166330e-01 -4.3210157475e-01 -1.1501231130e-01 -2.5442418223e-01 3.2986377452e-02 -5.7332512960e-02 -2.7459133214e-01 1.0279281574e-02 -2.4187557133e-01 6.2170406594e-02
1.9427679194e-01 -2.1123974621e-01 1.9649885104e-01 1.1447868500e-01 -4.6058634538e-02 -2.2105400390e-01 -9.1985096093e-02 -3.8304639987e-01 5.0749116958e-01 -3.1371106938e-01 4.6386465144e-04 -4.8976699804e-01 5.3859050952e-02 3.3455936381e-01 2.1287784957e-01 -3.3998628352e-01 -6.1988224609e-02 -2.6565056615e-01 -1.4044505359e-02 2.6344023193e-01 -2.4733121117e-01 4.3013551212e-02 -1.4133135990e-01 2.3268691153e-01
2.1817570549e-01 8.7964937203e-02 4.4679003887e-02 -2.0834284702e-01 -3.9364013821e-01 -1.6580166048e-01 9.2897966274e-02 -1.0432518857e-01 -8.0869513879e-02 -2.0885923502e-01 2.4541138871e-01 1.1902839890e-01 -5.2321742407e-01 -4.0892468345e-01 -2.5840027925e-01 -1.7154640611e-01 -3.2732590755e-01 -4.7529417778e-02 6.5217563347e-02 1.2086907910e-01 7.1361638180e-02 4.5869269208e-02 3.9559382829e-01 -2.4556343096e-02
2.4147267029e-02 3.1955857368e-01 6.8485500579e-02 2.5201835808e-01 -4.3231135343e-01 3.2411002934e-01 -2.2101539316e-01 -7.3517678292e-02 1.0734807650e-02 7.3817480114e-02 -4.3445472825e-01 1.8474266998e-01 -2.2956392879e-01 -3.1273839368e-01 -4.1645207785e-02 5.1097264803e-02 1.6473269836e-01 7.5213965397e-02 -1.2965645264e-01 2.1241159918e-01 -1.1296402112e-01 7.1886877834e-02 -1.0084196460e-01 3.3915432985e-02
4.8144554594e-02 2.5391885237e-01 -1.2408750622e-01 -5.4080986187e-01 2.8395400852e-01 -7.8145549174e-02 2.5313929814e-01 1.2940824030e-01 1.9749731331e-01 2.3839143735e-02 1.9924074003e-01 -5.5012720613e-02 -1.6135611961e-01 4.0567379069e-02 -3.9343927546e-03 1.8637632252e-02 7.1492424340e-03 1.2865215667e-01 -3.8820448164e-01 1.6050924988e-01 -1.0024316595e-01 -7.1863359564e-03 -2.1398941074e-01 5.2783436689e-02
3.6533249948e-01 -1.7577469704e-01 -2.4508352509e-01 -4.5345080312e-01 -1.2159785762e-01 1.7326127959e-01 7.1596853394e-02 -1.8378253757e-02 -1.1012198660e-02 -1.6723377410e-01 -1.5294236183e-01 1.9185986603e-01 1.7781840264e-01 -4.6061486660e-01 7.0060201259e-03 9.3540993818e-02 -1.1824477632e-01 3.8618526321e-02 1.9767842910e-02 -3.1679700311e-02 -2.6748102745e-02 3.2431462796e-02 1.2819322266e-01 5.6963022778e-02
4.0517597885e-01 7.4893010457e-02 -1.9163558397e-01 -5.5595979625e-02 7.4159679398e-02 1.0014415180e-01 -8.5328015706e-02 -3.4666097622e-02 1.6262547293e-01 2.6314256274e-01 1.4552641261e-01 -1.6341998326e-01 1.1487827015e-01 1.1801726796e-01 -2.4573114966e-01 4.5138071183e-02 3.3869552797e-01 -8.8927466146e-02 1.5542655845e-01 -3.9558301134e-01 -5.2765347698e-02 1.0830942520e-01 -6.8392269788e-02 -4.4244644148e-02
2.5181410168e-02 -1.3524614841e-01 -1.6342642822e-01 1.7301513997e-01 1.3956164008e-01 -6.9139811318e-01 7.6343302392e-02 -1.1097171894e-01 2.0792607211e-02 -1.7826845922e-01 2.1341065574e-01 8.1785131049e-02 -2.9324842442e-01 1.1840156722e-02 1.7570287654e-01 -4.2343662725e-03 -1.8864185923e-01 -1.6182807840e-02 -1.0015646970e-01 1.9757759423e-01 -2.9336101029e-03 3.7907614853e-01 -6.4288293511e-02 -1.0510787561e-01
1.6007995230e-01 4.9448695745e-02 1.2015413011e-01 4.3882647314e-03 -1.8976357308e-01 3.5986472782e-01 -3.5450020096e-01 2.5809723770e-01 -8.7882496361e-02 5.2464540021e-02 9.4165051859e-04 -1.1139966180e-01 6.1143769681e-02 1.1999323036e-01 1.3405926170e-01 -1.4168581080e-01 1.4447066530e-01 -9.5027575694e-02 -1.2205521581e-01 -4.6677806357e-01 4.4354246258e-01 -3.6312895944e-01 -1.1299139388e-02 5.2001879665e-02
