-1.3969681513e+00
8.6462263216e-01
1.0344136616e+00
-2.6968383912e+00
1.6324895844e+00
-9.7051458737e-01
4.0639475937e-01
1.2412920138e+00
-3.0223776515e-01
-7.6664723102e-01
-8.9242013305e-01
-4.2430266331e-01
-1.3497232022e+00
-1.6911428021e-01
-1.4838288518e+00
5.1282060140e-01
-1.5299431101e-02
-1.5368797765e+00
-7.9137875412e-01
1.1207050844e+00
-7.2598248460e-01
-2.9694782399e-01
9.9676847399e-01
-6.2791549504e-01
6.3744907138e-01
1.1511067075e+00
8.6080298963e-01
-4.1007672129e-01
-9.2373081222e-01
-1.8408777218e+00
1.2116865478e-01
-7.0646722848e-01
