3.3466664802e-01 -1.0510330254e-01 -1.5192188351e-01 -1.5965285352e-01 -1.3181632117e-01 1.1998532927e-01 1.1053525255e-01 5.9075710519e-02 9.8203954280e-02 -1.0905253691e-01 1.3897964492e-01 1.3808192849e-01 2.7157078707e-01 -4.6535411453e-02 3.7661251355e-02 -4.2155437794e-01 9.3570572240e-02 3.4636081484e-01 1.4315930792e-01 1.2281353510e-01 -1.5456127834e-01 -2.5510484268e-01 1.1689471384e-01 1.0898369898e-02
3.5464878845e-02 -2.7502159258e-02 -1.2085128094e-01 -6.0152001819e-02 4.7172310782e-01 3.1728231072e-03 1.1524680808e-01 -1.1152775219e-01 8.3401005754e-02 9.5903320949e-05 -2.8404231014e-01 -4.4739648874e-02 -7.8763363546e-02 -6.7345404342e-02 8.7536626725e-02 1.7855940967e-01 -1.6539646764e-01 2.0855551470e-01 -4.7093526419e-02 7.2661284857e-02 -4.5066781350e-02 1.2271579399e-01 1.8492077213e-01 2.1700335274e-01
-6.5921192208e-02 -2.9585987042e-01 -9.6492724205e-03 2.4903811717e-01 -2.0579827727e-01 -8.5077909660e-02 4.3665881999e-01 -1.4256801374e-03 2.9038599482e-01 -1.8373890551e-01 2.2759803174e-02 -2.8865504149e-01 1.8600871931e-01 2.9411160044e-02 7.7945969127e-02 7.8668162000e-02 1.8757488866e-01 -1.5587897819e-01 -9.6059252946e-02 6.2756483287e-03 -2.3943409876e-01 -1.6690264181e-01 -1.3245680615e-01 -2.6946295256e-01
2.5549255444e-02 6.3617770265e-02 -9.6130820332e-02 -3.8103932656e-01 -7.0342971080e-02 -9.5177780549e-02 6.0993764383e-02 -2.5253537469e-01 2.2422558233e-01 -1.4774059971e-01 1.1814083816e-02 -1.8985051721e-01 -5.2540520281e-02 -1.2955156647e-01 -4.7164786559e-01 1.3933942793e-01 -1.1830045035e-02 -1.4659000844e-01 1.3140248226e-01 4.6435639808e-02 -1.4891189466e-01 1.3743978870e-02 5.6287246610e-02 -8.1106617475e-02
-1.7589177561e-02 7.0963910065e-02 -9.7031359109e-02 -1.2167147187e-01 -1.7045674576e-01 4.1631117451e-01 -7.1360542555e-02 -6.9827065631e-02 1.6209342323e-01 5.9963217550e-02 -2.1444145358e-02 -7.0120238995e-02 -1.0919189705e-01 1.9134718694e-01 -1.2089503109e-02 -1.8573588776e-01 -9.8423814380e-02 1.4855364635e-01 -3.6991230875e-02 -7.2707963069e-02 2.0917724422e-02 -4.6974733008e-02 2.0999236833e-01 2.8051208076e-01
-2.2525968585e-01 2.5239160456e-01 2.2785562068e-01 -2.3637793566e-01 -4.4448134919e-02 -2.3053701579e-01 -1.9037782884e-01 -4.3343364110e-01 -1.1337359538e-01 -1.2358824277e-01 3.6886501270e-02 -8.7907315754e-02 2.4398552523e-01 -1.8575893597e-01 2.2693025351e-01 2.0066913833e-01 6.0048177889e-02 1.7192485871e-01 1.2897820017e-01 3.5432923369e-01 4.0880942450e-01 4.5344315122e-04 -2.5023925049e-01 1.8759508945e-01
1.5136353818e-01 -9.6694735126e-03 2.5612492583e-01 6.3537943123e-02 -5.4656521272e-02 1.8910762755e-01 -1.6317684909e-01 -1.2780006745e-01 1.0758182656e-01 3.1849998745e-01 3.3716638504e-02 1.0904111108e-01 -1.3710241602e-01 3.0679772666e-01 -1.2950011819e-01 4.4526384496e-01 1.0969183939e-02 1.1949888932e-01 -3.0515689277e-01 -1.7044882150e-01 -6.8166370385e-01 -8.0805047833e-02 2.1554219260e-01 3.8162821588e-01
3.1761813753e-01 -1.0640744477e-02 1.7938294535e-01 6.5534102496e-01 -1.1389769028e-01 -5.0118325720e-02 1.7240531849e-01 1.2198796408e-01 1.6819350772e-01 3.9294487951e-03 3.5755914830e-02 -4.3636460415e-02 9.7455005991e-02 -2.9545673921e-01 3.6652142289e-02 -7.2729721206e-02 -2.6410172758e-01 -1.9046017297e-01 -7.4239342049e-02 -3.8262854489e-01 6.3049899775e-02 -5.3340338387e-01 1.8276661596e-01 -2.5253774140e-01
-1.8409217480e-01 -3.6271086392e-01 -5.4780875936e-02 -1.2066575820e-01 9.7759134640e-02 3.9338223422e-03 1.7564773513e-01 -7.9887384461e-02 -4.9899116706e-02 2.5422674557e-01 -2.1823151433e-01 -4.3720473146e-01 -1.1834981874e-01 2.7386120446e-01 9.1121404287e-02 1.8130731919e-02 1.3396839131e-01 4.9888726740e-01 -3.5203759365e-01 -2.0878240153e-01 1.8107139993e-01 8.8200477436e-02 -1.9714685595e-01 -5.0252239955e-01
6.1199076669e-02 -2.1647828254e-01 -1.8352526949e-01 -1.0599583410e-01 -4.0285360247e-01 -1.9312985920e-01 2.1605307373e-01 -9.3035499571e-02 -1.5348136036e-01 1.0196295755e-01 5.4569432268e-02 -9.4321531991e-02 -4.5252480089e-02 5.3316920144e-02 2.1913050546e-01 -2.9864277569e-01 2.2941385499e-01 7.0832204992e-02 4.1313212072e-02 1.3021769853e-01 5.5912703438e-02 -1.0969433834e-01 5.7538056090e-02 3.5535058625e-01
-8.1255396083e-02 1.9500487149e-02 3.2343993275e-01 -2.1283458689e-02 -6.7495792036e-02 3.0604042478e-02 -4.1837112071e-02 2.7288744940e-01 -2.9876032426e-01 2.5207266478e-01 1.1490221475e-01 -2.1955578156e-01 -2.3464707762e-01 2.4605066119e-01 8.5952368716e-03 2.9849927162e-01 4.4164960924e-01 -4.6637082514e-01 -3.3086771702e-02 -1.9063224899e-01 -9.4103635223e-02 -2.1046415804e-01 -4.1713360638e-02 4.1881481382e-01
1.6557141890e-01 2.2331005432e-02 8.3882258502e-02 4.6463168282e-02 -2.2396358057e-01 -6.7984570285e-02 -1.2327023339e-02 -1.1757463726e-01 -4.9119115084e-02 -1.3244058597e-01 -3.4003866152e-01 -3.5722228526e-01 8.7715280789e-02 1.7973352316e-01 1.0155253947e-01 -1.3168689104e-01 2.7557724434e-01 -1.4701857964e-01 -5.2628976150e-01 -4.1372441881e-02 1.4774129918e-01 -8.7438346956e-03 1.8062227981e-01 -3.3742066413e-01
-2.0694079533e-01 -1.3721272472e-01 2.8452028761e-01 -6.3213363584e-03 2.9261638793e-01 7.8359530300e-02 -3.0938825623e-02 -9.3949890811e-02 8.0387071754e-02 1.8463216683e-01 -1.2621020790e-02 -3.6546316131e-01 -7.8505700237e-02 -1.1554680064e-01 6.7032015625e-02 1.3119196608e-01 1.1016482850e-01 -2.0486208962e-01 -1.7795520124e-01 2.8905038815e-02 -3.7879957112e-01 -6.2237676254e-01 -7.4735836386e-02 -5.5253125136e-02
-3.5780176416e-01 -5.3941456504e-01 2.8713688864e-01 2.7757754424e-02 3.8060634490e-01 -2.2807603882e-02 -6.2944432260e-01 1.3751781375e-01 -4.1007242650e-02 -1.9995276513e-02 -2.1527507435e-01 2.6173236785e-01 -2.0103757996e-01 -2.2985707166e-01 9.0206116054e-02 4.0673818031e-02 4.2066927477e-01 1.3809581522e-02 7.5543864145e-02 -8.9382733288e-02 8.5251911951e-02 -2.5205748775e-01 1.0992943008e-01 -1.9984606250e-01
3.3360480163e-01 2.1176200116e-01 5.6911929137e-02 5.6949839514e-02 -4.4225583730e-01 -2.9203323036e-01 -6.7418153803e-02 7.0890310670e-02 2.5057133308e-01 -2.3803203389e-01 1.7653629419e-02 9.9401512704e-02 3.0174609903e-01 -5.4509917086e-01 1.3255269703e-01 3.9524119665e-01 -5.3444274915e-03 3.2870220030e-01 5.2715890848e-02 1.7913360651e-01 3.8747494362e-01 -5.6235455196e-02 -2.0443077038e-01 1.7159484213e-02
-2.3021777117e-01 6.9613344047e-02 2.6565914743e-01 -2.3808260983e-01 -3.1101869947e-02 2.6590684564e-01 -3.6660871259e-01 2.3406296745e-02 2.4411481008e-01 -6.1328849122e-02 -1.6275152710e-01 -4.3099071762e-01 1.6050415463e-01 -1.0360512603e-01 -2.8561851454e-01 -1.2658120106e-01 8.5746345046e-03 -9.4856665736e-02 -8.4148742037e-02 -4.0740148612e-02 -3.4938289132e-01 1.8579024835e-01 1.1236184456e-02 -2.0454319089e-01
-2.3709650199e-01 -2.1581915846e-02 -2.5296693389e-02 9.2428604957e-02 6.0133933305e-02 1.2274969559e-01 4.4023998738e-02 1.4792958408e-01 2.6584899515e-01 -2.9307107397e-01 1.6205441058e-01 -1.6576843850e-01 9.2856156999e-02 -2.6352911504e-01 2.8352510709e-01 2.8490671571e-01 -1.6545160812e-03 -1.7849607369e-01 2.5733336318e-01 1.4307308220e-01 -2.8924684641e-02 2.3793795809e-01 2.9865320133e-01 -1.3539488961e-02
-1.6795562595e-01 -1.5448083499e-01 -3.5360927110e-01 -1.7032368525e-02 -1.5079220832e-01 8.7691979399e-02 -1.9572904866e-02 -4.2764149421e-02 9.7916679123e-02 8.2166436279e-02 1.3874469475e-01 1.7118689991e-01 -3.2636928256e-02 -2.9675731533e-01 -3.3388788721e-02 -1.0412516676e-01 -3.1484587206e-01 -2.8013397958e-01 2.2826760374e-01 -2.5855329140e-01 -6.7565598607e-02 2.4975520233e-01 4.8067264105e-02 -6.0308071837e-02
-6.3600179042e-02 1.4902138976e-01 7.7470356221e-02 -1.1320083778e-02 -1.2502022985e-01 -1.3905055417e-01 -1.0244630832e-01 -1.2393220684e-01 8.2967692929e-02 4.0010953794e-02 -1.5274649830e-01 3.2239903894e-01 -2.2154431207e-01 -2.9669831021e-01 -1.5663360424e-01 1.1363539615e-01 1.6145052712e-01 1.2534161619e-01 -1.3222066837e-01 -7.8864530759e-02 -4.8223257348e-02 -3.5086108642e-01 -2.7597690443e-01 -1.5459124819e-01
3.6992694877e-01 -5.5992176640e-02 -5.0274531379e-02 1.9135907533e-01 8.1923554548e-02 -1.2259963154e-01 -2.5333485747e-02 2.7505710908e-01 -1.4873853011e-01 -2.5006269140e-01 -6.8426852963e-02 -3.6735685830e-01 -2.4066237418e-01 4.6517471863e-02 -2.2655876021e-01 1.6457760363e-01 1.3694944983e-01 1.7303937654e-01 -3.5217497404e-01 -1.2490317953e-01 -2.9346726399e-01 1.4754491027e-01 1.5404749338e-01 2.4687765171e-01
-2.3858639125e-01 2.6377562698e-01 -3.1081412047e-01 1.8806409798e-01 2.3614712276e-01 -2.4944513263e-01 1.4390512515e-02 4.9774680045e-01 2.4295793667e-01 2.6954089474e-02 -2.2190139958e-01 1.6654157449e-01 -1.5170928741e-01 -2.0766837645e-01 -2.9490069849e-02 -1.9303486989e-01 2.6815792777e-01 2.2846550898e-02 -5.0116102822e-01 -2.8655864201e-01 1.2129405563e-01 3.2675877452e-01 1.5686484567e-01 4.3591211073e-01
2.1981228615e-02 3.4716534394e-01 -2.7038513154e-01 -8.4959170906e-02 -1.1423974872e-01 -6.0477708865e-02 1.5256245515e-01 -2.5273349874e-01 -5.3293526809e-01 2.4777718968e-01 3.7645877195e-01 -5.6331799672e-03 6.7147335603e-02 -1.6077529100e-01 -9.8983318926e-02 -2.0099438143e-01 -6.3867046856e-02 6.7903927313e-02 7.3202435530e-03 -9.6501166414e-02 -2.3791325999e-01 6.5044681802e-02 1.3386903176e-01 3.9976485892e-02
2.2516435513e-01 4.8790301673e-02 -1.4301345753e-01 5.9199761659e-04 1.4615860413e-01 -4.0182448604e-02 -6.7160050762e-02 2.8219198594e-01 -1.1331097887e-02 -2.0333309502e-01 -1.0692379065e-01 -1.5184696957e-01 -2.6660342800e-01 5.0408630417e-02 -4.0564951152e-01 1.0399177356e-01 2.4461236847e-01 -3.5023368870e-01 2.5240857414e-02 5.3305270012e-02 9.8094257570e-02 6.9327951604e-02 1.9637980903e-01 1.6853186742e-01
9.2886504568e-02 -3.6587676626e-01 3.5009072064e-01 1.6830085628e-01 -4.7539837329e-03 2.2954784539e-01 -9.8484277474e-02 -4.5596752111e-02 -3.7807619118e-02 1.5188353262e-01 -6.3936681941e-02 1.2723610768e-01 1.4902361429e-01 3.0196048526e-01 1.1489362996e-01 -4.1647100424e-02 -1.9590114879e-02 -6.2390910288e-02 6.2936150125e-01 6.2412848311e-02 2.0323167406e-01 -2.3106938875e-01 -9.6205512300e-02 2.6352616420e-01
