1.3498090457e+00
9.7251497287e-01
-5.9330977294e-01
-1.1299012118e+00
7.7590552534e-01
4.5434398300e-01
-2.2785702759e-01
4.5237186368e-01
4.9774866580e-01
3.8919474058e-01
1.8912560622e+00
7.3615075656e-01
-1.2589893367e+00
-1.7768738805e+00
-3.4747258249e-02
2.0566308872e+00
1.3370856515e-01
-7.0961763558e-01
5.5968018835e-01
1.0862845592e+00
5.5860910343e-01
1.8537482308e+00
1.2115457259e-01
-1.2807165082e+00
1.2694044844e-01
5.4217341191e-01
3.4220055487e-01
-1.8542410352e+00
2.0238749609e-01
1.3455746455e+00
-2.0918002413e+00
-2.9170021683e-01
