5.1948285995e-01
2.1605293474e-01
1.9809202172e+00
-1.9238042301e+00
3.1499253825e-01
-2.2797463976e-01
1.1598960548e+00
4.4837444026e-01
-1.3266672694e-02
1.9746203627e-02
2.3065441489e-01
3.4707479186e-01
3.0181118858e-02
-1.3032918269e+00
2.5532002196e-01
-5.1155503527e-01
-3.4819621754e+00
2.8957049487e-01
-1.2374320741e-01
3.4595288365e-01
-3.1175436641e+00
7.1735189695e-01
1.3917134657e+00
5.9175824461e-01
-1.5820221099e-02
2.5501102480e+00
-6.9703047612e-01
-5.2047227510e-01
-4.3835031557e-01
3.5235547769e-01
-5.6886560948e-01
4.0501410896e-01
7.6465266936e-01
-3.2358115822e-01
6.1513318340e-01
1.3395211253e+00
4.6255137565e-01
3.5034743066e-01
-1.6895313391e+00
-8.5058276633e-01
1.2515185320e+00
3.0682735663e-01
3.9484941236e-01
3.4292780210e-01
-1.2551811778e+00
9.2095105070e-01
5.8865456395e-01
-6.6386360833e-01
9.0989523724e-02
4.4100163439e-01
-8.9841877305e-01
5.0955134120e-01
-1.2189727298e-01
-7.3457202569e-01
-4.4141295330e-01
4.1868168519e-01
-1.2002690291e+00
-1.0057710409e+00
-1.3326640549e+00
-3.9411073080e-01
-1.6033561017e+00
6.7381338739e-01
-2.0866698007e+00
1.4206575397e+00
6.5532359197e-01
-6.4148295537e-01
8.9862951350e-01
-1.9471620469e-01
5.7112237338e-01
-1.1647649007e+00
