1.0068368167e+00
-8.8774556957e-01
-1.6172938113e+00
-1.3796742450e-01
1.4456895822e+00
-8.1421514876e-02
3.6104978209e-01
-5.1031579590e-01
4.6092477403e-01
1.0706045479e+00
-2.5103655594e-01
1.9521467293e-01
2.2768908276e+00
6.0253105246e-01
-6.5567116109e-01
-6.0668668308e-02
1.0000347218e+00
-1.2204249133e+00
1.2411031849e+00
-5.2085547886e-02
-2.8141588900e-01
5.2931460820e-01
-9.7146719564e-01
-3.2537460376e-01
-3.2232527003e-01
-1.0995535441e+00
4.0524965614e-01
-7.1400165850e-01
7.9094447954e-01
4.8857510987e-01
3.9928587136e-01
1.3775382820e+00
-3.5170822876e-01
5.4754775853e-01
-1.2249968453e+00
-1.0450292937e+00
6.6727520080e-01
2.6120738392e+00
-6.6671084163e-01
1.1261578682e+00
-8.6491074264e-01
1.6291687865e+00
5.8800639175e-01
1.1094833298e+00
-1.2600855503e+00
-3.9811297994e-01
4.6158077235e-01
-1.0146293826e-01
8.0805759311e-01
8.6983611678e-01
1.1501784897e-01
-1.1986216624e+00
6.0570787366e-01
5.0423904944e-02
-8.1334842905e-01
-2.9077481196e-01
8.5011825934e-02
-1.0495940497e+00
5.8284682489e-01
4.9658332104e-02
-1.1861091286e+00
-7.3316279764e-01
3.6662390122e-01
-4.6376221629e-01
7.9255652707e-01
7.0884030076e-01
-5.5004676080e-01
4.2167088687e-01
-1.5754541979e+00
-4.1054721686e-01
1.1486494783e+00
9.5797203586e-01
6.9021264128e-02
-8.5101570509e-01
1.2375752854e+00
5.8236105572e-02
-1.1228425198e+00
-9.7256374652e-01
9.0375590455e-01
1.1831657645e+00
-1.6495683275e+00
9.0438637105e-01
-6.0964806412e-01
-3.0090212322e-01
1.3743319434e-01
1.7556631889e-01
-2.2950146851e-01
-2.2230275597e+00
-7.5626407865e-01
1.5274523582e+00
1.6099012451e+00
-1.5823358561e-04
9.4004147684e-03
1.3313483772e-03
-6.7405968614e-01
1.7442957924e+00
-1.1169458496e+00
8.5835869366e-01
2.0293343739e+00
-7.3805335545e-01
