1.3995422233e+00
1.0154752744e+00
1.2168268969e+00
1.0898829099e+00
1.1957585783e+00
6.9941515325e-01
-9.0852090443e-01
7.4798739381e-01
5.7467923060e-01
1.0250417448e+00
-1.1730761456e+00
1.2125749529e+00
1.3301940831e+00
1.1584168526e+00
8.9045023920e-01
-1.2512944406e+00
-4.6723947107e-01
-1.6215975213e+00
-7.4837535517e-01
-7.1735215989e-01
-1.1622810883e+00
1.1967888208e+00
-6.5173134053e-01
1.2945559851e+00
8.5838194408e-01
-1.2173574661e+00
7.4730376790e-01
-1.0390896933e+00
-1.3814803601e+00
-9.1537655147e-01
-1.1918518938e+00
1.2076789458e+00
8.7099653807e-01
5.6886640217e-01
1.3459973117e+00
