1.2368453840e+00
7.8387089176e-01
1.2697679816e+00
6.5047015951e-01
-3.6719272396e-01
-1.8560854685e-01
8.9477057221e-01
-7.0664231766e-02
-4.6894682511e-01
1.5583186513e+00
-3.3235141289e-01
3.3892853001e-01
5.8750411470e-01
3.9819521625e-01
-6.0665358844e-01
8.6948066350e-01
2.5357664144e-01
2.4086882220e-01
-2.1652383737e-01
-2.3622930813e-01
3.3200068461e-01
3.3741260776e-01
8.5219888171e-01
8.9201959061e-01
1.6500126968e+00
2.6420021578e-01
4.2031527923e-01
-4.4609432758e-01
9.9283755516e-01
4.4108017571e-01
-1.0628456961e+00
-4.1441706365e-01
6.5624005324e-01
6.2918012309e-01
-1.2247641801e+00
-5.0382609097e-01
1.1903629470e-01
7.2129619224e-01
1.5882680018e-01
9.8503429579e-02
-1.1998823282e+00
8.4104091384e-01
7.7345981244e-01
1.0643745653e+00
1.0066683360e+00
1.8176525096e-01
-5.3409953324e-01
-4.6251978618e-01
7.9720337025e-01
-6.8209624502e-01
-4.4300618781e-01
-3.2311308133e-01
7.5929712534e-01
-2.9896631956e-01
-2.4054014989e-01
-8.2148995019e-01
-5.8661886115e-01
-7.7527959886e-01
-5.6370772323e-01
-3.1715528389e-02
4.5901915546e-01
9.4373956755e-01
2.9742802925e-01
1.1762487234e+00
-6.0939437180e-01
-1.3260172989e+00
-3.0500056268e-01
-1.6243074138e-01
5.7625163016e-01
-3.2372180810e-02
-1.9922332194e+00
-9.8345363284e-01
2.1959302761e-02
1.6719357266e+00
-1.3324777704e+00
3.3872962639e-01
-9.6902279012e-01
3.7699932405e-01
9.9494364461e-01
-7.1953290944e-01
-6.4855787677e-01
1.4300057249e-02
8.8456290526e-01
4.3959958657e-01
2.6753335516e-01
1.2479992536e+00
-8.8931752014e-01
1.8113521830e-01
6.3330071290e-01
-7.7960929098e-01
5.2364828607e-01
-2.4237739818e+00
-2.3493521866e-01
-5.2802568378e-01
-5.6150181616e-01
-2.5593354558e-01
-1.1498392828e+00
-5.2150368815e-02
-1.5832389319e+00
-1.1153657173e+00
9.8227498786e-01
8.3209438244e-01
-6.7327555922e-01
-8.6008567665e-01
-1.1551213166e+00
5.9544849385e-01
2.9391993261e-01
8.5899363855e-01
4.0345026058e-01
1.6893703240e-01
-1.7899726390e-04
1.0572134561e+00
1.3574010687e+00
7.9153333030e-01
-2.1849936017e+00
1.4354216429e-02
-1.6429344428e+00
-1.5759057599e+00
1.0952308058e+00
-8.2528568752e-01
8.7984931012e-01
-5.8692246574e-01
-1.2686849807e-01
-6.9318177142e-01
6.4041911138e-01
1.1642611541e+00
-2.9336479990e-01
-1.1361125840e+00
5.4862741528e-01
9.9839778175e-01
-1.1034936102e+00
4.3489923355e-01
-4.5056049757e-01
1.1123945348e+00
9.0826074662e-02
-7.3266067016e-01
6.4074519469e-01
1.3947330238e+00
-1.4187990642e+00
-9.1684498869e-02
2.2481991199e-01
1.1560492029e-01
-1.1559942737e-01
9.9764946676e-02
1.0827511585e+00
8.2218192533e-01
6.0182191596e-01
1.0595963761e+00
1.4668694027e+00
1.0748141646e+00
1.8535880265e+00
1.2384334875e+00
-6.7170416615e-01
-1.5813357490e+00
8.6546059294e-01
-7.3739392942e-01
8.7792980014e-01
-1.4792394962e+00
-9.6425519596e-01
3.6238313460e-01
1.4238243002e+00
3.1394680855e-01
2.7962792459e-01
-2.0891525628e-01
-1.6816907734e+00
-7.2080665593e-01
2.5181969677e-02
7.6461160068e-01
5.1101949635e-01
-7.0002759050e-01
-2.9164666861e-01
1.0374485886e+00
2.6670604293e+00
1.1602014707e+00
2.0612462856e-01
-5.3852536271e-01
1.8673203260e+00
-9.5122966154e-02
-3.5818837077e-01
6.9147934945e-01
-3.8443467713e-01
-7.9434607641e-01
-1.0410087598e+00
3.3834487804e-01
1.6132613423e-01
4.7404575766e-01
8.6129117295e-01
-1.4337810688e+00
1.7442561548e-01
-6.8577597309e-01
-6.2931991506e-01
-1.1918764539e-01
-1.1347344572e-01
-2.3294761147e-01
-1.4766460569e+00
-8.6533292304e-02
-4.1750408922e-01
-2.9271711151e-02
-3.6458619798e-01
-9.0821712555e-01
-9.3629615450e-01
2.3205443460e-01
-2.6438574283e-02
4.8683791074e-01
-5.8509796135e-01
-6.3842305591e-01
1.9085503761e+00
-8.1473490631e-03
1.0503976567e-01
6.5754878087e-01
3.4887120900e-01
-8.2692069081e-01
5.4806341095e-01
4.5819042637e-01
-3.2128104988e-01
1.0848951578e+00
-1.0363740915e+00
1.9008938714e+00
-4.4567202958e-01
6.9400887461e-01
-1.2849889148e+00
-1.0801915208e+00
-5.3495403470e-01
-2.6554649442e-01
-9.2992508582e-01
-8.6094782206e-01
4.0735519416e-01
-9.5781386093e-01
-8.4589728156e-01
-7.1579332203e-01
6.4645478231e-01
-1.7952854672e-01
-6.7157683047e-01
1.4808162802e+00
1.4284089697e+00
-3.8071501514e-01
-1.3767469148e+00
1.6458993390e+00
3.3801380746e-01
-3.9645861584e-01
5.6436530449e-01
1.1040488480e+00
8.6061378421e-01
-1.8344054667e-01
1.0884477491e+00
8.5493559397e-01
5.9402934769e-01
1.7024560851e+00
-1.3146777894e+00
5.8730102406e-01
-1.4851471511e+00
-1.1820112361e+00
1.5679073500e+00
-8.1522159605e-01
2.0877738810e-01
5.8565790226e-02
7.3984320190e-01
6.6356411402e-01
-1.2911972882e+00
-1.2690837599e+00
1.8332093365e+00
6.2367295166e-01
1.5071674044e+00
-6.9501882229e-01
2.4846136016e+00
6.9443611307e-01
-1.8011139998e+00
9.2994413170e-01
1.6437954093e+00
-1.4358329150e-01
4.2862894018e-01
-6.0021287988e-01
-7.8658404884e-01
1.5288939592e+00
-1.5098143519e+00
1.0094482341e+00
1.1899155990e+00
-1.2741341065e+00
-4.4853050891e-02
-1.4622828139e+00
-2.0422631139e-01
-9.2244373498e-01
-4.4236017893e-02
-9.6202312675e-01
-1.2914761725e+00
-2.3149019612e-02
-2.9773960064e-01
1.8725975094e+00
-7.9821977812e-01
-8.7347243062e-01
-2.0906489557e+00
-2.0075984134e-01
5.0837911669e-01
-7.8324727575e-01
4.4081453244e-01
-8.1114027291e-01
2.9680545079e-01
2.1099872220e-01
-5.3872104423e-01
2.6950110036e-01
-1.2321422529e+00
8.9292327210e-01
-7.1495495736e-02
7.0551322978e-01
-1.4370767822e+00
2.3515426740e-01
-1.4374493202e+00
2.0895874063e-01
-6.1210659063e-01
6.7131665165e-01
8.0516608719e-01
2.7434337905e-01
-1.4133916248e+00
-1.2975425405e+00
1.2370607025e-01
1.3460473397e+00
-5.4609413895e-01
-2.2015292447e+00
-4.0641990058e-01
1.2377306601e+00
-9.7736917551e-01
-1.7496503989e+00
6.4810686628e-01
4.2143052445e-02
3.8176192033e-02
-3.0853960937e-01
-2.1499681595e-01
-8.7453571100e-01
-1.1095350168e+00
-1.4351266183e+00
-5.6488791381e-01
5.3821036861e-01
-1.5720447601e+00
9.8548819343e-01
-7.6223114251e-01
-1.2008028542e-01
1.1319274504e+00
3.2410518631e-01
-2.3474416219e+00
-8.1128605489e-01
5.7071451045e-01
-1.7614942914e+00
-7.5350378214e-01
1.5170496560e+00
1.1076384049e+00
3.6030752290e-01
-8.9141831195e-01
4.3486321665e-01
-7.8751777829e-02
3.3671940820e-01
