-6.2667964373e-01
-4.6923495811e-01
1.6958797751e+00
-8.4577756225e-01
1.0712298747e+00
4.2474393891e-02
-9.4016403321e-02
3.3617170352e-01
-5.2369451590e-01
1.3671946432e-01
1.0414759300e-01
-1.0405151178e+00
3.4975006616e-01
5.6892507213e-01
2.2380479428e+00
-2.1523706703e-01
-1.3612297138e+00
-5.2225507224e-02
1.2792906407e-01
-3.1613948764e-01
-6.3049310382e-01
-2.0442550248e+00
9.7749018151e-01
3.7961232577e-01
-2.1803615614e+00
-5.0870244346e-01
5.9076886308e-02
3.9272937080e-01
1.4916401757e-01
5.4003278392e-01
-9.6104043563e-01
-1.0212558343e+00
8.5247797980e-01
3.0818868976e-01
-9.3921518440e-02
1.3149079798e+00
-1.2398476469e+00
2.2914520018e-01
2.6861772637e-01
5.7251389916e-01
-4.0674479877e-01
-6.1729277373e-01
2.3835948479e-01
-7.5678703625e-01
7.2440823434e-01
-9.6133412791e-01
5.0257052727e-01
-8.5604305901e-01
-5.6390171678e-02
4.4381296188e-01
-4.6785432931e-01
2.6281676040e+00
-3.8869864358e-01
2.7653430484e-01
6.6297652937e-01
1.0548618624e-01
9.6369518692e-01
-2.9178431628e-01
-2.8515819357e-01
-2.0628230039e+00
2.6434641784e+00
-1.5757371650e+00
5.9588169539e-01
1.7495043222e+00
-1.2024478851e-01
-7.4487450061e-01
1.6106205473e+00
-9.5023665548e-01
5.7336622480e-02
-1.2763486474e-01
-1.7772837484e+00
1.2951381566e+00
1.0680866662e+00
1.5995001701e+00
4.4012620697e-01
8.4233343335e-02
-2.0653596518e-01
-2.2074132949e+00
2.0456117156e-01
-4.8295866897e-01
7.3338001546e-01
2.0242295806e+00
-3.3090527627e-01
1.4782065957e-01
-1.0411983471e-01
2.2788840900e-01
-1.2398193264e+00
-3.8030118056e-01
-3.1472727152e+00
1.1186102381e+00
2.1207499245e-01
-9.1237794713e-01
-2.3282468752e-02
-1.0178121879e+00
5.5324226088e-01
4.4610212432e-01
-1.7604576586e-01
1.3151530075e-01
5.7152981509e-01
1.5480179367e-02
