-2.4188032559e-01
1.8102019109e-01
1.7568703435e+00
3.2293348443e-01
9.9076205213e-01
1.5540828861e+00
-1.7099306946e+00
1.6242670755e-01
-1.6463056001e+00
-2.1371042161e-01
-6.5385512862e-01
6.4605628914e-01
1.7116029458e+00
4.8808150216e-01
1.6411380243e+00
-1.3198555443e+00
-3.4720398353e-01
-3.6362485689e-01
-6.9243727758e-01
1.8514947765e-01
-2.2521664999e+00
-1.3141023580e+00
-5.8729782916e-01
1.3837472320e+00
-1.1643289155e-01
-1.0726935395e+00
9.9629350792e-01
-6.3844523385e-01
-5.8138206640e-01
-1.1377897476e+00
-1.4852379015e+00
-1.7836863327e-01
-4.1792314223e-03
-1.4996903730e+00
1.4597206142e+00
3.2901829097e-01
4.6928921975e-01
1.1904627554e+00
4.8006001374e-02
1.5860377794e+00
-1.8889150829e+00
-7.2054376029e-01
4.8556330721e-01
-1.3007550589e+00
1.1338309616e-01
-1.2903475317e+00
5.0376806677e-01
7.3787742883e-01
-1.1698850077e-01
-1.0851484207e+00
-4.5318422256e-01
3.8089195423e-01
3.3285307941e-01
-5.8133184778e-01
-6.7459811575e-02
-1.5218223933e-01
-3.9345583307e-01
-1.7514135707e-01
-1.2040950068e+00
9.0242177174e-01
4.0787934019e-04
1.2873806297e+00
1.1014797009e-01
-4.1433340635e-01
-4.4043919253e-01
6.5700261113e-01
3.3740902303e-01
1.7628206767e-01
-1.8630488880e-01
-1.0872470814e+00
