9.9870949870e-01
-1.3155682328e+00
-8.3450709574e-01
1.2476991637e-01
7.6501384996e-01
-4.3428479158e-01
6.5607942643e-01
-6.3531001913e-01
-5.7459802543e-01
8.9965730974e-01
1.5337752899e+00
5.5516983232e-01
3.9893170037e-01
-1.2297911862e+00
-6.1558042923e-01
1.4027650144e+00
-7.4483686215e-01
4.5489865177e-01
6.8981931505e-01
2.5474722590e+00
-1.0997544780e+00
-2.6814309826e+00
-6.0273287952e-01
9.2838938445e-02
3.9839566068e-01
-8.8195396815e-01
-1.1432679463e-01
-3.9491732302e-01
-3.9033185342e-01
3.4249649013e-01
1.1880273796e-01
1.6318902482e+00
-1.4106495876e+00
-7.4847216897e-01
-5.5706815932e-01
8.0354184302e-02
1.6754601039e+00
-1.1621143121e+00
4.1817743579e-01
1.8268821245e+00
1.2433815126e+00
1.2805361004e+00
2.8501876018e-01
4.6606827261e-01
-8.1251878492e-01
6.2510335366e-01
-9.6381916755e-01
3.3550597938e-01
-2.9404559710e-01
-2.8345764231e+00
1.3657603231e+00
-1.3120753833e+00
-6.0404033444e-01
9.6799154128e-01
-1.1000022338e+00
1.1030011944e+00
-1.8379634690e+00
-8.2125239847e-04
-5.0765060124e-01
-6.4244340354e-01
-3.1971249465e-01
-2.1776927535e-01
1.8849788730e+00
-1.3496410464e+00
-4.4637745826e-01
-2.6986544328e-02
-1.2339039386e-01
-8.5441684770e-01
-1.8010778242e+00
1.4127816877e-01
-9.3145129831e-01
3.1707016515e+00
9.7145423895e-01
-1.8880598367e-01
1.2758145508e-02
-2.4923626526e-01
-4.2064452897e-01
5.4516799270e-01
-1.6360172059e+00
-5.2777739967e-02
1.0705768943e+00
-6.0807365347e-01
1.0898248722e+00
9.0007112218e-01
9.9697359359e-01
8.5895157682e-01
4.8375683402e-01
-1.3858206534e+00
4.3128301636e-01
8.1641767531e-01
-9.8698199278e-01
-3.0846454070e-01
1.0654309445e-01
4.8689612168e-02
-1.0613335287e+00
-8.2774819181e-01
-6.2669381426e-03
-1.9095860314e+00
3.3525922831e-01
-1.1692231099e+00
