1.6226594410e-01
1.6479019861e+00
1.4874918390e+00
5.2883587326e-02
-3.2834277675e-01
1.0878244271e+00
-2.0217849310e-01
-3.4245118914e-01
6.8060773894e-01
1.5177499307e+00
-8.0891268761e-01
-8.9181690700e-01
-1.2234895265e-01
-1.2762972296e+00
-3.3069070050e-01
-1.8545398498e+00
3.6508635205e-02
4.5820720425e-01
9.5689134177e-01
1.2969904622e+00
-5.0775044527e-02
-2.0738913254e+00
6.9528870708e-01
-9.3124172519e-01
-9.4897650065e-01
-1.1749804230e+00
-4.6344155692e-01
7.8885612511e-01
-7.9912325981e-01
4.5016587460e-02
6.6802085422e-01
2.3792403906e-01
8.4698791317e-01
-1.2394145301e+00
6.9409816570e-03
-1.5737589816e+00
1.2119405617e-01
-8.3375222197e-01
4.4331714484e-01
7.5608887890e-01
8.8804892970e-01
8.4062414060e-02
-1.0912630185e+00
4.2766449618e-01
-2.2547341342e+00
1.4911741323e+00
-3.7591921002e-02
-2.5400686017e-01
2.1343518922e+00
7.6535194773e-01
-8.9133447978e-01
-5.3252958318e-01
-5.6040686481e-01
-3.2861609010e-01
5.3704308954e-01
-1.1278590772e+00
7.0420051978e-01
1.4440478306e-02
-1.0731172870e+00
-8.1058018944e-01
-3.4277064514e-01
3.0468432453e-03
5.1421705009e-01
-9.8279319555e-01
3.2834041766e-01
-4.9058878922e-01
-1.7426039828e+00
8.8067397133e-01
1.6205173180e+00
-1.6255643129e+00
-1.5466805515e+00
6.8451705835e-01
-4.4549892132e-01
2.2116250683e-01
1.0436229034e+00
9.2766003512e-01
-1.1107463126e+00
2.5358809348e-01
-1.1108269158e+00
1.6501596779e+00
-1.1678466281e+00
-5.1060552737e-01
4.1944938570e-01
9.9968941804e-01
-8.4368441228e-01
8.8772556800e-01
2.5374382429e-01
4.9633581841e-01
-8.2556147305e-01
1.4528825263e+00
5.6330705132e-01
-4.9047741473e-01
7.2416480501e-01
3.2840410420e-01
4.2805683650e-01
2.0483806449e+00
7.4767310875e-01
-2.2493813338e+00
1.4292119109e+00
-3.1630301166e+00
-4.8713985270e-01
-8.8280942319e-01
-4.3372329124e-02
1.8585090038e+00
-7.6603353999e-01
8.7408532450e-02
7.4653648292e-01
-1.0814530791e-01
-4.4023760485e-01
-1.0160312327e+00
1.2781519307e+00
-1.0577301645e-01
2.0495906337e-01
3.4149315110e-01
-3.2089330333e-01
2.4177884843e+00
-5.4620230213e-01
9.9818617467e-01
1.2780020030e+00
-1.4733122854e+00
-4.7195510974e-02
3.8908918544e-01
-3.5848309941e-01
7.8362697457e-01
-1.6595909374e-01
-4.6883848079e-01
-7.5397878046e-01
-2.7586636440e-01
-9.1956302585e-02
-3.3567814463e-02
8.0433449540e-01
3.8212158558e-01
5.1083284328e-01
7.9829829991e-01
9.2395331024e-01
1.6475128276e+00
4.9836584171e-01
3.5984994169e-01
1.5615841176e+00
-5.6462456665e-01
-1.0719996327e+00
-1.6635176705e+00
-1.8074180181e+00
-1.2043778914e-01
-7.0132632997e-01
-1.8000457711e+00
6.2164645228e-01
-2.4622845204e-01
-1.0032629897e-01
-6.8349744211e-01
-1.1262574646e+00
-1.1149763259e+00
-1.9672244999e+00
2.0320531110e+00
4.7576948934e-01
-1.7167224212e+00
-3.3111780375e-02
1.5703300503e+00
-4.8291230571e-01
-7.2104109908e-01
6.7371668904e-03
4.8412225345e-01
-6.0176444326e-01
2.3032091956e+00
1.1668636165e-01
-6.6819668028e-02
-7.6690060509e-02
1.3005476339e+00
-2.5371959356e-01
1.1872660498e+00
-1.9986827825e-01
-4.5458708853e-01
1.6892284653e-01
1.1133592582e+00
-8.6835127505e-01
8.5041474095e-02
-2.0170561492e+00
9.2373481125e-01
1.3683099347e+00
-1.2830556282e+00
-1.0566501626e+00
-1.0173362983e-02
1.3110781356e+00
-6.0848121381e-01
1.2697948423e-01
-1.8113199977e+00
1.0908036230e+00
-2.9237514625e+00
-1.2433082073e+00
6.1644393277e-01
-1.6857973328e-01
-2.6469897743e-01
1.2022725138e+00
-4.5714202387e-01
-1.2087566834e+00
4.9414365698e-01
2.0690309848e+00
-9.1660121395e-02
1.0587332827e+00
3.3143199876e-01
