2.8937610542e-02
-2.4294246503e+00
-1.0920677291e+00
-8.2483215816e-01
9.8161170744e-02
-9.9185366215e-01
1.8234279908e-01
-3.0396231275e-01
1.1652416360e-01
-1.5920701859e+00
2.0092896378e+00
3.9910317756e-01
1.3806947298e+00
2.4451366038e+00
8.6897257406e-01
7.5216603080e-01
6.9308402733e-01
1.4519651894e+00
-9.2733185935e-01
-6.5861076240e-01
1.3807680238e-01
-1.0589976607e+00
1.0628348652e-01
-7.8987992191e-02
2.0300585996e+00
-6.2441530757e-01
-2.7231652548e-01
9.5446222670e-01
-1.0254748325e+00
6.1327599086e-01
6.5772114751e-01
8.7953485592e-01
2.0054984954e-01
-2.8212581746e-01
1.2655833266e+00
-1.0856794057e+00
-3.1885795293e-01
-1.7539690266e-01
7.5842866869e-01
2.4749983682e-01
-8.1018463326e-02
-7.1942711945e-01
2.3838394174e+00
7.4984489102e-01
7.2167687288e-02
2.0990122692e+00
-1.7009397292e+00
-3.3598248935e-01
-1.2356730777e+00
-6.7140027950e-01
5.8470507658e-01
-9.9116936977e-01
1.0767204600e+00
-1.1426852488e+00
9.3170729067e-01
1.5700841506e-01
-1.1130631218e+00
-4.6934772805e-01
-1.2687403547e+00
-7.7872071558e-01
-4.3560451432e-01
3.9872768150e-01
-2.6681045940e-02
-1.4366514013e-01
-2.7494079338e-01
-3.8740889425e-01
1.2803589711e+00
-1.0527695974e-01
1.9461129980e-01
4.2183900366e-02
9.2103141992e-01
1.1238840117e+00
-2.4067837493e+00
7.2209494662e-01
-6.9602273655e-01
2.4973786081e-01
2.1920943131e-01
1.1611484341e+00
-4.7696627211e-01
1.2573856511e+00
-1.4166768522e-02
3.9473003778e-01
-1.9989086064e-01
3.9074126797e-01
2.5387152145e+00
2.2035747780e-01
-3.3492395511e-01
-5.9461703201e-01
6.5118372132e-01
-1.3992123298e+00
4.4902851576e-01
-5.1774814885e-01
-7.2051602297e-01
-4.3650786080e-01
2.4781485073e-01
3.6934854578e-01
-8.8146643190e-02
-1.8126815017e-01
1.3707549909e-01
-1.1292654437e+00
