-1.0496921100e-01 1.8494660209e-01 -7.9971471141e-02 3.7168370100e-01 3.9837422510e-01 1.9513216909e-01 -1.5033649239e-01 1.5845621000e-01 -1.5601198054e-02 -2.0331033783e-01 -3.2250047312e-01 1.3304948624e-01 -4.2186447355e-01 6.8159852341e-01 4.3486789607e-03 3.5884298599e-02
-5.9388803401e-02 -4.1962697885e-01 -1.8527906621e-01 1.3657967863e-01 4.4499052165e-01 -8.4861488958e-02 1.8797071776e-02 -3.6012003515e-01 1.5696917337e-01 -5.0019733558e-02 -1.0343250308e-02 1.5742570100e-01 -2.7726421257e-01 -1.5936970733e-01 7.1477025982e-02 3.5648065997e-01
2.0637805487e-01 -4.4993675871e-02 1.2569702123e-01 3.8417960214e-01 2.0035550736e-01 -1.4820938863e-01 2.4509435759e-01 4.5209814752e-01 -5.2435379584e-02 -7.6459723582e-02 2.0621071749e-01 3.2357433338e-02 3.2395270400e-02 4.5422354548e-01 2.9757326010e-01 2.7756893812e-01
-1.8409247582e-01 -5.2632694126e-01 1.0240829960e-01 -1.1478845795e-01 4.6914526131e-01 3.6247299392e-01 8.8239166895e-02 -4.5707502692e-01 -3.9171872131e-01 -3.2011269666e-01 -2.1085217568e-01 -1.8520192891e-01 5.3776457718e-02 -1.4998426243e-01 -2.6648557528e-01 1.2887226023e-01
-1.4900284652e-01 4.3366694353e-01 -4.5733178482e-02 -2.2500153159e-01 -1.2463617652e-01 1.0993932833e-01 -1.7565145174e-01 -8.9653812173e-02 2.1962439705e-01 1.3621137974e-01 3.6164452807e-01 3.8063417954e-02 2.0298317390e-01 8.2348053031e-02 -7.0617004197e-03 -6.5277280515e-02
3.3737409700e-01 -1.2975504155e-01 -2.2971282799e-01 4.6681592822e-01 -1.9690380951e-01 4.6962983177e-03 -9.9482544574e-02 8.0065713176e-02 -3.8911560815e-01 3.9964459350e-04 7.4170833899e-01 -1.6236770004e-01 -8.3114348379e-02 -4.6546746760e-02 -1.1872315040e-01 -1.0848418221e-01
2.2282701102e-02 -2.4639752150e-02 -1.4783935612e-01 8.8764587257e-02 -1.0105486180e-01 2.0260754819e-01 1.4872852838e-01 2.1160680959e-01 -9.8176739634e-02 -1.4959441612e-01 -2.3534868628e-01 -7.7492253696e-02 8.3501981181e-02 1.2558605246e-01 4.0026705974e-01 6.9270298786e-02
7.6933267843e-02 7.5465966585e-02 -1.2847413500e-01 3.3666750867e-01 -5.8629532242e-01 2.3778960182e-01 1.5641264453e-01 5.1073266730e-01 1.7839987166e-01 1.4594085874e-01 8.9505742507e-02 -5.5175365376e-01 -3.5031600257e-01 4.0377247620e-02 1.4761612892e-01 -3.1836063283e-01
4.5633857012e-02 -3.1276160408e-01 2.4039509574e-01 -2.4059258428e-01 1.7222388267e-01 1.1443347194e-01 1.7426783675e-01 3.6784293509e-01 -3.5069217419e-01 -4.8288352624e-01 -1.8835616441e-01 -1.4322808729e-01 -7.4185151063e-02 -3.5183019291e-01 -2.9721081695e-01 3.2115983169e-01
2.6708023570e-01 -8.0602926215e-02 1.4427062245e-02 -1.0578511099e-01 -2.1701351490e-01 5.8934568303e-02 -2.0815684395e-01 -3.1125490226e-01 -1.2208131232e-01 5.3513482552e-01 1.8407576154e-01 -1.3265838588e-01 -1.8454769296e-01 -2.3121530852e-01 -1.5642121278e-01 -5.7792503646e-03
-4.6079668369e-01 -2.3436572610e-01 -1.6874170493e-01 2.3685079277e-01 -4.2462566812e-01 3.3464248602e-03 -3.8932785799e-01 2.0635646466e-02 1.2834273442e-01 5.2868108765e-01 -1.8521041958e-02 -2.5684355777e-01 -5.2707101208e-01 2.5089809686e-01 2.3037043153e-01 -2.8785116633e-01
1.0753933543e-02 -3.0832676086e-01 -4.6264110054e-01 -1.0445565748e-01 4.9810291189e-02 -1.9231306574e-01 4.6816701338e-01 4.0981984641e-01 -6.3647784717e-01 -4.2074198451e-01 -2.1747657998e-01 -4.3593337675e-01 -1.7308530391e-01 -1.1473050763e-01 -1.6035121801e-01 -8.4940316653e-03
1.3009800610e-01 -8.2120056771e-02 4.3965657622e-01 -5.0449842731e-01 -3.9889027704e-01 -1.5907068127e-01 -1.6945006145e-01 4.6517854767e-01 -3.3558625520e-01 4.9483886264e-02 -4.9698454129e-01 2.1807874252e-01 5.9495451844e-02 3.0915900402e-01 4.7139030591e-01 -3.5066991547e-01
-1.4057877378e-02 -8.8123184783e-02 2.3328983241e-01 -1.2494442079e-02 2.2036337593e-01 -5.2224306468e-01 9.7945199730e-02 -1.3493064347e-01 -1.2058321251e-01 -1.2644294757e-01 7.2181821230e-03 2.1680607064e-01 -5.1242393221e-02 9.3640429218e-03 -1.6507795696e-04 3.7261954863e-01
-4.3176768726e-02 -2.5972230770e-01 4.6113074297e-01 -1.2743306812e-01 -1.9568678204e-01 2.0401764325e-01 1.0842504622e-01 3.1497667060e-01 -2.2791489728e-02 -3.1139801184e-01 -2.6645559478e-01 -4.1473447881e-01 -8.4645091022e-01 -4.9423335726e-02 -3.0790683805e-01 -9.5473867574e-02
1.1085451154e-01 -2.6552727805e-01 -6.1114770629e-01 -1.7950807868e-01 3.9708250315e-01 -5.0479896806e-02 -4.4714192300e-02 -3.1144024256e-01 1.3784262911e-02 -2.2679694427e-01 -2.2600295504e-01 -4.3936371066e-01 5.2781503777e-02 -1.8492385123e-01 1.9215629154e-02 -1.7357444676e-01
