1.9512469393e-01 2.6823118020e-01 1.9793275895e-01 9.0234565945e-02 -1.4458802607e-01 2.5288388953e-01 -2.2699031010e-02 -2.1364023201e-02 9.1498471100e-02 -7.2337211235e-03 1.6857624356e-01 -2.4455845101e-01 -1.9958981977e-02 -3.1029746776e-02 1.6599722752e-01 1.9770528627e-01 3.7482532114e-01 -1.0851701061e-02 3.1343587552e-02 -6.2696620393e-02 -5.6291599508e-02 -2.2457924580e-01 3.1584089067e-01 -1.4979274028e-01 -1.2268881253e-01 2.3109895244e-02 4.9569400707e-02 -6.4288657362e-02 -7.1188396937e-02 7.1045078949e-02 6.5061699035e-02 -1.0570705004e-02
-1.5077030073e-01 -2.3806567951e-01 2.4350884266e-01 5.8804411157e-02 -1.6270973905e-01 -4.8453520752e-02 1.0779775811e-01 2.1244486909e-02 -1.5458919351e-01 -1.4030844322e-02 -1.0474976647e-02 1.4178240553e-01 -8.0760868110e-02 1.4807001833e-02 -1.2552828319e-01 9.5230666747e-03 1.0004229562e-02 1.2479472489e-01 1.1422316533e-01 2.0258633677e-02 1.9546251236e-01 9.9482601986e-02 2.8307870792e-01 -8.3639054437e-02 -3.0089743603e-01 -2.6721745284e-01 -6.0571779030e-02 4.4732287076e-02 -1.1663619942e-01 -4.1048706831e-01 -7.3126801769e-02 -5.9543649864e-02
-4.9342186061e-01 5.2361654037e-02 -1.5002318131e-01 -1.1892636356e-01 -2.6624222932e-01 -3.1916849610e-01 -1.7860698942e-01 1.0080785531e-01 -4.6551304972e-02 8.2224127554e-02 9.6107646507e-02 4.4962584685e-02 1.0115973299e-01 6.3924094343e-02 -1.4496029629e-01 -1.1369430155e-01 4.1319121361e-02 1.2022778374e-01 -9.5821365783e-03 -7.7442149729e-02 -1.9124829109e-01 -1.5663034979e-01 -5.9968835687e-02 -5.0591212056e-02 2.6048045075e-03 3.7894666245e-01 1.4988528288e-01 -1.6279842434e-01 -1.0839645580e-02 8.6989479650e-03 -1.0587360331e-02 1.7273640122e-01
1.5728614655e-03 1.1214152284e-02 -1.9925537417e-01 3.1783839011e-01 4.3240882411e-01 1.3562703360e-01 -1.5331741476e-02 -2.7610556541e-01 9.4936498970e-02 -5.1059163823e-01 6.1079224375e-02 -2.0584609853e-01 1.3322964036e-01 1.1277935635e-01 -9.8322004737e-02 7.2417865562e-02 2.4650917921e-01 -1.6237727396e-01 -1.0387468516e-01 -9.7215515557e-02 4.7205111280e-02 -2.0476386869e-01 -1.4195706600e-01 -5.7826073389e-03 3.2582921769e-04 1.1949317032e-01 3.6519125086e-02 -4.9420240468e-02 1.7761792275e-01 -8.7651393590e-02 7.7231036551e-02 3.4867657313e-01
1.7178061790e-02 1.5123956458e-01 -1.3263141960e-02 5.1204072966e-02 -1.0874710233e-01 -3.1691593760e-01 -1.2389346148e-01 1.1022740417e-01 -4.5667191503e-01 1.8051577601e-01 -8.0221711994e-02 -7.8909487068e-02 -6.3460266097e-02 -2.1405424436e-02 3.6934877038e-02 1.4576689046e-01 -1.2741953867e-02 -2.2995330781e-01 2.8422455023e-01 -2.7833960404e-03 3.8564006078e-02 -4.8328159535e-03 3.6526149576e-01 2.8575219736e-01 1.8439074575e-01 5.7543134323e-02 3.8527226844e-01 -1.8759580774e-01 -3.4089690980e-02 4.9767539912e-02 -1.1537844742e-01 -1.5370429373e-01
-1.0868905703e-01 5.3794135633e-02 -4.2977484143e-02 -1.2013514179e-02 1.0172887878e-01 2.4740665828e-01 1.4610642693e-01 1.5761545093e-02 8.7362431459e-02 7.3452406384e-02 -2.5870868557e-01 -2.4156475681e-01 -1.7132434285e-01 -3.4649211855e-01 -1.7479830825e-01 -1.9522451307e-01 5.4004935477e-02 9.6970680955e-02 -3.3143206192e-02 -5.9198328393e-02 1.1514771268e-01 8.6210722562e-02 -1.6400891155e-01 -1.2238798605e-01 1.2527183711e-01 -9.9005300413e-03 2.6512541445e-01 -2.8974172484e-01 8.1521061923e-02 2.2794079030e-02 -3.3434790468e-01 1.4809760307e-01
-3.6140160966e-01 -8.7321156791e-02 1.5391129392e-01 4.7080679322e-01 -4.6691576806e-02 -1.4057790172e-01 -9.3532538545e-02 5.4722281454e-02 -9.3793098541e-02 -3.0921931613e-01 -8.1412315656e-02 -2.2508449462e-01 1.8486021045e-02 1.3926120065e-01 1.0446394866e-02 3.4446222441e-01 1.5712316125e-02 1.7426966884e-01 -6.6148346534e-02 -3.0289384190e-01 1.6829039046e-01 -5.9892851850e-02 1.2323232265e-01 -9.6805235791e-04 -2.0214659019e-02 1.9753810955e-01 -3.3216014621e-01 8.4554033079e-02 1.0553399830e-01 -4.1142166564e-01 -9.1175792909e-02 -6.6812789210e-02
7.7620953356e-02 1.6451266044e-01 -1.3034665495e-01 6.4898911648e-02 9.3937318127e-02 -9.9733511724e-02 -5.3568823731e-02 1.0982520345e-01 2.1533365015e-01 2.4478813044e-01 2.5192325965e-01 -1.7793768920e-01 1.4752810681e-01 -1.2091111185e-01 2.7066778086e-01 1.6847656576e-01 -1.5257419929e-01 -5.7330070926e-03 1.0723483399e-01 1.6747126195e-01 -1.1391087947e-01 2.7156100789e-01 1.7385613552e-01 -3.0476957774e-02 -5.4543619858e-02 2.6769814508e-02 -8.5037095967e-03 6.8027235885e-02 1.9958601487e-01 -1.6455959169e-01 -1.4434590944e-01 -3.0674000915e-01
-5.8971152779e-02 1.0267392164e-03 1.2700626171e-01 3.0769601607e-01 -1.6423116609e-02 1.0661753424e-02 -2.5941361626e-01 1.0581536337e-01 -2.9464153349e-01 3.2809818105e-01 2.9440841747e-01 -3.0604557939e-01 2.3929535057e-01 -3.3113850258e-02 -1.5772480317e-01 -3.8714211130e-02 8.2516304803e-02 1.5898654665e-01 1.7765546168e-01 4.7294672539e-02 -2.8167418976e-01 -2.2493426451e-01 -1.1533461003e-01 1.6096066325e-01 -9.5730758345e-04 4.1205600379e-02 -7.9761304659e-02 -3.7217515731e-01 -4.8840521111e-02 3.2423970994e-01 9.8714368431e-02 -8.1413075289e-02
2.5859914150e-01 5.0701436684e-02 -1.3460504955e-01 -1.3379848233e-01 -1.7618024740e-01 -3.5544176078e-01 -9.0661178340e-02 1.5414304334e-01 4.0856905246e-01 -1.7138490576e-01 1.9320844596e-01 9.6172735091e-02 -1.1204399408e-01 -1.3096308725e-01 -1.0034662083e-01 1.9212775559e-01 -7.2161591305e-02 -2.0350716115e-01 1.6916885224e-01 -1.2202956734e-02 -1.9291602529e-01 -3.2693101902e-01 -2.3699115882e-01 -1.9376233424e-01 1.9119055284e-01 1.9119412712e-01 -5.9109872481e-02 -3.5715468882e-02 -5.3754119221e-02 1.5834768427e-01 -1.8908336492e-01 1.4053785467e-02
-1.0526897555e-01 -9.6925348008e-02 2.3268926748e-02 2.7558113134e-02 -2.9536829046e-01 1.2531421273e-01 2.9570867989e-01 -3.8418502146e-02 -8.7925474949e-02 -2.4911826304e-02 8.7902542763e-02 3.1898276255e-02 -1.5494974132e-01 3.7454610732e-02 6.8442413874e-02 7.5879121575e-02 2.8423670196e-01 1.2293313994e-01 2.2146553898e-01 1.3943464451e-01 -1.3126666829e-01 -1.3477293228e-01 -1.0753112589e-01 6.6671258676e-02 1.5648011139e-01 -4.7850735692e-01 1.6889779554e-01 3.7770814819e-01 -4.6754883902e-02 -2.6119499337e-01 4.6652011304e-02 2.7192021393e-02
-1.5481844181e-01 -1.1634793050e-01 -1.8589243462e-01 4.9172534882e-02 -2.9833947375e-01 -3.2504405478e-01 1.1016213903e-01 1.1033583726e-01 -1.7800893797e-01 -1.1750853992e-01 3.3516138099e-01 2.7507713960e-01 -1.1523104967e-01 1.0090077165e-01 -1.7092961999e-01 9.6911976984e-02 -3.6396567098e-01 6.4867945145e-02 -1.8312087395e-01 2.6733599938e-01 9.9858033166e-03 1.3586586860e-01 -1.2265012641e-02 -1.2443358416e-01 2.9527963239e-02 -4.8797797586e-02 1.3006565846e-01 1.4355082906e-02 -4.5870490654e-02 -4.3004255270e-03 -1.2796941631e-01 6.1947586162e-02
-1.0577059283e-01 7.3195391159e-02 2.5549978674e-01 1.5320988518e-01 -3.0244682053e-01 7.5461991929e-02 -2.6392766951e-01 4.7792985999e-01 -4.8279360027e-01 1.3970470402e-01 2.9942880686e-01 -1.1870507412e-01 3.9082301878e-01 -1.0050003981e-02 -8.8763891908e-02 -1.6665484772e-01 6.0407470837e-03 1.6098702848e-01 6.8131565322e-02 1.3006171608e-01 1.2934399821e-02 -6.2471376898e-02 -2.0354210028e-03 1.3907327925e-02 -3.9406081211e-02 1.8474973039e-01 -1.2515144798e-01 -1.1034802206e-01 3.5101046551e-02 -1.5977043348e-01 2.4746494674e-01 9.6294779506e-02
1.1622856435e-01 3.1786070678e-01 2.6493617598e-02 2.6807870852e-01 -1.7241779946e-01 1.4535841839e-01 -1.1954998883e-01 2.3487143753e-01 1.9246586188e-01 1.2734053511e-01 8.7583885391e-03 1.1482930737e-02 1.7463198839e-01 7.8009093773e-02 -1.1025483605e-01 -7.6144798995e-02 -1.4093337152e-01 -1.1462197716e-01 1.7262027321e-01 -3.1162791225e-01 -2.1302102187e-01 -3.3657652226e-02 -9.2837459498e-02 2.0649187021e-01 -7.2055685651e-02 4.7729071825e-01 -1.5323543861e-01 -3.0364202309e-01 -1.0279430465e-02 8.8338532005e-02 -4.0785784667e-01 2.6321778577e-02
1.4453934823e-01 -6.5689427915e-02 -7.9974076268e-02 7.3088322663e-02 -1.9939552572e-01 8.4895916686e-02 3.6242056701e-01 5.8159058040e-02 -3.3010089079e-01 7.2323796043e-02 -2.5895320225e-01 1.6742363858e-02 2.1941862003e-01 3.2262918825e-01 -1.7447982738e-01 -4.7360563463e-02 -3.9522825824e-02 -5.7793129634e-02 1.6657214579e-01 2.6363272680e-01 7.2413807588e-02 1.5327299407e-01 -1.7115689229e-01 -9.8502097558e-02 7.1460612961e-03 2.0047079769e-01 -2.6622194223e-01 2.0352419716e-01 -2.8615406481e-02 -1.1453194347e-01 -2.0304448403e-01 -1.3477622836e-01
2.3490582038e-01 2.7143692184e-02 4.5382947096e-01 -9.3723144712e-02 -2.7052552629e-01 1.0086936379e-01 6.1671253546e-03 3.7881281196e-02 -1.4303616946e-01 1.4180873335e-01 -3.4782874721e-02 1.0368640438e-01 -2.2353591699e-01 -1.2421745697e-02 1.7483102203e-01 -1.9207520823e-01 -1.1183758237e-01 6.2565024250e-02 2.2814100053e-01 8.2599995198e-02 -1.6837429680e-03 9.7588992869e-02 -1.7976587239e-01 -7.3705765123e-03 -1.1810805626e-01 5.6379994156e-02 -1.2436417253e-02 -1.1148981158e-01 1.3422353563e-01 -6.1664417740e-02 -1.6997294499e-01 -4.8908332809e-02
1.3764302823e-01 -2.9199446975e-01 -1.4920386579e-01 3.2036086224e-02 -7.4416244144e-02 -2.3438319969e-02 1.7376357203e-02 7.7835756968e-02 2.3323711459e-01 1.0402739285e-02 6.4883780752e-02 1.7736917514e-01 1.7018889766e-02 -4.4655358299e-02 1.4846815324e-01 2.2514326183e-01 -1.4770321633e-01 2.0658639205e-01 1.4789523562e-01 -1.3298805757e-01 -2.0970649489e-01 1.4194015639e-01 1.6549206568e-01 3.2010238119e-02 -2.1714688609e-02 8.3943402292e-03 -1.1214811315e-02 2.2108187151e-01 3.7722297957e-03 -1.9558287401e-01 -1.6723630558e-02 2.4495306057e-01
-1.4681901067e-02 -1.9282173366e-01 3.5113177652e-01 -2.7674526891e-01 -7.7118676263e-02 1.7297761011e-02 2.9716499775e-01 1.8000043622e-01 8.2628572478e-02 -1.2182718451e-01 1.1136813060e-02 1.6339014350e-03 -1.5173034908e-01 -1.7273252525e-01 -2.0425381555e-01 1.0902538406e-01 -2.3151813265e-01 9.5814977879e-02 -2.7930071661e-01 -1.6079952778e-01 5.8199581578e-02 -1.1769705053e-01 -1.5514596130e-01 -3.2889775005e-02 -1.5217843212e-01 -1.9395952300e-01 2.6019642849e-02 -6.4606298293e-02 -7.2594701832e-02 8.7581515282e-02 -8.9943339758e-02 1.9836382769e-01
-6.6029917633e-02 6.3327461642e-02 9.9830174285e-02 2.3399090520e-01 3.2973610827e-02 -3.2788154664e-01 1.8978870706e-01 1.6157909227e-01 -9.0908427407e-02 -1.5049189048e-01 -1.3519519253e-03 8.1204152432e-03 4.4278455374e-02 -1.9099631623e-01 1.0090370489e-01 2.7279750906e-01 9.9149916989e-02 4.6675879886e-01 -1.8303044849e-01 -3.3770379383e-01 -9.4183557853e-02 -1.3622600536e-01 1.8471323707e-01 3.6897912993e-02 1.0420923363e-01 2.3932710707e-01 -9.7111755204e-02 1.9850282038e-01 6.2724779235e-02 -5.9000130081e-02 -8.1368176340e-02 -2.0373389273e-01
2.2249255163e-01 1.1824680372e-01 -9.9351727575e-03 5.4037827909e-02 -1.9938050563e-01 3.7845676085e-02 2.0361049242e-02 -2.2082655524e-01 4.0842656665e-02 -2.1861096358e-01 -2.6652318869e-02 -4.1564896598e-02 -3.8371817780e-01 -6.2929574133e-02 2.2111877119e-01 2.7502562164e-01 1.1853562965e-01 2.8424439879e-01 -1.9612123108e-01 2.4020609743e-01 -1.7687177030e-01 2.4871508514e-01 -3.6593419330e-01 -1.4701324269e-01 -2.1401757940e-01 1.5566511015e-01 2.9119834560e-01 4.7270617027e-02 -6.0455312942e-02 -2.2079370502e-02 -1.7657628188e-01 -1.1606122466e-01
4.6041728420e-02 6.6131578406e-02 1.3890843672e-01 -2.9223790793e-01 8.9699875028e-02 3.3862807641e-01 1.8925150151e-01 -1.3454174710e-01 -2.2443891076e-02 -2.7877513120e-02 -1.2294240443e-01 7.9606457570e-02 -1.9426985216e-01 -9.8116460247e-02 -3.6150822982e-02 -6.5221013951e-02 -2.0980407103e-01 1.1806077758e-01 -1.3155212952e-01 2.2576422182e-01 -1.2029759714e-01 1.4616649217e-01 -9.7112864781e-02 1.5148921415e-01 6.7060233748e-02 3.6709460505e-02 -1.6293414616e-01 -1.6568352555e-02 -4.7394295272e-02 2.4021895269e-01 -3.7041436573e-02 7.1191885440e-02
1.0130781049e-01 -2.0834971255e-01 7.3556896023e-02 -1.2796552196e-01 -4.0216784179e-02 2.5678659695e-01 -1.2985731021e-02 9.3463267551e-02 6.3343425649e-02 4.0732569044e-01 2.1596130105e-01 6.5383583877e-02 3.4320960069e-01 -3.0538738778e-02 1.8186547357e-01 -5.9444214767e-02 8.0379923271e-02 1.0542988146e-02 -7.0568224285e-02 2.4497706338e-02 -2.5254976854e-01 1.3089655580e-01 -2.3758285237e-01 1.5105970693e-01 -1.1150954280e-01 1.3656890317e-01 -1.1103397261e-01 -2.3513707711e-01 1.7696331588e-01 2.1060899879e-01 3.0288473510e-01 -5.5515130316e-01
2.9239116501e-01 -1.0885459939e-01 2.5656290663e-01 7.8754983058e-02 -1.2282488336e-01 1.9846260328e-02 -2.3906812818e-01 1.3577710641e-01 -3.8297851967e-01 8.0505503197e-02 6.1322476813e-02 5.7869245611e-02 -3.0128973565e-01 2.9006186989e-01 -1.1451695764e-01 -1.4514579908e-01 -3.1368413052e-02 -7.9625233816e-02 -7.9916032371e-02 1.1975079736e-01 -5.9939718756e-01 -9.2895409437e-02 7.7079817277e-02 -2.3910860426e-01 -1.0144642412e-01 -1.6854535101e-02 1.2454574158e-01 -7.5459319703e-03 -3.9097960220e-01 -1.4178668309e-03 -1.6821877494e-01 -3.1736117905e-01
-2.7634664040e-01 2.0436324405e-01 1.3107517757e-01 1.7577380712e-02 2.8015397478e-01 1.1998726419e-01 7.9160650989e-02 1.3021409325e-01 -3.1867055150e-01 -3.2766495344e-01 5.6531725468e-02 -1.4439125690e-01 7.4386582746e-02 -2.4160049102e-01 1.2207350192e-03 -1.1904107808e-01 -2.0324901574e-01 -8.0565703386e-02 2.0008732328e-01 1.9361371818e-01 8.9292201941e-03 1.7430019454e-01 1.1983909041e-01 1.9087523615e-01 -2.9396420503e-01 1.1582460019e-01 3.5734892901e-03 2.9394490112e-02 1.3322762914e-01 -4.6255062123e-01 -1.1322213512e-01 5.5053255334e-02
-6.5817881260e-02 6.5352664710e-02 4.8569198069e-04 1.0083981004e-01 -1.1402540836e-01 8.4291419155e-02 -1.5446327300e-01 -1.7681584756e-01 3.9012634854e-01 -1.5677488711e-01 -1.0601806919e-01 -1.3835501060e-01 6.5697319112e-02 1.0231458671e-01 -1.1757778884e-01 1.5559059055e-01 1.0319804715e-01 -1.8347980549e-01 -2.0866260958e-01 5.8761901097e-02 1.1353445333e-01 1.0472205283e-02 7.0790684666e-02 -1.7816436294e-02 1.6019568761e-01 -1.8445713047e-02 -3.9159122851e-02 -1.4318668042e-01 -1.3949887573e-01 1.5328362347e-02 -1.6085701764e-01 2.8674971206e-01
-2.2781578763e-01 1.3551267886e-01 -7.5642121133e-02 -4.3157849596e-02 -1.1229986485e-01 -9.7768846484e-03 4.2392219835e-01 1.3919680417e-01 -5.3291046606e-02 -2.0595756831e-01 5.1850455536e-02 1.1957725291e-01 -1.0368085663e-01 -6.9193746829e-02 1.4909718044e-01 -4.6216088766e-01 -2.0838244643e-01 1.5978005429e-01 -2.4179691986e-01 -1.1572277459e-01 -2.4540876856e-01 -1.6145358655e-01 -2.1409919891e-01 -1.8653455498e-01 2.6793896878e-01 -1.8223375062e-01 2.2245457966e-01 8.5560247884e-02 2.8569017127e-01 4.4122960070e-01 4.9693742762e-02 -1.6126108571e-01
4.0047635988e-02 1.4446802779e-01 -4.0527299356e-01 -8.3692034294e-02 -1.7330884044e-01 -2.2668781452e-02 2.6207674335e-01 -2.5881678442e-01 -1.0218162135e-01 1.4414028873e-01 1.5381466912e-01 2.0392731770e-03 -8.5921240063e-02 3.8915512166e-01 1.5844395648e-01 -1.4482237002e-01 1.1210441930e-02 2.1361886274e-01 1.6612890431e-04 5.0782632396e-02 -2.9185536671e-01 -2.0296145419e-01 -3.1572820983e-02 4.5198311065e-02 4.3465690920e-01 -2.2514072238e-01 -1.8976519466e-02 3.9760339170e-02 8.7290131761e-02 -2.5097411368e-01 5.3649062376e-02 2.0192189523e-01
-2.6439581041e-02 3.8717628174e-01 -1.9465566599e-01 -2.3073437805e-01 -1.6273543643e-01 2.5769675687e-01 -3.8139807711e-01 3.4125199446e-01 1.1511387973e-01 2.0132985326e-01 9.8835845522e-04 -1.7355552617e-01 1.3757508376e-01 -2.3662848300e-01 -1.2627643745e-03 -1.0818780492e-01 1.8822321068e-03 -2.2839236649e-01 5.8665827455e-02 2.5862358787e-01 1.4334653655e-01 -8.8779569061e-02 -6.1003407937e-02 -6.8566133141e-02 -7.9188921856e-02 -4.7028877341e-02 5.6608846327e-02 6.1155123470e-02 1.0306920296e-01 -6.1007053731e-02 -2.8760743705e-01 -2.1903863484e-02
7.9458619085e-02 -7.0230064404e-02 1.3904814247e-01 1.4447988849e-01 -2.2671046278e-01 1.5777983518e-01 -1.0249046269e-01 -1.0733769795e-01 2.2313507361e-01 -6.5818901088e-02 1.3151320217e-01 2.5162143210e-01 -2.3412257199e-01 -1.3222413107e-01 -3.7494496692e-01 1.7271343212e-01 2.7651706147e-02 8.8233399967e-02 -2.0771496341e-01 8.5445950615e-02 1.5707269599e-01 -2.5608994920e-01 1.7634083151e-01 -2.4147348815e-01 -2.0158389729e-02 -6.6874215771e-02 -1.5557383828e-01 -1.7162076697e-01 1.8390938298e-01 4.7123333846e-03 6.6342938425e-02 9.4018222578e-02
-3.4211554775e-01 1.2610568747e-01 7.1941240239e-02 -1.4453438643e-01 6.0649762142e-02 -8.3860205603e-02 2.6109322871e-01 3.5719283943e-02 2.4751591039e-02 -2.5522640941e-01 2.7148040395e-01 -1.0712992959e-01 1.2356641969e-01 -1.1571663558e-01 -2.0814003931e-01 6.9124071258e-02 -1.4185211249e-01 -2.3713693489e-01 -2.0975391460e-01 3.0541716899e-01 2.4560960415e-02 -4.4365275058e-01 -3.6823929303e-02 1.4787684947e-01 1.2544722923e-01 1.3875790598e-01 1.2810654154e-01 4.7191500638e-02 2.6261965432e-01 8.3800459878e-03 -6.0968426728e-03 2.8492784755e-01
9.4529244475e-02 4.3500789943e-01 -2.6044262294e-01 -1.1848304666e-01 8.8511930971e-02 -1.8611753168e-01 -9.0413216972e-03 -7.2951817812e-02 2.5942440175e-01 2.6013599781e-01 2.5079906112e-01 4.8967920217e-01 -2.4500555605e-01 1.6827142129e-01 -3.5905701455e-01 7.7189508951e-02 2.0366210359e-01 -2.5659425565e-01 6.0136474112e-02 -1.4601710248e-01 -1.5421106944e-01 -2.0386493021e-01 1.3238327706e-01 -1.6751948675e-02 -8.4202312859e-02 4.3947071010e-01 1.7460394582e-01 -3.2040192726e-01 5.3229267904e-02 1.6694625511e-01 2.5627557084e-01 2.4552462696e-02
-1.4285916253e-01 2.1071914579e-01 2.6553500257e-01 1.5437500547e-01 1.0503805057e-01 -1.1613771073e-01 -1.9550053410e-01 -3.4636197066e-01 -1.1370287716e-01 -1.2537299491e-01 5.6492645568e-02 -2.3120418703e-01 1.2362975927e-01 2.8311370268e-01 4.6551891708e-03 2.4852815219e-01 6.4841243669e-02 -6.3194718244e-02 4.9789673244e-01 -1.7048081491e-01 8.1178483700e-02 -5.4284451480e-02 -2.0549886988e-01 -2.4393708421e-01 -2.9315586891e-01 -2.9536200957e-01 3.0594209890e-01 -1.9426858858e-01 -1.4021634943e-01 -1.3269693508e-01 -2.5318212606e-01 -7.6931577862e-02
