-1.6123000942e-01 -4.0133381827e-01 -7.8341956473e-02 -4.3219552833e-02 -2.2573345471e-01 -1.2881942949e-01 1.7608752257e-01 -2.2878113228e-01 1.6586101091e-02 8.7791621733e-02 -3.5279926586e-02 1.4884105718e-01 9.1418636647e-02 7.6809788208e-02 -9.2220534260e-02 3.5566508554e-01 1.7596151214e-01 8.1956514656e-02 1.1243188066e-01 3.1143533773e-01 1.9663256022e-01 -5.5725054833e-02 -6.7032914955e-02 5.8186630186e-02 -3.5281282647e-03 -1.9081153893e-01 2.4152844328e-01 2.0477481350e-01 -4.5029657560e-03 -9.8340144680e-02 1.0251160054e-01 1.2818694153e-01
-6.7458997321e-02 -2.4549576200e-01 5.6865766024e-03 -7.0657924898e-02 -2.3096114280e-01 -1.6378575153e-01 -1.2093340496e-01 1.7663526680e-01 2.4456870412e-01 -1.2072610001e-01 1.9211474029e-01 -5.9726955537e-02 -1.0882386299e-01 1.6465239160e-01 -2.1191042489e-01 -1.4457918559e-01 6.2933995184e-02 2.2232697001e-01 3.2406096985e-01 -3.4200538896e-02 2.0179932653e-01 -3.6541518632e-02 -1.2828690789e-01 -9.0619969024e-03 -1.4793410935e-02 2.8844687796e-01 3.5853891114e-02 1.1397667123e-01 1.8487686665e-01 3.7871933790e-02 1.6898826346e-01 9.1008507663e-02
-2.2088064229e-01 3.0311604426e-01 7.7247275287e-02 -1.9079404256e-01 -2.5098926525e-01 -9.2428475826e-02 -3.1930477461e-03 2.4260913791e-01 1.1065229761e-01 -1.4310391103e-01 -1.0728642395e-01 1.2644158551e-01 -1.9907403038e-01 -1.5315586155e-01 -1.2503608281e-01 -2.6389584739e-02 -3.4718654443e-01 -1.6480611885e-01 1.3465954602e-01 2.3665627334e-01 2.7612633297e-01 -3.1248627969e-01 4.5483158194e-02 -1.1045348418e-01 -3.9810365518e-01 -2.1310787394e-01 -1.7550509601e-01 -2.5127469357e-01 -3.4936502940e-01 -4.4752325498e-02 1.9367748291e-01 9.7200317255e-02
1.3542859551e-01 -8.5390558076e-02 2.9923799228e-01 8.4022060379e-04 1.9463738311e-01 6.7047136943e-02 -1.5255081868e-01 -2.6979737928e-01 7.6819580140e-02 3.5053143058e-01 2.0406721754e-01 1.4378765156e-01 -1.2882585600e-01 -1.3485274729e-01 -9.8760226951e-02 -1.2640504606e-01 1.7770216559e-01 -7.0860801614e-02 -5.5558513412e-02 -2.8359274468e-01 -8.0067590565e-02 2.8338747673e-02 -1.0988554676e-01 -1.3239535962e-01 -1.0658670662e-01 7.4306798256e-02 1.0457362654e-01 1.2740832980e-01 3.6355985339e-02 6.1235202596e-02 1.0395850033e-01 -9.8495431714e-02
1.6115670002e-02 -4.9026924498e-02 5.3649244282e-02 2.8614800363e-01 7.7228149888e-02 5.1378302130e-02 -9.6777297947e-02 -1.8412603238e-01 -1.4130059937e-01 -1.4669293705e-02 -2.7343040216e-01 2.3056030464e-01 -3.2128829707e-01 -2.1375029308e-01 -1.5381090595e-01 1.3339951403e-01 -5.0003441109e-02 -8.7488501985e-02 -9.1004051200e-02 6.7994355066e-02 -1.8461563498e-01 3.7992485240e-01 -1.6752995723e-01 -7.7355880974e-02 2.0310782389e-01 -3.0423264271e-02 -2.6097911248e-02 -1.2726133373e-01 -1.5049588893e-02 8.2827533548e-02 -2.2507690169e-01 -5.6230805358e-02
-1.0498067989e-01 -1.5817036969e-01 -4.7793228789e-02 -1.7209353421e-01 6.2240925211e-02 2.9827174320e-01 1.1931299914e-01 -1.0952561666e-01 7.1877928436e-02 -1.7596267913e-01 2.9431913395e-01 2.3139303106e-01 1.1592750603e-01 -1.1664963402e-02 -1.4867978221e-01 -3.9491893356e-01 -1.5467781269e-02 1.8559375026e-01 -6.4729734612e-02 -7.8820277858e-02 -8.3033080676e-02 2.3618756667e-01 3.1012018476e-01 -1.2364240911e-01 9.2615964337e-02 -8.6917936415e-02 -1.9962005739e-01 2.5780795595e-01 2.6885956697e-01 1.3857024143e-02 1.3397676241e-01 -1.3629092196e-02
7.4282759697e-02 1.7868565220e-01 6.5092401302e-02 -3.3803446891e-01 -4.1725507923e-05 -2.0676112486e-02 1.9627141149e-01 1.1502680117e-01 -6.9736011189e-03 5.6975851298e-03 4.4518227749e-01 -1.4317151832e-01 -1.0305710079e-01 -1.7507543014e-01 -4.5046465426e-02 -1.4262524735e-02 -1.6419486285e-01 -9.0927185067e-02 1.0537340736e-01 9.6036712796e-02 -1.5776791644e-03 1.2888287945e-01 -9.6917467332e-02 2.8666080917e-02 -1.8522770767e-02 -1.2067259431e-01 -3.1708833168e-01 2.6350433167e-02 -3.1552522439e-01 4.9719595297e-02 5.4216097274e-02 1.1294046142e-02
-1.3243293300e-01 1.5856825310e-01 1.0396039235e-02 -9.6284949658e-02 -1.9159028275e-01 3.3004973643e-01 -3.3769482507e-02 -1.0105370839e-01 1.2698309208e-01 -2.6585485953e-01 -1.9887276349e-02 -3.4332434137e-01 -1.3926038050e-01 -6.2029237175e-03 -2.2400712357e-01 1.3168124663e-01 -1.8521351732e-01 8.3255195215e-02 1.6576920769e-01 -4.8649316363e-02 3.1024142874e-01 -2.2281295669e-01 -6.4182270702e-02 1.9659716304e-01 -2.8006573155e-01 -3.0607577001e-01 3.5732460371e-01 1.3003688910e-01 -4.3313706996e-01 -3.5962142587e-01 -1.1626489688e-01 2.1890614017e-01
7.4038010930e-02 -1.6179027785e-01 -1.6077497679e-01 1.3782764993e-01 3.1795299385e-01 -5.8598992358e-03 3.0166937785e-01 -1.1522896507e-01 3.9118367410e-01 -1.3859986550e-01 2.4985850831e-01 1.1579979724e-01 -6.2774769537e-02 7.3122245440e-02 2.5065963225e-01 3.3689982683e-01 1.1507603755e-01 -1.8925717785e-01 -1.5017347005e-01 1.6435640356e-01 -2.7005608493e-01 1.5411321992e-02 -1.3828371188e-01 8.2810251086e-02 -2.1371368956e-01 2.0916826544e-02 1.5293124772e-01 1.3137710305e-01 2.0726276092e-01 2.0723664815e-01 -7.7919770040e-02 2.4079542421e-02
5.7279483407e-02 -1.2126990239e-01 -1.7083726955e-01 -2.5420119909e-01 -1.2644181743e-01 -1.0068095373e-01 -5.4355071415e-02 1.7606365800e-01 9.1190299974e-02 1.1177397239e-01 -1.4466590188e-01 -3.6344500822e-01 3.0262635509e-01 -3.8254660960e-01 6.9332447781e-02 -1.4022881190e-01 1.4641791134e-02 1.7383170772e-01 -1.1823873110e-01 2.7848553685e-01 -1.4118991704e-01 -1.0917286126e-01 -1.7565045894e-01 9.0374093309e-02 -1.5644029375e-02 -1.7481164459e-01 3.5136744439e-02 1.2750250640e-01 -1.7893528675e-01 -1.8728806364e-01 -5.4878989162e-02 -5.9358590572e-02
-7.4777893558e-02 -1.0110869538e-01 2.4550165713e-01 4.9632110413e-02 1.6706059745e-01 9.5773538875e-02 -1.3569130297e-01 9.4944296542e-02 -5.0976520696e-01 -1.7209841456e-01 -1.2713973844e-01 4.7031773093e-02 -5.8654058490e-02 2.5842389831e-02 -2.4374056649e-01 -3.3324237334e-01 2.4880949835e-01 5.4325758822e-03 2.7355256525e-01 -6.7692161581e-02 2.3347193176e-01 -4.0822909468e-02 -1.1388918385e-01 2.0808047632e-01 -1.5176262573e-01 7.2531556275e-03 6.0251261858e-02 4.2508996693e-02 8.0733967368e-02 2.7699777670e-02 -3.1374955675e-03 -3.2585884397e-01
1.1546180350e-01 2.5848132322e-02 6.2440334451e-02 4.4772613150e-01 -1.4121827960e-01 -2.1733518251e-03 -5.8698359597e-02 -1.0780800217e-01 2.4616493557e-01 -4.1432903435e-01 -1.1561453854e-01 7.1768729578e-02 2.2667844381e-01 3.0229017385e-02 2.1661357335e-02 -1.1657469669e-01 -3.0413173591e-01 3.9724115911e-01 -5.6897837573e-02 1.5335939626e-01 -8.5144890709e-02 -3.9217991264e-01 -1.0306500963e-02 -2.0861515898e-01 7.2464212636e-02 -2.6608092994e-01 6.7859909381e-03 8.5590033749e-02 -3.3441219449e-02 1.6781589175e-01 1.1450354785e-01 1.2922848887e-01
-6.7079310754e-02 -2.4123239505e-01 -5.7194686288e-02 1.1569257536e-01 1.3515397734e-01 1.3909503341e-02 8.7320178518e-02 -3.7279629755e-01 3.1584141437e-01 -6.5349738402e-02 1.4270446141e-01 -1.3921497783e-02 -5.7413709766e-02 -4.4307854076e-02 -6.5354778197e-02 -9.2063355334e-02 -2.2534816166e-01 -1.2793952956e-01 -6.2016439405e-02 2.2248726666e-01 1.8841049792e-02 3.7499374252e-01 2.5946945873e-01 -9.2238402277e-02 2.9659141113e-02 -1.9399902091e-01 1.8369430926e-01 5.3546038077e-03 -5.0158027303e-02 8.9578492160e-02 1.5897932127e-01 -1.3996744340e-01
-1.7713169595e-01 8.4447990431e-02 -2.1214774745e-01 8.0285619596e-02 -2.0769786742e-01 -6.7972704166e-02 7.6817195581e-02 3.5454621333e-01 -2.7240596464e-01 -1.5289671053e-01 3.7512369436e-01 -7.9996630535e-03 -1.2474950110e-01 -2.2281005102e-01 -1.7835381108e-01 -1.9107589117e-01 -2.2077777901e-01 -6.6884831270e-02 -1.1194507671e-01 -2.0364261857e-02 3.4664023200e-01 1.8930132693e-01 7.4625230456e-02 3.8503970617e-02 9.8507166511e-03 1.9712210025e-01 -4.0878346591e-01 -2.0851350165e-04 -7.1861264644e-02 -2.1647199398e-02 5.6511945790e-02 6.5582840344e-02
7.4217212713e-02 2.8899175762e-01 5.1398507063e-03 9.8099455245e-03 -7.5448089572e-02 -1.3202454682e-01 -6.5501581369e-02 -3.5284796441e-02 4.5724248308e-02 -9.7203654031e-02 1.1150961313e-01 1.3724283014e-01 2.1435692602e-01 -2.3812267768e-01 -4.2711286212e-01 -2.1236729876e-01 -8.4227734211e-02 3.2312730595e-01 -2.0803444819e-02 -1.7358829603e-01 2.7046234031e-01 -2.0050782946e-01 -5.2752458171e-02 1.6679597940e-01 -2.6824456370e-01 -3.3017262241e-01 -1.3435791818e-01 -1.1072161099e-01 2.2379621632e-02 -9.9701932838e-02 6.7326258249e-03 1.5137718996e-01
-3.1631539430e-01 6.7869652824e-02 5.9810422792e-02 3.4478916817e-02 8.4951646399e-02 -1.0324961214e-01 2.5575296481e-01 -1.4219002241e-01 1.6636763966e-01 6.8301053517e-02 1.6233440030e-02 1.7811730045e-02 1.0618118821e-01 -6.7429976528e-02 -2.8162641418e-01 1.8301662513e-01 -1.6765677776e-01 2.0384338311e-01 -5.2662082603e-02 -2.0690674064e-01 -3.8175937278e-02 -2.4834674571e-01 -8.5832659410e-02 -2.8499490769e-01 -1.0699065822e-02 1.3707690359e-02 2.5624259408e-01 9.3635550061e-02 -2.7816664533e-01 -1.2420991038e-02 -1.4680446344e-01 6.7116296530e-02
1.6035125990e-01 4.9475175942e-02 5.2800548986e-02 -2.6908326277e-01 -1.6275613274e-01 6.5180786997e-02 -1.8046005071e-01 -2.8454975648e-01 1.2101698150e-01 -4.9246442363e-02 2.2022302686e-01 3.8806004981e-01 2.3326789338e-01 -1.5683905817e-02 2.6739023179e-02 1.6178378532e-01 3.8756578520e-02 -1.0722807904e-01 2.0875198974e-01 1.6248859542e-01 1.1273445975e-01 1.3854894146e-01 -1.4488599361e-01 1.8935755520e-01 1.0530437334e-01 8.3338123881e-02 -7.5585514310e-02 2.3114351183e-01 5.4101429311e-02 2.6934061145e-02 6.2226164155e-02 1.8416006697e-02
-6.4719104022e-02 -1.9924203221e-01 -2.2751121427e-01 4.3300988560e-02 -3.7222253690e-01 -2.5378205232e-01 3.7517852137e-01 -1.0335356152e-01 -1.4503900973e-01 1.2234672513e-01 -4.3519064933e-01 1.2158455243e-01 -1.4649041217e-01 8.2386534691e-03 7.5132068694e-03 1.9044741180e-01 -4.9693736055e-02 1.7474946831e-01 -4.1178041423e-01 -2.3382531457e-01 -4.8239049585e-01 3.6423891480e-01 -2.1643226262e-01 7.1118134906e-03 6.0513018176e-02 -4.4528071832e-02 4.9788911239e-02 -1.4340289174e-01 1.1850458282e-01 3.1853403800e-01 9.3725414814e-02 -4.3712220737e-01
3.0017272076e-01 -3.0764457783e-01 1.0606639534e-01 -1.1885709660e-01 -2.8448793267e-01 -8.1360231160e-02 1.7278651063e-01 1.3159649283e-01 1.9638700135e-01 -4.4380451465e-03 -1.0147859330e-02 3.6484672286e-02 8.4959668314e-02 -1.2331279194e-01 -1.5954549698e-01 1.5920991077e-01 1.4465990921e-01 9.7795463284e-02 1.9587685673e-01 -8.6923707724e-02 8.8278337107e-02 2.5912759492e-01 -2.5400683721e-01 4.5269989746e-02 -1.2052360181e-01 -9.1210065811e-03 2.8573359310e-01 -1.9283747959e-01 -5.2857643266e-02 -1.1395181216e-01 -3.6331475609e-01 -1.5483727449e-01
-7.9464930377e-02 -4.0952180937e-01 6.2640244489e-02 -7.9440364277e-02 -1.0164504285e-01 -2.7159086093e-01 1.6902536633e-01 -3.8539446061e-02 2.0262201156e-01 -3.0585382573e-01 -1.5331988854e-01 -2.0528616707e-02 -2.2737413503e-02 2.0508601675e-02 -1.4449594212e-01 2.7317393292e-02 -8.1537512816e-02 -1.9248109729e-01 1.8889009965e-01 1.3685403666e-01 3.9015776389e-01 -1.6593959114e-02 1.3976370282e-01 -2.1616300527e-01 -2.1659787287e-01 2.9409795401e-01 -2.0234016981e-01 2.2868534401e-01 -4.0427418550e-02 6.1569732109e-02 1.5085020719e-01 -6.5550625714e-02
1.6696705346e-01 -3.1947032663e-02 -1.0302142145e-01 1.0468420855e-01 1.5683041630e-01 2.7030594312e-01 -1.8734641928e-01 3.2722153365e-01 1.5309274756e-01 -6.2728813174e-02 1.3115474211e-01 1.1343866085e-01 -2.0358415685e-01 -7.3655614478e-02 -3.1105542020e-01 -9.0983507054e-02 5.7000918613e-01 3.4179120265e-02 -6.3718473391e-02 7.3861333644e-02 -1.2819306086e-01 -1.3536596198e-02 3.1460654331e-01 4.3390243731e-01 1.1346790200e-01 -2.1870423263e-01 -1.1577971492e-01 -2.4056274896e-01 1.3209217899e-01 -1.9171088466e-01 3.0333363231e-02 -7.7273600128e-02
-1.6055335456e-01 8.9241983353e-02 -2.6145029182e-02 5.6720430935e-02 1.4722973778e-01 -2.4945838263e-01 3.5543243424e-01 -2.8109595123e-02 -5.2294004837e-02 -1.3668999019e-01 1.0934007139e-01 2.5010875781e-01 -3.7001145166e-02 1.9431015941e-01 -1.2165968144e-01 -2.5898468058e-01 7.5560701531e-02 -2.0062297884e-01 -1.3052137060e-01 -6.8042083394e-02 -3.3904314777e-01 3.5704102669e-01 -7.2121277333e-03 -1.8430893469e-01 3.5227841639e-01 7.5512876737e-02 -4.7799083476e-02 1.4949865503e-01 6.2233823089e-02 5.6186763038e-02 -4.7453833947e-02 1.5102325537e-01
-1.8044283785e-01 1.1845388930e-01 -1.3653364080e-01 -1.8219342307e-01 -1.6408336322e-01 -1.3678322431e-01 2.5343400920e-03 6.1468566460e-02 7.5924341115e-02 5.8756694628e-02 -9.5721274072e-02 -1.1171332824e-02 -6.1620280808e-02 1.2639654419e-01 -1.1742760058e-01 2.5806644889e-01 4.9865320654e-02 1.0907981486e-01 -1.8316056174e-01 -9.0935330874e-02 4.5908646571e-02 -4.1472081316e-02 1.8579764948e-01 -2.0333225066e-01 -1.6274457520e-02 1.0676590860e-01 -2.3458497628e-01 -3.8535973660e-02 -1.0524870422e-01 1.4823183439e-01 -1.4933324122e-01 -5.2492569525e-01
-1.8633608331e-01 -3.0128595661e-01 9.6653375928e-02 1.8216732546e-01 -3.8082084149e-02 -1.0209800859e-01 -3.9355324018e-01 -7.0622926349e-02 2.5850220462e-01 -6.7037318792e-02 3.0733555848e-02 7.3715887409e-02 -9.0864646981e-02 -1.3009993593e-01 -1.7473547663e-01 -1.1270923991e-01 1.2721773346e-01 -1.6169926999e-01 -2.0947354362e-02 -4.5525374000e-02 1.0157716011e-01 -3.4636664599e-01 7.6605571899e-03 2.8189332769e-01 1.7032738453e-01 2.2643160277e-01 5.4975877822e-02 5.8915604956e-02 -4.9494831688e-03 -6.5375930809e-02 6.8586732656e-02 -3.3290065019e-02
-1.0164913974e-02 -9.3389741727e-02 -2.2028222520e-01 2.3383633069e-01 -1.5774763115e-01 -2.0890404726e-01 2.3651520935e-01 -2.0404212302e-02 -2.3794019531e-01 1.8289763993e-01 -2.9458383054e-01 1.3623748807e-01 -1.9932856481e-01 2.7544283966e-01 1.0125579998e-01 1.0487861302e-01 -1.9944431650e-01 -9.1833891028e-02 1.4057814365e-01 2.8429684305e-02 1.3204568564e-02 -2.2968439538e-01 4.9538751719e-02 5.4813336911e-02 4.9076502419e-02 4.1771870775e-01 1.3910038175e-01 1.9692476342e-02 -9.5961416970e-02 -2.5750152721e-01 -4.0175843210e-01 -2.9108356230e-01
-9.0389907041e-02 -1.2149812599e-01 -2.4234996114e-01 3.3521654414e-01 1.0081474710e-01 -1.8394884677e-01 1.1825648464e-01 -1.6069976904e-02 -5.4172368931e-02 5.4285012690e-02 -1.6287675894e-04 1.7586629608e-01 1.3464593749e-01 3.4372620761e-02 4.0464586097e-01 3.3620722566e-01 1.7758631590e-01 -1.8668532826e-01 1.7303375946e-01 -6.1007718012e-02 -1.2070529753e-02 1.0517601316e-01 6.1144239477e-02 1.3954350922e-02 -1.8908606870e-01 1.4910207597e-01 1.0204643678e-01 -3.8379477079e-01 2.7802432491e-03 5.9041076523e-02 2.0839191195e-01 4.0968019215e-02
-2.6648243750e-01 5.0513519645e-02 -1.7191096400e-01 -2.6142479518e-01 -3.7126168674e-02 3.3528325317e-02 -4.6212864412e-02 1.3452825061e-01 -9.1266751425e-02 -1.0929400181e-03 2.4121640853e-01 -2.3502328097e-01 -9.1851636443e-03 3.0580945720e-02 2.8521188640e-01 4.5760704342e-02 -2.0151596463e-01 -8.3910563060e-02 2.7423103810e-01 -1.7774384101e-01 2.0621882821e-02 -2.8895764528e-01 8.2549232461e-02 1.6069937609e-02 -3.2903924832e-02 -2.7275986447e-01 2.9483690187e-01 -1.1350114406e-01 -3.2049598517e-01 3.2030648214e-01 -1.9449860891e-01 1.8127272896e-01
-2.7128801330e-01 1.9105520563e-04 -8.4439819367e-02 6.0407230992e-02 5.2672318863e-01 -1.2847196518e-01 9.2354141082e-02 -1.9334198349e-01 1.5590164765e-02 2.9373118916e-01 -1.4397298904e-01 2.6605927695e-01 -5.3989036789e-02 -3.7879084832e-02 -2.0224143635e-01 2.3814318320e-01 -8.9473674931e-02 -1.7709442916e-01 -1.1304032359e-01 8.1524125932e-02 -1.8659779413e-01 -1.3426909852e-01 1.7771481373e-01 2.3009856389e-02 8.5387355938e-02 -1.6538771214e-01 1.8456613337e-01 -1.6740268284e-01 -1.0275009917e-01 -7.1662629272e-02 1.9225351066e-01 -6.4988648562e-02
-2.0116335176e-01 2.8111610882e-01 1.5042809458e-01 1.0218134890e-01 1.6374878133e-01 2.6246000781e-01 -1.4056222058e-01 -7.5303588758e-02 -1.4789928790e-01 -1.4142541537e-01 -8.8254170835e-02 -4.2145621209e-02 -3.5137471373e-02 4.5880623275e-01 -1.2277839459e-01 -6.1508896477e-02 -1.6571966661e-01 -2.3026807572e-01 2.4203592835e-01 3.7628027896e-01 -5.9034270362e-02 2.6869122138e-01 2.3474468344e-01 3.5291056661e-02 6.3067291722e-02 3.2990221252e-02 2.3310948824e-02 -1.3695159302e-01 -1.6544697905e-01 -2.6492067000e-01 3.6916450362e-01 8.5030872296e-02
1.1812890330e-01 2.3978559056e-01 1.7379903371e-01 2.0326057068e-01 -5.8835172234e-01 3.1283246844e-02 1.5755601629e-02 1.3248407736e-01 -2.1710252997e-01 1.0960878236e-01 -5.4353227164e-02 -3.1420579323e-01 -4.7234941622e-02 7.7905396915e-02 9.9911158779e-03 1.4609379882e-01 -1.6602627594e-01 -5.6724640367e-02 1.0412148264e-01 -3.5681980594e-02 2.2073323922e-01 1.1168256859e-01 3.5361433996e-01 -4.0206095090e-01 -2.8864735085e-03 1.9549531813e-01 5.0257488235e-02 -9.2747900564e-02 -8.5343588119e-02 4.7556981152e-02 3.3700956036e-01 -5.1188515549e-02
1.1136068748e-01 -1.2596384225e-01 8.3431940899e-02 -1.5666333277e-01 6.5089318178e-02 -1.9189861493e-01 1.3053758229e-01 7.6227804660e-02 2.2132592927e-01 -4.4466920154e-02 -9.7873940472e-03 -7.2701801697e-02 6.1933944034e-02 -4.5934894517e-02 -3.6272831806e-01 1.2917142255e-01 1.0659137450e-01 3.1714649933e-02 -2.1820678181e-01 -2.1161661664e-01 4.4044380381e-02 2.3864498515e-01 1.4168735724e-01 2.6046972186e-02 2.0575823549e-01 4.6001301198e-01 -2.4534600758e-01 1.2359716498e-01 2.8338528607e-03 3.4265904115e-01 9.3616365000e-02 8.2475883267e-02
-9.6712114037e-02 5.6815948452e-02 -1.5932944836e-01 -2.8636303167e-01 1.5263277685e-01 1.3367704777e-01 3.1002356463e-01 -3.1633129539e-02 1.6962525801e-01 -1.1506559007e-01 7.7530597673e-02 -3.1461722422e-02 -1.5238743599e-01 2.3171487850e-02 1.7591445929e-01 2.2743090055e-01 1.5574745857e-01 1.7679588733e-01 -2.0020075061e-02 1.7329057876e-01 4.2415875546e-01 3.6526911266e-01 1.0786641984e-01 7.2457133361e-02 -3.8781368033e-01 1.7322832725e-01 1.7111954241e-01 -1.2792004107e-01 -3.0239635658e-01 -8.8501494958e-02 2.4139239172e-01 -6.8182610726e-02
