-5.0240872378e-02 -1.3474183095e-01 -6.5899268876e-02 -9.0674669252e-02 -8.1307972934e-02 -8.3867295098e-02 -6.9745042724e-02 -2.0482871197e-01 -2.3480445105e-01 -8.1478792805e-02 5.5966424566e-03 1.1454969618e-01 1.2446164127e-01 -5.2921164838e-02 -1.7009385304e-01 2.1217168183e-01 -1.7896369229e-02 -3.5201307303e-02 1.4111458385e-01 2.2688994322e-01 -1.2328784615e-01 1.3434389812e-01 4.0745811021e-02 2.8267638090e-01 3.9031189994e-02 -6.4477839472e-02 5.4148260654e-02 1.1598059259e-01 -2.5329314897e-01 3.0637886732e-01 -3.4343035504e-02 3.3637399306e-02
-9.1788189973e-02 1.3997186011e-01 2.9007205642e-01 9.8030349474e-02 -1.5584841487e-02 -1.3579486795e-01 -1.6181660931e-01 -2.3214090549e-01 -1.0009470348e-01 2.3187616121e-01 1.0302266220e-02 -1.2240770677e-02 1.0820463915e-02 1.4384660516e-01 -2.4595912167e-01 -1.6390959910e-01 -5.7228274166e-02 -2.9732816920e-02 2.7964322509e-01 3.0413064540e-01 4.4757045788e-02 1.2804571343e-01 8.5224215108e-02 2.4570598431e-01 1.6948703623e-01 -3.2742534293e-01 1.7414504561e-01 -2.9823074052e-02 -2.0414542691e-01 -1.2535389576e-01 1.0527194902e-01 -2.2132465656e-01
3.3986428645e-01 8.1730807118e-02 -8.5753027573e-02 -2.9837262028e-01 -6.9329832089e-02 -5.8448486263e-02 1.0282814350e-01 -1.1508623427e-01 1.1820457397e-01 -1.9458635612e-02 -7.1276841617e-02 -8.6719930240e-02 -3.0506968645e-01 6.8664064924e-02 -9.0338668763e-02 -8.7311207092e-02 -4.9441607740e-02 1.4765609839e-02 -1.1860788176e-01 1.1995894021e-01 -1.9828377063e-01 -1.2010599273e-01 3.8155938363e-02 1.8753988013e-01 -8.3167721172e-02 2.5341691961e-01 2.5243837812e-02 -2.2009699646e-01 2.6310141032e-01 -3.0740073043e-01 1.6262023462e-02 1.6643317355e-01
1.3881013726e-01 -1.7415001524e-01 -1.9092056427e-01 -4.7647772081e-02 2.8311452498e-01 3.0877343639e-02 -1.1817137839e-01 9.3171589180e-02 -8.2554588665e-02 6.7374437248e-02 2.6432464693e-01 3.4472501121e-01 -6.9009404197e-03 -1.6962138124e-01 1.4924705239e-01 7.8556538982e-02 1.0868390396e-01 1.6305897085e-01 2.3106456173e-02 -6.3459710615e-02 4.0985940910e-01 -2.5449968886e-01 6.5450184406e-02 2.0298278447e-01 -1.9453302764e-01 3.2509144151e-02 -8.1292471204e-02 5.6768949065e-02 1.0778011708e-01 -4.3926046854e-01 -1.2758787493e-01 -1.2740630067e-01
3.5196402098e-01 2.9380004418e-01 1.2622532842e-01 1.0915342788e-01 -4.5162359091e-02 8.0831433079e-02 5.8815716007e-02 1.0881600719e-01 -1.4602171168e-01 4.0711833668e-01 2.8597930418e-01 4.4847883051e-02 -1.8083461826e-01 1.4424671289e-01 5.5787750862e-02 -6.0146830186e-02 9.4298792421e-02 1.5120563483e-01 1.7320018314e-01 -9.2719342298e-02 -5.3745846253e-02 -2.1284960194e-01 -1.2258488013e-01 -2.7788257953e-02 -9.9122193410e-02 -1.1823476388e-01 -9.8774268520e-02 -6.1797455531e-02 -3.9783103249e-01 3.4131135298e-02 -1.0521452335e-01 -3.0351332044e-02
1.3549811264e-01 9.8447075960e-02 9.0187498004e-02 -2.4605543883e-01 5.7033511514e-02 2.8044784568e-01 1.0743691850e-01 1.3123837304e-01 -1.0852905084e-01 2.7413366367e-01 3.4848852502e-02 1.5287317378e-01 -2.0369020260e-01 1.2822284435e-01 3.4999050722e-01 -3.7946595843e-01 1.3112280917e-01 -1.3795737222e-02 5.2948300527e-02 5.9037051026e-02 5.1629860857e-02 1.6018100588e-01 1.4386999798e-01 -9.0257134996e-03 -1.6448304164e-01 3.7664440298e-02 4.4645654095e-02 -4.4940191801e-01 -4.0844483474e-02 2.3463548135e-01 -2.8396525381e-01 3.9373660015e-02
1.2169382095e-01 7.1271406085e-02 -1.0852300371e-01 -1.1531999762e-01 1.5899173151e-01 8.5078185525e-02 2.5962505482e-01 4.1030517828e-03 -2.6320343522e-01 -2.1237314457e-01 9.7562445225e-02 -3.1812227001e-01 -6.5680280710e-02 -7.5179024838e-03 -5.8617847766e-02 1.2058628621e-01 3.5787904260e-01 7.9435993155e-02 2.0610467623e-01 -1.5883667116e-01 6.9946446839e-02 1.2744780700e-01 -3.0036490495e-01 2.5008716525e-03 -2.8042090679e-01 -1.9232409898e-01 -1.4396570304e-01 -5.8954018958e-02 -1.9113647642e-02 -1.5708572680e-01 2.3716101984e-01 -1.9741940824e-01
3.0324368095e-01 2.6730686848e-01 6.9383824581e-02 -1.7832600501e-01 1.6921942108e-01 -2.3094435141e-01 -1.6218969007e-01 -1.6300402335e-01 -2.7020961648e-01 -1.0510114695e-01 2.2505660309e-01 2.2895785178e-01 -1.0633382788e-01 1.2881650705e-01 -1.8453006534e-03 -3.7684914755e-01 -1.2064383054e-01 -1.3359455147e-01 2.5517892695e-01 -1.2718700955e-01 -4.3518297082e-02 5.9611616678e-02 1.5120086220e-02 3.8070501940e-01 7.8787213694e-02 7.2187859493e-02 -3.4361810752e-02 9.6836368031e-02 -6.2540927253e-02 1.6297326759e-01 -6.1657379127e-02 2.0732287418e-01
-7.4923975710e-02 6.2618192501e-02 -3.1109661242e-01 1.6387423755e-01 4.5703172545e-02 -2.7622155317e-01 1.3038901798e-01 2.7845492009e-02 6.8833259451e-04 -1.0621128324e-01 -2.2716322078e-03 7.1018652441e-02 2.1310022927e-01 3.8939702756e-01 2.8262860219e-01 -3.0020368263e-01 2.3580547544e-02 8.4428133766e-02 -1.8921499337e-01 -2.7233896236e-01 4.8165213214e-02 -6.8869212022e-02 -1.9612722597e-02 -1.3734409588e-01 9.2720274930e-02 -1.8906347056e-01 -1.6361045477e-01 3.4383587855e-01 2.0283516412e-01 -9.9880004709e-02 -1.6717738733e-01 -9.6430570267e-02
-1.8509830994e-01 6.0407725271e-02 3.1723489488e-02 -3.3493627159e-01 1.9640067872e-02 -9.7079967773e-02 -9.6537884598e-02 8.4471298301e-02 2.7044283580e-01 -1.0956202817e-01 6.7086336055e-03 2.8374278322e-01 2.0481562425e-01 -1.5300910106e-01 -3.7649074754e-02 1.8638383208e-01 4.0713715846e-02 -1.4803513049e-02 -2.9518819767e-02 8.7224048676e-03 1.2544571228e-01 -2.5207485637e-01 1.2075741367e-01 1.6278945538e-01 -1.5528541659e-01 8.0370650976e-02 1.6904584071e-02 1.1854025430e-01 3.9423546914e-04 -8.5453047882e-02 1.6968962743e-02 -6.7197386307e-02
1.9002836537e-01 6.0168512684e-02 1.8556734526e-01 -1.9501997469e-01 -8.4799149760e-02 9.9021578760e-02 1.2258119991e-01 6.0008075993e-01 -2.2129542642e-01 -3.2347454114e-02 3.9357641575e-01 -1.7359458032e-01 -7.3064811926e-02 -3.1717846536e-01 6.1609906685e-02 -1.6328818143e-01 -2.2855898712e-01 2.6780233530e-01 1.4641226547e-02 -2.8932365682e-01 2.1606560020e-02 -8.9452573015e-02 -2.0078022370e-01 2.0986599796e-01 1.2751267078e-01 -3.1999121010e-01 -6.1145068218e-02 1.1390764338e-01 2.1938049300e-01 -8.7138739141e-02 1.5945450763e-01 -2.2063137376e-01
-1.1403134269e-01 -1.6911245304e-01 -9.0796426720e-02 -1.4121238513e-01 -2.0971790195e-02 6.7723965122e-02 1.6308989970e-01 2.9146298643e-01 -3.3315354213e-01 -4.0790283020e-01 -9.1702771649e-02 8.3818364453e-02 -4.6280782171e-03 -8.1586155888e-02 -6.8537705767e-02 3.6710204341e-02 -2.3673099758e-01 -1.9431070115e-01 2.1342694300e-01 -1.9420885233e-01 4.0268181479e-02 1.8693499908e-01 -8.2054488868e-03 -3.3052206277e-02 -9.7753274201e-02 -3.9913028810e-01 2.0749627234e-01 7.7378463024e-02 1.3006834125e-01 -1.3979484360e-01 7.3179618244e-03 -1.9082555699e-01
-9.4223683889e-02 2.0737726647e-01 9.1315507022e-02 -4.2959073935e-01 4.7941359557e-03 2.5981857646e-01 1.2116795821e-01 4.3447410283e-02 -7.5531020694e-02 1.8999017245e-01 -7.5689301785e-02 1.8090657772e-01 -2.4467162611e-02 1.8264299263e-02 -8.5203302314e-02 -6.7819904998e-02 -9.5686789779e-02 -1.4337867528e-01 3.9007531644e-01 -4.1281214046e-03 -7.0520756218e-02 -1.3365355779e-01 2.9678334485e-02 2.6505080879e-01 -2.2073751030e-01 -1.0451674535e-01 2.5330879638e-01 7.3349851451e-02 -2.9958284222e-02 1.7266193936e-01 4.4566959383e-02 1.8355776238e-01
-5.2916652099e-02 -8.9665232872e-02 -1.0066350618e-01 6.7365283345e-02 2.0038077685e-01 1.0331624043e-02 1.4249057289e-01 4.1870427189e-01 -4.4882720445e-02 2.1656791183e-02 -2.5449764550e-01 3.2488937623e-01 -6.3037906146e-03 1.3834996048e-01 7.7161297461e-03 -2.4787999336e-01 -4.9035063029e-01 2.0914191729e-01 3.1617461913e-01 2.4599500899e-01 7.0286212451e-02 4.8806706313e-02 2.3777115374e-01 -4.7278415591e-02 4.6835224724e-02 2.6110501673e-01 1.8167284306e-01 1.5954555562e-01 -1.9229557816e-01 1.9841976037e-01 -1.2509599683e-01 -7.6121363645e-03
-6.1291821553e-02 2.7488008725e-02 -2.9376952704e-01 -1.3762107341e-03 3.5177393364e-02 3.7175944034e-02 -2.7882096077e-01 -1.3663102403e-01 -4.4792338816e-02 -1.2722568359e-01 2.4502312508e-01 9.7541142283e-02 -1.0034289382e-01 -2.8096938480e-01 7.5736624163e-02 -3.2017759628e-01 1.6968485508e-01 -9.9777471747e-02 1.1263843252e-01 1.6403233720e-02 2.3381882482e-01 -1.9500317356e-01 -1.4312300209e-01 1.3727496948e-01 1.1498434411e-01 -2.5904402221e-02 2.7383413219e-02 -1.5288812186e-02 1.3963464666e-01 1.8282730632e-01 -2.4136152861e-01 1.7421983938e-01
-2.4648573830e-01 -1.3395992584e-01 -1.4869630381e-01 -9.5508413710e-02 -3.1018667656e-01 2.2257214684e-01 -7.8202301338e-02 -8.6918083712e-02 6.3496506685e-02 -1.3407423852e-01 1.7068389352e-01 2.6560160865e-02 -1.3409729393e-01 1.3515933702e-01 4.6045563137e-02 -1.5223612183e-01 -5.1800846853e-03 2.3592096863e-02 -2.2252832971e-01 -3.5355577395e-01 1.5445554166e-02 1.8306164677e-02 -4.7458774206e-02 2.1992293762e-02 -2.3886994424e-02 1.4189016307e-01 2.2419554203e-02 -1.8736640160e-01 1.1843217690e-01 4.3845170210e-02 -6.8745771111e-02 -1.7547102391e-02
-5.8552210242e-02 -2.5754146810e-01 7.9384078465e-02 3.9615599192e-01 -5.8901841738e-02 -2.8090348291e-01 -3.4595804780e-01 -2.1241817842e-01 -5.7904840619e-02 -1.6144730688e-01 -2.4896716018e-01 1.4253272660e-01 1.3460336085e-01 9.5423851470e-02 -2.4128079055e-01 1.3650186138e-01 -2.7768716017e-01 -2.7186520671e-01 2.2478914618e-01 -8.0210406588e-02 -2.3155901737e-01 -4.9263112234e-04 1.9570707975e-01 -2.8500524182e-01 -2.9477090898e-02 8.7175220248e-02 1.4580751960e-01 7.4732452524e-02 2.8298416088e-02 2.4447526395e-01 1.0204872258e-02 -2.6543829194e-01
-1.6761111764e-01 -1.5375615508e-01 -9.4833340149e-02 8.9942901446e-02 1.5415688788e-01 5.8254727367e-02 1.7723604119e-01 5.8889564819e-03 1.9244400104e-01 1.6602726774e-01 3.0036593813e-02 -2.6483119949e-01 1.1301113325e-01 -3.0690675859e-01 2.7510144564e-01 -1.8585045095e-01 2.7694497060e-02 -1.4855049420e-01 -8.1227219280e-02 2.0052446378e-01 3.3585371838e-01 -3.0654646966e-01 -3.4687027368e-01 2.0716956731e-01 2.2037112670e-02 -4.7163229738e-01 1.1705409486e-01 3.4479702970e-01 2.8862579391e-01 -1.8259645554e-01 1.4190453125e-01 3.2359547141e-01
-1.9480282053e-01 6.6646455364e-02 2.5675620162e-01 3.2834133593e-01 6.4245900818e-02 -3.1089782409e-02 -2.7381084085e-02 -4.3681495085e-01 -6.3789086047e-02 -9.8247355554e-02 8.2278711828e-02 9.2128557602e-02 -1.3137746306e-01 -4.2181246347e-01 1.5240291513e-01 -1.9354065425e-01 -1.7311480895e-01 -2.7908245554e-01 1.6183832067e-01 -2.4248026456e-02 -1.0794059782e-01 -2.7173029233e-01 1.0644202642e-01 -3.2585925078e-01 6.3160468759e-02 -3.5701321240e-01 -7.2857221746e-02 -5.8992340008e-04 2.9016905437e-01 1.5212957962e-01 2.3123049247e-01 2.1529161881e-01
-2.9038830935e-01 -2.3132012657e-01 3.0640997281e-01 6.4963162510e-02 8.2041509911e-02 -2.2628754407e-01 1.7274358907e-01 2.2677527775e-02 6.8479285908e-02 -2.7480715914e-01 -2.5168283710e-01 -9.7837404725e-03 -5.2541966261e-02 4.7772385415e-02 2.7785917082e-02 3.8134788280e-02 5.0607932777e-02 -3.2399376932e-01 -1.7129521816e-01 1.8013566812e-01 1.1160292144e-01 1.2291740671e-02 -1.3276241526e-02 1.7418954764e-01 -8.5406635819e-02 -1.9583671026e-01 -1.1930585047e-01 6.2109632044e-02 1.4422638094e-01 -2.1002664071e-01 -8.4488277734e-02 -2.7217341316e-01
3.2037004449e-01 3.0093955476e-02 -2.8232422788e-01 4.9396715743e-02 7.6701603873e-02 5.1864672436e-02 1.7351874369e-01 -2.3147132063e-01 9.0551305819e-03 -2.6877223968e-02 3.6910699743e-02 1.5878557827e-01 7.3117923531e-02 -2.9836356578e-02 -2.4123844058e-01 -1.3503954857e-01 5.9132129881e-02 -2.3341795952e-01 1.0615638884e-01 -1.4477121938e-01 2.1695374103e-01 -5.7259047431e-02 -1.0508964590e-01 -1.7325407218e-01 3.3562097577e-02 -8.2001680265e-03 -1.3941124075e-01 -2.0417147912e-01 3.8848026334e-02 2.1639019717e-01 2.4278305192e-02 -3.0214717788e-01
1.2974866947e-01 5.5501042771e-02 -2.1109836871e-01 -3.0967349647e-01 -8.0615662732e-03 4.4836376447e-01 1.4602224972e-02 3.3531666399e-01 2.4377150722e-01 -3.6040933322e-01 -4.3616905163e-01 8.6410370580e-02 -4.0424019068e-02 -4.3176308215e-01 1.5808204774e-01 -2.3451906982e-01 -2.8193567241e-01 3.1096429251e-02 6.2009033193e-02 -1.1399348224e-01 -8.6710114103e-03 1.7425684810e-02 -5.7443899580e-02 -9.0843654049e-02 5.3144946951e-02 5.1161017304e-02 -3.4639896146e-02 -1.8422224335e-01 -4.9561143655e-02 -2.8873508023e-02 -1.4199891983e-01 -2.9953894559e-01
-6.0785614020e-03 1.5527668366e-01 -1.6116894500e-01 -1.2180694125e-01 -2.1748691890e-01 1.7472884752e-01 -2.1606047698e-02 1.8451019549e-01 2.4939669210e-01 -2.5185764914e-02 -1.7846484043e-01 -4.3056262452e-01 -9.5568936014e-02 5.6358055932e-03 8.8957748430e-02 -1.2474946809e-01 -1.9520197796e-01 4.1658481100e-03 -2.2476339057e-01 -5.7698552338e-01 1.9276131938e-01 -2.0811772796e-01 4.3807420716e-02 3.0516060801e-02 1.1536165121e-01 2.0160772366e-01 1.8247591417e-01 4.4775842571e-02 1.0898814068e-01 4.4643918086e-03 7.4440670517e-02 -2.3106320909e-01
6.2281539549e-02 -4.6706544614e-01 -6.3875961434e-02 -2.9149131403e-01 1.0350280122e-01 3.6871491687e-01 1.0480355575e-01 2.7738090636e-01 6.6810640855e-02 -2.1782454032e-01 -3.6793220207e-02 -1.3693750722e-01 1.7547899585e-01 -1.7223433440e-01 -2.4446168288e-02 3.2182614161e-01 -3.3703335388e-01 -2.5644466220e-01 -3.4613548546e-01 5.7353741207e-02 -1.4393139143e-01 -1.0433125740e-01 1.6902680766e-01 1.0557716145e-01 -2.7170952663e-01 -1.0113116814e-01 -2.4332797912e-01 1.9176688141e-01 -1.3194125898e-01 -1.7217166803e-01 1.5639211099e-01 -2.8657838054e-02
-1.3573142603e-02 3.4484016322e-01 2.6977894574e-01 -2.3823332977e-02 1.0044452417e-01 2.3047584807e-02 -2.9482026846e-01 9.2120055671e-03 8.5548050955e-02 3.2126866577e-01 -1.6123586728e-02 1.8782361369e-01 4.4246509067e-01 -8.6640187225e-02 -9.3354810120e-02 -8.6675590251e-02 3.8675968851e-01 2.1714751508e-03 -9.3054343100e-02 3.4876756663e-01 -7.6118508281e-02 1.2143130903e-01 1.0872329873e-01 3.7428023579e-01 -1.7800967794e-01 3.8247498775e-02 -2.5735414663e-01 4.5818869263e-01 4.3709370191e-02 -2.5955405258e-01 1.4999626542e-01 6.9410082181e-02
5.8624550311e-02 1.1205941392e-01 1.6288114026e-01 -1.5576210559e-01 -3.9678437884e-02 2.3313551924e-02 6.4093630734e-02 -1.8898786026e-01 3.0443259012e-01 -1.4976239486e-01 5.3275328636e-02 2.0876274567e-01 7.8591920077e-02 1.3673762483e-01 1.9683872970e-01 -3.3246695087e-01 9.0043052926e-02 7.3588418364e-02 1.4682110071e-01 1.3008517932e-01 1.0023957739e-01 8.4530925926e-02 -1.5073801101e-02 1.8931003124e-01 -1.7601456908e-01 -1.5246274986e-01 1.1869279391e-01 4.0207436016e-02 -1.2739008089e-01 -3.1718478047e-01 -1.7267180867e-01 -1.6285889353e-01
-7.0057570815e-02 6.7539802602e-02 -7.4884985453e-03 3.8138270251e-01 3.2746573502e-02 -1.9178923084e-01 -2.6476705211e-01 -1.8007284887e-01 -1.0665200820e-01 -7.2217340687e-02 -4.4572791628e-01 1.8779023573e-01 -4.5561019378e-01 -1.1827051248e-02 9.5696905992e-03 3.0747159386e-01 2.6204201737e-01 -7.7260553477e-02 -1.4508652758e-01 1.1019946432e-02 -3.7642080087e-01 -1.0208831100e-01 -2.6857832478e-01 -2.2093623019e-01 -1.7691831675e-02 1.5918236980e-02 7.1987526395e-03 -1.2890437978e-01 3.2019656700e-01 -1.1187028301e-01 -4.5457765145e-01 -2.7764709386e-01
4.1831553789e-01 4.7758921837e-03 1.8612907067e-02 2.7386505813e-01 -6.2437660980e-02 1.4628747487e-02 -5.7133981690e-02 2.6672096220e-01 -1.5375047301e-01 -1.0914487031e-01 -3.9010101358e-01 -1.7090576442e-01 -2.3892042809e-01 2.6936477405e-01 2.0550763526e-01 -1.1460100632e-01 -3.8175813387e-02 4.9904122840e-02 1.4093551382e-01 -1.3274228114e-01 1.1238927355e-01 -1.4290246749e-01 -8.0288817983e-02 -3.7124566148e-01 -7.0929226384e-02 -1.4406880900e-01 6.8555779317e-02 3.3799369294e-01 1.6212952010e-01 6.9940417934e-02 -1.3906525695e-01 -8.9032827667e-02
1.2604649193e-03 4.6537427712e-01 2.8950030104e-02 -1.7967080695e-01 1.6432611295e-01 -1.7274332410e-03 -2.3563874988e-01 -2.0764192569e-01 -1.2022274224e-01 2.0660268784e-01 4.4714372577e-02 9.6506387679e-02 -1.7230735909e-01 -1.1490638601e-01 7.7935249476e-04 -2.8546361599e-02 -1.9052058749e-01 1.6668698408e-01 -5.3420986330e-02 -1.4844798346e-01 -1.5421926842e-01 -3.7571982659e-01 -1.2038281450e-01 -1.0288942458e-02 -1.1104393527e-01 -5.7694431426e-02 4.0640489502e-01 -4.8733523845e-02 1.5119587580e-01 2.7951036222e-02 4.0424386606e-01 -8.2371441078e-02
-7.8765815546e-02 1.8600326313e-01 -2.6928719577e-01 2.8904543156e-01 -6.5811205508e-02 1.7765264249e-02 7.9315176431e-02 -6.8621381599e-02 1.5869159385e-01 2.5525143528e-01 -2.1558036440e-01 6.0217893729e-03 1.0486011646e-01 -7.7226035791e-02 3.8459862689e-02 1.2343358947e-01 1.3110239739e-01 -2.7439106332e-01 -1.1157294058e-01 -1.6157772099e-01 2.1544009478e-01 -4.8256990020e-03 -2.5097646628e-01 -3.4438365863e-01 2.5085251565e-01 -1.4245411311e-01 -9.9825223926e-02 6.6894877986e-02 -8.1385708160e-02 -2.1397036250e-01 -5.6827275885e-02 -2.4902580944e-01
4.6290132101e-01 -1.4330744633e-01 1.5022324407e-01 1.8232554806e-01 -1.3701628379e-01 -7.0701353596e-02 7.3009364550e-02 -2.1152546684e-01 -5.2595547947e-02 6.1173323678e-02 1.8654441504e-01 4.5077510484e-02 -2.6340586700e-01 -3.6666343943e-01 -2.6170967857e-01 -1.8274739106e-01 1.1601428737e-01 1.2901867337e-01 -4.9074382705e-02 3.7141526002e-01 -1.2859812569e-01 -1.4457052347e-01 -3.2013029646e-02 1.4352620885e-01 -1.0468540417e-01 1.9966083045e-01 -1.1340099448e-01 1.5479072283e-01 -3.8235251784e-02 2.6411614327e-01 3.1086674855e-02 1.9018508225e-01
1.1391854747e-01 1.0892186647e-01 -2.3383194907e-01 -2.1671692280e-01 -1.5289003196e-01 5.6407300281e-02 9.9761221788e-02 1.1215653822e-01 2.0930795075e-01 3.1079423039e-01 -2.0800607177e-01 -1.0694305026e-01 2.4150334218e-01 3.2844333157e-01 2.1222244641e-01 7.6675985827e-03 -2.6464729405e-02 -1.9503719792e-01 -7.0249299713e-02 1.9944390245e-02 7.6556124213e-02 -2.1994659329e-01 1.8636650194e-01 2.1803614598e-02 -2.0935236451e-01 7.3310182889e-02 3.4993564315e-02 2.3132636696e-02 2.5239233263e-02 -1.4663080210e-01 2.7329068554e-02 -1.2142918156e-01
