4.3301672884e-02 2.6681407776e-01 -5.3768695936e-02 -5.4365642932e-02 -1.0071466034e-02 -2.0419655913e-01 9.6171153869e-02 2.3637549423e-01 2.6050389225e-01 -7.8128643784e-02 9.2471946486e-02 1.2296762753e-01 2.9998656362e-01 3.7872073871e-01 -6.3754776019e-02 -1.2443341821e-01 -8.9278734334e-02 2.6025404522e-02 -1.8377479829e-01 4.5279807331e-02 1.1273273494e-01 1.4106293833e-01 -1.1647749293e-02 -1.1807916717e-02 -9.1423926454e-02 1.7554864718e-01 -1.7170885611e-01 -6.1828635805e-02 -3.8658739035e-02 8.1563713706e-02 -3.3876214226e-01 -2.6898197738e-01
4.0987309223e-01 3.0293819151e-01 3.4281023915e-02 8.6510114607e-02 -2.5606650481e-01 -2.9059509158e-01 -4.4902898381e-03 2.6832798110e-02 5.0423389226e-02 6.3447427949e-02 -4.8255440943e-02 -8.8240441313e-02 -9.8237002734e-02 -2.0790462222e-01 -1.9546966171e-01 -1.1926151380e-01 1.1898705071e-01 -7.3728301517e-02 8.6405062917e-02 6.2988791372e-02 7.0971459709e-02 -1.8811112883e-01 -2.1600161473e-01 -3.3787360620e-01 1.2602551743e-01 1.3565435890e-01 -2.6882764767e-01 2.4938323951e-01 -1.4359935931e-01 -1.0091685423e-01 3.1288170108e-01 2.2090288754e-01
-2.3158149104e-01 1.4262849411e-03 -4.5284813382e-02 2.3335610344e-02 -2.2766695682e-01 -2.2332762874e-01 -7.6885917938e-02 -1.6609815306e-02 3.8821072303e-02 -1.1803123129e-01 -1.0961974513e-01 -2.8519794966e-01 1.0499273762e-01 -1.0299394367e-01 -1.9963088611e-01 1.1078198903e-01 -6.4141095645e-02 7.3788214953e-02 8.8717860613e-02 -8.1558223588e-02 -1.6861414809e-01 -8.1221205091e-02 -5.3866569773e-02 3.8114365893e-01 -4.2702037548e-02 -2.4106063137e-01 3.4178054401e-01 -1.2921016218e-01 -2.4374402960e-01 -3.2976260626e-01 2.7357095338e-01 -5.1438669082e-02
-1.1183156946e-01 -3.9520201701e-01 3.5948676352e-01 3.3056790375e-01 -1.2640754736e-01 4.2959143461e-02 -3.4161831023e-01 8.9503213973e-02 5.3801213498e-02 1.8158824285e-01 1.1761991353e-01 8.2253933833e-02 9.1381517839e-02 2.6282794966e-01 -2.6960982856e-01 -8.0980247778e-02 1.7059452492e-01 -1.6894700829e-01 3.9799918876e-02 7.8179574310e-03 1.1644228826e-01 -1.8311241453e-01 -9.6388758103e-02 -7.6280440454e-02 1.8769943196e-02 2.9883107594e-01 1.0677299411e-02 -4.1358224219e-02 7.9630092446e-02 1.5309427636e-01 -1.2773508893e-01 -1.8493821136e-01
-2.1492301542e-01 3.7390391038e-01 -1.4656797788e-01 -5.8683799665e-02 2.1649623787e-01 -3.6362492026e-02 1.7855632659e-02 -3.5226027315e-01 6.3464793474e-02 -1.3381968384e-01 5.9624177222e-01 7.4506553840e-02 -6.6883432729e-02 2.7540482593e-01 -9.8487987941e-02 2.2442111771e-01 2.5960781249e-01 2.6137692716e-01 2.2259960995e-01 -6.8066119765e-02 1.1180086632e-01 2.0290518145e-01 -3.5951196633e-03 -8.0882072572e-02 1.2635725002e-02 1.0666837992e-01 3.8867260835e-01 -2.0032341302e-01 -8.9464630228e-02 2.0428046835e-01 -3.0198428246e-01 1.0755559769e-01
1.6859407823e-01 -8.0794465444e-02 -1.0136361316e-01 -1.9431845474e-01 -9.7812207772e-02 2.6215512017e-01 -3.9557040401e-01 -7.9684369368e-02 -3.2882897740e-01 -5.6202865222e-02 -3.1828976672e-01 -3.5777690406e-02 -1.0364449016e-01 -3.3471752572e-01 4.5997325127e-02 -1.7309260986e-02 1.7747984724e-01 -6.4136171128e-02 6.8130336808e-02 1.5495697311e-01 9.7871591087e-02 -2.1265195169e-01 -2.9675358668e-03 1.4715165325e-01 -2.1724650587e-01 -1.0523299814e-01 -9.5401656932e-02 -9.8973811386e-02 4.8117259179e-01 -1.7639453561e-01 -1.2903143499e-01 1.8921719685e-02
3.7711697745e-02 2.0609217459e-01 -1.5884453361e-01 8.2861857709e-02 -3.5317794288e-01 -5.8063890194e-02 5.6814065072e-03 9.0349356288e-02 1.7199910887e-01 6.8691939849e-03 -2.5360920822e-01 -8.0676584264e-02 -2.7418240673e-02 -1.1333497155e-01 -1.3861917671e-01 5.1196753870e-02 -7.9959961644e-02 1.1022838066e-01 -3.1699707915e-01 -9.7525388965e-02 -2.5807227090e-01 3.8208120142e-02 -1.0800926931e-01 -4.3528961925e-01 3.8129234478e-01 2.0130751206e-01 1.3777100253e-01 -1.0760565325e-01 4.6345616016e-02 2.3902400410e-01 4.4400490573e-01 -4.6561037058e-02
-3.5323468962e-01 -3.2422738130e-02 1.5678930608e-02 -3.3937148186e-01 1.7078846835e-01 -5.8437769045e-02 1.7211621229e-01 1.1482832436e-01 -2.0970831298e-01 -6.6457481135e-02 4.0066641545e-02 1.1480123456e-01 -1.1896074939e-01 -1.2058893367e-02 3.8725869856e-01 2.0734690154e-01 -2.4971238774e-02 -2.1301378480e-01 3.2749583953e-02 6.0358075888e-02 -1.8230448870e-02 -1.3634270301e-01 1.2857111175e-02 -1.6551649743e-01 -1.4255924442e-01 -1.1236141607e-01 -4.3414896886e-02 2.8421108599e-01 9.0580261642e-02 2.1393907626e-02 -2.9250508905e-01 2.0248587233e-01
-1.0200288647e-01 -1.8601558477e-02 -2.2020632094e-01 -3.6481725898e-01 -3.2633092656e-02 4.9731489483e-02 -4.6620275811e-02 2.0263009269e-01 -8.4446042157e-02 -2.1926689501e-02 -4.6360419083e-02 -1.6007902301e-01 2.0336200518e-01 2.6726921759e-01 1.4870263258e-01 -3.6181060687e-02 -2.4751086012e-01 -9.4481268719e-02 1.6603594327e-01 1.1277559351e-01 -2.4198157724e-02 1.8809205455e-01 -2.3871837475e-01 -1.7165365375e-01 -6.1757930618e-02 -1.5425199276e-01 2.6515284873e-01 -3.6850256454e-02 1.2460395610e-01 -1.6101271211e-01 1.5475434922e-01 1.5276808751e-01
5.0483145746e-02 2.3982457601e-01 -9.7713161109e-02 2.4049557418e-01 -6.9659321822e-02 -2.3953460069e-01 -2.3471095805e-01 2.3439182973e-02 -1.6024867788e-01 -1.6608622933e-01 -7.3565322403e-02 9.1011818792e-02 9.5051140917e-04 2.2145528233e-02 -1.4788860605e-01 -2.0841535425e-01 -1.7414566586e-01 4.7439916900e-02 -6.3401342698e-02 -9.4158580747e-02 -1.1336661750e-01 7.0185973127e-02 2.1740940453e-01 7.5601801670e-02 -2.1811499708e-01 -1.8288327278e-01 2.9058226781e-01 -1.4737905013e-01 1.6798201938e-02 -1.6322151893e-02 -4.4900648543e-01 -3.3016895080e-01
-3.5960247674e-02 -9.8393541994e-02 -1.5505811779e-01 -3.2576953905e-02 1.5875798008e-01 -2.6127660481e-01 8.5086333515e-02 -2.2191484666e-01 -3.6946281866e-01 3.4387361255e-02 -1.2609586043e-01 -2.2190173115e-01 1.8877319366e-01 -9.4514110291e-02 -4.3187554920e-02 1.0312179896e-01 -1.1779649884e-02 -9.7046876413e-02 -2.0978345627e-01 -8.2707571962e-02 -1.9319273522e-01 -3.0191100097e-01 8.8792434280e-03 3.9518782158e-02 4.7494050851e-02 -5.3254914767e-02 -2.8141438189e-02 -4.2467000039e-01 -1.1062839587e-01 -5.3991807770e-02 8.2720969701e-03 2.0399700500e-02
-1.3021070913e-01 -1.6969562692e-01 8.4973596487e-02 1.6091800517e-01 -3.0141884566e-02 -1.3018402113e-01 -9.7081833533e-02 1.6668031071e-01 1.2998761368e-01 -2.3090270463e-01 -9.9412841900e-02 1.5641010713e-01 -1.0366723934e-01 1.5826729598e-01 -2.2681032772e-01 -7.9226672765e-02 -5.8738535458e-02 4.0167612421e-02 -2.4990986097e-01 -4.7825875076e-02 2.5738366484e-02 -5.0762685448e-02 5.5821492749e-02 -1.9631581791e-01 -3.1697641676e-02 -8.1781848541e-02 2.6308071341e-02 8.3296301908e-02 -1.6952392358e-01 6.8419737756e-02 3.2788571259e-01 3.2995767687e-02
-5.4589248962e-02 1.1606277837e-01 -2.2397619977e-02 2.0103733987e-01 9.7850601519e-02 -3.5764132955e-01 -1.8483595997e-02 2.8533288111e-01 7.8083458987e-03 -2.5804992845e-01 -5.0885928676e-02 -3.0663998843e-01 2.9465452279e-01 -5.0566776152e-02 1.3853301500e-01 -6.2263684726e-02 -5.6981945180e-02 1.1967007699e-01 -1.3983925033e-01 1.5819920248e-01 2.3345817374e-02 -1.7262121949e-01 2.8697259472e-01 -2.0100098998e-01 1.2166227684e-01 2.5069745403e-01 -6.3865647282e-02 1.2860745239e-01 -1.4209236769e-01 9.0512255254e-02 5.5962733236e-01 4.2226960329e-02
4.1890685888e-02 2.4667714227e-01 -3.1757477502e-01 1.8100424001e-01 1.5919576183e-01 -3.1118316809e-02 -1.6015920365e-01 7.3033856350e-02 1.2898783896e-01 -1.3793504728e-01 -7.6962917985e-02 -3.2983703753e-02 5.8707774272e-01 3.1604554014e-01 -3.8033551102e-01 -1.8455554324e-01 3.3859713325e-02 7.3120183316e-02 -5.1941240636e-03 1.7387864256e-01 -2.5161406062e-01 -5.2972245144e-02 2.4337450451e-02 -1.9761538703e-01 6.0118183028e-03 1.8504781344e-01 3.8436869809e-02 -1.3283775058e-01 1.4751817990e-01 4.6013603160e-01 9.8446473562e-02 -5.6363192621e-02
-4.7532836099e-02 1.6859014836e-02 1.7434504465e-01 -1.4818694918e-01 1.1698579319e-01 2.0642545671e-01 9.4167502821e-02 -1.2607322957e-01 -1.5007256452e-01 1.4313160190e-01 -8.4397290186e-03 3.3834085188e-02 -3.8740720525e-01 1.6460591744e-01 -9.3052597638e-02 -3.0362571768e-02 -1.9268798592e-01 -3.2634395928e-02 -1.6134889173e-01 1.0341898248e-01 -2.2027299358e-01 -4.1470815253e-02 2.2024094320e-01 1.7008912307e-01 6.4838661714e-02 4.2745779495e-03 7.3562553255e-02 -2.0804642690e-02 -2.1794799006e-01 1.3266774607e-01 4.0590176634e-03 -1.6285286910e-01
-1.2979752142e-02 -2.4696408681e-01 -1.3273219965e-01 1.7186974470e-01 -2.2768637885e-01 1.0121618278e-01 1.7479771767e-01 -1.2283391508e-01 -6.9238568150e-03 -1.5832376573e-01 2.8118383923e-02 -2.6061677651e-01 -4.1560508616e-01 1.0514153939e-01 -1.2074720075e-01 -1.3651627077e-01 -2.5095772648e-02 8.5952910864e-04 -2.1142354236e-01 7.7181222745e-02 5.8715566078e-02 1.9316435814e-01 3.6658980370e-01 -1.4113056857e-01 -4.5333362419e-02 5.3800755223e-02 9.7503613696e-02 2.2781095259e-01 -1.0027285623e-01 -1.7372097880e-01 -1.6283591773e-01 -3.9662448696e-01
-3.3404770664e-01 2.3547174566e-01 3.8284407081e-01 1.2722275475e-01 -1.2718519827e-01 -5.8897234539e-02 -1.1106538516e-01 2.1504775749e-02 2.7326118817e-01 -4.3379942381e-02 -1.0360157831e-01 9.8845507220e-02 -2.1254362026e-01 2.1292252272e-01 -8.8494857661e-03 1.6853935232e-01 -5.3323332439e-02 -4.8737976967e-02 -7.1427796523e-02 8.9916364744e-02 5.2904301358e-02 4.7644525475e-02 -2.8072046304e-01 2.3810501249e-01 2.5009957988e-01 7.3502452466e-02 4.8714728219e-01 -9.3496258634e-03 -5.9467615042e-02 3.3664511878e-04 -1.5523929840e-01 -3.7033210596e-01
-1.5077530774e-01 4.7409827385e-01 8.2527335430e-02 -4.8350021738e-01 7.5861990581e-03 1.1987907874e-02 -1.7454011188e-01 7.8974356894e-02 -5.6065009288e-02 3.4079026052e-01 -1.6753198467e-01 -1.0012780265e-01 3.1585836948e-01 -1.2336008728e-01 -3.1462337265e-01 2.1161887349e-02 2.9339815914e-01 3.5917689479e-02 2.5403864561e-01 -2.0480300478e-01 -2.1864414023e-01 -1.6430891328e-01 -1.3382078208e-01 -3.1136349409e-01 3.5978947782e-02 1.4017249976e-01 -1.0004157264e-01 2.4276137030e-01 -1.9018751402e-01 1.6696129616e-01 -2.3860510508e-01 -2.7618303293e-01
-1.5781495701e-01 1.1510001315e-01 2.2542793981e-01 -1.9320037464e-01 -4.1184877976e-02 7.7582810450e-02 1.4711137668e-01 -1.6067108888e-01 4.6425054604e-04 8.5605992820e-02 -3.3252911125e-01 1.5829315170e-01 -1.2355277922e-01 -3.3014204699e-01 -3.5091168463e-02 2.5612041930e-01 -1.5422413632e-01 -8.7447452524e-03 1.6593825256e-01 1.4308267988e-01 9.8592876449e-02 2.9314678935e-02 3.3043561517e-02 2.2039217799e-01 -2.9304678392e-03 -2.7648207752e-01 -1.3552983520e-01 -3.1015302989e-01 2.4791616106e-01 7.1513365774e-02 6.0988041494e-03 1.2895687651e-01
-9.6073091151e-02 -1.6357468444e-01 6.4009863330e-02 -1.3614948596e-01 2.3288727340e-02 2.0853602510e-02 2.5438802562e-01 -1.6863831341e-03 4.2708286485e-02 1.0902356855e-01 2.9917406961e-01 1.1911135052e-01 6.9135500838e-03 8.1285726821e-02 5.1355106387e-02 -3.3398585441e-01 7.9371548329e-02 2.9479521471e-02 2.2232920032e-01 -3.1432753555e-01 9.8829221534e-02 2.5290711336e-01 -9.1867827247e-02 1.8268394288e-01 -1.3157032347e-02 -2.4628338595e-01 -3.2610435646e-02 -2.6442989864e-01 1.0436822697e-01 -4.5760236062e-01 1.3710120507e-01 3.1538167210e-01
2.6644944251e-01 -1.9015205018e-01 -2.4053052203e-01 8.6877923288e-03 -5.3526287586e-02 -1.4968519049e-01 -1.8545498353e-01 6.4127890586e-02 1.2748759047e-03 7.1107032837e-02 3.5574277895e-01 -2.0333140635e-01 6.1850653100e-03 -3.3141992937e-01 1.9156051725e-01 7.7616373695e-02 2.0125173208e-01 -2.6909186619e-01 2.3129435530e-01 1.3907968284e-01 8.7492222524e-02 -2.2394494180e-01 -1.9439801564e-01 1.1852540863e-01 -3.3413414621e-01 -4.3643883691e-02 -1.9226308753e-01 -9.5133037001e-02 4.6591386614e-02 6.3959418653e-02 -7.4106148959e-02 3.2127027749e-01
-7.1521181165e-02 -3.4364833375e-01 2.0432574039e-01 1.7015775935e-02 1.8361797866e-01 -3.8833394233e-02 -2.8900727539e-01 -4.1843843003e-02 -2.8141775069e-01 2.6175901861e-02 1.8959864090e-01 2.4481674014e-01 2.9443650117e-03 -3.9402121736e-01 -4.7209653446e-02 1.5894710206e-01 -1.6056392842e-01 -1.9181515397e-01 3.1041037083e-02 -3.7655455384e-01 -2.9386361177e-01 -4.6912530894e-01 -1.8799019525e-01 1.1761622890e-01 -2.6863374780e-01 -9.7847996745e-02 4.3580327778e-02 -1.3072240205e-01 -6.4652228129e-02 8.0893493231e-02 2.3017871407e-01 5.3414600187e-02
2.2155899284e-01 1.4564276488e-02 -1.8831494133e-01 2.2919099476e-01 1.4727465921e-01 -1.7357395388e-01 -1.6686287209e-01 6.2269846992e-02 3.3564108749e-01 -4.5320970821e-01 -3.5010820001e-01 2.5846820320e-01 -4.2448460019e-01 -1.6523756649e-01 1.5673337135e-01 7.0368280402e-02 6.5456576314e-02 -2.1449065721e-01 3.3124996592e-01 -1.3894038333e-01 4.7533490257e-01 -1.8184979805e-01 -8.8400185112e-02 1.8902156508e-01 -1.5909816047e-01 6.9577700658e-02 -3.1080181633e-03 -9.6009176030e-03 5.1107943794e-02 3.3628010283e-01 -4.9625115447e-02 -2.4374679590e-02
1.7028666301e-01 -2.4255490130e-02 3.6032787767e-01 3.5253639169e-01 -3.9558326200e-01 8.5959156200e-02 -4.5586276154e-03 -3.7199610266e-01 1.3655640315e-01 2.1822332338e-01 6.1105757261e-02 5.6587303659e-02 4.2502102379e-01 1.8103734193e-01 -1.3554206040e-01 -1.3504800816e-01 7.1432187375e-02 -6.5920603430e-02 1.7535509413e-01 -6.6300599336e-02 6.6826890366e-02 -2.6601459643e-01 -1.9547576473e-01 -5.3196456576e-02 1.7082037124e-01 2.6051852984e-01 -1.2078031104e-01 2.8192278040e-01 -9.3359883018e-02 -1.4795418129e-01 1.3361540230e-01 -2.4409676071e-01
-1.2638624705e-01 1.9001383072e-01 1.9316846215e-01 4.5051696397e-02 -8.6292217576e-02 -1.9979319491e-01 -1.3242629559e-01 3.3310744027e-01 1.7528038409e-01 -2.9262445247e-02 -8.7006561285e-02 2.3048788940e-01 8.3394660493e-02 5.1984672273e-02 1.2946456421e-01 -1.9214227523e-01 2.9462576732e-01 -2.1363114774e-02 -3.6676199724e-01 -2.5547931370e-02 6.0903122065e-02 -1.5612519155e-01 -4.2995296016e-02 2.5834783503e-02 -1.0182733588e-01 2.0899786402e-01 -1.4352490725e-01 3.6227607126e-02 7.2386114774e-02 -1.7902268753e-01 -5.0137422712e-03 8.4121420617e-02
-2.4083658425e-01 -3.3656136972e-01 1.8518421068e-01 3.8618439686e-01 2.0079601678e-01 1.2116645336e-03 8.1121756255e-02 4.8376137925e-02 -3.4136425306e-01 6.7933226038e-02 1.4978261267e-01 1.9796757452e-01 -7.8912065437e-03 7.5590652604e-02 -2.0119490794e-02 1.8599553184e-01 1.2342686982e-01 2.9667548598e-02 5.6333964689e-02 -2.3194119720e-01 3.7550210285e-02 -1.4066446219e-02 -9.4141116262e-02 -7.9413427354e-02 -1.1982007242e-01 -5.6758000317e-04 2.0002542147e-01 -1.3111000653e-01 -6.1236847994e-02 -2.9725188246e-01 -2.0525464273e-01 3.1967044205e-02
-3.7562672000e-01 2.9349511187e-01 1.1377314492e-01 -1.3825818280e-01 -5.2305090492e-02 -5.4087855469e-03 -5.5484461824e-01 -1.5065284249e-01 1.6092578201e-01 2.0355965647e-02 6.2048731218e-02 3.7174898304e-01 -1.7803852902e-01 -2.2337988106e-02 2.2257656224e-01 9.6543634910e-02 -5.2130991282e-02 -6.8167869538e-02 -5.1780873853e-01 -1.8722291584e-01 -2.0408567495e-01 -5.2750306491e-02 -3.8952271796e-02 -1.6221963755e-01 1.2378975792e-01 -5.4004100739e-01 -3.7453915834e-02 -2.0269352942e-01 -1.6620981042e-01 1.4590986550e-01 -7.0103561060e-02 -1.0814850216e-01
-1.9356423745e-01 -6.8313836835e-03 1.4458678062e-01 1.2702406464e-02 5.3592782553e-02 1.3364114271e-01 1.3068412277e-01 -3.2954139555e-01 -1.7564203809e-01 -3.2831108830e-02 -1.4956036682e-02 -1.0398964197e-01 1.3842104918e-01 -3.7209868156e-01 -1.5782670314e-01 2.3308267955e-01 2.7210498428e-02 2.5431282864e-01 -2.3906611081e-02 -8.4953016287e-02 7.9325021736e-02 8.7274680936e-02 1.0777917153e-01 7.8214534121e-02 -1.8333825909e-01 3.8768916611e-02 -2.0895611126e-01 3.0525643147e-01 -1.2458805105e-01 1.4020540637e-01 1.4536915789e-02 -1.4872724554e-01
-1.9661223713e-01 -3.0106788668e-01 1.1112540890e-01 -8.8915248137e-02 1.4268377173e-03 -3.2064602464e-02 1.5616022023e-01 6.1508549711e-02 1.6613193346e-01 3.1180914539e-02 7.4040863895e-02 -9.6660667354e-02 -1.5311649136e-01 6.8143004911e-02 3.0759713376e-01 -1.7929959833e-01 -1.0735796835e-02 -1.8120261056e-01 -1.9504798628e-02 1.0031540019e-01 1.5878132378e-01 2.0463554273e-01 3.3703976875e-02 -6.6710860748e-02 -1.1943957173e-01 4.9517526911e-02 -4.3700561544e-02 -2.1845559124e-01 -3.7594341397e-03 2.4804821733e-01 -2.1432292036e-01 2.4419300595e-02
-6.2650223052e-03 1.9204920418e-01 -1.9903183606e-01 1.1731988256e-01 2.2776580485e-01 -7.6994923276e-02 -1.3507564055e-01 1.5678865188e-01 1.5158742946e-01 -1.4179850379e-01 -7.9395737765e-02 1.6338718891e-01 -9.4041242345e-02 3.7016075363e-01 -1.8293045585e-01 -2.9758001444e-01 1.9539740512e-01 6.6788560456e-02 -3.1428068769e-01 9.1478507523e-03 -1.2645844437e-02 -1.2801357297e-01 3.0073781443e-02 2.6412906373e-02 1.3880715637e-01 -2.5184715464e-01 2.5714304530e-01 2.5870705210e-01 -4.3890242371e-02 1.3616491022e-01 1.1968385802e-02 3.6728148589e-03
3.4137903699e-01 -1.1289003068e-02 -9.1032992478e-02 3.9917511774e-01 6.9840253730e-02 2.5203906158e-01 -2.7219840811e-01 2.4925464490e-01 -2.7783949726e-01 -2.3426535817e-01 -5.3240466216e-03 -1.4033281416e-01 1.9628921485e-01 -3.7918868802e-02 2.4397091075e-02 -4.5115398639e-02 -1.4491429519e-01 2.9324204580e-03 2.0885245530e-01 -3.1952697393e-01 2.5075293085e-02 2.6962620638e-01 2.1136851744e-01 7.5896667107e-02 -1.3862757539e-01 -4.6664934449e-01 -5.2234030824e-02 -1.0213587617e-01 -3.6235220537e-01 5.7518895925e-02 1.1117239925e-01 1.1252156288e-01
-2.3131528812e-01 -7.9883957564e-02 -1.0113477645e-01 -1.3637618669e-01 9.8868464331e-02 1.9370527590e-01 5.0745900658e-02 -3.7599835859e-01 -2.8012283267e-01 3.1123004652e-01 -8.5021439514e-02 -1.8601364543e-02 -1.9103936281e-01 -1.0946049682e-01 -1.1161597610e-01 1.1285712580e-01 -2.1745544171e-01 -3.4349648810e-02 6.2494842678e-02 -2.6263992636e-01 1.4399551011e-02 7.0288827597e-02 3.0366133430e-01 6.5745275985e-02 1.8542497473e-01 1.2405592515e-01 1.2134207400e-02 8.7671954718e-02 6.8890899798e-02 1.7816229795e-01 1.1934330680e-01 3.7135352298e-03
