-2.6567446788e-01 -3.0741319181e-01 3.1614455367e-01 2.2475935289e-01 -2.4989909120e-01 7.4184471799e-02 1.5809397838e-01 1.9497030107e-01 8.4487334275e-02 4.1183408982e-01 4.0987409726e-02 2.5131618224e-01 -1.8302096829e-01 -2.0629954315e-01 1.9158687495e-01 -4.0580081641e-01
1.6558207312e-01 5.9795748061e-02 1.1461715647e-01 -1.3213749777e-01 -3.6941471031e-01 -1.1221575046e-01 1.3722738532e-01 -1.3984823043e-01 -1.0950277429e-01 -6.6482720546e-01 4.4137171062e-02 2.0536012154e-01 3.0687711651e-01 2.1718622402e-01 7.0410425288e-02 2.7077811720e-01
1.5881142320e-01 1.7549912939e-01 3.8081168672e-01 -5.5435239774e-01 -4.4846891477e-02 -9.7190171279e-02 1.6130117703e-01 3.1177790018e-01 -3.8893941681e-02 3.5403092262e-01 7.3457244184e-01 4.8758432565e-01 6.9212750544e-02 4.6006643333e-01 4.5121676389e-02 2.1420743766e-01
2.4490287847e-01 -1.5717238474e-01 5.8955482748e-02 1.2803387076e-01 -1.6895547301e-01 -1.1129623007e-02 1.1632878814e-02 4.6568849431e-02 1.6197863441e-01 -8.0439560057e-02 -1.6650765389e-01 -5.2631448980e-02 2.0162573197e-01 -7.6861892368e-02 -5.5914677744e-01 -1.7587824830e-01
-4.7506411649e-01 -7.2822254306e-02 3.4260579451e-02 -8.6645227940e-02 -2.1072289791e-01 -1.7046819965e-01 -3.2839639360e-01 1.1574927291e-01 -1.2062684422e-01 -1.5607508911e-01 -1.8789945320e-01 7.0987677850e-01 1.1811331789e-02 2.2801671489e-02 4.1924307808e-01 -3.2100455517e-02
2.4381910281e-01 7.7724961865e-02 -2.2553378435e-01 3.2114544580e-01 -4.2992035763e-01 -4.3322399003e-02 1.5499305455e-01 -3.6472669613e-01 -1.4585027792e-01 -3.3678360249e-01 -2.8031216407e-01 1.8138596767e-01 -2.2737391569e-02 -5.7706415222e-01 2.8376601659e-01 -8.5383604057e-02
5.4358739404e-02 2.0870771039e-02 -6.8757261735e-02 -7.7426246505e-02 4.6560379445e-02 -5.4503675823e-01 -3.6911511203e-02 1.8775313683e-01 -7.0914977121e-02 -6.9696553755e-02 7.3446616766e-02 1.7988451655e-01 -8.2256943563e-02 1.7939037349e-01 2.7778037517e-02 3.5644634653e-01
2.8436344570e-01 -2.7759384629e-01 3.6544712425e-01 1.4436660698e-01 -7.0780056440e-02 -4.2449275821e-01 4.6851487560e-01 4.2115479508e-01 -2.5114513832e-01 5.8201436089e-04 -6.5485334203e-02 2.2156535814e-01 -2.1522825284e-02 -1.1330388965e-02 2.3111294861e-01 -3.3292213430e-02
-2.7391601731e-01 3.9158550170e-01 1.6076797110e-01 -1.5314026115e-01 -9.2269053177e-02 -2.4879281629e-01 -4.9747191931e-02 1.7029819683e-03 5.3326825614e-01 9.9667464175e-02 5.9520657019e-02 -8.2423738411e-02 -3.3486088350e-01 2.1106430217e-01 -1.1575853997e-01 -3.1229717574e-01
2.0715675616e-01 -4.6095617742e-01 1.0492485237e-01 1.0399343817e-01 1.2766706220e-02 -5.2661023494e-02 1.6168642156e-01 7.7548703755e-02 4.8836636959e-02 1.5629018764e-01 5.0918616070e-01 1.0955020728e-02 3.6129855650e-02 -1.8469146980e-02 1.1684006884e-01 2.7399370467e-01
-2.4571477977e-01 -3.3441887945e-01 3.2813713573e-01 -3.0931712599e-02 -8.5406335450e-02 8.7241394040e-02 -5.6701502800e-02 -3.1654839078e-02 2.2454200659e-01 -1.6577516752e-01 -3.1455795763e-02 1.6125992203e-01 6.4467620342e-02 9.9116633104e-02 -1.1336995636e-01 2.0118268408e-01
8.5829640303e-03 -3.9129556963e-01 1.2050259558e-01 3.7826630685e-01 -3.7321676249e-01 -7.9244971117e-01 3.9999461574e-02 -3.6700414141e-01 -2.1297093694e-01 1.0668258635e-01 -1.2790212698e-01 9.0708406933e-02 2.0958889352e-01 1.8164769321e-01 8.2306102455e-02 3.5542924755e-01
-1.2935273918e-01 -2.2279521187e-01 1.5918751800e-01 5.8055593631e-02 -5.3966245530e-01 2.1513438825e-01 2.4518106764e-01 -1.5042609628e-01 -3.0398789131e-02 -2.0544166174e-01 3.5644023089e-01 -3.5123871401e-01 8.9859542687e-02 -1.9212737879e-01 5.0036486739e-01 2.9208170497e-02
9.8277841713e-03 5.6094832213e-01 -1.9305327794e-01 -3.3642484578e-01 1.7783543445e-01 -5.0584379393e-01 1.4396152719e-01 -5.1414125899e-04 -1.2171463420e-01 4.1131226991e-02 2.7461827697e-02 9.4944501125e-02 3.3574574871e-02 -1.0589319630e-01 -7.8209389219e-02 3.1138390940e-01
9.8507582777e-03 -8.0966795362e-02 9.4612316917e-03 3.4411706037e-02 -2.8373056110e-01 1.7377591307e-01 -3.9121569517e-01 -5.6645291015e-02 8.5516059896e-02 -6.1533101933e-02 -1.8106749018e-01 -1.0490325464e-02 -1.3249234629e-02 2.0704556483e-01 -4.4825838701e-01 -4.2695359870e-01
-1.6669090792e-01 -2.9670886097e-01 -1.7963736711e-01 -2.1210649975e-01 -2.9527575145e-02 -2.2430936714e-02 -1.8344298847e-01 5.3388936995e-01 -1.8490987032e-03 3.0543217564e-01 3.9014712762e-02 -1.7574848040e-01 -2.7408632117e-01 -1.3614226642e-01 3.2778297144e-01 2.8019077144e-02
