9.1045493969e-01
-6.7664956939e-01
1.3998345684e+00
1.8304967276e+00
4.7315347982e-01
6.4679025765e-01
1.1651182368e+00
2.2423239923e-01
-4.8964325420e-01
-8.0219740359e-02
3.9785672675e-01
7.9352499960e-01
2.2861738312e-01
-4.4175962221e-01
-7.4113376832e-02
1.4488582258e+00
-1.4589657400e+00
-3.3620776517e-01
-1.1157690217e-01
1.0426285874e+00
7.0293902487e-01
-2.4526025354e-01
9.3232526165e-01
-9.1847747832e-01
8.7684031595e-01
-1.4722242458e-01
-4.8839160793e-01
-1.0775477635e-01
9.0676628977e-01
-6.9701465801e-01
9.0358259959e-01
2.1664948528e+00
