1.1017409160e+00
9.0251741394e-01
1.0799954638e+00
3.0504211441e-01
7.0530845869e-01
-6.0877123382e-01
1.1063682540e-01
-4.3317110751e-01
2.0146131013e+00
3.1141618379e-01
5.2251581341e-01
-1.1830823953e+00
-1.4701061751e+00
1.3400419214e+00
2.0836933647e+00
-6.7607894823e-01
9.3789043972e-01
1.2858288104e+00
1.9932919497e+00
1.0490640403e+00
1.0372319435e-01
1.1675255311e+00
8.8088720860e-01
-1.1384899757e+00
4.0376550524e-01
2.9586828752e-01
6.1351800646e-02
-1.1414174851e+00
9.7093014902e-01
-6.1037429802e-01
3.8929790551e-01
-2.9371761200e-01
