-4.8923920948e-01
-1.8337541382e+00
1.3240340842e+00
-1.3730543553e+00
1.5903719012e-01
-4.3918465316e-01
-1.1720417532e-01
6.3799377803e-01
7.2186839242e-01
8.4813676018e-01
-1.5880028917e+00
-8.2188504929e-02
-3.7537929069e-01
-3.5957898170e-01
-4.6608097782e-01
3.1058519747e-01
-1.9226942447e-01
4.7994758251e-01
1.3802243717e+00
3.3501285242e-02
2.8893414348e-01
1.8880976230e+00
6.3874978460e-01
-6.9232121407e-01
1.5712604309e+00
3.2970579636e-01
2.9051167638e-01
-2.1260864511e+00
-5.2278797288e-02
1.5991986958e+00
2.2857498501e+00
-2.7122015159e-01
