-7.0827166442e-01
8.3359269022e-01
1.1324588616e+00
-1.4365150569e-01
3.0269265592e-01
-1.1134644166e+00
6.1243945372e-01
-7.9350358428e-01
1.0950959696e+00
2.5109483111e+00
1.0293049915e+00
-1.3110520118e+00
-1.4260509347e+00
-7.4103975013e-02
-7.2848962111e-02
-5.2947562607e-01
-5.8650912921e-01
1.0310779681e-01
7.7401309006e-01
-8.3424833401e-01
-4.7851954113e-01
4.6519263085e-01
5.4076568167e-01
5.2858922084e-01
6.5255698863e-01
-1.1828461733e-01
1.1643203527e+00
1.0513651345e+00
5.6521960303e-01
-1.8054641280e+00
2.8789380164e-01
-2.7153182557e-01
