6.9787702275e-01
9.3607219413e-01
6.1776751767e-01
-1.4475234444e+00
-1.5754672106e+00
-8.7067080187e-01
-1.8303858697e+00
3.0449788155e-01
3.4075805995e-01
-2.2972640765e+00
-1.3781797793e-02
1.6429011974e+00
-5.8718205723e-01
-2.6479211621e+00
2.6684835894e-01
-2.3167033499e+00
-3.5926327695e-01
1.7927901105e+00
-2.4349512258e+00
-1.0623928634e+00
-1.4096560398e+00
1.3441843488e-01
-7.8843600950e-01
1.0861628090e+00
1.7270056043e+00
-5.1396914329e-01
-5.2605365743e-01
4.6258567788e-01
1.6844133098e-01
-1.9675265122e-01
-7.7836908292e-01
7.3492344136e-01
