1.8500566972e-01 -2.6365858421e-01 -4.5572085981e-02 4.3361840355e-02 1.1535329888e-01 -8.8469887717e-02 -1.6616088301e-01 -2.7351416771e-01 -1.6854592780e-01 -2.0483661268e-01 2.7709582963e-01 1.0088144522e-01 2.4354196688e-02 -1.9081577451e-01 4.0347527811e-02 8.1117833254e-02 -3.5352288841e-01 -1.5510111310e-01 -3.1676113135e-01 -4.0662761980e-02 -6.3865507545e-03 -1.3435383640e-02 -9.8282679648e-02 -4.5549898906e-02 -1.2074834899e-02 -8.4520760525e-02 1.1333027087e-01 2.1454690252e-01 8.3363184532e-02 8.2258723603e-02 2.3539217825e-02 -1.2682088025e-01
-7.5592353413e-02 2.1207995301e-01 -1.9241440363e-01 1.8929279949e-01 1.1652010776e-01 -4.3434859621e-01 -1.5069470611e-01 -1.8197617497e-01 -2.7872360213e-01 -2.1663405372e-01 -2.9884990109e-01 -2.7280205589e-01 1.7609935279e-01 -8.5847974947e-02 3.9000866327e-02 -2.6550693220e-01 3.7230682287e-01 -1.4288029318e-01 1.2268151415e-01 1.2044202709e-01 -3.5593853209e-02 -8.8208067842e-02 -1.7100579300e-01 -1.0392773014e-01 -3.0675407465e-01 -3.5396863063e-01 3.1302372500e-01 -7.5699833732e-02 1.1398467970e-01 -1.9390877890e-01 1.8639386629e-01 3.2922204242e-02
5.9584611934e-02 3.7128679733e-03 -3.5091892086e-01 3.9270964457e-01 1.9357419172e-01 2.8267864603e-01 -6.9111645984e-02 -8.3087146921e-03 -9.2221400779e-02 2.2845762771e-01 -2.8487747537e-01 1.9213807604e-01 -2.6921497386e-01 -1.3489415020e-01 1.8538797723e-01 -1.0504935765e-02 2.5337314812e-01 -1.3493333579e-01 1.2450438795e-01 3.7657085726e-01 2.2791202699e-02 -1.3104693757e-01 9.5375837504e-02 -9.6341853186e-02 1.5110355831e-01 -3.1409476589e-01 -1.2603608977e-01 2.9735618838e-01 2.0614767189e-01 1.0386102668e-01 -2.6282719130e-01 2.7886064969e-01
-2.5754681594e-01 1.0749772326e-01 2.2021509654e-01 -1.7218016944e-02 1.4057776534e-01 -7.0472085526e-02 -8.8916779914e-02 -3.2986605139e-01 3.6474675723e-02 6.3856647200e-02 -9.6976909290e-03 -7.5460044402e-02 1.5390636894e-01 1.4012874040e-01 4.5898870095e-03 -1.3748018124e-01 -1.7885262658e-01 -2.0745774462e-01 -1.1400774694e-01 -1.0385314721e-01 2.4497473344e-02 -8.6062921460e-02 -3.3333415848e-01 3.0035577930e-01 4.4833882332e-01 1.3464675252e-01 2.9187211349e-01 1.1438896180e-01 3.0648849675e-01 2.3991500847e-03 -5.7767122943e-02 2.3895699682e-01
-1.2581624002e-01 1.3865427530e-01 -6.6250505395e-02 8.8461899629e-02 -2.2702330150e-01 9.1467989849e-02 2.1904634948e-01 1.9976030413e-01 -8.2793613538e-04 -2.2161625460e-01 -1.6939209947e-01 9.3280701971e-02 8.0213399348e-02 -4.0540738333e-02 -4.0115470313e-01 1.1155917702e-01 1.1742952330e-01 2.7276914999e-02 1.5687484234e-01 7.1099607524e-02 -1.3163353339e-02 -3.2017923081e-01 -2.2606453975e-01 6.4560287628e-01 -5.7124508026e-01 -1.0399744115e-02 3.0819713772e-02 3.1133910968e-01 1.1518586457e-01 -7.6456403849e-02 2.3166858548e-01 -1.5547276033e-01
-4.4173041244e-02 -4.1886558525e-02 -3.8916790611e-01 -1.5484401842e-01 -6.5787395945e-02 -3.6765417820e-02 1.3617877924e-01 3.5141539039e-01 8.1509414445e-02 -3.0734367077e-02 1.8730996190e-01 7.0420394154e-03 -1.3715254572e-01 -1.4450398529e-01 -2.0546125557e-01 -2.1724354960e-01 7.3193069202e-03 4.2521815528e-02 -1.6531289336e-01 1.1173305638e-01 2.6372292277e-03 -1.2412511010e-01 -1.0279647385e-02 -1.7494626449e-01 -1.4566253200e-01 -5.7058960576e-02 8.1872491305e-03 -9.3116522466e-02 -1.3245065510e-01 -6.7886548791e-02 -1.5276623233e-01 5.5030751917e-02
-2.6930027325e-01 2.8243225417e-02 2.6754241647e-02 1.1834364381e-01 1.4899652400e-01 -1.1178560099e-01 -4.2753118258e-02 5.9081296416e-02 -5.3027809214e-02 -1.2730193963e-01 3.1153596358e-02 1.8087012770e-01 8.3025516928e-02 -4.4424437773e-02 2.2564812912e-01 -2.6872441498e-01 -2.2067389549e-01 -2.8025834329e-02 3.0125945190e-01 2.3698841056e-01 6.0619935014e-02 -1.0630981431e-02 8.5090352782e-02 -7.4277709845e-02 1.3847880689e-01 -9.0172830832e-02 -1.8850444982e-01 -2.4861229490e-01 7.0292371433e-03 1.2592712175e-01 -2.2656158406e-02 1.4882557293e-01
1.7551323036e-01 1.5952466855e-01 -2.1199825186e-01 3.2865053906e-02 2.0036537896e-01 -1.2881237068e-01 -1.4996844321e-01 1.0388950591e-01 4.6511041904e-02 -1.2686054353e-01 -7.8432310993e-02 -3.1153948843e-01 1.7380325287e-01 -1.7839025818e-01 3.1598494485e-02 -1.1404799717e-01 -1.7207954773e-01 -1.1347939437e-01 7.8975194253e-02 -2.3485004237e-01 2.2011821182e-01 -1.0925380530e-01 2.2298396920e-01 -2.7812551345e-02 -3.4023284034e-02 -7.1349296572e-03 1.3993364859e-01 5.3506582292e-02 3.0532120187e-01 1.8191236597e-01 4.3053954554e-01 6.2277199551e-02
-2.9019690650e-01 -3.0866757797e-02 1.5567484607e-01 -1.5723900969e-02 -1.8013173445e-01 -1.9138269123e-01 -3.3976316978e-01 1.4819110488e-02 1.2228746146e-02 3.5833003106e-03 2.5335452930e-01 -4.8373002841e-01 -6.5245911562e-02 -3.4465452527e-02 2.2178160552e-01 -6.8318472591e-02 -2.0296296008e-01 -1.7487514565e-01 -1.3786211892e-01 -2.5008154975e-01 5.5519833132e-02 5.2080645249e-02 3.5273314530e-01 1.9107049129e-01 -3.9765036928e-01 4.3379175874e-02 -2.1556044868e-02 4.5477113684e-02 4.0638791408e-02 1.1325950601e-01 5.5656300087e-02 -6.1725871575e-02
-1.4519570939e-01 9.0298666699e-02 -4.6535393321e-02 1.8832341865e-01 -3.4412281157e-01 1.8253519874e-01 -1.1174274725e-01 -2.5290465446e-02 2.1780817896e-02 3.9243713596e-01 1.0429998716e-01 1.2702429995e-01 9.3544712548e-02 9.5743944080e-03 1.4453689948e-01 1.9116519613e-01 1.1487869683e-01 1.2627090735e-01 8.5401901668e-02 4.9504958913e-02 -3.1626672361e-01 -2.8749926060e-01 -1.1078797092e-01 1.3163775907e-01 -8.2828629639e-02 1.6083566477e-01 1.7982428366e-01 -3.9726235678e-01 2.1862288685e-01 -1.0475399587e-01 1.0782745079e-01 1.4475133468e-01
-2.6165776923e-01 2.5387270456e-01 -3.7553706719e-02 2.3452457022e-01 -2.1804302158e-01 -1.5738380410e-01 6.9179572152e-02 8.7044554888e-02 4.9718683584e-02 -3.0734037043e-01 2.0042553239e-01 -6.9033096307e-02 -2.3023606940e-01 -1.0492985442e-01 2.5636633926e-01 1.6324484128e-01 -3.3422811872e-01 -6.1191448728e-02 -1.2929736589e-01 -9.5736335876e-02 -1.6771719125e-01 1.0448614485e-02 1.8462682653e-01 -1.5795144718e-01 -1.4306951018e-01 6.4222431008e-02 1.0682874332e-01 6.1542566493e-02 1.0002397421e-01 -1.9993372461e-02 -5.8310714038e-02 -2.4804911751e-01
-2.1378306728e-01 -1.5705310966e-01 -3.8707915952e-02 -1.9740472511e-01 4.4400594981e-01 -2.2204022642e-01 2.2572855076e-01 2.4633290237e-02 -1.0608828624e-01 2.0753628801e-02 1.4165924510e-01 3.0164706750e-02 2.7848563893e-02 -1.1017562179e-01 1.9546315272e-01 -1.8647035066e-01 5.2293875001e-02 5.2395980491e-02 -1.7198856444e-01 -3.0920336788e-01 -3.6649129436e-02 6.1282109264e-02 4.5575443077e-02 1.1506323837e-01 1.4076182097e-01 1.6500360413e-01 -1.4964206519e-01 3.5135854023e-02 2.3493994538e-02 1.2974185994e-01 7.2990138427e-03 -5.7386877689e-02
-1.1156886325e-01 2.6828471655e-02 1.6384889693e-01 8.1795966645e-02 5.5099166131e-02 -1.1057263301e-01 1.1779435463e-01 4.6357587485e-02 1.3106131040e-01 -2.6293016516e-01 2.3351178835e-01 5.4726425304e-02 -2.7633421388e-01 5.9571220907e-02 7.5001681700e-02 -2.8822862035e-01 -1.9126678751e-01 -7.2787970866e-02 -5.9523721035e-02 -5.6123692856e-02 -2.0317429591e-01 1.8416272039e-01 -2.0858854464e-02 2.5555076456e-01 -1.3650753553e-01 3.5035888526e-02 -4.1004090462e-02 -1.5902113933e-01 -2.3283817769e-01 2.1102363340e-01 -1.0697463244e-01 -2.6693556111e-01
-1.1982170796e-01 1.4822897789e-01 -3.9235458868e-01 3.1604169762e-02 -1.9143047521e-01 9.8685235800e-02 -1.3320779725e-01 -1.7168193243e-02 8.8065199232e-02 -8.2285707457e-02 1.1273340629e-01 1.7531067686e-01 -2.5680435502e-01 1.6208881343e-01 -2.0787547264e-02 7.3762231958e-02 8.0108984621e-02 1.2558697040e-01 1.3022274231e-01 1.5108876549e-02 7.9703748999e-02 -5.8617677069e-02 3.3066912570e-01 3.5789723596e-01 -4.5711746246e-02 -2.2744121242e-01 -2.0134516590e-01 2.1810968855e-01 1.6994987774e-02 -6.4679333409e-03 1.2323497794e-01 -4.6408041235e-02
2.2147240942e-01 2.1320819714e-01 -1.1450428497e-01 -2.6072374807e-01 7.0335169569e-02 3.0336903230e-03 -7.3278236801e-02 1.3922985940e-01 -3.5288583301e-01 -2.4356502091e-01 3.2357383058e-01 -1.8602372073e-02 -1.5671782671e-01 -1.4052640721e-01 -1.4448401566e-01 1.5674783631e-01 -2.3344180320e-01 -1.1325535841e-01 9.5262904774e-02 -1.8694719382e-01 -1.0230295696e-01 1.0136123680e-02 -1.5647330030e-01 -2.4793712664e-01 -2.9311497903e-01 2.4574669956e-01 1.6959958168e-01 7.5868454806e-02 1.3701248722e-01 1.1748761684e-01 1.8076667081e-01 -7.9228117528e-02
-1.2918611079e-01 -1.2165727297e-01 -4.5342224704e-01 5.3281100333e-02 -1.0149446516e-01 8.2084062086e-02 3.9322268370e-02 -6.4504238872e-02 2.3649817625e-01 1.6132356865e-01 -1.5906440807e-01 1.8473208005e-02 -3.4872501032e-01 2.7614865272e-01 6.2317113767e-02 1.5562602348e-01 -4.8702503997e-02 1.6173007575e-02 4.5237866064e-04 -1.3976447238e-01 3.0478122072e-01 -7.2329807178e-02 1.0278441221e-01 2.2580307839e-01 -1.7250407922e-01 -2.0223809031e-01 3.2879876352e-01 -6.8936891243e-02 -1.7051991475e-01 -1.5373504605e-01 7.9739790934e-02 -1.6485079106e-01
1.3011473227e-01 1.9679102844e-01 1.8831683524e-01 -6.5088093237e-02 -2.4869014326e-01 8.1326718049e-02 8.4620221767e-02 1.3487324436e-01 -1.4943001164e-01 -3.4623484636e-01 -1.5225397728e-01 -1.0721629739e-01 1.9082340166e-01 -7.5673624118e-02 -2.8428706806e-01 -4.5504660740e-01 -3.8560967132e-02 -1.6274252353e-01 -1.3639387968e-01 -1.4789471600e-01 -2.9853571833e-01 -1.0458068051e-01 1.6025987867e-01 1.4506226074e-01 -8.9778168547e-02 -9.0745213066e-02 1.9700136013e-01 -6.4603859020e-02 -2.1763397950e-01 -1.3454327074e-03 2.2076673574e-01 3.4900072738e-01
1.1761454857e-01 -3.8858495794e-01 -1.2513713262e-01 6.8434745833e-02 -2.2045977363e-01 -3.1773750556e-01 -5.2337013571e-02 -8.5401956182e-02 7.3743631895e-02 -1.3364177260e-02 1.3447156946e-01 -6.8129523959e-02 -9.8930178565e-03 2.0534144321e-01 -1.3681353008e-01 2.9622681097e-02 3.8276446651e-02 -6.3342753541e-02 1.8980507722e-01 -2.4752789365e-01 3.8702956791e-03 -8.3724215182e-02 -3.9470325217e-02 -4.5112423728e-02 -6.5474724902e-02 1.3292278515e-01 -3.2050813078e-02 3.0247460927e-02 1.3790009268e-04 -8.2171379259e-02 8.9964374301e-02 -1.7153913636e-01
4.0133420252e-03 -1.5463244941e-01 2.3993492799e-01 -2.2944437040e-01 2.7334468956e-01 1.1092271029e-01 2.7617244455e-02 -2.7629768331e-02 1.5837682884e-01 5.9535401008e-02 1.4598054376e-01 -2.0306155814e-01 -1.4944866953e-01 1.9827927478e-01 -1.0140488807e-01 -2.9381386689e-01 -5.3124235933e-02 -1.6532767834e-02 -9.9473758306e-02 -3.8474742737e-02 3.1066027004e-02 -3.1609143609e-02 4.5393574676e-02 -2.1975853261e-01 1.0691807327e-01 -2.5657802118e-01 4.3955738604e-01 1.6146850583e-01 -6.3007930167e-02 1.4409309752e-01 -1.8867091046e-02 -3.6944508398e-02
2.2223108867e-01 3.4333415277e-02 2.3810033403e-01 -1.9069599879e-01 -1.4073998841e-01 1.8891730444e-01 -9.0849644160e-02 1.3935694221e-01 1.8117571659e-02 -1.9318232553e-02 -1.7548144313e-01 1.7490222211e-01 -4.1728847455e-02 -9.3941169651e-02 1.6388621201e-01 -1.7111348900e-01 7.3432234995e-02 -9.6804077985e-02 -1.0606783163e-01 -1.4285270992e-01 1.1127868523e-01 1.3792638650e-01 -1.0427733357e-01 4.7532346586e-02 -7.9859681297e-02 -4.5755841812e-02 -2.0230251530e-01 -1.5773012760e-01 8.0164572224e-02 2.4892623153e-02 -1.5150763579e-01 4.3207396438e-02
-7.1261204977e-02 -1.1214254844e-02 1.6203674491e-01 3.7396656409e-02 -6.0665418055e-02 -1.2168939503e-01 1.8087395424e-01 -6.2412580826e-02 2.9194147925e-04 -1.1690249646e-01 -3.9956981362e-02 -1.5204957319e-01 1.5605892479e-01 -1.5668605972e-01 3.9061478908e-02 1.0575312106e-01 1.6347316453e-01 -1.4787415855e-01 -6.6604728465e-02 1.3807180602e-02 1.5438669073e-01 -3.1583762113e-01 -2.7234699618e-01 -1.5863894769e-01 1.6969684034e-01 9.9140789894e-02 6.4582698408e-02 -8.3299892902e-02 -1.6486803482e-01 -8.8356936463e-02 1.0790870573e-01 -5.3341700497e-02
-3.9778618402e-02 -1.2593434248e-01 9.0037788532e-02 -6.8808664453e-02 2.8912800085e-02 -3.4195126748e-01 -2.1742286098e-02 8.5627604270e-02 2.2561586170e-01 1.6548086319e-01 -9.4405888448e-02 2.5424353795e-01 -9.6484928448e-02 7.0187134930e-03 1.9367766273e-01 2.8837209558e-01 -2.1433441826e-01 -1.4927351343e-01 -9.8442953810e-02 4.2533559439e-03 2.6510004153e-01 -3.9446182130e-02 -3.9854160704e-01 1.8985638766e-01 -1.8948548601e-01 2.2527299609e-01 -1.6294921783e-01 -9.8945451043e-02 -1.1176293657e-01 -1.8058345077e-01 -2.6744894410e-01 -2.4266914411e-02
4.9951005018e-02 9.2617175956e-02 4.4124114393e-02 -2.1289488895e-01 -1.3262778715e-01 8.7779492972e-03 5.4885170048e-02 3.3924329803e-01 -1.0961878961e-01 2.3540362353e-01 2.5809637306e-02 -2.7655201369e-01 -1.1766826191e-02 -2.5894434493e-01 -2.3521927840e-01 -1.5183364410e-01 -1.9271181297e-01 -1.8668597589e-01 -1.3921688775e-01 1.6517237588e-01 -1.1458010734e-01 5.6278402127e-02 -1.0149366910e-02 5.3847482722e-02 9.3171941444e-03 -7.7459384391e-03 -2.0342618975e-01 -1.0935892735e-02 -5.4234021227e-02 6.8890087009e-02 2.0632635015e-01 2.2488971608e-01
6.5920421570e-02 -4.8042274026e-01 1.3011219037e-03 1.6101821846e-02 1.0215164716e-01 -1.7857494928e-01 6.3184855080e-02 2.5278360822e-01 3.0238269161e-02 6.3738624984e-02 -1.0290394989e-01 -9.8392511161e-02 -3.2724626276e-01 -4.6313040193e-02 1.2718871735e-01 -1.5167001171e-01 3.0643536169e-03 3.1384568410e-01 3.8219195467e-01 -5.7595565630e-02 1.1756159447e-02 5.0979966843e-01 -6.2659567150e-02 -2.5045671758e-02 9.8213201346e-02 6.1384324753e-02 -1.6310922727e-01 1.4580212569e-01 8.5282364846e-02 1.6318368778e-01 1.6111133970e-01 -1.5942476184e-01
-2.0345206153e-01 -2.6458571702e-01 1.8093802890e-01 1.1397166898e-01 -3.1544362370e-01 9.5375622688e-02 -3.1824706478e-01 2.0383056307e-01 -1.2065452670e-01 1.9182086357e-01 2.5611435980e-01 2.6408132464e-01 -1.4757356612e-02 3.1675344446e-01 -9.5781775797e-02 2.2376520916e-01 -4.2002307111e-02 3.3265523725e-03 7.6686834837e-02 1.9546661162e-01 1.1557031094e-01 -3.0104444676e-02 -2.2978715715e-01 2.0894527440e-01 2.4723665791e-02 -2.2326177321e-01 4.6928763683e-02 1.9150819777e-01 2.2087628918e-01 1.7137423098e-01 -3.1986815003e-01 -3.8446218634e-02
4.9632045558e-02 6.2376294934e-02 2.9552513721e-01 2.7453333527e-02 -1.8925101169e-02 2.8940567439e-01 -6.6677563084e-02 2.8125773770e-01 -1.1358202603e-01 3.7439210072e-02 1.4943179626e-01 2.2133882158e-01 -7.5430349180e-02 1.0202697957e-02 -4.3830621868e-01 1.6484003178e-01 2.5023189262e-01 2.8563254843e-01 2.7485995874e-01 1.4267162965e-01 2.0532492363e-01 -2.0955813207e-01 1.0512437304e-01 -8.1875156045e-02 -1.5008179927e-01 -5.2688245670e-01 1.7432493327e-01 -6.8367034804e-02 6.4212952639e-02 3.7600812866e-02 9.8350678419e-02 1.1526576045e-01
1.8426535429e-01 1.0231647701e-02 6.0690991914e-03 -5.8802082165e-02 -2.0286842196e-01 5.3209555219e-02 -6.7597641353e-03 -4.8549720804e-02 4.2892321139e-01 1.8533555829e-01 -2.3695588053e-02 3.1807176175e-02 -2.5580748762e-01 9.6652364851e-02 -2.1143443020e-01 8.7288377425e-02 -5.6383139766e-02 3.5717798508e-02 3.2249669143e-01 1.9048661557e-01 -1.0652880031e-01 -3.2096976080e-01 -4.7366244094e-03 -1.7314517213e-01 3.4259443334e-01 1.8378233976e-01 -5.1929799765e-01 -2.0464229540e-01 -2.2304899638e-01 1.3298315239e-01 7.9091200870e-02 2.4043663154e-01
1.4547440786e-02 -3.1315590835e-02 -4.5614500566e-02 2.3484572614e-02 -1.0954831568e-01 -1.9184614270e-01 -2.3743469481e-02 -8.6435189269e-02 3.0059627423e-01 -5.2475054719e-02 2.7974991045e-01 -1.5168844417e-01 8.4069780342e-02 -8.0041552666e-02 1.1793054382e-01 2.0521026146e-01 -9.4567400271e-02 -9.3710008039e-02 1.8320861087e-01 -4.3106853187e-01 -1.5375602919e-01 -1.9350606712e-01 2.7148066600e-02 -3.4007686957e-01 3.0624936654e-01 6.8722700130e-03 4.6662481719e-03 4.0604209035e-01 -2.6694449571e-01 1.8323168111e-01 -4.9005213598e-02 1.0650433988e-01
-1.9438480089e-02 -2.8195564533e-01 1.4114699009e-01 1.1242398836e-01 -2.4260416117e-01 6.9653977712e-02 1.1913608111e-01 -5.4182284889e-02 -1.9633622028e-01 3.7674599030e-01 4.9709444470e-02 3.2203358035e-02 2.4740286654e-02 4.4293001753e-01 2.2932921768e-01 3.9629691802e-01 2.7128263202e-03 -2.9093072360e-01 1.8214083930e-01 1.5095068069e-01 -2.0098096692e-01 3.2779228181e-02 3.7569138875e-01 -3.0140198028e-02 -1.7883745127e-01 -6.1194941824e-02 4.8039086190e-01 -1.7725921046e-01 1.2973066637e-01 2.1159539982e-01 3.5051913618e-01 -3.0681422802e-01
-6.6082909078e-02 1.6327554159e-01 -1.0843026738e-01 9.8636593867e-02 6.1890310830e-02 1.1318774960e-01 3.2497821497e-01 -3.0282466076e-02 1.8141284043e-01 -2.0916168657e-01 3.3763142968e-01 8.0552049620e-02 -1.9398248596e-01 7.6988921447e-02 1.1748246845e-01 1.7082452311e-01 -4.6804540644e-02 5.7079043166e-02 2.3388314908e-01 5.0403471922e-02 3.0433609655e-02 -7.5827413012e-02 -4.9463486439e-02 1.0394027889e-01 -3.4405865376e-01 3.9336191077e-01 2.0633674558e-01 -2.9676952492e-01 -1.0026081776e-01 -2.3938924988e-01 -1.2811835961e-01 1.2719641956e-01
-1.3903608297e-01 2.7756116966e-01 1.9987650761e-01 3.2162011380e-01 6.8942493478e-02 -1.3575410867e-01 -1.5753707493e-01 2.7501032728e-01 3.0491131858e-01 -6.9052179606e-02 -3.9994353293e-02 1.8938054057e-01 2.3346236506e-02 7.1983305371e-04 -1.8819040917e-03 -1.2275961121e-01 -4.6249520784e-02 -2.6717252632e-01 2.8153917872e-02 -2.0401289949e-01 3.4447622671e-01 -6.4743951947e-03 -3.0119562378e-01 4.5450008198e-04 -1.9572815177e-01 1.6741743781e-01 2.5359304887e-02 3.9294981426e-02 -1.9403260716e-01 1.6658162616e-02 -3.3699186289e-01 3.1028599764e-01
1.3691158795e-01 -6.8257805666e-02 -2.6780203562e-01 9.3229642295e-02 1.0960123411e-01 2.1282547581e-01 2.5911522396e-01 2.9053319410e-01 -2.5780760328e-01 4.3647751278e-02 1.4967666940e-01 -8.4191385917e-02 -1.2576958310e-01 -2.7984797444e-01 -4.5640132220e-02 1.5198899424e-01 3.8092779051e-03 1.5532916300e-02 -9.1738701237e-02 2.3979867328e-01 -9.4995464538e-02 -3.1361789075e-02 3.9970943077e-01 -2.0229024996e-01 2.7527547175e-01 -3.4253716854e-02 -1.9048058602e-01 2.2106995002e-01 -1.5968197554e-01 -1.8493758769e-01 -9.9784732690e-02 1.1069272988e-01
