3.8951748320e-01
2.1073795693e+00
1.3159396524e+00
-1.0739451535e+00
-1.6374353170e+00
-6.3409248517e-01
-1.6099786857e+00
5.4434921956e-01
-1.6021575636e-01
-8.4636739389e-01
8.4258896626e-01
-2.2945014877e-01
-1.2374463232e+00
-1.2397743087e+00
1.1903815400e+00
-4.9190524745e-01
3.7603291486e-01
-2.2742823831e+00
-2.0207579971e-01
1.6213003648e+00
-1.8107499371e-02
7.1757781806e-01
-2.1115847356e+00
-3.6415036872e-01
1.4864924032e+00
1.0199095856e-01
-1.3171003823e+00
3.6234593492e-01
-1.2433546450e+00
3.3703210256e-01
-1.4915193004e+00
6.9551628950e-01
