1.0882884754e-01 5.4280739839e-02 -3.0742896440e-01 3.3521726307e-01 3.4969979652e-01 2.1405223533e-01 3.5983810494e-02 -2.9387780371e-01 -1.9641451066e-01 3.3284179496e-01 -7.3715179326e-02 -1.1430096458e-01 -2.1703422897e-01 1.3658848354e-01 -2.4985839123e-01 -3.2044371305e-01
-1.2602273683e-01 1.4447867465e-01 7.5583935692e-03 -2.7387063449e-02 -1.4130639313e-02 1.2341899757e-01 -1.4027936349e-01 5.8283734509e-01 -4.4677862727e-01 6.7501527465e-02 7.4373171750e-01 -2.9000000291e-02 3.0237810568e-01 9.0640861622e-02 -2.6692117643e-02 3.0677958054e-02
-4.0440828455e-02 -1.4354103902e-01 3.9440774525e-02 -3.3147382053e-02 -1.0885472359e-01 -4.2819562567e-02 -9.0049983701e-02 -1.5537109449e-01 -2.0667116899e-01 -2.0373703436e-01 2.0486713296e-01 8.0624901283e-02 -4.0015542320e-02 -9.2221961327e-02 6.5121846331e-01 -3.4457720798e-02
-4.2705437279e-02 1.0525615205e-01 -3.2369705463e-01 1.1318845031e-03 -6.7169538837e-02 -3.6192859939e-01 -6.3149583821e-02 -5.2340372160e-01 4.0917465449e-01 2.1587940280e-01 1.1564344097e-01 5.4814978324e-02 -1.9613011186e-01 -2.5834909401e-01 -4.7960273956e-01 5.1105039437e-01
6.7495042535e-02 8.0541704105e-02 2.8993264060e-01 2.1680622112e-01 7.5928602970e-01 8.6160836223e-02 6.6768455199e-02 3.6550542264e-01 -1.2500810129e-01 -2.2023273814e-02 -2.1429554675e-01 -1.6854647883e-01 5.8097266178e-01 -4.5421495849e-01 7.1781556761e-02 2.4977645420e-02
5.0476222721e-02 7.8429515349e-03 -7.2492070901e-02 7.3230786333e-02 5.4325506120e-02 7.4285068195e-02 -5.5633310582e-03 2.0358376120e-01 6.7478759557e-02 -2.1372994868e-02 -2.2867776485e-01 1.0739836589e-01 -1.6216902602e-01 -8.0383021007e-02 4.6484955284e-02 1.9186921229e-01
5.0154622902e-02 6.0136200885e-01 -2.1211430662e-02 1.1885929523e-01 -3.6939252892e-01 -3.5864273211e-01 9.1151304330e-02 1.9097495603e-01 -4.4355060163e-01 -3.3723606276e-01 -3.7669024585e-01 2.2855739258e-01 7.3641954770e-02 -1.0128637486e-01 -3.0386337154e-01 -3.0778368791e-01
-4.5829475672e-01 -1.9399856145e-02 -6.1895123461e-02 4.5912881457e-01 -4.1490583101e-01 5.8694009511e-01 5.7622041227e-01 -1.9565162887e-01 -1.1513928592e-01 2.3749023463e-01 1.9065447534e-01 2.1643100998e-02 -1.4529476397e-01 -3.6851558801e-01 -3.8157133925e-01 -1.5013864733e-01
4.9801540105e-01 4.2827360200e-02 2.0082610887e-01 1.4047055021e-01 3.2293488484e-02 -4.6077970171e-02 -1.8904453576e-01 4.5027393067e-01 4.6654863274e-01 2.5799380955e-01 -2.9286500958e-01 3.5023479240e-01 5.5774469720e-02 3.6266846606e-01 -1.1212594752e-02 3.5920851671e-02
3.8874881846e-06 -2.3390116550e-02 5.3902484602e-02 2.4326438841e-01 -1.3195724280e-01 -1.3236503180e-01 2.1576445707e-01 -1.6296223677e-01 6.7646699474e-01 1.0264951550e-01 -1.0801695566e-01 -3.3346072808e-01 -1.8184876446e-01 1.6687523423e-01 3.0686116858e-01 -2.0730758956e-02
2.8256241860e-01 -2.2749820687e-01 -1.1394481324e-01 -7.4827110417e-02 -1.5324627365e-01 5.4717737170e-01 1.3881222560e-01 -1.8961972887e-01 -6.2993023862e-02 -1.1326381504e-01 -2.8803450739e-01 4.0417288330e-01 -6.0241581905e-02 -2.8742943383e-03 -3.1142508214e-03 2.4431495428e-01
-2.4711342006e-01 1.4112349694e-01 2.0558157332e-01 -2.5234555161e-01 1.4168000226e-01 -1.7933693521e-02 -3.5407034029e-01 -3.0178961531e-02 -4.3781861767e-01 -2.4695720230e-01 2.5613702568e-01 -3.0562807202e-01 1.2023407070e-01 2.7065655991e-01 2.4332625213e-01 4.3470376471e-01
-6.6983309103e-01 4.5973114129e-01 -1.7744127167e-01 4.9614372620e-02 9.6815619562e-02 -1.2017245071e-01 5.5889286283e-01 4.6050358913e-01 3.4137563800e-01 -9.5878133076e-02 5.5306593896e-01 -9.3136277471e-02 6.0836862330e-01 1.2154869266e-01 -6.3270105813e-02 -1.5601189329e-01
-3.3662083574e-01 3.2935075820e-01 -2.8165135131e-01 2.1225763933e-01 4.4899435041e-01 1.1098180453e-01 -5.7743906134e-02 2.3539685373e-01 2.4961900581e-02 -3.1240470096e-03 -6.5898398562e-02 3.4813347236e-01 7.3259715844e-01 3.4982302782e-01 -1.6954966492e-01 3.9902927578e-01
-1.3803277294e-01 4.2689570792e-01 -4.6917131937e-02 7.0401260994e-02 8.9416227134e-02 5.6394318334e-01 6.7255383115e-04 -7.2075805346e-03 7.3605846522e-02 -4.6431132437e-01 6.4024947703e-01 4.1942020440e-02 2.9029882847e-01 -6.4511995144e-01 -1.7986122607e-01 1.0039120127e-01
2.7529502337e-02 1.4410037956e-01 1.7426118955e-02 -4.4363370935e-01 3.0574710175e-01 1.7225221055e-01 4.6211546166e-01 2.7502657616e-01 -1.9795629116e-01 2.2959047552e-01 -2.3399154451e-01 1.4079865779e-02 -1.5335865111e-01 3.4078278245e-02 -8.2348084203e-02 1.9413063763e-01
