1.4291357325e-01 -1.8219160678e-01 1.9424532319e-02 3.6417160579e-01 3.9559045533e-02 -3.2576092822e-01 2.1543957098e-01 -2.4854568162e-03 3.3455242750e-01 9.3417234660e-02 -1.1529751968e-01 -3.5159899932e-01 3.6227637155e-01 -6.7888206087e-02 -7.2356971788e-02 6.7772957650e-02 2.8432462397e-01 1.9938802233e-01 -1.4046972067e-01 -3.4580496413e-01 2.7157601133e-01 -4.7351880875e-02 2.9847048952e-01 -5.6916264860e-02
5.8471978752e-01 6.3051175973e-03 2.0856398688e-01 2.2890758297e-01 -9.7072688003e-02 -3.3495798600e-02 1.3266493687e-01 -1.3095769325e-01 -4.0533785259e-01 -2.7141214657e-02 -2.3124395804e-01 -3.6984817626e-01 -4.1565420305e-01 2.5412211171e-01 1.3266473734e-01 -2.3967396217e-01 1.0096617308e-01 1.8611412697e-01 1.7627226921e-01 -6.2038269187e-01 -3.1079198165e-01 4.4934130400e-02 6.4730553999e-02 1.3729957468e-01
-1.9177575087e-01 5.6957714145e-02 9.6263001105e-04 -1.3012670833e-01 1.9487463342e-02 3.2326599933e-01 -2.3804699509e-01 -8.5140425672e-02 8.8995907708e-02 2.0298514353e-01 -8.9947140218e-02 -1.5336165483e-01 4.1781947719e-01 3.1990127929e-02 -1.3970866013e-02 -3.8702422229e-02 2.1202858093e-01 1.3072471695e-01 4.1185110799e-02 2.5339352280e-01 6.3027225337e-02 -3.0550059137e-01 3.4811836830e-02 -4.9969417589e-01
-6.2545234778e-02 8.5121068490e-02 1.5242338785e-01 -2.8601590334e-01 2.6344222083e-01 6.8447682706e-02 1.1467547042e-01 2.6744228284e-01 1.2260630348e-01 -4.7773407042e-02 -1.3056831199e-01 2.9354255882e-01 -4.5768688370e-01 -1.0942352172e-01 4.0336421182e-02 1.9636526064e-01 1.4520549065e-01 1.2968666812e-01 1.6034704513e-01 -8.2646133733e-02 1.2060919279e-01 -1.0979786602e-01 -3.5966207830e-01 9.3312574418e-02
9.6318488478e-02 -2.0085382853e-01 -2.7492575905e-01 3.7165851581e-02 9.2911282953e-02 -1.0468240706e-01 3.4490540111e-01 -6.2734486352e-02 1.6101218986e-01 -4.4924608919e-02 -1.5901436490e-01 3.5913223208e-02 9.1131133614e-02 9.1530853101e-03 1.1078178571e-01 6.0621676633e-01 -3.1395067000e-02 1.8371356006e-01 4.3057560829e-01 -1.4061371412e-01 -2.2406614364e-01 -8.1870873993e-02 -1.8665768269e-01 -7.9841039495e-02
2.9293650943e-01 2.2981211785e-01 2.0273335716e-01 1.9895540347e-01 2.1798941248e-01 -1.3459471492e-01 1.5624243634e-01 -1.5453601768e-01 -9.5331129721e-02 -2.9804734635e-01 1.0848221980e-01 -6.4000111731e-02 2.0229974269e-01 -4.7093451948e-04 5.3190321805e-01 -2.1154836955e-01 -3.0223487336e-01 1.8126120888e-01 -1.4683753273e-01 -8.0510444365e-02 4.0549541742e-02 -1.6391967570e-01 -7.2365471272e-02 -4.7655369568e-01
-2.3515313225e-02 5.8035580702e-02 -1.0523787180e-02 3.1775901965e-01 1.6267158224e-01 8.6428089180e-02 -2.8898392392e-01 -2.4708934361e-01 1.6169746187e-01 -5.8423305009e-02 3.5862911491e-01 1.0067506344e-01 1.5302538562e-01 1.5693296577e-01 -1.3344528267e-02 -7.7901027165e-02 -1.6695856969e-02 -1.1275857278e-01 2.3038532578e-01 2.7442991269e-01 -1.7967063611e-01 2.1776835866e-01 1.0256352866e-01 1.0254830661e-01
4.0965822575e-01 1.1871442362e-01 1.6415912827e-01 -2.5067510984e-01 -7.0689721362e-02 2.1469529763e-02 8.1834224475e-02 1.0124240556e-01 1.1071247592e-01 2.3222548913e-01 -1.7080300551e-01 4.3069017837e-03 5.7601477744e-02 -3.7144971563e-02 -2.9321836315e-01 -3.5683686344e-02 -1.3922777038e-01 4.4991421307e-02 2.8504497975e-02 6.1039701611e-03 -1.9532922830e-01 -4.2390894845e-01 8.3472377272e-02 8.0583662236e-02
-2.5477381354e-01 -2.5616140916e-02 -2.3946499591e-01 -2.6553779060e-01 -1.5529895071e-03 -1.0607576469e-03 1.7598699921e-02 6.8238979696e-03 4.3368723826e-01 -2.7210361184e-01 1.4010794654e-01 -9.1734953423e-02 4.4285592020e-02 1.4683875572e-01 -2.6780848703e-01 -9.7034000120e-02 -3.9296265551e-02 2.4708324813e-02 -3.5277648618e-02 -4.4562951398e-02 -3.0533867517e-02 3.5003031199e-02 -4.1725555278e-01 1.1844466808e-01
1.5975708642e-01 -1.1821064551e-01 2.1343896798e-01 -2.5883568733e-01 -1.7814881285e-01 1.9387093926e-01 -4.6367500457e-02 5.4534185588e-02 1.1021836562e-01 -3.6651987030e-01 -1.2347784644e-02 2.2733279469e-01 -3.4360454117e-01 1.1809354792e-01 -5.9343977678e-02 3.1582478907e-02 8.0473444388e-02 -8.1117263883e-02 -8.2048313260e-01 1.8396574283e-01 -1.2759162332e-01 -3.1222840403e-01 -2.0818177615e-02 -1.0881276310e-01
-2.4982125292e-01 3.8142831481e-01 -2.5571753769e-01 7.7205804549e-03 -2.7974459371e-01 -1.1824210356e-01 -2.4740280367e-01 5.3227382534e-02 -2.1417697031e-01 1.9082493112e-01 -1.4548444355e-01 -2.1547854260e-01 -2.5372843754e-01 1.6539537874e-01 -3.9385756467e-02 1.3054224385e-01 -1.9777825328e-01 -1.5181301690e-02 -1.2169773427e-01 -2.0647553392e-01 1.3676800821e-01 -3.8387979088e-01 -2.6892008095e-01 -7.1588729702e-02
3.2141910773e-01 2.3729609380e-01 -3.7587944600e-02 2.0363331889e-01 2.7983168342e-01 -9.4026279381e-02 -2.0762788543e-01 -2.7975836563e-01 -4.4164071174e-02 -2.8267606704e-03 2.5047145732e-02 2.4129375236e-01 -2.5190138692e-01 9.9642760694e-02 -2.1098341563e-02 1.6506474068e-02 -4.1252516543e-01 2.1408320542e-02 -4.7067409483e-02 -2.9797039135e-02 9.2836719938e-02 1.6998935061e-02 7.6043156803e-03 4.3018527214e-03
1.0701008772e-01 -1.1212300123e-01 -1.1719123337e-01 -1.5755325322e-01 7.2746687690e-02 2.9999605506e-02 -3.1856569796e-01 3.4180894003e-01 -1.0542172479e-02 -1.5628356603e-02 3.5111401006e-01 -3.4770513154e-02 1.3219555865e-01 3.1357367203e-01 -8.7504360968e-02 1.0752671640e-01 6.1859467617e-02 1.0698151831e-01 4.5111114840e-01 6.4260016638e-02 1.1996125360e-01 -5.8340666090e-02 3.3530518782e-01 1.9580363741e-01
-3.6971749764e-01 -1.9600552908e-02 1.5849313306e-01 -2.2162602973e-01 4.5106441005e-02 -1.0437929309e-01 -1.5700861765e-01 6.3015448677e-02 1.3145371301e-01 -4.1533971189e-02 -4.1456871323e-01 -3.1690800819e-01 3.6399159724e-02 -5.8533281552e-02 -2.6950494856e-01 -7.2330408951e-02 1.1027723813e-01 2.5491504317e-01 7.3763667182e-02 7.8992223200e-02 -1.0533533705e-01 1.7991987688e-01 -3.3341214873e-01 2.3264248821e-01
-6.8428033066e-02 -5.2655029199e-02 -1.6763206577e-02 -4.5707493785e-01 -9.8523924730e-02 -1.3215394210e-01 -1.0796228549e-01 -1.9609903656e-01 2.0892102062e-01 -1.4175683706e-01 8.0011122645e-02 -3.8811033260e-01 -4.6514684319e-02 2.4216219466e-01 -3.3837063023e-02 1.5588365571e-01 2.0324166073e-01 -1.1130434250e-01 -3.0014004206e-01 2.2732774539e-01 -2.1771646843e-01 3.7376226941e-02 2.0849093877e-01 -1.3373065630e-01
4.3107442943e-01 2.5768070272e-01 -1.3186415489e-01 2.5454922987e-01 4.2195281389e-04 5.3021885779e-02 -3.8958178987e-01 -1.1151833791e-01 2.6541799487e-01 -5.5369416311e-02 -2.8737151228e-01 1.5096571275e-01 -2.7776387643e-01 -1.3669231580e-01 2.5580572647e-01 4.1889343093e-02 3.5434614801e-02 1.8825377083e-03 1.7226667737e-01 4.9450118158e-02 -1.8998558097e-01 8.2816600316e-02 4.2583909039e-01 -6.7696701359e-02
1.3027982919e-01 2.2249624163e-01 3.4185590941e-02 1.0909508610e-01 2.8156074097e-01 -9.0942581012e-02 -1.0505661689e-01 -1.4322086065e-01 -1.4747654530e-01 -1.5358264440e-01 3.4942730584e-01 6.8871840049e-02 -1.8295086316e-01 -4.3730709495e-02 -5.6277860694e-02 2.8583534555e-01 -2.8473656266e-01 -1.9141983813e-01 1.4824282908e-01 -1.4794865664e-01 -3.8762482401e-01 5.9689843515e-01 1.1813042996e-01 -2.8097616930e-01
3.0846673693e-01 1.8373235090e-01 -1.0899617679e-01 8.7357135127e-02 -6.2810742339e-02 -1.5229675825e-01 2.9815401496e-01 8.3126744177e-02 -2.6242877431e-01 3.3873984064e-02 2.8084033062e-01 -2.4008339192e-01 -1.7471957866e-01 5.2839323999e-01 -2.1015961307e-01 -3.1586079461e-01 3.1295941540e-02 4.1469053984e-02 1.2944824725e-01 1.8818335580e-01 -1.1312288565e-01 -3.7461144254e-01 2.8694568706e-01 -1.5452364027e-01
2.3064334459e-01 -3.3581163870e-01 -9.9136148366e-02 1.4805847900e-01 -2.8625671192e-01 -5.1926919513e-02 -1.8762707945e-01 -1.4106637793e-01 -9.5994377173e-02 8.8597884990e-02 -1.1221762925e-01 8.7054946154e-02 2.3939796447e-01 2.5823070643e-01 -1.5827198438e-01 5.2064491175e-02 -1.4495349892e-01 2.0956651462e-01 -1.8954617535e-01 3.5384536512e-01 -2.3006313952e-01 8.7553762934e-04 -2.8273720819e-01 -7.4519313108e-02
2.3843158872e-01 -2.4991008816e-01 3.1909094992e-01 -2.7603514332e-01 3.9730678640e-01 -2.9705268187e-01 -2.9064232226e-02 -2.5641929338e-01 3.1603185586e-01 -1.3614598074e-01 6.6447780143e-02 -5.4170335841e-01 9.6936337122e-02 7.5910358538e-03 -4.2054017290e-03 -1.1673397215e-01 -2.7312210194e-01 -1.3616513987e-01 4.7500850320e-01 -3.5410056759e-02 -1.2041022627e-01 -2.8374230002e-01 5.4701285820e-02 2.3824161758e-03
2.2282733968e-01 2.4340277767e-01 3.9196726435e-02 -1.5302075315e-01 -2.8473514508e-01 1.1666821326e-01 6.6673023680e-02 3.4892682077e-02 -2.3502177857e-01 7.7777948413e-02 -2.2055787256e-01 6.0912026701e-02 -7.2099865089e-02 3.5250999927e-01 1.3345550869e-01 3.7916533382e-02 -5.8855207385e-02 -1.9798120663e-02 -9.7603747019e-02 3.7417969392e-01 1.5409146814e-01 1.9127501561e-01 -3.0513222335e-02 -9.7361095927e-02
-8.0623181590e-02 7.1212238348e-02 -1.4457672745e-01 -4.7327716796e-01 -2.0435711463e-01 1.8570885391e-04 1.8830126817e-01 -2.0370888638e-01 6.2672333358e-02 5.9606615948e-02 -2.9016394914e-01 -9.4186574608e-02 1.1507903799e-01 1.8134374808e-01 -1.0932265576e-01 -4.6280748655e-02 2.8068404705e-01 4.0951947807e-01 -1.9140873235e-01 2.0631278333e-01 -3.9490517280e-02 3.3278345883e-01 -1.2440071909e-01 5.8605751130e-02
-5.0991828792e-02 -1.9232032076e-01 4.2634321564e-01 -3.4142427644e-02 1.3875400997e-01 1.3779834433e-01 -1.1225775014e-01 3.8313890003e-01 2.1967827573e-01 1.6087305667e-01 -2.7771751455e-02 -4.4832799854e-02 -8.9535430885e-02 -1.3224577566e-02 -4.8289468339e-01 -1.8262783852e-01 3.8679891867e-01 5.0779503656e-02 2.9079918027e-01 1.0968713452e-01 3.6903279655e-01 2.9471624690e-02 -2.9580961666e-01 2.1461114946e-01
1.5838119287e-01 9.6817093074e-02 -4.0308363135e-01 1.4625024045e-01 -1.1277449391e-01 1.4042837847e-01 2.0683384140e-01 -3.2998455981e-02 -1.0912424694e-02 5.4507058992e-02 -3.3419668329e-01 -1.0310292834e-01 -1.3438525640e-02 2.0899053639e-02 2.4955740032e-02 1.5936588633e-02 -1.5331122696e-01 2.3735213828e-01 -2.4025493739e-01 -2.5100829964e-01 -4.3736872430e-02 -1.9359099866e-01 -1.6537078743e-01 3.9508368063e-01
