-8.4688768791e-01
-3.0309240820e-01
6.0918429770e-01
-1.0720936465e-01
-1.3458391835e+00
1.8279199002e-01
1.2311788562e+00
-4.9847757263e-01
1.2686250858e+00
-2.0876129022e-01
-1.4153706081e+00
-7.1561043563e-01
2.9492398892e-01
-9.2297939042e-01
9.8679507503e-02
3.6888259701e-01
3.6983544461e-01
1.0790749459e+00
4.2481874874e-01
1.3976469433e-01
-1.0902347506e+00
2.3645471589e-01
-5.2905897147e-01
1.3090349339e+00
-1.5922992291e+00
9.0643320267e-01
-1.0464157216e+00
5.8174459557e-01
-5.8725988832e-02
6.6789373702e-01
-3.0713627240e-01
1.7548348424e-01
