3.7276721785e-01
5.7826026855e-02
-2.5434590535e-02
9.8196007770e-01
2.2817407915e-01
6.8065998880e-02
-1.0531049347e+00
1.4098746942e+00
3.5297789631e-01
-1.5654465162e-01
-3.7935296885e-01
-2.1561541826e-01
4.5096348597e-01
-5.8566686474e-02
4.4862081617e-01
3.1156346254e-01
-2.7907045978e+00
-1.0345929413e+00
-7.4021884026e-01
7.1958058772e-01
4.1425969321e-01
-8.2947457777e-01
3.2069291070e-01
-1.5858711371e-02
-2.1195703704e-01
-5.3861780009e-01
1.5092237452e+00
1.3853550053e+00
5.7141781434e-01
1.7679325558e+00
1.2897185199e+00
2.3705657716e-01
1.1480631177e+00
-7.5385595981e-02
-5.0330927108e-01
6.0152897024e-01
2.4776959785e-01
-3.4768238665e-01
1.5693137877e+00
-6.0903456107e-02
7.4807444229e-02
-6.6720478911e-01
-1.2789699462e-01
1.7915122972e+00
1.5146034146e-01
8.0715129649e-01
-4.3509624922e-02
8.5138395332e-01
-3.6792411295e-01
7.7664850241e-02
3.5145560467e-01
-6.2152979586e-01
5.9194881964e-01
-7.6050801000e-02
-8.4326821143e-02
1.4945200771e+00
7.2797181933e-01
-1.4949121592e+00
1.0075607898e+00
1.2916083007e+00
1.3432466317e+00
1.4290858397e+00
7.2193128437e-01
1.4555555658e+00
1.3244551169e-02
1.8913030242e+00
3.3389654968e-01
-2.1781030901e-01
6.1700652505e-01
1.2835973422e-01
-9.2517841560e-01
1.4795696975e+00
-1.8160708122e+00
1.7199832286e+00
-2.0760444520e+00
-1.0892076197e-01
5.0010783626e-01
-1.6751267467e+00
-5.2421040254e-01
-8.2366455402e-01
8.8823065779e-01
-8.3527567357e-01
-2.1960581541e-01
-5.3085592696e-01
-2.1481025779e-03
-6.2946385917e-02
-4.4434517737e-01
-3.1609976667e-01
6.9609040001e-01
3.6043891870e-01
5.3508249467e-01
5.5166775706e-01
1.4030325670e+00
-6.6190214149e-01
-1.1501267449e+00
3.2477359322e-01
2.8571299017e-01
-8.3334605186e-01
-2.0603452490e+00
1.8119438577e-02
5.0818343000e-02
2.5521599585e-01
2.3250545776e-01
-1.3764021073e+00
-3.1776338988e-01
-6.7992041434e-01
4.7673988917e-02
1.9920990194e+00
4.4516119122e-01
-2.4057736779e+00
5.0964808849e-01
1.3463176201e+00
2.6081923242e-01
2.6266990749e-02
-1.2453016474e-01
5.4346654381e-01
7.0788166591e-01
1.6096236465e-01
6.3986687361e-01
1.0840940995e+00
-8.8342467670e-01
7.1820202583e-01
-7.4103050182e-01
-1.3506900074e+00
-2.3441760101e+00
6.8960495130e-01
6.2763669345e-01
-7.1805228379e-01
9.0009600534e-01
5.8921017149e-01
3.7639044654e-01
-6.4225969006e-01
6.1007535183e-01
-5.4876619420e-02
3.2305065719e-01
-1.5231408072e-01
8.3523927157e-01
-9.5789155425e-01
9.7049045061e-01
2.5192605006e-01
2.0976340933e+00
3.2872514087e-01
1.3179523875e+00
-7.3630047837e-01
2.3956327955e+00
-9.5363317341e-01
7.6615697494e-02
3.5912230298e-01
-6.2341096097e-02
-2.3217634954e-01
