5.4153297809e-01
-8.6572205948e-01
2.2306255064e+00
1.3345205064e+00
-2.3739195802e-02
-4.6849578453e-01
-3.6039081527e-01
7.7146185049e-03
-1.8121599354e-01
-1.1423952170e-02
3.8388515534e-01
-1.9727102197e+00
1.5067271940e+00
-1.2071278622e-01
-8.4595479209e-01
2.3487189594e-01
-1.2262102377e+00
-1.9641343906e-01
1.7709165707e+00
6.9702212548e-01
5.0276062544e-01
2.6400903921e-01
2.7399030046e+00
2.5652398709e-01
-3.0281195528e-01
1.2232874866e+00
1.3920293806e+00
1.4444207143e+00
2.2605431665e-01
-2.9489142097e-01
7.4121758192e-01
1.1206025166e+00
-4.9029785316e-01
-1.7043965882e+00
-1.0412867846e-01
-9.1241945748e-01
1.2139127384e+00
1.4201759737e+00
-1.5890743068e+00
1.4096452469e-01
-1.8498507035e+00
-1.1432643898e+00
-1.6070954401e-01
7.8865015789e-02
-1.0233151510e+00
3.4761230612e-01
-1.7499026801e+00
-9.4430216060e-01
6.6836099227e-01
-9.8851960313e-02
-9.1477971491e-02
-8.3959899049e-01
1.0915027994e-01
-1.9562034161e-01
-5.0349123254e-02
-2.8593385480e-01
2.9235784742e-01
1.4087898377e+00
1.5747333144e+00
1.2635318779e+00
-3.1458460752e-01
-3.5757740397e-01
-2.4016182770e-01
3.8453230226e-01
1.1014793019e+00
-6.1334897372e-01
-8.3710722682e-02
-3.4968102111e-01
-3.3657612025e-01
-1.8957094716e-01
-3.9903874472e-01
3.2105699941e-01
7.7105076862e-01
-7.4019538716e-01
6.4813816158e-01
-6.1394594372e-01
3.6017835238e-01
7.6799479962e-01
4.5051956500e-01
1.7957094129e+00
-1.0794320502e+00
-9.8822307108e-04
-1.0628235677e+00
9.6578796217e-01
5.0187560549e-01
-8.0226420135e-01
4.2503201619e-01
9.0830087204e-01
1.5859140796e+00
1.2588662964e+00
1.6329328011e+00
3.4322595744e-01
-1.0002625127e+00
3.6098860016e-01
-2.5696159164e-01
-3.3945217347e-01
-1.0260563979e+00
-1.0631791114e+00
6.1984313059e-02
3.9760856628e-01
2.9339129984e-01
-1.2479669505e+00
1.1889822699e+00
2.1615101819e-01
1.1511849481e+00
-5.8559493156e-01
-8.0459528125e-02
-1.0428470083e+00
7.8222711497e-01
4.2630266400e-02
-4.0031626131e-01
6.0926239863e-03
-2.0418483598e-01
-3.0879728600e-01
2.0282367754e-01
1.4811092703e+00
8.7562858567e-01
2.7547508337e-01
-3.9438535669e-01
8.2067260592e-01
1.1141253950e+00
-6.4207300948e-02
-6.0943680928e-01
-1.4348174559e+00
1.6001958209e+00
2.1367747880e+00
-3.9629245265e-01
-1.0218266473e-01
-1.4463634487e-01
4.5296082157e-01
-1.0908286388e+00
-7.7049203992e-01
2.4490715727e-01
-2.3034473346e+00
-2.9008257923e-01
1.2671450090e+00
-3.1433399949e-02
8.1323323356e-01
8.5600984807e-02
-2.7889195870e-01
5.0901568274e-02
-1.5772164046e+00
-3.9328946614e-01
9.2079119557e-01
-1.5406460563e+00
-9.5334029766e-01
-2.1855381108e-01
4.0875435427e-01
3.8517758827e-01
-1.9506548617e-01
-3.7272521940e-01
1.4127361347e+00
1.1521942278e+00
6.7236178337e-01
-7.4189714059e-01
-4.0631481661e-01
-1.9279918893e-02
-8.4008974353e-01
-6.8172662620e-01
-7.1626378270e-03
2.3119930772e-01
1.0686430773e+00
-7.7181485219e-01
7.3018360324e-01
1.0887547450e-01
-2.2109510447e-01
-1.2374451407e-01
-4.4724922440e-01
-3.4560103491e-01
-2.6345736075e-01
-2.3272585900e-01
-1.1969723487e+00
9.6851142804e-01
-1.1243675307e+00
-5.5749841140e-01
6.8575362393e-01
5.7021672709e-01
-5.3365957389e-01
-1.4420299580e-01
6.7914013931e-01
-7.0531176313e-04
-1.5875822881e+00
-2.0348423493e+00
1.4034303357e+00
9.7845191606e-02
-5.7286330273e-01
6.9925924609e-02
-5.1975376903e-01
1.5587606728e+00
2.9535667329e-01
-1.0996187693e+00
-8.9296526839e-01
1.1144471217e-01
-1.1539300769e+00
1.7151961783e-01
1.7052944482e+00
1.1019268963e+00
4.4380210122e-01
-1.5431027965e+00
1.0634962085e+00
5.2415488259e-01
5.0582475954e-02
-2.0156946291e+00
-5.9037708096e-01
-8.8290413377e-01
-1.2742155312e-01
2.7200972826e-01
-6.3502015132e-01
1.2660517729e+00
-7.6419368842e-01
1.2167443292e+00
-2.8448025659e-01
-1.8904061404e+00
-3.8554054187e-01
-3.9870012152e-01
1.9583010940e+00
1.9733978972e-01
-1.7060444482e+00
9.8238308646e-01
-3.7551355179e-01
4.5588969336e-01
-5.2334561567e-01
-3.5419971684e-01
5.0375553842e-01
-1.5023889694e+00
-2.4723284636e-01
4.0516245471e-01
1.2251558464e+00
1.0379222564e+00
1.6522245343e+00
1.3200748514e+00
-1.2355889289e-01
-3.1398533653e-01
1.1346368077e+00
-3.4209128125e-01
9.8547377522e-02
8.6468171389e-02
-1.3306720647e+00
-1.0247746039e+00
1.8116441640e-01
1.4115187376e-01
1.0760785904e+00
-4.7777536886e-01
-8.8606222666e-02
-7.8696895367e-01
3.5101622269e-01
-1.5380291644e+00
-8.0327807067e-03
5.7790177388e-01
-4.5446349423e-01
1.8191356815e-01
2.2752199274e-01
9.7940367880e-02
-3.8901871562e-01
-1.3822217066e+00
-8.3452292586e-02
-7.1951550597e-01
1.6677867351e+00
-1.3479361070e+00
8.4744322074e-01
7.5513815068e-01
1.1600460666e+00
1.4100827043e+00
8.6076310717e-01
-3.2015287353e-01
1.6748224633e+00
1.1454071077e+00
3.8890928276e-01
-1.2936970534e-01
-3.1213838210e+00
-2.5470379317e-01
1.9406632044e-01
-1.3257224496e+00
-1.1268701053e+00
8.8950789394e-01
-9.1059340650e-01
-1.1919872539e+00
-4.4675968470e-01
-2.0289449506e+00
-1.4249616444e+00
1.3692820018e+00
-1.7474719063e+00
3.7337241876e-01
1.1485782256e+00
-2.0482215045e-01
2.1499573658e+00
-1.1124552361e+00
-4.5116808674e-02
1.5243789885e-01
2.2202424341e+00
2.8788845967e-02
1.0947884344e+00
9.2535556881e-01
-7.5848784789e-01
-3.2647660606e-01
2.1606389680e+00
9.3672593528e-01
-2.3600675345e-01
-2.4109198126e-02
7.0285091383e-01
