9.3452501712e-02
2.8536863091e-01
1.4038598299e+00
4.2635767248e-01
-2.3687708539e+00
1.2253299676e+00
-3.5392366819e-01
1.4488570106e+00
-3.3914657323e-01
-1.2101846860e+00
2.0072861959e+00
-7.3871633265e-01
-2.8964486619e+00
-7.0916637314e-01
1.6354149906e+00
7.3291118244e-01
1.2926691795e+00
1.8134868471e-01
-4.6509389352e-01
-1.1149949431e+00
-5.1493175473e-01
-2.5174894447e+00
-1.3383364948e-01
7.4837780032e-01
-1.0948950728e+00
-1.7221961671e-01
-2.6133297030e-01
-9.0900122516e-02
5.5491483274e-01
1.3900734770e+00
-5.8797375402e-01
-1.2333223976e+00
-2.6382227429e+00
-1.2247427278e-01
7.9009340357e-02
9.2552329005e-01
2.2145169690e-01
-6.2162841092e-01
4.2921257729e-01
5.5696218754e-01
1.7431534957e+00
-1.3629458683e+00
-7.6284625805e-01
-6.7353051956e-01
1.4391685020e+00
-8.3030510916e-01
-2.9322387252e-01
-1.3939467804e+00
6.1373953085e-01
1.8552598598e+00
8.4663809574e-01
3.6012783727e-01
1.9376935590e-01
-1.2738037542e-01
1.1624364459e-01
1.6922373424e+00
-1.2752755659e+00
-7.4202667700e-01
1.9109424189e-01
-1.2363493314e+00
-2.4236150048e-02
-1.2089505696e+00
-6.7968785938e-01
-2.4205650112e-02
1.4743160169e-01
6.5474951152e-01
1.0215804445e+00
-1.0578193615e+00
2.1403531205e+00
4.5380329052e-01
1.5385262310e+00
7.1877469873e-01
-2.4909331879e+00
-1.1173144078e+00
-6.0788924449e-01
-2.0200573579e-01
6.6928172639e-01
1.2582820415e+00
-6.6344298571e-01
4.9197921896e-01
5.1229330306e-01
1.1333909934e+00
7.6876735571e-01
-6.2774629620e-01
-1.7173535284e+00
1.0772395144e+00
-6.8912047633e-01
-1.0630755691e+00
-1.5434856126e+00
-1.0684216069e+00
-4.6170900905e-02
-1.6124394107e+00
1.8514253084e-01
-8.0973360657e-01
3.5119534831e-01
8.3248612423e-01
-8.0216178348e-01
-1.7018502192e+00
1.4517902623e+00
-1.1548247116e+00
-6.2096651141e-01
-1.3657056383e+00
9.3267048794e-01
-3.2230528369e-01
-4.7811516231e-01
-1.3462633659e+00
-1.5696394853e-01
2.0452228968e-01
-2.1359956762e-01
-6.9480402567e-01
1.1302013355e-01
1.2077256905e+00
-2.9026076113e-01
-1.1716692042e+00
-4.9098661664e-02
-1.9857880248e+00
-2.2301740998e-01
-2.1806206871e+00
-2.1512958247e-02
-1.9842591368e-01
-5.9322900059e-01
-3.5591026788e-01
-2.0691121869e+00
-1.3421451493e+00
1.0762130368e+00
-1.8398461149e+00
7.5474385723e-02
-1.1882005074e-01
2.5610069739e-01
7.8258157998e-01
1.5656798443e-01
-4.0562315180e-02
1.4294217941e+00
5.3143345501e-01
-9.8233592849e-01
2.1114873930e+00
-1.0897678643e+00
4.6801680675e-01
4.1083350730e-02
-3.3269929811e-02
-5.3449029599e-01
-3.0291143913e-02
-3.5548519369e-01
2.7581150483e-01
-1.9652794199e+00
-1.2651011914e+00
8.9717110895e-01
-6.1736574911e-01
-4.2444092138e-01
-1.2768538798e+00
-6.2231114957e-01
7.4430686804e-01
2.4117240776e-01
-1.6557448726e+00
-1.1233405048e-01
-6.0489377260e-01
1.0327837741e-01
-2.2571395407e+00
5.8354845370e-01
-1.3573963414e-03
2.6904920998e+00
-2.7077704931e+00
-2.9726278924e-01
1.1564747111e+00
1.6750028760e+00
3.2421293294e-02
-1.2263692372e+00
3.1026134811e-01
8.5480109812e-01
-5.2523819489e-01
2.6379732781e-01
6.0984067518e-01
-1.5436450404e+00
-8.5635739316e-01
-3.6993651326e-02
1.7647120085e+00
-3.5026711700e-01
1.8607834648e+00
5.5465406397e-01
7.2304702904e-01
3.1413379580e-01
6.5510587545e-01
-1.9497748981e+00
-1.0747849721e+00
-6.5942815882e-01
2.1209048045e+00
4.4611285618e-01
-2.5951756481e-02
8.1302068627e-01
9.4177369160e-01
4.5473732055e-02
-1.0202001258e-01
1.6955134015e-01
5.8603978239e-01
2.0049681366e-01
-8.2099915432e-01
-1.5816661708e-01
-1.8655058950e+00
-1.1509375296e+00
1.0551876057e+00
