-5.7965159702e+00 5.6819161628e-02 1.2681846491e-01 -3.9950357806e-01 -9.2856515305e-02 3.4818850120e+00 3.3697458839e-01 -4.9955837808e+00 -2.2614121367e-01 1.8368240733e+00 -1.5590911302e+00 1.7836830121e+00 -1.9549730736e-01 -2.8624721312e+00 2.7226678133e+00 3.1429432912e-01 3.4356410915e-01 -2.4445589469e+00 -2.2414481696e-01 -4.5476975036e-01
3.3874259422e-01 -1.0884070953e-01 -7.8642561366e-02 -4.9892502154e-02 2.4601420353e-03 1.4587735399e+00 -3.7838691031e-01 2.0210128096e+00 2.0213741099e-01 -1.1676967460e+00 2.0837329458e+00 2.9715150495e+00 -8.8287572464e-02 -1.4816611233e+00 3.1961143153e-01 -3.4817120645e+00 3.4887645727e-02 -2.0989327872e+00 -1.4268491014e-01 1.6507411274e+00
1.7326154020e-01 -2.0683751533e-02 -1.7590884789e-01 -4.4356869375e-03 -3.2741082871e-02 -8.8555939156e-01 -1.7704203494e-01 2.2382428506e-02 8.9233012177e-02 -6.1801990487e-02 -2.5820329808e-01 -7.9509981515e-01 2.6390152684e-01 8.6818846448e-01 -3.8096599613e-01 6.6761599590e-01 1.7096656461e-02 9.4265865006e-01 1.8426946746e-02 -1.4763734132e-01
-2.8106735550e-01 1.6571368295e-01 -5.1082679819e-02 1.4242334963e-01 -1.0538902267e-01 -9.6814491014e-01 -5.5458958957e-04 -7.0533621387e-01 1.9035885648e-01 1.5715049532e+00 -7.4865582347e-01 -9.5289643997e-01 -9.5243158376e-02 1.0419699526e+00 9.4789096834e-01 1.4989834666e+00 8.1345231390e-02 3.8506859073e-01 -4.0150318900e-02 -1.8102984008e+00
1.5397129765e+00 -3.4759484356e-01 1.3478392491e-01 6.8984707177e-02 -1.5545307930e-02 -1.9167145480e+00 -3.7924495540e-01 1.2097438906e+00 -1.5396912069e-02 -1.6901052936e+00 -3.1596269818e-01 -2.3542029507e+00 -1.9353323300e-01 1.4525600666e+00 -2.1627243642e+00 8.9131020929e-01 7.1180698292e-02 2.6799097417e+00 -2.9808443901e-01 -5.3613217605e-01
2.4830260069e-02 6.4487366421e-01 -2.6582520316e-01 5.4887790579e-01 5.2368293117e-02 5.2853469326e-02 -4.3770371586e-01 -1.6461619606e-01 4.5305149686e-01 -8.3442886187e-02 1.3534050261e-01 -7.6167939863e-02 -4.8737181234e-01 1.9868834441e-02 2.4749105205e-01 -2.6331096013e-01 -1.0149295502e-01 1.7030501027e-01 3.3224953329e-01 -4.8241500824e-01
7.3666973932e-01 1.9651721227e-01 2.4488726427e-01 1.8986430407e-01 -1.5792675752e-01 -1.5895875865e+00 -4.3442028836e-01 2.4819583668e-01 -1.2817432147e-02 7.5948265715e-01 6.3872532702e-02 -4.9738023725e-01 1.9554200607e-02 1.6404826168e+00 1.6216425233e-01 5.4069317166e-01 1.4682714507e-01 5.1658901861e-01 1.0926731758e-01 -7.7774417758e-01
3.3241306701e-01 -3.1876899101e-01 1.0404286243e-01 -3.8922521289e-01 -1.7114553986e-01 9.2636513046e-01 1.4261813192e-01 4.8558715947e-01 -5.5667996348e-01 -1.4560983429e+00 1.7417699794e-01 2.3034692491e-01 3.3582664539e-01 -1.0142681233e+00 -1.0562406781e+00 -4.7070277977e-01 1.7447700990e-01 2.4163862074e-01 -2.7466996041e-01 1.1230150395e+00
3.7350118470e-01 1.6943693774e-01 -2.4982463223e-01 4.5919329918e-02 2.9028430022e-01 -3.5446021946e+00 -7.7806613083e-02 -1.0503798615e+00 2.6765247807e-01 2.6626409549e+00 -1.4454973968e+00 -3.4461996143e+00 -3.8640912375e-03 3.9962140051e+00 -3.1666496524e-01 2.9687873206e+00 1.1847086114e-01 2.3634314551e+00 1.7724964308e-01 -4.1962948644e+00
6.7196177356e-01 -2.8868463523e-01 1.8573243891e-01 -3.9966909506e-01 -5.3264928924e-01 1.3087980980e-01 1.7942488327e-01 1.0744332258e+00 -4.7002171949e-01 -2.4492036246e+00 2.7876844326e-01 -7.6078916246e-01 2.9591876226e-01 -2.5416837669e-01 -2.3763378172e+00 -5.6528508741e-01 2.0635788072e-01 1.2876036757e+00 -5.4349096039e-01 1.9513068369e+00
-4.2740803412e-01 -4.1476160366e-01 1.2755638930e-02 8.9544720206e-02 7.6062678572e-02 6.0551431799e-01 1.4962107792e-01 -2.3931362668e-01 -2.6257650882e-01 -4.9759434071e-01 -6.2365391720e-01 6.4351329362e-01 1.5886642188e-01 -8.9313194599e-01 1.0703503635e-01 1.8348751382e-01 2.4988391908e-01 -4.2340818264e-01 -6.5001606730e-02 8.3483977398e-01
-3.9012336261e-01 1.3408839724e-01 -1.6509498185e-01 -6.6243837507e-02 -2.2044984195e-01 1.0365115363e+00 -3.7035142499e-01 -2.8599057777e-01 1.9078636254e-01 4.2066504256e-01 3.5843741105e-01 1.3574692479e+00 -1.3929320963e-01 -1.0634293930e+00 1.0931556443e+00 -1.3146593453e+00 2.3783412029e-01 -1.6555041418e+00 2.2615488595e-01 8.1105682403e-01
-1.4221452578e+00 -7.4208396713e-01 6.7334296098e-01 -5.3329363031e-01 -2.6063053456e-01 1.4791165614e+00 3.1965368547e-01 -1.3608537491e+00 -7.2255398691e-01 6.9624160182e-01 -9.4664040337e-01 -4.5071096650e-01 3.8768592972e-01 -9.7526687299e-01 2.7714894358e-01 1.3111853160e+00 3.4620027269e-01 6.7075329706e-02 -6.1943629754e-01 -4.9707045366e-01
-3.1523163355e-02 8.4000080931e-02 8.3628261784e-02 -5.3201434020e-02 -1.7806536568e-01 -6.9864033664e-01 2.2140816949e-01 -7.9577921423e-02 7.6191267289e-03 -3.1922503266e-01 1.5108467951e-01 -3.7097635888e-01 3.2226087319e-01 6.7100435864e-01 -1.8936986119e-01 1.1553815646e-01 2.7401325243e-01 7.1830274393e-01 -2.5394744378e-01 -4.1668207775e-01
6.0353947992e-01 5.2801451691e-02 7.5209250886e-02 -6.7333012223e-01 2.0194355761e-01 -1.7227799809e-01 8.1246539405e-02 1.0490237385e+00 -2.9652328920e-01 -1.4713872093e+00 3.2536512402e-01 -1.8763779206e-01 3.3166795785e-01 2.5833323178e-01 -9.5647856849e-01 -5.0362991881e-02 -2.2786318768e-02 8.1339282319e-01 -2.6100593663e-01 1.0459909480e+00
-9.1742002838e-01 2.9081528064e-01 -3.1674276846e-01 4.8200074481e-01 7.2614367710e-01 -4.2496236951e-01 -4.8298222341e-01 -1.2811420272e+00 3.2150462651e-01 2.3188684263e+00 -8.6666485487e-01 -1.7164320635e-01 9.8145809343e-03 6.8362083783e-01 2.1027191533e+00 6.2826332339e-01 -4.5658432609e-01 -4.8482786373e-01 3.5231671729e-01 -1.4953051285e+00
-7.4620139437e-01 -3.9171042354e-01 1.8602331502e-01 -4.5109444796e-01 -4.0508309699e-01 -3.5923810654e-01 2.6171387297e-01 -7.4893097322e-01 -3.6178217703e-01 3.9367787043e-01 -1.0902469474e+00 -1.2681945966e+00 4.1156114702e-01 4.1022006750e-01 -2.1797239703e-01 1.4821673203e+00 1.4910920575e-01 7.2575955688e-01 -3.6998166754e-01 -8.3799180780e-01
-9.6397547713e-01 6.8022525063e-02 3.1954486684e-02 -2.7591060917e-01 7.6827770264e-02 1.4067130863e+00 -5.1152886365e-02 -8.3609202440e-01 -1.1657668760e-02 -4.6443153657e-02 -1.6752837340e-01 4.4308150910e-01 1.1674054753e-02 -9.2514915147e-01 5.3033769145e-01 3.1838325116e-01 -4.2247837178e-02 -9.0211538190e-01 -1.8169050360e-01 6.9882979459e-01
-1.3674807841e-01 -1.9638140711e-01 9.0119301525e-02 -4.1864385431e-01 -1.1173752418e-01 -4.0407342029e-01 4.5616825136e-01 -6.0521337993e-01 -4.4858249219e-01 6.5010317538e-01 -1.2065325382e+00 -8.8249073099e-01 8.6175933792e-02 2.7377545791e-01 -4.1858929346e-01 1.8040521161e+00 1.4025583899e-01 4.6478441242e-01 -2.5307344017e-01 -1.3402815883e+00
-3.6894436050e-02 -1.3683451322e-02 2.6983889972e-01 -1.2771657579e-01 -1.2009709139e-01 6.1753303516e-01 3.2375644847e-01 3.6920839895e-01 -3.7376698666e-01 -2.8352427955e-01 3.0925415551e-01 2.1612988853e-01 6.1399239815e-01 -1.6051983248e-01 2.5983318409e-02 1.7052163752e-01 2.3207116722e-01 -1.7621717866e-01 -4.4841487669e-01 3.4311708137e-01
7.1377342277e-02 1.4629647812e-01 -2.6772012875e-01 -4.9289020803e-03 2.1022020549e-01 6.6800171821e-02 -1.3463395691e-03 -2.7206199964e-01 3.1917085258e-02 2.5672517996e-01 -4.8032226393e-01 -7.6050489209e-01 -3.2177229754e-01 2.9467922723e-01 -2.3055516279e-01 5.0272979300e-01 1.1698713556e-01 1.7908729834e-01 1.6819618366e-01 -7.0283388285e-01
1.5810867293e+00 2.3539753186e-01 -2.5462173007e-01 1.8622661359e-01 4.3323489717e-01 -1.7296928289e+00 -3.6849923712e-01 1.4388378851e+00 3.6863602310e-01 -4.3137783266e-01 1.0864158141e+00 -1.3256156164e-01 -3.5510919179e-01 1.5849355093e+00 -8.0648256825e-01 -1.0042411279e+00 -2.6784746347e-01 6.5427255430e-01 4.4293604640e-01 -4.5918925104e-01
3.8745231543e-01 2.0672800007e-01 -6.0426770340e-01 1.1280772698e-01 2.1938030322e-01 -1.2209161027e-01 -5.7840653313e-01 3.5686236568e-01 -4.3645668828e-02 -1.8989771993e-01 7.7499070727e-01 3.8951687849e-01 -1.2304137844e-01 3.5637046206e-01 3.1065226039e-01 -3.3654991150e-01 -3.9776834405e-01 -2.5949677211e-01 5.6519573035e-01 1.8942114954e-01
-4.0752172150e+00 -1.1027935340e-01 1.2412274055e-01 2.7654113410e-01 1.4730894097e-01 2.8012594737e+00 -4.4959384794e-01 -3.6335704386e+00 5.5795923638e-01 1.9339298768e+00 -9.6520268744e-01 1.6133245046e+00 3.5162644058e-01 -1.8283464582e+00 2.6839945062e+00 8.7451227813e-01 -8.1905076051e-02 -2.3734632138e+00 -9.8205997732e-02 -8.6031697324e-01
2.9705500900e-01 -1.9776224085e-02 -4.6349163329e-01 -1.7496261156e-01 1.5904391293e-01 -4.6001472720e-01 -5.0989387312e-01 2.9955333559e-01 1.9446763666e-01 -3.0217657064e-02 1.5017450563e-01 4.1167384589e-02 -2.0018538697e-01 1.7721408717e-01 3.1016041666e-01 -5.4041451207e-02 -1.4170398351e-01 -1.6091300928e-01 3.4594686252e-01 -1.9805756515e-01
1.7650552608e-02 2.7571050325e-01 -1.5533779163e-01 6.9400966812e-02 6.7544442633e-01 -1.0634754670e-01 -2.6407536122e-01 2.4809708486e-01 3.9139573028e-01 -1.0266657701e-01 -4.6566978711e-03 6.8458599690e-02 -2.0088664982e-01 -2.5949734977e-01 4.6270814168e-02 -1.1426015471e-01 -3.1764371381e-02 -3.3602426374e-01 4.1857774100e-01 -7.8032295873e-02
-4.7124521131e+00 3.0971079851e-01 -5.7619830378e-01 -4.9182165642e-02 7.8494219372e-02 2.0762270859e+00 -3.9536793345e-01 -5.1258297906e+00 5.6292414959e-04 2.4370081669e+00 -2.5884476960e+00 1.0229061087e+00 -8.8616475563e-02 -1.1415766352e+00 2.6390038142e+00 2.5404219592e+00 -3.3152404982e-01 -2.0245007362e+00 3.7704555587e-01 -1.5044310408e+00
4.7420985689e-02 6.4439854368e-02 -2.8847724011e-02 -2.2465599252e-01 -1.3538953179e-01 1.5545591831e-01 -2.9780478326e-02 3.1477525242e-01 -1.5235803028e-01 1.3705650864e-01 7.7391323040e-02 8.2486886344e-02 -2.7181337909e-01 -4.3907545410e-02 1.6505501825e-01 4.3433501144e-01 -2.1920405932e-01 -5.2431905786e-01 -1.2821208955e-01 -3.7609283119e-01
-3.4261279196e-01 -2.4908047822e-01 4.0616839881e-01 -1.6757937075e-01 -3.0508753869e-01 1.7022177672e-01 3.2792407496e-01 -3.7084183417e-01 -3.9255930046e-01 7.3397222826e-02 2.5754271960e-01 -1.2058488294e-01 4.8889959770e-01 -1.8293545399e-01 1.8685673707e-01 -2.2134410636e-01 1.7713384811e-01 8.7363727572e-02 -6.1434124411e-02 6.9122667756e-01
-4.3857478480e-02 5.6038462873e-01 -1.7126084208e-01 4.1952874136e-01 -1.3808440384e-02 3.9461102791e-01 -2.8341408266e-01 2.5766429707e-01 3.7939038092e-01 3.7451334598e-01 -2.7286725465e-02 4.1659414337e-01 -3.7967358787e-01 3.2428576299e-02 9.9163610637e-02 -9.0978833238e-02 -3.6877471363e-01 -8.1767875219e-02 4.2116449845e-02 1.5596701479e-01
