2.7355883594e-01
2.7215443316e-01
1.4577620288e+00
6.2963681234e-01
6.3267526327e-01
1.2909312129e+00
-7.5438123701e-01
-3.1836938659e+00
1.8821704928e+00
-4.9560850059e-03
2.0028237895e+00
2.3892833024e-01
-1.2999056359e+00
-6.4231411154e-01
2.5366444662e-01
6.7296186339e-01
-2.9612289853e+00
2.0844062767e+00
1.5315851666e+00
1.3808785550e-01
4.2605847803e-01
-1.3967305899e-01
-1.0253033198e+00
2.0731221225e-01
-7.1576931902e-01
3.6486587604e-01
-6.4465856651e-01
9.5572069313e-01
-9.6106141165e-01
8.0979765368e-01
2.5484347438e+00
-8.9746889958e-01
-3.4749344673e-01
-1.5632257590e+00
-1.2412397879e-01
8.0173494398e-01
-1.4300818069e+00
-8.7077220430e-01
4.6938245029e-01
1.1530672315e+00
-4.3681407103e-01
2.5387243257e+00
5.7438708044e-01
5.1023628537e-01
1.4214688269e+00
1.0976225383e+00
-8.7274160491e-01
2.4598775006e-01
8.2355399955e-01
1.2208523600e+00
