-1.3991115743e+00
1.2435310370e+00
2.0665045461e-01
2.3641405748e-01
4.2288999977e-01
1.8730295299e+00
1.9478605627e-01
2.4451904974e+00
-3.4177689311e-01
-1.0178582219e+00
1.1777319795e+00
3.5263463756e-01
-7.2576757455e-01
9.6979087949e-02
-5.4146471984e-01
1.4765280473e+00
4.4407026713e-01
3.6019309085e-01
-7.2547415823e-01
-2.3744424868e-03
4.5071601356e-01
-2.6948203635e-01
2.6111252419e-02
-9.7160814769e-01
-2.0242756921e+00
-1.0970736463e+00
-4.8750468207e-01
2.1504068741e+00
-1.1321614197e+00
1.8744408201e+00
2.8826944895e-01
-1.7591419526e+00
-8.2537539446e-02
-1.1916441793e+00
6.7091713549e-01
9.5571770918e-01
2.0420292934e-01
8.0889206537e-01
-1.6378477386e+00
6.2133109699e-01
5.8205507436e-01
-1.3236040193e+00
1.5230019880e-02
-4.7464711009e-01
2.4977946789e-01
2.8492700812e-01
1.4201452251e+00
-4.8101712579e-01
-2.3101891037e+00
-1.1489946124e+00
2.2539010789e+00
-3.7994563765e-02
-6.2589911115e-01
5.0498378002e-02
-6.6075102834e-02
-1.3520865447e+00
1.1083249183e+00
-6.7847024388e-01
8.8143924934e-01
1.1978212011e+00
-1.4661055957e+00
1.9019385386e+00
1.1041107706e+00
-6.9008238117e-01
-1.1096932638e+00
6.5110969930e-01
1.8556384602e-01
-1.8005290297e+00
-1.3093496173e+00
-5.7995097322e-02
-1.9332315491e-02
3.4052841084e-01
-8.3392352750e-02
7.1377957101e-01
1.9590619762e-01
-1.2932329410e+00
-2.8490853943e-01
-5.3334116862e-01
-5.1276764239e-01
-2.1376568342e+00
-4.0676544032e-01
7.1306821198e-02
8.4422704334e-01
-1.2692593272e+00
-4.5876764210e-01
-3.1621858793e-01
-1.8947186058e-02
-5.2697690044e-01
-2.4714272634e-01
9.5940160206e-01
-6.4009338955e-02
9.7004546280e-01
6.1162547982e-01
-1.3608529645e+00
-2.3092144274e+00
-2.9072913982e-02
-2.7513533651e-02
2.7009205403e+00
9.4079558294e-01
4.8415539183e-01
-5.8084509860e-01
-2.1352439231e-01
1.3653368006e+00
-1.4344905982e+00
-5.4751867526e-01
-1.2826142991e-01
1.2130284000e+00
-1.7337251742e-01
1.3713375317e+00
-1.3579701108e+00
-6.9595437849e-01
3.5248386940e-01
4.3515884806e-01
-9.9171461356e-01
-2.9086412153e-01
3.6222523557e-01
3.7251790512e-01
8.4610409145e-01
-3.4767271450e-01
-8.0700106461e-01
-1.7410557217e-01
2.1279122041e+00
-9.1591341643e-01
1.1332242893e+00
-3.1381243593e+00
8.1721496615e-01
-7.7321054871e-01
4.7963603706e-02
3.0971432672e+00
1.4358116043e-02
3.6103461391e-01
1.0594745513e+00
-6.2514412709e-01
3.7558221730e-02
-5.8109457899e-01
7.1758272595e-01
9.5873852144e-01
-3.9725023309e-01
1.1186486828e+00
1.1088332915e+00
-1.3427379797e+00
-2.6697215274e-01
-9.7035688248e-01
2.0898124920e-01
-2.2582834630e-01
3.6529769434e-01
-1.5214313810e+00
4.2102370055e-01
5.9755501016e-01
-1.4601053343e-01
-7.4892652202e-01
4.3562095619e-01
-3.2824610937e-01
-1.1634114062e+00
-2.2835279544e-01
6.1594095033e-01
9.0836678418e-01
-5.7000525141e-01
-1.0230261394e+00
-2.1547163257e+00
1.0429516688e-01
-3.4890159861e-01
2.9322213246e+00
-3.9382740861e-01
1.6223720619e-01
4.8156878642e-02
1.3510023377e-01
-1.1785805790e+00
-2.3630630646e-01
-9.6741457846e-02
4.4495852269e-01
-1.1015662144e+00
1.1912325262e+00
1.0177063341e+00
-1.0267064385e+00
1.6778769860e+00
-1.0857952264e+00
3.3949124928e+00
-1.0227063190e+00
2.2754511259e+00
-1.1380394997e-01
-6.6971811278e-01
6.7025260124e-01
1.4163579726e+00
-1.5434318735e+00
7.2366225090e-01
-1.5392919946e+00
-6.1066446615e-02
1.6991328923e-01
-4.2379899086e-01
1.5878290097e-01
1.9492499935e-01
-9.5250330655e-01
5.6864529981e-02
6.9800902159e-01
1.2905817431e+00
1.5460966576e+00
-9.6469925928e-02
1.0103936835e-01
2.2040766354e-01
1.0035188957e+00
-4.6516061133e-03
9.9183016750e-01
-7.4756784929e-01
1.1831463656e+00
6.4010437391e-01
-1.1761780570e+00
1.0205059033e+00
-7.6794668280e-01
1.1665713583e+00
-5.5306441798e-01
1.9993120001e+00
1.3606387474e+00
1.1023554939e+00
-8.1981362117e-02
-1.3904278018e-01
8.8427652966e-02
-4.6809729723e-01
7.1484828369e-01
-6.9565000813e-01
-7.0857546718e-01
-1.1017065481e+00
1.7888479784e+00
7.4329874154e-01
1.0736379812e-01
5.7202728531e-01
-9.5008641142e-01
-7.1704396009e-02
4.8578847177e-01
-8.2182349152e-01
2.0114985696e-01
-1.5034375468e+00
1.5094370073e+00
2.7483778293e-01
-1.4083757243e+00
1.0341728186e+00
1.1983105549e+00
-9.1130389808e-02
-8.4144510138e-01
-2.0605398271e-02
7.0108902101e-01
-9.5699035401e-02
1.0084629441e-01
3.3706308008e-01
-5.2135583924e-01
1.6679760728e+00
-1.0232083426e-01
-7.0314006942e-01
4.0428227642e-01
-1.4169270234e+00
1.6545459756e+00
4.5898406041e-01
1.3522483019e+00
6.9062775967e-03
-1.0951596947e+00
3.0361976334e-01
-8.2164634714e-02
-4.4824542547e-01
6.4453028727e-01
-5.2388079842e-02
6.4998403326e-01
3.1798485059e+00
3.1914496212e-02
5.7154361520e-01
1.9365280705e-02
-7.0206656541e-01
2.3263707848e+00
-1.7042918635e-01
6.4244026290e-01
-1.9052522415e-01
-4.6191837870e-01
6.7639477718e-01
5.8533227904e-01
6.1624161239e-01
4.9984568388e-01
-6.9574617170e-02
-5.1491397363e-01
6.3183973877e-02
1.7582780408e-01
-2.1624531184e-01
1.3476170308e+00
-1.2557233461e+00
-1.7300430649e-01
-5.6102479808e-01
-1.0870570889e+00
-4.6048133096e-01
-1.4744490616e-01
-1.0128074637e+00
-8.7549978232e-01
1.9651848450e+00
-4.0670104338e-01
3.8280146622e-01
1.2669969604e+00
-9.5483617527e-01
6.1095362883e-01
-1.1906984256e+00
2.2058739094e+00
-1.2781624698e+00
-4.4550540481e-02
5.0785672321e-01
-1.3676589183e-01
-1.6344731568e-01
1.3571959822e+00
-4.0996366249e-01
-5.5983511042e-01
8.8354732234e-01
2.3251057965e-01
1.6389560500e+00
3.8863114071e-01
2.0217252322e+00
-2.7975698413e-01
-6.7941128808e-01
1.0300231878e+00
6.1347184075e-01
2.3465067773e+00
3.4981468070e-01
3.4681238516e-02
3.6696973543e-01
-1.6238166751e-02
6.3362561131e-02
-1.1840538306e-01
-4.4169537581e-01
-1.4516801355e+00
-4.1709547314e-01
-1.5057533532e+00
-1.4177999181e-01
1.2511442346e+00
-1.7032890535e+00
1.1496146350e+00
-1.6150290262e+00
5.2502405671e-02
1.0289959190e-01
-2.6223930390e-01
-1.6148485604e-01
1.1296863848e+00
-4.5885893411e-01
-7.5869000365e-01
-1.6153508509e+00
-1.9101854886e-01
-6.9156684276e-01
-3.4769433164e-02
-1.6041506477e+00
5.4989605965e-01
-2.3177448178e-01
1.4210205445e+00
9.3721512968e-01
1.4036995610e+00
-7.6666704871e-01
3.2383410599e-01
-7.3270578198e-01
-6.8088661041e-02
1.5232350699e+00
1.2267844669e+00
-1.1700232087e+00
6.7190067461e-01
-1.0130091211e+00
-6.1437132178e-01
-1.5522230834e-02
2.4227554943e-01
-8.1931862224e-01
5.0477551458e-01
-3.0774486684e-01
9.7939235883e-01
6.8686759106e-01
5.8086587935e-01
-7.8446830649e-01
-7.0646347204e-01
-4.9626566435e-01
-1.0587175031e+00
-4.1169509297e-01
1.9586877467e+00
-4.1970891233e-01
1.2931958827e+00
-2.1725010466e-01
1.1278943476e+00
-4.8064124176e-01
1.8841605396e+00
7.2857264193e-01
-1.3326284921e-02
9.9578376464e-01
-7.6206269460e-01
4.9272986439e-01
4.2442788858e-01
-1.1026840196e+00
3.7691243696e-01
-1.6757124146e+00
1.8616313907e+00
1.9614823453e-01
7.4165084636e-01
-4.3318926687e-01
-1.6758994337e+00
1.4093095595e+00
2.2350085661e+00
-8.3096342792e-01
-2.0328253515e-01
2.6449387955e-02
2.9620051122e-01
-7.2424464219e-02
1.1954230565e+00
-6.2144594215e-01
-1.0286886046e-01
5.5953194455e-01
1.7481222800e+00
1.8076431365e-01
7.3130427405e-01
-1.5748695578e-01
8.4418351999e-01
-3.5545172794e-01
-8.5920052540e-02
6.8164244600e-01
-5.2949331655e-01
-1.8346590949e-01
1.5402078505e-01
6.2434385130e-01
3.3467710303e-01
4.1400434551e-01
7.7093202202e-02
-3.5919964498e-02
-1.8580779021e-02
-6.0182661374e-02
1.4387786393e+00
-9.0614159398e-01
-8.5951247349e-01
2.1580835017e-01
1.0510079021e+00
2.2349350754e+00
1.2727163503e-01
-7.8586384823e-01
9.2028321634e-01
-8.4515058808e-02
-7.8071792820e-01
-7.1357178248e-02
-8.7848983842e-01
-9.5192509002e-01
2.1376813518e-01
-1.8687067024e+00
1.1415440811e-02
4.7258152877e-01
7.2018383534e-01
-1.2017572277e+00
-9.0337424613e-02
1.3957335137e+00
1.5601786524e+00
-1.3259797144e+00
7.6622846446e-01
-1.4607324676e+00
1.6645433092e+00
5.2802758376e-01
-1.0617384745e+00
-5.7821548778e-02
-4.2419357358e-01
5.2837006968e-01
1.6145587025e+00
1.4818312610e-01
-1.7081657642e+00
8.6667236689e-01
5.0074269894e-01
1.1894671556e-01
2.0026532577e+00
-7.1419928605e-01
4.0496937690e-01
8.0714899445e-01
1.0673363387e+00
-4.2887127303e-01
-8.3143133581e-01
-9.9062619116e-01
-1.9623459558e+00
-3.2628232575e-02
-4.6245745986e-01
-8.5375184553e-01
2.9791602268e-01
-1.6776491900e-01
-3.8961911670e-01
1.5036425618e+00
-5.5581145760e-01
2.3015648812e+00
-1.1879787728e-01
7.5333533255e-01
3.0149041840e-01
3.8097778347e-01
-1.2354540961e-01
-3.1832633016e-01
-5.5200395076e-02
-1.6538239310e-02
-5.4076978062e-02
-1.0141643681e+00
1.7460018039e+00
-2.4211161454e-01
1.9434710831e-01
2.4199109139e+00
-3.9716760342e-01
1.1604241383e-01
-8.5949949603e-01
6.4055594422e-02
2.2717752000e+00
1.5214130421e-01
-2.5194516083e-01
-1.8349211488e-01
-9.3437951652e-01
5.9627685327e-01
