-2.2935290542e-01
-4.2564295877e-01
-3.2576537869e-01
3.0442815223e-01
4.7293635804e-01
-6.3752142765e-01
2.5345868512e-01
-3.1525858911e-01
-2.3873053158e-01
-2.8155247287e-01
-4.6167597487e-01
-5.5970114709e-01
3.2998107586e-01
-4.9980755609e-01
2.7090085851e-01
2.3348615888e-01
6.5381224940e-01
-4.1048932178e-01
4.4288462053e-01
-3.2970473489e-01
-2.8409098606e-01
-3.0905270164e-01
-4.3621802146e-01
-4.9785949365e-01
-3.3128977361e-01
-4.3113385886e-01
3.9440331770e-01
5.3533964861e-01
2.6160454190e-01
4.0986299185e-01
2.6237744261e-01
-2.9469352995e-01
4.4367845149e-01
-2.4793792928e-01
2.2512937423e-01
3.0080131194e-01
1.7976544839e-01
-4.2570160865e-01
2.5490301342e-01
2.7787296811e-01
-3.8929310433e-01
-2.4756065940e-01
2.6680294117e-01
5.9125679318e-01
2.9461243252e-01
-2.3826410840e-01
4.5528677812e-01
-4.4182214306e-01
3.9146430517e-01
4.7495456175e-01
5.5597110056e-01
-5.9114579946e-01
-3.0869072544e-01
4.2558301097e-01
-3.6507952308e-01
3.4353192933e-01
2.5381847313e-01
2.6870531197e-01
2.6759467084e-01
-4.7363189187e-01
-2.6186794951e-01
-3.9834955521e-01
2.5364227585e-01
2.6527240543e-01
-4.9619657611e-01
-2.4164342732e-01
2.5679681501e-01
-2.4982809538e-01
-5.0381899218e-01
-2.8225499755e-01
-4.0019015238e-01
2.9056476806e-01
-5.6464372754e-01
-2.5657300298e-01
-2.6120494482e-01
5.4682130115e-01
3.8877942421e-01
4.0933878291e-01
5.8826847052e-01
-5.0951153319e-01
2.7053332196e-01
-4.3259034781e-01
-3.7940506112e-01
2.4877887346e-01
-3.8543903994e-01
-2.8523104912e-01
-3.2351450431e-01
5.4851738954e-01
2.5011414069e-01
2.8407227552e-01
5.9253818514e-01
-6.2943534893e-01
-2.5446259198e-01
-3.0749872589e-01
-2.7267415168e-01
2.6143199204e-01
5.0742587761e-01
-2.8450375469e-01
-1.8298461145e-01
-5.4665159236e-01
-2.4635288771e-01
2.3514138114e-01
-4.2366993364e-01
-4.2946885538e-01
3.1470941856e-01
-6.1955692961e-01
-3.2183342024e-01
-3.5755167579e-01
-2.6064063935e-01
-4.8907711853e-01
-2.8625547753e-01
4.4902515253e-01
3.3755649878e-01
-6.6240069027e-01
2.6563635164e-01
-6.3523132189e-01
-3.4445438684e-01
-3.3868115819e-01
6.7275828534e-01
-3.9530719087e-01
2.8751394067e-01
5.2458333150e-01
2.6651594809e-01
-6.4202302295e-01
4.0433150543e-01
-2.9987515768e-01
-4.7473294894e-01
4.2756977406e-01
2.3079279872e-01
2.5468593344e-01
-4.6434668370e-01
2.4731192883e-01
-5.2255607298e-01
1.6749801554e-01
2.5936917629e-01
2.9950167060e-01
-2.3989919801e-01
-4.5931752996e-01
5.0255502990e-01
-5.1343154462e-01
5.2013773619e-01
-2.4148330725e-01
4.7212630291e-01
3.7922083813e-01
-3.7068310393e-01
-3.5240856439e-01
6.5356174287e-01
4.3555971338e-01
5.1034662140e-01
-5.5189155341e-01
-2.7224786313e-01
2.6031725531e-01
-4.8706477622e-01
4.4973651586e-01
2.8107571907e-01
-3.0207501275e-01
-5.8569902502e-01
-3.6689693458e-01
-4.6044531106e-01
2.6094572824e-01
3.3843570080e-01
-4.4345036980e-01
-2.9290020672e-01
3.6525602867e-01
-2.5539917090e-01
5.7179764955e-01
3.9879534849e-01
-2.5581722409e-01
4.5519887018e-01
-5.2059301710e-01
2.9157659605e-01
2.2390734854e-01
-5.2169831288e-01
4.9062060339e-01
-3.7266257666e-01
4.7542801577e-01
-3.2610756157e-01
4.9337875409e-01
-2.8507548712e-01
1.9950827773e-01
4.2946163747e-01
-2.4517459927e-01
3.5665110767e-01
-4.3618793554e-01
3.6639205408e-01
2.4818814509e-01
-3.3611217279e-01
-4.0819993503e-01
-2.8791818591e-01
4.0731207367e-01
-4.2963085545e-01
2.3794281987e-01
-2.5326678874e-01
2.8344726165e-01
4.8825756279e-01
5.1123591741e-01
-2.4419392789e-01
-2.2267094471e-01
-5.2875947962e-01
4.9627167383e-01
-4.1474102019e-01
-2.6302032247e-01
4.1747681640e-01
2.2808690647e-01
-3.5777708671e-01
-2.8916151312e-01
2.9554702648e-01
-2.4056686497e-01
3.0301174807e-01
-2.9286914391e-01
-3.6815205324e-01
-2.7263975146e-01
3.9772724329e-01
3.0779570546e-01
-1.9258967491e-01
3.4552059661e-01
-3.0575910129e-01
3.7823224931e-01
-2.4210194787e-01
4.5562650843e-01
3.3835424967e-01
-2.6327947933e-01
-4.2096763943e-01
5.1365708166e-01
4.7326911058e-01
4.5567971535e-01
5.8730299653e-01
2.1801095208e-01
2.8977449952e-01
3.1402146330e-01
4.5394814144e-01
-5.4037103638e-01
-2.9360047429e-01
6.0225930624e-01
4.5793684572e-01
4.0279327675e-01
2.6888740074e-01
-2.6441052509e-01
2.9977403761e-01
3.0630416177e-01
-2.8982813654e-01
3.7284749412e-01
-3.8284279313e-01
6.3798569524e-01
-5.6036733248e-01
4.7496725758e-01
-4.4654923244e-01
4.4780183353e-01
2.3253216362e-01
-4.7666181258e-01
5.2490789046e-01
2.6255185883e-01
4.7033455590e-01
-4.0297792797e-01
3.5918196383e-01
5.7225083020e-01
-2.4205167172e-01
-3.1464346124e-01
-2.4924381445e-01
2.5021155731e-01
2.4543195229e-01
5.3546996114e-01
4.7631049890e-01
-2.9745444447e-01
-4.6639489092e-01
-2.6117357667e-01
-2.8026969344e-01
2.5137109043e-01
4.6820299735e-01
2.4693494910e-01
2.3227808558e-01
4.9117564710e-01
4.8923696342e-01
-2.6469668370e-01
2.5211735599e-01
2.8878727665e-01
-2.4849248861e-01
-5.3555656438e-01
-3.3589985787e-01
5.9068327403e-01
-3.0322659988e-01
6.5666055568e-01
-5.2262604344e-01
-2.4157619546e-01
5.9508834267e-01
4.5839370201e-01
3.1770257582e-01
-3.0153831731e-01
-2.7041536682e-01
-3.0260937863e-01
5.4765533234e-01
-2.7516528009e-01
-2.4465428998e-01
-2.5192000618e-01
2.7627028438e-01
-2.6701098238e-01
5.8772535650e-01
3.5178496157e-01
-4.4875534016e-01
2.9491781450e-01
-3.1591364541e-01
5.1325610085e-01
4.8532765145e-01
6.8844953437e-01
-5.4395406818e-01
-4.0954381785e-01
-5.1769100001e-01
-2.8527900789e-01
5.4997281374e-01
-4.6257834206e-01
2.4722206659e-01
2.3200918113e-01
3.0666537056e-01
2.5312552232e-01
-5.4523494490e-01
-2.5817117165e-01
3.5649742920e-01
4.1260427155e-01
2.8831651933e-01
4.5456191928e-01
2.6916394215e-01
4.8681304793e-01
5.4411001299e-01
2.6135703718e-01
-2.3527851236e-01
2.4131903443e-01
5.1095188713e-01
-2.5014499580e-01
3.4585678592e-01
3.1924414039e-01
-5.3576761964e-01
4.4428926217e-01
2.9556004454e-01
-3.4387133502e-01
4.1010526057e-01
-5.6176763164e-01
-2.4921622370e-01
5.8490592597e-01
-2.5513245491e-01
-5.3035494780e-01
2.0190576228e-01
-4.0675070798e-01
5.1162952600e-01
-2.2003803905e-01
-4.4270876029e-01
4.2370109041e-01
4.9442607705e-01
2.1608183192e-01
-2.5834719568e-01
2.5299441079e-01
