-1.3916126266e+00
8.2622577095e-01
1.6443532469e+00
-2.4880423055e-01
-7.5789504065e-02
-1.8721605748e-01
-5.6059753643e-01
1.0734299971e+00
4.4242030122e-01
-6.9903909568e-01
2.2510468094e+00
-1.7128750305e+00
7.6865924878e-01
-1.1731175382e+00
-1.0901187317e+00
-4.8994063120e-01
1.0619817684e+00
-6.3340361247e-01
6.6803718395e-01
-4.3248925822e-01
4.5581400458e-01
3.2127947955e-01
3.7995558798e-01
1.7812617099e-01
-2.8415475246e-01
-1.4762891950e-01
5.4124783005e-01
-1.3858455324e+00
-4.5325374979e-01
-2.7351494814e-01
1.4924119100e+00
9.7232615811e-01
2.3234885886e-01
-4.6495868615e-01
-1.0142255142e+00
-7.5817554136e-01
-8.1740191064e-01
5.4312828698e-01
-1.8984274048e+00
3.8789628138e-01
-1.1195985676e-01
-1.2522788963e+00
1.1801147014e+00
-2.8348941342e-01
-2.1198411009e+00
7.7923474109e-02
-1.2589854895e+00
1.1785081909e+00
2.8040129735e-01
-6.6172141998e-01
-3.3282136434e-01
3.9700902302e-01
-6.3521775515e-01
1.3371027059e+00
8.9884010483e-01
8.2598060482e-01
7.3811432221e-01
-7.4760630292e-03
-1.6854469910e-01
-1.1337921550e+00
-1.8985109664e+00
-3.1908831853e-01
-1.5357733476e+00
-2.1818813883e+00
5.4973897928e-01
8.3312512470e-01
9.8935988573e-01
-1.0946657604e-01
6.6075209512e-01
-8.1575754386e-01
2.1932488955e-01
-9.1192642802e-02
-7.5736560361e-02
6.4798844329e-01
-4.0331623344e-01
-8.4509305426e-01
-3.1740143595e-01
-2.1061345966e-01
-8.6355605804e-02
-1.2256166818e+00
9.8472015246e-01
-8.5838865624e-02
-7.7976805373e-03
1.8820288325e-01
-6.6646946852e-01
-1.0605900352e-01
3.8198564373e-01
-8.8206220431e-01
-1.9321342935e+00
1.3920726141e+00
4.7547157344e-01
5.4151120011e-01
1.9067291560e+00
-1.0607215687e+00
4.7671855846e-02
-1.3692266688e+00
-1.4036298985e+00
-1.0241715778e+00
-1.1096904338e+00
-8.3074353698e-01
-5.6218757545e-01
1.0427989630e+00
-1.0046874344e+00
4.9546037045e-01
-1.4057281409e+00
-3.2316844859e-01
-9.0364185083e-01
-8.6268111198e-02
-1.7412971468e+00
1.0740288539e+00
-1.4592548353e+00
1.3537079408e+00
-3.1791914559e-01
-7.6649392199e-01
8.7950930782e-02
-2.2799033034e+00
-2.3668755663e-01
-5.5445064123e-02
1.5858870787e-01
1.2575777808e+00
-1.1854903049e-01
-3.9228268390e-01
-1.5076231112e+00
-3.4980879999e-01
1.9538360682e-01
7.5490466950e-01
1.8292337258e+00
-1.9835189752e+00
-1.0162258331e+00
6.6596193346e-01
3.3596192448e-02
1.5398631284e-01
-1.4163423199e+00
-1.1878983068e+00
1.0986536169e+00
4.5709687521e-01
1.1258022156e+00
-5.2305098078e-01
9.3532701501e-01
-2.7755809799e-01
1.4452484673e+00
-7.6035341207e-02
-7.2619890952e-01
7.0110685859e-01
-6.3599050757e-01
-4.1979242550e-01
2.5859977598e+00
4.4378129081e-01
-1.0122862918e+00
-1.0261281975e-01
-2.7312522838e-02
9.2113337397e-01
2.7389912494e-01
3.3169720231e-01
1.0370071986e-01
-2.6276878727e-01
-7.4226473031e-01
-1.2914059878e+00
-1.0845388951e-01
1.9249377836e+00
-7.8348623958e-01
-1.7160471852e-02
1.9865878741e+00
-1.6185887500e+00
-2.9917924030e-01
-2.5218859307e-01
1.3866248210e-01
-1.0071520880e+00
-3.2520096186e+00
-1.4236134258e+00
-1.0108163336e+00
1.0978385515e+00
6.1142762454e-01
-5.6357970512e-02
-1.4620261690e+00
-8.7763089989e-01
-5.2407260079e-01
6.3321998750e-01
8.7618184451e-01
-6.3297711774e-02
-1.2945258240e+00
-7.5004865043e-01
-1.5141784520e+00
2.0356935477e-01
2.3812209447e-02
-3.7499031158e-01
2.2600705551e-01
1.1104098589e-01
-7.9401152127e-01
4.6576464412e-01
-9.7150671145e-01
4.0274424749e-01
9.3370650587e-02
4.3390393865e-01
1.3636241722e+00
2.9447942624e-01
1.3933735097e+00
2.4719154672e+00
-4.3773209475e-01
2.7969961184e-01
-6.2029960792e-01
-9.4690008614e-01
2.1371810924e-01
4.4952703412e-01
1.9949075431e-01
-3.4260479726e-01
1.1698635350e-01
5.9673046770e-01
-2.1745947458e-01
3.6638772226e-01
-2.0894245470e-01
-5.3402136350e-01
7.4203681844e-02
-3.6858617887e-01
-3.3230918795e-01
6.6858449240e-01
1.1863470316e-01
-6.4894095068e-01
3.2387785291e-02
9.5091597104e-02
-8.0628137351e-01
2.4656786164e+00
-1.7670915858e-01
1.2371633474e+00
-6.9278591757e-01
7.7364036832e-01
-1.2224570919e+00
-1.8296392682e-01
-5.9519676100e-01
4.1856221847e-01
-3.2538131271e-02
4.6643688622e-01
5.4503202996e-01
-9.6749401847e-01
-9.3138265053e-01
-9.8538813890e-01
5.7184804344e-01
-1.0041049416e+00
8.5585668666e-01
-3.8694410811e-01
-2.7127370728e-01
3.2955753984e-01
-2.4687897526e-01
-4.2034118154e-01
-1.2306434319e-01
9.1883896807e-01
-5.4814837116e-01
-1.3344418735e+00
-1.2121252869e+00
-7.0816072922e-01
-9.1918788412e-01
1.9828179879e-01
-8.0715738426e-01
7.2915699612e-01
5.5439234078e-01
3.3668086772e-01
-1.3694212535e+00
-1.1751940954e+00
-1.1593519604e+00
-7.1348241795e-01
-4.7818641533e-01
2.0906205087e+00
-1.5830991069e+00
-4.8462640835e-02
1.3061891746e-01
-1.0944874923e+00
-3.6291797819e-01
-1.2654275114e+00
2.3054145067e-01
1.5105481595e-01
1.8074757543e+00
-1.5283092192e+00
1.2061351143e+00
-5.9826518454e-01
1.1308871619e+00
4.2586692357e-01
-2.6562058043e-01
-3.3187685366e-01
-8.7979549882e-01
1.9147931210e+00
4.0796207007e-02
-3.8114725509e-02
2.5944422142e-01
-8.1452472662e-01
1.3077491158e+00
-4.6360011424e-01
-8.7909508380e-01
-9.8601799661e-01
1.9647067899e+00
-7.3603974065e-01
5.0350235296e-01
-5.6074699447e-01
4.2449405321e-01
-1.1877087458e+00
7.6588482020e-02
-1.0326804709e+00
-2.6354482709e-01
5.4010588301e-01
-1.1814896417e-01
-6.7068976813e-04
1.9217018226e+00
-1.1547215699e-01
-5.4937941702e-01
-4.7082094545e-01
1.0334960094e+00
-2.0988450439e-01
-5.6354874705e-01
-1.7787248949e+00
1.2008408607e+00
1.0708646928e+00
-1.0451802392e+00
2.0747652263e+00
1.0774911123e+00
5.4507762465e-01
1.1650549974e+00
2.9599494721e+00
-1.0328858806e-01
3.8146906404e-01
-8.5153197077e-01
3.1044343775e-01
-7.3875837166e-01
7.2273531701e-02
-2.3314692783e-01
-3.3484566591e-01
1.3121328040e+00
5.2580747124e-01
-8.5851930080e-01
1.0107101878e+00
8.0294547456e-01
8.1881330131e-01
-2.2262428253e-01
9.4489244205e-01
-1.7509085171e+00
6.1330959150e-01
1.1764147420e+00
4.5031238754e-01
5.3269764607e-01
3.4769157821e-01
-4.3765547590e-01
2.4825763570e-01
-1.2475158573e-01
-8.5308680080e-01
-1.7511055759e-02
8.3678945406e-01
8.8181129849e-01
1.7066881927e+00
8.2891304504e-01
-1.3674915370e-01
2.5667539040e-01
-9.7890786883e-02
