1.8915969986e-01
-1.7583209758e-01
-2.0255249080e-01
2.1139215199e-01
1.7008930837e-01
-4.5253191219e-01
2.0952000358e-01
-2.3143474422e-01
4.5997538512e-01
2.0206715304e-01
4.8178947103e-01
1.8165154957e-01
5.2905694813e-01
1.8132926993e-01
1.6764480903e-01
-4.7664358581e-01
4.6850158936e-01
2.1043888323e-01
-2.0987732081e-01
4.1059520961e-01
-1.8004150059e-01
-2.0679434282e-01
-2.2627098079e-01
-1.5587651473e-01
-1.5565263524e-01
1.9295568003e-01
4.2595076778e-01
1.8406723832e-01
-4.1200443524e-01
-3.5578981535e-01
-1.4869161498e-01
4.9521342107e-01
-2.3501635056e-01
-4.5891912289e-01
-5.1472514540e-01
1.9625295150e-01
1.9035147585e-01
-1.7590370371e-01
-5.3747365302e-01
4.4756244816e-01
-1.9442797833e-01
-5.2416077742e-01
-2.1066494532e-01
1.5173295571e-01
-5.1961094196e-01
1.8156880253e-01
1.7698675124e-01
-2.3759877494e-01
1.7308835264e-01
2.4498048546e-01
-1.8005115281e-01
-2.0131602095e-01
1.5290244669e-01
4.8734735855e-01
-2.0098618619e-01
4.7100685643e-01
-1.4712044214e-01
-4.2053567507e-01
-2.3271332589e-01
1.5964901043e-01
-5.0162040613e-01
2.5102117249e-01
1.6454225087e-01
2.2715884093e-01
-1.3653272732e-01
5.4462052506e-01
3.7499982939e-01
-1.6324492008e-01
-2.5776694128e-01
-5.8293912620e-01
3.9326127280e-01
-4.8181509989e-01
4.6535324920e-01
5.3530145238e-01
2.1305110891e-01
-4.3187660526e-01
2.0026325295e-01
1.6123684702e-01
-1.8816715264e-01
-4.7945424626e-01
3.7655034611e-01
4.7688714475e-01
-1.6718983176e-01
2.1155843182e-01
1.6656251402e-01
2.3329431758e-01
3.7098013854e-01
-4.5963298403e-01
2.4931867971e-01
-1.8435285240e-01
4.9425040721e-01
-1.7353538563e-01
-2.6796334892e-01
1.6381106860e-01
-2.3087597190e-01
-5.1814481731e-01
-5.6333743454e-01
1.8202214638e-01
2.2926682010e-01
-5.6085839559e-01
-2.9642682881e-01
-1.7426229998e-01
2.2475959731e-01
4.6916675603e-01
-5.2106786010e-01
-4.8475946758e-01
1.8173582937e-01
-2.1578656263e-01
1.6348738111e-01
4.8336587799e-01
1.8025761198e-01
4.7551698464e-01
-3.1987523110e-01
-4.9193526120e-01
-2.5011199200e-01
-5.2241371536e-01
-4.4371139588e-01
4.4278350828e-01
3.0200016012e-01
5.1928623520e-01
3.3173126940e-01
-1.8846236616e-01
-5.6784940806e-01
4.9877412425e-01
-1.8168953861e-01
-1.7912303681e-01
-2.4157414236e-01
-5.3559160404e-01
-4.9566062978e-01
4.4214929911e-01
2.2702155307e-01
-3.6018606711e-01
-5.1979788970e-01
-4.3389643714e-01
3.7508049483e-01
4.0092178528e-01
5.1184886538e-01
1.7785230688e-01
5.3795721981e-01
2.3335029043e-01
5.2105496678e-01
1.8924616843e-01
-3.1936192716e-01
5.1482433797e-01
-5.7894165754e-01
2.9307399064e-01
-1.8202015981e-01
-2.0114449458e-01
-5.3971850973e-01
4.9707006587e-01
4.4621913019e-01
-1.8250579623e-01
-1.7783348016e-01
-1.6246076088e-01
-1.8080952472e-01
1.6740270451e-01
-3.3987618240e-01
-4.4884156618e-01
5.3368320510e-01
-1.9663672179e-01
1.8599934461e-01
-1.7249028184e-01
-2.0537056723e-01
1.5298093096e-01
-5.0859492560e-01
5.1086610913e-01
2.1596556647e-01
-4.8211690670e-01
-4.5369026845e-01
-4.3661355803e-01
-5.1707834283e-01
-2.7857265772e-01
-4.9332132170e-01
2.3825819188e-01
-4.1343600792e-01
1.8964982744e-01
1.8093137400e-01
-2.2163925282e-01
3.7331376287e-01
-1.9285207407e-01
2.5109705513e-01
-3.2409174810e-01
2.0927591403e-01
4.4702683992e-01
-1.5727104696e-01
2.6600588772e-01
5.3702340459e-01
-8.2998013531e-02
1.4721901723e-01
-1.7805982049e-01
1.9257490934e-01
-2.4140309031e-01
-3.9675310486e-01
5.3501160443e-01
4.7066774420e-01
4.3739431592e-01
4.5713580598e-01
5.0844165125e-01
-3.0635932368e-01
-1.9089513519e-01
1.6012778529e-01
1.8724591695e-01
-1.5787117685e-01
5.4114309329e-01
4.5927261162e-01
1.6528885125e-01
-3.5847748445e-01
-1.2565279861e-01
-3.4361037434e-01
-3.7748395040e-01
-4.0575669947e-01
-4.2594146359e-01
2.4996948663e-01
-3.4323362476e-01
-2.8066915960e-01
-1.8859903845e-01
1.8159019982e-01
-2.0175729142e-01
2.0133966826e-01
5.0875717399e-01
-4.9907141845e-01
5.2563385245e-01
-3.5835609145e-01
4.6521780564e-01
1.6586384281e-01
-2.0689310457e-01
1.5683096854e-01
4.5593692785e-01
2.0066201629e-01
-2.7104152588e-01
1.5945531994e-01
-2.2568173463e-01
-1.7220049492e-01
1.7929224897e-01
2.3501617111e-01
1.6056551957e-01
-4.9246487730e-01
-3.7466719942e-01
-2.8483926509e-01
-4.4394765661e-01
1.4032678671e-01
5.3689145994e-01
1.8524389615e-01
-2.1979036240e-01
-4.5403302611e-01
4.7040561956e-01
2.2740693309e-01
-6.0548574193e-01
1.7163568538e-01
4.2256358905e-01
-5.1146631572e-01
1.7138588363e-01
2.2351561783e-01
4.0715993875e-01
4.4696432479e-01
5.6477202246e-01
-5.2477334456e-01
2.5339526558e-01
1.6759466970e-01
1.5551273399e-01
2.2284830557e-01
5.6785171434e-01
-4.7906546644e-01
4.6501238135e-01
-2.0373834795e-01
-5.3098474261e-01
1.6917167599e-01
1.7998396070e-01
5.0709115309e-01
4.6722531686e-01
-1.8867084308e-01
1.7385623514e-01
-1.6135742462e-01
-3.6778078283e-01
4.1462021974e-01
-1.9499170770e-01
1.7156860483e-01
-4.1947167396e-01
-3.6725227268e-01
-1.8255373906e-01
1.8599480659e-01
-5.0245506616e-01
4.3110479828e-01
-4.9887978010e-01
-1.7170988547e-01
1.9067295540e-01
-5.2566149939e-01
1.9420205405e-01
5.0540746535e-01
2.3325929567e-01
-2.0920201667e-01
-3.7776367612e-01
4.5006440886e-01
1.7753802235e-01
-3.2113782958e-01
2.2507815546e-01
-1.7541598604e-01
-2.4240226503e-01
-1.6963094341e-01
-2.7128688347e-01
-2.3097631158e-01
4.1493387299e-01
-4.8112154222e-01
-3.8728220673e-01
-2.2208322828e-01
-4.1163420130e-01
-5.6980204299e-01
-5.4663781362e-01
-1.8826357862e-01
-2.3486790697e-01
-2.2583948533e-01
5.5997555473e-01
-1.6733405796e-01
2.2675099161e-01
-2.0016805513e-01
-2.0581804555e-01
2.5939091350e-01
4.7099855023e-01
1.9907813317e-01
-4.5539772591e-01
-1.8529859613e-01
3.4155783309e-01
-1.4129833830e-01
5.3631662784e-01
-2.1394085624e-01
-1.7979509270e-01
-5.1570658316e-01
4.4375784207e-01
3.7136401959e-01
-1.6519934644e-01
2.0173429120e-01
-2.0889547542e-01
1.6264294658e-01
-1.8880490120e-01
-1.6212852474e-01
-1.9170214497e-01
4.4549922327e-01
-4.6377254466e-01
-4.1633767563e-01
-1.9279408954e-01
-3.7627819775e-01
-1.6926070065e-01
-1.9836466680e-01
-1.8519555496e-01
4.2087813423e-01
-1.7727323904e-01
4.7428960798e-01
-4.1296764936e-01
-3.3793308585e-01
-2.8574459751e-01
