-4.8203800560e-02 -1.3977700315e-01 3.1372318225e-01 2.3763080906e-01 -2.6498950159e-01 -2.6258901143e-01 -1.5110569911e-01 -2.5787952535e-01 2.2308079226e-01 -3.2793228902e-01 1.9948906345e-01 1.3958852775e-01 -2.6531137713e-01 1.8657312935e-01 2.1841489248e-02 -1.6836315527e-01
2.1737445873e-01 9.5834089111e-02 2.0905233215e-01 -2.8056786669e-01 -3.1585916787e-01 3.0963362028e-01 -5.2469894123e-02 5.2925618998e-02 -2.5206301024e-01 -5.8977890551e-02 1.8233447779e-01 3.7462337061e-02 8.1843931689e-02 1.1208679899e-01 1.4286950836e-01 -7.4428660905e-02
-4.3798941520e-02 -3.0277035973e-02 2.9086665198e-01 -2.2836506519e-01 -9.8539910229e-02 -1.9574259641e-01 -3.7346916266e-02 2.6270980517e-01 -3.3192398471e-02 -2.8338305050e-01 -8.5514273977e-02 1.6074493237e-01 8.2324930724e-02 -3.0227474070e-01 -9.3754196561e-02 1.8565138243e-01
2.0043234675e-01 -5.6049112639e-02 -3.1701209357e-01 -5.2285050553e-01 -4.8105002718e-02 -1.1924133068e-01 -6.0789531150e-02 1.3699381526e-01 -1.8366643278e-01 -1.1212411167e-02 1.1525039808e-02 1.3506275060e-01 2.8519672313e-02 5.1806408722e-02 4.4383629977e-01 -5.6370531673e-02
3.2683194933e-01 -1.3561726754e-01 2.9395949653e-02 2.5521992188e-01 6.8626726158e-02 -8.0532836868e-02 -2.5202810942e-01 -3.6525416477e-01 4.7768934927e-02 2.6322725944e-01 1.6436112460e-01 1.6200187998e-01 -1.4093625095e-01 1.3793628092e-01 9.0414705481e-02 -2.0810594519e-02
6.8484442631e-01 5.9113632489e-02 1.8761110912e-01 5.4032314866e-02 7.5804887086e-02 1.9679837467e-01 -3.5737777267e-02 -4.5978351046e-01 7.2729312118e-02 9.8298156750e-02 1.1352649604e-01 1.9221654556e-01 1.8625938582e-02 1.0561096934e-01 3.4412837104e-01 -1.5561369895e-01
-2.1798460910e-03 -2.7043236360e-02 -2.8050087224e-01 -3.9480443308e-01 -6.1621462586e-01 -2.0251495721e-01 -3.0490689268e-01 8.4153193306e-02 4.4100915192e-02 1.8080345613e-01 -4.3131618557e-01 3.7280043939e-02 1.3941501089e-01 -2.4942339320e-01 2.4553034105e-01 8.6974308035e-02
-8.3406450876e-02 1.4088946467e-01 -1.8001951302e-01 -1.2771794313e-01 1.0710603703e-01 -2.5885448148e-02 1.1630451708e-01 3.6508775774e-01 -4.6155542727e-03 -1.6747611282e-01 -9.5301770923e-02 2.6237808016e-01 6.3322082419e-02 3.1992152885e-01 2.9532668855e-01 3.8885594557e-01
-1.5814569496e-01 -3.1479448003e-01 -1.5243319877e-01 -1.1543281342e-03 8.3610605514e-02 -1.2986526583e-01 -2.0748574011e-01 1.2244655160e-01 2.5878974582e-01 -9.7675634387e-02 -1.3047906753e-01 2.0120351859e-01 6.7342284006e-02 -3.0290948697e-01 5.9518252923e-02 2.8466519964e-01
2.5260021269e-01 1.8183547111e-01 -3.8463549218e-01 5.3870933000e-02 -5.2793481194e-01 7.9993528024e-02 -4.9418306417e-01 -1.7542944560e-01 3.4708589756e-01 -1.4204856064e-01 2.4782514084e-01 -2.5281113723e-01 -7.7940043998e-02 -1.8864508488e-01 -8.8360411081e-02 9.2766702331e-02
5.9533173354e-02 -9.2620893833e-02 -2.5323369738e-01 -1.2625298164e-02 2.2482005383e-01 -2.1767821533e-02 -5.3047473534e-03 3.3766136880e-01 9.1366985363e-03 -2.0850611348e-01 2.2549333360e-01 -1.0756798739e-01 -3.8970682138e-01 -2.5299128270e-01 -1.8265356739e-01 -2.9536588417e-01
-1.4042697094e-01 -3.1830804222e-01 -1.4787210114e-01 4.7083712385e-01 -4.2756803971e-02 3.2307300743e-02 2.9552047803e-01 -9.0658927997e-02 4.7956190918e-02 -2.5675001941e-01 -2.5653875446e-01 3.1288071090e-01 4.5921833617e-01 5.0289260631e-02 1.8468089982e-01 2.7316798902e-01
-8.4720097931e-02 -1.1877357128e-01 9.3216691722e-02 -3.5189549512e-01 -4.0509907092e-01 3.5228485546e-02 -5.8370043424e-02 -4.0312669909e-02 -6.3597909182e-03 2.8136336786e-01 -1.2288237376e-01 1.0572402845e-02 8.2440377370e-02 -2.8995057783e-01 -2.9153209837e-01 -9.6400163715e-02
-8.5582558923e-02 -1.1632808632e-01 1.2852935219e-01 2.0381640099e-01 -8.4163420285e-02 -8.6754169995e-02 1.0662721496e-01 3.6318586501e-02 8.6710467961e-03 -1.3612237535e-01 -1.0720519071e-01 1.2707652094e-01 2.8361972276e-01 -1.0733205272e-01 -1.8123189431e-01 -3.5387147166e-01
-3.9769454072e-01 6.1130749272e-02 -1.9832853734e-02 3.1300929307e-01 -8.9934144440e-02 2.9728559630e-01 -2.8881311085e-01 -2.4544192988e-01 1.8520521470e-01 -2.1002757508e-01 1.8352656876e-02 2.1686497118e-02 -2.2305799821e-01 -1.4572490393e-01 1.3706929763e-01 -1.9483144718e-02
-9.1353273793e-02 1.4823640619e-01 6.0083294858e-02 1.8772789697e-02 8.4839212342e-02 3.3049206816e-01 -1.3775540408e-01 -1.9195603861e-01 7.0666971740e-02 -8.1871225582e-02 2.9496020421e-01 -4.3338192536e-04 5.9600458985e-02 5.1182994228e-01 4.3026785766e-02 -1.3084044817e-02
-3.1015950274e-01 -1.8111120236e-03 -4.3853815474e-02 -2.7471086118e-01 -9.8635691829e-03 -2.5744897590e-01 -2.3932432961e-01 2.2264409289e-02 1.0560634339e-01 -2.1316432242e-01 1.8277560238e-02 -5.4899240793e-01 -5.8168354434e-01 -3.1020247456e-01 -3.7798474157e-01 1.6051830053e-01
5.4918107041e-01 3.1419423101e-01 -6.1494677951e-02 -1.4179183220e-01 2.2762509506e-01 -4.1106494325e-01 2.6801238046e-01 5.2580706686e-02 -1.1890314318e-01 3.3484941757e-01 -2.4050288747e-01 5.7204267738e-01 4.5594986905e-02 -2.1301617687e-02 -1.7149338924e-01 -3.0946366474e-03
-6.5377685895e-02 -9.0147196736e-02 1.0587088140e-01 8.0042230438e-02 -2.1896416248e-01 8.4885421553e-02 6.4865691130e-02 1.7719746108e-01 1.8961613071e-01 -2.2421002614e-01 -1.5452253163e-01 3.5604184293e-02 9.1234381579e-02 1.5285032466e-01 -3.9159141967e-01 -5.6668298434e-02
-5.8849967897e-01 -3.5754368358e-01 2.6574937133e-01 5.2489547054e-01 -8.1495292076e-02 3.9402068940e-01 1.1821233071e-01 -4.6577979590e-01 -5.7650515482e-02 2.5274556443e-01 -8.8926301789e-03 1.2251715111e-01 -3.1635575402e-02 5.1022116033e-02 3.3613983484e-01 -2.2012354252e-01
1.9530368247e-01 6.1563579347e-02 -3.2391839105e-01 -1.4331545260e-01 -2.2313246899e-01 -2.5137729279e-01 3.5145949641e-02 1.0485821829e-01 -4.1094458810e-01 -6.8985586185e-02 -2.1110559458e-01 -1.2179798558e-01 -5.3492071293e-02 1.2272284390e-01 -9.9278602235e-02 2.4774232983e-01
-1.8383343058e-01 8.5176230674e-02 -2.1575174907e-01 2.7823242660e-01 -6.4610728803e-01 -1.1886000312e-02 -3.4970441562e-01 -1.6507920897e-01 -1.6112229810e-01 3.3524223149e-01 1.0336300301e-01 -2.4828049011e-01 -4.3167041627e-02 4.1555152554e-01 -1.2482800222e-01 -3.5277473692e-02
-1.0685410517e-01 2.2377814418e-01 1.3549899697e-01 2.6115392761e-01 2.2842324793e-01 3.8569858431e-02 -2.7784883657e-01 -2.4492357634e-01 2.8588713893e-02 -1.3608588593e-01 1.2496458719e-02 2.4734397461e-01 8.0992374321e-02 -3.3649250704e-01 4.6412993668e-01 -1.4280567403e-01
-4.1974860100e-01 -2.2944305939e-01 1.7590793895e-01 2.7788532592e-01 -2.1301866904e-01 6.4383613306e-02 -1.1730894199e-01 -1.4508399897e-01 -4.1780427029e-02 -2.8445579666e-01 -3.9108631162e-03 1.1288273613e-01 -3.3827734791e-01 2.4566779806e-02 9.7655691321e-02 6.8616871343e-02
