3.2929772869e-02 -8.0444716880e-02 7.6322077867e-02 -7.8101478595e-02 -1.2239478376e-01 -1.2251482357e-02 -2.4404039524e-01 1.2023143995e-01 4.1483580548e-01 8.6371119434e-02 -2.3587849341e-01 -1.2994375617e-02 -1.8598574697e-02 1.5823443001e-01 2.4552722962e-01 -2.2739997786e-01 -1.2308221007e-01 3.1018360026e-01 1.7439099442e-01 6.7640860441e-02 3.4756368018e-01 -2.0505905740e-01 6.8705446129e-02 3.8052828536e-02
-1.8926479746e-01 -6.5908241592e-02 2.4555124661e-01 -4.7636391793e-01 1.8354391083e-01 4.1055558172e-01 -2.0800896751e-01 -4.5758309155e-01 -2.9411226047e-01 -2.9334847531e-01 -9.8281365122e-02 -3.5200221576e-01 3.0180366855e-01 2.9111201685e-02 2.7431783360e-01 8.6988743087e-02 4.5144950438e-01 -6.8112534805e-02 7.4198913022e-02 1.2716761533e-01 1.6359598295e-01 -9.5297663970e-02 1.1865966598e-01 -1.0003340795e-01
-7.7221921957e-02 -3.7228553999e-02 -4.8914045040e-02 -1.5721655772e-01 -5.0771394492e-01 -8.7645291031e-02 2.8693900110e-01 3.7885034473e-01 -1.6957850746e-02 -1.6277459632e-01 -1.5727813275e-01 7.3459769161e-02 5.0574828733e-03 -4.1712342257e-02 4.0758144593e-02 1.7409030644e-01 -3.4823063861e-01 -2.5307147593e-01 1.2617881166e-01 -2.0607155701e-01 -1.1308163191e-03 1.6305946982e-01 2.9768104859e-02 -5.4615246001e-01
7.0341143106e-02 1.7595630443e-01 3.3813411538e-01 -2.7347670789e-01 3.3617903177e-01 3.0524506233e-01 -1.2287538843e-01 -7.7914354810e-02 1.7633763435e-01 1.1031581521e-01 -9.2008959967e-02 1.8572537286e-01 -3.2742274159e-01 -2.0903446737e-01 1.2956204894e-01 -3.4840491761e-01 -7.6868422895e-02 -1.2313827154e-01 -1.4024544044e-02 7.5380426318e-02 1.6936572767e-01 1.5136474434e-01 5.9732031644e-02 -1.4231183351e-01
-1.7612437969e-01 -5.2778371349e-02 -5.7770709120e-02 2.1814262801e-01 1.1397889736e-01 -1.0649208321e-01 3.3250771493e-01 1.0502645937e-01 1.3793287504e-01 -1.4998519915e-01 -8.8868354823e-02 -3.0294139551e-01 -1.0764107390e-01 3.1676868248e-01 -7.9873785325e-02 -2.6207219855e-02 1.4056950558e-01 2.0559661250e-01 6.1670421702e-03 1.2419716199e-01 1.7255859217e-01 6.0681289061e-02 1.5345779784e-01 -1.2661102384e-01
1.5061257675e-01 2.7168748984e-01 -6.8651268175e-01 4.3522291769e-01 -7.5577760249e-02 -5.4333984548e-01 2.7734220518e-01 1.1254237607e-01 1.2854839585e-01 1.7144467808e-01 -7.8257972221e-02 2.9334983109e-01 6.3685552243e-02 -1.1612036225e-01 1.1880040699e-01 1.8809972951e-01 -7.9897625079e-02 -5.0441006211e-02 1.1840141058e-01 -2.1557590345e-01 1.8702151255e-01 2.4555252983e-02 6.6329591518e-02 -3.7530746670e-01
-1.7905070404e-01 2.9783205796e-01 -1.2624596258e-01 -2.2337216917e-01 -5.2997301901e-02 1.7138908170e-02 2.4834617819e-02 1.2306375057e-01 1.3531988339e-01 -4.4167385740e-01 4.7143133481e-01 8.2907262402e-01 1.7529420998e-01 5.1403294779e-02 4.4369671552e-01 -1.8230222212e-01 2.3816163772e-01 8.5443523787e-02 3.3728110140e-01 1.6214745558e-01 2.5958752933e-01 -1.0467819292e-01 1.4452650976e-01 3.0646138330e-01
-2.1583703163e-01 -1.6191637056e-01 -2.2601176957e-02 -1.5093756184e-01 2.6196544832e-01 4.3407695852e-02 -1.2501436169e-01 -1.0214075876e-01 -1.7403333142e-01 3.1364548751e-01 -2.6212261381e-01 1.4320359320e-01 6.5495065307e-02 -8.5540676905e-03 2.7840723753e-01 2.1840453676e-01 1.7226147853e-01 -1.4550959779e-02 -3.3116978588e-03 -1.1504097896e-01 -1.9946676201e-01 6.2025440548e-02 2.4158421932e-01 5.0756817210e-02
9.5212270324e-02 4.5997051286e-01 6.3619611662e-02 -1.3443010990e-01 5.6601738131e-01 5.3063770288e-02 4.2942773769e-01 3.5541134448e-02 3.0164880269e-01 -2.0324550399e-01 1.5632191366e-01 4.0886214643e-02 -6.5378257475e-02 3.8298923645e-02 -2.9228130758e-01 -9.1258379903e-02 3.9380634864e-01 -4.3842027620e-01 2.6808858028e-01 -3.7283827581e-01 1.9638618761e-01 -2.7370548386e-02 -4.7391754125e-01 -5.3082059049e-02
9.9514740666e-02 -4.1269005504e-01 -1.9811588758e-01 1.8180961573e-01 1.1258696517e-01 3.1654177008e-01 2.7416840175e-01 3.9531799846e-01 5.1383886643e-04 2.5950433613e-01 2.4093328714e-01 1.5747165822e-02 -4.1567350774e-02 -8.5392953823e-02 3.6208075106e-01 -3.5838824843e-01 -1.1601218707e-01 -5.5423942084e-01 1.7017052595e-01 -8.0772519314e-02 -2.2533499158e-01 -1.0681374196e-01 1.5394150280e-01 4.9631805641e-02
1.6317303317e-02 -7.1485089727e-02 1.6554728242e-01 1.5938517871e-01 -9.4914176396e-02 4.2659383309e-02 3.3829601869e-01 2.7272397072e-01 -1.8342854211e-01 -9.8979158989e-03 1.0587576993e-01 -1.2069422053e-01 1.9481987274e-01 4.6730111875e-02 -3.3881052031e-02 6.2561149825e-01 -1.6332867115e-01 -6.8247126074e-02 6.6133706261e-03 -2.4610659659e-02 -4.1114019148e-01 -3.1152550720e-01 -7.8098750487e-02 4.5104482273e-02
2.4738474641e-01 -2.4412604536e-01 4.1923412611e-02 -2.1219301391e-02 4.8330031348e-02 -1.3317175369e-01 2.5203818246e-01 6.5174233852e-03 -7.3824131209e-02 -1.6457145153e-01 1.6120056597e-01 -1.0618512047e-01 -7.1573449695e-02 4.3983991740e-02 4.2457560235e-01 4.3194545707e-01 1.6279509170e-01 4.7308457964e-02 -3.1323034406e-01 -2.7947399652e-01 2.1085662203e-01 1.5658158509e-02 2.2130567108e-01 -7.3135996199e-02
-1.7133836795e-01 2.3927183671e-01 3.7278635091e-02 -1.8009122632e-01 2.5239131452e-01 3.4242816771e-01 -2.7981298247e-01 3.0069744332e-01 -1.8410303650e-02 1.0616151219e-01 3.3651060826e-01 2.7000630368e-02 2.9937152026e-01 -3.4659616738e-01 4.3816666622e-01 -2.0218300335e-02 2.2074958500e-01 1.5314645264e-01 1.8485592783e-01 4.9673653696e-02 -4.3493345685e-02 1.5549809954e-01 -1.7095389769e-01 9.2586313264e-02
1.3709344449e-01 3.1449807093e-02 1.6088041288e-01 -1.0051971076e-01 3.9828654235e-02 1.8512498097e-01 -3.9407422756e-01 -1.4068527510e-01 6.2915459201e-01 -7.3444562744e-02 -1.4644746246e-02 2.5068055329e-01 2.0005510288e-01 2.7282903278e-02 -8.8490871298e-02 1.6275128083e-01 5.3905895460e-01 -2.7080573168e-01 -1.0561217703e-01 -7.2319208000e-02 2.3598959960e-01 4.3163732642e-02 -7.9274290813e-02 -1.4211393332e-01
-9.9603510245e-02 2.1941702193e-01 -3.5453546350e-01 -4.2186123074e-01 -2.9317384339e-01 8.4447478962e-03 4.7505687158e-01 -1.3533720453e-01 -5.8294982699e-02 -1.5184682707e-01 -7.6302755467e-02 -6.0112178331e-02 -3.9338059831e-01 1.2521494482e-01 1.1503018770e-01 2.8222830846e-02 4.4079389780e-03 1.6396390786e-01 1.8922853201e-01 1.7492407367e-02 -3.3799105210e-01 -8.6811613156e-02 2.5388161357e-01 4.2166741783e-03
1.1470208872e-01 4.5896573245e-02 -2.3264829136e-01 3.3214022762e-01 -2.7526948640e-01 -1.7107079572e-02 -2.2559608751e-01 1.1799029400e-01 -4.7595779459e-02 -9.0519073732e-02 5.5401493267e-02 -8.8695581572e-03 -1.2130564891e-01 1.0071026060e-01 -3.0548610296e-01 1.8063682279e-01 -1.3605724216e-01 -6.1106500056e-02 -2.5913590623e-01 2.8307177655e-01 -2.1699296145e-01 9.9876898045e-02 1.5494999860e-02 5.3407987273e-03
9.1153957338e-02 -2.8121223583e-02 8.5607150772e-02 -1.1350721793e-01 2.2282538091e-01 -9.0087031344e-02 -4.1059709408e-02 -1.4481416422e-02 -9.7348117368e-02 -3.0200764379e-01 -3.2280894044e-02 9.5233590080e-02 -1.4732178070e-01 -2.4988695820e-01 -4.4974013744e-02 -1.4525507150e-01 9.5891681189e-02 5.6194391823e-02 2.4593420314e-01 -1.6783690881e-01 3.2122177455e-01 2.0003804499e-01 -2.3088546017e-01 -3.6448188174e-01
-8.9156553298e-02 2.1599408349e-02 4.1072987189e-02 -1.0438961925e-01 2.0278172743e-01 3.0950342815e-01 8.7940147172e-02 6.2764638610e-01 -7.0657814583e-02 -1.0387044047e-01 -1.3402903364e-01 1.8118490675e-01 3.1459069155e-01 5.6902799707e-02 -1.9584052419e-01 1.7614929262e-01 -9.9897132702e-02 2.2149194332e-01 3.6517366526e-01 1.7092497853e-01 -4.5313045293e-01 8.0504623853e-02 1.3377686821e-01 -2.3840228455e-01
1.5598316131e-01 -1.9086098963e-01 7.5075641776e-03 -3.0193996670e-01 1.7655827140e-01 -2.2822553108e-01 -1.0601319622e-01 -5.4128242064e-02 -3.3157028613e-01 -1.3000205349e-01 2.6590733997e-01 1.9560024204e-01 -3.1289369195e-01 -2.4332335474e-01 1.6531228244e-01 -3.0158539204e-02 2.6533349671e-01 2.0915007722e-01 3.3903552526e-01 8.5447014490e-04 2.2039069766e-01 -1.3756786566e-01 1.8120572040e-01 -7.7803225328e-02
-1.6696438353e-03 -2.7225733566e-01 -1.0962158693e-01 1.8974236739e-01 3.6743095029e-02 1.1575043757e-01 3.1161518267e-02 3.8632917886e-02 -8.1138385761e-02 -3.7358258759e-01 -2.2183955711e-01 3.6529966135e-02 -8.8932160097e-02 -1.4019475262e-01 -7.0137030605e-02 -3.4832171171e-01 2.8548967691e-01 -3.6473689697e-01 2.4661894683e-01 1.3767572341e-01 8.0368317964e-02 4.8050684243e-01 1.2184932422e-01 -2.6788928935e-01
-4.6771523279e-02 4.9299235140e-02 -1.3563140147e-01 3.6106424417e-01 -1.8649300224e-01 1.1252702129e-01 3.0101597519e-01 4.7722874789e-02 -1.3889709928e-01 -5.6494426741e-02 2.9267303357e-01 -1.1190129497e-01 -3.2091321407e-01 3.4097052061e-01 -1.9779773584e-03 3.2979442509e-02 9.5168747955e-02 -7.3313955888e-02 2.1660232259e-01 9.6997725749e-03 -3.3880041367e-01 3.8838197850e-01 -4.2185921746e-01 -2.1663024876e-01
1.2796698447e-01 3.8963654617e-01 -1.6268236102e-01 -2.4896174210e-01 1.0353163690e-01 3.5272395744e-01 -1.7778200428e-01 3.5091427548e-02 8.0973058172e-02 7.9411013183e-02 -2.5480437884e-01 7.5025300689e-02 8.2637847426e-02 -1.6692433865e-01 -1.9579061208e-01 -1.3954595366e-01 3.4333187393e-01 -2.0939370378e-01 -1.8025715009e-01 -2.9224259457e-01 1.8843261063e-01 1.5182238594e-01 6.7634228078e-02 -6.2146442748e-03
-7.3465634650e-02 -9.3898862352e-02 3.8040034977e-02 2.4586083121e-01 3.1285582974e-01 -1.2306947230e-01 2.0156785945e-02 -1.5052983160e-01 4.6780186507e-02 2.4763370796e-01 -5.1801078462e-01 2.8647089990e-02 -1.8795979304e-01 -7.0487381588e-02 2.8849221932e-01 -1.0646922491e-02 2.6691263404e-01 1.7105558365e-01 1.7577986692e-02 1.9677612357e-02 -3.2697824287e-02 -4.5817928118e-01 -5.7907400522e-02 -3.6540050759e-03
4.4195010487e-01 2.5096892324e-03 -1.5757407547e-02 9.7920320580e-03 2.0205542278e-01 -1.7981718235e-01 -2.1380174577e-01 -3.1722346158e-02 9.8415004274e-02 4.5983988427e-02 6.3032599694e-02 1.8372673759e-01 -3.8466599973e-01 -2.2645173984e-01 -1.5082938700e-01 1.0362130699e-01 4.2833178813e-02 1.9427546006e-01 3.4383107010e-01 -2.7389675409e-02 -2.0076873230e-01 -2.7491071773e-01 7.1301280774e-02 -6.1585952407e-02
