8.3319716444e-02 3.6458296978e-01 -1.6912130220e-01 -2.3873796588e-01 1.2648990652e-01 7.3543124960e-02 -1.6986740186e-01 4.2472019661e-01 1.5756782452e-02 -4.3599071669e-02 -3.2826925045e-01 4.1808194382e-02 5.8473564913e-02 -3.6609754616e-02 -2.1058704962e-01 -2.0368086670e-01 -5.8349754198e-02 -1.0837345406e-01 -2.5849927365e-02 3.5804857920e-02 1.1618587521e-01 -1.0608007200e-01 -1.7268892338e-01 -1.1332137833e-01
-4.4483032685e-01 8.8057394286e-02 -2.0391806764e-01 1.3168221418e-01 1.2733653057e-02 5.6358453906e-01 -2.5762383160e-01 -1.1029690249e-01 -2.3033149271e-02 -3.4905071709e-02 -3.3722106733e-02 -6.0996277485e-03 -9.4806140063e-02 -1.2943885545e-01 -2.5788506776e-01 -1.3718115041e-01 -2.8399106409e-02 -2.1119992229e-01 -2.9639723133e-01 -2.0924661520e-01 -2.6690579980e-01 4.6545017991e-01 -1.1262249144e-01 2.5468370431e-01
-1.2495267612e-01 -1.6263597442e-02 1.7228821358e-01 -2.3745589845e-01 -7.2012477322e-02 1.1907732460e-01 4.6785616561e-02 1.5801379071e-01 -2.1878099091e-01 -1.3070239298e-01 2.2580995502e-01 -3.0394299626e-01 -1.3380617368e-01 -2.9381091707e-01 -1.1770173275e-01 1.9503672902e-01 -1.4995671972e-01 -2.5915715822e-01 1.5745148924e-01 6.6366781126e-02 1.4170381049e-01 1.2698565006e-02 -1.2358229867e-01 -5.9750559043e-02
2.6601589385e-01 2.6652415674e-01 7.6261153259e-02 1.8003158424e-01 -6.4985904902e-02 7.1365404311e-02 -1.8556411979e-01 -1.9266102514e-01 -2.5704362043e-01 -2.1942001693e-01 -5.4249062059e-02 -4.0152304110e-01 3.5505687582e-01 -3.2723674680e-01 -5.5770264873e-01 -3.1182443719e-01 9.8940546311e-02 -1.0456814847e-02 -4.5820038029e-01 1.6682678785e-02 1.1704447672e-01 1.4097260253e-01 2.3017659186e-01 6.5125659902e-03
-3.8612971085e-01 5.9728186146e-02 2.8803951744e-02 1.1248821120e-02 4.3877272234e-02 -1.5856281429e-01 -2.8150042533e-01 -9.3735414604e-02 1.0452248882e-01 -4.2246875664e-02 -2.4669027214e-02 2.4110954062e-01 -2.6711746339e-02 -1.5507678913e-01 2.3150246107e-01 -1.2032528728e-01 4.1618551291e-02 -3.3570146883e-01 -1.7019111879e-01 6.0802109873e-01 5.9813094346e-03 -1.7184158250e-02 -1.8303547699e-01 -5.4394719150e-02
4.4664429590e-02 1.1682524514e-01 4.2121075926e-01 2.6685396865e-01 1.0396827266e-01 -9.4758598562e-02 2.2130605786e-01 -3.3650173764e-01 6.7731624906e-02 -9.1725746897e-02 7.0595128263e-02 -1.7140253656e-02 2.2250656924e-01 1.0127783023e-01 6.0214694219e-02 -1.3696159629e-01 3.2834301096e-02 -2.0675273333e-01 2.4862881672e-01 -7.0891446876e-02 -6.0584353325e-02 -1.1912284162e-01 3.4725455762e-01 1.2704663874e-01
-1.4008244201e-01 -9.4066473704e-02 1.0155638465e-01 1.0681521577e-02 1.3428760021e-01 -2.3841194846e-01 1.6856822641e-01 3.8423687285e-02 -2.5161436651e-01 -1.0811045464e-01 2.6537680973e-01 -3.3500815655e-02 -1.0242266088e-01 -5.9520940913e-02 1.2243213923e-01 -1.5244549683e-01 -4.4587293150e-02 3.0034181324e-01 2.1107052605e-01 7.8657995917e-02 1.7108676195e-01 -3.3417709949e-01 -1.0433665604e-02 -1.0466360054e-01
1.3895395194e-01 4.1963387783e-01 2.6506099416e-01 2.1204395213e-02 2.5983244995e-01 -1.7490299447e-01 -1.9688384780e-01 -6.3312017051e-01 1.3710233374e-01 2.2043075703e-01 -2.1404735702e-01 -1.4049840091e-02 4.6943362424e-01 2.6279418095e-01 1.6875217303e-01 -1.4602876689e-01 -3.2208202948e-01 1.6206415804e-01 2.1380209973e-01 -1.5697806584e-01 -1.9719389443e-01 2.7035345444e-01 9.1849750431e-02 1.5706527588e-01
-1.1833745621e-01 -5.1088064659e-02 2.3365011046e-01 -1.2764729911e-02 6.6596191254e-02 -1.3527585973e-02 3.3504408351e-01 2.7792773261e-01 8.6986779552e-02 -1.4500694306e-01 -7.9890455667e-02 -2.5355419521e-01 -2.7825189310e-01 2.3981354764e-01 7.4673051311e-03 3.1612870530e-01 7.4956970776e-02 9.8173263787e-02 5.1871600749e-03 -3.0772607682e-02 2.2720553997e-01 1.4363234940e-01 5.5519169907e-02 1.2456734707e-01
2.9852939754e-02 3.8624258975e-01 3.6319159231e-01 -2.4868128842e-01 -3.4379771842e-01 -2.3098176748e-01 -3.5620905502e-03 1.3405853581e-01 -1.2059618896e-01 1.7181547774e-01 -6.3875706470e-02 1.5917024302e-01 1.9057054053e-01 9.9967262191e-02 -3.1109879913e-02 2.5171999513e-01 1.9541364990e-01 -1.5212820776e-01 -3.5454943819e-01 -7.8775682618e-02 1.1524139143e-02 -1.0731250141e-01 2.1304431527e-01 -1.2216976244e-01
-3.1179867240e-02 -2.7954724303e-01 -2.1744164966e-02 -5.1694021646e-02 -4.1392172814e-01 1.9226645558e-01 3.6182066536e-01 1.9200180227e-01 8.2774808985e-02 3.8042320302e-01 2.8760231151e-02 7.2753740854e-02 1.4943400744e-01 -2.0779656940e-01 1.2761871759e-01 -3.2952996933e-01 -7.0410674170e-02 1.7351142972e-01 -1.0096475564e-01 -2.8585979842e-01 -9.6423910186e-02 7.8225984148e-02 4.5883341469e-01 -1.9004110362e-01
-3.6954712391e-02 8.1101367845e-01 1.7450920658e-01 1.8763397111e-01 -3.4193696069e-01 -1.2621571934e-01 2.8778096488e-01 -1.1959477055e-01 3.0120042454e-01 1.0989296246e-01 2.4310582906e-01 3.1911820572e-01 -4.6129667279e-02 6.0102351701e-02 4.9252281425e-02 2.8516540312e-02 -1.6223490514e-01 -1.3271962482e-02 -6.5950735827e-02 2.0214272893e-01 -1.8408470041e-01 -1.2256236285e-01 3.7231407489e-02 -8.9690954620e-02
-2.5046424037e-01 3.1088387067e-01 1.9096161990e-01 -2.9160039759e-01 -4.6656461971e-02 -1.0958543623e-01 -4.6734953276e-01 2.3961012110e-01 -2.7593558145e-01 -2.4788674898e-01 -7.8364855937e-02 -7.4242701927e-03 -1.5196154220e-01 4.3252743151e-02 1.1753836570e-01 1.3676258724e-01 -2.7989264056e-01 -1.5225867446e-01 -3.5365703703e-01 1.3291453674e-01 -1.2565029126e-02 -5.5276484821e-01 1.0053471980e-02 -1.1725145941e-01
-1.0493763291e-01 2.4739608897e-01 2.1310288698e-01 -5.5993802578e-03 5.5083017687e-01 -3.1082656422e-01 -1.1255427833e-01 2.1718113684e-01 -2.0161342683e-01 -3.6495792962e-01 -1.6405676209e-01 1.2790980121e-02 -1.7358106783e-01 -3.7505910290e-02 1.1095299851e-01 5.9958826748e-02 -1.2006654507e-01 -1.5697528233e-01 -1.3784195987e-01 1.6326050892e-01 -2.4938454614e-01 -1.7611629543e-01 -7.6054016099e-02 -4.4643740018e-02
1.8868279120e-01 2.5961159014e-01 -3.6400034696e-02 1.0010055997e-01 3.1572343875e-01 8.6719951168e-02 1.3465277968e-01 -2.7805308676e-01 1.5041855753e-01 -2.3025916774e-01 -5.5069942047e-01 1.7816418246e-01 1.9735552977e-01 -1.8132406435e-01 -2.6178794477e-01 -1.1834028494e-01 4.1879297966e-02 1.9595598993e-01 -3.5713207908e-01 1.2511766681e-01 1.5884866428e-01 -1.2226466788e-04 -6.9265151033e-02 2.2514334228e-02
-2.8230417727e-01 -1.2294363682e-01 3.3031400142e-01 -3.9616795042e-01 1.2975900723e-01 -2.9847382955e-01 -7.9850698613e-02 4.0995055123e-01 -4.1443569252e-01 4.2700230671e-02 -1.3602312458e-01 2.7355727708e-01 -4.2932961773e-02 3.0064962154e-01 2.5426839091e-01 -1.2812544472e-01 -5.3766181434e-02 -1.1541243098e-01 2.7806479126e-01 -1.3927497155e-01 -1.7988684772e-01 -3.4161332704e-02 -1.2712041341e-01 3.3168401661e-01
-2.6846740659e-01 8.2224810110e-02 1.6320090274e-01 4.4387160409e-01 3.8322873685e-01 1.6045704811e-01 -1.3199957885e-01 2.0663775751e-01 5.4443942183e-02 -1.9742249269e-01 -2.1607333750e-01 3.1533974589e-01 2.4767213092e-01 7.3023916303e-02 -5.4390564100e-02 -2.0951846682e-01 1.0184333394e-01 -2.2640902112e-01 -8.5746102444e-03 -5.5400077204e-01 2.1520141413e-01 -3.4395612515e-01 1.3376172260e-02 4.4994417745e-03
-1.7133665030e-01 -2.5083288604e-01 -2.9090893127e-01 -5.5922508239e-02 1.0739654130e-01 5.9998792304e-02 4.9237693114e-01 5.5349200533e-02 1.4769143938e-01 3.3588485979e-01 2.7346719726e-01 -3.0108145444e-01 -1.7574130876e-02 -2.8274089971e-01 -1.8608749312e-01 -5.6237992843e-02 3.0861201273e-02 2.9766681606e-01 -3.1814041900e-01 -2.4300712250e-01 -2.5390282208e-01 2.1800269975e-01 1.7387738266e-01 1.5196451656e-01
-1.9060643513e-01 6.8966912973e-02 -1.9179513132e-01 -1.6013122566e-01 2.0234321276e-01 2.8062122499e-01 -1.4882395808e-01 -9.5995146218e-02 3.9272989446e-01 -1.1089206144e-01 2.5902383638e-01 -1.0319166817e-01 1.0696840615e-01 -1.3869538937e-01 -2.0868708604e-01 -1.3738481390e-01 5.1378950107e-01 -6.1223552169e-02 -4.1459999146e-01 -3.2143152793e-01 -5.5673150036e-02 -2.6019331292e-02 -7.6885376865e-02 1.9762914178e-01
-2.1155410280e-01 8.2263317644e-02 4.2217623634e-01 3.0359324189e-01 2.0004296836e-01 2.7731841514e-02 -1.6249217774e-01 -2.8055816800e-01 -5.7115353981e-02 5.0337010520e-03 -2.6316882821e-01 3.7412354217e-02 -3.6393631819e-01 -8.6582975623e-02 1.4070434710e-01 -2.6860623176e-01 2.9032992883e-01 1.7355344025e-01 -4.4052348832e-01 -1.7748980032e-01 -9.4122288571e-02 -2.9331633679e-02 -1.0586032187e-01 7.5855301417e-02
-2.2036657779e-01 7.7482408817e-03 -1.3916637873e-01 -3.8332510604e-01 8.8986656350e-02 -1.1182330033e-01 -6.5462032268e-02 8.3157739692e-04 1.2563566773e-01 -6.5060548870e-02 -2.9267420082e-01 -3.9986531269e-01 1.0408612686e-01 3.3223240570e-01 2.4284506696e-01 1.7429974914e-01 7.9569591426e-02 1.3228499677e-01 -2.9243148208e-02 -2.0915379211e-01 8.1262534804e-02 -9.7269169513e-02 -9.4509861692e-02 1.4967902946e-01
2.7986963207e-01 2.8498730397e-01 -4.0627840961e-01 1.4009781980e-01 2.9965748584e-01 4.3649912908e-02 2.9538536063e-01 2.9497279111e-01 1.4171691957e-01 -1.9010983214e-01 -2.2361985459e-01 4.0487819737e-02 1.7165115149e-01 8.9485356295e-03 6.5109163815e-02 8.3134605499e-02 1.7848093146e-02 1.4506265721e-01 -3.2395222323e-01 -1.3748940156e-01 -2.3794218809e-01 -1.4457035833e-02 -3.3411076161e-01 -6.6830919097e-02
8.7773402695e-02 -6.8960171476e-02 8.8524195469e-02 7.0337520670e-02 -4.2800798756e-02 4.7805774451e-02 1.5720008215e-01 1.2195208917e-02 1.5678872394e-01 -2.4705160286e-01 2.5486477908e-01 2.3402958822e-02 -2.9090785558e-01 4.0922189577e-02 1.6887383055e-01 -2.6860093540e-02 3.5829049107e-02 -2.3843456540e-01 -2.9951427896e-01 3.2046339937e-01 1.3318061593e-02 -1.3353354029e-01 2.3315206687e-01 -1.8754410194e-01
-1.5108293239e-01 2.8544053584e-01 -1.0009121040e-01 -4.4756979305e-01 5.6133602684e-01 2.0393398320e-01 3.2182389676e-01 1.0515387901e-01 1.4446533817e-01 2.8410985160e-01 -1.5215363311e-01 -1.4953101964e-01 1.6325433016e-01 7.1900306133e-02 9.0283497158e-02 -2.4261967249e-03 9.7991842173e-02 -1.7840911141e-01 2.7829970001e-01 2.3869163949e-01 -6.0069772462e-02 -2.0079597250e-01 6.9832706471e-02 2.5673110881e-01
