-1.6769033739e-02 2.7862183779e-01 4.2909666688e-03 -1.8132255959e-02 1.0228095502e-02 1.5481652492e-01 -1.5292322896e-01 2.0501940390e-01 1.0366662942e-01 -5.1439323130e-02 -1.8545671618e-01 4.0531049751e-02 1.0806376649e-01 1.0475856933e-01 3.4891779401e-01 -3.8003602590e-02 -2.0457152865e-01 8.8600007941e-02 -4.0335436924e-01 1.6284962562e-01 5.8723704431e-02 1.2274230544e-01 6.6590824387e-02 1.4312700770e-01 -4.2357169926e-02 -9.9392591821e-02 1.7493297672e-02 5.6683903156e-02 -1.9603606133e-01 1.4098708855e-02 -1.4137475516e-01 -3.4610965710e-01
-5.0868084472e-02 -1.8578142436e-01 1.6845187062e-01 -4.3614326078e-02 1.0055883709e-01 1.7294868673e-01 1.3170488730e-01 -2.4116225860e-02 1.1823767627e-01 2.2021868810e-01 4.9075483618e-02 9.5300472509e-02 1.5066962273e-01 -3.1667386892e-01 2.1625026458e-01 2.7592070566e-01 -2.7234968592e-01 -1.0835980486e-01 1.0033551556e-01 1.6307418003e-01 2.9735419967e-01 2.9660636248e-01 -5.7466800628e-02 -1.1178223654e-01 -1.5436484172e-01 -2.2363386007e-01 -1.4387710238e-01 -9.9012541315e-03 1.3618916824e-01 -1.1889654762e-01 1.3800509030e-01 4.4533617699e-02
1.5905055966e-01 2.4045053819e-02 1.4753383447e-02 1.1694748561e-01 8.4689936471e-02 1.2322686439e-01 2.8061888051e-02 -2.3373389133e-01 -1.3474712493e-01 1.6067576838e-01 -2.5228028114e-01 9.9765517810e-02 -2.0039925892e-01 1.7766978593e-01 2.6140891416e-01 5.5398394390e-02 1.0885139396e-01 -4.2413484620e-02 2.0294843778e-01 4.0299381638e-01 1.9276005495e-01 2.1638297206e-01 1.2949474231e-01 -9.2492130087e-02 -2.0815257980e-01 8.4586019554e-02 -7.1360993892e-02 -1.2624080543e-01 4.5155491966e-01 2.7992699608e-01 5.1881441233e-02 1.1718443491e-01
1.2731163873e-01 1.7904325436e-01 3.2049707428e-01 1.6826643461e-01 1.2506338626e-01 -3.7660544361e-02 1.7171142648e-01 2.8298166735e-01 1.3156420529e-01 2.1374839533e-01 1.6460115191e-01 3.8067258214e-02 -2.1055675796e-01 1.0469723363e-02 2.5955721358e-01 3.2221162470e-02 3.4757746863e-02 -4.0080753749e-01 -6.5381805677e-02 -3.6417035524e-01 8.3982043483e-02 -3.9002980005e-03 -1.9031899365e-02 1.3070606588e-01 3.6724427327e-02 -1.2496179992e-01 -1.6077446742e-01 -1.0768255098e-01 -1.2991150254e-01 -7.4473763307e-02 -2.6280190992e-01 4.2299664482e-01
-5.4167275669e-02 -2.9730276115e-02 -3.6471658215e-01 2.0562623806e-01 1.0090565150e-02 1.1797863551e-01 9.0743958647e-02 1.0264368381e-01 1.7609298168e-01 -1.3484770551e-01 2.7892476660e-02 1.8066865089e-02 1.4413541163e-02 -2.1660471637e-01 2.8479123734e-02 -2.6792599639e-01 1.1401715084e-01 -2.1200660893e-02 6.7889896514e-02 -1.4782158234e-01 -6.2482387438e-03 -2.2670108752e-01 -2.4593130586e-01 -2.9700943505e-01 -5.7396239408e-02 3.4554505918e-02 5.0574158247e-02 -1.4045836445e-01 1.0159665682e-01 8.2929237317e-02 -4.1552207183e-02 6.0471130635e-02
-4.2763177970e-02 3.0095815795e-01 -7.8123535559e-02 -8.6391158837e-02 -2.3573776068e-01 -3.3114586076e-01 -1.0324645837e-01 -4.6234238043e-01 -1.3404263060e-01 1.8191353740e-01 -5.4029447515e-02 -1.2101634155e-01 -1.4997761283e-01 -4.2554191938e-01 3.6205349889e-02 2.0140143804e-01 -2.5920691081e-01 -1.1187474845e-01 1.9319288952e-01 6.9557743189e-02 2.0996713474e-01 4.1794233466e-02 -1.1370451271e-01 1.8310314732e-01 1.0990430924e-01 -3.5126986685e-02 -5.3933666851e-03 -1.4330814729e-01 7.0103202948e-02 -8.2347562564e-02 -2.2725268570e-01 6.9775295424e-02
2.3800796417e-01 1.3115936991e-01 2.3115076660e-01 -1.7473554084e-01 1.9968553939e-01 1.2056027325e-01 -1.6384407114e-01 -5.3876500877e-02 1.2240524373e-01 1.8636642650e-01 -1.7697013831e-02 5.1607036145e-02 1.0307162984e-01 -4.1947918997e-02 2.6232109787e-01 -2.6763948122e-01 1.4779266956e-01 -1.7065944842e-01 3.1462099274e-01 -3.0983075559e-01 -9.4190640902e-02 2.9573631713e-01 -6.3626610147e-02 -6.3627516322e-02 -5.3440539058e-02 -4.3417275950e-01 -1.7164619846e-01 -1.2793421902e-01 -1.1099805352e-02 -3.9855233973e-02 1.7954276207e-01 1.1751254071e-01
-1.4416075169e-01 2.7068606766e-02 1.1092950110e-01 1.0794955269e-01 -9.9837291573e-02 5.3665567458e-01 3.7346312251e-02 -4.0186361507e-01 1.1125443389e-01 1.0496843543e-01 -2.8836015121e-02 -1.1232278697e-01 1.5361375670e-01 4.0954587870e-02 2.7705744954e-02 2.5766819338e-01 3.2335723905e-02 1.2580053606e-01 1.1295405805e-01 -3.4511103961e-01 -7.3629117387e-01 -1.7879867689e-02 -3.2074335595e-01 1.3298681463e-01 2.9356425619e-01 -9.7777291325e-02 3.0023496451e-02 9.3902356874e-02 -1.9578945680e-01 -4.9536696976e-02 -1.3846523036e-01 5.1915108449e-02
-1.8693193119e-01 1.8193008449e-01 -3.2600340816e-01 1.0476771009e-02 -1.9233915374e-01 1.8918582380e-01 2.8746434151e-02 6.8137572167e-02 -5.7357023952e-02 -1.9521171387e-01 4.3720963923e-03 -1.7490424809e-01 1.0098725613e-01 5.8467796786e-02 -2.9941373764e-02 -1.6420175689e-01 5.8259958281e-01 8.5058748487e-02 -7.7992847900e-02 -4.1110738871e-01 -1.5854527248e-01 1.6274919079e-04 -1.9610435771e-01 2.7814417117e-01 -5.3291127298e-04 -1.5094725657e-01 1.7538041333e-01 1.0634040210e-01 -9.9366983318e-02 -3.8970255937e-01 -8.6755204765e-02 6.5545297950e-02
-1.2683771722e-01 1.5757185149e-01 2.5377361555e-01 -1.1870867580e-01 1.1942120968e-01 -1.0822713443e-01 -2.5752233211e-01 3.7329568441e-02 7.1255405500e-02 2.6708274274e-01 -4.2791020133e-02 -1.4026481320e-02 1.3173335003e-01 1.5039652703e-01 1.1758639400e-01 -1.7705628577e-01 -1.5385819490e-01 2.3481518754e-01 8.6247769794e-02 -2.9389544822e-02 -1.4000622781e-01 4.8582721689e-02 1.6479158228e-01 -8.6508643094e-03 1.5107695937e-01 2.9205092002e-02 -3.0678852559e-01 9.7663198612e-02 -8.3415581946e-02 -1.1101604454e-02 -2.5566852739e-01 -2.8915004121e-02
-1.1153105237e-01 1.9641977470e-01 5.1413764750e-01 -2.1098865907e-01 -7.2876500575e-02 -4.7505889478e-02 -5.0184278532e-02 1.0770739208e-01 1.5781171183e-01 3.6322609594e-03 -4.3932048965e-01 8.9884385944e-02 -1.3181591868e-01 -2.2316833890e-01 1.1270894932e-02 1.6347243920e-01 -2.0296528769e-01 -1.9735479150e-01 1.0959077077e-01 1.6609188848e-01 -2.4605656981e-01 -2.1260619989e-01 -4.3094128022e-01 8.6390288078e-02 2.0720490448e-01 4.1477374154e-01 2.6829472386e-01 1.4518053861e-01 4.4062290080e-01 1.5277097593e-01 1.6744636292e-01 1.3953314873e-01
-7.8289168382e-02 1.4350694523e-01 -6.1061658680e-02 -2.5718518925e-02 2.6075907662e-02 3.2303741481e-01 1.5561603326e-01 1.7599237991e-01 1.7531454197e-01 -5.7208636328e-02 -2.8571433106e-01 9.4230348885e-02 6.0046575871e-02 1.1899509640e-01 -1.2274414648e-01 3.9128619360e-02 -2.7078746169e-01 -8.5275048613e-02 -7.8023813076e-02 -3.3325882988e-02 -4.5965126072e-01 2.1172448334e-01 -1.9212138096e-01 9.9103943483e-02 1.1211910163e-01 1.2215236105e-01 1.9355430570e-01 -8.6006523370e-03 -1.7230343612e-01 -2.8744538316e-02 -2.1612025338e-01 3.5648811866e-01
-1.4796535849e-01 -1.0514244501e-01 -1.1257408016e-01 -2.6665365460e-01 1.5497509662e-01 -2.1946080002e-01 -2.3504389232e-01 3.4246987208e-01 5.7005653765e-02 -4.2370893959e-01 3.8730724843e-02 -7.1759946566e-02 6.3300255920e-02 1.5268838120e-01 2.3142379020e-01 -1.7624394855e-01 1.1108038983e-01 -2.6312345793e-01 1.2429733984e-01 1.6877050721e-02 9.6302037725e-03 2.2422495013e-01 -1.7092554017e-01 5.1689222354e-02 -2.0406468401e-01 3.0199237970e-02 5.0374356738e-01 -2.6181443784e-01 -3.9562004953e-02 -2.3943544799e-02 3.3621886931e-01 3.1839597147e-02
-6.1463916094e-02 1.4349467614e-01 -8.2249052124e-02 -2.1722783424e-01 2.0181069850e-01 -1.4384953501e-01 1.1672661163e-01 4.3692220195e-02 1.1848869201e-02 7.2972861608e-02 -1.4741012525e-01 -4.5025378141e-02 -1.8060892995e-01 5.1566848997e-02 1.8336979135e-01 3.0747571083e-04 -1.1180398124e-01 8.3175971132e-02 -1.5355853696e-01 9.9090362109e-04 -2.7761059324e-02 1.7779566352e-01 -1.1548458224e-01 -4.9461268207e-02 1.3377277781e-03 -1.1506671265e-02 -7.7806391554e-02 -9.3512824284e-02 7.5162413653e-02 7.0580653594e-02 3.4454378324e-01 3.7119979288e-02
5.5348893403e-01 -6.2378464588e-01 -3.5941514783e-01 3.7162513218e-01 6.5734551540e-01 -4.3074558430e-01 3.2062730291e-03 3.9767204680e-01 -2.7513577577e-01 -5.1489669103e-01 -3.4059009852e-01 4.0834181848e-01 -6.3387858578e-01 6.8149709902e-01 -5.1289346492e-01 3.1212770898e-02 -6.2886426667e-01 1.1609053371e-02 2.7335743713e-01 6.9297100563e-01 4.0080572647e-01 2.7457186842e-01 2.9321794482e-01 -7.4694941807e-01 -1.7609883057e-01 2.2514054012e-01 -1.5881688713e-01 -6.4130607889e-01 5.3077648234e-01 3.9242420816e-01 4.2659591359e-01 2.1778865323e-01
-9.7249678600e-02 2.6351789386e-02 1.5252524122e-01 1.4465774225e-01 2.5981462352e-02 3.3899434062e-01 -7.0195251201e-02 -1.5480977418e-01 1.8511170205e-01 1.3709634228e-01 3.8253432633e-01 -1.0927336582e-01 -2.9172302759e-01 2.0148471855e-01 -2.2761451161e-01 -1.6484675427e-01 1.0318297706e-01 -2.0384099037e-01 1.2670336474e-03 -1.0677587630e-01 1.9661020221e-01 -1.7373376771e-01 -3.0109565205e-01 6.5896548616e-02 -2.4628519944e-01 -2.6481158548e-01 -3.9993697096e-01 5.8360743428e-02 5.0592173186e-02 -2.6297643744e-02 2.0646026970e-01 -7.2672207140e-02
-2.8421904345e-01 3.6795911495e-01 8.4685777769e-03 -1.0235639435e-01 2.8700185595e-01 -4.0727636196e-02 -2.9175600688e-01 -6.4538248293e-02 4.6773038010e-01 -4.9346522276e-02 5.6163697357e-02 2.7152524293e-02 1.8512086195e-01 -6.8160164671e-03 -4.3631196519e-02 4.6848210052e-02 -4.6210944615e-02 -1.6962250682e-01 1.3474369343e-01 9.6203761076e-02 8.0328568834e-02 3.4159632576e-01 -2.3187925632e-01 -3.9719909811e-02 -6.7794950579e-02 1.1535996568e-01 1.5928966008e-02 2.8739224872e-02 3.8249752256e-01 6.8348065752e-03 -1.5925562642e-01 -1.6281085291e-02
6.2125634782e-02 -2.8964720962e-01 2.3542565366e-01 1.8809352319e-01 2.5938384746e-01 3.2252147396e-01 -7.3793926060e-03 -6.1235817498e-02 4.4570595626e-01 4.5010001087e-02 4.1884449528e-01 6.0582120540e-02 8.4787520456e-02 -1.0448068275e-01 5.2223063551e-01 -2.5897115222e-02 -3.4220823474e-01 2.0060270902e-02 -2.1124395709e-01 -1.3221067804e-01 -9.0940492827e-02 1.1440694499e-01 7.0952113510e-02 8.8966653089e-03 -1.0759161588e-01 -1.2754114166e-01 2.9669657554e-01 -3.9127348355e-01 -2.8627812402e-01 1.1670246014e-01 7.9453072941e-02 3.0466529001e-02
1.1964631509e-01 1.8160403376e-01 1.2767450408e-01 2.7723984882e-01 -3.7686638531e-01 -1.7829754927e-01 1.9448813226e-01 -4.6460994834e-02 -8.8136937258e-02 -1.4609003966e-02 2.1561242018e-02 -8.3697131527e-02 6.8781028837e-02 1.7638226331e-01 -8.4465787450e-02 -5.6936221718e-03 -2.2839230006e-01 1.0288515384e-01 -1.9242986892e-01 4.4249779351e-03 -7.2608309503e-02 2.0183509864e-01 4.3688032910e-02 -1.2732137430e-02 1.6294313696e-02 3.9741515211e-02 -2.6975817209e-03 8.0812933587e-02 1.4841437141e-01 -2.3579347533e-01 2.4495336351e-01 1.0305471217e-01
-8.8170559182e-03 -3.0085332191e-01 -6.0207266583e-02 -3.3292703822e-02 -1.0710421245e-01 1.2843432906e-01 -3.2498377906e-02 6.0693747186e-02 -1.4756467301e-01 -4.9225014208e-01 -3.6313165885e-01 2.4207739835e-01 -1.1202245459e-01 -2.3965512984e-01 8.7671369932e-02 -2.8330504563e-01 -1.9791000245e-01 7.5760416487e-02 -4.1257261949e-03 1.1680791848e-01 9.9319919263e-02 8.5875426165e-02 -2.6674133664e-02 -1.5932739406e-01 -5.7866093391e-02 -1.9314406961e-01 -1.6577478368e-01 -3.4464689687e-01 2.0805353054e-01 -1.3244408266e-02 -1.2788775434e-02 -4.1383932930e-02
-1.1766738451e-01 3.2774506051e-01 -1.2806385063e-01 -6.3323927066e-02 1.6704553011e-03 2.0870737354e-01 -6.0076826898e-02 -1.5132018713e-01 1.7552092677e-01 -9.5925796714e-02 2.2383245701e-01 -1.6405726677e-01 -2.2295228315e-03 1.1398804768e-01 2.9025798635e-01 1.4375656742e-01 1.4328913608e-01 -1.5771763334e-01 -2.3992967393e-01 8.8899347479e-02 1.0958751814e-01 1.1954074764e-01 1.1350490531e-02 1.6884812194e-01 1.8495854415e-01 3.9474183252e-01 7.1033230223e-02 1.3367295243e-01 -1.5479287239e-02 3.6217206998e-01 -3.1624234774e-01 1.3062141441e-01
5.0773169377e-02 -3.4464709392e-01 3.8648047596e-03 1.8745042120e-01 8.0742639674e-02 -1.7708758314e-01 -2.3907168306e-01 -8.3418148241e-02 -1.5510234084e-01 -3.7290547704e-02 -2.5358542347e-01 3.9029469427e-01 -2.1146933640e-01 2.7182371373e-01 2.9095292287e-02 2.2273597898e-01 -3.8836549832e-01 2.6161678931e-01 5.5256995989e-02 1.8812863188e-01 -1.0444091569e-01 2.3253360726e-01 4.6389751821e-01 6.6769644933e-02 -3.4939235339e-01 2.2894152104e-02 2.2868206110e-01 1.0520709831e-02 1.4472920012e-01 1.4846534123e-01 -2.1329597549e-01 7.6648021260e-02
-2.0662993640e-01 -8.3347511421e-02 -9.0129013529e-02 1.6330026766e-01 1.2734186875e-01 2.1833454788e-01 -2.2423862472e-01 -3.0851766927e-01 7.7640325864e-02 1.9699597340e-01 4.0247218220e-01 5.7043896222e-02 -2.9241162479e-01 -4.1385529703e-02 1.3132085769e-01 -1.6228442792e-01 1.9745503233e-01 -2.1409672962e-01 -2.0221986141e-01 6.3064405057e-02 -3.3459209967e-01 -5.8159948463e-02 5.1875860586e-02 5.7824530326e-02 2.6712702401e-01 2.4971078233e-01 -8.5513805792e-02 3.2997541985e-01 9.7475368446e-02 1.0199616083e-01 -9.0994909622e-02 2.5828941614e-01
2.5904180538e-01 1.6644282308e-01 -1.8532292830e-01 -2.9412941781e-01 -2.8640521682e-01 1.5596607572e-02 1.4586293646e-01 1.8796714648e-01 2.5380686443e-02 -1.3165332072e-01 -4.4302372314e-02 2.4190641231e-01 1.4924664663e-02 4.3674918222e-01 -1.0371990807e-01 -2.5613847338e-01 1.0092045393e-01 -1.1512704082e-01 -1.6823041280e-01 3.5622373053e-01 -2.0519614233e-01 3.0507496042e-01 6.4266235461e-02 -1.4350844320e-01 -1.6200762713e-01 4.9813027504e-02 4.6250299145e-02 -5.9119070565e-03 1.2911733641e-01 1.0575224182e-01 3.6544567991e-02 2.9008385764e-02
5.0458425709e-02 3.0877798093e-01 2.3540261606e-01 -1.0732420097e-01 -3.0196156684e-02 -3.0975597712e-01 1.9970523369e-01 -1.8767810537e-01 1.5424929988e-01 1.0559276855e-02 -3.6846750459e-02 -1.7719064163e-01 -1.0640277228e-01 -7.7751308638e-02 3.8728897946e-01 1.6388537976e-01 -1.5897314881e-01 2.0691521037e-01 4.9407358034e-02 1.0612821933e-01 2.1011791777e-02 -2.2935847452e-01 -2.0669009017e-01 -5.0021576964e-02 -8.0642751000e-02 2.0478955926e-01 9.1633085590e-02 2.5726356296e-02 -1.2859678405e-01 -1.8494338830e-03 -2.5024579548e-02 -1.3728666321e-01
1.0238944970e-01 -8.2305204410e-02 -3.6419795603e-01 2.7184475404e-02 -8.1452681269e-02 -3.3559696395e-02 7.0384388183e-02 -6.1587372839e-02 -1.0215122533e-01 4.7369183396e-02 3.6334017042e-02 1.6185267418e-01 -1.1983501232e-01 1.2389958502e-01 -2.2579258558e-01 -1.4955647628e-01 2.3078523209e-01 1.2246136380e-01 3.1112587722e-01 -1.6644933116e-01 1.7552357283e-01 -3.0120845513e-01 7.1740719421e-02 6.2918068680e-01 1.0614159325e-01 -2.6511455322e-01 -3.5572734969e-01 1.6139918314e-01 2.6973424383e-02 2.9532881989e-01 -1.2549281375e-01 5.8989657106e-02
3.2865586604e-02 -2.2150470003e-01 -9.1707461455e-02 -5.5859158544e-02 2.1934442980e-01 3.0763483521e-01 4.0037376128e-01 8.5989808832e-02 3.2754344959e-01 8.5129134853e-02 6.3675875248e-02 6.0293072660e-02 -3.2445266014e-01 -3.4701818743e-02 -4.7057076164e-02 3.9809054076e-01 -1.1217058137e-01 3.0428757143e-01 5.1979782029e-02 1.1910898897e-01 1.8281294703e-01 3.2078196131e-02 -3.1189196317e-02 -3.6816550277e-02 -1.6298097057e-01 -1.3945046998e-01 1.2305702349e-01 3.9525135813e-02 3.6044244755e-02 -1.6171725789e-01 8.2525430928e-02 -1.1194648994e-01
2.5067219332e-01 1.4698477147e-01 6.0993381493e-02 -7.8358360046e-02 2.3936780597e-01 2.2978630643e-01 2.1652276470e-02 2.9087784166e-01 -3.7525565325e-01 -2.0278552991e-01 1.5746621182e-01 -2.2243083403e-01 -1.0703682733e-01 3.8255985948e-02 -1.6078420357e-01 -1.0857682421e-03 -9.3618564696e-02 1.6175165686e-04 -8.5290082256e-02 1.0168802601e-01 1.0144431185e-01 -2.3132805948e-01 -3.5559796487e-01 -6.9347449366e-02 -2.2645354088e-02 -2.4049178008e-01 2.4818426626e-02 -1.0394418808e-01 1.2328106069e-01 -1.3465963868e-01 4.8805468858e-02 6.8658849286e-03
1.4359155439e-01 2.3215729731e-01 2.0008482914e-01 2.3781032715e-01 -2.2508262481e-02 2.6150788200e-01 -3.2894100998e-01 1.5612776291e-01 -2.0689191575e-02 2.4853877712e-01 -1.7369385666e-02 1.9308637645e-01 -5.1973422828e-02 1.0119792530e-01 2.3399776180e-01 7.1185464616e-02 -1.2423473606e-01 3.0151769081e-01 -1.8744874170e-01 7.2168960065e-02 1.9644046669e-02 1.4390757063e-01 2.0929645567e-01 2.3728707687e-01 1.4877622497e-01 2.2601977917e-01 7.6654129369e-02 -1.9975928691e-01 -2.3858320725e-01 9.3182902316e-02 1.6685515616e-01 2.5123926609e-01
9.3123654675e-02 3.1365600775e-01 1.3726536117e-01 2.5030948332e-01 -8.7245539598e-02 1.1828072436e-01 6.9108999969e-02 2.4567149968e-01 1.8931533965e-01 1.1599651347e-01 3.6126310265e-03 2.7341165184e-01 -1.0255997519e-01 1.0208126376e-02 1.9169350427e-01 1.2823528466e-02 6.7618019893e-02 3.0494150373e-02 -1.2975483171e-01 -3.9310293674e-01 -4.1281985017e-02 -1.3012281664e-01 -6.8541765161e-02 2.1810776823e-01 5.4978952667e-03 -1.7971857355e-02 -8.2867188046e-02 3.3813271349e-01 -5.9889497075e-02 1.1768011871e-01 -1.9702240961e-01 -1.3044704221e-01
-2.1338590460e-01 -1.4910485623e-01 3.0177265112e-01 2.9428605950e-02 -1.1648285864e-02 3.8805362934e-01 4.7737119272e-02 4.7419591901e-02 -2.0515922982e-01 2.2224978717e-02 -1.6793532857e-01 -1.0658245451e-02 -2.1108895769e-02 2.0070826352e-02 7.4738150612e-02 -5.3703102216e-03 3.2734304829e-01 4.9138714526e-02 3.4819672134e-01 -1.5112778537e-02 2.6373921896e-01 2.1960054834e-01 3.7976352656e-02 1.2658200482e-01 1.2359306301e-01 5.3102086293e-02 1.3469751729e-01 -1.5894159608e-01 -2.5345954825e-02 7.4153767560e-02 2.3939607398e-01 2.1583083015e-01
-1.1538871889e-01 -1.0466055170e-01 7.5177065781e-02 1.8564605035e-01 -3.8931239451e-01 -2.0456088782e-01 -1.8312872927e-01 2.5235028283e-01 1.1756457701e-01 -3.0033054164e-01 9.4738129398e-02 4.9468305808e-01 -2.7512107776e-01 -1.1076600441e-01 1.2021172245e-01 1.4568029282e-01 -5.9216808331e-02 -2.5922177339e-01 2.5051674716e-01 7.4140624027e-02 1.7891563535e-01 2.7092227703e-01 1.9572514364e-01 -1.7515743649e-01 -1.4203274343e-01 -2.4822576932e-01 -1.7922830515e-01 5.8439783236e-02 4.9909912408e-02 -9.1352926032e-02 2.4594800432e-01 -2.3286565335e-02
