3.2615275057e-01
-1.1039058986e+00
3.4467792575e-01
9.7396145815e-01
-4.4469340003e-01
4.2896039485e-01
-1.6663257696e-01
8.3646577918e-01
2.5739910377e-01
4.4690977157e-01
-8.1627900803e-01
2.6866093024e-01
-4.4243565073e-01
6.3548134721e-01
9.3502112128e-02
4.2344617903e-01
-9.4365227171e-02
-1.2488445887e+00
-2.2559544889e-01
-7.1869133400e-01
-7.7494431482e-02
-8.5896248206e-01
-1.3759796526e-01
1.9033769247e+00
3.4574076685e-01
-1.6654746148e+00
-3.7238569895e-01
-9.3595495326e-02
2.1572136162e-01
5.4649525103e-01
1.1134429104e-01
-1.8312124763e+00
7.7065055164e-01
-4.8888236735e-01
-8.5900886897e-01
-1.2668536503e-01
1.5011275487e+00
4.2780571405e-01
1.4208773758e-03
-2.2115301024e-01
2.5234597533e-03
1.4041138688e+00
-1.5999150890e+00
-7.7955091528e-01
-1.2382976758e-01
-4.9659670920e-04
1.7004449883e+00
-3.1342543184e-01
3.8599618491e-01
-2.2425987071e-01
-9.1439896521e-01
-8.3317590877e-01
-1.7033220263e-01
-5.5862353412e-01
-8.4857701183e-01
-1.4406106214e-01
4.8945103612e-01
-1.3538290344e-02
-2.6202429418e+00
7.4514498094e-01
8.5459592500e-01
-8.0226182462e-01
-2.4127522747e-01
-2.2059504067e-01
-1.3323627373e-01
-5.0748191740e-02
4.2786629865e-01
2.9085881519e-01
-4.7659086036e-01
1.9310092374e+00
-7.2172085040e-01
-4.2933964265e-01
-2.5253076103e-01
-1.9165036394e+00
2.5886812228e-01
1.0312492544e-01
3.4832088227e-02
-1.0087884838e+00
2.0940531178e+00
1.1329938932e+00
9.2430854096e-02
3.4819746944e-01
3.9490770323e-01
-3.6156364541e-01
1.6370809689e-01
4.8022152362e-01
7.4959571954e-02
1.6890116878e-01
8.4899425867e-01
2.1502219075e-01
-8.6693480141e-01
4.7319384331e-01
-3.5216670768e-01
-2.3302524104e-01
-9.6434410059e-01
1.4815462052e-01
-1.6305842469e-01
-2.3813071485e-01
-5.9469717576e-01
-8.8719846686e-01
1.2506815205e-01
-4.1784932137e-01
-7.8907840667e-01
1.2195349407e+00
2.5002753122e+00
-9.4715412646e-01
1.7539657880e-01
-5.3905241126e-01
8.4052064883e-01
4.4772488719e-01
-4.4171800270e-01
4.7709195864e-02
-9.2914146491e-02
-5.1538333538e-03
6.6281578240e-01
2.1126568371e-01
6.4606838766e-01
9.1115409990e-01
4.2150679521e-01
1.9356817077e+00
-1.6235608808e-02
-3.1625033727e-01
9.8138258449e-02
2.0297923845e+00
-6.8258121133e-01
8.8621367524e-02
1.6652807326e-01
-1.9042814896e+00
-1.5536769219e-01
6.6116976381e-01
-7.2089399882e-01
-7.2736851537e-01
1.7794663508e+00
5.0064423817e-01
-3.1458563484e-01
1.8379078862e+00
8.7086358109e-01
3.8277568882e-01
1.8503318826e-01
-1.4932576632e+00
-1.4680257504e+00
-2.0303827932e-01
-7.5048435267e-02
-3.4840748359e-01
1.5007878457e+00
1.5216155553e-01
3.2046446811e-01
8.7357099482e-02
9.8957311349e-01
-9.6177293259e-01
