-6.2691610809e-01
-4.0407826594e-01
1.0728667272e+00
2.2497839613e-01
4.0996707989e-01
3.5599889699e-01
-2.8049791202e-01
1.0574409174e+00
1.3391227877e+00
-8.6321171782e-01
1.0469026350e+00
1.2288792830e+00
-5.6502789407e-01
9.7599169590e-01
1.7044481750e+00
2.2284223135e-01
-1.3083672993e+00
3.0934795555e-01
-1.0632020753e+00
-4.6388960319e-01
2.6287577967e-01
7.7316447243e-01
1.4214858162e+00
2.6138585563e-01
4.5929319121e-01
4.8080021989e-01
5.5128184600e-01
2.9449699041e-01
-6.1839306755e-01
-5.2862630519e-01
-2.9033140312e-01
3.4141346243e-01
1.1897503040e+00
3.8959814322e-01
-3.1232420356e-01
3.2976412182e-01
-2.6846258354e-01
-2.6968326661e-01
-6.1064435525e-01
1.0974463392e+00
-3.9197103669e-01
1.2876704396e+00
8.5893799662e-01
-1.3897638679e+00
2.1746426814e-01
4.6835858164e-01
-1.2692552880e+00
8.0459444192e-01
6.5221990444e-01
-1.1248518288e+00
-2.2017042890e-01
3.4839414105e-01
1.5659293525e+00
4.6774090117e-01
4.8063595706e-01
4.8050907700e-01
-2.2754236993e-01
8.2120634521e-01
2.8326374231e-01
1.1732152349e+00
4.0043666244e-01
-4.8239493762e-01
8.4919846366e-01
-1.3639576973e+00
1.3273280965e+00
1.2689686353e+00
-6.7014667674e-01
-3.9266937130e-01
1.3571449655e+00
-5.3179711144e-01
