-1.0305980016e-01 -1.9293681101e+00 -3.7909628443e-01 3.7592814325e-01 -2.2692853296e+00 -1.4165152642e+00 -1.4659482548e+00 -1.6334741207e+00 5.4457330565e-01 2.1189531823e+00
2.9027593682e-01 -3.8451411268e-01 2.1837450854e-01 -7.6235483704e-01 -7.8070633506e-02 1.8212149945e-01 -4.9450799823e-01 -5.9468964114e-01 3.7422524840e-01 -1.9799923415e-01
-3.4874505930e-01 7.8685094098e-02 2.5821186935e-01 9.0385320170e-01 -4.4515239707e-02 1.0879841082e-01 3.4738680532e-01 2.2135147771e-01 -1.0160468226e+00 1.7371303613e-01
-1.9662500150e-01 6.9266479658e-01 1.4030935791e-01 7.8616512731e-02 5.0600950369e-01 4.9194001376e-01 5.0993662120e-01 8.1804568465e-01 -2.9646215589e-01 -8.2843004500e-01
-3.6885210448e-02 -1.6280629425e-01 -2.2367180449e-01 4.4317355248e-01 -4.8631035183e-01 -5.8994788689e-02 5.2940623055e-01 1.2019556754e-01 -5.7091874993e-01 5.4930316856e-01
3.6448929421e-01 -7.4623896543e-01 5.7949059924e-01 -6.4815454755e-01 3.3976874206e-01 1.0811192014e-01 7.4060961421e-02 1.2146015259e-01 2.5630734598e-01 -4.6993329008e-01
3.7949061316e-01 -8.3929854203e-01 2.9267793520e-01 1.8568787529e-01 -2.9126075151e-01 -1.0069549989e+00 -1.2715787024e+00 2.8553655653e-01 -2.4261226793e-01 5.9376396565e-01
5.5891591326e-01 -5.5041924254e-02 1.0191252398e+00 -3.9885661180e-01 4.8138199584e-01 1.0888285717e+00 1.1329384999e-01 -1.0477989408e+00 2.2109932575e-01 -6.6215482271e-01
5.6149027896e-01 2.2811168153e-01 3.6425066631e-01 -5.5520295858e-01 3.1860273675e-01 6.2522257825e-01 6.2261115985e-01 -8.7514416828e-01 3.4484446425e-01 -6.3964915701e-01
-6.1123627118e-01 -5.8742471444e-01 -9.3334483536e-01 5.9699884116e-01 -1.3821512041e+00 -1.3078753202e+00 -6.4343566394e-01 -1.1203599546e+00 -5.5399765290e-01 1.1605207503e+00
2.4340648891e-01 -1.6615134048e+00 6.4003089102e-01 -6.0987006381e-01 -1.4224453018e+00 -1.2801156944e+00 -1.4715076937e+00 -2.7967598522e+00 6.1011392875e-01 1.5136283731e+00
-1.2557074669e-01 -3.3756598940e+00 4.7469442948e-01 -8.0588881182e-02 -2.3889361314e+00 -2.2162751621e+00 -3.1770981008e+00 -3.3461037285e+00 -1.6541506793e-01 1.8698568489e+00
-7.0270749867e-01 1.5254925399e+00 -6.6233449168e-01 8.2327220881e-01 1.1209569209e+00 4.1430753898e-01 1.3772037581e+00 8.9359908744e-01 -3.4903723663e-02 -5.0730919236e-01
4.2064032041e-01 -3.6817795220e-02 7.7352597467e-01 4.2754648121e-02 6.1296805403e-01 5.4314406340e-01 -3.3090151139e-01 1.9653351629e-01 2.1121451112e-01 -3.2489254326e-01
7.2186837960e-01 -5.4707420080e-01 1.0523526305e+00 -8.7090357870e-01 1.3599162048e+00 9.8789903582e-01 -1.0650138744e+00 8.4557125056e-01 9.1509611526e-01 -9.1787993374e-01
