-1.7920779959e-01 3.1074882396e-01 8.0796675665e-02 3.3301352000e-01 2.9603092875e-01 -1.4830450287e-01 1.3942287095e-02 -3.0495884441e-01 3.5238348783e-01 1.7234969409e-01 4.6941287747e-01 -2.1460177095e-01 -3.9722956833e-02 3.8161632525e-01 -3.2859014351e-01 4.0054986065e-02 -1.2931204275e-01 2.5576502034e-01 -9.9685451722e-02 -1.7873149822e-01 8.8153135861e-02 1.1690030054e-01 -2.5144296631e-01 -1.3685518995e-01
-1.1502234342e-02 4.6309447028e-01 -2.3020519355e-02 -3.1682677750e-01 -2.6158804081e-01 -1.9286996806e-01 5.0822425901e-02 1.2245457189e-01 -3.5190729302e-01 -3.0051929541e-01 -2.0059471444e-01 3.2256062300e-02 -2.4536270597e-02 -1.9480837401e-01 3.7471485734e-02 1.8292285759e-01 3.6608561156e-02 4.5936513594e-02 2.0084786129e-01 -1.0510945955e-01 -1.9914562864e-01 4.2326809890e-01 1.2664167453e-01 -1.6632809169e-01
-2.4951909011e-01 1.3748398920e-01 -2.3184109401e-02 -2.1724809777e-01 -1.1489441650e-01 3.8207512403e-01 1.3107965537e-01 -3.5583517209e-01 -2.7387194845e-01 -2.3759405180e-01 -7.8867875696e-02 1.2670168749e-02 -1.5630151998e-02 -5.3640541173e-02 -4.1188836452e-02 -1.0930042526e-01 2.9715477618e-01 1.6255203440e-01 8.7443635642e-02 -5.1450059379e-02 4.3593389631e-01 -1.5497166082e-01 -5.3987734271e-02 -1.7884438840e-01
-1.9702303855e-01 1.2382234833e-02 -2.2965067918e-01 -3.7166911389e-02 -1.8265574902e-01 2.2503283738e-01 5.4292889946e-02 7.9733314320e-02 6.6962286816e-02 2.2921914921e-01 -7.5208256172e-02 -3.2662323145e-01 9.2805381421e-02 -2.7317617989e-01 1.6352233061e-01 -4.2141700722e-01 -2.1015083790e-01 1.7383707271e-02 2.6623906151e-01 -1.7037683531e-02 2.5747961103e-01 2.0178425714e-01 -3.0223786489e-02 -2.2131623708e-01
3.7290963815e-01 -5.2836871429e-02 -1.2759102491e-02 2.8036689400e-01 -3.8156010959e-02 -3.7168768457e-02 -3.1879441298e-01 -3.5978837147e-01 1.5271261992e-01 1.6678387705e-01 3.1778809741e-02 -3.7906777477e-01 3.2988327067e-03 -2.7577430723e-01 -2.9876136333e-01 -1.2732529205e-02 2.6476132846e-01 9.6835933122e-02 -4.4993229747e-01 1.4830988686e-01 2.6570080658e-01 -1.9834671640e-01 -4.8564054345e-02 1.6976035886e-01
5.0497039585e-01 9.2245191711e-02 -2.3647349748e-01 -2.1302057281e-01 3.6662281275e-02 -8.5388292482e-02 2.3067061377e-01 -2.4299302948e-01 5.8125950875e-02 -3.6682824777e-03 -1.5733853305e-01 8.7409708927e-02 -2.1772077333e-01 -1.8418561434e-01 2.8254109873e-01 -3.6229079044e-01 6.7993160728e-02 -2.2974062846e-01 -1.7628918354e-03 5.5898844193e-01 8.7278248317e-02 2.7447857255e-01 9.3233238920e-02 -7.8131430930e-03
1.4047374969e-01 4.5192617240e-02 -2.9252948397e-01 4.2024745091e-02 -2.2892838675e-01 -1.3715895084e-01 1.0188820442e-01 -4.8254399518e-01 -4.4044296124e-01 -1.5443119399e-01 -1.0207609575e-02 7.2217600027e-01 2.8206443498e-01 -1.6861832275e-01 6.1473322525e-01 -3.6374332731e-01 2.0244516034e-01 -2.0526678709e-01 -2.4071194318e-01 -2.9348792014e-01 -2.6749885746e-01 4.0595699757e-01 4.2632585712e-01 4.7747241326e-01
3.4351090378e-01 -2.1384840624e-02 1.0147031718e-01 2.1933661462e-01 3.2500368398e-01 4.2418251761e-01 -1.0648059483e-03 -2.2411925801e-01 3.4419996682e-01 1.8007391800e-01 -1.4094573904e-01 -1.0621759684e-01 3.3803732563e-01 -4.3990560396e-02 -4.0917607923e-01 2.0845697326e-01 -1.4506560270e-01 2.7136420102e-01 1.7717576768e-01 -1.6789469479e-01 1.8020186439e-01 -2.7251035635e-01 7.6510575168e-02 1.7622998930e-01
1.3466123747e-01 -1.3259974976e-01 4.0957789644e-02 1.2027221596e-02 2.6925819586e-01 1.0390957074e-01 -2.1744665134e-01 1.9446886988e-01 1.7074149256e-01 5.3354568283e-01 -4.6050353148e-02 5.5487915826e-02 -2.8024221717e-01 -3.0552941231e-03 6.7733584385e-02 3.8234000190e-01 -3.5757360654e-01 -3.3557563332e-01 2.4595194828e-01 -2.1246937615e-01 2.3436755666e-01 -9.4038110089e-02 -4.9351633677e-01 3.4753995490e-01
-6.8675753599e-02 -1.8492777853e-01 2.0785765201e-01 1.7233022016e-01 -4.2979107010e-01 -1.3409743015e-01 2.0866546936e-01 3.5075212154e-01 -1.9796229457e-01 -1.1978893690e-01 3.7713978459e-01 -4.9576705406e-02 -7.7172440325e-02 -2.9348264827e-02 1.5496085693e-01 -4.9771654892e-02 -2.6559032247e-01 -1.5753392724e-01 -7.2196738552e-02 2.1733487742e-01 1.8108942134e-01 7.7041248455e-02 9.7702266384e-02 -1.2348269941e-02
1.2789651495e-01 -2.6629873579e-02 2.4721126073e-01 1.6944987875e-02 5.1753704921e-01 2.0279387876e-01 -5.0565588106e-02 -4.4756410750e-01 -2.9058595638e-02 1.3389759657e-02 1.3470734212e-01 -2.3550819121e-02 -2.2914477070e-01 5.7919203748e-02 -2.9108688103e-02 4.3433828687e-01 2.0416185778e-01 5.3735973864e-02 8.3619697293e-02 5.8605998121e-02 -1.0065438881e-02 -1.7632982682e-01 -9.7618037519e-02 1.7868600570e-01
5.3834771543e-02 -7.5510615393e-02 8.7173972702e-02 4.1584415479e-01 2.6192349979e-01 2.9286467118e-01 1.9126886336e-01 3.8101208983e-01 3.1293190049e-01 -1.1177787110e-01 -9.6209936794e-02 -3.3064675793e-01 1.6724310416e-01 -2.6288765750e-01 -9.2021880068e-02 -7.3724286542e-02 -1.6160624628e-01 -5.2464153187e-02 4.4914932637e-02 -1.7956872361e-01 -2.2811012894e-01 -1.6157064873e-01 1.4738334223e-01 1.2235575947e-01
2.9985382520e-01 -3.6357558683e-01 -1.6296430788e-01 -2.0389476062e-02 1.2025719280e-01 -2.5599728844e-01 -5.9198243194e-02 1.0532484938e-01 -4.5038712202e-02 3.1409438276e-01 -1.1197967886e-02 1.8622391833e-01 2.7190660202e-01 9.4237785689e-02 -1.2466200325e-01 1.5519970668e-01 -2.1034449175e-01 1.6148840180e-01 -6.8015644710e-02 -2.7023783718e-01 4.6292607889e-01 3.0428227395e-01 2.5405776434e-01 -2.4526760921e-01
-9.0982640620e-02 1.5358842639e-01 -6.4144189109e-02 2.6881092229e-01 -2.3766115937e-01 -4.0774983833e-02 -1.1614950670e-01 2.7289098885e-01 1.4988110722e-01 2.3853353095e-01 1.2928595586e-01 1.5865759306e-01 -5.0980203725e-01 -2.4377117224e-03 1.4755594437e-01 4.0729983309e-01 2.7975908848e-01 -1.5284239048e-01 -6.6744423819e-02 2.7544954997e-01 7.9051390566e-02 -2.5082492690e-01 -2.4731072859e-01 8.8495301679e-02
-1.4571323401e-01 1.2482444545e-01 -2.0645046217e-01 1.8517759836e-01 4.5394602867e-01 -1.2377355470e-01 -2.6840138868e-02 -4.5253605426e-02 -4.3907658819e-04 -2.5317314557e-01 -1.5194773974e-01 -1.8086442081e-01 1.3135873515e-01 -3.3905670828e-01 4.9249251924e-02 4.8744456312e-02 -5.2955307396e-01 -1.7546379405e-01 1.3186803876e-01 -2.0978293126e-01 -7.0659525587e-01 -1.6855789995e-03 -3.5508003943e-01 -3.2519801600e-01
1.2426127726e-01 -1.5558339231e-01 1.0062966089e-01 -1.8386638580e-02 1.8314820394e-01 1.4046099576e-01 1.6324666420e-03 -8.7347232736e-02 3.5356493081e-02 2.4837157332e-01 1.4539928463e-01 -3.3848363089e-02 -4.1717428079e-01 -5.9566600825e-02 -1.3140056491e-02 -1.4029181472e-01 -7.7281176199e-03 -2.6953692548e-01 -3.1591006718e-02 -1.3519953390e-01 -1.3488558515e-01 -2.3984872356e-01 -2.8746022221e-01 -1.0553076453e-02
-5.4820781222e-03 3.8789735368e-02 -4.0015073010e-01 2.7431579539e-01 -1.2786013300e-01 -3.3555308300e-01 1.2277896649e-01 4.3619004182e-01 -3.0848565676e-01 2.0818398121e-01 -3.0478329796e-01 3.5348366703e-01 -9.2231386215e-02 -4.1526109560e-01 1.1253771745e-01 2.3944693370e-01 1.2183178987e-01 -3.5526534580e-01 -8.9923996868e-02 3.0294411815e-01 -3.4994078364e-01 2.5561206419e-01 2.4210047428e-01 -2.0639607729e-01
-1.1299870373e-01 -3.1946668320e-01 4.4059367808e-02 -1.4805046306e-01 -1.0447179165e-01 -7.9629373442e-02 8.0595546599e-03 -2.8769608020e-01 2.2821404419e-02 2.6941667241e-01 2.7885630716e-01 2.2161888070e-01 3.1777556391e-01 2.2459023154e-01 -1.7431529425e-01 -3.7979260074e-01 7.7153574379e-01 1.1634408801e-02 -1.6630599480e-01 9.5577857598e-02 7.5733803683e-02 2.3614948492e-01 1.7771113726e-01 -3.5066926343e-01
3.8026094548e-02 3.4565242469e-01 -2.0327249342e-01 2.1481695273e-01 -2.2224105357e-02 1.2784562721e-01 -9.7181420093e-02 -2.0495077501e-01 -9.6550659753e-03 7.6683725637e-03 -3.6105331842e-01 -2.4511487643e-01 6.1660021666e-02 -5.0880842376e-02 -2.5480309659e-01 -3.5786610913e-02 1.7501498737e-01 -1.9917702165e-01 -4.9871340817e-01 -5.9152695590e-02 -1.7244727170e-01 -3.5109043330e-01 -8.2607700919e-03 -6.5846596311e-02
1.7646336452e-01 -1.6703911866e-01 4.0608124932e-02 2.8764595728e-01 -2.7840998188e-02 4.0930257055e-01 3.4533265834e-01 -5.4589735735e-01 -5.8454434182e-02 -7.0371469753e-04 1.2428457611e-01 -1.2504066312e-01 4.3574738740e-02 8.4883663801e-02 1.3128788436e-02 1.6599007541e-01 4.2061062597e-02 -1.2882524836e-01 2.4502755941e-01 -2.7729336841e-01 1.2989845763e-01 -2.2841409133e-01 -1.2208196795e-01 1.6191824310e-03
7.6963556131e-02 -4.0295030130e-01 6.2067293000e-02 -1.2079639767e-01 -2.4853164412e-02 2.1910072285e-01 -1.3990145823e-01 5.9374401959e-02 1.9074805237e-02 -9.2749403253e-02 1.5303798014e-01 -2.8927771790e-01 -3.7912875481e-01 3.9962065287e-01 -2.7051164077e-01 2.4209500617e-01 -5.4513687907e-01 -2.9123270608e-01 2.1712809550e-02 -2.2920173473e-01 -3.7138697157e-01 1.1644419401e-01 -1.1322563214e-02 6.0821119795e-02
6.7110658845e-02 1.0505610054e-01 -2.5364816703e-01 -1.7986785531e-01 3.6929566847e-01 -1.1194909292e-01 1.2177357155e-01 4.1743210178e-01 2.3725688368e-03 3.2175465615e-01 -3.1366617713e-01 -3.8633299272e-01 2.7051278544e-01 7.7130009996e-01 -1.0460474147e-01 2.9198113820e-01 1.0877670698e-01 1.2288814759e-01 7.9145365241e-02 -7.0124834549e-02 -7.5603927960e-02 -8.3695601807e-02 -3.4541340953e-01 1.2190467866e-01
4.1699617920e-01 2.3446392457e-01 1.8325333208e-01 -2.4085092023e-01 -3.8413033733e-01 3.5582462117e-01 2.7824498580e-01 -4.4180395783e-01 -1.8848540525e-02 -8.0924615326e-02 1.6776044596e-01 2.4941655886e-01 3.0212616158e-01 4.1719238419e-02 2.1519557670e-01 -4.4846659619e-01 2.8265566102e-01 -4.5348468572e-02 1.1360371577e-01 -7.3620563936e-02 3.0960663365e-01 -2.6272529814e-01 2.8397802804e-01 -2.1678759841e-01
-1.4507823710e-02 -1.3808913972e-01 3.5421631643e-02 1.7091638880e-01 1.6050344484e-01 -1.9047743823e-01 2.4246454621e-01 -2.7602527887e-02 3.0579785160e-01 9.0871173874e-02 1.5254398843e-01 -3.2368539418e-01 2.8769189463e-01 5.4200702993e-01 1.0996650047e-01 3.7571233760e-01 -1.2034528930e-01 3.4764492266e-02 -2.0297944186e-02 4.3555818981e-01 4.8958015821e-01 1.7162286730e-01 -2.4163395074e-01 -1.8824841273e-01
