-1.1441028314e-01 4.7540940339e-02 -1.5334832593e-01 1.3955305356e-01 -2.0053500132e-01 -6.7672915772e-01 -2.7626451151e-01 2.7459878574e-01 1.3037697726e-01 1.8131850365e-01
4.2233136496e-01 1.2494882759e-01 3.2058827921e-01 4.2443338349e-02 -6.2336861309e-02 -6.1260400284e-01 -3.1468507897e-01 -3.1207162368e-01 5.3570545108e-02 2.6616144604e-01
-1.7691869106e-02 6.0493431790e-02 2.2601397966e-01 -3.0989401160e-01 1.7953118438e-01 -3.7219782726e-01 -1.2987550896e-01 -1.5137584517e-01 -1.9209832952e-01 7.7460764408e-01
-2.5521935820e-01 4.7395538613e-01 4.5330700760e-01 1.9825355817e-01 -8.6412651408e-02 -2.8075827303e-01 -5.3760104461e-01 1.1632914895e-01 -2.1416362039e-01 2.7560808112e-01
-3.4430780536e-01 3.8958824700e-02 2.2155648658e-01 1.5044669246e-02 1.4128029404e-02 3.4019902811e-02 -2.6578009157e-01 2.6762012790e-01 -8.7232400974e-02 2.5965533472e-01
-2.7079744520e-01 1.7530987067e-01 3.2678971293e-01 1.3526051402e-01 1.1320902543e-01 9.0955940031e-02 -8.9714126272e-02 -1.2501499395e-01 -2.0444637982e-01 4.0019106072e-01
-1.9965158707e-01 -7.9163409166e-01 1.9890680456e-01 1.6928372882e-02 -2.0713195214e-01 -1.4318851531e-02 -2.7796916601e-01 1.5527291840e-01 -3.1964620710e-01 -4.9236806267e-02
-2.7550229949e-01 4.0011154684e-02 2.7582127989e-01 -1.9305433443e-01 -3.4241462380e-01 1.5881877074e-01 -1.9312544061e-01 -3.3321511055e-03 -2.5836406947e-01 4.0563644843e-02
-6.8610662233e-02 -1.4409097111e-01 -1.7640060175e-01 1.2980704250e-01 -3.7556176647e-02 -5.7023395049e-02 -1.6779544862e-01 7.3567371185e-03 1.8504856465e-02 -1.6316543458e-01
-9.8057622683e-02 -2.6183649036e-01 3.3768018903e-02 -1.2356736669e-01 3.1691853750e-01 9.3289291479e-02 4.3084699189e-03 -5.2702515282e-01 -2.4900097419e-01 -2.8001912384e-01
9.4566882885e-02 4.1761466247e-01 1.2582719009e-01 9.7229199065e-02 7.5415603640e-01 4.6434269081e-02 -3.5499513478e-01 -4.2856100417e-02 -5.0855567779e-01 7.2142803504e-02
7.6897870538e-02 -1.0867855544e-02 1.2082559923e-01 2.7502794116e-01 7.5881753536e-02 3.0917273603e-02 -1.8653244542e-01 3.7191424736e-01 -2.9460037924e-01 1.0616630609e-01
4.4857470594e-02 4.3402067768e-01 4.4902293912e-01 6.9694635367e-02 -7.5205078166e-01 1.4784615949e-01 -1.8339060859e-01 2.0973028052e-01 2.2226750162e-01 -2.3508066825e-01
-3.0804264971e-01 1.4122206328e-01 -2.4673542603e-01 3.1358116400e-01 -1.7107044358e-01 4.3738110338e-01 -4.0562095840e-02 1.0592038744e-01 -1.8506606956e-01 -7.1338286220e-02
-2.7010719305e-01 -2.5191488460e-01 3.0067277350e-01 -1.4835953359e-01 1.1157279218e-02 2.7387697168e-01 -5.0703291399e-01 -1.3990067440e-01 -4.7773309775e-01 -1.1466523354e-01
1.1958147448e+00 2.0756625753e-01 -1.7751499513e+00 -2.6354748067e-02 2.8504585735e-01 7.6583551416e-01 2.3033396404e+00 -1.9973572438e-01 1.5697375325e+00 -1.4952604260e+00
9.0761579744e-01 -4.0881888440e-01 -5.2926324470e-01 8.0647278903e-03 2.1729077901e-01 -2.4997652331e+00 1.0249816313e+00 -9.9856612045e-02 1.7734159914e+00 1.5874858372e+00
