-1.8604098479e-01
5.7167112826e-01
-1.5063238793e-01
-1.2412747828e+00
1.6405895898e+00
1.5933073316e+00
4.0255420430e-01
2.6228878795e+00
5.2473693247e-01
-6.9878813556e-01
6.3323600552e-01
2.4801959154e-01
2.9433143946e-01
-1.1512051169e+00
9.8883974132e-01
4.0966304179e-01
8.0953256426e-01
3.7436033909e-02
4.9042941151e-02
6.5229176551e-01
-1.8775598149e+00
6.3089657994e-01
9.5585952655e-02
1.8429328287e+00
-9.8053447613e-01
-2.0270743075e-02
1.4291616512e+00
1.5511124525e-01
-1.0352966681e+00
-5.0477895585e-01
-5.3001322181e-01
8.1702456492e-01
-6.0008008387e-01
1.7744790185e+00
-2.3138353437e-01
4.0324603009e-01
6.6965819867e-01
-9.6622624647e-02
1.4889202244e+00
-4.0097051750e-01
-3.3363451813e-01
-2.0472972256e+00
-6.2126937718e-01
-8.3918695226e-01
-1.4064803944e+00
-1.7967386133e-02
-4.4415508524e-02
-1.3923189876e+00
-2.3380632440e+00
1.1360320065e+00
1.5378874357e+00
8.4909635690e-01
2.2799784316e-01
-1.8450006901e-01
-4.0804514074e-01
6.7190786670e-01
8.1641180073e-01
-1.0657388699e-01
-1.6175629894e-01
2.0381927153e-01
-8.0072262298e-01
-2.4560674603e-01
-1.0356771509e+00
-6.6079870905e-02
1.9937401812e-01
-1.5997574772e-01
-9.0896560823e-01
-6.9968029847e-01
-1.5804793565e+00
-1.8734548840e+00
-1.3666937920e+00
9.6546353400e-02
-4.5052902839e-01
-1.0908434089e+00
-5.1297085273e-01
7.0266628371e-01
5.4336461896e-01
4.3030211896e-01
1.1510382971e+00
-3.8883413944e-01
1.5483791425e+00
1.0467518330e+00
-6.9893047173e-01
-4.0525796289e-01
4.4451588388e-01
-4.6083228511e-01
1.2654222192e+00
2.2627097406e+00
-3.0479998614e-01
2.6744610278e-01
-7.7019071769e-01
-2.3548454196e-01
6.3579496230e-01
1.4011204907e-01
-4.5076718645e-01
5.3943063511e-01
5.2017569175e-01
-2.0103250142e-01
-1.9961741271e+00
-2.8401048980e-01
7.1866505071e-01
-6.7022986721e-01
-4.2905395009e-01
2.5999552053e-01
2.3466080482e-01
7.1025051736e-02
8.7929348876e-01
-1.4649034254e+00
-1.6996533887e-01
-4.8412137260e-01
-2.6322788840e-01
-7.7171853031e-01
-1.7757350484e+00
-1.9760690939e-02
-2.3179070979e-01
-9.9911416911e-01
2.6109566232e+00
4.5928007905e-01
-4.8816541510e-01
-5.5414687803e-01
1.0005783498e+00
-5.4679964222e-01
-5.0478691143e-01
-8.1461663606e-01
2.9899824625e-01
-4.4028834061e-02
1.8039200109e-01
-8.9303961650e-01
8.4317000277e-02
-3.0686864378e-01
3.2519556507e-01
-1.1445935265e+00
-1.0056355131e+00
-4.0983572720e-01
-5.1165611927e-02
-1.0177415201e+00
-5.4056690513e-01
4.2493192617e-01
-2.4714035016e-01
-9.7195520396e-01
6.5119385718e-01
-2.7283023146e+00
-8.1572747311e-01
4.6336303242e-02
-1.2241009469e+00
8.8455409147e-02
2.9166610339e-01
1.5143768738e+00
3.5402574545e-01
7.7760049477e-01
1.1503140597e-01
3.6233088233e-02
-2.3393712559e-01
-3.8260698524e-02
9.8482905019e-01
2.8934285030e-01
3.3683515685e-02
-1.6931034269e+00
-2.4179970896e+00
6.8843835583e-01
-3.4239965673e-01
-5.3972107832e-01
-1.1911637210e-01
-3.6662383228e-01
2.5381087617e-01
-1.0271792924e+00
-3.0788979864e+00
-1.8410172556e-01
3.6185829762e-01
4.7893594067e-01
1.7512621990e-01
2.0878757191e-01
-2.4892041473e-01
-3.5477773926e-01
4.8929545443e-01
-1.3960564123e+00
1.1337390627e+00
5.8547053577e-01
-1.6047687576e+00
4.0554647320e-01
1.3295958406e-01
-6.6576231967e-02
-2.0419783636e+00
1.3244789560e+00
-3.3558648750e-02
-1.8392260961e-01
2.4740234466e-01
-3.7571920654e-01
1.6992129541e-01
8.7104391771e-01
-1.2556124506e+00
-7.9037315193e-01
-1.2559555503e+00
3.2444818043e-01
-1.5526021079e+00
-2.3139498700e-01
8.7363222401e-01
-1.2179034742e+00
-2.3459364858e+00
-1.4711349190e+00
1.3454666801e-01
-1.0122490855e+00
2.0830349170e-01
2.2191123129e+00
-5.5652842484e-01
-1.2647741174e+00
3.2905336855e-01
-6.7427142951e-01
2.9460945058e+00
-6.6194123293e-01
-6.5772931532e-02
-3.2246642619e-01
-5.0815444176e-01
-6.6326043624e-01
1.6561064941e+00
2.3254827502e+00
-1.4785502157e+00
1.5016170866e+00
1.3875089272e+00
7.2440442158e-01
-2.0124266836e-01
-3.7639859543e-01
9.4488729647e-01
-8.8470237786e-01
-4.6380191608e-01
-1.4649979196e+00
1.2180075474e-03
-9.0712450722e-01
-1.7422893185e+00
-2.4007511646e-01
-3.2795783364e-01
-5.0797073656e-01
3.4718739575e-01
2.3939936708e+00
1.6871908403e-01
-2.1404492409e-01
7.0648619822e-01
1.1097772576e+00
5.6926458777e-01
3.9517272291e-02
5.0454388435e-01
-7.7172040539e-02
-1.1365666636e-02
3.8170564347e-01
-5.0962057519e-01
4.2263355277e-01
6.6256138917e-01
-6.4871701268e-01
1.0328109151e+00
-3.1448949995e-01
1.5976208916e-02
-1.5734056970e+00
1.5251576255e-01
-9.1022787013e-01
-1.1344548580e-01
-1.0885612177e+00
-3.5847304015e-01
3.7517129829e-01
2.2582583998e-01
1.5035029557e+00
5.1741334031e-01
-1.4105425922e+00
3.3241181651e-01
-4.1610440450e-01
5.0616489064e-01
5.2097277819e-02
-1.1288601165e+00
1.9691311606e-01
-1.3946705643e-01
-7.4735869252e-01
-2.3020507500e-01
1.1732133823e-02
-2.4110637785e-01
-3.0457787062e-01
4.6533656574e-01
-8.3592123897e-01
3.9008849927e-01
-5.5072292088e-01
2.3068085986e-01
8.2214279855e-01
5.3164956270e-01
-2.3161766831e-01
-3.0912398646e-01
1.9246550989e+00
-2.5086505723e-01
-1.2068873936e+00
-8.9164005695e-02
9.2485703015e-01
1.0266964483e+00
-1.0196292253e+00
1.4781346377e-02
3.5095400385e-01
-3.5586756259e-01
1.8174012344e-02
1.0172898906e+00
1.5966792569e+00
-8.3098552236e-01
1.1933870289e+00
-1.8472700411e+00
-4.4638486457e-01
