-9.3004176524e-01
7.0211768792e-01
-9.8832509015e-02
-1.3460460124e+00
-2.0013445976e+00
-2.4609018813e-01
3.2793825900e-01
1.5036635776e+00
9.6264024606e-01
-6.1724333122e-01
3.3361233300e-01
1.6174862671e-01
-9.2052318979e-01
-8.2123290040e-01
-1.7766531160e+00
-1.0290707782e+00
2.0314823868e+00
-2.8366920027e-01
1.0408503364e+00
-1.3041997756e+00
-9.2444022850e-01
-2.9599680407e-01
-2.1322062467e+00
4.1234385384e-01
1.3469499499e+00
4.9013161835e-01
3.0301349569e-01
-6.5172441510e-01
5.0092991754e-01
4.4123067512e-01
8.1399722877e-01
5.9788272861e-01
2.2347676246e+00
3.1645498872e-01
-1.3018970683e+00
1.1572161312e-01
1.3474696748e+00
-2.5980692009e-01
6.0577535321e-01
-6.3817050115e-01
-1.9171002402e+00
-5.8464875467e-01
-6.3550413095e-02
-1.3108735664e+00
-4.2038360567e-01
4.4997549509e-01
5.7647935223e-01
5.1082140353e-01
1.3825079336e+00
1.0978964018e-01
2.2470302982e-01
-4.2760498731e-01
-1.3336853241e+00
4.1387598234e-01
1.4905544934e+00
-8.3171055786e-01
1.0536569471e+00
1.0386386439e+00
1.0981537481e-01
1.1887504834e+00
7.8527098225e-01
5.1403350894e-01
1.9103704120e+00
-6.0960270924e-01
-7.5403788185e-01
6.8738456567e-01
1.7212052428e+00
3.6075248814e-01
8.0888421504e-01
7.8515762493e-01
-1.9345560495e+00
1.9392406278e+00
-1.0695476204e+00
-1.9422470119e+00
6.2147368788e-01
-1.4418010340e+00
9.5465461510e-01
-1.4289272118e+00
4.3719985468e-01
1.4822973497e+00
-1.7462799602e-01
8.9981688147e-01
1.3021144807e+00
2.0760095621e+00
-1.0086587203e+00
3.1746678131e-02
-6.6153892950e-02
-1.7042224766e+00
6.0434485411e-01
-3.0655482284e-01
1.5113620011e+00
-6.1361813093e-01
5.7386442350e-01
-2.4841492855e-01
2.1110316874e+00
-1.0611814778e+00
-4.8666253709e-01
7.4164114052e-01
-3.4906963137e-01
1.5086884162e-01
1.2052078785e+00
1.3128008678e-01
4.3836236470e-01
5.9899153002e-01
3.5721014189e-02
2.6769698346e-01
-1.8226153531e-01
5.8217229669e-01
-1.5296582398e-01
-3.2052974444e-01
6.7990610617e-01
-1.6734630536e+00
-1.0420127963e+00
1.4742971708e+00
-4.7453560753e-03
-5.3125463528e-01
-3.4735580316e-01
-1.9867462107e-01
7.9317713038e-01
-6.3105198354e-02
1.1367462344e+00
1.7392782336e+00
-1.1701249945e-02
-2.0297550203e+00
-1.3115086742e+00
-5.2677063654e-01
-6.9000428169e-01
-8.8557528254e-01
5.9427936554e-01
-5.9032987937e-01
-1.3465581637e+00
1.5786392707e+00
-7.2945666005e-01
2.4474627427e-01
-1.6875770267e+00
-4.4866597672e-01
6.9386997700e-01
-3.6442953616e-01
1.5152929954e+00
-7.7432538479e-01
1.3952831849e-01
-7.0097134885e-01
1.2211323130e+00
-1.1918126954e+00
-4.6762181427e-01
-1.4730957799e+00
-1.8779099815e+00
-1.1458570290e+00
3.3806045322e-02
6.5791371038e-01
6.4181135766e-01
1.4765172161e+00
-1.0318096460e+00
1.1103564287e+00
5.8327483636e-01
2.5870639219e-01
-5.0400928240e-01
1.6947634745e+00
2.4648531354e-01
1.3029744920e+00
-5.0693620800e-01
2.0092950903e-01
1.5381595740e+00
-1.2060842453e+00
1.4066539531e+00
-8.1628991866e-01
-3.0470735209e-01
-3.1890617296e-01
7.5277167810e-01
8.7977301106e-01
6.7381118382e-01
8.3416775494e-01
5.9539307028e-02
6.5839669727e-03
-1.0136293170e+00
1.7082666392e+00
-1.3064194215e+00
-4.8744929489e-01
2.3686285597e-01
-4.9953680399e-01
8.4464319346e-01
1.5787240514e+00
1.3426284466e+00
-3.0740630107e-01
8.0816430773e-01
6.3049923704e-01
4.1587515028e-02
6.1544435611e-01
-1.0711897539e+00
2.5296810493e-01
7.3196995160e-01
-1.0024185108e-01
1.0502158150e+00
-1.0292001143e+00
3.6910721685e-01
8.0031865292e-02
5.1345258561e-01
-1.0198043382e+00
-9.1938013885e-01
2.8179076742e-01
