-7.4546441353e-01
-2.3710579745e+00
2.2674432644e+00
1.1198167771e+00
9.2799662397e-01
3.6084290844e-02
7.2870311908e-01
1.6079485578e+00
6.4495370017e-01
-1.8926469029e-02
-6.0625054800e-02
7.3038501666e-02
9.2582290731e-01
4.6529198604e-02
-1.6001277760e+00
1.8698824699e-01
9.1774477467e-01
-2.5251667376e-01
-1.3580604364e-01
-3.0722521306e-01
-5.5046917091e-01
1.6926324057e+00
-1.9179028421e+00
2.0169136898e-01
-8.5876926888e-01
6.1103343749e-01
1.4122271434e+00
1.8968569246e-02
-1.2810108678e-01
7.4986330832e-01
9.9328850329e-02
-1.6878341313e+00
