1.9982817195e-01
8.4761203514e-01
1.0047795439e+00
1.1203971473e+00
1.1486570400e-01
1.1424669589e+00
-8.8089070504e-01
-1.3151838525e-01
-7.6925669022e-01
-5.4025439575e-01
-1.2745507495e+00
-3.2721709239e+00
-1.9427997679e+00
6.1091512717e-01
4.4332087188e-01
-4.1465523213e-01
6.3734116048e-01
-2.3530994810e-01
9.9073527900e-01
4.2847670806e-01
-1.2672112253e+00
1.2889467035e+00
6.0321070484e-01
1.8325376815e-01
1.0189493830e+00
-5.4153462997e-01
-8.1876323455e-01
2.0840216792e-02
-1.0541815166e-01
-6.5384026357e-01
-3.7941678724e-01
-1.3456722420e+00
