8.6353459901e-01
-4.3032735685e-01
-1.3733126863e+00
-5.0242851601e-01
-1.5126154151e+00
5.8746543642e-01
4.0927383956e-01
-6.2565083632e-01
-1.1091263779e-02
2.8642251166e-01
-1.0242969136e+00
2.9836244294e-01
-2.4682414512e+00
-1.3806441840e+00
-5.9854496559e-01
6.2258298734e-01
-1.2678580755e+00
2.2356839876e+00
-1.5341224361e-02
8.4681674132e-01
4.3059886552e-01
-7.0119435519e-01
1.3497153262e+00
6.7427264586e-01
-5.3345678424e-01
1.4899188745e-01
-1.5446991985e+00
3.5565082426e-01
1.2550146095e+00
1.0945050783e+00
8.5637779251e-02
-9.7778772829e-01
