5.1651647734e-01 -3.5229742906e-01 -1.6677852116e-01 -1.7821778790e-02 -1.9257136503e-01 2.7450758210e-01 3.3619123277e-01 1.6320780374e-01 8.9736675252e-02 -4.3030340446e-01 7.6023898640e-02 -3.6478276555e-01 -2.3482345384e-01 -2.0551055708e-01 -1.1292086698e-01 -9.2911787969e-02 1.7045843742e-01 -1.7713746273e-01 -9.8261056491e-02 -4.0223450490e-01 1.0495957135e-01 -3.9107044932e-01 -4.9758288411e-01 -2.0918257031e-01 -1.3016898373e-01 -1.9593413524e-01 -4.9910998642e-01 -2.0215672989e-01 -3.2237438315e-02 1.4412160972e-01 -9.9594167082e-02 -2.6585084102e-01
2.7212885540e-02 5.8511291081e-02 -6.4677015595e-02 4.1097565102e-01 8.4176252294e-02 -9.1765044334e-02 1.8172106592e-01 -2.8185992441e-02 3.2609001779e-01 3.4352078858e-01 -1.6252975113e-01 2.5624965106e-01 -4.2449989766e-01 3.8806668085e-02 -9.1563391825e-02 4.3893113139e-02 1.4308595247e-01 2.8540419633e-01 -2.7800849275e-01 -7.6215505887e-02 1.7321271318e-01 1.8266459982e-01 -2.4899415876e-01 -1.8136250047e-01 2.0436836135e-02 -3.2908207943e-02 -2.7030471015e-02 4.6443962931e-01 -5.9733462925e-02 8.7483027096e-02 3.3035821465e-01 5.5638141550e-02
6.3659618190e-02 -5.2799877766e-02 -7.7004568168e-02 1.2620923576e-01 -1.0834943162e-01 -1.5291375240e-01 -2.3568353650e-01 6.0271154826e-02 7.9087979670e-03 -2.4319904695e-01 -9.8111856396e-02 -1.3005538203e-01 9.5420569328e-02 -1.9641296447e-01 5.9215371524e-02 -3.1275375009e-01 1.9107581677e-01 1.1132812575e-01 3.2458929258e-01 1.6722333729e-02 8.3405887555e-02 -2.0793527615e-02 -9.6725538076e-02 3.0276479476e-01 4.1191336313e-02 7.6717732155e-02 2.1675481064e-02 -1.7565036735e-01 -2.1234978536e-01 -6.4225515832e-02 -1.1779208659e-01 -7.5932025345e-02
-2.1155676641e-01 -2.9850079064e-01 -1.6975145419e-02 1.4530119357e-01 -3.8238995086e-01 -1.9261831700e-01 -4.1785339588e-02 3.1200309556e-01 -1.4466022061e-01 -4.0576788193e-01 2.2429745193e-01 1.0234578047e-03 -2.7906827924e-02 4.2453564437e-02 -6.9723329564e-02 -1.2354887119e-01 8.9448534877e-03 -1.6956329376e-02 7.6045724052e-02 -2.0066313489e-01 -2.8722259628e-02 -6.3533822091e-01 8.9593991515e-02 -1.5812582650e-01 -1.4941276890e-01 -2.0723069797e-01 5.3702471352e-02 9.1060852001e-02 -9.2791650473e-03 -2.9260667534e-02 -1.0099224505e-01 2.3486230954e-01
-1.4220268424e-01 1.1661648095e-01 5.8608732389e-03 -3.0510718718e-02 2.6078483970e-01 -1.6137613238e-01 3.4680483302e-01 2.8421122744e-01 1.4559252926e-01 2.9799748638e-02 -9.3637553442e-02 3.3689109109e-03 -1.8777538002e-01 2.0351165801e-01 -2.2369261850e-01 1.0795639942e-01 4.0700600762e-01 2.5219009832e-01 1.2507885474e-02 -1.0824766341e-01 7.2947018328e-02 4.2784551340e-02 2.5970515360e-02 2.3790977906e-02 -1.5049876540e-01 1.2147018003e-02 -9.1176979156e-02 1.2260195376e-01 9.5105709085e-02 -5.0523178843e-02 -4.2067431700e-02 1.7188593931e-01
1.3580605514e-01 -2.9121446622e-02 5.6915482321e-03 3.2726158244e-01 -2.2079758253e-01 -1.6991843481e-01 4.7986818178e-02 -3.9975773807e-01 -2.5104076288e-01 -3.2827447824e-02 1.4660250985e-01 -4.3430454193e-01 -3.0629348483e-01 -1.7640052270e-01 9.0437701496e-02 -1.9677496809e-01 1.1452192157e-01 -2.7987596572e-01 4.2238621031e-02 2.2640392751e-01 9.7464875584e-02 -2.1578311058e-01 1.1835780040e-01 -1.1762821536e-01 3.3638775260e-01 4.9790687287e-02 -9.6004789716e-02 -4.4310077059e-02 5.2661940981e-02 1.0360401022e-01 4.3983254130e-02 -1.4293812835e-01
-2.4223766179e-01 2.1410629412e-01 5.2956282545e-02 1.2615248911e-01 -7.4270078715e-02 -1.7976246669e-01 1.0250145821e-01 1.2721481659e-01 -2.0622800588e-01 -2.5789824085e-01 -1.4010361097e-01 2.9627799285e-01 -4.7770049049e-02 -2.2535266538e-01 -1.8225678456e-01 1.4218869466e-01 -4.0404796484e-01 6.3563094098e-02 -1.3770614673e-01 2.8329293570e-01 -4.1320031618e-02 -2.6681122781e-02 -7.0321056731e-02 -1.1641964972e-01 2.1536181322e-01 -6.1437032191e-02 1.2586705297e-01 -1.5266657326e-01 3.4176407199e-02 -1.2125329586e-02 -1.1840094900e-01 9.7681417692e-02
4.1121991901e-01 2.9885584187e-01 1.8496634018e-01 -1.2249982836e-01 -2.3640541169e-01 6.5810259561e-02 -1.2541822878e-01 1.5696962141e-01 -1.4870626477e-02 1.4182518164e-02 1.4265119692e-01 -1.7276700036e-01 -4.9078154002e-02 -2.6226024343e-02 3.4790576161e-02 1.5719574261e-01 -2.2348331793e-01 1.5009404575e-01 -2.5022905173e-01 -3.0465114714e-02 -1.3652296563e-01 -3.8091993469e-01 6.1643672665e-02 -1.0797468214e-01 -9.5754286137e-02 -4.4662641109e-01 -3.1514679959e-02 -2.3666927732e-01 -1.0821001503e-02 9.4850209696e-02 -1.4958342586e-02 -2.7739854889e-02
1.2081165142e-01 -1.6063596224e-01 2.5342774848e-01 -1.2594783619e-01 -7.8673653572e-02 1.2594835036e-01 1.0729336852e-01 -1.3261074492e-01 -2.4183951892e-01 7.5215446999e-02 1.2155463247e-01 -7.5619053631e-03 -1.0145886171e-01 7.9143229247e-02 9.2940121283e-02 1.6545037779e-01 6.6557917863e-02 1.1221756568e-01 -9.0217964183e-02 -1.9329116799e-01 -1.4334705320e-01 2.8861904329e-01 -1.4359457729e-01 2.5256256194e-01 -1.6309413006e-01 8.4423124458e-02 1.2965563454e-01 -2.0266494972e-01 1.9066917698e-01 -1.2900089643e-01 7.4852651961e-02 5.8006059731e-02
-8.9673296256e-02 -2.6416332323e-01 -7.5392606322e-02 -1.5522243855e-01 -1.8980959237e-02 -4.2771418411e-02 6.0994335916e-02 9.9022415655e-02 1.9441416520e-01 -1.0742049373e-01 1.3501591295e-01 6.5152441078e-02 -2.1117200451e-01 3.6259103018e-02 1.6030481803e-01 -2.9452958507e-02 1.7726664044e-01 -2.1109264405e-01 6.2438158946e-02 2.0649814332e-01 1.5458125139e-01 -2.3792633622e-01 8.1674808831e-02 -5.8515945181e-02 6.5877791544e-02 3.3665757984e-01 2.3894200135e-01 2.3698610216e-01 5.1830845084e-02 -1.5885991154e-02 -3.0770446539e-01 -6.3716547945e-02
-2.2019470527e-01 9.5320894674e-03 3.8860336031e-01 -6.9815853122e-02 6.4783972403e-02 1.7966343253e-01 -3.6826792678e-01 -1.1733900852e-01 1.3356096810e-01 2.7181870633e-01 2.7327192584e-01 -7.6573618050e-02 -1.3971633707e-01 1.8819075440e-01 1.8767530239e-01 2.3363853393e-01 3.8954449241e-01 1.0158717079e-01 1.1597572985e-01 -9.6919446574e-02 -1.3434851373e-01 2.9710402969e-01 -1.2914031548e-01 2.0610467524e-01 -4.0298926601e-02 -4.2472796001e-02 -8.0036590836e-02 1.7090290360e-01 1.8688390927e-01 1.2118296053e-01 1.5733028773e-01 1.0107879313e-01
5.8020690831e-02 1.3094086383e-01 -2.0617216137e-01 1.3235370518e-01 -1.5683779158e-01 1.5072927662e-01 2.2529022344e-02 2.3957436756e-01 -1.1384262416e-01 2.0899441040e-01 -1.5755866111e-01 3.0186843527e-01 -1.7729550537e-01 -1.2979709761e-01 4.8603902351e-02 7.7284473821e-02 1.1094601365e-01 1.8824722968e-01 -1.0080967862e-01 -1.7082139505e-01 -2.6832812667e-01 2.8835455684e-01 2.6782971732e-01 -2.0868279703e-01 -2.4135981525e-01 -8.4045628879e-02 2.4321612288e-02 1.9822800319e-02 5.5306947904e-02 1.3478584224e-01 5.9130534879e-02 -1.5260981818e-01
2.5516521033e-01 -9.3876285776e-02 -1.7301103819e-01 1.5274855205e-01 -3.6291768135e-02 1.4322413443e-01 -7.7403428076e-02 -1.1338479472e-01 1.8781717394e-01 -1.2250602133e-01 -1.2933926459e-01 -6.1550811013e-02 1.7994824357e-01 9.7004132624e-03 -4.6270089566e-01 -2.8144898735e-01 2.1670734559e-01 -1.5889433625e-01 -3.1801460520e-02 1.8031760127e-01 -1.8410580210e-01 -2.5940947496e-02 2.4053865922e-01 -2.1434246747e-03 9.4443507156e-02 -3.6993919199e-01 1.9241152286e-01 -4.1514626275e-02 -1.1861321327e-01 -3.8998114138e-01 2.8102965657e-01 -4.6303378963e-01
1.3583940474e-01 -1.9726571892e-01 -2.5059295504e-01 1.2607710975e-02 3.5614829256e-01 -2.9764845039e-01 -7.3967404372e-02 2.3801899398e-01 4.6466083559e-02 2.2407996848e-01 4.2875613712e-02 1.3854648419e-01 1.5601123990e-01 1.2373055603e-01 3.9479568144e-02 1.2487185972e-01 -3.6291854684e-02 -2.2522073752e-02 1.8157628675e-01 2.1407040763e-01 -2.3587088915e-01 4.5447035201e-01 1.4403930539e-01 -4.1226540415e-02 -6.9168728990e-03 1.3822662475e-01 -1.4899176664e-01 3.0847504506e-01 -9.2330689887e-02 -3.9916512476e-03 -5.0221432021e-02 2.4069483874e-02
1.5683376426e-01 -4.0421247828e-01 2.5075338239e-02 -2.0802143690e-01 -1.3501822378e-01 -1.0510801878e-01 7.6772156068e-02 -1.1560100541e-01 3.8395399836e-01 -8.0211727873e-02 -2.6025216431e-01 2.4324964099e-01 -1.0202500687e-01 -2.4327674906e-01 1.1423275784e-01 2.2782583288e-02 1.0199346032e-01 -8.4307897757e-02 -1.2824662123e-01 3.4317813850e-01 -1.8569500391e-01 7.9572682828e-02 5.6417768752e-02 1.2126764894e-02 1.2240537604e-01 -9.1596668574e-02 -1.4353200598e-01 -1.6545880356e-01 -6.1702763956e-02 -2.2778081401e-01 1.6238934154e-01 1.4619168646e-02
2.1594600158e-01 -3.6497915780e-01 3.6252041895e-01 -9.5344644861e-02 -1.5457110542e-01 1.7491971092e-01 -1.3285679602e-01 1.1615460236e-01 4.2898351513e-01 -5.2824963621e-02 -9.4582755811e-02 -4.0150227855e-02 1.2869517773e-01 6.3117643682e-02 9.6290827068e-02 -2.6935412055e-01 2.0430251668e-01 -1.7943027658e-01 -2.4673860491e-02 3.6591097815e-02 2.4473972886e-01 -2.6036210133e-01 1.2955542771e-01 9.3014154433e-02 3.6082811054e-01 -1.5953927979e-01 -3.3368303516e-02 -9.2515074443e-02 8.1049650979e-02 -1.0256539427e-01 6.9315711369e-02 -2.2743867656e-01
-5.8131981909e-02 5.1670292793e-02 1.1336735810e-01 2.7952952180e-01 7.2262926478e-02 1.3110872335e-02 -2.0531406785e-01 4.1671659163e-01 2.7219002900e-01 -3.3071028222e-02 -1.1964263819e-01 1.6558143305e-01 2.1626165840e-01 -2.7811846229e-01 1.7162330529e-01 2.1503123632e-01 1.3536469930e-01 2.0928722099e-01 -8.0472408879e-02 -1.8612446657e-02 3.3520744973e-01 1.1949306838e-01 -2.9318058971e-01 -1.3275401955e-01 1.3621407199e-02 1.3241207950e-01 5.9595030418e-02 3.1122733654e-01 2.4285795821e-01 4.0797005684e-02 2.3583759731e-01 -3.7434052868e-01
-7.6454400492e-02 -1.1979241956e-02 1.6338082806e-01 1.8333967844e-01 3.5780409707e-01 -8.0066742910e-02 1.8892815673e-02 1.8968033503e-01 -1.7280358332e-01 -1.3748065055e-01 -3.1412369724e-02 2.4411684516e-01 2.8040293813e-01 4.0719486982e-02 -3.1140901862e-02 -5.6232757280e-02 1.0400730599e-01 1.9161017542e-01 2.0850287829e-01 5.6186968824e-02 1.4750456285e-04 -2.3731915883e-01 2.6571449608e-02 -2.7694908619e-03 -1.3174677362e-02 7.5451251165e-02 -3.8010296670e-01 1.2511329560e-02 1.9358997223e-01 -6.2191696840e-02 3.2059259312e-02 1.3171946003e-01
-3.1128613309e-01 -3.4532208819e-02 2.8417468012e-01 2.7980829083e-01 -1.8209699747e-01 4.1257749875e-03 -2.3681223733e-01 3.5824572417e-01 -1.4956316110e-02 -6.3470787145e-02 -5.5836888595e-02 1.9939870389e-01 -3.5331451457e-01 1.9181757675e-02 3.0878504503e-01 4.2144903680e-01 1.4420019532e-01 2.0985546203e-02 2.2189886133e-01 -1.1771456699e-01 9.2437102444e-02 3.1349078943e-01 -8.1862692644e-02 -1.9427680043e-01 1.9436010349e-02 4.5401123759e-01 1.0348394353e-01 5.7339034493e-02 2.5196332543e-01 -2.3085780813e-01 -1.0064456147e-01 -4.9863769400e-02
7.4083723574e-02 4.3652302090e-02 -1.7893878792e-01 2.8996716922e-01 -5.0982590387e-02 -3.6460870871e-02 8.6997922823e-02 -2.9782026294e-01 3.3167469633e-02 -3.2398973372e-01 -8.8891763467e-02 -4.9865877807e-02 3.9045671925e-02 -3.6322093834e-02 6.5409076351e-02 -3.5312074721e-02 8.7948363295e-02 1.7129197820e-01 -1.8475995316e-01 -5.9571507888e-02 4.4629348823e-02 1.0559735271e-01 -2.2833681288e-01 2.0617823379e-01 -1.4016997622e-01 2.2326170132e-01 -3.0942050825e-01 1.7497495849e-01 1.1920217738e-01 -9.5215457938e-02 3.7200253281e-01 8.2039080866e-03
-3.1695824810e-01 1.0688163578e-01 -1.9576324343e-02 2.5993997405e-01 -6.2037083011e-02 -2.4959800191e-01 -1.3176588678e-02 1.3376312906e-01 9.7726674731e-02 -1.2675824410e-01 -5.1876093126e-02 -7.3076209491e-02 2.3412868867e-01 -3.3115098900e-01 5.7022734483e-02 2.0543459852e-01 3.9334252801e-02 3.6456604230e-01 3.2048735958e-02 -3.1827047042e-03 -2.0668877211e-01 9.0458901255e-02 2.0605705100e-01 -1.8043015101e-01 1.6946236086e-01 -1.3933298858e-01 -1.5018704938e-01 1.3052691178e-01 7.3265819579e-02 1.4609184941e-02 4.1509483251e-03 4.3120381879e-01
-1.9659142934e-01 2.5628454749e-02 -4.1398005071e-02 -3.0701443354e-02 -8.1519177304e-02 3.4143887573e-01 3.1619478810e-01 8.5319003448e-02 -1.1671864595e-01 -2.6171035322e-01 -1.1651336291e-02 1.6714025139e-02 -4.5634412839e-02 9.7780852573e-02 1.0150371022e-01 4.4575141314e-02 -3.3593715122e-01 1.3133599764e-01 5.4909981865e-02 6.0490633107e-02 1.6206171313e-01 7.9441251090e-02 -2.0021428066e-01 8.2667616392e-02 -8.1585634559e-03 1.9835064941e-01 -8.5542356441e-03 5.3041456554e-02 7.6812565936e-02 -1.3824625322e-02 9.9366136591e-02 -1.7677374580e-02
-8.7019889344e-02 5.1261872594e-03 2.7934259279e-01 4.8794600787e-01 6.6116079507e-02 -1.4673076101e-01 -6.0173366297e-01 2.4817375599e-01 5.2454531067e-02 5.9689888312e-02 1.8460114758e-02 7.2106216755e-02 -4.9883896993e-02 6.3194169290e-02 3.3843930174e-01 1.9247930848e-01 3.2699277633e-01 -1.9281593838e-01 -1.3128784402e-01 -5.8946781879e-02 -2.1372257960e-01 8.4531031997e-02 -4.9940836794e-02 8.0670672549e-02 1.5859877958e-01 2.5178976723e-02 -1.7826953380e-01 1.3320947322e-01 1.3241951274e-01 -8.6336514090e-03 1.0846206372e-01 -6.0944256714e-02
-1.2265727692e-01 4.9159620088e-02 3.5078760635e-02 -1.5555035965e-01 -4.9044298170e-02 -8.3980324219e-02 -3.2012159619e-02 -1.0780519640e-01 1.1416631778e-01 2.1841156458e-01 -1.6077540240e-01 1.1961721360e-01 4.5235209142e-02 4.7128694707e-01 6.8609359415e-02 1.3367356402e-01 -1.5841664356e-02 1.8087630822e-01 -3.4800289158e-02 1.6278803021e-01 3.6878789500e-01 5.0011108733e-03 -6.9815153535e-02 9.8404925395e-02 5.0013502639e-01 3.1249746324e-01 -1.0785623989e-01 5.5687238872e-02 1.1315647971e-01 3.3651733020e-01 -2.1988001369e-01 3.3721974459e-03
-1.7995955813e-01 1.4021686409e-01 -1.0227659449e-01 3.5081397584e-03 -2.2275875497e-02 -1.5069680116e-01 -2.8526099312e-01 -4.8477520806e-02 2.2296819471e-01 2.6094421525e-01 5.1096623520e-02 1.5651806159e-01 1.3592597100e-02 3.1171674109e-01 -9.3835312312e-02 1.6973915694e-01 5.9713662788e-01 2.7229136339e-01 -3.0664017618e-01 2.6393413520e-01 -1.5158950435e-01 2.0957848095e-01 1.7955407277e-01 -4.0903457945e-01 8.8874213963e-02 -5.2390011181e-02 -3.1026677869e-01 2.0721431109e-01 -2.9245179821e-02 1.1901130179e-01 -1.6216076976e-01 1.8332270601e-01
-1.2973229289e-01 -7.6519599401e-02 -1.3580185677e-01 4.8604178612e-02 1.9834742474e-01 -1.3155162730e-01 1.2064088392e-01 -1.4602538218e-01 9.4595295580e-03 6.1961323789e-02 -1.6600250367e-01 8.8259629412e-02 2.5766666011e-01 -1.1892766994e-01 -7.7047311195e-02 3.8989955862e-01 4.1784715895e-02 -2.9684518094e-02 -1.7416268547e-01 1.3314045500e-01 3.8434957035e-02 2.5685831823e-01 7.0305614295e-01 2.7127295293e-01 2.0235448348e-01 6.0775829923e-02 1.4050268511e-01 -1.3071703913e-01 -1.5732460896e-01 1.5824483641e-01 2.4775333712e-01 2.7134711007e-02
1.0163400787e-01 -2.8496005720e-01 -1.4070848093e-01 -2.4882045007e-01 -2.4868510921e-01 -9.3550516652e-02 -4.8066913572e-02 2.8071969904e-01 1.3057386654e-01 -4.5706246405e-02 -9.5746072625e-02 -1.0312864974e-02 2.9451321039e-02 -2.3680423369e-01 -1.6125398143e-01 -9.1279618165e-02 -2.6527194409e-01 -2.2954779503e-01 -3.2973006982e-02 -2.5434388625e-01 4.7821267309e-02 -6.2822925423e-02 -1.8903577621e-01 -3.9363085628e-01 -3.3856688982e-02 -8.0224572409e-03 -1.1537697406e-01 3.5776015158e-02 6.9281162425e-03 -1.0637958388e-01 -5.4565038411e-02 -9.8002559389e-02
2.8253371549e-01 -5.7030184648e-02 3.3167578850e-01 7.4691134079e-02 3.8657276152e-02 9.6801531561e-02 1.0049636519e-01 1.5389419598e-01 1.9455919184e-01 2.1762506098e-01 1.6474543203e-01 -3.8296714448e-01 -1.9243982085e-01 -6.2726336009e-02 -4.7626985989e-02 4.7709349273e-02 1.9008975946e-01 -1.0420674137e-01 -2.2452776811e-02 2.7949265304e-01 -1.8430560584e-01 -1.3921976267e-01 -1.8439349545e-01 -1.4149740651e-01 -2.6318458756e-01 4.1977274419e-02 -3.9356311595e-02 -2.2256178723e-02 1.9217625799e-01 -2.9431987155e-02 -8.2519546807e-02 1.5644487501e-02
1.5597830146e-01 -1.0425919501e-01 -1.0007645800e-02 8.4022857096e-03 5.7002738449e-02 1.5562103324e-01 -1.3581431251e-01 -1.5383332262e-01 1.4614089107e-01 -1.9020712249e-01 -1.6090333982e-01 -5.9985182464e-02 2.4728454573e-01 2.9180015956e-01 4.0320085282e-01 3.4613084377e-02 -1.4414661093e-01 -1.5769982009e-02 1.2599487687e-01 -1.7356600420e-01 -1.1434982500e-01 -1.9660277109e-02 1.2656008140e-02 1.3029346825e-01 -1.0669900856e-01 -5.0332021616e-02 -7.4218082844e-02 6.0134957555e-02 -1.1582086925e-01 -6.0392956365e-02 -1.8193740566e-01 1.5966348388e-01
2.4090060420e-01 1.7360154231e-01 -1.6991063714e-01 4.5339056911e-02 -3.7941049266e-01 6.4635185045e-02 -7.6002291380e-02 1.7066296662e-01 2.6762162595e-03 -9.8397111473e-03 -7.1463169930e-02 1.2749464983e-01 -2.6235340212e-01 -2.1520903001e-01 -6.8327336179e-02 -2.1365964568e-01 6.4614866296e-01 -3.1793070086e-02 9.6450806480e-03 3.2222191623e-02 -9.4945386267e-02 -9.9615556468e-03 1.7494048043e-01 4.3002871762e-02 5.1963711957e-02 3.7542603622e-02 -1.0195663811e-01 1.6554550437e-01 -2.4790583694e-01 -1.5558513798e-01 5.1473578878e-01 4.2983075008e-02
6.9173201117e-02 1.5299220960e-01 -2.3361078448e-02 -1.6030029349e-01 -2.5310690423e-01 1.5498530629e-01 -4.2433608174e-01 6.0106587775e-02 2.1436127583e-01 1.1571166789e-01 3.0539370039e-02 2.7071478294e-01 3.8579886046e-01 -2.9543394661e-01 -1.5974428857e-01 -2.1829934992e-01 3.1311418975e-01 2.0937777440e-02 1.4421676577e-02 -2.4574689837e-01 -2.6623755709e-01 -2.6717720972e-01 2.8528974248e-01 -2.5955382581e-01 -2.6103409139e-01 5.0453191631e-01 -3.9193251553e-02 -2.4561430004e-03 -2.1508617821e-02 -5.2447697027e-02 1.1368456348e-01 2.0358707446e-02
-1.4171006798e-01 -1.2834768382e-02 1.7596784581e-01 -2.6204680675e-02 1.6020088147e-01 2.4698726464e-02 4.6326209258e-02 1.5333404590e-01 1.7602831629e-02 -6.5661903127e-02 -1.1744270976e-01 2.4900352247e-01 4.6223010546e-02 -2.4853446328e-01 1.5147108276e-01 -1.6160254906e-01 1.3974998065e-01 -7.5352455705e-02 -1.5094573175e-01 7.6150333263e-02 -1.3585447122e-01 -1.5234619483e-01 8.3443497316e-02 2.9732638663e-01 1.2423589722e-01 -1.3894397083e-01 -3.0323050158e-01 2.5218328080e-01 1.5676255290e-02 -2.2673780079e-01 1.2292567423e-02 -1.2568090670e-01
