2.0883900624e-01 -5.2091212747e-02 -4.3746039160e-01 1.8376757937e-02 2.1601841658e-01 1.5075211700e-01 1.4730965537e-01 -7.5339432919e-02 1.2805206321e-01 1.8995099451e-01 -2.9107861204e-01 3.0147124707e-01 -9.7110444302e-02 -1.5343692306e-01 9.7253562293e-02 1.2421676108e-01 -3.3459298478e-01 3.1195773242e-01 1.4217452844e-01 3.1441252787e-01 -5.2592586430e-02 3.5896248627e-02 -2.6685463866e-01 -1.7510741884e-02
-5.5240441189e-01 -2.3331544464e-01 9.2945084625e-02 -7.0852058277e-02 1.2639792875e-01 -5.4293975925e-02 2.9815049795e-02 -2.1565506610e-01 1.8293138240e-01 -1.9059623427e-01 1.6134466186e-01 1.6389157738e-01 -2.0673923181e-01 2.2835200340e-01 -4.4689509441e-02 -5.5687941530e-02 -1.4340574965e-01 2.9122477586e-01 3.3091210463e-02 2.1521516923e-01 -1.9578396562e-01 1.1855650520e-01 2.4860111264e-01 2.1210747503e-01
-2.9256324331e-01 5.3858661256e-02 -1.9790747846e-01 -2.6549167665e-01 5.1182079880e-01 -1.2863670648e-01 -1.8595732993e-01 2.6104998539e-01 1.3140069998e-01 -8.9000903541e-02 -3.3568436972e-02 -2.4358852324e-01 1.9330006341e-01 1.0246327916e-01 -7.8209192030e-02 -5.0966651688e-01 8.0416816126e-02 -4.7728696842e-03 2.8303073476e-01 -2.5858167256e-02 -6.3881374521e-03 2.2203882294e-01 -1.0809995215e-01 -2.2920591215e-01
1.2889017152e-03 1.7586477442e-01 -3.0871405540e-01 -2.5654323998e-01 8.0552655809e-02 -5.6382154868e-03 -9.5487262023e-02 -2.1471624996e-01 3.5034421798e-01 -4.4247127683e-02 7.0057480740e-02 -3.0408715560e-01 -5.3563293228e-02 1.0627249682e-01 -1.6104953391e-02 2.8152743757e-01 -1.7881944506e-01 -8.6414463675e-02 2.2318931623e-01 1.1850510968e-01 5.7056805005e-02 1.3050010186e-01 -7.4257298669e-02 -7.3890291201e-02
1.0181569081e-02 7.6119202033e-02 4.4749930443e-01 5.3261684297e-02 -4.1469329428e-02 -2.6659678198e-01 -1.3586274385e-01 -1.9622171532e-01 -3.6562868259e-01 -4.4173297794e-01 7.8068666242e-02 -3.4228028693e-01 4.0275431462e-01 -3.0468431149e-01 4.1999315182e-02 -1.6489869072e-02 -8.8916568364e-02 1.5231850455e-01 -2.2259765312e-01 8.3439677265e-02 2.0134534539e-01 1.3784292526e-01 2.4259214629e-01 -2.7430869453e-01
1.1517119572e-01 3.9956470505e-01 1.0842389935e-01 1.0588015277e-01 -4.3610215833e-01 2.5933158970e-02 3.8684553129e-01 1.6171541550e-01 5.2946966552e-02 1.0605138722e-01 1.0893905085e-01 1.3988974994e-01 7.4790586478e-02 4.9535952481e-01 1.1447149294e-01 2.3669175710e-01 -3.5659335659e-01 -2.1366217511e-02 5.6141627797e-02 -5.8147043277e-02 4.2455987498e-01 -1.5676790716e-01 -3.9377526462e-01 -3.0867916994e-02
-3.4075030182e-01 9.9234757220e-02 -2.1544482786e-01 1.6625402075e-01 -8.8902353934e-02 -1.7882396598e-01 3.3945496827e-01 2.0993826825e-01 3.8972109168e-01 -6.2420010907e-02 -2.1652169198e-01 1.1537311954e-01 -1.8823691078e-01 -2.4843319878e-02 -1.5715540177e-01 -2.8928700212e-02 -2.0842938800e-01 7.7446230773e-03 -1.5746664025e-02 3.8148771115e-01 -1.1913560350e-01 -2.0044104674e-01 -1.7040864586e-01 8.9650705152e-02
4.0139299953e-02 1.4630914991e-01 4.3814071083e-01 1.7258430141e-02 1.0986636899e-01 -1.6385622883e-01 -1.8273260364e-01 -2.9130516963e-01 -7.0830279753e-02 4.8203129189e-01 9.9443703803e-02 -1.1230470369e-01 -8.0825831144e-02 -1.0475298159e-01 4.3069095704e-02 1.7269961759e-01 -3.7887196974e-02 -2.4566942457e-01 2.8628413634e-02 6.6875114227e-02 4.0966867915e-01 -1.9590230952e-01 -2.6285319056e-02 -2.9251521115e-02
3.1514789746e-01 1.8810292517e-01 -2.8834700727e-01 1.3236443871e-01 -1.1477879607e-01 1.1881181718e-01 -6.5566313356e-02 -2.3540712995e-01 5.3278288601e-02 2.8260457230e-01 -3.8865106364e-01 9.2038921955e-02 3.3162089056e-01 2.9159751283e-01 1.2170600746e-01 2.6135834958e-01 1.1627357057e-01 -1.4927501919e-01 1.5245212264e-01 -4.1784436826e-01 1.5383163254e-01 6.8496541922e-02 -2.3424504261e-01 -3.1717271002e-01
-1.1116608589e-01 -5.6811762307e-02 -1.5049721173e-01 1.3252535265e-01 -7.5153163654e-03 -2.6245807503e-02 8.0433492361e-02 -3.0006408229e-01 3.0869741512e-01 -1.5647394001e-05 -4.4384616570e-01 -1.1430563402e-01 -8.6095449046e-02 6.0671016516e-03 2.5236705683e-01 1.4905837548e-01 -1.0082908848e-01 3.4779010026e-01 -1.6406712574e-03 2.0009888268e-01 -8.7555397866e-02 -1.8262744417e-02 -3.5860784267e-01 -6.4841528450e-02
1.5607519416e-01 2.8755494202e-01 -2.3907969389e-01 3.3727361840e-01 -2.5435499746e-01 2.3562587957e-01 -2.9479288097e-01 -1.6798551977e-01 -4.1370542075e-02 7.3326124146e-02 -1.5090741546e-01 -9.4570727619e-02 -2.7149817364e-02 1.2575202762e-02 3.6810892544e-02 3.0677364218e-01 -1.6408323861e-01 1.4843615484e-01 -7.1613191404e-02 6.6709772470e-02 5.0259568503e-02 -7.2539219462e-02 -1.6898312590e-01 1.2755691967e-01
-7.7207553358e-02 1.5459147357e-01 -1.8089668546e-02 2.5453367103e-01 -1.5486015593e-02 -5.9558208228e-02 3.2883222831e-01 -2.2243245436e-01 6.5849389367e-02 -9.6954605597e-02 -1.7138464618e-01 -1.6178534652e-01 -4.1652143178e-01 -4.0448910620e-01 -2.8456871054e-01 2.0001693527e-01 -1.5193071827e-01 -2.3063555019e-01 -1.6798460281e-01 2.3134043044e-01 1.1137487111e-01 -5.7173543129e-02 4.7171965905e-01 1.3760802176e-01
4.7062628611e-02 1.1406427970e-01 1.9172795441e-01 -1.5919151677e-01 -2.5637879877e-01 8.7968708890e-02 -8.8937991669e-02 -1.7798250192e-01 1.6764506499e-01 5.2590378240e-02 4.4566221907e-01 -2.7208162446e-02 -1.0271157431e-01 4.5135444478e-02 6.7096526766e-02 -1.4604583403e-01 -6.2608350618e-02 8.6280142833e-02 1.7631062391e-01 5.1071159957e-02 1.2919565949e-01 -1.1198976290e-01 1.9116556708e-01 -7.1006496392e-02
4.2534540110e-02 1.0061999112e-02 1.1965536236e-01 3.1359662210e-01 3.3909075443e-02 4.1625290626e-01 1.6344077334e-01 -1.0271956286e-01 -1.5470224356e-01 1.9753084497e-01 -1.8490842153e-01 -1.0148634282e-01 2.2543859635e-02 -5.3814108368e-02 -5.4287828984e-01 -1.2384018213e-01 1.1365626126e-01 3.4444354811e-01 -1.8561497427e-01 1.7785341011e-01 -8.0754089841e-02 1.9397954187e-02 -2.1463467794e-01 -1.4426945117e-01
-6.6538821443e-02 1.5858119890e-02 -1.9101244825e-01 1.1594189872e-01 -1.5015666809e-01 2.4362195817e-01 -2.4403034099e-01 -2.8655899703e-01 -2.2156251521e-02 -3.7519094514e-02 2.3032316058e-01 1.1952546986e-01 9.1240513427e-02 -5.9664374012e-02 -1.7133556341e-01 1.9607098159e-01 -1.5175392531e-01 3.1685378548e-01 1.5847119809e-01 1.6356991608e-01 9.8859169444e-02 -2.1029640556e-01 1.9817589321e-01 -3.2668315703e-01
-1.8861839878e-01 3.1871335036e-01 -1.6309453678e-01 -4.0740823721e-01 -1.3803836576e-01 -2.0396923688e-01 2.3701511279e-01 -1.1003644323e-01 1.5584283775e-01 -3.3558169757e-01 1.7835208685e-01 1.8141988263e-01 1.3997314421e-01 -1.8849244888e-01 -1.9186575764e-01 -9.0617227883e-02 -2.9768349785e-01 3.0447974221e-01 1.8829084640e-02 -1.4509524030e-01 2.3595423742e-01 -1.7098292571e-01 7.0490237518e-02 3.2167273330e-01
1.5156869388e-01 3.1523361123e-01 2.8980983452e-01 2.2783403395e-01 4.9686831196e-02 -2.5184751430e-01 9.6220958263e-02 -2.9482606394e-01 -5.6789339654e-02 1.6926703913e-01 -5.1869194749e-01 3.2952759881e-01 -2.6725724982e-01 1.9612476925e-01 1.0701874769e-01 -8.4412765382e-03 6.3082267267e-02 -2.6609773171e-01 -2.8625436718e-01 2.1159356527e-02 1.2162678015e-02 4.6165174801e-01 -2.4418988498e-01 -1.0454515483e-01
-7.9223241222e-03 -2.0375848376e-01 -3.0613618454e-01 -9.0888961193e-02 -6.5776336618e-02 -2.4937039474e-01 2.3777839228e-01 1.0903652469e-01 3.9403911858e-01 -5.5017017176e-02 -3.4813268569e-01 -1.3694362458e-01 -4.7044591228e-02 3.7904886551e-01 -2.8956296783e-01 -1.9488699354e-01 -5.6743212433e-01 -1.3325878183e-01 -2.9049300075e-01 3.6962701818e-01 1.4008537650e-01 3.0278845597e-01 1.3964378554e-01 -2.9600044210e-01
4.1078245452e-01 7.7623174569e-02 -2.9618188335e-01 -2.7582496276e-01 -1.6838458000e-01 4.2325373127e-02 4.8569753838e-02 -2.5296341823e-01 1.3670319716e-01 9.2304708350e-02 -1.5236413404e-01 4.6629646327e-02 -2.6958122923e-01 -1.5855789175e-01 -3.3593250884e-01 8.0340678732e-02 -4.4700979450e-02 -1.2882770116e-01 3.2885093369e-02 -1.2483489933e-01 -5.2947843489e-02 1.5196314960e-01 3.4238032555e-01 6.6642562805e-01
-4.7592503602e-02 -2.8217796554e-01 2.3371297643e-01 -2.4068350318e-02 -9.6228621603e-02 -2.5741608208e-01 1.0140939854e-01 1.4383772797e-01 -6.1669951798e-02 -4.7774633525e-01 1.8642366332e-01 1.5308408889e-01 -9.4170897226e-02 -1.2699545785e-01 -2.4927865150e-01 2.2113185837e-02 -1.5744571641e-02 1.7961012916e-01 -1.2911657331e-01 -2.3913725027e-01 3.3007664867e-02 -1.8872272169e-01 -1.7567638777e-01 -2.9295864613e-01
-1.4878678146e-01 -2.5136464148e-01 -3.1944186960e-01 4.2400511156e-02 1.5670002849e-01 -2.3512748834e-03 -3.2390075873e-01 -1.8526437150e-01 -1.4913533398e-01 1.4259180958e-01 -4.7910638569e-02 -1.5064591684e-01 3.5210259651e-01 1.3790604861e-01 3.2264919234e-02 3.8959082193e-01 -3.1905798605e-01 6.2815287462e-02 -1.1526410409e-02 4.9267628982e-01 1.4036371468e-01 -4.7078158039e-02 3.2200820866e-02 2.0535365813e-01
1.9758776111e-02 2.1786521176e-01 -2.9813529671e-01 -7.4504118306e-02 2.2722851228e-01 1.4605942965e-01 1.5623918340e-01 1.2522591612e-01 2.1035605795e-01 -3.7821663386e-01 1.9932505053e-02 -1.0425071674e-01 -3.7728916396e-01 1.2130581671e-01 -1.1654926029e-01 -4.4936762560e-01 -3.1670758863e-01 -5.9614772437e-02 3.0514017076e-01 -2.1979751068e-01 -7.7770599480e-02 1.4837332164e-01 -3.2357812556e-01 -3.7105695499e-02
1.5877511886e-02 6.2724224002e-02 2.1814975879e-01 -1.4682149075e-01 4.5362958671e-02 -5.9670104484e-02 -1.2457862825e-01 -1.4219962094e-01 1.7901702259e-01 9.9562732949e-02 1.7284614247e-01 -2.2388345812e-01 -6.4286529169e-02 -4.3184551206e-02 -9.7977492212e-03 -5.8703175764e-01 -7.3560421852e-02 -2.2631224319e-01 2.1133348316e-01 3.4112006040e-01 3.4527189044e-01 3.5898892056e-01 -5.7941956588e-03 1.9443428263e-01
5.4869427343e-01 1.5503945897e-01 5.8575438313e-02 -2.4121787710e-01 -2.6738300363e-01 7.6148133127e-02 1.5794170213e-01 -5.5550844898e-01 -5.0089310747e-02 6.1125532878e-02 5.3342641360e-02 -8.5431441068e-02 2.3088236648e-01 -1.6285790275e-01 5.8142706293e-02 -1.4084719228e-02 -1.6592565873e-01 2.6383100179e-01 8.2063920527e-03 3.1850423127e-01 2.3675746599e-01 -6.6997535978e-02 -7.1198840017e-03 3.4034188982e-02
