-2.2293061512e-01
2.3456686118e-01
-3.9276556230e-01
-1.5326979071e+00
-1.2209160223e+00
7.1943428448e-01
-9.1597647978e-01
2.9961060327e-01
-1.0917987461e-01
-4.9955870575e-01
6.5520832086e-01
-1.8219671146e-01
2.5685352375e+00
3.7984190976e-01
1.8055189595e+00
-2.1366879476e+00
-5.9200372651e-02
8.2006590124e-01
4.6347290668e-01
9.5140627350e-01
3.2684220952e-01
-1.3082036715e+00
2.2792451860e-01
5.4913133819e-01
1.1072576626e+00
-9.1751521570e-01
-6.3181779368e-01
2.7450930446e-01
-4.8874278875e-01
8.2446199053e-01
-9.1735090437e-01
2.1303191077e-01
4.9421639821e-02
-1.2492153485e+00
1.2170321192e+00
6.2081288494e-01
4.5166910684e-01
-1.7221054914e-01
-1.0252839145e-01
6.7313466245e-01
1.3504017737e+00
1.0747862652e-01
-1.1999004491e+00
-1.6887296849e+00
6.7415702137e-01
-9.8585246854e-01
-7.0754493104e-01
2.0633012607e-01
-1.1523372673e+00
7.8246641091e-01
8.7707583503e-01
1.3714965388e+00
-1.2032338707e-01
2.1837012516e+00
1.1877722137e+00
-6.9386381767e-01
-4.9163349968e-01
-2.2164455143e-01
-6.8038610674e-01
5.6386883561e-01
-8.0064086559e-01
-1.8873023919e-01
-4.7783254211e-01
3.2884912504e-01
7.0731413115e-02
-1.0966408322e-01
-3.9913238527e-02
-4.0353985560e-02
-5.5703793129e-01
2.5734056612e+00
-9.8997356021e-01
5.1378255466e-01
7.6322494798e-01
4.1707224462e-01
1.3821428540e+00
-3.7670571496e-01
-6.2758720829e-01
-5.3274018155e-01
-1.5918267538e+00
-8.7912037947e-01
1.3142462088e+00
6.1378119809e-01
-1.3423022114e+00
9.9733188088e-03
1.6929208134e-01
1.8179875066e+00
6.8023782798e-01
-2.1969289433e-01
-1.5365197148e-01
1.9409246041e+00
1.8771047721e-01
7.6977278308e-01
-8.8526907361e-01
-8.8854193577e-01
6.0922532774e-01
7.6786172462e-01
7.5746176168e-01
-1.3461983576e+00
2.9017855768e-01
1.1326212073e+00
-9.9034696717e-01
5.7263323962e-01
5.7629598409e-01
-9.0147017751e-01
4.1187990785e-01
-2.0819602100e+00
1.1235524151e+00
-1.2402875022e+00
-4.4707324518e-01
-1.0326880419e+00
6.6313170512e-01
1.2285367132e-01
7.8094478204e-01
4.8742892217e-01
-5.7190678476e-01
2.3891091728e-01
-7.7341964254e-01
-1.9440749809e-02
8.0254865477e-01
4.4160111567e-01
-9.3354625734e-01
2.4832854508e+00
5.3309999655e-01
1.3920544420e+00
-3.8355008634e-01
1.4539578878e+00
1.1370431219e+00
-1.5538298013e-01
-1.3370719913e-01
-1.6309326393e+00
4.7998330548e-01
-3.5432748696e-01
4.1756545837e-01
9.2535646609e-01
1.2438672649e+00
6.8672303191e-01
-2.0508395646e+00
2.1400237657e+00
-4.4510601862e-01
-6.3995309896e-01
-3.6849782244e-01
-1.1860631767e+00
8.4315361394e-01
-2.2179835825e-01
-1.7222680413e+00
7.4322725541e-02
2.2631790232e-01
7.4040976547e-01
3.2068401433e-01
4.8590964733e-01
-7.3064065471e-01
1.0380506831e+00
3.0112495217e-01
3.1573691955e-02
1.0977475918e+00
-1.3731596803e+00
-1.4777821495e+00
-9.3159834158e-01
1.3322001693e+00
1.0711636007e+00
5.6270588606e-01
1.5684440050e+00
7.8872913512e-01
1.8694404804e+00
-1.1989267117e-01
6.9375268276e-01
-8.1077524461e-01
8.4484088155e-01
-5.0539780688e-01
1.7631577976e-01
-1.0415340696e+00
1.0887522540e+00
-7.1471169721e-01
1.1069080969e+00
5.3292480480e-02
-1.3429975278e+00
1.9357116745e+00
3.5853735974e-01
-1.8048324293e+00
7.3919382989e-02
-8.6046748658e-01
1.6051962288e+00
7.0854748122e-01
-4.3523593569e-01
5.0869981115e-01
-8.8667375522e-01
-8.8145323704e-01
1.0963442151e+00
-9.5523861205e-01
-7.3750359365e-01
3.1572656102e-01
-8.5938233261e-02
-2.7825729292e-01
1.4601552011e+00
-2.9491836657e-01
2.4640736337e+00
-1.0466022111e+00
1.0551943652e+00
4.6547965743e-01
-8.3923225760e-01
-1.4774074983e+00
-5.7607518365e-01
9.7310607796e-02
-7.0580932917e-01
2.8676568373e-01
8.2268122829e-01
-7.1284658628e-02
-1.1548708102e+00
1.5128888007e+00
4.0459077798e-01
2.9380677564e+00
-1.7314649067e+00
-3.2948780257e-01
-1.0580768376e-01
1.7188102414e+00
1.6114797484e+00
-9.0683276410e-01
1.3596723015e-01
-1.1898964821e+00
-3.6719370466e-01
-7.9176934334e-01
-3.3738886690e-01
6.5264806434e-01
-5.4406183402e-02
-2.3238459007e+00
3.2823738657e-01
1.0355656553e-01
8.5021329262e-01
4.9901635181e-01
-8.4097659761e-01
2.0741928721e-01
2.7689099853e-02
-6.6998892238e-02
-6.3207260111e-01
-4.9789767360e-01
-1.4949978548e+00
-4.3751954371e-01
8.6488755708e-01
9.9210314621e-01
8.7190395459e-01
-3.0966493745e-01
-3.3379693866e-01
4.8146432509e-01
-1.6380111096e+00
-8.6002653253e-01
-4.1456541762e-01
3.8591155686e-01
-1.2024627946e+00
1.0633369096e+00
-8.1907970580e-01
3.7345138161e-01
-1.1989550249e+00
-9.1503777516e-01
-1.2324540643e+00
2.4601203998e+00
-2.8254170118e-01
-6.3342137278e-01
-7.4420771303e-01
2.7166077853e-01
1.1577045089e-01
-1.9003392592e-01
-2.7560800176e-01
-2.4469234002e-01
1.1893036285e+00
-3.4836251666e-02
-8.0228758633e-01
7.6958570181e-01
4.9160087073e-01
5.8060792517e-01
1.1103574568e-01
3.2773702578e-01
1.6346333795e+00
-1.1213901544e-01
-1.0109313593e-01
-1.2583736270e+00
-2.2113931481e+00
-1.6221178262e+00
-1.1549884414e+00
-1.2124895466e-01
-1.6655319805e+00
-2.6626941158e-01
5.5429444428e-01
3.6776900293e-01
1.6093799647e+00
2.4269136187e-01
-6.5164182948e-01
5.0683203196e-01
9.5250010543e-01
6.3970940498e-01
-2.9866288926e-01
7.8027275696e-01
6.3144430629e-01
1.6418768679e-02
3.4631858778e-01
1.7674238047e+00
1.9763417614e+00
2.1984038731e-01
-7.6201238189e-02
-1.5944527307e+00
-1.1358804073e+00
3.1630417612e-01
3.3385193872e-01
9.4062005594e-02
7.1702683252e-01
-3.3230470136e-01
-8.5293566105e-01
1.2945364008e+00
2.2588671721e-01
-1.2151583594e+00
-4.7973255368e-01
-2.0749664863e+00
2.8358514558e-03
1.4325123780e+00
8.0385297650e-01
1.0245059398e+00
-2.8913425493e-01
-1.5976617206e+00
1.0673187945e+00
8.9704796096e-01
-4.2103834844e-01
5.4961138014e-01
2.2223351303e+00
3.8335583709e-01
-6.8385079425e-01
5.5374710054e-01
-1.1434556208e+00
4.8529799559e-01
2.0804627058e+00
1.1232082581e+00
4.1291921983e-01
1.3576450071e+00
1.3297471042e+00
-1.6604876207e+00
2.6181341620e-02
3.4415317944e-01
-1.1443245007e+00
-2.5887891365e-01
1.9471251854e-01
-1.0098231282e-01
6.5206430184e-01
4.6303534191e-01
1.2780594677e+00
-5.2876768544e-01
-7.6963756788e-01
-1.4027205963e+00
1.6101612741e+00
-1.4136901331e+00
4.8914411921e-01
9.5767368170e-02
1.4021491057e+00
