-1.5209779667e-01 -2.4338554841e-01 -8.2428319576e-02 3.3346569452e-01 -3.2939800022e-01 4.1794843290e-01 -1.9273759297e-01 -3.1185682466e-01 -1.4582515795e-01 4.7256656980e-01 -7.4592887301e-02 -2.5570667250e-01 1.0703835593e-01 1.3838500049e-01 1.1803715745e-01 -2.7644535066e-01 -9.5303806562e-03 1.6956124283e-01 -2.2074230396e-01 2.2991461750e-01 3.8183259945e-02 1.2119711677e-01 -1.5955452696e-01 2.8927258798e-01
7.5678815452e-02 -2.7686048166e-01 -7.9848531140e-02 1.1057092778e-01 3.3251146530e-01 1.8318928727e-01 -1.3328343105e-01 3.7556420209e-02 -2.6816785432e-01 1.8516932228e-02 6.6334728804e-02 -2.4965257435e-01 3.6686613146e-01 -3.9974091306e-02 2.2412818480e-01 2.0913986209e-01 3.9423139316e-02 2.2505337173e-01 8.6932627570e-02 2.0114942433e-01 1.0732415836e-01 2.3397678531e-01 1.2808762309e-02 -5.1572220652e-01
3.5366979585e-01 -9.3291739242e-02 3.5005437400e-02 -1.5249580819e-01 1.2749954550e-01 1.3166354074e-01 -2.3052357992e-01 1.9510760780e-01 -4.9005178450e-01 1.8339436740e-02 -1.8132305790e-01 1.4239433328e-01 1.3807550367e-01 -8.1366766032e-03 -2.1412815072e-02 1.0483646450e-01 -9.1755639032e-02 4.9947374116e-01 3.8956143325e-01 1.6745510517e-02 2.3019612584e-01 -2.0000038985e-01 9.3027979383e-02 -4.1044564924e-04
1.4759606447e-01 1.3941721227e-01 -8.7901525414e-02 -7.4492044028e-02 4.6141030327e-02 -1.1468610631e-01 -2.4199388195e-01 1.1568964405e-01 8.6226812306e-02 2.7383708638e-01 5.1180562479e-02 -2.9944286138e-01 1.3658894917e-01 -6.3361477487e-01 3.5522578127e-01 1.2796464995e-01 5.0112346598e-02 2.2403005847e-01 -1.4751116857e-01 1.2728704426e-01 3.3577238666e-02 -8.6711474348e-02 -1.2346839478e-02 3.6969081361e-01
1.4401427932e-01 2.2968879952e-01 4.8094089609e-02 5.4644069128e-01 -4.4623040199e-01 -2.0300574370e-01 1.1925173111e-01 -1.7759289520e-01 6.4103920226e-02 -6.8863620520e-03 7.8642306002e-02 3.4312578097e-01 2.6548143250e-01 1.4556334397e-01 3.0698418329e-01 4.1515631783e-01 2.6227192830e-01 1.6970960700e-01 -2.6407018894e-01 3.1033775033e-02 -2.1302590981e-03 1.4201881242e-01 1.8024179234e-01 1.1271877877e-01
2.9807163906e-01 -4.8763852713e-02 5.0619496075e-01 5.0716303116e-02 5.5838406898e-02 4.2424372425e-01 1.1079638421e-01 -2.1916520238e-01 -1.6951221791e-01 1.4320742996e-01 1.3410722096e-01 -3.0987879238e-01 -1.4171071767e-01 2.8372720396e-01 -3.8834082117e-02 3.8424399827e-01 2.9399445212e-01 -6.4190303824e-02 1.7332480320e-01 1.4708107748e-01 1.3486357840e-01 -2.2128237422e-01 1.2889802861e-01 -1.5808456764e-01
7.7643980166e-02 -8.5087473706e-02 1.5580356167e-01 -2.9809410712e-01 -1.0755001636e-01 3.0019445958e-01 -1.2357003118e-01 6.4582582428e-03 6.8771521971e-02 1.9950933221e-01 -2.3064365061e-01 9.4014238684e-02 -7.2937330287e-02 1.6918454043e-01 -1.5595828750e-01 -2.6663350113e-01 -2.6850183075e-01 1.9062593787e-01 2.5865919557e-02 -3.6200062687e-01 -1.3973136989e-02 3.6135063485e-01 2.8718900472e-01 2.2953314175e-01
4.8442241294e-02 -6.8847027929e-02 1.7755324589e-01 -2.7114322434e-02 3.0101079741e-01 2.6983241363e-02 -3.0984143301e-01 -4.5315086211e-04 3.1521448321e-02 8.9195902211e-02 -1.9401823830e-02 1.2997389170e-02 1.8802474056e-02 -2.5282317429e-02 1.1624539347e-01 2.7536102568e-01 2.3492567764e-01 -2.6727415765e-01 -2.6357248525e-01 9.2685484271e-03 -5.3083217951e-01 9.5810614725e-02 -8.2541278672e-02 -1.3127764347e-01
7.1351411384e-02 -1.0891071104e-01 -1.7797283787e-01 9.6590465384e-02 1.5450139969e-01 -2.0870363564e-01 1.6553204298e-01 -5.6877385248e-02 -2.6150195837e-01 1.6460978855e-01 -4.6374347501e-01 -2.5089042960e-02 2.9304074123e-01 -5.2065354249e-02 -2.0690323108e-02 9.3866729304e-02 2.8355350044e-01 -1.4478528407e-01 -2.0913130522e-02 3.8417394586e-02 2.0251625208e-01 -2.7133399190e-01 2.1876528668e-01 -3.6791568674e-01
4.8056525216e-01 -3.5840400600e-01 -5.3422676097e-01 1.5569282510e-01 2.9052881331e-01 -2.0872065346e-01 -9.4822030217e-03 3.9668068117e-01 -6.8262035534e-02 1.2655951622e-03 -1.5446247690e-01 1.6576142307e-01 -1.1227696731e-01 6.2935987406e-02 4.6536769229e-01 -1.4228752124e-01 -2.5440987137e-01 4.6190101257e-02 2.2061284534e-01 -1.1797840040e-01 8.1056169569e-02 2.3184118961e-03 -9.4898687996e-02 -1.2773308660e-01
3.0356208666e-01 -2.4080857579e-01 1.4715357207e-01 -2.9567863521e-01 -3.4371025160e-02 1.5621259854e-01 1.9924818734e-01 3.9025557046e-01 2.1281407059e-01 1.3156360668e-02 3.6495397831e-01 -2.2891793696e-01 1.2903546936e-01 3.4701930442e-01 3.2112496029e-01 -3.9998554735e-01 -1.9862789761e-01 3.0005786680e-02 -1.0485527494e-01 -7.0417614664e-01 1.1778071165e-01 -1.0669718791e-02 9.0283499943e-02 8.8735250010e-02
-6.9588616602e-02 5.0818770878e-02 1.6942784042e-01 -6.4523116138e-02 7.7211021630e-02 -1.7740379707e-01 3.2223523713e-01 -2.2191785275e-01 3.9629971266e-02 -1.8267787957e-01 -3.4913866529e-02 -1.9092523520e-01 -2.7970726774e-02 2.7064327223e-01 -1.3129750250e-01 -1.1666604154e-01 -2.2912337488e-01 -1.4304272796e-01 -2.6685486086e-01 -1.1265476203e-02 -5.3853084628e-02 -3.4485464910e-01 -1.4659752064e-02 -5.0877359402e-02
3.0945129778e-01 4.3768765433e-02 1.7429937877e-01 2.5239318354e-02 4.0211054545e-01 -2.6505831425e-01 -1.6078278115e-01 2.7654383100e-01 -1.4997730121e-01 9.3729979316e-04 -3.6157262565e-01 -2.7878864739e-01 4.6202002852e-01 -4.4981012019e-01 -3.8990903162e-01 -2.2403164785e-01 -1.7070690093e-01 1.6078138269e-01 -2.1558613224e-01 1.1112007192e-01 -1.8362821134e-01 -4.7874586173e-02 2.1197257292e-01 -2.8463030002e-01
-3.8233637614e-01 -8.1993184796e-02 2.8131345189e-01 -1.0307906312e-01 -1.8515885399e-01 2.2265952056e-01 -1.1500565637e-01 1.3242835808e-01 1.6712699080e-01 1.5534987471e-01 -7.3503084955e-03 1.5565421604e-01 3.0170454955e-01 -2.3610258934e-01 -2.1009980690e-01 1.1039714752e-01 4.0992309587e-02 2.8281506076e-01 6.2479617214e-03 1.2179370330e-01 -4.3059465162e-01 4.0983378289e-02 -7.2377433589e-01 1.5596176606e-01
1.5065462467e-01 8.3372658444e-02 -3.9644351001e-01 -3.0056161915e-02 3.0215734985e-01 -2.7236608150e-01 4.1239180867e-01 -2.1344106564e-01 2.7906344731e-01 1.0645732816e-01 -3.6389114807e-01 -2.8050326994e-01 -2.4367855034e-02 8.5135229419e-02 4.4441814579e-02 4.0876428518e-01 -9.8222800130e-02 2.3237335092e-01 5.9942528798e-02 9.7105122341e-02 -3.3957946351e-02 2.4437184124e-01 3.6880294717e-01 2.4763849756e-01
-3.6096339660e-01 2.0217891235e-01 1.6033850486e-01 -2.8716009308e-03 -7.9891727016e-02 -1.7119279999e-01 -2.6686524767e-01 -1.1452926415e-01 1.1066436360e-01 2.4451077503e-01 -4.3361136309e-02 -4.4913969793e-02 -1.3050333873e-01 -4.2953588192e-01 -7.0422130050e-02 -1.9646569597e-01 -6.7913470406e-02 -1.6015904959e-01 -9.1998970756e-02 2.7268010355e-02 -2.2189262843e-01 -2.9497732069e-01 -9.2488025516e-02 9.7626543216e-02
-5.4758494376e-02 5.3032128486e-02 1.0038706172e-01 -3.8911199464e-01 1.7029580900e-01 7.3227632391e-02 2.0445904675e-01 9.3478438042e-02 -1.1335082132e-01 -1.8953094444e-01 1.9382024559e-01 4.0010293278e-02 -1.6473757318e-02 -3.6636205799e-02 1.3328248514e-02 2.9332511982e-01 -5.6153355951e-02 -3.8902378464e-01 -1.0214156705e-01 -2.7728616023e-02 1.0899728531e-01 -4.4745611758e-01 3.1944634552e-01 1.2491617454e-01
2.7546588284e-01 -2.2461854632e-01 -6.1132651233e-03 3.4207952652e-02 -1.7165524193e-01 -3.5861126786e-02 -1.1414348464e-02 -1.0485191095e-01 4.6740256568e-02 1.4300213844e-01 1.5869271417e-01 1.5655141224e-02 -3.5420047042e-01 -1.3431466175e-02 1.8477397466e-02 -8.3009263236e-02 -2.9120917611e-01 1.0746384366e-01 -4.2867833800e-02 3.3588542688e-02 -4.4714705503e-02 4.6142745543e-01 -2.7915453471e-02 -5.3589904553e-02
-2.0279124294e-01 2.4536717628e-02 1.9918893634e-01 -6.8680265860e-02 2.8654286400e-01 -5.3270924956e-02 -4.0435509213e-02 9.2938134991e-02 -3.9511506422e-01 1.0621118353e-01 -1.2585634202e-01 -2.7792160719e-02 1.2861872135e-01 -1.3158165458e-01 3.4243882712e-01 1.5911232380e-01 -4.0081193980e-01 1.3544318979e-01 -1.7956167413e-01 3.4517691691e-02 2.1401804654e-01 5.8959237367e-03 -2.9712862775e-02 -1.5240759818e-01
-2.8161302727e-02 -1.7283530053e-02 -1.0560132301e-01 -1.0820544775e-01 -3.8151048190e-01 2.7931421081e-01 -1.1520016738e-01 5.6436089906e-02 -6.8475900280e-02 -4.1471936256e-02 -2.9325105008e-01 -3.9595785293e-01 -3.9048133301e-01 2.8690596351e-01 2.0189314178e-01 -3.2172574103e-01 6.6670854153e-02 7.3593934595e-02 -3.5506498175e-02 -1.0602945563e-01 -3.1095838937e-02 1.7609218475e-01 -1.1667339881e-02 2.0444221425e-01
-9.1327731021e-02 2.5423640962e-01 -1.8910661067e-01 -1.8828486516e-01 -1.6714855568e-01 1.3495186448e-01 -1.9077262664e-01 5.3267796913e-02 2.7965247880e-01 1.8075587739e-01 -5.8102250035e-02 -6.2597428647e-02 -1.5266136698e-01 1.5443645428e-01 -1.7379836476e-01 2.1394000946e-01 -6.2032413336e-02 -3.6957465257e-01 -5.2022686239e-02 -2.3115857730e-02 -5.2712152650e-02 1.0997448871e-01 -3.5951658033e-01 -1.5678523049e-01
-2.0080714394e-01 -9.0919573145e-02 -4.1599727021e-02 -7.1975500141e-02 -7.4732182518e-02 1.9282532463e-01 1.6650821425e-01 -3.2351159218e-01 2.8856695489e-01 6.4531218046e-02 -4.7497978324e-02 -9.4410975483e-03 -2.5324821739e-01 1.7844424324e-01 -2.4006617348e-01 2.9668262886e-02 1.4883291831e-01 5.4527894679e-02 2.8442711140e-01 2.1852208772e-02 -8.6228650205e-02 2.5107597731e-01 -1.8948221109e-02 2.4981358057e-01
-3.2217558378e-02 -2.0864822861e-01 3.3806943985e-02 1.6354297627e-01 1.0863596368e-01 1.0640504930e-01 -1.5989391484e-01 -2.8886220158e-01 -2.1041664199e-01 2.6453681499e-02 -3.2934448261e-01 -2.1191278972e-01 1.6762648579e-01 -4.8027551247e-02 1.5727997366e-01 2.3369021038e-01 -1.7936518839e-01 1.2230866261e-01 -3.3686892623e-01 -1.0379905071e-01 -2.1486083690e-02 -1.5952683704e-01 1.2730881391e-01 -4.1886277373e-01
-8.4052556359e-02 -4.6789645582e-03 1.9357580263e-01 3.6263181572e-01 1.3238910317e-01 -2.4103372958e-02 1.7750739170e-01 -1.5126111198e-01 2.5217842597e-01 -5.2479592479e-01 -3.1895891634e-01 -3.4781425366e-01 6.1328991640e-02 -2.8974920475e-02 7.7972311550e-02 3.6227135088e-01 3.2835801428e-01 -4.2215825830e-02 -1.5838094650e-01 -4.9115974233e-02 2.5770493670e-02 -1.0816075264e-01 -1.3006714070e-01 1.1702691051e-02
