-4.7613841397e-02 3.8914071923e-01 -4.0494914028e-02 2.2628728159e-02 1.8179586469e-01 1.0841272845e-01 -7.3463334238e-02 -5.5928483745e-02 -1.2498955271e-01 -1.7318768210e-01 -6.4933323793e-02 3.0798817312e-02 -1.1654668554e-01 2.0935509628e-01 1.7289500346e-01 -6.5784141083e-02 1.8394508722e-02 2.6814509239e-02 -2.0316160096e-01 -2.3587435315e-01 -3.6385365444e-01 2.5222321419e-01 3.8468243591e-01 -2.2410541967e-02 -1.6659710627e-01 4.5867783221e-01 1.7319169974e-01 -1.1755025561e-01 -1.3524631144e-01 7.7527131865e-03 -1.8504973316e-01 1.7521145241e-01
2.4791914119e-01 1.0184517153e-01 -1.2875565460e-01 2.0672326636e-02 1.7179266236e-02 -4.3740718087e-02 -8.4365179256e-02 -1.1767911999e-01 1.1429673176e-01 2.1490653085e-01 1.6326314490e-01 8.7980394069e-02 1.8366228915e-02 2.8094354093e-01 -1.1618381709e-01 2.9739032931e-02 -6.0723066466e-02 2.3667655817e-01 -2.1548961430e-01 -8.4485218448e-02 1.3233382145e-01 -8.4779893862e-02 5.8741694832e-03 -1.0712548747e-01 3.9252420234e-02 -1.5365457838e-01 1.3591791188e-01 -1.7200719157e-01 -8.8999767820e-02 1.7855297296e-02 -1.1953894733e-01 1.5861410614e-01
-1.0833562247e-01 -3.1880993413e-01 -1.9446510628e-02 7.7924248582e-02 -3.2360787378e-01 2.8548607684e-01 -2.7950172780e-01 -2.3184531075e-02 -1.0508654896e-01 1.1241838606e-01 -1.6316666673e-01 1.0313916905e-02 2.6190922342e-01 -1.0736942654e-01 -8.1217301209e-02 -3.1597115174e-01 3.4881402704e-02 1.9491202877e-01 4.2605301371e-02 -1.2051973371e-01 -2.1752591789e-01 -1.4200416044e-01 -2.0191057020e-02 5.6760500185e-02 1.7279582958e-01 -1.0637218741e-01 2.4134521434e-01 -3.6770184685e-02 6.5422551588e-02 -1.5349377495e-01 5.3671359551e-02 -9.0693833944e-02
-2.2137078960e-01 3.6674479200e-01 7.7497427924e-02 -5.0149897571e-02 -1.2053985486e-01 1.5326903179e-04 -7.5699929691e-02 3.4959513799e-01 2.3323859502e-01 -6.8076214770e-03 1.8369988036e-01 1.9488552248e-01 2.5830161270e-01 7.8090337744e-02 1.5023260910e-01 1.0077207364e-02 2.3497481545e-01 -3.7017127371e-02 -1.9311474886e-01 3.0422679781e-01 -1.3248716199e-01 -4.1194507994e-01 -1.8239508785e-01 -5.8945819632e-02 4.0757193259e-03 2.0538988094e-01 -3.9921558851e-01 -1.5168068503e-01 -3.0397850022e-01 5.2323948586e-02 -1.8878487205e-01 3.9280237338e-02
-1.7381218985e-01 -4.3836429308e-02 2.3361558149e-01 -2.3252138942e-02 -1.9337303452e-01 7.5431991715e-02 1.7234369562e-01 1.8689051248e-01 1.2338949832e-02 8.9384943112e-02 1.4630905757e-01 -1.3041972811e-01 2.1811985809e-01 -2.7838311717e-01 3.4873657642e-02 2.0641686595e-02 2.4238376302e-01 -2.8651146106e-01 2.7102545173e-01 -8.6076044980e-02 2.0375750346e-01 -1.8611532537e-01 1.1834284021e-01 1.7010002490e-01 2.1509277052e-01 1.1174045344e-01 -7.3549706979e-02 -5.3759711629e-02 -1.2313954688e-01 -9.9613135541e-02 -1.7624229282e-01 -8.1851160612e-02
-3.3029817806e-02 1.3379520929e-01 2.1682179682e-01 -2.8894987441e-02 -2.1635680576e-01 -4.2282188634e-01 -4.1602062212e-02 -9.7034642866e-02 2.0452125454e-01 6.2318794596e-03 6.3656209384e-02 3.8536552488e-03 7.2106872313e-02 2.2381287027e-01 -5.1532459190e-02 -1.7532370046e-01 -1.3565995605e-01 -1.8727686719e-01 -1.5696590181e-01 -2.5921680624e-01 -1.1165277753e-01 4.2491867020e-01 -9.3019760556e-02 1.6423701738e-01 5.5930050427e-02 1.2241323899e-01 -3.6116568100e-01 -5.8638221193e-03 -2.3609887172e-01 4.4448471708e-02 -2.1116816122e-02 -7.7863001583e-02
1.8366032558e-01 -3.1759426722e-02 -1.6215134576e-01 -2.9928560854e-02 -7.0971804009e-02 1.6075515750e-01 6.0906475681e-02 -1.7308096060e-01 2.5398891525e-02 8.5473035531e-02 1.0805107909e-01 3.7288909047e-02 1.1370891110e-01 -8.9170353494e-02 -5.5979088312e-03 2.9423286746e-01 1.9965012762e-01 -6.4358969585e-03 2.8157381799e-01 1.4506114718e-01 1.1366109159e-01 -6.1123637319e-02 3.0510351728e-02 -1.0332384062e-01 -1.8294358623e-01 1.2509801881e-01 -1.2952070903e-01 2.7892244511e-01 -1.6863367048e-01 -6.7356100891e-02 1.1247531383e-01 3.9474563808e-02
2.1243903886e-01 2.9037263565e-01 -5.4595014625e-02 9.1371499021e-02 -6.6700578685e-02 -6.9519622813e-03 1.8417704990e-01 2.7539554344e-03 1.1722300339e-01 4.7768628387e-02 2.3829532172e-01 -2.2178055093e-02 -9.1186453572e-02 2.9480251211e-01 -1.5752565129e-01 2.9498056102e-02 -9.9154569030e-02 -2.0381881292e-01 3.7716649578e-04 -1.2849201979e-01 2.4057671992e-01 1.9162488155e-02 9.2194539589e-02 -5.5381681337e-02 5.4991785200e-02 -1.8718477186e-01 -2.4670269866e-02 2.6612320285e-02 4.5659390873e-02 4.4086256784e-01 2.3063108443e-01 1.0264023291e-01
7.7731688766e-03 1.1414394680e-01 -1.7865479637e-01 -3.9589703463e-01 7.0448357872e-02 2.3745652769e-01 1.0314489474e-01 1.5728910539e-01 -1.3207778380e-01 1.6775879401e-01 1.3932658576e-01 4.9606057381e-02 -3.6532583251e-02 -4.7346017018e-01 -9.3813475974e-03 -6.6356664437e-02 -1.7114563256e-01 2.4178471136e-01 1.6776365647e-01 -7.4559098426e-02 -5.6525136002e-02 -2.4732767187e-02 1.7792434083e-01 -2.0874330876e-01 1.8721556247e-01 -2.7158967789e-01 -2.8929539012e-01 2.7287399337e-01 3.8558896703e-01 -9.3714413684e-02 -5.2396139850e-02 6.4497714517e-02
1.9317554508e-01 1.2246825144e-01 7.1435626515e-02 -1.2962731741e-01 1.7266617287e-01 3.9076532270e-01 2.5159452643e-01 4.8056901723e-01 -1.2826980418e-01 -1.5762219908e-01 -8.5609362081e-02 -1.5348377999e-01 2.5246126170e-01 -6.3103820152e-03 -5.5276709547e-02 2.8266818197e-01 2.1841429810e-01 -2.1172809650e-02 2.8085952790e-02 1.6270440002e-01 -2.0473524924e-01 -3.3720190641e-02 8.2847588868e-03 -7.7868599913e-02 -1.3229951599e-01 3.3630543761e-02 -2.7972519648e-02 7.9609498616e-02 8.4396910439e-02 1.6187465702e-01 -1.6656250823e-01 -5.5950709900e-02
-1.1075950635e-01 -1.7459273972e-01 -9.9189371345e-03 -1.8151378123e-01 1.7759093385e-01 3.4000987227e-02 -2.6134989486e-01 4.9782158903e-02 -1.0575484027e-01 -2.9991048575e-01 8.1310521479e-02 1.4907449032e-01 -3.0618050699e-01 2.1838488016e-02 2.8355245487e-01 -4.4675865705e-01 5.1495121207e-02 2.0365392159e-01 2.0222683276e-01 -6.2222115319e-02 -6.8122240298e-03 -7.4134148790e-02 5.1347015944e-02 -1.9440349593e-01 2.2968149559e-01 -4.5953997034e-03 3.3582971476e-01 -1.2391933278e-01 -3.4860200574e-02 -3.3270015118e-02 2.8697924796e-03 6.2764344569e-02
-7.5697266263e-02 -4.5747663303e-02 -1.9697977418e-01 -5.3252839028e-02 -1.7531765005e-01 2.2451188197e-01 -6.7017552061e-02 -1.9362563989e-02 -1.3102451465e-01 3.1031602061e-02 2.3750451220e-01 3.8639949620e-02 -6.6836972987e-03 -2.7372119560e-01 -1.2381694459e-01 1.3532163843e-01 -1.2186445962e-01 2.9055134748e-02 -1.7866014541e-01 2.1174827529e-01 -1.2075211234e-01 -3.5234774773e-01 -9.0665016650e-02 1.4414969242e-01 5.9037398623e-02 -2.4752670850e-01 5.0648927106e-02 1.4038847329e-01 -1.5269338249e-02 2.0447467870e-01 4.3212218376e-01 4.0235844452e-03
-1.3300699130e-01 2.3633981093e-01 -2.3469020716e-03 2.2573296607e-01 -2.5945083914e-01 -1.9160328679e-01 -5.3147556581e-02 -1.1707991217e-01 -1.9559167224e-01 -7.6946308988e-02 -6.7825778871e-02 -1.9576810035e-01 -2.6405682559e-01 2.7288061200e-01 3.9998279310e-01 2.5556029460e-01 -1.0446730274e-01 3.9906991247e-02 -8.0790545579e-02 -2.3403311565e-01 -3.6405074445e-01 -2.8201246490e-01 -4.5345045272e-02 -3.7118317501e-01 -2.9827887895e-01 -2.9906148355e-02 -2.4087685413e-01 -2.9468646476e-01 3.3341863741e-02 1.3840356586e-01 3.3656840224e-01 -4.2327412590e-03
-1.0073006946e-01 1.2142879092e-01 -2.4316781585e-01 -1.9975760626e-01 -1.6242384222e-01 1.2328201008e-02 -1.1781911036e-01 -3.1320649740e-01 -2.3562356772e-02 4.1760818562e-02 1.7843062903e-02 1.7816440130e-01 9.3480362788e-02 7.2001862067e-02 -2.7362910427e-01 -4.3076893554e-02 -6.1215120485e-02 4.3248744542e-02 3.6857485571e-01 3.1221746291e-02 -1.1463562367e-01 -3.2176965802e-02 -1.2995262247e-01 -1.9941382525e-01 -1.7378512598e-01 -1.9373781527e-01 -1.5621785642e-01 5.4311164701e-02 -1.2636841592e-01 -1.6790750534e-01 -9.9347374833e-02 -6.0719024233e-02
6.4447265088e-02 1.2607243649e-01 -2.1336697232e-01 1.4407868117e-01 -1.4119702670e-01 -1.4592575940e-01 -5.5149635572e-02 3.4742888237e-01 -3.1851982761e-01 -3.9895913156e-02 -1.0785496082e-01 2.9439009325e-02 8.1555684042e-02 4.0559314659e-02 3.9034755147e-01 -1.9862144262e-01 1.6335982776e-01 -1.1069889902e-01 -9.9409514172e-02 -3.1190544563e-01 1.7453504624e-01 -2.7867470077e-02 2.5824027792e-02 -1.3822016992e-02 7.7755772684e-03 9.7715575644e-02 2.2016657153e-01 2.0344321447e-01 -4.4690744807e-01 -3.2493846927e-01 -9.9595658259e-02 -7.4510318649e-02
1.1935966367e-01 1.3079290453e-01 1.6549350207e-01 1.5776825929e-01 2.1909819285e-01 -1.5952775073e-01 3.0110763896e-01 -2.2398369994e-01 8.5255718777e-05 1.2005778162e-02 4.4093680636e-02 3.8360522295e-01 -1.1664042604e-01 -5.0550164755e-03 -2.3959627661e-01 1.9058594938e-01 5.1989664623e-02 4.4513582495e-02 6.5827568651e-02 4.8998296181e-02 1.1853954675e-01 2.1525895915e-01 -4.4069809360e-02 1.3389856190e-02 -4.7109890082e-02 -5.9619689711e-02 -2.5178657718e-01 4.6248024222e-02 -1.3321862049e-01 -1.8559637368e-02 -1.3325757241e-01 4.1403014005e-02
1.1833628260e-01 1.2050741793e-04 1.6131228059e-01 1.0243656039e-01 3.8538569354e-02 -2.2249024669e-01 -1.2502858026e-01 9.6137074948e-02 -1.2739554986e-01 1.5308952462e-01 -2.4386586990e-01 1.2111876122e-01 -3.8722288515e-01 -1.9757386677e-01 2.0513963570e-01 2.7410889277e-01 -1.3267478629e-01 1.5523348581e-01 8.3181464316e-02 -8.8070706514e-02 6.0978335561e-02 1.5089104802e-01 -4.5657810913e-01 1.5636521458e-03 2.0774330507e-01 4.4852430582e-01 -2.7417515337e-02 -2.7643141443e-02 1.1408319148e-01 -5.3764749756e-02 -1.9439372021e-02 1.8330198025e-01
-5.4740168009e-02 1.6282691279e-01 1.1975439627e-01 -5.9992305885e-04 -9.9605334116e-02 1.3066398630e-01 1.5016682314e-01 3.4373716420e-02 -6.4219793666e-02 2.8430822280e-01 -8.1475449972e-02 2.7846115896e-01 -6.5198045876e-02 8.4191072093e-02 -5.3027210409e-02 2.8217385378e-02 4.4173886619e-01 -9.9908688539e-02 -2.1796001353e-02 -1.2469059925e-01 -2.0407700190e-01 5.9866671942e-02 -1.8875567972e-01 1.4070725724e-01 -3.6579457880e-02 -1.1213558419e-01 -2.6763541552e-01 -2.1340962989e-01 -1.0466273133e-01 -1.0270476511e-01 5.2639583592e-01 -2.8060130150e-02
1.7467666526e-01 -7.5917458647e-02 1.7097243003e-01 4.3685517392e-02 8.3843571044e-04 -2.2175168853e-01 -1.9055319457e-01 -1.6494776988e-01 4.4491595853e-02 2.0939117510e-01 3.1241746140e-01 3.2876159290e-02 -1.7307543142e-01 -2.0048766112e-02 9.1498644284e-02 1.5361245065e-01 1.6359397498e-02 6.2993028545e-02 1.1711294105e-01 -1.0879460129e-02 -1.9949115086e-01 1.1109419118e-01 -7.6112643266e-02 2.8191096834e-01 2.2159497309e-01 3.6059090650e-01 2.6874703180e-01 1.0127134034e-02 -2.4711271965e-02 -4.7210009855e-02 -1.3278812810e-01 1.5073289135e-01
-1.1618177430e-03 -1.2651546581e-01 2.0715957233e-01 2.9322260111e-01 3.8273901566e-01 -1.1507190399e-01 -2.0942969255e-01 3.9506511504e-02 -7.2028522216e-02 -1.0883522906e-02 -2.6257575003e-01 -1.5319125196e-01 -8.0245510714e-02 5.9413674771e-02 2.0508148163e-01 3.1755078901e-02 -2.3162063084e-01 2.5431544346e-01 -8.0693059235e-02 -1.9788595464e-01 9.7764245253e-03 -2.1057131439e-01 1.9443992698e-02 1.6644143797e-01 1.2136057581e-01 2.6476170368e-01 2.8439912569e-01 -2.4074781455e-01 2.1602167779e-02 -1.5080294403e-01 1.1227247905e-01 -1.9897074308e-01
3.2333930282e-02 5.3993025818e-02 -2.0670932859e-02 1.2684510988e-01 -6.3418761007e-02 -1.0904066077e-01 3.6857239938e-01 -1.2916374700e-01 -1.2553129416e-01 4.9137353443e-02 2.9739048933e-01 7.2287676736e-03 -2.1533681920e-01 -2.4406384803e-01 -2.4848944260e-01 -2.0109254897e-01 1.0716991052e-01 -5.8674251890e-02 -1.8289426129e-01 -3.6959024239e-01 -6.5493290632e-02 -2.1236272525e-01 -6.2890441911e-02 -2.3681503584e-01 7.7445318071e-02 1.1726059697e-01 5.5298867607e-02 1.2715570821e-01 -2.2242728290e-01 -2.0236160955e-01 -5.4813710478e-02 4.8336956784e-02
1.5697141126e-01 1.0125002994e-01 -8.1030100027e-02 2.7956582605e-01 -1.0667733507e-02 1.3714164818e-01 7.7070760141e-02 3.9282926946e-01 3.6864890982e-01 6.6287769344e-02 -2.4551042622e-01 -1.5527270049e-01 -1.5523768036e-01 -3.1961996648e-01 4.0057811019e-01 1.3204585017e-01 8.6042902156e-02 1.9289759384e-01 5.9283071335e-02 1.1037851900e-01 -2.9402264426e-01 4.3676574410e-02 6.0445602893e-02 -1.0712259262e-01 -1.0390258616e-01 -8.1518567093e-02 1.5975067601e-01 3.4476949062e-02 -1.5716683788e-02 7.7147376334e-02 -3.0469782893e-02 -1.5732222562e-01
1.0542757661e-01 -3.8110518837e-01 -6.4297026076e-02 -3.0050708617e-01 -1.8760975828e-01 -1.2152215653e-01 -1.3861670208e-01 1.4053155548e-01 -5.2554644040e-02 2.7118431498e-01 -2.5499525002e-02 -3.6240863174e-01 -7.2016735934e-02 -1.0109198584e-01 -7.8163238427e-02 -2.1609325235e-01 -8.0668930986e-02 1.4815789932e-02 1.5835769414e-01 8.5490675605e-03 -1.3456675487e-01 -8.4769445898e-02 1.8496950988e-01 2.9664443827e-02 -2.7866132088e-01 -4.2736753020e-02 -3.0564384532e-01 -3.9912048129e-01 -1.1556711664e-01 9.1970170540e-02 1.4350988849e-01 -1.1507043383e-01
2.9050488312e-02 1.1076236110e-01 -1.1070034679e-01 2.5674259024e-01 -1.6846951250e-02 1.6863037325e-01 -2.5226119132e-01 9.1447347134e-02 2.7866204156e-02 1.3028546258e-01 -6.9315612459e-02 2.7510315988e-01 -1.6526427134e-01 1.2445583806e-01 9.3177941613e-02 -6.7888067766e-02 -2.1407072514e-01 5.3346389464e-02 3.5427867379e-01 2.4910952043e-01 2.2039093831e-01 -2.7596148699e-01 -1.4707177890e-02 -1.8492338948e-01 2.3042904123e-01 3.4995601286e-01 1.3502278524e-01 5.2821010271e-02 1.0365954243e-01 -3.8930971651e-02 -8.2159612111e-02 -6.9832309747e-02
8.6419596532e-02 -1.0930334764e-02 -1.2938589975e-01 -1.0232675325e-02 1.4900908338e-01 9.7975452677e-02 3.5681568905e-01 3.1151327033e-01 -1.0512269852e-01 2.7940028667e-01 -2.7274721506e-01 1.4027490069e-01 1.4407165053e-01 2.1475264865e-01 -5.1308665742e-02 4.9838976148e-02 -5.7470941642e-02 -1.6825697264e-01 -2.1691049418e-01 1.2205774113e-01 1.5122567846e-01 9.2528168188e-02 6.2601703209e-02 2.9885074294e-03 7.9212357066e-02 -5.0682744765e-02 3.1179370559e-01 -9.1861346343e-02 1.4398061849e-01 2.1293064478e-03 9.4244573939e-02 2.3662870180e-01
4.6275272840e-02 -3.8942221425e-01 3.0809167230e-01 6.6502793267e-03 2.6343719756e-01 -1.7122546354e-01 3.3352186804e-02 1.0348876686e-01 9.3916333249e-02 -4.7647284028e-02 1.5809650573e-01 4.9147209126e-02 1.3607097066e-01 7.3937298551e-02 -4.0604260552e-02 1.7139525442e-01 5.9011053658e-02 -5.9008444964e-02 1.5430984973e-01 -9.4796274086e-02 2.6122075269e-01 -1.2067205904e-02 -1.2068163366e-01 1.7143195290e-03 1.6521431961e-01 1.6741719880e-01 -5.1240946320e-02 -6.9967469692e-02 1.1955045118e-01 -2.1327483178e-01 1.3262265089e-01 5.4273580700e-02
1.5152916122e-01 4.6706713195e-02 1.6794551570e-01 -1.5623108989e-01 -9.8702286432e-02 5.3120482005e-02 3.5939465788e-02 -1.9951960747e-01 2.2478649766e-01 -9.2147530702e-02 2.3647664267e-01 1.6778161006e-01 -1.5385433575e-01 -8.6282062136e-02 3.0323298879e-01 9.2908472784e-02 -1.5719585158e-01 2.9742926802e-01 -1.6557770305e-01 -3.8459959694e-01 2.5767314134e-02 1.8216141487e-01 -9.2593059173e-02 -3.0265146974e-01 1.3704718424e-01 -3.4915009600e-02 -2.4044396488e-02 -3.8426829688e-03 -5.1464839754e-02 -1.0727697538e-02 -1.4836597975e-03 -1.6908998471e-01
-6.3208371558e-02 2.5983479939e-01 -6.0115702531e-02 3.7545478945e-01 -2.3084810479e-01 -2.6439319235e-01 1.3320022261e-01 -6.4654252046e-02 1.3300558292e-01 -1.2438078001e-01 -5.1028013616e-02 4.7438973404e-02 -8.6770464845e-02 4.1110617211e-02 -2.1645305083e-01 6.9532789259e-02 -2.1323893533e-01 -1.1282400009e-01 1.1276562657e-01 1.3055204408e-02 1.7809527476e-01 4.7164649915e-02 2.6022421108e-01 5.8073737261e-02 3.0162402605e-01 -1.6234706161e-01 1.3420137824e-01 -2.1830045866e-02 -1.6268422468e-01 -2.8801758065e-01 1.0746668532e-01 2.9086295470e-01
-1.3081553100e-01 -1.1691349598e-01 2.6886065128e-01 -2.3296529551e-01 -1.2284414031e-01 -2.3680771602e-02 -2.1618388142e-01 -2.0088050223e-01 -7.6921124652e-02 -2.5808850955e-01 2.5712373047e-01 2.2060547222e-02 -1.2920158103e-01 1.7430231923e-01 -3.2142362497e-01 8.8512162533e-02 -3.0273319390e-01 -8.3660197805e-02 1.0572902439e-01 -1.5176205222e-01 2.1888243389e-01 7.1941952882e-02 -1.8696235194e-01 4.9793947311e-02 4.0812664646e-02 3.7232029786e-01 1.0493136625e-01 -1.9465663558e-02 4.6709882553e-02 -5.0081312013e-02 3.1458186797e-02 -2.2508547802e-01
-9.9435117336e-02 2.7088190365e-01 -1.3885568508e-03 -4.4489386719e-02 -1.3384553377e-01 1.8017575106e-01 -3.3874405423e-02 1.8863305773e-01 -2.4109971275e-01 2.1167942058e-01 1.4454857218e-01 -2.9379854090e-01 -1.5709573396e-01 -1.7972262536e-01 1.9274290787e-01 3.9478957874e-02 1.3891819607e-01 -8.2929736065e-02 -1.5532880766e-01 -1.4050507416e-01 -6.7146735609e-02 -5.2351420007e-02 2.8991267696e-01 3.1867673650e-01 7.4767030336e-02 9.7316451612e-02 2.6410064159e-01 -1.6503793894e-02 1.0070250196e-01 1.6955032733e-01 -2.1900175054e-02 -5.9386974872e-02
-3.2389988093e-01 1.3777876108e-02 7.3560911289e-02 -1.7885082366e-01 1.7615825005e-01 -9.8868003042e-02 -3.0128161338e-01 -1.2079386100e-01 -1.0512170354e-01 2.1350334047e-01 -1.8610648103e-01 2.3009974975e-02 1.2363307109e-02 7.2714574541e-02 3.6038719370e-01 -1.4244191279e-01 -1.2083916779e-02 -1.3679168370e-01 -4.0311826250e-01 2.0088632555e-01 -1.5555229337e-01 -3.1812466839e-02 -3.0264438843e-01 -2.2327752519e-01 -9.6702644448e-02 -1.1672046796e-01 4.0512237301e-01 1.1923668887e-02 2.2294936549e-01 1.4543928826e-01 2.1041863509e-01 5.3654684482e-02
1.8283967257e-01 -5.8535732635e-02 3.1723317129e-02 -1.5786630069e-01 -2.2681614994e-01 2.4797443469e-01 6.8537039780e-02 -2.3189440332e-01 -2.0747487368e-01 -1.9589825328e-01 8.4474440986e-02 -3.4753851223e-01 7.0848829446e-02 -3.0091707112e-02 1.9158774257e-01 1.4837942649e-01 2.8316453601e-01 6.0161065676e-02 -4.8984836810e-02 -3.4381233981e-02 1.4071904185e-01 4.9158849043e-02 2.2232715513e-01 3.8631665659e-02 5.3873384389e-02 5.7583154583e-03 -1.0720392862e-01 -6.6325020566e-02 -2.7343886954e-01 -7.9547762216e-02 -1.6584737066e-01 1.9684427641e-01
