-1.5147620375e-01 -2.3567463459e-01 4.8235287974e-01 -1.2099587185e-01 -1.1969599772e-01 1.8716016185e-01 3.5740590382e-02 9.8606272877e-02 -3.0243134856e-01 -9.5601235650e-02 1.2786612586e-01 -2.7869634884e-02 5.3423399937e-02 2.2198691643e-03 4.8809859888e-02 -3.0432686994e-02
2.2375711597e-01 -2.0657657940e-01 3.7614645767e-01 1.8190393021e-01 -4.6634011334e-01 -6.2254743521e-02 -1.5081760308e-01 8.6690064108e-02 2.4214372598e-01 -7.6432561123e-02 -8.1873147117e-02 -4.8830718848e-02 -4.1288541104e-01 5.6182756627e-02 7.8954681599e-02 1.0988368040e-02
1.8108468100e-01 1.4569349938e-01 8.9960341621e-02 3.6864457675e-01 7.5134866001e-02 -1.3018330633e-01 -1.4266032218e-01 -8.1709853299e-02 -5.8385880064e-02 -2.1677053769e-01 1.0689248702e-01 2.6369353206e-01 2.6670986488e-01 -1.4076392612e-01 -3.4329218910e-01 -3.7200409582e-01
-1.7676039284e-02 9.3974139154e-02 -3.2677276779e-02 -2.8476420761e-01 9.2830975143e-02 -1.5640335232e-01 -3.4793736804e-01 1.6720129531e-01 2.8455191666e-01 -2.0455132634e-01 4.5567772010e-02 2.0003236562e-01 3.8095770506e-01 -2.3585669252e-01 -3.3352546031e-01 2.8668548706e-01
1.2173850671e-02 3.9416787099e-01 -2.9762048180e-01 1.4694804198e-01 -8.9497727119e-02 1.4617167792e-01 3.6480231924e-01 -2.5096747528e-02 1.0996133798e-01 1.5983988603e-01 4.7347329800e-01 2.9889831287e-01 -1.4399240259e-02 2.4101358639e-01 2.2116207757e-01 2.5757876440e-01
-3.2010775193e-02 -1.8118644772e-01 4.1844958917e-01 -2.2869671098e-02 2.2506816480e-01 4.4562889085e-01 -4.1419855596e-01 1.7236439243e-01 1.3693863530e-01 -1.4249634081e-02 -6.3696085618e-02 -2.4564036603e-02 -5.9719607157e-01 -1.9416060505e-01 -1.7478813671e-02 -3.0466357235e-01
-9.2526017288e-02 2.4609397522e-01 -2.1935750103e-01 7.2589684386e-02 -1.4039492681e-01 3.2110051364e-01 2.3713418359e-01 -1.1961276138e-01 -8.3958103257e-02 1.9959609125e-01 3.2127434614e-01 1.6025923711e-01 3.1551453346e-01 6.5631025589e-02 -2.4515582103e-01 -2.6351679532e-01
-4.5206421243e-01 -1.2982435789e-02 2.7693960166e-01 1.4269460516e-01 1.3447285178e-01 1.7591530972e-01 2.0100338792e-02 3.1712306864e-01 -1.1440728678e-01 -1.3693340482e-01 1.1037243688e-01 9.0283734382e-02 3.2467482803e-01 -7.1192534601e-02 -2.1639994361e-01 -4.6122058195e-02
2.0697466767e-01 -2.4691726100e-01 2.4899281728e-01 8.1426842500e-02 3.8253579835e-01 -3.0653956189e-03 -6.1366336607e-01 -6.7804414221e-02 -4.5060750740e-01 5.8476856083e-02 -1.3885471117e-01 2.9801508035e-01 -7.6640157317e-02 2.1915759720e-01 4.9334014514e-01 -1.5369187642e-01
8.0153176827e-02 -2.6799913819e-02 -3.6131195878e-02 -6.3983355815e-02 1.2495571544e-02 3.0919818968e-01 -2.4094071201e-01 -5.6659463850e-02 7.8098811008e-02 -3.5384129524e-01 -1.1260643011e-02 -4.1231361965e-01 -2.2263885994e-01 -4.6621591443e-02 1.5086737880e-01 -2.9400523226e-01
-1.7353222953e-01 2.3108551004e-01 5.5725502451e-02 -1.6787030858e-01 4.3437811908e-02 -3.8368467656e-01 -5.7824508072e-02 -1.0179791804e-01 7.5373008862e-03 2.3797450204e-01 6.5346868450e-02 2.9245839427e-02 -1.3459180732e-04 3.2795930524e-01 6.2807267843e-02 7.3790096450e-02
5.0026302916e-02 -2.9917849272e-01 5.7980475259e-01 -6.6330103524e-02 -3.3139911788e-01 2.5162687698e-01 -1.9606465118e-01 2.5703882625e-02 8.9146842850e-02 -1.8047559412e-02 -3.0275911852e-01 -1.7380240397e-02 1.2400219188e-01 -4.1747637332e-01 -1.0758329729e-01 -1.5691384756e-01
-3.0082639580e-01 1.7467120506e-01 1.4784079078e-01 -1.7564084325e-01 9.1404670709e-02 -1.5486196310e-01 2.8431478951e-01 -1.1808062999e-01 -1.9577094481e-01 -6.1528428795e-02 -1.4821006605e-01 9.2031093721e-02 3.0605149712e-01 1.4420768613e-01 -6.6690076612e-02 -4.3661196435e-01
-2.8059239623e-01 3.1822138920e-01 -4.1640932549e-02 2.2432301150e-02 -8.6305850852e-02 -3.8376877189e-01 -1.3313442642e-01 -4.0779824282e-01 -2.5793602983e-01 1.7633535873e-01 -2.3688299689e-01 -1.7019921987e-01 5.0921692419e-01 -4.8700513565e-01 -3.3233352159e-01 -9.0961015225e-02
-1.8454754036e-01 2.2255887315e-01 -8.1044616048e-01 -3.5932857502e-01 -2.5969123248e-01 -5.1491164629e-02 -3.6875529366e-01 -4.9334398847e-02 2.5300744389e-01 7.9386993313e-02 9.0331578496e-02 2.5745337088e-01 -5.3181477339e-02 2.8763531671e-01 4.0780360289e-01 2.3381708193e-01
-1.3108249713e-01 -6.7604680023e-02 -4.1177934372e-01 -4.5449103494e-02 -6.1320567826e-02 -3.0903240025e-01 3.8681251851e-01 -3.9115577722e-02 4.6081389663e-02 6.1527954712e-02 7.7930657226e-02 2.4906538366e-01 3.2772988660e-01 2.0943070992e-01 -9.0810031280e-02 2.6080839378e-01
