2.1615798877e-01 -2.2217324010e-01 -3.7162421256e-02 8.3541732260e-02 2.0757587349e-01 -2.3756848351e-03 -2.9239136203e-01 -2.1153204105e-01 -6.8413213620e-02 1.5683276729e-01 -1.0540174718e-01 -2.5551050180e-01 -1.1709961864e-01 -5.3841895433e-02 2.5189212223e-01 -5.4328691157e-02 6.9190051522e-02 -1.2946852423e-01 -1.2214949632e-01 1.2628066641e-02 -5.6773636410e-02 1.4009816782e-01 1.8105076150e-01 -9.2636993557e-02 1.1996740970e-02 3.3526491296e-01 -2.6933493304e-01 3.3012507446e-01 -7.6488943153e-02 2.4757949222e-01 -6.4452381950e-02 1.7951837806e-01
3.2367474701e-01 -2.5972392354e-01 3.7804407806e-02 -2.0963991671e-01 1.3947365459e-01 -4.3179112086e-02 3.0196693194e-01 1.4414135631e-01 1.9239184647e-01 1.9755283849e-02 1.4384318018e-01 1.0955422763e-01 -6.2101847792e-02 6.9843029184e-02 -2.2874759562e-01 2.0216979862e-02 -1.6071827000e-01 -5.2576617636e-02 -6.1969690842e-02 3.0458494185e-02 1.0724745321e-03 -6.5236299452e-03 5.0205453592e-01 -2.4779309772e-01 -7.5315674249e-02 9.0346375673e-02 -9.4452608388e-02 -1.8311743745e-01 -3.0763102814e-01 -5.5046198305e-02 -3.1492296374e-01 5.7426289772e-02
-9.5917611461e-02 -1.2152260025e-01 -2.2472040522e-01 -1.2366290996e-01 1.2825162122e-01 -2.7151999091e-02 3.2240712293e-01 -1.5553661103e-01 2.6155796169e-01 -2.2798461273e-01 -2.1376375631e-01 1.8530662076e-01 3.8457559781e-01 2.1026138450e-01 -1.1065843143e-01 4.6210495771e-02 1.8249857287e-02 -1.6893001401e-01 -7.9837482911e-02 3.2818270292e-01 -4.1927921716e-01 -3.3030497092e-01 -7.0948198774e-02 -1.2684190846e-01 5.4093681115e-02 9.0499020949e-03 -2.2504307313e-01 -6.3031021105e-02 1.8982087624e-01 1.0271069218e-02 -3.0874582691e-02 -2.6975205821e-02
5.0557672289e-02 1.3638370531e-01 -5.2561403524e-02 8.6215221263e-02 1.0519904193e-01 2.6944094620e-02 -1.7708025338e-01 4.5972441418e-02 -1.5897430911e-01 6.1980405053e-02 -2.4050069424e-01 -2.5327416885e-02 1.4523095627e-01 1.7239495123e-02 -4.5027906409e-02 -1.8245258691e-01 -1.4477803365e-01 2.1234232452e-01 -1.5041426264e-02 1.8955274415e-01 -2.6246364958e-01 -2.4832193561e-01 1.0276039656e-01 1.0790187929e-02 5.6577513596e-02 3.1836069925e-01 -8.0070683909e-02 3.0079274971e-01 5.5366229625e-02 1.0972188514e-01 2.9139375069e-01 1.5540372433e-01
1.6073418924e-01 -5.0395849223e-02 5.6473775000e-02 -5.6477852478e-02 -9.6980381599e-02 -3.7772324112e-01 2.8671606407e-01 6.7949331491e-03 2.0276433906e-01 8.4342791707e-02 -1.3380871750e-01 2.2398833269e-01 1.2779573676e-01 -1.5002758771e-01 -1.2847839480e-01 1.0856757977e-01 -9.9396741698e-02 -9.1396461288e-02 3.2296532516e-01 -1.1205540256e-01 -2.7433529005e-02 2.0907456914e-01 2.0290285376e-01 -4.6184968757e-02 -3.0828545040e-01 1.7905750153e-01 -2.3638987944e-02 1.6054251236e-01 -3.6155015083e-01 1.5627317008e-01 5.0245626012e-02 5.0935283675e-02
4.6920329053e-02 8.9246434406e-02 -1.2309687756e-01 5.8444353804e-02 -2.3888582636e-01 -1.7116599651e-01 1.8392820296e-01 1.9856308554e-01 -8.4344845340e-02 4.2523572576e-02 -2.9594465802e-01 -2.4610019309e-01 4.2446097154e-01 -1.6479594527e-01 -3.3395644237e-01 2.0064950880e-01 3.2005600207e-02 1.5748406591e-01 7.4146416130e-02 2.0796628444e-01 -2.9239952321e-01 1.3906204965e-01 -9.4155089417e-03 2.2767906356e-01 5.6043120207e-02 7.5736438943e-02 2.2607838486e-01 -1.6061451666e-01 -1.6550859098e-02 -1.1821137874e-01 3.3671052289e-01 2.9429416443e-01
-2.0274335479e-02 -8.1559887189e-02 -1.0121630104e-01 -5.9836750902e-02 -2.3918575352e-01 -1.0248615192e-01 -7.8946686867e-02 1.5477700320e-01 6.9654193773e-02 5.8628806138e-02 5.6819051217e-03 -2.1387371047e-01 1.0843998622e-02 -3.1070065697e-01 -1.2472380268e-01 -2.1922977463e-02 -2.7889121843e-01 3.6730032964e-01 8.6729442489e-02 4.7760218520e-02 3.2254792451e-01 3.7202094592e-01 -3.3361202920e-01 -1.6606537053e-01 -3.7728293057e-02 -2.8628790960e-01 -5.1022823871e-01 1.1970230732e-02 -1.9871138049e-03 -2.4738565908e-01 -6.8405438505e-02 2.4588503564e-01
-2.4579277708e-01 9.4160077092e-02 6.7695235705e-02 2.5554547807e-01 2.8732163840e-02 1.0578348390e-01 -3.3678618895e-01 2.9279146386e-01 4.6588946160e-01 1.3935595931e-02 -5.7393338728e-02 -1.7354232497e-01 -2.8401742538e-01 -5.3406159477e-02 3.0959062001e-01 -1.8146697312e-01 -6.8079086359e-02 -1.6393706411e-01 -2.9203985797e-01 2.9320508503e-01 7.7262635567e-02 6.9534796579e-03 -1.7303795909e-02 1.0568411129e-01 -4.9403772321e-02 2.6170743485e-02 -1.7846016694e-01 -1.4117709784e-01 -2.4085303667e-01 -1.0116506278e-02 2.4593068635e-01 6.6862558481e-02
-1.2367026555e-01 9.5363650791e-02 5.6277138581e-02 -1.3063560212e-01 3.3535515202e-01 -5.6423436553e-02 7.7863410358e-02 -5.2180918859e-02 -7.1095308796e-02 6.2850083336e-03 8.1355060383e-02 -5.0793407956e-01 -2.7902820949e-01 7.7736333581e-02 -1.9067299866e-01 1.1271154541e-02 3.5857393096e-01 -1.8059946193e-01 1.2440372969e-01 1.0106524953e-01 -2.1235417597e-01 -5.8915632009e-02 -1.3870007337e-01 -1.6310462639e-01 -7.0918121692e-02 -1.4344632231e-01 -5.2355204066e-03 -3.3628947302e-02 -2.8337217644e-01 -1.3913788291e-01 -6.1517964371e-02 1.6688110180e-01
-9.6770621364e-02 -3.0902403180e-01 -2.4120870228e-02 1.4297219091e-01 -1.1319417979e-01 -2.2681176121e-01 -1.9249411466e-01 -1.5139800551e-01 3.4046257440e-01 1.4202130046e-01 1.2396288104e-01 -1.8796989529e-01 -2.0889634802e-01 -8.7369341979e-02 -2.6239838009e-01 2.0724740174e-01 -4.7838629366e-02 -1.1031484199e-01 -9.4260959270e-02 1.3308910984e-01 1.8709720588e-01 -1.0963342971e-01 -1.2622635475e-01 -6.8508187025e-02 -2.6083326188e-01 -6.2846802642e-02 3.0277798539e-01 -4.0420001988e-01 -1.7914522194e-01 1.6050729283e-02 3.1949462663e-02 -2.4639526385e-01
-2.1787184889e-01 8.0590770129e-02 -4.1749688562e-01 -1.4846812261e-01 1.3401149079e-02 -1.2097405411e-01 8.6261343850e-02 3.4903022300e-02 -8.2875562040e-02 2.0750295061e-01 2.8480890046e-02 3.3970985945e-01 1.6212606200e-03 -1.0695155846e-01 -1.4364323440e-01 -8.6513585105e-02 -6.2322873872e-02 1.3934428659e-01 2.4370441961e-02 1.8337516878e-01 4.6005070672e-01 -2.6517500433e-01 1.9940797826e-02 2.0943863717e-02 -1.0192449847e-01 8.6796944454e-02 -7.8708626174e-02 -7.6085097364e-02 1.3912427972e-01 -5.3159211934e-02 3.1663821506e-01 -7.2505020873e-02
-6.1800412989e-04 -9.5344194919e-02 1.2819811662e-02 -1.3925001198e-01 -2.2210592518e-01 1.2450740871e-01 2.6018106850e-02 5.0354434496e-02 5.9156140130e-02 -2.5720800433e-01 2.5071632269e-02 3.9160054654e-01 8.1929660817e-03 8.9894586806e-02 7.6635380150e-02 -3.8702608934e-02 -9.1181962113e-02 -2.1438516167e-01 -8.0748387057e-03 1.8977189213e-01 3.5369241716e-02 -1.2086895971e-01 1.8486301143e-01 7.9592555751e-02 -6.7269391991e-02 -2.5669252328e-01 -2.3184503778e-02 -6.5338933941e-02 2.3738892697e-03 -2.7735452379e-01 -1.0021884459e-01 -7.9403409855e-05
-2.8856244806e-01 -5.5150304479e-02 3.3182308254e-02 5.1199377033e-02 4.8265393038e-02 3.5855409239e-02 3.6243683487e-01 -1.0101680716e-02 3.0102738740e-01 1.7781341782e-01 -9.0951907328e-02 -1.2460350119e-01 4.3464689357e-02 1.7747462757e-01 -2.1276963919e-01 1.8791289775e-01 1.7697961870e-01 -1.9512984365e-01 1.5776239049e-01 4.8562263362e-03 2.7387805846e-02 9.9253101640e-02 -9.8524181536e-02 2.1413915131e-01 2.1029013440e-01 -3.3783115490e-01 -2.7464899362e-01 4.3812196916e-02 3.1730310656e-01 3.2215457410e-02 -1.5704786860e-01 2.1776951556e-01
-8.0736174700e-02 2.5258902152e-01 -1.1483290828e-01 -1.2388733587e-01 -1.8811846071e-01 -9.7141163484e-03 -2.2513053226e-02 -6.6315153769e-02 -1.6951205439e-01 4.5212858499e-01 1.5571011517e-01 -9.8289421286e-02 2.1180690277e-01 -2.3933769544e-01 -1.3540131710e-01 -1.9891970125e-01 -1.8766445775e-01 4.1909515861e-01 -1.1140717737e-01 1.8195245934e-01 1.2872401718e-01 -3.5176065943e-01 1.0839863543e-01 -1.7576148361e-01 2.0301762373e-01 2.5477897518e-01 1.2555419969e-02 3.7415511006e-02 -2.3182736453e-02 2.3675644790e-01 -2.6900774428e-01 2.6228641193e-01
-9.4852838274e-02 -3.8460443422e-02 -2.8400619771e-02 -2.0646838859e-01 -1.1025614340e-01 -1.5209613285e-01 -1.3589967927e-02 2.8049833218e-01 2.2691332446e-02 -2.1153933974e-01 2.0902910119e-02 1.1226893202e-01 -3.2231325955e-01 2.7392079015e-01 1.4130320114e-02 3.0960566814e-01 -1.0419369313e-01 2.9919189208e-01 -1.7228096271e-01 1.8910041111e-01 7.7663057515e-02 1.2019675676e-01 6.9738055068e-02 8.2121699978e-02 6.1616419635e-02 1.6061664173e-01 1.7963966203e-01 2.4185018969e-01 2.1719015421e-01 -1.2661650759e-01 1.9458267268e-01 -7.1581830311e-02
3.0080096404e-01 1.7355534896e-01 -2.3343042083e-01 8.2146839448e-02 -5.3311305288e-02 8.2160406337e-02 -1.5080971046e-01 4.9156962107e-01 5.8540349308e-02 -5.4630710458e-02 8.6511291926e-02 -8.4712220391e-02 1.3258783469e-01 -2.8583138865e-02 -7.2127346860e-02 6.1071083947e-02 2.7680539674e-02 -1.5225696444e-01 4.9188182615e-01 -1.5806004233e-02 -2.7505325472e-01 3.6184925837e-02 -3.2594833550e-02 1.2611541061e-01 -2.2185225464e-01 1.6735797692e-01 1.7915428412e-01 3.3719862596e-02 2.4271596356e-01 -1.0528608127e-01 2.3297431281e-01 1.8092838168e-01
4.7637658593e-02 6.6273017618e-02 -1.8689141041e-01 -1.4484238062e-01 -4.7687114788e-01 -2.1844533009e-02 -1.9575438555e-01 7.7827655006e-02 -9.5553380476e-02 -5.8851859614e-02 1.3737086705e-01 -1.0926901761e-02 3.6494447142e-01 2.8824010111e-02 -1.9083379752e-02 -3.1826287232e-02 -6.0111642503e-02 -1.7378835705e-01 2.7973725435e-01 1.1419705416e-01 2.9653343037e-02 -6.3415321484e-02 -2.1752918228e-01 -3.1285434364e-01 1.6765626358e-01 -4.9465470197e-02 1.4070039961e-02 -1.1757208044e-01 1.5720376467e-01 -1.8988707421e-02 -4.7787975658e-02 -2.5279452711e-02
1.7093559023e-01 -4.6582894957e-02 1.1813551740e-01 -3.0558975172e-02 -1.2446708947e-01 4.2792727341e-01 -1.1688674867e-01 -2.6920124535e-02 -5.2180686043e-02 -2.1117389573e-01 1.8780899557e-01 5.9634733011e-02 1.0528621972e-01 1.3254123200e-01 2.3350952749e-02 -6.6260469895e-02 -2.8533724783e-01 -1.9618145698e-01 -2.0325288359e-01 1.6191534054e-01 -1.0185648975e-01 -2.3525406005e-01 -1.0698020167e-01 -1.0736946719e-01 -9.3467567452e-02 5.6172022528e-02 2.0759281189e-01 3.0065247383e-01 -3.2791519488e-02 2.9150065035e-02 -6.7515681584e-02 -1.0738570154e-01
1.3794655795e-03 1.2174066605e-01 1.4816513464e-02 -2.2399260654e-01 2.8223187991e-01 -3.7230646300e-01 -1.5219412067e-01 -1.7750796764e-01 5.1036705693e-02 1.0421678104e-01 -1.8558089275e-01 -1.1878849086e-01 2.7610164824e-01 -6.2009523391e-02 2.6023842378e-01 -1.1952193184e-01 -8.3979974636e-02 -5.3239689616e-02 1.5785406741e-01 2.8229733365e-02 1.9684296197e-01 -7.2997323919e-02 6.4198618411e-02 -2.5169519554e-01 5.3650267474e-02 1.4103811744e-01 1.3126627900e-01 3.6416540924e-01 1.4779271913e-01 4.3400978685e-01 -4.5621621781e-01 2.1184008445e-02
3.4688925569e-01 3.2295655588e-02 1.2045983887e-01 1.8398117520e-01 1.7857112215e-02 5.3861087140e-02 -1.9441986223e-01 4.4467267323e-01 -2.2931302156e-01 5.3987393177e-03 -7.1488393215e-02 -2.1412510562e-01 2.4050563913e-02 -2.2962132870e-01 1.2091292211e-01 -1.7520351171e-01 2.5556741576e-01 -3.9488354810e-02 -2.3019372190e-01 6.5217899994e-02 9.3472760855e-02 -2.1522527215e-02 2.5364478215e-01 1.4261121719e-01 1.0281189472e-01 1.3178041894e-01 -1.4934017551e-01 1.9634049633e-02 -2.8626396975e-03 2.3391007154e-01 -1.2971545980e-01 1.1804607808e-01
-2.5992805506e-01 2.3353951201e-01 -1.4063820842e-01 -7.1417821376e-03 -8.4169381677e-02 -3.8759406639e-01 -1.8379623764e-01 1.7816669405e-01 -1.5108663811e-01 1.9898257415e-01 1.4188726404e-01 2.8783799661e-01 8.6866898078e-02 6.1134335088e-02 -2.1156409396e-01 -1.0120060111e-01 2.0973629154e-01 7.8396804835e-02 -1.1772507216e-01 -2.2006903709e-01 -1.2734907181e-01 -6.2368538500e-02 1.2150385976e-01 1.0253439582e-01 1.1393383479e-01 -1.0171511286e-01 3.8280467901e-02 2.2997539147e-01 1.6350489953e-01 1.3112426233e-01 4.1885632172e-01 2.2500965935e-01
-2.7605416019e-02 1.3248054835e-01 1.8499952915e-01 1.8741284049e-01 1.5910067238e-02 1.5227889328e-01 4.6554460343e-02 -3.9455541187e-02 -5.7291871171e-02 -8.0144414999e-02 -6.0027271639e-02 2.3370393681e-01 3.5997037091e-01 -3.3707850599e-02 8.4910952092e-02 6.6707641825e-02 -1.7083159830e-01 -1.6395560120e-01 -1.0297190134e-01 -1.0357164700e-01 -7.3762229042e-02 -3.5509308318e-01 3.7859986851e-02 7.6422692596e-02 1.0657383478e-02 -1.2323980156e-01 -7.3876086383e-03 -4.7391408429e-02 -1.2869024040e-01 2.5096586887e-02 -6.7801576059e-03 -1.4505594786e-01
2.7054901680e-01 -1.6036703249e-01 -1.4297745797e-01 1.7723279380e-01 -5.8066818551e-02 1.4782962015e-01 -8.3329235822e-02 1.1050111276e-01 1.5706067850e-01 1.8026740509e-01 -3.9779021369e-01 -7.3347980282e-02 1.3663948081e-01 -2.5911203007e-02 4.3502742893e-03 -1.2713063235e-02 4.9913640342e-04 7.3584512464e-02 4.0765450243e-01 2.4121232487e-01 -3.6577078353e-01 -2.4441058714e-02 8.0038845567e-02 1.7949877339e-01 7.0515273969e-02 2.4986977461e-01 -4.1778514984e-01 -5.2395872691e-02 1.7672068314e-02 6.1113641181e-02 5.8833803261e-01 2.1043537958e-01
2.2366274738e-01 -3.9324982714e-01 1.9284642797e-01 -7.5677256744e-02 -3.6037414126e-03 2.2871155882e-01 -1.2165465371e-01 9.2955259645e-02 1.6447541011e-01 5.0944655552e-03 3.2836234846e-03 -8.9582528249e-02 -5.1692590955e-02 1.8979460111e-01 -8.7579812142e-02 1.8899857146e-01 -2.1573229333e-01 1.1770961116e-01 2.2944670945e-01 4.6986536098e-02 1.5498082243e-01 1.4071300787e-01 3.0745907318e-01 -1.1231112091e-01 3.7244787535e-01 1.2936695690e-01 2.2993950253e-01 -1.2792539672e-01 1.4812880990e-01 -3.1387162644e-02 8.5299557999e-02 6.6690760673e-02
-3.1275107895e-03 -4.5451762231e-01 1.1658481264e-01 -2.6460338998e-01 1.2116552426e-02 -1.2421653279e-02 -5.0648134198e-02 2.3636831178e-01 -1.7832518389e-01 -1.0632280421e-02 -1.5439127107e-01 3.2952510418e-01 3.4756256954e-02 4.2248544725e-01 -2.1720498794e-01 -2.1936261306e-01 1.3273502591e-01 2.2574002595e-01 9.8523054815e-02 -2.1962705038e-01 -1.3244508201e-01 -1.5366225815e-01 2.2235121605e-01 9.3509237411e-02 -5.5749336053e-02 1.0468729827e-01 -1.1003420362e-01 3.1675762875e-02 -1.7147390134e-01 -1.4364543373e-01 3.0217016654e-02 -3.0437313566e-01
8.9370277363e-03 -2.8187932870e-02 -7.4844367438e-02 -1.2980515091e-01 3.4066614154e-01 -7.6103737473e-02 2.9149725395e-01 -5.4668203157e-02 1.2769940733e-01 -3.1029144151e-02 -5.8513010685e-02 1.6660328761e-01 -4.6203588942e-02 7.2388160793e-02 9.9531609095e-02 1.1919800936e-01 -1.1285496716e-02 -1.0744444826e-01 -1.1491528819e-01 -1.5322878731e-01 6.0939667831e-02 9.0583373723e-02 -1.3000609156e-01 -3.8722653215e-02 -1.7700919061e-01 -3.0915828456e-01 1.7112971853e-01 2.3478870875e-01 -8.5621135019e-02 -1.0267705739e-01 -8.6471663832e-02 1.3927117394e-01
7.9854017609e-02 -9.9052763344e-02 1.7631907786e-02 -2.2584233290e-01 -1.0683596895e-02 1.3385084622e-01 -5.0668970747e-02 -1.4956153141e-01 2.6220416969e-02 -1.6057487940e-01 -1.2162637936e-01 1.5132956184e-01 7.8800317032e-02 1.5727064302e-01 2.8379413971e-01 -2.9133846538e-01 -3.9566759520e-01 -1.6630406610e-01 1.4059649450e-01 -1.5737251607e-02 -1.8523784707e-02 5.2799695452e-02 1.7806716659e-01 1.2045798240e-01 8.0570122729e-02 2.0460476723e-01 -5.5916435987e-02 1.7529612924e-01 1.2671510649e-01 -2.5085447388e-01 3.8649869892e-03 2.9507871559e-02
-1.9668724724e-01 -1.8840554186e-01 -1.6663864772e-01 -1.5493589619e-01 4.2609155100e-01 2.2596549452e-01 4.0995883104e-01 2.5582763502e-01 -2.9672968521e-02 1.8357571050e-01 1.7092550079e-01 3.6413727068e-01 2.6709961083e-01 -9.9090618801e-02 -2.0502021151e-01 9.4433500703e-02 2.9861765641e-01 1.2039868794e-01 -1.7555636209e-01 -2.3399020692e-02 4.8191602964e-02 -1.2098272529e-01 7.3519133147e-03 -1.4982188779e-01 -1.9205675059e-01 -1.3802872392e-01 -2.0470683186e-01 -1.0056422645e-01 2.0817157921e-01 1.3098539109e-01 -8.0677720732e-04 -5.2102599113e-02
9.7885375221e-02 -1.3426181418e-02 -1.7605875900e-01 1.7078686581e-01 -1.1221634511e-01 1.7148716785e-02 4.2967541262e-02 -1.1951421973e-01 8.1051172280e-02 1.5027160315e-01 3.2639762288e-02 2.9233036315e-01 1.5867990757e-02 -8.7820775078e-02 1.6567204145e-01 1.0897160653e-01 -2.4992070387e-01 -1.4458744931e-01 9.7333762581e-02 -1.4784563631e-01 1.1726705786e-01 2.1853890678e-03 -1.2510385510e-01 -3.5383312317e-01 -2.6615192828e-01 -9.6452746014e-02 1.5910461539e-01 -1.4136886783e-02 -9.9136841140e-02 -3.9955174883e-02 7.4967892607e-02 1.1742053919e-01
-5.9537306569e-02 2.6553589218e-02 1.5115835435e-02 -2.1814507411e-01 -2.3172141520e-01 1.0048796715e-01 2.2821378627e-01 -4.9666579744e-01 -1.5421811847e-01 2.5589253575e-01 -2.1049887619e-01 -7.6127583499e-02 1.3723230332e-01 -2.3260745676e-01 6.4364891189e-02 -1.1861073908e-01 -1.8309801434e-01 6.8059214530e-02 1.3588357931e-01 -2.0695030343e-01 -1.2941923400e-01 1.8267881923e-01 7.7829764494e-02 1.9861824050e-01 -9.2383988153e-04 -1.1955954296e-01 -2.8015578974e-01 -4.1182775831e-01 -6.5977137724e-02 4.0265817274e-02 -6.2468966664e-02 1.0304844386e-01
-1.1555085098e-01 1.3218937852e-01 -4.4804291114e-02 -1.9409885579e-01 -4.3599012051e-01 1.5110846647e-01 -2.5860990851e-01 -4.8978741291e-03 -3.4937307540e-01 6.9618776892e-02 2.0453498319e-01 5.1204444181e-02 3.0670277210e-02 -4.2987699820e-02 -2.7380121688e-01 -5.1276025683e-02 1.1829690715e-01 2.6288310648e-01 2.1480179615e-01 -1.0633290841e-01 1.4555051240e-01 -1.3051614686e-01 -3.0347552167e-02 -1.0820558959e-01 -2.7077691418e-02 -4.5256591200e-03 -7.4947251801e-03 2.9095794477e-01 1.7174700164e-01 3.0435873245e-02 -7.1855129085e-02 1.3574243402e-01
-2.7300740383e-01 -1.0074265940e-01 -1.2357733516e-01 -1.9122844483e-01 4.2373845935e-01 1.8353284297e-02 1.9139567052e-02 1.1443147668e-02 -7.3333483034e-02 -1.5884569981e-01 -1.3349697102e-01 -9.6244712666e-02 1.2428154496e-01 2.0817189575e-02 -1.9630628230e-01 -2.1910445614e-01 -2.3096574465e-01 -2.6304551873e-02 1.8899485537e-01 -6.1500192401e-02 -1.6673556304e-01 1.0294957070e-01 -2.7098534939e-02 2.0671815624e-01 2.4502851616e-01 -5.6578204222e-02 -8.8207706287e-02 -6.3811523723e-02 8.1683866733e-02 7.1377358011e-02 -6.2169289487e-02 9.3817834944e-02
