1.5443959197e-01 -5.6133441192e-01 3.9002268420e-02 -1.9502077441e-01 -5.4976460030e-02 3.7586892187e-02 6.1964462029e-02 -3.7846913780e-01 -5.1645396547e-02 1.8897542716e-01 -6.7552923802e-02 3.2765562064e-01 3.0841705423e-01 1.5886793826e-01 6.1975898242e-02 2.2314238407e-01 6.2100177190e-02 -2.3204150187e-01 6.6216409332e-03 -3.4865559656e-02 2.1830444324e-01 -2.8720000447e-01 -1.4633656328e-01 -1.7224887231e-01
3.2957349567e-01 -2.3298264641e-01 3.0093613753e-01 -1.6256885468e-01 7.5353618530e-02 -3.2003535334e-01 2.4333824236e-01 1.7626709715e-01 -5.3103246635e-02 1.4901960445e-01 6.6655047128e-02 5.6994867810e-02 8.6317769600e-02 -3.1757295379e-01 8.5120022686e-02 3.6796029946e-01 9.9938640022e-02 2.5069301980e-01 -3.7531671949e-02 -9.3040910925e-03 1.0587575023e-01 -1.6050062203e-01 -1.5987585087e-01 2.1853670124e-01
1.4506902602e-01 1.4828414014e-02 -1.5720492376e-01 3.4975352522e-01 -4.5755075596e-01 2.0869348811e-01 1.9151542836e-01 -1.2969836307e-01 2.3008584737e-01 -1.0804444662e-01 -4.5840603158e-01 1.7637204652e-01 -1.7332121901e-01 1.6393715306e-01 -2.0619258267e-01 1.6021536464e-01 -4.3358725317e-01 -1.9483644729e-01 -1.4390136570e-01 -9.9217552028e-02 3.3958528597e-01 4.8344541768e-02 1.4359018733e-02 1.1199896301e-01
1.6164668737e-01 9.8188085558e-03 4.3856027017e-01 1.4624783716e-01 3.9392811133e-01 -1.2295032564e-01 -1.6670789387e-02 4.2741982575e-01 2.1289101503e-01 2.2052587566e-01 5.3020796433e-02 -3.5886200889e-01 8.2960900091e-02 -1.5630643525e-01 2.9122452909e-02 1.3875722361e-02 -7.9695366359e-02 1.1941719459e-01 3.3060265886e-01 -5.6127099659e-02 -2.7699447488e-01 5.4319290641e-01 1.3035644421e-01 -2.0249804826e-01
-4.6042171497e-02 6.7649024571e-02 1.7282154742e-01 1.9344728796e-01 4.1668709375e-01 -1.4257333640e-01 -5.1409457575e-02 -2.9405762907e-01 -1.6378898031e-02 -1.4674115631e-01 -4.7679398931e-02 -1.0956344698e-01 -3.3061286251e-01 -5.5737146188e-02 -1.8369953285e-01 -3.0009542519e-01 3.8961344231e-02 -3.3547362509e-01 3.5037068525e-01 2.5560371010e-01 -1.0645697258e-03 -3.0958566371e-01 1.7232117724e-01 1.1085040404e-01
-3.4098626050e-01 1.5202463322e-01 7.1187440169e-02 1.7104263505e-01 1.3025571038e-01 -3.1075407074e-01 2.7804949159e-01 -1.1027216455e-01 -2.2288135621e-02 3.1849313320e-01 2.3323958619e-01 -7.3717618340e-02 -2.5310389917e-01 1.0460819824e-01 1.2006610066e-01 2.6000074155e-01 1.1258549549e-01 2.0165084730e-02 2.6530708950e-01 -2.9549744792e-02 -2.1502544148e-01 1.6008380930e-01 1.0404864875e-01 3.3564629403e-01
2.4343691127e-01 -1.9674379858e-02 -2.6885794489e-02 8.1315807133e-02 2.3045821821e-01 1.8737180928e-01 -1.3621044276e-02 2.1541058720e-01 1.3406321928e-01 1.5573162429e-01 -3.9165118221e-02 -4.7840676695e-02 6.6377288106e-02 -1.7596641808e-01 1.4790279810e-01 -1.3324202586e-01 1.5150440452e-01 -1.0173006557e-01 -3.6709810037e-01 1.6735147986e-01 -9.4217669354e-02 -3.9425369740e-01 -1.6788231148e-01 -2.7897705526e-01
-1.8451933929e-01 -2.2408021615e-01 5.8938656284e-02 7.6696774184e-02 3.2348399532e-01 5.9206304033e-03 -4.1402165617e-02 1.0575771152e-01 1.9210085682e-01 1.3033106074e-01 -2.7375022495e-01 -6.8570348950e-02 2.7615752204e-01 1.7796650337e-01 -2.1923581874e-01 -5.3184006975e-02 1.5252178152e-01 -2.7032849894e-01 1.3927721619e-02 -1.5419059592e-01 -1.0206419474e-01 2.3741607852e-01 -2.1121697919e-02 1.5971875073e-01
5.1119230067e-02 -1.9166893508e-01 -1.0814119120e-01 -1.0963200443e-01 -1.3867237188e-02 -8.2182283644e-02 -6.7337505867e-02 4.5736605605e-01 4.3255007690e-01 -1.9573343665e-01 -2.4754402118e-01 2.1994429546e-01 1.5949402931e-01 1.0904034868e-01 1.6947207605e-02 1.7261126529e-01 -3.7613515539e-01 1.5084651921e-01 -2.9498414774e-01 -7.2579031322e-02 -3.1713356765e-02 1.6155917524e-02 -3.3279388447e-01 -1.4063386724e-01
-2.6549016319e-01 -6.6364952063e-02 9.5819746944e-02 -1.4277349679e-01 2.5216198800e-02 4.6777477285e-01 -5.3980385601e-02 8.4139901685e-02 -4.4841099461e-01 1.9524071718e-01 -1.3292526089e-01 -3.3955729887e-01 -2.2505225089e-01 1.2143107873e-01 6.0285687500e-02 -9.1787066158e-03 -5.8637181617e-02 1.2733858059e-01 2.2558413564e-01 -3.3257843655e-01 4.0386870889e-01 6.4484352073e-02 5.1305604326e-02 3.0379139172e-01
-9.1695704111e-02 1.3902627436e-01 1.5198922270e-01 -2.4702856659e-01 1.0162764637e-01 -2.1594475853e-02 -3.9371628756e-02 -7.0949361312e-02 2.8037894335e-01 -3.0334668952e-01 -1.2979936292e-01 -6.7015857335e-02 -8.4583621463e-03 3.9389083001e-01 -2.1214788400e-01 -1.3401001097e-01 -1.7632263177e-01 1.3916432142e-01 -2.5071880361e-01 6.5666718848e-02 1.0446927194e-01 2.8240553420e-01 -1.3510001719e-01 -4.3626816838e-02
-3.0326844838e-01 3.0323133667e-02 8.4189934944e-02 -5.6491666072e-02 1.1595138508e-01 9.6484864250e-02 -1.3849794268e-01 5.6696107478e-02 -2.5518730216e-01 -1.2641981813e-01 -1.0979863310e-01 -3.1320588108e-01 2.1742180831e-01 -2.5686780971e-01 -1.2515237008e-01 8.9256843138e-03 7.5173142614e-02 3.1164332126e-01 3.5494868514e-01 1.9370236355e-01 -2.1592587105e-01 1.0674252505e-01 -1.4027365336e-03 -1.1026970612e-01
-2.9825611056e-01 1.6686130454e-02 1.9621091220e-01 2.8704882722e-01 4.5052855934e-02 1.0757562907e-01 -1.1175798993e-02 -7.6719597016e-02 6.9086763155e-02 -2.4624945356e-01 2.2787985435e-01 8.6429931866e-02 -2.1021684887e-01 -1.1534507944e-01 8.4215230265e-02 -3.0270095739e-01 1.4133087929e-01 3.6207668314e-02 -3.4665408402e-01 -1.8420963254e-01 6.4941078347e-02 1.7162094241e-01 1.1856169913e-01 3.1002138023e-01
2.0296399362e-01 4.0330235395e-01 -9.4926145687e-02 -4.7457425828e-02 1.4511304209e-01 3.6134725468e-01 -1.1300928410e-01 6.7488584829e-02 -3.8844173580e-02 -1.0595420491e-01 2.1603166741e-01 -1.4015576005e-01 3.2335954122e-02 4.8341795286e-02 9.7040158106e-02 -9.6259739494e-02 -3.8119555678e-02 -8.6870644952e-02 1.2156509410e-01 -3.5222335146e-01 1.8235776969e-01 1.0981440144e-01 -2.6434915181e-01 -1.7030001968e-01
3.3066258657e-01 -1.2601901940e-01 -1.9796472263e-01 1.4280852478e-01 -2.5454626349e-01 1.2375111847e-01 -2.9139259362e-02 2.3510090899e-01 -3.6160876531e-02 -5.6443728609e-02 -1.3219980053e-01 3.0315631979e-01 -6.4706960123e-02 1.9068776489e-01 -3.4361729503e-01 1.2497090117e-03 4.3867373424e-03 3.1402592170e-01 -4.5503073784e-01 -5.5289610311e-01 -2.3622241957e-01 -1.2800000887e-01 1.9147804392e-01 3.4118382828e-02
2.5575736794e-01 5.9327442128e-02 1.9081368759e-01 -7.8108333449e-02 -1.6679886616e-02 2.0766634665e-01 -3.6145783131e-01 -1.2989379150e-01 4.5623922471e-03 -9.4314512184e-02 -1.2361242044e-02 -3.1759519069e-01 6.5944857112e-02 4.5106832313e-02 2.5625410954e-02 6.7994064654e-02 9.4507784307e-02 -1.9497004587e-02 4.7562287718e-02 -1.7749305945e-01 -1.4192326720e-01 1.4666480792e-01 1.0198677916e-01 -9.5149421377e-02
1.4777418304e-01 -1.6841863402e-02 2.8053619680e-01 1.5552675386e-01 -2.0809238284e-01 9.0989907800e-02 3.2346289676e-01 -3.1444182861e-01 -2.3851907654e-01 1.7365142752e-01 -2.2084345973e-01 7.2369802963e-02 1.8750396645e-01 -7.3972049742e-02 -2.0653956958e-01 -1.2819877551e-01 8.4374516863e-02 1.2243101765e-01 -9.2190084136e-02 3.0242479214e-01 6.2904515195e-02 -6.7008507043e-02 -1.1516410913e-01 1.0860411470e-01
2.4739530033e-01 1.1614808597e-01 3.7761767017e-01 -3.4494710417e-02 -1.6732981982e-01 1.5017274107e-01 -1.6373218734e-01 -1.8913833349e-01 -1.1184551666e-01 8.9705058274e-02 2.5258854230e-01 3.3134736950e-01 -3.1599169257e-01 9.7864903596e-02 -3.8618405435e-01 2.5878365928e-03 9.5811390496e-03 -1.1063055950e-01 -1.5892040010e-01 9.5313597303e-02 -1.2061683446e-01 -1.4675421951e-04 -1.2284995562e-02 3.3502846202e-01
1.1155687634e-01 -8.2749621543e-03 -1.0061105036e-01 -9.5186911010e-02 -3.7628377176e-01 2.6278848433e-01 -2.7815448611e-01 -1.8841109903e-01 1.1029122755e-01 1.8536775426e-01 -2.4748565377e-01 -2.1602891951e-01 -5.6566805574e-02 2.0130697278e-01 -2.3769558702e-02 -4.3442311767e-01 -2.5049796569e-01 -1.1788351194e-01 2.3156289799e-02 -1.8216379978e-01 -4.6927743643e-02 3.0661114769e-01 -2.6926283156e-01 5.4337267582e-01
-6.2506930521e-02 -3.4954017568e-02 -3.4545110901e-01 -1.3598165472e-01 -1.7516880896e-02 2.1669369658e-01 -1.8762942014e-01 -2.1692018788e-01 -1.6858876083e-01 5.9701616450e-02 -5.0667904453e-02 -9.9545221324e-03 -9.7186392973e-02 -9.1732470542e-02 -2.0285989112e-01 1.0814467646e-01 5.7483221615e-02 -1.8850702187e-01 8.0007690779e-02 -7.5023923170e-02 1.5082387867e-01 -1.6797869216e-01 2.5499905262e-02 -1.0909558472e-03
1.4121929591e-01 -6.7955955812e-02 -1.0256942182e-01 -1.3319993722e-01 8.1823760843e-03 1.3575319510e-01 -2.9101932564e-01 -2.0543733404e-01 1.1173046324e-02 5.2842983633e-02 2.4642020934e-01 9.4708567910e-02 -1.4231073434e-01 2.8093493673e-01 -1.9749086627e-01 2.6196540119e-01 -7.3530026785e-02 2.7884755310e-01 -1.2626295746e-01 -2.0288863426e-01 -4.4177391465e-02 -3.2034288093e-01 3.6049499505e-01 5.4849491939e-02
1.2766457279e-01 -1.0996936432e-01 -9.0596860149e-03 1.7480101892e-01 -4.0515733644e-01 -4.3575519442e-02 9.4082418340e-02 2.7342604029e-01 4.2539492081e-02 -5.0854843338e-01 -2.0999738369e-02 5.6464937741e-01 3.8645794185e-01 -4.7887528764e-01 -1.4846788885e-01 2.3138613499e-01 -9.6081673942e-02 1.0193074124e-01 1.9012509194e-02 2.5458562658e-01 6.3842145135e-02 -1.2429022243e-01 3.6966069054e-01 -1.3176762696e-01
1.3115760722e-01 -1.5984054208e-01 -1.1776937548e-01 1.5890954781e-01 -7.4534650754e-02 -1.1744172644e-01 -9.1601567450e-02 1.1520329845e-01 -3.9133986049e-01 -6.9187485625e-02 2.5090413445e-02 -6.4496062886e-02 1.0794955011e-01 1.8530035614e-02 -7.1353956285e-03 -3.1357484354e-01 2.8849448981e-01 -2.0064513038e-02 7.3519273936e-02 2.0082343046e-02 2.2424332979e-01 2.7178048095e-01 9.1386071907e-02 -2.4836226490e-01
3.8804001696e-01 5.5108186731e-03 6.5310456573e-02 9.6441815864e-02 -4.7743923845e-02 -1.8332484529e-01 -3.8805656802e-02 5.8525914516e-02 2.0136776395e-01 7.9411036748e-02 -2.8732080133e-01 3.6156697659e-02 -1.4362699588e-01 9.7376702133e-02 -3.7548389720e-01 -1.1776862736e-02 -2.6430947467e-01 1.3802149264e-01 2.7637579244e-01 -5.7775901300e-02 -5.9966614636e-01 2.1712269657e-01 2.4862292129e-01 5.3628399512e-02
