1.9420857353e-01
-5.2523242781e-01
-5.6431530172e-01
-1.3222857077e+00
-1.2136084558e+00
-2.1928127583e-01
1.2899451815e+00
-3.8866556263e-01
-1.1098552976e+00
3.2292244197e-01
1.9839046409e+00
-7.3273686096e-01
1.1410779130e+00
9.4491344470e-01
1.0649088636e+00
-1.4876955770e-01
1.1745615133e+00
-6.5551935283e-01
-2.3544914784e-01
-6.9501428218e-01
4.4776564419e-02
-5.5184475979e-01
1.4642831970e+00
7.1942726628e-01
-2.8759086849e-01
6.9472702565e-01
-8.7758113515e-01
-4.2721556070e-01
1.6010458610e+00
-6.7209037610e-01
5.4705599977e-01
-9.8179324169e-01
