5.7145419686e-02 -2.3312843107e-01 -8.7124107767e-02 -5.2696169687e-01 -1.2694879024e-02 1.9636433556e-01 7.5753887716e-02 5.4762061502e-02 -1.5827654732e-01 -2.8066427120e-01 9.4875719114e-02 -1.1079236742e-01 -4.7851894878e-02 -2.7279739835e-03 1.6997640238e-01 8.9860031272e-02 -1.8856004632e-01 1.3581983467e-01 2.1673381101e-02 -1.1488793208e-01 3.0277777231e-01 2.2763961455e-01 4.2558912181e-01 -5.2312736716e-02 1.5222893840e-01 -6.8772632857e-02 -2.4485575398e-01 -2.2590907792e-01 -1.1646455435e-01 -1.7576968927e-01 -2.8817663542e-01 -7.1605011743e-02
4.0740133276e-02 2.3281492611e-01 -1.7020973369e-02 3.6771118545e-02 -3.0990078123e-01 4.8049935226e-02 -3.9798419779e-02 3.5299130921e-02 3.0244576598e-01 -9.1503862286e-02 -1.2192325489e-02 5.9006643389e-02 -5.4662371515e-02 -1.3225328812e-01 -5.2703435518e-01 1.3454025823e-02 -5.6777547222e-02 -4.0738426759e-02 -4.8521620681e-02 2.1243772361e-01 -3.4553873809e-02 8.4208113791e-03 2.2036110914e-01 -8.2276221692e-02 -4.6294251186e-02 1.8939357050e-01 -3.9958197383e-02 1.0937050949e-01 1.5578473395e-01 2.6838190884e-01 5.1698011380e-03 -1.5786160118e-01
1.1607200801e-01 1.7549072798e-01 -1.6536059414e-01 2.9231589620e-01 -6.8490027816e-02 -1.4619777733e-01 1.6059814209e-01 1.7102542249e-02 6.0171183926e-02 -1.2025015615e-01 2.6054198644e-02 1.3335723301e-01 1.3588159761e-01 -2.3042931114e-01 2.7198825923e-01 2.1980544146e-01 5.1713537474e-02 -1.3856376363e-01 -1.0767519195e-01 7.3873936431e-02 6.9967804870e-02 9.2835515836e-03 4.7124404904e-02 -1.8671554828e-01 -6.9949400277e-02 2.9352550813e-01 8.9095469307e-02 3.1129491560e-02 -1.3828085564e-01 5.0936735702e-01 2.5156085366e-01 -1.0389753629e-02
1.9048546244e-01 -2.3292527520e-01 2.2017393142e-01 2.0784255386e-03 -2.0081463015e-01 -1.2108525610e-01 -1.6222210731e-01 -1.2632879364e-02 -1.1566886049e-01 1.0573679181e-01 -2.2120521817e-01 -2.5198232125e-01 -1.0476362155e-01 1.2834738540e-01 5.6149573622e-02 1.0707885176e-01 -1.1472174597e-01 -1.3151080693e-01 -1.8232998094e-01 -1.7430468623e-02 1.1037742780e-01 -7.6084921874e-02 -1.4062381723e-01 -3.9629453308e-02 5.9064878833e-02 -8.8147735993e-02 8.8363130192e-02 2.3411638695e-02 -2.0778791260e-01 -6.3666638415e-02 -5.7677317472e-02 1.4034668423e-01
-2.1459774736e-01 2.0563809812e-01 2.8695727595e-01 -1.4431060127e-01 -1.5601479562e-01 -1.4426705800e-01 1.9351035192e-01 9.1507855344e-02 5.4981603266e-02 1.2311558318e-01 2.7350381903e-01 -6.2675653932e-03 -5.7021385237e-02 -6.6442557349e-02 3.1598342640e-01 -2.1084806784e-01 1.8750817306e-01 -6.9677721335e-02 3.7155900203e-02 -1.4823199677e-01 -1.1203055351e-01 -4.5054391867e-02 -3.1741259682e-02 -4.4219935819e-02 -1.3381167455e-01 1.1442114439e-01 -3.1263092424e-02 3.5392405381e-02 -3.2570731755e-02 -1.0328871660e-01 7.0940247794e-02 1.4336682142e-01
-1.3144409865e-01 2.3645554033e-01 -3.3246292961e-01 -1.3057514841e-01 9.4057088251e-02 5.7094513483e-02 -2.0101425308e-01 7.5964194619e-02 -2.9696571681e-01 3.3271298210e-01 2.3205771238e-01 -1.3139566659e-01 8.1163921449e-02 1.8442231027e-01 1.2974694209e-01 1.2424092128e-01 -3.3073373482e-02 -3.5038734820e-02 -3.5355338261e-01 -1.1548159954e-01 3.4525939156e-02 -1.1851238270e-01 5.9136552641e-02 -3.0614487973e-01 -1.4801876140e-01 5.2033362204e-02 1.0022676718e-01 -5.2533613360e-03 7.8823722852e-02 -2.3628585292e-01 3.5498794083e-02 8.9086395726e-02
-2.0524873271e-01 -2.0023688081e-01 -2.1600991720e-01 -1.2258625147e-01 -8.1977885675e-02 7.6904824818e-02 1.0371714547e-01 8.0308921238e-02 -1.4310240457e-01 2.3145886692e-01 1.5874680702e-01 1.4934825701e-01 4.6495163255e-02 7.9553834389e-02 -1.7264924820e-01 -6.9736508032e-02 -1.8209985233e-02 -2.5596250913e-01 -2.5443179116e-01 2.2231706289e-01 1.4137643967e-01 -1.5683621302e-01 7.6170347481e-02 -4.0638026699e-02 -1.1852721756e-01 -1.0546431023e-01 -1.0998383110e-01 2.3589392014e-01 -1.1864397973e-01 -4.1719652606e-02 -9.8147056867e-02 8.7979467042e-02
1.1573093844e-01 -1.2715495899e-01 2.6000383407e-01 -3.0513305012e-01 -3.5181233800e-02 -2.3759641673e-01 -3.9527184721e-02 -1.2820847346e-01 2.3955283061e-02 -1.4308809859e-01 -6.0801849142e-02 2.4503462054e-01 -1.7003248744e-01 2.4026039912e-01 9.1706649282e-02 -2.3371064079e-01 1.6774888632e-01 2.8576077411e-01 -2.0645136451e-01 -3.4618954051e-02 -1.3464880319e-02 2.4506840155e-01 6.2051401326e-02 -1.6901485023e-01 -2.3756980780e-01 3.1804837414e-01 1.4386066574e-03 -2.1299202857e-01 1.4688826738e-02 -1.1255957489e-01 -1.8484354337e-02 4.3806146513e-02
1.6259816611e-01 -1.6241705727e-01 -1.6164702497e-01 1.8579758092e-01 -2.3339321549e-01 -5.7986382045e-02 2.6697083737e-01 -2.6105849634e-01 7.8864848476e-02 -2.1407196051e-02 -2.1830874480e-01 -2.7498811100e-02 1.0512160184e-03 -4.6190720989e-02 -1.5573074177e-01 4.7555295661e-02 -9.7872198745e-02 -9.5493317209e-02 -9.7743771161e-02 9.6157716308e-02 -1.6390049351e-01 -3.8685167767e-01 3.7354738345e-01 -2.2321569527e-01 2.2042929949e-02 1.7765860523e-01 5.0739221416e-02 -6.6399027281e-02 2.8814918100e-01 1.5300522960e-01 -1.5425377054e-01 -5.2946716019e-02
-2.0567127251e-02 -2.0232609613e-01 9.4012570629e-03 -1.3562388806e-01 -1.1383309002e-01 3.7598618537e-02 1.7515470677e-01 -1.3072001206e-01 -1.2592803794e-02 -1.0529028117e-01 9.3738821856e-03 -1.7975747202e-01 -7.5405691841e-02 9.8949598513e-02 -1.3755348227e-01 -1.0098922221e-01 -3.3935337143e-01 6.2703877992e-02 2.7163111212e-02 -7.6537508712e-02 1.5878986080e-02 5.4945683464e-03 3.7445104525e-02 2.8280100205e-01 2.2796083641e-01 1.5730649152e-01 1.0415701372e-01 1.0047718230e-02 -1.1877858776e-01 -1.3203947247e-02 -6.8044989415e-02 2.4194621533e-03
2.6071476266e-01 5.9895817033e-03 -8.1843876841e-02 1.2011408673e-01 2.3461985490e-01 2.2953294074e-01 -3.0272371752e-02 -2.2548632981e-01 6.3076585256e-02 1.9890306193e-01 -1.5029703712e-01 2.4194502748e-03 -4.2313434311e-01 -2.4866885118e-01 8.0003039593e-02 -8.9658749936e-02 2.9602533707e-01 8.3611441312e-02 1.7442903339e-01 -1.0662836952e-01 -6.5987206008e-02 -2.2317784638e-01 2.3240778126e-01 8.1940947018e-03 9.3799012108e-02 2.2137219058e-01 2.6237895521e-01 -8.9804006164e-02 -1.8179087632e-01 -1.7380636241e-02 2.8836414850e-01 -8.7141749048e-02
7.2682615735e-02 -1.1867766237e-02 -1.2899848434e-01 4.7647245677e-02 3.2916799616e-01 2.5051866940e-01 -4.7871438875e-02 7.7213456951e-02 5.4299276646e-02 2.7593103771e-01 -1.7575284498e-02 -6.8571807851e-02 2.0992452528e-01 -2.0181931267e-01 9.5369159915e-02 1.1201100442e-01 2.1994017396e-01 -3.5376679426e-02 -1.6160715558e-01 -3.6359471288e-01 1.9050645052e-01 1.3906162745e-01 1.4936422943e-02 2.2483152684e-01 -6.0258428522e-02 2.0402372460e-01 2.4131189090e-01 7.0145221507e-02 -1.8145338060e-01 -1.8987263391e-02 1.8655339774e-01 -1.2370558276e-01
-3.4203303603e-01 2.7984001088e-02 -2.1111765045e-01 4.7424920208e-02 -1.7854687468e-02 2.0528820733e-01 6.4377925980e-02 2.9663801684e-01 -8.3272730903e-02 -2.8093505943e-02 5.6994416358e-02 -1.0104132509e-01 -1.2646226022e-01 -5.8800823082e-02 3.4115211274e-02 1.7918599456e-01 -2.1849982204e-01 -1.9752249848e-01 -1.6422385784e-01 3.5544349133e-02 -6.3047736937e-02 -9.2070336422e-02 -7.6288157693e-02 -2.7254525325e-01 -2.0710535985e-01 -3.6141937383e-01 -7.9903828515e-02 2.0885313669e-01 2.0116603467e-01 -2.4632870714e-01 -2.3027052532e-01 9.1987807877e-02
-4.1077621014e-01 6.0862182826e-02 -1.2442967452e-01 1.7168216037e-01 3.6367115086e-03 -3.7524574575e-01 -3.5639719227e-01 8.9689247373e-02 -2.2176114235e-01 -7.8036664392e-02 -3.3487261876e-02 -1.7326722234e-01 1.5652516293e-02 3.7549831901e-03 1.5475379978e-01 3.8810958332e-01 -2.4246348368e-01 -1.6562704367e-01 2.6528662039e-01 -1.3651620099e-01 2.1023643918e-01 4.2923520260e-03 -2.4668103650e-01 -1.4331485799e-01 -1.0594217119e-01 2.6850821758e-01 -9.9324743681e-02 2.4162115126e-02 -2.4823101118e-01 -2.1300094225e-02 3.2321338492e-01 4.2945170122e-02
-2.3697711095e-01 -1.8423015599e-01 4.3731378668e-02 1.5649952822e-01 -2.8960161979e-02 -2.8304442814e-01 2.3460284748e-02 -1.0083815114e-01 -2.0017475014e-01 2.6188857562e-01 3.6895684448e-01 1.6026995616e-01 7.8711031149e-02 -2.5708489221e-01 5.9783408236e-02 1.0453113485e-01 -1.1940893128e-01 -1.0360999573e-01 -1.8899332144e-03 -8.2935018473e-03 -7.7434132522e-02 1.7357321924e-01 2.6068608234e-01 2.7682894091e-02 -4.3536755081e-02 4.3369354330e-01 1.9236697067e-01 3.1377066261e-02 2.0546542563e-02 9.2015890920e-02 -2.8687928257e-02 3.5914512723e-01
1.4356657464e-02 1.8171823286e-01 1.9806398179e-01 1.9243063846e-01 -8.9975657829e-02 -4.3018701798e-02 -2.2668618103e-01 1.1194008929e-01 5.4337747336e-02 -1.3855107122e-01 -9.1941986700e-02 -1.3368619488e-01 -1.2036514735e-02 4.1361376757e-02 -5.7800722985e-02 -2.7266585073e-02 3.4158579510e-02 4.3509231196e-02 2.3752723306e-01 2.3290505798e-01 1.1036853195e-01 3.2824254709e-02 2.7294194367e-02 3.0230872187e-01 -1.6303496657e-01 1.6438282738e-01 5.7193048277e-02 -2.7241405214e-01 -1.2174515177e-01 -1.3530260375e-01 -1.8331946471e-02 -3.0120757714e-03
-5.5580858946e-02 -1.7342607224e-01 -1.0699403759e-01 5.0197082060e-02 1.6302216106e-01 2.0459761746e-01 -3.0359788437e-01 -2.1151312043e-01 -2.1297494049e-01 -1.4935677803e-01 8.5798444594e-02 -1.5122123053e-01 -1.9984825096e-03 1.1743347001e-01 -7.2191130368e-02 3.3467032622e-01 -1.1145562102e-02 1.4743419829e-01 -9.9515343603e-02 1.5866493807e-01 8.9801701279e-02 1.8475189027e-02 9.4553975293e-02 -9.1265325128e-04 1.4983595077e-01 4.1434876247e-02 -8.0620111550e-02 2.7379182410e-01 -7.3352874317e-02 -8.1246986434e-02 9.3079816201e-02 2.9268639001e-02
2.3811284860e-01 -2.3443732223e-01 1.3049740587e-01 -3.2881632928e-01 -2.8017942156e-01 1.4683679899e-01 -3.4882250879e-02 1.9174706450e-01 2.0783620639e-01 6.4216331081e-02 4.7282389611e-01 8.6120436586e-02 9.0869940035e-02 -5.3777692250e-02 3.9212640828e-01 -2.3380727520e-01 -3.2478082407e-02 -1.5213060408e-01 1.6890521751e-01 4.7996609541e-02 -1.1123123675e-01 2.1794166354e-02 1.6806969871e-01 -1.1268289561e-01 -1.7287387029e-01 6.3225427850e-02 -1.0455495210e-01 6.9882653822e-02 -1.3665819524e-01 -3.2672863661e-01 1.9929873891e-02 -1.1017873125e-01
1.1961735784e-02 5.9274125064e-03 4.0024101736e-02 -1.8209178969e-01 5.5984558935e-02 -2.8872590949e-01 4.7399966334e-02 2.8714707655e-01 2.8727243023e-02 9.5764078060e-02 2.3117632129e-01 3.3024683058e-01 3.7792998831e-02 1.5126018437e-01 -4.0678196989e-01 -1.3012326057e-01 2.2609494978e-01 3.0135241393e-01 3.5651844150e-02 2.3580291103e-01 6.7505624231e-02 -2.8376325604e-01 -2.2921164893e-01 2.3871729572e-01 -2.7632397215e-02 1.0400915887e-01 -6.3810882151e-02 1.3030880509e-02 -2.2443053187e-01 2.5103500205e-01 -3.6237902122e-02 3.7960167471e-01
2.5965173288e-01 -1.4632832115e-01 -2.1863089217e-01 -1.1927741328e-01 1.0193791604e-01 -9.2454069541e-02 -3.1587648455e-01 2.2784073167e-01 -2.1596941649e-02 5.4335604404e-02 -1.2467447554e-01 -2.6433297836e-01 6.3708893952e-02 -3.4610196087e-01 2.2827808344e-01 1.9739875065e-01 -1.9239923556e-02 1.0742487469e-01 1.5557522286e-01 -4.9115488189e-02 -1.2042801896e-01 -4.3931286323e-02 -8.8323422014e-02 1.4238632870e-01 -3.1520519996e-03 1.9734096165e-01 -3.7048153712e-02 -2.3944878294e-01 -3.0689309718e-02 1.0830439386e-01 -6.9337350139e-02 -6.5848008886e-02
-8.2932010841e-02 1.1611390338e-01 -3.7593790366e-01 5.3709207791e-02 -8.6876943706e-04 6.5929939293e-02 1.7509555194e-01 1.6768875687e-01 -1.1984035037e-01 -2.1770634993e-01 -2.2753035656e-01 1.3074242344e-01 -4.6144421924e-02 -1.4978727788e-01 2.0061061353e-01 -5.5378368543e-02 9.0651148443e-02 -1.4984689957e-01 -3.2851088118e-01 1.8053776994e-01 2.4712319407e-02 -9.0294808425e-02 -6.4949490623e-02 1.3175671154e-01 3.6492923247e-01 2.7712119255e-01 1.9583604928e-01 -6.6268174546e-02 -8.1691357594e-02 -1.0691107814e-01 -2.8452432302e-01 -2.6155933484e-01
-1.1517504126e-02 1.1344071881e-01 2.3113442907e-01 3.0520417891e-01 -1.4860078234e-01 1.9523459275e-01 -6.2298517487e-02 1.2487445464e-01 -1.9806795525e-02 -8.0306310878e-02 1.6424311380e-01 1.0576434693e-01 -2.1236910700e-01 2.7192861935e-01 6.4857966632e-02 -5.7362568929e-02 2.1509174098e-01 5.6548614507e-02 1.0135857561e-01 -1.0558339195e-01 -2.1327634904e-01 -1.3637787403e-01 2.3000150458e-01 -5.8832623970e-02 1.5058843526e-01 -1.0585649245e-01 -4.7261075040e-02 4.2572779466e-03 -4.8627109556e-02 1.4598749093e-01 2.6483646704e-01 -6.2340487404e-02
-2.3618966507e-01 -8.2721481574e-02 -2.9571283617e-02 1.4109637288e-01 8.4022921405e-02 1.3957284406e-01 -6.7957246051e-02 3.0137481910e-02 -1.2046984679e-01 2.3690960924e-02 -1.0509895319e-01 8.8162274398e-02 8.9023824843e-02 1.1281695241e-01 2.7465237294e-01 -2.0364520967e-01 7.9409123222e-02 1.7478101393e-01 -6.4186107468e-02 2.0339197627e-01 6.8698499786e-02 6.6050315098e-02 -9.1224495963e-02 3.5672495030e-01 1.8878354597e-01 9.0462299645e-02 3.6884382544e-01 1.0319399065e-01 -9.1442358591e-02 5.5584174411e-02 -2.8562201952e-01 3.2151383935e-02
1.0143489657e-01 -1.8108992963e-01 -1.4876336025e-01 2.4978020310e-01 -1.1625015258e-01 3.1979735121e-01 2.9618963972e-01 -2.2795883192e-01 -1.5413616917e-01 -1.2362316589e-01 2.6199118928e-02 -5.4312274662e-03 -5.2780844685e-02 7.6359489575e-02 -1.5616168048e-01 -3.7567979242e-02 -1.2999616476e-03 7.6194966948e-02 1.1433439338e-01 6.8320229409e-02 1.9079832106e-01 -3.2045213033e-01 -4.5660598164e-01 2.6213179178e-01 -1.4630086832e-01 1.9547223450e-01 6.1760523892e-02 -1.7606830235e-01 -2.8771255702e-01 -2.0900135989e-01 1.1068660795e-01 1.4619199022e-01
4.3337033517e-02 9.0529103774e-02 -1.4263040470e-01 1.4545263806e-01 1.8247719805e-01 -2.5226779729e-02 -2.4247284375e-01 4.6109817123e-02 4.1084333699e-02 1.0419389563e-01 2.1084475037e-02 6.3570911379e-02 -1.0673796321e-01 -9.5538218485e-02 1.8633334446e-01 6.4893598956e-01 -4.0177955093e-02 1.5608878397e-01 1.1578567631e-01 3.0230566445e-02 -4.4960164241e-02 -1.5712468749e-02 3.2727001000e-02 1.7917686513e-01 -1.7609999515e-01 -1.9122814541e-01 1.7289227424e-02 -1.2671342547e-01 7.4820164375e-02 -6.7346527999e-02 -7.1432395675e-02 8.8446927892e-03
-1.2865430023e-01 2.1275402108e-02 2.5537221148e-01 -3.0128378141e-02 9.2890482068e-02 -5.0624508953e-02 -2.5489105726e-01 9.6115459489e-02 1.4070708799e-01 2.2512204917e-01 1.8989881039e-01 2.4995743160e-01 1.6383348819e-01 3.2005199961e-02 3.0462899824e-01 1.7120048544e-01 -2.5578760292e-01 -1.7822200733e-02 9.7233212312e-02 -1.3829455842e-01 -1.0469596257e-01 3.2464641243e-01 3.9366540259e-02 6.7890948791e-02 3.1238771508e-01 1.2307707415e-01 2.1549762876e-01 9.4915451447e-02 9.8537585148e-02 1.0410610066e-02 -3.0369372717e-01 -1.9477988355e-02
-2.4756400182e-02 1.8071255723e-02 -3.1547643973e-01 2.2205005471e-01 -4.5248386677e-02 3.7960704218e-01 1.6190309806e-02 2.4457037104e-01 -7.4852590689e-02 1.2604660063e-01 5.1372953382e-02 9.2024278877e-02 -9.4446235430e-02 -1.7889904562e-01 -2.7990847549e-02 1.0596512224e-01 -1.4195341038e-01 1.4273319218e-01 -1.5124428135e-02 3.1952600015e-01 -8.6322477363e-03 2.8889944540e-01 1.9212871397e-01 -6.6645470680e-02 2.9736662493e-02 -4.1293418532e-01 -2.2726393589e-01 -4.9879430606e-02 1.8749699493e-01 -1.2746408015e-01 -9.2179819305e-02 2.5821738112e-02
1.1304145109e-01 -4.6824981071e-03 -3.1431384632e-01 -2.0268423289e-02 1.3666888119e-01 -6.5882104963e-02 8.5232912449e-02 -1.2402978155e-02 3.7360669553e-01 4.0994332208e-02 8.9232406486e-02 2.4087844292e-01 -6.3092450727e-02 -7.1275842679e-02 -1.2765607101e-01 1.1315233861e-01 1.3857828650e-01 -2.4200169987e-01 -1.2676863537e-01 -4.0053381467e-02 -5.8054910928e-02 -1.0598271464e-01 1.1689846807e-03 -4.8111710803e-02 -3.0360927079e-02 -1.0978951604e-01 -2.3731780250e-01 -3.9556927662e-02 1.7523400783e-01 -3.5617164228e-01 -1.4080302514e-01 -2.5511752167e-01
-4.1428488242e-01 3.2349197466e-02 -2.1010951235e-01 -7.8616591686e-02 -4.2662422338e-02 6.0503031439e-02 1.3237473349e-01 2.2148940205e-01 5.5376495529e-02 -7.5873951900e-02 -1.6927056578e-01 1.2137065213e-01 -1.6858642632e-01 -1.5770233622e-01 -5.6669677329e-03 -1.3059585603e-01 -4.7724062788e-02 1.6072543922e-02 -4.9685644047e-02 -3.7840869294e-01 -1.6526974115e-01 1.1635288507e-01 9.1687685238e-02 3.7441133480e-01 2.2195716095e-01 -2.5967471014e-01 1.2219551227e-01 -3.1553115991e-04 -1.3555945771e-01 1.3755203685e-01 3.1152183032e-02 -1.8251683071e-01
3.5827106874e-02 6.8738534842e-02 2.4974355325e-01 8.7843135876e-02 1.6640447117e-01 1.1365090976e-01 -1.2156253157e-01 -6.2156770410e-02 2.9958357031e-01 2.2786321613e-01 -7.7087809041e-02 -6.5313250809e-03 -2.2863754597e-02 -2.7134169530e-01 -7.0910663605e-02 -2.1896173378e-01 -1.7297318356e-01 -6.3980906716e-02 1.1548949223e-01 2.7869184088e-02 -1.3529969316e-01 2.1853808130e-01 1.9167641844e-01 -1.1652767349e-01 -1.3102360699e-01 -2.3680265587e-01 9.1079182249e-02 1.2802925570e-01 1.3373561626e-01 -2.8581787523e-04 9.0518711721e-02 1.0516734899e-01
-1.8328121408e-01 -3.4351325839e-01 1.3910450127e-01 1.9744006391e-02 2.3870842237e-01 9.2625500184e-02 -2.3477792173e-01 -7.4186345982e-03 6.6245849957e-02 -5.6016109931e-01 -9.0971374469e-02 3.6578189328e-01 1.6382497555e-01 1.3801957983e-01 1.2106672733e-01 -1.0609284587e-02 -1.2056876269e-01 2.9230425938e-01 -1.2498065884e-01 1.3822400846e-01 2.1791275710e-01 -5.9723063250e-02 -6.6128071126e-03 1.5195492474e-01 -2.4702225822e-01 1.3700328369e-01 -9.1237034885e-02 2.6367342928e-01 -4.9682837577e-02 -2.4207439033e-02 -1.7628794206e-01 -1.6108385766e-01
1.5853239127e-01 -1.6393828862e-01 1.9669133071e-01 8.4430528185e-02 1.4200206278e-01 -2.3058593675e-01 -1.6390602417e-01 2.9831388912e-01 -2.0024637956e-02 -2.6897034256e-02 5.3454317680e-01 -3.6598297135e-01 2.6885691184e-01 2.7119850983e-01 -7.2577105710e-02 -3.3777995903e-01 -1.1168466423e-01 5.9763614986e-02 7.8482595159e-02 1.7166968595e-01 -1.0615867509e-01 1.9369985262e-01 -4.4772654653e-01 4.3879083752e-02 -1.2672234241e-01 1.2377392546e-01 1.4392103644e-02 -2.3085189342e-01 3.4237203336e-02 2.5823721527e-01 -1.5907811030e-01 -8.2826191964e-02
