-8.9763968056e-01
7.4708954322e-01
3.7266318329e-01
1.0802547718e+00
4.4843761856e-01
-5.3267089003e-01
-2.4956506517e-01
3.5240393550e-01
-6.6972878904e-01
3.4086939874e-02
5.6334979428e-01
2.1327094592e+00
-1.2134182328e+00
-5.1015419495e-01
-6.1012404907e-01
-8.3632937220e-01
4.0527539345e-01
-1.0467415151e+00
1.2294018442e+00
9.3093349712e-01
-9.2721598503e-01
7.4273010606e-01
1.8664632937e+00
4.8459792059e-01
3.3714898004e-01
2.0953812126e+00
1.7359105463e-01
-1.6708629027e+00
-3.4676401922e-01
-7.0494762857e-01
-2.3864029356e+00
-2.9111154215e-01
