-2.7584804333e-02 -5.1544677651e-01 -4.2502217192e-01 3.0441217182e-01 2.5208120525e-01 1.8676177010e-01 1.1069159387e-01 2.5839374644e-01 1.3851867199e-01 -1.6886940277e-01 1.6181181682e-01 -7.0436623663e-02 -3.1189197243e-01 -4.5990441971e-02 2.5386814258e-02 3.9314534448e-02
-1.7970501625e-01 2.1227117631e-01 -1.6626960830e-01 -1.0004985660e-01 -7.2712260661e-02 -3.8030125645e-01 -3.5718532793e-01 -4.7948658624e-02 2.6167872439e-02 -3.8844601280e-01 4.1069151180e-01 3.1808129751e-01 -9.2378545224e-02 -1.5890443879e-01 -1.2264958147e-01 7.1017362375e-02
8.2651219577e-02 -1.3592413477e-01 -9.1898444123e-02 -1.4273334922e-01 -2.8754652162e-02 -2.4824473998e-01 -1.0578013154e-01 6.1925867683e-01 -4.7665115707e-01 -3.3649943658e-01 9.7640789790e-02 3.9109423807e-01 9.9458678142e-02 -2.3064739874e-01 -1.7364795592e-01 -3.4994155137e-01
9.4311524247e-02 -1.8007468220e-01 -7.4569695331e-02 -3.4609106566e-01 -1.4840304834e-01 -1.2435651618e-01 6.2654210938e-02 -1.6087561170e-01 -1.8877394038e-01 3.8040978660e-02 6.3641825200e-02 4.7853501793e-02 6.9666611829e-02 -1.3983411375e-01 2.4192579390e-01 -7.2573217330e-03
-1.2274216965e-01 8.3225087581e-02 -3.2769558227e-01 -4.0610561447e-01 3.3448009960e-01 1.9937796526e-01 -1.4169823488e-01 -3.4581486395e-01 -4.6681885079e-01 1.9897060029e-01 2.1368948892e-01 -3.0050006716e-01 5.8574622424e-02 4.6929058576e-01 -2.4353013919e-01 1.4272884209e-01
1.0370219133e-01 2.8736665624e-01 4.5174868350e-01 -5.9707744009e-02 1.1896829001e-02 2.2324683466e-01 -1.0898672564e-01 -1.6771304884e-01 2.4766269465e-01 5.0446411279e-01 -1.5386636191e-01 -1.0244012815e-01 -3.7124564493e-01 7.1342770224e-01 -3.1513778410e-01 2.3656890118e-01
2.8078882192e-03 2.7015799120e-01 -2.3061124241e-01 1.1689861742e-01 -1.0583787209e-01 2.2205102936e-01 3.1209815746e-01 1.0496749242e-01 3.1351688481e-01 -1.0630278978e-01 1.1152525244e-01 1.4267443218e-02 -1.5887353697e-01 -8.4379606503e-04 5.8112879149e-02 -1.7190470506e-01
-4.5380779270e-02 3.1300224013e-03 -5.3838586120e-01 -3.3648366070e-01 2.9458561755e-01 -3.7830577417e-01 1.4806590021e-01 -1.6593358508e-01 4.5897074772e-01 -3.2651857046e-01 9.2526858432e-02 -1.7043389602e-01 -3.5472173588e-01 5.2289485414e-02 -5.7081017916e-01 1.6829752013e-01
2.8007482366e-01 1.6131639119e-01 -2.0204728800e-01 1.4193726448e-01 9.5997406426e-02 1.6947608340e-01 7.9572837381e-02 -3.7106590795e-01 -1.7750452620e-01 -2.8427302235e-01 9.0487159102e-02 2.7287597155e-01 3.9579867267e-01 -1.2315956005e-01 9.2328762268e-02 -2.3040614904e-01
-2.0987347657e-01 1.7419939058e-02 -5.1004044171e-02 2.8840873816e-01 -1.3001271559e-02 2.2517459527e-01 2.9483437394e-01 2.7952399386e-01 -6.5716415581e-02 -4.7254435091e-02 -1.4709174867e-01 -5.0360838595e-01 7.5133635670e-02 -3.1352556087e-02 3.7475494865e-01 9.5555818846e-04
2.7723285340e-01 1.3665473050e-01 -3.0572435392e-01 -3.7023435241e-01 1.3851605869e-01 -1.8996702701e-02 -8.6160910180e-02 -3.2860932169e-02 -3.4806310081e-01 -1.2809205469e-01 -2.8279114442e-01 1.6766474437e-01 2.1369232303e-01 7.1467007621e-02 -3.2540247483e-01 -2.7196556944e-02
1.4984200938e-01 -1.3526195348e-01 -4.5798797781e-01 -2.9156336296e-01 1.6307650555e-01 2.0876164825e-02 2.6513291511e-01 5.5034539015e-02 4.0695794551e-01 9.4212461928e-02 2.3099720306e-01 1.4796726681e-01 -2.9476303548e-01 -1.9081077601e-01 3.5759463610e-01 -2.6824420738e-01
-5.8728832645e-02 7.1233929022e-02 -5.7871638687e-02 -2.5573793918e-01 6.3649098292e-02 2.9699039334e-01 3.6702011671e-02 -1.8440323009e-01 -8.6735882796e-03 -2.3900528212e-01 -1.0549976588e-01 3.5382866173e-01 -2.8884622191e-02 5.1404630733e-01 -4.0205523997e-01 4.3939193690e-01
6.1278003139e-01 -1.3189206685e-01 3.1422440754e-01 -3.7253861592e-01 -1.3652907782e-01 -9.3115062358e-02 -2.9480356896e-02 3.2459363992e-03 3.3337919943e-02 4.3965559627e-01 -4.3384217446e-02 3.3188559946e-02 -2.1865197263e-01 -1.5774190053e-01 4.2263586449e-01 -4.7220622262e-02
-1.5446847647e-01 1.7604596666e-01 -3.5856746900e-01 1.7467517735e-01 1.8479794847e-01 -2.2263146913e-01 2.7006766777e-02 -1.3280801303e-01 -7.0107438387e-02 4.9753229039e-01 2.6706923139e-01 2.1859021545e-01 5.1316969041e-01 -1.0345642215e-02 1.7012784479e-02 3.4092588919e-01
4.6289703580e-02 -4.8751710602e-01 6.5684360366e-01 4.4040950364e-01 -1.7737901895e-02 -3.2381657608e-01 2.9155516793e-01 1.5196320694e-01 6.6157355724e-01 -1.1096337356e-01 2.0331032472e-01 3.6316160344e-01 -2.5942920609e-01 -4.9725611849e-02 5.4877833874e-02 -2.2860501523e-01
