7.8745121911e-01
2.3932754841e-01
-7.8293300260e-01
4.0472364398e-01
3.4174935812e-02
4.3582226262e-02
-3.8055131379e-01
-1.3328483994e+00
5.7633766355e-01
-8.3785934054e-01
1.2659897387e+00
5.7875480982e-01
2.9029904491e-01
2.1626836944e+00
-1.2013675676e+00
1.0027874274e+00
1.0962990007e+00
-6.7605433262e-01
-1.5821740264e+00
4.2283971169e-01
1.3136440409e-01
8.8477448376e-02
-1.7080518485e+00
-6.4053831919e-01
4.3567727675e-01
8.2379613232e-01
-1.4994544415e+00
9.0309498244e-01
1.5669663902e+00
3.1956692194e-01
-1.3437092195e+00
-2.4943680115e+00
