2.1202091671e-01 2.7951350186e-01 -1.6106558075e-02 2.7109563686e-01 -1.4713876861e-01 2.4282421615e-01 1.6237884896e-01 1.8061898687e-01 4.7824321197e-02 -7.3581014947e-05 -1.1089251837e-01 -3.0021360805e-02 -8.9731606641e-02 2.4170369092e-01 1.5052053545e-01 2.1818787523e-01 5.7218639217e-02 -4.2095303943e-02 -2.5442710966e-01 5.5482568544e-02 -3.4547670938e-01 -1.5574571779e-01 1.1967148289e-01 -1.4147158513e-01
1.0212620531e-01 -9.1974675404e-02 7.9295750634e-02 -1.2370926804e-02 1.1289247687e-01 -3.1133611747e-04 6.4620078760e-02 -1.3660476241e-02 7.3193874907e-02 -2.4866302444e-01 -2.2251919109e-01 -2.8168771388e-02 5.4405709087e-01 -8.8946132694e-02 1.4188575091e-01 -2.1075399013e-01 -1.6584585372e-01 -1.6297946117e-01 -1.5812819932e-01 -1.7798626993e-01 2.5327971665e-01 -1.0754890106e-01 5.2686367592e-03 -1.4231545550e-01
2.4571280392e-01 -6.2470466253e-02 -4.4546798367e-02 3.6786839262e-01 -1.0227920441e-01 -3.4633743683e-01 -2.5737199768e-01 -5.2585327997e-03 -3.0330805741e-01 2.1632066788e-01 -6.5157635362e-02 -1.2960830191e-01 -2.1100147162e-01 -1.1705618284e-01 1.0661429906e-01 -3.0758055444e-01 -2.6926447582e-01 -2.6546300060e-01 -1.2414864067e-01 -3.4357950355e-01 -3.4906816849e-01 6.4494300063e-02 -2.5955471591e-01 3.2388405004e-02
-2.6603590347e-02 -9.8563916521e-02 1.2111055777e-01 1.0444129932e-01 2.0540668711e-01 -8.6199037459e-02 -2.9051194268e-01 -7.5931593073e-02 -3.2074690988e-01 -4.2846488945e-01 5.8063401706e-02 1.6837024353e-01 -7.8798524006e-02 -1.7671608689e-01 1.0617677483e-01 -2.1924201402e-01 3.0948628714e-01 -2.8139955596e-02 5.1646210556e-01 -2.8711649104e-02 -4.1578853568e-01 7.9031241880e-02 3.2540774337e-01 3.7606358185e-02
1.5582336370e-02 2.8721391421e-01 -7.3788719149e-02 7.1096275102e-02 1.3918438598e-01 7.5349641201e-02 3.5977015364e-02 1.0467523166e-01 2.6726746824e-01 -2.6101668999e-01 1.6258643457e-01 6.4636127653e-02 1.9912234155e-02 3.6412470929e-01 2.9329958777e-01 -1.1766445801e-01 -5.2280543408e-01 2.4955931938e-01 -4.5756163036e-02 -5.1189642815e-02 2.6664107376e-01 -8.1918728167e-02 6.0291135780e-02 -2.2428943187e-01
7.0721702821e-02 1.4692080802e-02 1.0576807105e-01 1.6907094822e-02 6.4131895101e-02 6.9092789235e-02 2.2720967085e-01 -2.7223178476e-01 1.9887162477e-01 1.8100384336e-02 4.1123005173e-03 1.8210625265e-01 -3.0480720619e-01 7.4223224029e-02 -2.3647932292e-01 1.1725062239e-02 -3.3887946699e-01 1.6683851740e-01 -5.6044968113e-01 -1.0088041130e-02 -2.0504958800e-01 -2.8829538607e-02 -1.0515679606e-01 -8.7661950471e-02
3.8758132317e-01 -3.7344774597e-01 3.5359841592e-02 -2.6450093857e-01 -2.6632021390e-02 1.4216648469e-02 5.6854138362e-02 -4.2260186874e-02 -2.8004809700e-01 3.6400190969e-02 -1.7406846700e-01 -4.0491497551e-03 -1.8414976401e-01 -1.7614501348e-01 -2.3633735605e-01 1.8038843633e-01 7.7434294786e-02 -6.7473688078e-02 2.2275716448e-01 1.7172805349e-01 3.1333126707e-01 -7.3540749007e-02 1.2889654027e-01 -3.7906320759e-01
3.5277468046e-02 2.4374413619e-01 3.4094572729e-01 -2.9773717891e-02 2.8082504245e-01 7.1609684594e-02 3.3799767149e-01 -1.2028236978e-01 -6.6715751481e-02 -6.3746162412e-02 -2.9517686552e-01 4.2211565674e-02 2.9252487909e-01 1.0898000717e-01 -3.7661075695e-02 -1.5705922927e-01 3.5250973730e-01 1.3865151872e-01 -1.1918181262e-01 -1.3102745856e-01 1.6590171075e-01 4.5750088746e-04 -2.7126894047e-01 -3.2481380319e-01
-1.8017201846e-01 -7.7843762079e-02 -1.8383955562e-01 1.6860170899e-01 1.6959803375e-01 3.4067359141e-01 5.6739550948e-03 -4.0197753982e-01 -1.6963343189e-01 -3.6666190468e-02 -3.2766521900e-02 2.3430025445e-01 2.7320481432e-01 3.4446398461e-01 5.9525870800e-02 1.0281050103e-01 -3.0061771978e-01 1.5521444220e-01 4.7158873067e-02 -9.2533112513e-02 -1.0796106185e-01 6.6532866469e-02 -1.1000147147e-01 1.9319989216e-02
3.0941665501e-01 -3.1590813802e-02 -7.3407319209e-02 2.0863822229e-01 5.8504078903e-02 1.2620910373e-01 2.0837951624e-02 -1.1571439784e-01 1.4853535545e-01 1.3375843946e-01 -2.3075769736e-01 2.2779500318e-01 -1.9472212289e-01 -8.4557162620e-02 -2.3714568586e-01 -2.5177545133e-02 1.8022265155e-02 -1.2153032962e-01 -2.0094380900e-01 -8.0036391973e-02 -3.8934211446e-01 -2.0226067498e-01 2.2162020233e-02 -1.4399743069e-01
-9.6946496624e-02 -1.3371850467e-01 -1.4753662242e-02 2.6825509629e-01 1.5929196371e-01 -5.7098680832e-02 -7.1587738465e-03 -3.7468883097e-01 1.3764607120e-01 3.2383862516e-01 -4.0001828494e-01 8.0835662017e-02 1.0262287046e-01 1.7503564525e-01 -2.0452505629e-01 2.3817456257e-01 1.2691557434e-01 -1.1977989276e-01 3.5466275301e-01 -1.7688197897e-01 1.5049981287e-01 -5.2285975268e-02 -8.4324946906e-02 -1.8085595094e-01
-1.7277870393e-01 2.5785224404e-01 2.4588289474e-01 -2.1265942026e-01 2.1010344433e-01 -2.4424228028e-01 -1.7151017137e-01 3.0016147994e-02 9.2672114682e-02 -1.9518531264e-01 2.1073978870e-01 -1.4857414977e-01 5.8793472609e-02 -2.1165619801e-01 3.0027709351e-02 2.4623133288e-01 -2.1989772511e-02 -1.0003548214e-01 -2.3451455870e-01 6.1299353207e-02 -9.2905792852e-02 -1.7515622803e-01 2.7419059338e-01 3.0933008502e-02
2.7238228533e-03 6.4749288644e-02 9.5464292212e-02 -9.1010919157e-02 -3.9754304963e-01 4.3547441052e-01 3.2273242077e-01 -6.5367999151e-02 -2.2327001066e-01 -3.4253854673e-01 -5.5705434823e-02 2.5727415308e-02 1.5928957141e-01 -1.6998082799e-02 2.0676714463e-01 1.7865904152e-02 -5.6452697354e-03 7.3322523718e-02 2.0787483253e-01 -9.5310831289e-02 1.9544257255e-01 -1.1644284374e-01 -6.6699064680e-03 -3.9722930893e-01
-8.7192909866e-02 2.4646845673e-01 1.3031279855e-01 -8.2938232788e-02 -1.5674637757e-01 -2.1031575034e-01 1.8245038053e-01 -1.0824703145e-01 1.9281955100e-02 3.1406723188e-01 1.9766394643e-01 3.0457184323e-01 4.5438359165e-01 -3.5416101880e-01 1.3719009354e-01 4.7641966688e-01 -2.1875734549e-02 -1.2657232547e-01 -2.6105484272e-01 -2.6692025411e-01 9.5992619088e-02 4.7199076769e-02 -1.2173784703e-01 -9.0277819640e-02
5.1551060792e-02 4.4055658238e-02 4.0536654070e-01 -3.8037991534e-01 -2.7909942850e-01 -2.5238185509e-01 2.4524901097e-02 -9.0296604010e-02 -8.1931933328e-02 -2.3622521775e-01 2.5848259324e-01 4.4724315307e-02 -4.0386759874e-01 -1.1545711090e-01 2.3008764934e-01 2.3990111684e-02 -9.4208689156e-02 5.9289808393e-02 3.9917133083e-02 1.0092683768e-01 2.2221653455e-01 2.7230854754e-01 3.9137736221e-01 -6.4743367598e-02
3.9081216716e-03 -5.8452661598e-02 -2.2281061639e-01 -2.2166370890e-01 -2.4620651581e-02 -1.0538878081e-01 2.3616506364e-01 -2.0794893189e-01 2.0284267769e-01 1.6425461544e-01 -3.8569001159e-01 1.3637829517e-01 -2.7803476978e-01 1.1310696407e-01 -1.8351603019e-01 1.1926246941e-01 1.0367114326e-01 1.5137462209e-01 -4.4020362013e-02 -4.8609151891e-02 2.5904137148e-01 1.8951390451e-01 6.9406761237e-02 1.1947899585e-01
-1.8290045053e-01 6.9480455627e-02 -1.4437126938e-01 -7.8632336195e-02 -6.6295054404e-03 2.3071769168e-01 3.3545044779e-01 -4.8356107190e-02 5.6509097249e-02 -2.1506108789e-01 1.4533898624e-03 -1.4227598493e-01 -1.1107826180e-01 -7.1099055326e-02 1.0987888901e-02 3.8214918424e-02 -6.8474544168e-02 -1.1463816544e-01 -1.3276575654e-01 -3.1272358139e-01 -1.5618697936e-01 -2.3980505398e-01 -5.3177052722e-02 -1.6184279240e-01
-3.2762060069e-01 3.5375972232e-01 -2.0243792351e-01 1.5381132665e-01 -3.6345137448e-01 6.0800481816e-02 7.1753689163e-02 -2.2819679823e-01 -4.0268931554e-01 -2.2314591941e-01 1.9352963723e-01 2.5275759473e-01 1.5798026910e-01 -4.7044989630e-02 -7.2033288692e-02 4.0471235602e-01 -4.3593082838e-01 2.7412195374e-02 1.6224001155e-02 -2.5934681743e-01 1.5186899403e-01 2.1594223908e-01 1.8940996038e-01 -1.8641374737e-01
1.7632309773e-01 8.0066123867e-02 -3.0234533019e-01 -1.5612247778e-01 2.1778382219e-01 -4.3366264256e-02 -1.7481855217e-02 1.2726590351e-01 3.1414146104e-03 1.8455340807e-01 -6.1587209562e-03 1.2570461754e-01 2.5257484190e-01 2.2281523451e-02 3.3473195912e-02 3.5987497332e-01 3.7802735083e-02 -5.7624155765e-02 -1.4905529280e-01 1.2538917935e-02 -1.9625675945e-01 -2.0251528820e-01 1.9964031989e-01 -2.9874109637e-01
-2.2085418280e-02 3.6650847484e-02 1.9653927947e-02 -3.8747455656e-01 7.7920335330e-02 -7.7571778490e-02 -1.0048743474e-01 3.6676470679e-01 -4.0487100740e-02 -4.6362250529e-01 1.5132840612e-01 2.5937109661e-01 -1.0971370918e-01 -3.4402943650e-01 -1.0557563289e-01 4.4992480617e-03 2.0376162211e-01 1.9004716572e-01 -4.9060787175e-02 2.5727250804e-02 1.8073201943e-01 1.5964471029e-01 -6.9555921301e-02 2.4059877567e-01
-2.2669730692e-01 2.4123997305e-03 -1.6200218415e-01 6.3676665862e-01 -7.8585466311e-02 9.8002766307e-04 -2.1781711123e-01 9.4127731561e-02 -1.8314713289e-01 -2.5369669992e-02 2.0091403196e-01 -9.8731629858e-02 7.2026199624e-02 1.2406540710e-01 -3.4845684543e-02 1.4958435947e-01 -2.6614830057e-02 8.7890181813e-02 -8.1783095303e-02 -6.6912486361e-02 6.1341758349e-02 1.2775990415e-01 1.0470568201e-01 3.0667350762e-01
1.3514373147e-01 -4.7083168665e-02 -2.4370292878e-01 1.6033383673e-02 1.7419702889e-02 4.9632177542e-02 -8.3734550827e-02 -1.7926551972e-01 2.1132484038e-01 -3.3920294732e-01 6.0573620492e-02 -4.9229606848e-02 -1.5953075959e-01 -2.7808664661e-01 3.4336679914e-01 -2.3714756926e-01 -1.4934698250e-01 4.5747570651e-01 -1.2985781750e-01 -2.0701153324e-02 9.0428802316e-02 3.0590857799e-01 -5.1200902015e-02 -1.9907550349e-02
2.3767624950e-01 -8.8911784328e-02 2.3118370045e-01 2.1732765057e-02 3.2073420385e-01 -2.3718371047e-01 -3.5331857051e-01 -2.5161157172e-01 6.5193151126e-02 2.2832147406e-01 2.4432184797e-01 -3.1114895908e-02 2.0182597119e-01 2.1822383960e-02 4.3016954546e-01 -1.2969550351e-01 1.0948408828e-01 -4.6390126873e-01 9.1025395902e-02 1.3591004088e-01 2.5107492484e-03 6.3909379408e-02 1.0177105482e-01 -2.3064595117e-01
2.0068822950e-01 -6.2663574180e-02 1.1262114858e-01 -7.8380513359e-02 -2.1558900645e-01 4.1991419550e-02 1.7430464703e-01 1.4208864626e-01 1.6290082741e-01 5.6829535099e-02 1.2003473964e-01 4.3862843291e-02 -1.3347446994e-02 1.5970750097e-01 1.1718499725e-01 -4.5137659844e-02 4.0083588139e-01 -1.3000784983e-01 -1.0726000772e-02 1.6958978052e-01 9.0438993809e-02 1.6273058737e-01 -1.1440102044e-01 -1.3456339742e-01
