1.4696199676e-01 6.2956225695e-02 1.7094720765e-02 1.0413712972e-01 3.5561515808e-01 -2.2832867162e-01 -1.8083534617e-01 3.2611501395e-01 2.1761125342e-01 -9.0340490057e-02 -2.4476760911e-01 -2.0861174023e-01 3.0794494896e-02 1.0078228812e-01 -3.1615650188e-01 -4.2927934203e-01
4.1862954229e-01 -4.2788126357e-02 -3.2053702076e-02 3.1200180141e-02 1.5419626694e-01 -1.2100926886e-01 2.6079141867e-01 -2.7030850412e-02 -1.3356046621e-01 4.6502968397e-02 4.7167471011e-01 -9.4724358363e-02 2.1858728862e-01 3.1621905367e-01 -2.3513990772e-01 1.3470039112e-01
3.7027069922e-01 -6.6359624205e-03 -1.3910555424e-01 2.0793733758e-01 -1.1628883264e-01 1.4857078087e-01 1.1397620874e-02 5.1163178903e-01 -2.5094760672e-01 2.3726656678e-01 3.1166710769e-01 -4.4492179634e-01 -2.4808584755e-01 2.9267320357e-01 1.1414441008e-01 -1.6452686615e-01
-3.1673976031e-01 -1.4279906646e-01 -5.4171741475e-01 -2.5711917261e-01 -2.2320439886e-01 2.6431886436e-01 9.9209135060e-02 1.8558276540e-01 1.2409123472e-01 1.7528088370e-01 -6.0203214688e-02 -2.6809094563e-01 -1.0137181190e-01 -6.3634340336e-02 2.3830582507e-01 4.1984775245e-01
-1.7862031280e-01 5.1666333450e-02 3.9876252540e-01 -1.1287354923e-01 3.6664623288e-01 1.3093686117e-01 -1.5861866175e-01 3.4559163731e-01 4.6327636158e-02 -6.6356411141e-02 9.5471720448e-02 -2.4019494952e-01 5.4269464958e-02 2.0284801149e-02 3.8314119811e-02 -1.8057798124e-03
-1.2429111061e-01 7.9562744294e-02 -1.8293211857e-01 -2.8240761608e-01 -4.0994535988e-01 3.5920651833e-01 -2.8024522671e-01 4.1676653842e-01 -2.9458840031e-01 1.3109462725e-01 -3.7815277392e-01 -1.1161166511e-01 2.1466131979e-01 9.4466421297e-02 -4.6606374063e-02 3.2572518968e-01
-9.5467682633e-02 -3.6250731924e-01 -2.4816972678e-01 -4.0081003934e-01 -1.5542212712e-01 -7.0796964275e-02 -5.6910605732e-02 -1.1236995991e-01 -3.4302920765e-01 4.0830192952e-01 1.6768582646e-01 -3.4850252963e-01 -1.9169121131e-01 -1.5044201182e-01 9.1942491405e-02 3.2801825102e-01
-2.0367794033e-02 2.2806712963e-01 -5.6560495748e-01 3.4526744480e-01 -1.2347592526e-01 -2.6119820418e-01 3.3865689950e-01 1.4943504554e-01 2.1386481304e-01 -6.5473273711e-02 -4.2984439545e-02 3.4123114771e-02 -2.5832130789e-01 -7.4669137295e-01 9.2327673025e-02 -9.2399151781e-02
-2.0804464288e-01 2.2204182136e-01 -2.9254801231e-01 -3.0365104932e-01 -3.8251326155e-01 9.0044930078e-02 8.2126117244e-02 6.1710857284e-01 8.2357444275e-02 3.1841922443e-01 1.6138321613e-01 -1.4168288087e-01 -2.0035430758e-01 -3.4557928932e-02 4.7821045972e-01 -1.7889180906e-01
3.4018628465e-01 6.9275213956e-01 -4.2109488142e-01 -4.7159557391e-02 -5.2375924873e-02 4.6558644446e-02 -1.4882870341e-01 1.0274931519e-01 6.7841747854e-02 -5.3387131396e-01 -1.7072916143e-01 -5.3651345508e-01 -2.9135755074e-01 1.3781782613e-01 -1.7523557194e-01 -1.4024799082e-01
-5.6906939517e-01 -1.0019491792e-01 -1.9263602619e-01 3.7078569232e-01 1.1806674859e-01 2.8424884001e-01 2.3356938374e-01 -4.2546174865e-02 -2.8378678034e-01 -8.9001835032e-02 -3.1345567159e-01 -1.8224701197e-01 3.5409782751e-01 -2.4099243953e-02 -1.3920219306e-01 3.8858241075e-01
3.2123050255e-01 2.7821558695e-01 1.9426300163e-01 4.2455236199e-01 -3.1275717661e-01 1.3442922972e-02 7.8989156463e-03 -1.7571848636e-02 -3.7628698623e-01 1.1173072878e-02 -2.1284070336e-01 -2.4719182547e-01 2.9127006636e-02 -3.1669982897e-02 3.2815085024e-02 4.3006316194e-01
4.1375144802e-02 4.8944741574e-02 -1.7184579871e-01 -2.3720357300e-01 6.9176167539e-01 3.0121166494e-01 -3.9845336127e-02 1.6354269687e-01 4.1437782123e-01 -1.1192982056e-01 -2.9996807972e-04 -3.8607632050e-01 9.8922173451e-02 5.6966387346e-01 1.4332474841e-01 -1.6569004110e-02
-5.0006989610e-01 -8.1934062545e-03 4.2040581228e-01 -1.9693897902e-02 1.2205588478e-01 -1.3433855963e-01 -2.2030464291e-02 1.2356830625e-01 4.7673304095e-01 -2.2606258505e-01 -4.0655587797e-01 1.0745047071e-01 1.6726825247e-01 -8.6865042339e-02 2.8548038907e-02 -1.4402399393e-01
-4.4345088720e-01 -6.6858047183e-02 -5.2813712152e-01 1.3798847820e-01 6.8729885395e-02 -1.4949351969e-01 1.4661373419e-01 -2.6347155451e-01 6.9347742954e-01 1.7641496022e-02 -1.0786246017e-01 -5.2898457406e-02 -1.0346517182e-01 -6.3707785842e-02 -1.4457114718e-01 1.8940696926e-01
1.0311079570e-03 -1.0540792825e-01 -2.0853384272e-01 -2.0792647784e-01 -2.4553270367e-01 -8.5141033292e-01 -3.2802392066e-01 2.3110405835e-01 -4.2116249609e-01 5.1115667081e-01 -2.7728060073e-01 -4.4410969910e-01 -2.7388707972e-01 -5.2386025164e-02 2.4195613503e-01 -6.7178142918e-02
