1.5324934493e-02 -1.4984285515e-01 -3.3945606835e-01 8.2723073734e-02 -2.2627882393e-02 8.0510194743e-02 1.6408453956e-01 -1.2241415805e-01 2.1161422815e-01 9.1206222009e-03 -6.9672153999e-02 -3.1343211537e-02 -1.5466485032e-01 -3.5846827128e-02 -2.6226168772e-01 4.2982510694e-02 -4.0525843210e-01 -1.7595482155e-01 4.2354853312e-03 -5.2231745587e-02 -2.9142220740e-01 -1.3118313734e-01 1.9185283397e-01 5.0297551719e-02 -2.3472261086e-01 2.8123610557e-02 -1.3030919764e-01 7.3216165128e-02 -3.0255729895e-01 -1.6008196976e-01 1.2453537424e-01 -3.4081774713e-01
-3.5122162747e-01 -3.5613657210e-01 2.5232502802e-01 1.8130402858e-01 -1.2559878222e-01 -4.8935489940e-02 -1.5210406646e-01 1.7600471588e-01 -8.3976574507e-02 6.4898202329e-02 -1.6833439126e-01 1.9457478715e-01 -3.5704585995e-01 -7.3411508343e-02 1.2985339335e-01 7.4534591383e-02 4.1092181905e-01 5.1164357113e-02 -7.4597203091e-02 -7.2541099627e-02 2.3479239014e-01 -1.0161634542e-01 4.4627771831e-02 3.1092784392e-01 2.4440591761e-01 5.1218080182e-02 1.0064910293e-01 1.6752455170e-01 2.3659869757e-01 1.4126842950e-01 1.8134872147e-01 2.3330106495e-01
-3.7925284178e-01 2.4769490146e-02 -1.0072156331e-01 -6.8860319980e-02 -7.1311825349e-02 5.0825126788e-02 1.9006401488e-02 -1.3617443939e-01 2.6796135171e-01 -8.4818514850e-02 1.1080280657e-01 2.9542568865e-01 -3.7729574930e-01 -1.5705736947e-01 -5.7038520185e-02 1.4345795060e-01 -4.8012626317e-02 1.2097332754e-02 4.8984971064e-02 3.2936232688e-01 6.8569352310e-02 5.9167736223e-02 -1.2088195475e-01 -4.5964441752e-02 -4.3040053717e-02 1.2968777820e-01 2.3952985027e-01 9.2410864739e-02 -2.9922869762e-02 9.7273965029e-02 3.1751429396e-02 -8.5791112966e-02
1.7388511474e-01 5.3509203189e-02 -2.3524597766e-01 -5.4284740785e-02 -8.0768695565e-03 -2.1412478717e-01 -8.5755471366e-02 1.5777910393e-01 2.0944246151e-01 -1.3343164590e-01 8.3604907272e-02 9.6730341913e-02 3.8048864310e-02 1.0208670222e-01 2.6875066570e-01 9.8174396258e-02 1.1873897964e-01 -1.0606452659e-01 -1.6740083025e-01 2.8564764048e-01 1.3194941332e-01 2.7135855277e-01 -1.2008085836e-02 -2.9151039192e-01 -2.1831512934e-01 -1.4507683038e-01 -1.6925247330e-01 -1.0294581657e-01 3.7712410208e-02 1.4627912942e-01 1.2779173780e-01 6.3719850338e-02
1.2164822727e-01 9.6473263702e-02 1.5484656381e-01 8.0915921643e-02 -2.4488958480e-01 9.4784005364e-02 -1.2304375355e-01 1.0507302161e-01 -4.8159250136e-02 1.7516635089e-01 2.7419642072e-01 8.4833522720e-03 -3.6644471496e-02 3.5304884212e-02 8.4237923841e-02 1.5869049471e-01 2.9643745210e-01 -1.2016865724e-01 1.7782183875e-02 -2.8758035650e-01 2.5525829653e-02 8.2843149455e-02 -4.8039328777e-02 1.5424977701e-01 -1.5185703768e-02 -3.1175005946e-01 -1.2043225902e-01 1.5533283421e-02 1.0676365020e-01 -1.4640795528e-01 -1.9030307566e-01 2.4528398053e-01
2.9824942832e-01 -4.3357682462e-02 5.8865367338e-02 -9.1449619230e-02 9.7550516517e-03 3.7794075704e-01 -3.6463480728e-01 3.4658421935e-02 9.0134157690e-02 -8.1955584481e-02 -1.4992821307e-01 -4.5201286731e-02 -6.9942857130e-02 -5.2011539135e-02 -1.0268244190e-01 -6.7550513767e-02 9.2339632381e-02 -3.7707094207e-02 1.8531774114e-01 -8.4288154320e-02 -1.4658995796e-01 -1.6589214066e-01 4.7682380086e-02 1.0627761811e-01 1.1196663020e-01 -2.2719085365e-02 -7.3021524062e-02 -1.7784190648e-01 1.5541028251e-01 3.2796463294e-02 -9.7773971125e-02 1.8365294109e-01
-9.8886806260e-02 -9.5394273202e-02 9.8568281359e-02 1.6127868664e-01 -2.0398770515e-01 1.9626514524e-01 8.4006488521e-02 2.9741622757e-01 2.6283285910e-01 1.0833800069e-01 -1.0994237276e-01 1.1309397825e-01 1.8000396526e-01 1.9389758564e-01 1.7447701707e-01 2.4904846362e-01 5.1121577367e-02 -1.8942850565e-01 2.3342143131e-01 6.7459959773e-03 1.1903640489e-01 -5.3549312388e-02 -1.2688293398e-01 7.2888774369e-03 1.0825942372e-01 3.3011732361e-01 4.2784263880e-02 -3.0014891090e-02 -2.5582483170e-02 7.5672026298e-02 3.3759850076e-01 -1.1359420795e-01
-2.5433717158e-02 -8.3109001961e-02 -1.1120630897e-01 -3.1025643176e-01 -5.2725941076e-02 4.3477778937e-01 -1.8308951252e-01 1.8724003819e-01 -2.3157276442e-01 5.5329865710e-02 1.3370682405e-01 -4.2903511145e-02 -8.4796685225e-02 2.8791786544e-01 -1.2884336422e-01 -1.6588173111e-01 5.5606689063e-02 7.9859400811e-02 2.2803125590e-01 2.4914416772e-02 2.2287339714e-01 -2.6080328867e-02 3.3968687531e-01 1.5679266778e-01 5.3993542530e-02 1.5087505040e-01 -2.4031404432e-01 -1.8081332989e-01 1.1366586275e-01 2.3745332658e-01 -1.3670106464e-01 2.4985967161e-01
2.9426768280e-01 -7.5316725148e-02 1.3788134979e-01 1.2795103803e-01 -1.1476500922e-01 -4.7889111405e-02 3.3975515933e-01 -2.6221273121e-01 -3.7991072400e-01 -4.4153001836e-02 -7.4883145579e-02 2.1988637522e-01 2.4103075442e-01 5.6038111135e-02 -1.1378938304e-01 6.9924239369e-02 -1.6643730219e-01 -1.8843428310e-01 1.0794061783e-01 -1.4426605170e-01 -1.1024916145e-01 1.9162600597e-01 1.8014491166e-01 -3.0083009689e-02 -2.6219609596e-01 -2.1741694650e-01 5.4819291669e-02 -1.4167682471e-02 9.0828703078e-02 -1.6257002809e-01 3.8176127929e-02 3.0465242169e-02
-1.9302716637e-02 -2.3968584824e-02 1.1424733957e-01 7.9831764890e-02 1.2289019658e-02 -1.0690592939e-01 -3.8583205380e-01 1.5083967474e-01 -8.0014345216e-02 -3.0684766621e-01 -2.5289615570e-01 1.8107587401e-01 -1.3378430278e-01 1.2345227087e-02 2.0125080185e-03 -1.4022506218e-01 1.0539807510e-01 -9.3550383869e-02 2.6406693272e-01 -1.2849688832e-01 1.9037541334e-01 6.2793122211e-02 6.2067867003e-02 2.3171093698e-01 1.2074004913e-01 -2.0658423412e-01 7.0703154114e-02 3.5627470464e-01 1.4992369861e-01 -2.7795192517e-01 -4.2850117854e-01 7.0528433675e-02
6.8341505353e-02 -3.3293564694e-03 1.5782798755e-01 2.9268117934e-01 -1.4690896243e-01 -2.4738282702e-01 -1.5823478886e-01 -1.1991755863e-01 1.3984962363e-01 3.2742250400e-01 2.1099488410e-01 1.0054438901e-01 7.5917378864e-02 1.7050763177e-02 3.8116546896e-01 2.1663698421e-01 3.0364086402e-01 1.8145538768e-01 -2.4965538742e-02 1.7024630168e-01 -1.7970562350e-01 -2.3161148638e-02 1.0050474860e-01 7.9215358121e-02 1.3840139677e-01 4.3277499273e-02 2.5692603023e-02 -2.3273116503e-01 -5.7480351218e-02 -3.7664245471e-02 -1.5547647722e-01 -3.7282998014e-02
-4.0756140410e-02 -8.3520479947e-02 -4.2902190205e-01 -1.6005424235e-01 -8.3861448014e-02 -3.4393092291e-02 4.5345357509e-01 1.6354569072e-01 -3.9337905337e-01 2.1026219901e-02 1.6203236467e-01 2.7117767327e-01 2.7315955999e-02 -1.3886563762e-02 -2.8415050048e-01 -2.6828514447e-01 -2.6693978220e-01 1.0996734705e-01 -1.5864754672e-03 -8.8242304885e-03 -1.2175560816e-02 2.1982672340e-02 -1.4433743526e-01 -3.9493565422e-02 9.6004215292e-02 -9.3816161041e-02 2.0396038022e-01 -9.1720767386e-02 6.5451904661e-02 1.3844026614e-01 -6.9972027787e-02 5.1562571509e-02
-1.8989301568e-01 4.1927197192e-01 3.0575359590e-01 -2.5556871436e-01 7.7674109825e-02 3.5164648065e-02 -1.2983810649e-01 1.1242444819e-01 -6.6257507214e-02 1.4532261039e-01 -4.4249834092e-02 1.8249232501e-02 -9.7694268117e-02 -6.0467623866e-03 -1.5427117026e-01 -7.6539203249e-02 -5.8782270065e-02 -6.8952859516e-03 -6.7148440703e-02 -2.8806798751e-01 -2.0873766728e-01 -2.4439550270e-01 1.3634713215e-01 8.4917366662e-02 1.5331441856e-01 1.3902453527e-03 1.5703616227e-01 -8.1749228603e-03 -5.5464371769e-02 -1.0066441774e-01 9.5064200668e-02 -9.7843546127e-02
-3.9012376392e-03 1.2301834080e-01 1.7343561234e-01 1.9431380690e-02 -6.5393433199e-02 -1.3035884572e-01 -7.5985414854e-02 6.0920480264e-02 3.3798388430e-01 -1.3681439352e-01 8.6087611839e-02 4.6467618671e-02 1.5382370663e-01 6.6648257699e-02 1.1465272303e-01 -1.8564570361e-01 5.4660971193e-03 -3.9460217095e-01 -2.3316370088e-02 -2.5586415812e-01 -2.1681405078e-01 -2.0042383005e-02 -1.0422882108e-01 -1.9204878221e-01 2.9446311246e-01 2.1018176550e-01 3.2786141788e-01 1.9762927162e-01 -5.0590569045e-02 5.8275863641e-02 2.4207382620e-01 3.9629599577e-02
-4.0030893129e-02 -8.4828562367e-02 -1.7933909477e-01 1.6604911134e-01 -9.4747460670e-02 -2.8288840590e-02 -6.2301938151e-02 -2.5484084155e-01 -2.3689531219e-01 -1.8501488949e-01 2.7282627738e-01 2.7046986441e-02 1.2419105662e-01 -9.1940266908e-02 5.1402478895e-02 -1.6152925726e-02 2.6466729893e-01 1.2738747904e-01 6.0153800985e-02 3.9177459677e-02 -1.3624148988e-01 5.4390582483e-02 -9.9811397618e-02 -2.7731407609e-01 4.6760575636e-03 2.1240647724e-01 4.4244044470e-02 6.2184307578e-02 -1.4027367449e-01 -1.0211197586e-01 2.0185323964e-01 4.0785353918e-01
-2.5676768610e-01 1.7135978121e-01 -1.9107893341e-02 1.7954090534e-01 1.0793828683e-01 -1.2876053412e-01 -1.7853970856e-01 -4.5545942432e-01 -4.1164766814e-01 4.7465172268e-02 -2.4317534495e-02 -1.8602089420e-01 -3.7292989162e-04 2.5217881214e-01 7.9869823837e-02 6.1172232841e-02 -9.7362905174e-02 8.3553493767e-02 -1.1132470495e-01 3.4584527748e-01 1.0002111425e-01 1.0364911969e-01 1.0587099459e-01 -1.5815652761e-02 1.7382474408e-01 -7.5281506078e-03 -7.0182372122e-02 3.0198878873e-01 6.9424436308e-02 -4.4570849120e-01 -1.5587239542e-01 3.7978089808e-02
-2.8049939709e-01 2.0308007363e-01 -1.8934539636e-01 -6.1508515159e-02 -4.3305669171e-02 2.3015064616e-03 -1.7152961322e-01 -1.6082558960e-01 3.0992738183e-02 -7.0872793628e-02 2.0852086779e-01 -1.0219901227e-01 -2.9558349220e-02 3.5182796307e-01 -2.6841084271e-02 -2.7310864892e-01 6.7709570644e-02 2.9228624721e-01 -3.2425666156e-02 1.6086140558e-02 5.7352641093e-02 -5.7080693164e-02 -2.4252619739e-01 4.8475087194e-01 9.3134214241e-02 -1.3234316818e-01 -3.1910545250e-02 3.4183951159e-01 7.0661224278e-02 2.4423479385e-01 3.4551223009e-01 -2.8591996001e-02
-1.7431168175e-02 1.3330774625e-02 6.2632578507e-02 1.0218727490e-01 -3.1233641058e-01 -1.6098342731e-01 -1.6537610375e-03 -7.6826730542e-02 -2.1874171268e-01 -2.6454743949e-01 2.6150158202e-02 -2.9739750440e-01 1.8265586310e-01 -1.1248971094e-01 -2.1080099805e-01 1.2763951701e-01 2.5484358798e-01 -2.5338186736e-01 -1.2245512471e-01 1.4394993457e-01 -9.4549037272e-02 -6.3285419951e-02 -9.5449202775e-02 -8.2022293207e-02 -1.3036883842e-01 -3.5113263559e-02 -5.3903200474e-02 5.8560047460e-03 3.2521592848e-01 -2.3978560641e-01 -3.3961897944e-01 1.5310254842e-01
2.8225068920e-01 -1.5620172823e-02 7.4326484120e-02 -2.3478044624e-01 5.6520486434e-02 -9.9292257988e-03 2.2167583744e-01 -6.2581478907e-02 -3.1882699326e-01 -1.0142305291e-01 1.6010184822e-02 -1.5290100650e-01 -9.4475864630e-02 3.0106325324e-01 5.1619939081e-02 -7.5733263866e-02 4.8548418364e-02 2.9078245901e-01 -3.2730049795e-01 -2.7649911116e-01 6.8696064331e-02 4.3904429020e-02 -7.7300244247e-03 -2.5635936015e-01 -3.6679067038e-02 1.4290641546e-02 -1.0236124232e-01 -1.1502997424e-01 -7.1760815262e-02 3.4424894858e-02 -1.7428046233e-01 9.0993612008e-02
-1.4566576693e-01 1.0663621202e-01 -7.9222007518e-02 3.7736645297e-02 2.3154733423e-02 -4.6077201045e-02 -1.8009299558e-01 1.4424539223e-01 -1.3405259302e-02 -2.2017509904e-01 -2.4056037164e-01 2.4081174745e-01 4.1844927318e-02 -1.1199951722e-01 2.5682964499e-01 -3.2757878605e-01 1.0338817199e-01 -2.0782225030e-01 -1.5674628482e-01 -6.2636996065e-02 -6.5779131625e-02 1.7907448260e-01 -1.1988079580e-01 1.7777068415e-01 -2.3349437396e-01 1.6940086044e-01 -1.3463428321e-01 1.6182495296e-01 -6.9481595087e-02 1.6271991359e-01 -7.3927738538e-02 -2.8937169234e-01
-1.0620401476e-01 -1.8619347758e-01 -1.2088377879e-01 -1.6848463154e-01 -8.1741301555e-02 -1.4915837055e-02 -6.2443694179e-02 -1.8899690701e-01 1.8559190383e-01 1.8454093232e-01 -3.5185137625e-01 3.7726182471e-02 -4.1026990447e-02 -1.9735702128e-02 -1.1125922595e-01 1.4118456910e-01 -9.6674721677e-02 1.9422498066e-02 -2.6229860605e-01 -7.6707037932e-02 -4.6512334891e-02 -6.0241421067e-02 9.7203511306e-02 2.2319469838e-01 -4.2639773060e-02 5.8214116018e-03 1.0043558549e-01 -6.1066410476e-02 5.0753431610e-03 -1.8165394340e-01 -2.3994743919e-01 -1.0813242121e-01
-7.8938895563e-02 2.1950228707e-01 2.9458534465e-03 -2.2888646995e-01 -1.7052782139e-01 -4.8884846456e-04 1.3238859835e-01 1.4396998753e-01 -2.4776017100e-01 -9.4192971140e-02 4.0280140802e-01 8.5844148339e-02 1.2115662888e-01 -7.7581689708e-03 -1.6225705689e-01 -1.4258964693e-01 1.3249696047e-01 -2.2489118685e-02 -2.1708210964e-01 -2.1937427107e-02 -1.9418036870e-01 2.6323037249e-01 1.2333079360e-01 4.5234237234e-01 2.8348831163e-01 -1.1764821271e-01 1.9953880774e-02 1.2716705561e-01 6.8573630429e-02 1.3867057736e-02 -2.9704353049e-02 -4.8054689697e-02
2.8303396333e-02 3.2942406836e-01 -9.7664215854e-02 1.5699251040e-01 2.2836970706e-02 2.3598277264e-01 -2.9456557447e-02 -9.2355994382e-02 8.7256645882e-03 -2.6006602274e-01 1.6610624969e-01 -1.3219288721e-01 -4.5672281215e-02 6.9784694442e-02 -1.3448343736e-01 -2.6711003944e-01 -1.2284274653e-01 -6.9520549086e-02 1.0465377292e-01 -3.1725766356e-01 1.3205915693e-01 1.9217112735e-02 -3.5745258692e-01 -8.4810775360e-02 -1.4418310940e-01 1.0847819315e-01 -1.9107031823e-01 3.9182028002e-01 5.2351664074e-02 -8.4185899390e-02 3.4434411658e-02 -9.0466356159e-03
2.0852835468e-02 3.5818627851e-01 -1.4606857202e-01 -2.0298859824e-02 1.4486902322e-01 3.7775132629e-01 -1.6679401900e-01 1.0888178748e-01 2.4446026461e-01 -8.6690650850e-02 2.4037235247e-01 3.5931000900e-01 1.7165299909e-01 -2.1606499696e-01 2.5314313443e-02 -4.4359706318e-01 -8.6424327274e-03 -1.6851611825e-01 -4.1189860464e-02 2.4600657640e-01 4.8235987479e-02 5.6455310766e-02 -3.5265416195e-01 9.1343011056e-02 6.2149217555e-02 -1.0549571645e-01 -1.3785196486e-01 -2.5021589906e-01 4.0711602151e-02 -1.0670962476e-01 -7.2753714116e-03 -2.3406845062e-01
1.9342457726e-01 -1.5527073363e-01 4.3591863791e-01 2.3313166653e-01 -6.4645096977e-02 2.5643199011e-01 3.9371145456e-01 -2.5017206402e-02 -1.7954845285e-01 2.1572411212e-01 9.5103525257e-02 5.6737042258e-02 1.4062385380e-01 1.1107864243e-02 -2.8205162220e-01 3.6796197862e-02 1.5809932029e-02 -1.7577646406e-01 -3.1835278238e-01 3.1482581079e-02 9.6689782040e-02 1.9164280897e-04 6.9165907288e-02 1.3940795037e-01 -3.9974860018e-02 8.2443456325e-02 -2.8087379639e-01 -3.2017278537e-01 4.0336661468e-01 1.2548866340e-01 5.3052621278e-02 -5.5872558927e-02
-5.3859434981e-02 -7.4148563338e-02 -1.0930634586e-01 2.8994756815e-02 -1.1155476325e-01 8.4391336739e-04 3.6153894095e-03 -9.0332637877e-02 7.9342654628e-02 4.2609554282e-01 -5.9490534334e-02 9.7854420890e-02 -2.0648446376e-01 -2.7517352649e-01 8.8232423546e-02 -3.3099004621e-01 -1.1155545250e-01 2.9338467147e-03 -1.1383678991e-01 3.3773485863e-01 5.7282378276e-02 -1.8489401654e-01 1.7296620896e-01 1.3132711683e-02 2.4320759734e-02 3.6780902965e-02 1.0489083275e-01 1.7779635241e-01 -7.2484372687e-02 -7.1666254767e-02 -2.4358892053e-01 2.5606493490e-01
1.1933931612e-01 -2.0358374937e-01 1.3537960500e-01 -4.8995955905e-02 6.0575298018e-02 -3.0220789556e-01 -2.0053660806e-01 1.1512365468e-01 1.0594496398e-01 2.6739087488e-01 -1.9526751556e-01 -4.0601715651e-01 8.5517462185e-02 2.8544515768e-01 2.0877182825e-01 -1.4592606389e-01 -2.0985832393e-01 -1.1097929524e-01 1.7273820416e-01 1.9848121643e-01 2.3089605695e-01 3.3138055967e-01 -9.4022465331e-03 -2.6436283742e-01 2.3284173496e-01 2.1741688383e-01 1.4343930451e-01 9.7033675079e-02 1.8236448874e-01 1.0681323229e-01 1.4004484932e-01 4.5162017292e-02
-1.1723344463e-01 1.6731706070e-01 -7.7714313493e-02 9.2822155501e-02 -1.3443460048e-01 3.5662205375e-01 1.1773019040e-01 -1.2364591523e-01 -8.1541695723e-02 2.4700850279e-01 -1.2776795194e-01 2.6102455601e-02 -1.9692522409e-01 3.4132586787e-02 -1.2980901648e-01 -1.5317080191e-01 -3.5181827771e-01 6.0262178738e-04 -4.7163288745e-04 1.1856452764e-01 -1.6522946659e-02 4.3930299060e-01 -2.8730692902e-01 2.2686221102e-01 -2.7424964962e-01 1.8311486550e-01 -1.7311965107e-01 -1.9266883122e-01 -2.1802925661e-01 -2.5193274299e-01 7.1665850365e-02 1.5595986301e-02
4.7720882424e-02 7.5575586230e-02 1.2515557324e-02 1.9575718649e-02 -1.8083745665e-01 2.1003776111e-01 -1.2270933535e-02 -6.2579280243e-02 3.2448128334e-01 -2.2578309727e-02 -2.6375049097e-01 1.3962801659e-01 8.2682804834e-02 -8.6448505145e-02 1.8354192820e-01 -4.2136080351e-02 1.2770202367e-01 -2.0034098227e-01 2.8268694243e-01 2.9166901846e-01 -1.3717519508e-01 1.1248881132e-01 -5.6092180540e-02 -2.7480288970e-01 -8.7397600381e-02 3.3126363686e-02 -5.9092618591e-02 2.2018433516e-01 -1.7377253105e-01 2.0900431319e-01 -1.3182437801e-01 -3.1168045958e-01
-7.0764817653e-02 3.0691481979e-01 1.4313512779e-01 -1.9400681770e-01 -9.4613703269e-02 5.2890690880e-02 6.8824284894e-02 -3.6235957239e-01 1.0593598317e-01 -3.7619294949e-02 6.1871821930e-03 2.7310768474e-02 -3.1751003707e-01 -2.2645926146e-01 5.8691510193e-02 9.1849807174e-02 2.0195881292e-01 9.1103780077e-02 -1.0727811980e-01 -2.8460882239e-02 -3.5881683659e-01 2.3664489670e-01 1.1367282861e-01 -1.7274768016e-01 1.6690754403e-01 6.1416393394e-02 1.2845547444e-01 2.0881310691e-01 2.0555525213e-02 -2.5076516411e-02 2.0587254781e-01 -2.6837194735e-01
3.1204239873e-01 1.2517740279e-02 5.4949967252e-02 -1.8105612997e-02 -5.0015093909e-02 5.8232657798e-02 -1.3885010554e-01 3.3159245919e-01 1.1549956202e-01 -2.9238503050e-01 1.6196839383e-01 -6.9063008923e-02 -1.4375675468e-01 -8.6264756835e-02 -2.1294122955e-02 1.3916668427e-02 1.2588404064e-01 -2.4469005411e-01 -1.4261654183e-01 -2.2339555238e-01 -1.1408100281e-01 1.3332593533e-01 1.7385641159e-02 -1.1560058385e-01 -2.0216472110e-01 -3.6462796628e-02 -8.0749846834e-03 7.5599802136e-02 -1.1676313100e-01 -6.6348727359e-02 4.4475124607e-01 -1.3899458341e-01
1.4125661610e-01 6.9338368772e-02 2.1022560827e-01 -4.3486529627e-01 1.2796102593e-01 -1.3615089518e-02 -3.0501806373e-02 -7.7473447619e-02 -2.3445761751e-02 4.1424496364e-01 5.1632310150e-02 2.2267141828e-01 -2.5269844860e-01 2.3502336621e-01 -5.3714873917e-02 -1.7862888205e-01 1.1570616034e-01 -1.1445707914e-01 3.9888959137e-02 3.3481306368e-01 1.4975498993e-02 3.6210807420e-01 -3.0170368525e-01 2.0746961972e-01 -3.9654949610e-02 3.1715482079e-01 4.1311403725e-01 1.3756405752e-01 4.5802990343e-02 1.3895195979e-01 -2.6511977485e-02 1.6950636342e-02
