-2.6644478692e-01 -2.1325314098e-02 1.0765851866e-01 3.7213245973e-01 5.2322562468e-02 4.9235873346e-01 -2.1239392869e-01 5.9740592385e-02 1.7857671316e-01 -4.4504644139e-03 -4.9828268236e-02 2.4519703290e-01 -1.4849591415e-01 2.1012555055e-01 6.3955984498e-02 -1.3880650290e-01 3.0198608856e-02 -1.7689612844e-01 -1.4062111739e-01 -7.7470022978e-02 -9.2851390912e-02 7.2037229876e-02 -3.3429413514e-01 -2.8640256301e-01 -1.4457545043e-01 -3.9450142505e-02 1.7202380812e-01 -8.2249350345e-02 1.0068551361e-01 5.5076210289e-02 8.1851487971e-02 -1.7333112675e-02
-3.0004802159e-01 1.3639571152e-01 -2.3879708049e-01 -1.7491697837e-01 -8.0483464890e-02 1.8178728785e-01 -1.7700982202e-02 -7.1046754143e-02 -2.9858466867e-01 1.1542375048e-01 2.2288979742e-01 -2.8191731091e-01 -1.3962530897e-01 1.3136558612e-01 9.3752823184e-02 -9.4863992919e-03 7.6967304664e-02 1.0736061998e-01 -4.3315377268e-02 -6.2084085672e-03 -2.6273649271e-01 -2.0064222032e-01 1.1322716161e-01 1.0129339474e-01 -1.9531740251e-01 -5.5930786454e-02 -3.4794812453e-01 1.5841644586e-02 2.5889289923e-02 -1.8816567566e-01 -7.7887350877e-02 -4.9503764746e-02
3.8707073337e-01 2.7081762861e-01 1.1008369696e-01 -4.9404047268e-03 -4.8055125110e-02 -2.9772689299e-01 -1.4660356171e-01 1.2219448096e-01 -6.4484809475e-02 -2.3483127102e-02 -2.1551262081e-01 -5.3489658779e-02 -2.7764292688e-01 3.4530981400e-01 8.7165412144e-02 1.7288799775e-02 1.6657310286e-01 4.2138983463e-02 1.1315022686e-01 -6.4310786212e-02 -2.7102272352e-01 3.5153367450e-02 -2.8532679256e-01 -5.3557917574e-03 -4.6760916501e-02 -6.5595186798e-02 3.1345404213e-02 -2.3523832532e-01 1.9293759831e-01 -1.8353657843e-01 1.6339042399e-01 8.9890408831e-02
1.6176353345e-01 -4.0120356679e-01 -1.3758768539e-01 3.2348933817e-01 1.8510478427e-01 -5.2128278109e-01 -9.6213562150e-02 1.6971819376e-01 -1.9268382588e-02 -8.6309136772e-02 1.7826045175e-01 -3.1173051786e-01 1.2397977878e-01 -2.9550699369e-02 2.4280330359e-01 7.6641214744e-02 -5.0010477114e-02 -1.2086143083e-01 1.6112954963e-01 -4.1267371563e-02 -1.1639764779e-03 -6.6699835417e-02 3.3426805365e-01 2.4726160533e-01 -8.9358238982e-02 -1.2839652885e-01 6.4616717676e-01 -2.7596192997e-01 -2.8950798319e-01 6.0479231022e-02 1.5138309200e-02 -3.2565448179e-01
-2.6074813746e-01 8.3605177241e-02 -9.0919463572e-02 -1.1134191792e-01 -1.2779124477e-01 6.5504999860e-02 2.5444775788e-01 -3.5002272619e-01 2.2140736841e-02 -2.2939987065e-01 -1.3927418044e-01 -6.8742670635e-02 1.8643371183e-02 7.9932031684e-02 -2.9050001516e-03 -3.5388119840e-01 -8.3418130653e-02 -8.4066388856e-02 3.1327873873e-01 2.2020747050e-01 1.7481967642e-01 -6.1729685760e-02 6.7353550526e-03 2.0151492227e-02 -2.1915264815e-01 -4.7767021435e-02 2.9047610038e-01 9.5360466264e-02 -6.4884339140e-03 -3.9184972980e-01 9.9830788285e-02 2.2568533072e-01
1.6216862169e-01 2.7624207799e-01 -3.2230328464e-02 1.9151975756e-02 3.5262448330e-01 2.5738166765e-01 1.1165772891e-01 -9.2616903818e-02 -4.8615949689e-02 1.6091264951e-01 1.0127737862e-01 2.5687528211e-02 -4.6841161152e-02 -2.7910677578e-01 1.1606457347e-01 1.8604601377e-01 2.2258771767e-01 1.3874884254e-01 2.9811466466e-01 7.3207152042e-02 -7.4717497029e-02 1.4662136334e-01 -3.6418739315e-01 -4.3227174018e-02 1.2617916690e-01 -4.7124575897e-02 -1.6179504017e-01 -4.9206476833e-03 -1.9237004685e-04 -1.2002723935e-01 2.8817701637e-01 5.7816613688e-01
-2.0090848058e-01 2.5077427998e-01 1.3859224430e-01 -1.2799717533e-01 -1.0962517866e-01 -7.4101210405e-02 -8.8475639194e-02 1.2802060430e-01 -2.0883696121e-01 -3.5028679067e-01 1.8247412012e-01 -8.6518703856e-02 -2.5596488037e-01 1.8445189902e-01 -2.0177982709e-01 -1.4146447269e-02 -4.0346870454e-02 6.3335025519e-02 3.7698304296e-01 3.1236322929e-01 -9.6015017559e-02 4.9089784924e-01 2.0690382810e-01 -3.5651705019e-01 1.5412261315e-01 2.1111715216e-01 -2.0890746756e-01 1.1953952547e-02 -1.6475367351e-01 1.1210102515e-01 1.9669360158e-01 1.6799393877e-01
-2.2315130271e-01 2.5055125517e-02 -1.9232146281e-01 -3.4204598635e-01 7.8722000603e-02 1.3659400854e-02 -6.8638054712e-02 2.6105247525e-01 -1.6324396450e-01 9.1044344013e-02 -1.7733946319e-01 -3.1509052122e-01 -1.3600015969e-01 1.4107140301e-02 -4.1919778083e-02 -2.0689934242e-01 -9.4096692580e-02 5.0103584093e-02 4.9759610408e-02 -9.3348873808e-02 7.0081470879e-03 -1.6863451433e-02 -1.8568965726e-01 -3.2734267160e-02 9.9817833507e-03 1.2990283457e-01 -1.3186119532e-01 2.9331970521e-01 1.4088253622e-01 -1.3040547352e-01 -1.4307165875e-01 -1.1961795917e-01
2.9137387031e-01 -7.5901366536e-03 -1.9398509419e-01 3.6358086157e-02 1.7554557986e-01 -7.2651135152e-02 7.5678072217e-02 2.1320378249e-02 -1.7243017277e-01 -7.6839584512e-02 1.3839296016e-01 -1.4539112297e-01 -4.5158340750e-02 -9.8257970286e-02 -1.7717873780e-01 1.2082755722e-01 9.3710850401e-02 1.8663762276e-01 -6.1466230434e-01 3.8543183537e-02 -7.0855130727e-02 2.8742726372e-02 -8.6970650168e-02 1.9473739266e-01 3.1601307201e-01 1.9448586745e-01 1.7438334585e-01 -1.8923277775e-01 7.7990196514e-02 -3.0746087418e-02 2.4881523896e-01 -1.5217529792e-01
1.7443734703e-01 9.3748399921e-03 -9.5672038214e-02 2.8780084036e-01 1.6327671920e-01 -1.5127708168e-01 2.9613183360e-02 3.4803584148e-02 -3.3271252549e-01 -1.3757233481e-01 -2.8337213344e-02 1.0475899152e-02 -8.1908885171e-02 -2.2945151295e-01 -3.6506485880e-02 -1.3738963602e-01 -1.0334441344e-01 1.6622342730e-01 3.5846756573e-02 -1.7975108411e-01 1.0671556631e-01 5.2123585179e-02 -6.8105941299e-02 1.8769130870e-01 -2.1554968544e-01 -2.2745574659e-01 7.9434980025e-02 -1.5218279814e-01 2.1563609258e-01 6.1500253460e-02 4.3226822333e-02 1.2682686556e-01
8.8683341363e-02 1.2487634347e-01 1.2589347657e-01 -1.3379844656e-01 -1.0366279098e-01 -5.7043890236e-02 -4.3664380279e-02 -1.5300284774e-01 -2.7215907758e-01 3.7888396870e-02 -1.0939636451e-01 -7.6710141369e-02 6.6278862686e-02 1.3688997468e-01 -9.8020855613e-03 -2.9927440157e-01 -5.4621835524e-02 1.8405229454e-01 -4.2280797113e-02 1.4125344883e-01 8.0700827100e-02 1.4810896360e-01 -7.0417036510e-02 6.8092140315e-02 3.3105436370e-01 -3.9393954815e-01 -3.5922730608e-02 -4.4836623668e-02 3.5971143358e-02 2.8256324211e-02 -1.5765681002e-01 -6.1410814698e-02
1.0129418901e-01 1.2583211428e-01 3.3103287220e-01 -1.3359917121e-01 3.6833603510e-02 1.3752910105e-01 -2.5148949160e-02 -2.1942721926e-01 5.2604406038e-02 -1.1997640162e-01 8.8329744567e-02 -1.0251382358e-03 -6.6603788182e-02 -2.2342409445e-01 -1.7529085778e-01 -2.1989351651e-01 -2.5882258475e-02 1.9132753436e-01 -2.4429021317e-01 -2.0305259511e-01 1.6501928820e-01 -6.7389795062e-02 -1.5499768564e-01 -4.2169063748e-01 3.6500799049e-02 -2.4587601315e-01 -9.2955801205e-02 6.7606238386e-02 -6.5360503757e-02 -4.3805941514e-03 1.8681574486e-01 1.8624824513e-01
1.0910186766e-04 3.6609341243e-01 -2.3975453412e-01 2.3452424189e-02 2.4348766382e-01 2.4393945438e-01 -2.2225789938e-01 -8.8853360328e-02 5.8539008731e-02 2.1851625417e-01 8.3079003385e-02 -1.7064519201e-01 1.5659683176e-02 1.4682586609e-01 2.8249720450e-03 -4.4182835839e-01 2.1751246605e-02 4.6189182375e-01 2.4613399593e-01 -2.7352160973e-01 -1.9682493368e-01 -1.6914814008e-02 1.0780046640e-01 -2.2279305287e-01 -7.3748818943e-02 2.2134419277e-02 -3.7391890956e-02 9.4212575244e-02 -6.7137859895e-02 -1.0014436488e-01 3.0592420186e-01 4.8233410717e-01
-1.8337881806e-01 -4.1887529446e-01 1.1032975372e-01 -1.8205327876e-01 -1.8345852622e-01 1.0639062566e-01 4.2607806416e-01 8.1821541374e-02 -3.8178686171e-01 1.4648071722e-01 2.4802363933e-01 -6.7748725052e-02 1.2528405657e-01 3.3981168127e-01 -1.0769630408e-01 -2.0606014374e-01 2.1972027281e-01 4.0009006064e-05 1.6119135583e-01 7.8805714442e-03 -1.2064754672e-01 9.5416618902e-02 -1.1396412295e-01 -3.0994454312e-01 1.1882577815e-01 1.2135515425e-01 -1.3887474617e-01 -2.0088238933e-01 -2.3838245715e-01 4.9770839061e-01 3.1645290076e-02 2.0107493660e-02
-1.0304804977e-01 -1.8585594567e-01 -3.9458413557e-01 2.1889803642e-01 -5.5406117499e-02 -1.7772091020e-01 -5.8084377750e-02 2.0100656646e-01 1.1434765287e-01 -4.7642222295e-02 -2.2277133950e-02 7.9320197791e-03 2.2949677027e-02 -2.7448893284e-01 2.4454966998e-01 -8.4764526752e-02 -3.6917703227e-02 -7.9925119958e-02 -2.0533532363e-01 1.7136642401e-01 -1.7718555348e-01 1.0073206136e-01 1.1855344685e-01 2.8410293643e-02 -1.7040518520e-01 -3.2401171061e-02 -1.2479282215e-01 -7.1665688110e-02 4.8608745812e-02 -7.0039969770e-02 1.2254476914e-01 -5.6042847444e-02
-2.3072690105e-01 -1.3811000105e-01 5.0021018224e-02 -7.3263121472e-02 8.2323151264e-02 7.3809822309e-02 -1.7949595132e-02 2.1437940495e-01 -4.0564287307e-02 -4.2739067149e-02 8.7815676538e-02 -3.3274524139e-01 -1.1015474264e-01 4.2800860922e-02 9.7139970613e-02 8.1991122225e-02 -2.9259496301e-01 -2.3737833884e-01 1.8707097470e-01 6.1831726638e-02 1.0561864445e-01 -6.8297153717e-02 5.7848821251e-02 -1.1580752347e-01 3.3095619939e-02 -6.2760833632e-02 4.2037675880e-01 -1.3412351777e-02 1.4368514895e-01 -1.5775092506e-01 -9.6811791095e-02 5.1257480930e-01
-8.6251726247e-02 1.3165754789e-02 2.8722324656e-01 2.6142354353e-01 1.0878952026e-02 8.7225107470e-02 9.0717596365e-02 -3.5224895021e-01 1.5424933729e-01 -9.0135490482e-02 9.4573983583e-04 1.1556664458e-01 1.8194742548e-03 3.1260776167e-02 1.0717153014e-01 -4.3769349612e-01 -2.3231602094e-01 5.4419382671e-02 1.8148049100e-01 1.0677689391e-02 1.3733552163e-01 -2.1047532180e-01 -2.3706679842e-02 -4.2784059930e-01 1.0244545211e-01 -3.6799313763e-01 1.4078691193e-01 -2.5810728459e-02 3.5547409023e-02 1.5294744926e-02 1.1184235765e-01 -1.1917649762e-01
-2.6748684149e-02 -5.9839407594e-02 -4.9698496886e-02 1.6136317753e-01 3.6129408229e-02 7.8579517648e-02 -4.2536163136e-01 -1.9390465342e-02 -1.2244243713e-01 1.2888778214e-02 1.8402182971e-01 -7.2913036068e-02 2.8299737637e-01 1.8972010548e-01 1.2628719327e-01 1.2600923523e-01 2.2755245903e-02 -4.2205404321e-01 -2.4261246221e-01 -1.2157328132e-01 -2.2777156700e-01 -2.5969492746e-01 7.4196195029e-02 -2.5935811810e-01 6.7139627187e-02 1.2486157751e-01 -3.7396122805e-02 3.0021907564e-01 1.4674780478e-01 4.2878605731e-01 -1.2251000834e-01 -2.8894304266e-02
-2.2016407955e-01 -4.0112162613e-01 1.9558651401e-02 2.5606493946e-01 1.6514967613e-01 1.7323140724e-01 8.4288560647e-02 -5.5662509629e-02 -3.8134233088e-01 5.2589536425e-02 1.1819904385e-01 1.8388757055e-01 -2.7608242884e-02 1.4793491231e-02 -2.4080968402e-01 -1.8906217667e-01 -3.3424031807e-01 -7.0680241939e-03 1.0357545128e-01 -1.6727841889e-02 -1.0412625243e-01 -2.3955957096e-02 -2.9593517884e-02 -1.6081940495e-01 -1.2045960777e-01 2.5259641108e-01 -4.9512236600e-02 -1.1952085894e-01 1.0548681239e-01 1.8221219701e-02 1.0283568684e-01 -2.4803028741e-01
1.0974987251e-01 3.6101568240e-02 -1.0380809274e-01 8.7662924807e-02 -1.3795339898e-01 4.3638615613e-02 -1.7580213164e-02 -2.8535677148e-02 1.3944869339e-01 2.4290565871e-01 1.5698399588e-01 2.0505126738e-01 4.3273923036e-02 -2.4053752718e-01 -2.3952186166e-02 -1.0595592604e-01 7.5579002944e-03 -3.3600410420e-01 -1.0405480614e-01 7.9420778189e-02 -1.0378906993e-01 -1.7275380376e-01 1.7607106208e-01 -3.0615204432e-01 -1.9082672901e-02 9.9966880656e-02 3.7921707665e-01 9.6252519585e-03 1.8118065154e-01 1.5449401320e-01 1.9752829555e-01 -6.6779531657e-02
7.2431020734e-02 2.1955783303e-01 -1.8024598998e-01 -3.2252040813e-01 3.9526251418e-02 -5.2385747204e-02 2.7323691429e-01 3.8663294871e-01 -2.7332661677e-01 -3.3331764132e-02 -1.2861146708e-01 6.6075547969e-02 -7.4227898064e-02 3.1558089216e-01 2.3120932572e-02 -7.8738036663e-02 1.9437100847e-01 1.7103758971e-01 6.4437784295e-01 1.3502838361e-01 1.4480220402e-01 2.5852000018e-01 2.6739290751e-01 1.3499722666e-01 -3.0433363345e-03 -9.3028324223e-02 -1.3545619634e-01 3.3426339369e-02 -2.0897953765e-01 4.0846432904e-01 -1.4040048709e-01 2.3631078836e-01
-4.7990002911e-02 -7.2131491595e-02 6.2520853136e-03 -1.4449237236e-01 3.0122175394e-02 -3.0786196897e-01 -4.1301289951e-02 1.0145035852e-01 1.1232842706e-01 1.5454047354e-01 1.7684279651e-02 3.8684685710e-01 1.0750196825e-01 -9.7885655881e-02 1.9831193962e-01 -9.5027331361e-03 -2.1001351846e-01 1.4276421061e-01 -2.0031321529e-01 8.8121645522e-02 -3.9118692392e-02 6.4616210387e-02 7.1178468485e-02 -2.6741610975e-01 -1.6569478589e-01 -2.4210886631e-01 1.0178634946e-01 -2.1766985259e-01 1.5424164166e-01 1.6558507532e-01 2.9764850797e-02 1.8872471268e-01
-9.7890763292e-02 1.0853993895e-01 7.2612640562e-02 -7.5791133995e-02 2.8582588467e-02 -2.5707536467e-01 1.4862476498e-01 -1.7662321029e-01 9.7911427867e-03 2.8393689360e-01 2.7545170133e-01 -1.2841933564e-02 -4.0405674919e-02 6.0207703137e-02 1.3174505552e-01 1.5883453600e-01 1.7187209484e-01 -1.4585695284e-02 -1.1401778346e-01 -3.9076270928e-01 2.8362569059e-01 1.6869619984e-02 2.0587908541e-01 -2.6780386077e-01 -4.8209534660e-02 -2.7805592729e-01 -2.4031573782e-02 -1.4484540122e-02 1.4180210813e-01 2.0579176575e-01 7.0720349534e-02 1.3546612811e-01
2.1903380861e-01 1.8773076350e-01 -1.7957743907e-01 -2.0206672464e-01 -1.7588303005e-01 -7.3117243589e-02 -7.3289910158e-02 -4.1180237240e-01 1.3526015479e-01 -1.9282861313e-01 1.5398814033e-01 2.3132349468e-01 -5.3905954907e-02 1.7425698267e-01 -1.1776651830e-01 -4.8647430347e-02 3.4399638145e-02 -1.1358242780e-01 -6.2385765933e-02 1.5658124300e-01 1.5516597896e-01 -2.5519606186e-01 1.3310263764e-01 -1.3425890784e-01 -3.4336285995e-02 -1.3946019994e-02 -1.9574336549e-01 1.0258587097e-01 -4.5141376892e-02 5.8680955351e-01 2.2630710762e-01 -1.3860654074e-01
-2.2079168698e-02 -3.2131182108e-01 1.7997514078e-01 -8.5535085921e-03 6.3173150634e-02 2.3912825982e-01 -3.9420190407e-01 -3.2815877606e-02 2.3494513615e-02 -1.3564654514e-01 -4.2197913009e-02 1.5899529634e-01 7.5400376949e-02 -6.3415916017e-02 1.9650554144e-01 1.0040849469e-01 -8.5305321432e-02 -1.6414960936e-01 1.1229007755e-01 -3.4561136940e-02 -2.0857259473e-01 -7.1275612460e-02 7.8636206279e-02 1.6520571379e-01 2.4076354700e-01 -1.0047654064e-01 6.5210573600e-02 -1.1026397438e-01 3.1415073229e-01 -3.3831565109e-02 -1.3243467516e-01 -2.3404243660e-02
2.0717017581e-01 -3.3399148735e-01 -3.1014244951e-01 -7.8355890067e-02 3.2637108216e-01 2.5453604075e-01 2.6210914505e-01 4.1439101786e-01 2.8242359591e-01 4.1224527946e-02 5.2389234154e-02 -2.1009994485e-01 8.2587505677e-02 -9.5935678734e-02 -3.0374361452e-01 1.0243190291e-01 1.1082467247e-01 1.2379686302e-01 3.6787817373e-03 3.2831847983e-01 9.8642918646e-02 2.7628431563e-01 -1.4186688456e-01 -9.0630001518e-03 -1.1807910016e-01 -1.2508388771e-01 8.2310508167e-02 9.7681105312e-02 1.5159135124e-01 1.0915121242e-01 5.5462180369e-02 -1.5611351592e-01
-2.2170579226e-01 -3.1788832910e-01 2.7832632764e-01 -1.9483639768e-01 -5.4317065787e-02 1.7870856771e-01 4.7498762108e-02 -7.0509002783e-02 -2.1275636591e-01 -2.9346548849e-01 6.6157012732e-03 -2.1119543467e-01 1.0237392271e-01 5.7806626911e-02 -7.7944713036e-02 -1.1163756491e-01 -3.0294890128e-01 -3.6970266700e-01 -2.1593841278e-01 -1.4851330916e-01 2.2068598446e-01 -1.6202921023e-01 1.4134627311e-02 1.0344838705e-01 9.9468468480e-03 2.0388924008e-01 -3.3962756641e-02 1.7491103966e-01 -2.5877469724e-01 -5.8536315623e-02 8.3099812082e-02 1.7509953695e-01
-1.7173660066e-01 -6.3234417229e-02 -2.5745577930e-01 -1.0894792242e-01 8.8470253118e-02 -5.9284428869e-02 1.2268211520e-01 9.6948223907e-02 4.9796891004e-02 -3.6224745807e-01 -8.0891034655e-02 2.1905914416e-01 2.2174901975e-01 -6.4030165153e-02 2.3240216527e-01 2.1849825818e-01 3.1001167284e-02 -3.3229200695e-02 -1.4333033541e-02 5.9574050434e-02 -1.4089888027e-01 9.9809973255e-02 1.8413490059e-01 -1.2042687343e-01 -1.4283776743e-01 -4.2600847563e-02 -2.1743221504e-01 1.4471609677e-02 -1.2129176127e-02 3.0616385803e-02 3.3190115006e-02 -2.6198266501e-01
-1.5331068275e-02 -8.7790749875e-02 1.7677832634e-01 -3.0212877370e-02 -1.5367261139e-01 -1.3618325934e-01 1.9378154549e-01 9.3189271865e-02 2.0224000958e-01 9.0579786067e-02 1.3086311491e-01 -8.5764635412e-02 -4.3116847682e-02 3.8755224277e-02 -7.4292514783e-02 2.3351206416e-01 3.8176349888e-02 -4.6791481756e-02 1.2008434797e-01 -1.2253495533e-01 -3.5035238692e-02 2.3591914832e-01 -7.4839367670e-02 -8.1270839352e-02 3.8394498628e-02 1.5207059605e-01 4.2136738547e-01 1.9265572518e-01 1.6688492377e-01 3.3030803416e-02 -2.4421493549e-01 -2.9940550803e-01
1.1894410773e-01 -7.3842749954e-02 -2.6353563106e-01 2.4851590137e-01 2.9292604799e-01 -3.1983196446e-01 -1.1598287568e-01 -1.1569345483e-01 5.9949835581e-02 -3.5116013617e-02 -6.3566110916e-02 1.7475232685e-01 1.0668573882e-01 -1.9456942998e-01 -2.2841366326e-01 5.2603723953e-02 2.3039443812e-01 -7.0582950891e-02 -1.4850505062e-01 1.2656451338e-01 6.0372538791e-02 3.9315332833e-01 -2.6380326549e-01 -1.2481934593e-01 2.1779783979e-01 4.6699870420e-02 -3.3530277037e-01 -1.7622262912e-01 -1.1072487317e-01 -9.5636783972e-03 -2.4358966761e-01 2.0082768909e-01
1.4380575892e-01 1.7991063356e-01 1.6609390975e-01 -4.0069070043e-02 1.6845535227e-02 1.2821695191e-02 5.8176081740e-03 -4.1954261760e-01 -2.7889342533e-01 1.9098277137e-02 -3.3500280650e-02 6.1381374836e-02 -1.3119934185e-01 1.4848115825e-01 -3.2679519064e-02 2.5876949414e-01 3.4081805140e-01 -2.5308421498e-01 -3.5702058090e-02 2.3116293238e-01 -2.0726795486e-01 -3.9993042320e-02 5.4899082553e-02 7.2425162675e-02 8.4607747347e-02 -2.7821582328e-02 -3.3684781026e-01 -2.5480841915e-01 -9.0430725672e-02 4.3274926250e-02 2.7918229880e-01 -1.9346236941e-01
-1.1975770311e-01 2.8165008475e-01 -3.6308905610e-02 -2.5095789706e-01 1.4814242810e-01 -8.0363553785e-02 -1.4664854027e-01 -3.3238251827e-02 2.6467610095e-01 -8.3720957321e-02 2.5161270166e-02 -2.7512637666e-01 -5.5994483360e-02 -3.4580067863e-01 -2.8545775576e-01 2.4650974414e-02 1.5301232748e-01 -2.2104274432e-01 9.9698815118e-03 9.4177328151e-02 1.7829448092e-01 2.1688831078e-01 3.6065066550e-03 -2.2648243250e-01 4.4513533968e-02 3.5512496671e-01 -3.9771267130e-02 -1.2701447556e-01 -4.0282553443e-01 2.1362783700e-01 2.0090168374e-01 -1.3516446446e-01
