1.9292903835e-01 -2.0858869561e-01 -2.3919261928e-01 4.3537357605e-01 2.0970312499e-01 1.5650552093e-01 -4.8543610565e-01 -4.4886626644e-01 1.2068512259e-01 6.2731203963e-02 2.6179744307e-02 1.0584552684e-01 -8.3824147395e-02 5.3525078681e-01 4.5896286710e-02 -8.8375970786e-02 1.8492636609e-01 9.1592839391e-02 -4.4860935677e-01 -2.5264319213e-02 1.0793539144e-02 -2.7132507372e-01 1.3791416306e-01 2.3707976076e-01 1.0551112837e-01 -1.5951853770e-02 -1.0834612676e-01 -2.8130000707e-02 2.1140054946e-01 -3.1638974692e-01 4.3245341004e-01 -9.1140173904e-02
9.8208353880e-02 -3.4099008662e-01 -1.5274995348e-01 -1.0222057350e-01 -1.3966203811e-01 2.5995877721e-02 2.3750580168e-03 -3.2928385362e-02 -2.5854166001e-01 6.8871708532e-01 -6.2447413583e-02 4.4302136562e-01 -1.8432267852e-01 -4.9994080171e-02 -1.1821606155e-01 7.8059346454e-04 1.2613810488e-01 1.6719327487e-01 1.7273480110e-01 1.0223982508e-02 2.1693185792e-01 3.4024316974e-01 4.0285962978e-01 -8.8481272941e-02 -1.2679261795e-01 -1.8992217880e-01 -5.0062178288e-01 -5.2771185514e-01 1.4962229599e-01 -7.4176559390e-02 3.9731675602e-03 -1.7826709611e-01
-1.0359586397e-01 -6.3914452676e-01 2.3956694981e-01 2.7214567572e-01 -1.6166993478e-01 -2.6816744691e-01 1.6396375550e-01 -2.1544659137e-02 1.6907039323e-02 1.1655014970e-01 -4.7017645548e-02 2.1758351900e-02 1.0555877113e-02 -3.3087442337e-01 2.6555872115e-01 2.5727290948e-01 8.2538430165e-02 -3.3800539269e-02 -6.3235937793e-02 1.2906806122e-01 4.6343977929e-02 -9.6161997984e-02 1.4128600124e-01 -1.4409722183e-01 1.3575641556e-01 8.1507530433e-02 1.4954534910e-01 -1.6021103440e-02 -1.0254695847e-01 1.1691915970e-01 -1.3455005238e-01 -1.4867684201e-02
-2.0680626157e-01 -4.7223984645e-02 -3.5334521202e-01 -1.0648312054e-01 2.2734870185e-01 -3.3319788457e-02 2.9799355193e-03 1.5319090136e-01 -1.9113098050e-01 -2.9825375829e-01 4.1552509714e-01 -6.3036555021e-02 1.3929907941e-01 -3.0934326905e-01 -1.1132288473e-01 -1.8344202660e-01 -6.6865041104e-01 1.3261183886e-01 2.2347999342e-01 -1.1886006847e-01 -3.4771272706e-01 2.4313210400e-01 6.3296141818e-02 -5.2244839378e-02 1.3609516102e-01 -2.3265259816e-01 4.6141699355e-02 1.3365646024e-01 1.6401273904e-01 5.8190692273e-02 -8.5207373006e-02 -1.7818127792e-01
9.8840943616e-02 -1.3704279796e-03 2.5601214977e-01 -3.8068503966e-01 5.0563349364e-01 -4.5224184834e-01 -2.4021512677e-02 -3.4261146532e-01 -2.9427831497e-01 3.9820513345e-01 3.1054875413e-01 1.3799226903e-01 -1.0710515546e-01 7.2001842618e-02 6.8168500093e-02 -1.3636790688e-02 -4.0988160772e-01 6.9845468792e-02 3.8525275957e-01 1.5793518231e-03 -3.8042892275e-03 4.0103087882e-01 1.2546585222e-01 -3.0603403977e-01 -1.4676822402e-01 -1.3698644769e-01 -1.3867975421e-02 2.0562386581e-01 4.5409165659e-01 -2.0895985594e-01 3.7383945405e-01 -3.0477337960e-01
1.9678418006e-01 -4.2906383180e-01 -1.7166242604e-02 -4.8339536816e-02 -1.8585460230e-02 -3.0775242545e-01 6.3708697616e-02 3.5335117790e-02 2.2733417607e-01 1.0026288506e-01 1.2754374745e-01 -1.6940984726e-01 2.2886413777e-02 -2.4629556830e-01 4.2717305150e-02 -1.1289894939e-01 -1.9912166213e-01 -5.9904298135e-02 2.7300282652e-01 -6.9298651712e-02 1.3480809115e-01 -3.8970804884e-01 -2.0615893484e-01 -3.6531620303e-02 -4.8039081248e-01 4.0988617975e-01 2.9815579207e-02 -8.2244754591e-02 3.8167517939e-01 2.3072460441e-02 1.0895410702e-01 7.1453306241e-02
-4.5426016902e-03 -2.0075904731e-01 5.3008663638e-02 2.2996968520e-01 7.1773787664e-02 3.1153669180e-01 -5.4183208497e-01 -8.2114639545e-02 -7.4982213974e-02 -2.9429514919e-01 -3.4209158149e-02 -1.3883843429e-01 -1.3432487554e-01 1.4972911734e-01 -6.1185112655e-02 -2.7307338956e-01 -5.2206455219e-02 -2.3094936508e-01 1.5627825362e-01 1.8604763279e-01 -4.1476845779e-01 1.8020828223e-01 1.6090715065e-01 -2.6151352278e-01 2.9133469128e-02 2.3328315755e-01 4.9147575541e-02 -3.6832317422e-02 2.2739544265e-01 8.4616322710e-02 2.5570868525e-01 -3.3022869535e-01
2.3815403381e-01 -2.1046656789e-01 -8.5363297777e-02 3.1753568602e-02 -2.2651995601e-01 -8.9020749650e-02 -8.3456369268e-02 7.2458599739e-02 -9.5662128237e-02 1.6404223350e-01 1.3864088072e-01 -8.6731142977e-02 -1.8508387263e-01 6.0680840039e-02 3.8970393400e-02 3.0149374889e-01 -2.7985600644e-01 -9.1755919771e-02 -4.1997866430e-01 6.5469201200e-01 3.0695247136e-01 -3.4585650583e-01 -4.3180931035e-01 1.6144381508e-02 2.9291478077e-01 1.9040958001e-01 -3.9532044198e-01 6.9793888640e-03 -3.0757039373e-01 -3.4781515389e-01 2.1140421098e-01 -7.0882723519e-02
-3.4978509064e-02 -1.4853678128e-01 9.1772091082e-02 3.5640581332e-01 1.3690557593e-01 6.7640021498e-01 5.1252313466e-02 1.3614238896e-01 2.0040023064e-01 -7.1859589605e-02 -6.6597564438e-02 -3.9746892365e-01 3.7129748125e-01 2.5056623196e-01 3.0393340817e-01 3.6313539398e-01 -3.9028800289e-01 -8.9520956527e-02 2.6257349639e-02 1.9763665228e-01 -1.0659767398e-01 -1.1736725903e-02 2.1022785273e-01 8.8934388243e-02 -1.7921878243e-01 3.4458123640e-01 1.0201920684e-01 1.2577200272e-01 2.1323989667e-01 -1.2873798927e-01 6.1771581602e-02 5.3423990282e-03
3.8641970250e-01 2.8684470021e-01 -1.8462690875e-01 -2.1301164028e-01 -3.3781191506e-01 2.3037005439e-01 5.7476786370e-01 1.1846287198e-01 -2.6971336630e-01 -9.8601526943e-02 -1.1296397690e-01 -2.2728991309e-01 5.6171284419e-01 1.4843868403e-01 1.4130255406e-01 1.6529550666e-01 -3.7584425450e-01 -1.3112419935e-01 1.8262320511e-01 -1.8366656388e-01 2.2406851224e-01 3.5076512808e-01 2.9393308472e-01 -3.3382651802e-01 -2.7072864852e-02 2.2793917509e-02 7.1456397272e-02 -6.0640741218e-02 -1.5333740867e-01 -5.7225507332e-03 2.7421289396e-01 4.9233051049e-02
3.9490936744e-01 3.3456704983e-01 7.7556450471e-02 -5.6985785771e-02 6.9888814662e-02 1.0666373224e-01 6.6675818140e-02 -3.1408671439e-01 -2.1208708625e-01 3.3327385087e-01 6.4831113559e-02 -3.0009311759e-01 -3.8248710763e-01 3.1929662432e-01 2.5843523798e-01 6.8064709369e-01 -9.1954075823e-02 1.1174843775e-01 -1.5257123066e-01 -8.7603503834e-02 1.3544479817e-01 -2.9197124218e-01 9.3019083170e-02 -1.4409077857e-01 2.3815114497e-01 -4.9865918341e-02 2.6464199063e-02 -3.6470200427e-01 1.7719539307e-01 -9.8146990589e-02 3.1061055304e-02 -2.5350825289e-01
-7.1133180894e-02 2.4330909721e-01 1.1387155260e-01 3.2850219030e-01 -3.0478458262e-02 -1.7825902673e-01 5.6807334249e-01 2.0792091516e-01 8.3283190270e-02 -1.4975069563e-01 -1.1919054163e-01 -1.4314510559e-01 1.2603484853e-01 -2.6274591460e-01 -5.0732444164e-01 -4.6126758819e-02 2.9659110259e-01 -8.9904445933e-03 -4.8292732213e-02 1.1132736433e-01 2.7034402192e-01 -2.7903435149e-01 -1.5752225804e-01 3.4709489835e-02 -2.3199667455e-01 1.0153603988e-01 2.8136072432e-01 -2.0646589675e-01 2.6984182527e-01 -1.1635823777e-01 2.6921371646e-01 1.6815032929e-01
-1.6088321600e-01 2.0191668342e-01 -1.3885271020e-01 3.0850664459e-01 -4.4585180597e-01 -2.1522256145e-01 -9.7899109189e-02 3.1633414736e-01 1.6452094578e-01 -7.8107628462e-02 2.7753704343e-02 3.6365869593e-01 -4.4177897680e-01 -1.5714241958e-01 -1.8843837125e-01 1.9390590562e-01 -5.8130826774e-01 2.0000404914e-01 1.5693131647e-01 -1.6767230041e-01 -3.5239811560e-01 -2.0808985338e-01 1.6368537295e-01 -2.3990012450e-01 1.0705864864e-01 3.0429730457e-02 -3.9029701051e-01 -3.4011499066e-01 -2.2212728336e-01 -1.5395655807e-01 -5.6018143352e-02 3.9874685861e-01
-3.3282918387e-01 -8.8981734072e-03 -1.8441656796e-01 -1.0089713174e-01 -2.0084569891e-02 9.2642688690e-02 1.1432076263e-01 1.0941976416e-02 3.6761645505e-01 5.1597020980e-02 9.2997308655e-02 8.0100992776e-02 2.0372358824e-01 -1.9281322389e-01 -2.2086984549e-01 -8.5232498229e-02 2.9765474050e-02 -6.8566390697e-02 5.5259692509e-02 -1.3969457425e-01 1.7612658293e-01 2.8075321531e-01 6.4943405565e-03 8.8743234252e-02 3.2299529933e-02 -3.4197887285e-01 2.2110554676e-02 -4.9483189285e-01 -6.2454811729e-02 -2.0591974076e-01 -2.8839025334e-01 -1.1663950895e-02
-2.6061021464e-01 -1.1080720138e-01 -1.7923719433e-02 -2.0448189918e-01 -3.7238670481e-02 -2.7904417821e-02 3.2885404361e-01 3.4642914862e-01 -2.7801404064e-01 4.5452584996e-02 4.0246165336e-01 -6.7591439924e-02 -2.4650344151e-01 1.0862364272e-01 1.3000478749e-01 -2.4190035124e-01 -7.5743710014e-02 -3.9820439978e-01 -2.3500039188e-01 6.3933313718e-02 1.8889375649e-01 -3.2811093001e-01 -5.0779492016e-02 3.2125734194e-02 1.3424270488e-01 -6.8323916595e-02 -2.5621854548e-01 2.4308865579e-01 -9.1348364377e-02 5.2546673217e-01 1.7601188316e-01 -9.7569037199e-04
4.1515616229e-01 1.7865568553e-01 -2.6083200449e-01 5.5929042479e-01 6.0403358370e-02 3.2844110901e-01 8.9271503374e-02 2.8761205232e-01 2.7181872796e-01 -4.1755426621e-01 -2.5697650899e-01 -1.5331920155e-01 5.5853238136e-02 -2.6904059450e-01 6.0444944504e-01 -1.8090305447e-01 5.2407412747e-01 -9.1616735024e-02 7.1023560155e-02 1.8058871585e-01 1.1564572407e-01 -4.0194529314e-01 2.2878804291e-01 -3.0698642939e-01 5.2363710388e-01 3.1872423901e-01 -2.8237024185e-01 2.5823448596e-01 3.5795182770e-01 3.2573024622e-01 2.2379671850e-01 -4.6516018266e-02
1.5486197496e-01 -9.3542575622e-02 9.3137429475e-02 7.2155291901e-02 2.4751361117e-01 7.2809617335e-02 2.4151714929e-01 2.9038250111e-01 2.6504520147e-01 -1.4384881783e-01 -5.1975617726e-01 -1.1057980465e-01 -3.6139707065e-01 1.5977302751e-01 1.5656928600e-01 -2.5345135768e-01 -1.3523270041e-02 5.0415500155e-01 -1.6564904817e-01 3.8959612284e-01 -1.9980732880e-01 -3.3696786332e-01 -3.0309696812e-01 -2.0868604040e-01 -4.2835230358e-01 1.6122976337e-01 -8.7270250178e-02 -6.2570487950e-03 -1.6824982467e-01 -2.3497544923e-01 6.0592559334e-01 -2.1003445645e-02
