-5.2233182704e-02
-8.2330758138e-01
4.1206498829e-01
-8.0927341860e-01
6.5608755999e-02
-1.9953819715e-01
4.6164279543e-01
4.6272202927e-01
-3.8225679751e-01
-4.1871090998e-01
1.1358002822e+00
-5.5137841915e-01
2.5884583588e+00
-3.1197641668e-01
-4.2426002505e-01
5.4489461815e-01
-2.4668258121e-01
-6.3345617146e-01
4.6407290337e-01
1.2694279958e-01
3.3517981872e-02
2.2955960824e+00
-4.2740175892e-01
-1.2501961020e+00
6.0772802139e-01
1.3266252336e+00
-4.2921363323e-01
3.8745289940e-01
3.3616257446e-01
8.3001254077e-01
4.9437831444e-01
-8.0636776244e-01
