5.3738844407e-01
-2.6533708554e-01
-1.4967960383e+00
7.4380478609e-01
1.8744822938e-01
8.7654041210e-01
-2.5784457514e+00
8.6048181934e-01
-1.4821748331e-01
2.5946531493e-02
6.2506840885e-01
2.0100431213e+00
-2.3920019960e+00
1.0082615546e+00
-1.6069515398e-01
1.0595916068e-01
-1.1702604144e+00
-5.6535419191e-01
-1.0590890389e+00
9.3327870377e-01
-8.0796038120e-01
-9.9805120219e-03
5.6555061539e-01
-3.1572518666e-01
-1.9638563905e+00
1.7526089253e+00
6.7784388499e-01
4.6548056761e-01
-1.6299251935e+00
-1.4663535348e+00
2.7176430544e+00
-5.9088155227e-01
