-2.6525946074e-01 -9.4958230517e-02 1.2172899653e-01 -3.2952606775e-01 3.8337190556e-02 4.9292807139e-01 8.7457376623e-02 -3.5866469318e-01 -2.2388678327e-02 -1.9505839383e-01 4.9547076321e-01 -6.7954778239e-02 -9.7920425657e-02 9.0297456747e-02 1.2009752433e-01 8.4437561588e-02 2.0557624235e-01 -2.6852739500e-01 -9.1078936272e-03 -4.0598261953e-01 1.0356023388e-01 -2.1887127153e-01 -1.4699509947e-04 -1.8961266925e-01
-5.3235606959e-02 4.4882313944e-01 -8.1694183246e-02 -1.2945340099e-01 2.0219908117e-01 1.5269265248e-01 -8.0093949211e-02 1.6835316640e-01 1.8313394877e-01 -9.8953375784e-02 2.8978707723e-02 1.7693069317e-01 5.7043288183e-02 4.5552649421e-02 9.4145066598e-02 -1.5909198596e-02 1.0616061081e-01 -1.9578134812e-01 1.4017843786e-01 -7.4536957178e-02 -2.7893086489e-01 -5.0261459183e-02 2.0930259583e-01 1.3757120119e-03
4.3966610603e-01 5.7862683833e-02 1.7393591069e-01 3.2228222920e-01 1.3805004396e-02 1.3067474206e-01 2.4648450296e-01 1.6234085110e-01 5.0272229825e-02 5.3126341489e-01 -1.0871387948e-03 9.1806260601e-02 -4.7636681058e-02 -2.0540146969e-01 5.7867699627e-01 -3.0645075929e-01 8.2996953500e-02 4.6086768192e-02 1.0607220406e-01 -3.2559811089e-01 -1.6212020976e-01 1.0287174190e-01 -6.3829075738e-02 -3.8770141973e-01
-4.2500030799e-01 2.7640606862e-01 3.8187476568e-01 -2.1708645698e-01 7.4344104522e-02 1.5285640940e-02 -1.1270049607e-02 9.2146155057e-02 1.6275903820e-02 6.8084468983e-02 -3.1180026111e-02 -1.8543085310e-01 1.9475314293e-01 -2.5827233064e-01 -3.5857800047e-01 1.9267145741e-01 1.7887614052e-01 -2.5764276455e-01 1.5605101151e-02 -7.4027870329e-02 -9.0185411405e-02 -6.7694327082e-02 2.3289825322e-01 1.1755128666e-01
-1.1720062268e-01 -6.9456769825e-02 -7.1808991584e-03 1.1831082356e-01 -4.3407791208e-01 -1.5828747290e-01 4.3440548994e-01 1.3089837062e-01 1.8731240608e-02 -2.9458866525e-01 8.7997364842e-02 -9.4085778924e-02 -2.2161132080e-02 1.3379307212e-01 8.9689727671e-02 4.0247462794e-01 6.5700424398e-02 3.8661121784e-02 2.3145102101e-01 2.7270673746e-01 1.6857753715e-02 1.7802060860e-01 -1.1540952868e-02 -2.7070252549e-01
-2.0108987098e-01 -2.2919402426e-01 -1.5787636728e-01 -6.9218775392e-02 -4.0241166644e-01 7.0918493657e-01 8.7917317733e-02 -4.7126071649e-01 5.8059636208e-02 3.1949297206e-01 -1.0895125797e-01 1.1125951711e-01 1.8126136169e-01 6.7323773892e-02 2.3979668578e-01 -7.1135209400e-02 -3.4397424675e-01 -2.8802196511e-01 -3.4440668622e-01 -1.0933725032e-02 1.8101543909e-02 1.6139818631e-02 -1.3183449458e-01 2.0203118255e-01
7.0286441924e-02 -2.3198104731e-01 2.8850367228e-01 1.7778703206e-01 8.9820916475e-02 6.6960191162e-02 -5.4659061558e-02 -2.0245828815e-01 -4.2109105187e-01 -3.9843747066e-01 3.5912097569e-01 1.3930809037e-01 -7.0549067994e-02 -9.1322068605e-02 -2.6739943417e-01 8.5694279422e-02 -9.9115954981e-02 4.4148519491e-01 -3.0251654619e-01 -3.7396334150e-01 6.3300053634e-02 3.0239710056e-01 -1.8976626874e-01 -6.7883565964e-03
1.4133674623e-01 2.1457754199e-01 -4.2881038102e-03 -3.5800072957e-01 5.8284055368e-02 -1.8148607215e-01 -2.3527641154e-01 -9.2409951392e-03 7.9910462471e-02 -2.6374112334e-03 3.0485920083e-01 1.7196282299e-01 5.9781953444e-02 -1.9217834861e-02 -4.3983237704e-01 -6.2271092391e-02 3.2798185328e-01 -2.5420687544e-03 -1.7622474734e-01 -4.8297772014e-01 3.5371519437e-01 1.4450161888e-01 7.1141131009e-02 -3.2808333923e-01
1.7443115287e-01 -1.1701875114e-01 -1.4760176710e-01 -3.7116074205e-03 -1.3764678757e-01 2.5239607698e-01 -2.8972034903e-02 1.5031401758e-01 -4.3414292848e-02 -6.6544223960e-02 1.7053762574e-02 -3.3444046662e-02 -2.2649855207e-01 -1.7793412425e-01 -2.9923760054e-01 3.3680537325e-02 -1.8647710816e-01 1.6259387040e-01 2.0021640923e-01 -8.6197205777e-02 2.8030317395e-01 3.5307033612e-02 -3.3460552193e-01 4.6548587492e-01
-8.6595825494e-02 -1.3473098168e-01 3.6566274809e-02 2.2453406327e-01 -4.3346223494e-02 2.2807894017e-01 -1.5444199754e-01 2.2526786101e-01 6.4476867863e-02 -1.9324613442e-02 2.5172824320e-01 1.5905860132e-01 -8.0938006443e-02 -1.4298740657e-01 9.8538096212e-03 -7.6276061497e-02 3.6998586492e-02 1.0341416430e-01 5.7889322903e-04 -2.1247820530e-01 2.7983866866e-01 9.7437978719e-02 9.3605642535e-02 2.2273786706e-01
1.2821575727e-01 1.6362310464e-02 -3.1218998890e-01 -1.1148203549e-01 -2.2313847730e-01 -2.6743914842e-01 -2.7967320281e-01 2.8730527200e-02 -2.0910696434e-01 -1.4898264877e-01 -4.2276783604e-01 -7.3189384537e-02 2.0321552855e-01 4.4715612845e-01 -3.0487759562e-02 4.8014912266e-02 -1.4708695690e-01 -9.7895696144e-02 -1.3893386855e-01 -2.2153890222e-01 1.0996008513e-01 1.7590116444e-02 1.7944932704e-01 1.5298839154e-01
-1.0837626409e-01 -2.0772953764e-01 -1.0515751382e-01 4.5953735642e-02 -3.7191952500e-01 1.6686513496e-02 1.0880301865e-01 1.9094001798e-01 1.6205818643e-01 2.5222653776e-01 3.1108408231e-01 -7.3430501056e-02 1.7793964783e-01 -1.6671523662e-01 6.5102457481e-02 -1.4848608870e-01 -1.3274451193e-01 7.3361125710e-02 1.9635052376e-01 2.8707162326e-02 1.9622827474e-01 6.9530659058e-02 2.6627439153e-01 3.2381778368e-01
-2.9562178807e-01 5.6227507516e-02 -5.1890398427e-01 2.1979190238e-01 1.2653894644e-03 2.0261878008e-01 4.1617396689e-01 -6.7124510396e-02 6.3031060003e-02 -3.9353975589e-01 1.9350619219e-01 1.9451023186e-01 -1.6352357634e-01 -4.5150588949e-02 -6.4701702414e-02 4.6791793491e-01 -2.2313760359e-01 -1.8982439537e-01 -2.8704158610e-01 -8.9718178314e-02 -2.3005502027e-01 8.2214339843e-02 1.8978082782e-01 -2.0415794653e-01
-8.8870233791e-02 8.4219558459e-02 -9.9698600262e-02 -1.3591322260e-01 -5.4718095977e-02 -2.0090892200e-01 -1.8588770299e-01 2.5327310944e-01 7.3572499306e-02 1.9539212983e-02 -1.0451955876e-01 1.5445092487e-01 -5.6278265880e-01 5.4190585936e-02 -1.5089046624e-01 -5.1925935244e-02 4.5097538287e-02 2.3312231868e-01 -2.0875198676e-01 -5.6984803362e-03 -3.5694450199e-01 6.7278891723e-02 3.0106598547e-01 8.4880884120e-02
-8.7795754131e-02 -1.4511000180e-01 1.0224603961e-01 -1.0995692836e-01 -2.3782007062e-01 -2.0623532827e-02 -1.8245507760e-02 -9.6919690532e-02 1.2453034480e-01 4.5477401019e-01 4.4059451209e-02 1.4038325237e-01 -2.7479757409e-01 -8.0815888792e-02 -1.2505813644e-02 3.5416790902e-01 1.9518347569e-01 -4.8194593379e-03 1.5135671620e-01 -9.1768815920e-02 1.7388498338e-02 -5.1115355946e-01 -1.2463852728e-01 -4.4942198527e-02
2.1564806347e-01 -1.5524496147e-01 -1.2110194849e-01 8.6168202996e-02 1.6058796972e-01 -2.4993945149e-01 4.6671149228e-01 -2.5910186343e-01 -3.8249028720e-01 -3.1640232615e-01 2.3562849014e-01 1.2919445416e-02 -4.4749833622e-02 -7.6604003380e-02 2.6840811888e-01 -1.4877351757e-01 -2.2699478511e-02 -3.5904312973e-01 1.0174675003e-03 -1.8076899312e-01 -3.1164406279e-01 -4.8237288669e-01 -1.4163541938e-01 -1.4114231261e-01
-1.9205254434e-01 1.2243272031e-01 2.6078041272e-01 2.0444994996e-01 -1.7022196613e-02 -2.8803175836e-01 -8.2050817143e-02 2.6700497766e-01 -2.3896346901e-01 -2.1595056967e-01 -2.8403792173e-03 -4.1649353303e-01 -4.3757808116e-02 3.1281247773e-01 2.4816231623e-03 -3.2036829407e-02 -4.6794710235e-02 2.9560724975e-01 -1.0042152551e-01 -1.9294550959e-01 2.5198784544e-01 -2.1505311697e-01 -1.3143557177e-01 -2.3014141993e-01
1.4427352186e-01 2.5913543434e-01 -1.0007842025e-01 -6.0409643064e-02 -1.9199807990e-02 3.6375253205e-02 -4.0753614589e-01 -2.3322178687e-01 2.1948683984e-01 1.7893241319e-03 1.9655947475e-01 2.4551945805e-01 7.0041720507e-03 1.2038470862e-01 1.4709556488e-01 -2.0744205656e-01 -2.5753011118e-01 1.2012406068e-01 3.6046118450e-02 -2.5381872662e-01 -1.8980467526e-01 -8.2001425447e-02 -2.3061895157e-01 -2.5866518187e-01
-5.0094931079e-02 -2.7693093930e-01 -2.1844073181e-01 -8.1092806480e-02 3.5660851957e-02 3.0983640165e-01 1.6490059946e-01 -1.4832195096e-01 8.2268579568e-02 -4.6956205454e-02 -1.8961731195e-01 1.6645763628e-01 9.1077194629e-02 -2.8774798641e-01 7.1940805004e-02 -2.0853403464e-01 1.1032070387e-01 4.4839140360e-02 3.0093227943e-01 -1.7491071132e-01 -2.9090678837e-01 4.5586227360e-01 -3.5243940544e-02 1.2030129726e-01
-9.8535506701e-03 1.6937027278e-01 1.3333695315e-01 1.9018166258e-01 3.2317123433e-01 -2.2453991025e-01 1.9707233381e-01 8.7910181743e-02 -6.7028610660e-02 -2.6776754244e-01 1.3619135288e-01 1.9032697683e-01 -1.0499946371e-01 -2.2833167532e-02 -3.6109165718e-01 -1.5518657244e-01 -1.8050563536e-01 -1.1114616940e-01 -5.0913610141e-02 2.5136369133e-01 4.1487315287e-02 -4.9468866494e-01 -3.8515651966e-01 1.5908881272e-01
-1.6071902021e-01 9.5766950488e-02 3.6995953879e-02 -1.0702801058e-01 5.8613622373e-01 -1.1667093141e-01 3.9833643566e-01 -6.3735677041e-01 3.8039497620e-01 2.4032633238e-01 -4.1325375944e-02 1.7814764411e-01 -6.3232307898e-02 1.0047336935e-02 3.4971928588e-01 5.9647677261e-02 2.9881659171e-01 4.4568546981e-02 -3.2726267600e-01 -1.7139781260e-01 3.5350820064e-02 4.7576156375e-01 1.1308650305e-01 -9.5505185001e-02
-1.3725477050e-01 2.9072006188e-03 -1.0015301573e-01 -5.5055240503e-02 -1.1108539148e-01 -1.1223750853e-01 3.4419056196e-02 2.0156292328e-02 1.1908061620e-01 3.4446444217e-01 4.7509935746e-01 -1.1957005922e-01 3.5771874712e-01 1.3699649492e-01 -3.2613204367e-01 -5.5251414747e-02 6.0274342113e-01 -2.9608115431e-01 -2.8362284561e-01 3.7846023687e-01 -1.3822856054e-01 -4.1845590514e-02 -4.5013672045e-01 5.6999265459e-01
1.8648682164e-01 5.5370066097e-02 -5.0821113927e-06 -4.0386538985e-02 -1.5281793592e-01 1.9898699388e-01 -8.6030635925e-02 -3.1464764752e-02 1.6712235548e-01 -5.7948158248e-02 2.0095750988e-02 2.4935079598e-01 2.8080149026e-01 -2.5041460359e-01 -1.0794196106e-01 -2.8046710153e-01 3.0256847952e-01 -1.4560843141e-01 1.6905123359e-01 2.0816850407e-01 -1.3177486857e-01 1.4634793737e-01 -1.8585553368e-01 -1.2028382037e-01
-1.6579064564e-01 6.5207147271e-02 3.0954953183e-01 -1.8904287354e-01 4.9334265263e-02 -4.2737113608e-02 3.1543550290e-01 -1.0555483731e-01 8.0732779079e-02 -1.8461781402e-01 -4.0102491863e-01 -2.0546347231e-01 4.2323893191e-02 1.3817561232e-01 -1.1153438478e-01 -2.3499108538e-01 4.4707712956e-01 -1.8934194173e-02 2.6048431581e-01 6.9759701362e-02 5.7408564738e-02 -1.9893501215e-01 -4.6333927079e-01 6.1887457182e-02
