1.6025728144e-01 -1.7861326908e-01 -6.7739723025e-02 -1.3757024924e-01 -1.1484238679e-01 -2.0807064879e-01 1.2802024923e-01 2.0610242384e-03 1.0774843552e-01 -3.7268009400e-03 -2.5531721395e-02 -2.4408365376e-01 3.6345739377e-01 -1.1310454541e-01 -2.0427167250e-02 1.0865743523e-01 -1.7837424209e-01 -4.7842870832e-02 2.9402716463e-01 -6.8070191338e-02 2.8559493012e-01 8.1272442141e-02 6.6577402754e-02 -5.2750571688e-01 1.4769150335e-02 7.6620309985e-03 -1.7809990232e-01 1.2948499510e-02 -1.3089126568e-01 -2.4226942192e-01 5.5927976526e-02 1.9932569214e-02
3.5587979818e-02 -2.8061276271e-02 3.4306014707e-01 1.3502002958e-01 8.0794038007e-02 2.0821882289e-01 -7.4640315349e-02 2.0543017070e-02 2.6720491561e-01 -4.9396729011e-02 1.8828303459e-01 -2.2720048326e-01 -2.0295361850e-01 -1.4977567027e-01 -2.9753365362e-01 4.9119966192e-02 -1.1080261864e-01 9.3544921599e-02 6.2111355807e-02 2.7472105424e-01 -2.9221090040e-01 -2.6714267859e-02 3.5020990199e-01 1.0959526329e-01 -1.6212224932e-01 5.5412317563e-02 1.9291227941e-01 6.7476031877e-02 -8.5683024535e-02 1.4387691664e-01 -3.5202047377e-01 -5.5775376121e-02
-2.6539888595e-01 1.5231540017e-01 -2.4214439119e-02 1.4238821964e-01 2.6654348703e-02 1.6678744215e-01 9.5778914172e-02 9.3989811109e-02 1.8767403869e-01 -3.1834376521e-01 -1.7787587279e-01 -2.0350602289e-01 7.1496411780e-02 1.3729745047e-01 1.8374780699e-02 -1.1652573746e-01 -4.7635956488e-02 -4.8300668026e-02 -1.5438762985e-01 -4.3221883899e-01 -9.3180175763e-02 -2.5087381182e-01 -3.0878885984e-01 1.5051092345e-01 -5.4464836819e-02 -1.1545052152e-02 2.5373296881e-02 6.1031258841e-02 6.9020558225e-02 -1.5213099509e-01 -7.5370414271e-02 3.0513890723e-03
-9.6995435787e-02 2.6948575903e-02 1.0659061972e-01 1.2607579976e-01 1.5247275574e-01 -1.7141562129e-01 -2.0973547174e-02 -6.0608816056e-03 1.8303093144e-01 9.6584423599e-02 1.7289358702e-01 -1.8823471990e-01 -5.9404601506e-02 -5.6247386056e-02 7.8575773531e-03 6.5542979883e-02 -3.2414790640e-01 -1.9544992052e-01 -8.9671896916e-02 -1.3252229029e-01 -1.3242654758e-01 -6.4361995261e-02 -1.2650692293e-01 -1.1576732731e-02 -1.0727798085e-01 3.1557948100e-02 4.6790556013e-02 -6.8649658572e-03 -1.2978755617e-02 -7.3113754889e-02 1.9322452393e-04 7.6362772506e-02
1.9625086465e-01 1.3960203593e-01 1.2319532908e-01 -1.4658599914e-01 3.0118889507e-01 -2.3899228507e-01 -1.5675210648e-01 1.8750190396e-01 -3.8088930301e-01 8.9448854765e-02 -5.1347254569e-03 1.1383535644e-01 -4.2319103360e-03 -5.9745317644e-02 5.6906785080e-02 -3.1820514387e-01 -3.6960869433e-04 -3.9832040211e-01 1.7743254064e-01 -2.4725098720e-02 -4.8301920121e-02 2.0122261707e-01 6.0885726821e-02 -7.4565592342e-02 8.3009559103e-02 1.1445696597e-01 7.9604862753e-02 4.0987401707e-01 -1.9305719593e-01 -1.0272440886e-01 -2.4049109604e-02 -9.3574209331e-02
4.4426729637e-01 -3.1523434836e-01 2.9700355671e-03 -1.6735970642e-01 1.3901604668e-01 3.8098121394e-01 2.8770764804e-02 -1.9839907932e-02 4.3084350775e-01 6.0089571349e-02 4.9211963056e-01 -2.0403834702e-01 -1.9378809887e-01 1.3857914725e-01 -5.2123491189e-02 5.1341140793e-02 -1.5663967812e-02 4.4578537055e-01 4.5303674052e-01 3.2705270320e-02 4.9503639811e-02 3.5069361826e-01 2.1464032981e-02 -6.0395474714e-02 -5.4045931454e-02 -1.5843200147e-01 9.9443332193e-02 -6.5911260155e-05 1.3806335750e-01 2.0500378297e-02 8.8631110793e-03 -3.0443314706e-01
6.7158411744e-03 -2.1027558843e-01 1.3512900696e-01 1.4162711950e-01 -2.7001669920e-01 2.4429922437e-01 8.3168225417e-02 5.2162346606e-02 -6.5130225623e-02 3.7806595986e-01 -1.0688298517e-01 -1.5499704356e-01 -5.6947855527e-02 8.4808398725e-02 4.3071637453e-02 5.3922508986e-01 -2.6235054664e-01 1.0164888905e-01 4.3654858511e-01 -2.2611758663e-01 -1.3673525182e-01 1.7652802566e-01 -2.5704521104e-01 3.2902136644e-01 5.0385568932e-02 -1.7049548784e-01 5.8117303974e-02 -4.6963136530e-02 -2.8288311316e-01 2.8228358534e-02 -1.4840163999e-01 1.4463284587e-02
-1.3657258471e-01 6.0325196977e-02 -1.3709981215e-01 -2.4332728759e-02 -2.1555440992e-01 -7.1466120854e-02 1.5494179393e-01 7.6149300977e-02 8.0901530133e-03 -4.4309835362e-01 1.9155544915e-01 -9.6194287254e-02 8.5946027687e-02 1.8470154963e-01 -2.0445184980e-01 -4.1924762661e-01 -5.5265350672e-02 -1.9986850125e-01 -1.1145911613e-01 -1.0915128656e-01 4.6894187930e-02 -2.6291840157e-01 6.0735017887e-02 4.3659132899e-02 -2.0374361529e-02 4.3069690044e-02 -1.5080991435e-01 -8.6036826798e-02 3.7334192064e-01 -1.4003272245e-01 -1.4249962170e-01 2.8097619469e-01
-2.9039403415e-01 1.1685391281e-01 2.7010648005e-01 -6.2063517980e-02 -6.4946475539e-02 1.0533053621e-01 -1.3620461141e-01 2.6346570082e-01 5.9243073607e-02 -1.3701659457e-01 -1.0501498493e-01 1.3275753595e-03 8.6525109075e-02 1.9026061649e-01 1.2799464618e-01 -1.3866426894e-01 -1.2544346014e-01 1.4827689467e-01 3.8592190598e-02 -5.2632545417e-02 3.9912041450e-02 5.1909056478e-02 -3.4411146765e-01 6.7790439001e-02 -3.3070560480e-01 -2.9093288860e-01 1.2472589810e-01 -8.0040475940e-02 -6.9309293425e-02 -4.3446115255e-01 -1.0006690187e-01 2.1412289549e-01
-2.6611535646e-01 1.9534566263e-01 -1.2286307661e-01 1.9462919595e-01 1.5816764669e-01 -1.3820464889e-01 -1.6795830981e-01 5.1898767276e-02 -3.2599714942e-01 -8.0817135981e-02 2.3601520707e-02 -1.7438511271e-01 -1.2941658470e-01 -4.8149810955e-02 -9.2369439497e-02 3.1998443546e-01 1.6842140257e-01 3.7067811545e-01 3.0005800477e-01 -5.1122817538e-02 4.2842282155e-01 1.3574625468e-01 -5.1756319484e-02 2.4657058590e-02 2.9754540100e-01 -1.2761713036e-01 4.1947379832e-02 1.8144464619e-01 4.7140374298e-02 1.9534817020e-01 -1.0894111410e-01 3.3114462617e-02
4.5484809439e-02 9.7907783163e-02 -1.7862873855e-02 1.0867814166e-01 2.5691976292e-01 -1.6824582835e-01 1.2246697594e-01 2.4990440550e-02 1.8993505035e-01 2.0143217917e-01 3.4831351752e-01 -1.4312179523e-01 9.3311814900e-02 -2.5844382898e-02 -1.6100899662e-01 -3.4712103897e-01 4.0285355111e-03 -1.0370092669e-01 -9.3355180946e-02 3.8935271774e-02 1.1598709446e-01 8.2254661124e-02 -2.4074289507e-01 3.6076325262e-01 3.6757371631e-01 1.8141628698e-01 1.4208062191e-01 -7.4796464746e-02 -1.7292473745e-02 -1.1404047119e-01 -1.4376072330e-01 2.0163021209e-02
-1.0687099589e-01 3.1399739307e-02 1.4546688032e-01 -1.3947480444e-02 -2.1895213512e-01 -9.8820458133e-02 2.9310227784e-01 -2.4595587389e-01 9.2785713035e-02 3.6634043573e-01 2.7786396358e-01 -1.6943713631e-01 1.5297843859e-01 -1.5962394275e-02 -1.3364983847e-01 -2.8767854156e-01 1.9292791661e-01 6.1039856446e-02 2.1455171476e-01 1.1724095164e-01 -1.6834203167e-01 3.5315359748e-02 1.3381232849e-01 5.2171717832e-01 3.8299055620e-01 7.4833067631e-02 2.1454228621e-01 1.1800736769e-02 -2.3179665595e-01 6.6086692303e-02 6.4301262803e-02 -2.7014440651e-01
1.8755145623e-02 2.2936151816e-01 8.6179357610e-02 -7.1825132146e-02 6.4329314637e-04 2.2765423806e-01 -2.4682146652e-01 1.8794613893e-02 1.6280285387e-02 -4.2415062658e-02 -2.2132110992e-02 1.8959262847e-01 6.5153376231e-02 -1.6906959841e-01 -6.2728797366e-02 1.2120859179e-01 8.5093969666e-02 9.5946321601e-02 -4.5185137716e-02 -7.0767970512e-02 -1.3718663869e-01 5.2378225634e-02 -1.0864065909e-02 2.7505079726e-01 -3.2203728380e-01 -1.6651902882e-01 3.8267550226e-01 1.0879367406e-01 2.2087011987e-01 -4.4399265836e-01 1.9793674633e-01 -1.4854688816e-02
-6.7900926806e-02 1.0836846734e-01 7.9071640286e-02 -2.1005474572e-01 2.8337203335e-01 6.7813169248e-02 -2.4045711344e-02 8.7938764949e-02 -2.6224866228e-01 -3.0835476705e-02 4.6874645901e-02 2.2799519686e-02 -2.1505162903e-01 9.2695566647e-02 1.9037386639e-01 -1.1198400151e-01 1.9781487553e-01 -1.3496320088e-01 1.0920174715e-01 2.4569443702e-01 -1.7905240174e-01 -2.9697940234e-02 1.0208017979e-01 1.9481527978e-01 -1.1886318484e-01 2.0895815540e-01 -1.5070863740e-01 -1.0980484497e-01 -2.6927714653e-01 -1.6041816094e-01 -9.5841330152e-02 -3.7535836498e-01
5.1229369260e-02 -7.0217592461e-02 9.3516919208e-02 -7.6899808816e-03 -1.0535130810e-01 -1.0507545009e-01 -5.3051624482e-02 -8.5732000409e-02 -2.0617257997e-01 8.8869620129e-02 -4.9602152985e-03 -1.0692076170e-01 1.5304116877e-01 1.6834706724e-02 6.1817483233e-02 3.3358540498e-01 1.1848874226e-01 1.6542120332e-01 1.1777059515e-01 7.5133618655e-02 2.2536224745e-01 -6.2141314029e-02 -6.6315736999e-02 -6.7700697801e-02 7.2091524955e-02 -2.1346321266e-01 -4.9562386842e-01 -3.1229136381e-02 -3.2714190850e-02 -1.7372149522e-01 1.2433886488e-02 -1.2494395437e-01
-2.4052747053e-02 -1.1022433722e-01 4.2619868187e-02 -1.8888520973e-01 -7.9310852815e-02 2.9069602209e-01 -1.5280846963e-01 9.8699277428e-03 8.0632296842e-04 1.4910404937e-02 -1.0812602925e-01 -1.7472189306e-01 1.9647679071e-01 -5.1935750328e-02 3.3845615713e-02 -2.8232974357e-01 1.4752576087e-01 2.5528286861e-01 1.5946529950e-01 -2.6802455311e-01 -8.7309439954e-02 9.9411818022e-02 5.4334001730e-03 -1.9159257017e-02 2.1405806781e-02 -3.3614094968e-02 2.9113575279e-02 -2.5000153389e-02 1.6820222492e-01 -3.1502490066e-01 1.5471618016e-01 -7.6054267160e-02
-1.2042907362e-01 -2.0170620846e-01 -1.2589861513e-01 -1.4598796336e-01 1.7160560854e-01 -7.5901868960e-02 -2.4484027242e-01 9.1810985901e-02 -3.0489510260e-02 4.4548627189e-02 -1.9308626450e-01 -1.1487590311e-02 3.1356199186e-02 -4.5502438779e-02 2.1740816402e-01 -8.7254379360e-02 1.4924468962e-01 -1.0003996922e-01 3.2481291005e-01 3.6640107035e-01 4.9386155241e-01 1.4619874017e-01 -7.2018177631e-02 -7.6549348130e-02 -2.5133876129e-01 1.8642880401e-02 4.4215928615e-01 -3.7024589330e-01 1.3396492932e-01 -2.2167492272e-02 6.0115935354e-02 1.2224606909e-01
1.5080757155e-02 1.1712508071e-02 5.5911253823e-02 -5.9891127548e-02 -9.0977678369e-02 2.0927040000e-01 -1.1711160586e-02 -3.6140407129e-02 -1.3948270653e-01 -1.0459990445e-01 2.9875287818e-01 -2.5090104078e-01 -3.9467343781e-01 -1.1856563124e-01 1.5750758669e-01 -3.1022771387e-02 -1.4142786904e-01 -6.6796696652e-02 -3.1820666350e-01 -1.0570383546e-01 3.5794726454e-02 5.3830118902e-02 3.0496041583e-01 2.3477661058e-01 3.7489051645e-01 -4.1493928714e-01 -2.0319486031e-01 -3.1899268509e-01 1.7477127481e-01 2.3431365893e-01 2.0415112787e-01 -2.0242126791e-01
4.0817804726e-02 8.6477335813e-02 2.5157956477e-01 2.2104842404e-02 -6.5445371008e-02 -1.1435968399e-01 8.0505064794e-03 -1.1986400354e-01 -6.4926627549e-02 -2.9016071887e-01 6.4395320677e-02 -3.0160594825e-01 5.3694202574e-02 -1.8517283100e-01 -1.0990960264e-01 3.1888226436e-02 1.8498028103e-01 -1.3285804973e-01 2.3060352346e-01 -2.6396389500e-01 -2.0694895448e-01 1.0022883094e-01 6.1685924271e-02 -8.7416595117e-02 -2.2174713179e-01 5.5310416799e-03 -1.6085782326e-01 -1.4585658656e-01 8.6936489388e-02 2.6773763555e-01 5.7088039838e-02 8.1083929743e-02
-1.3541215663e-01 -7.9434529683e-02 1.8506126789e-01 6.2786016572e-02 -2.1028604314e-01 2.0485956726e-01 1.4963593297e-01 -2.0594650643e-01 -2.5683844240e-01 -4.2274497477e-02 1.2219512137e-01 -6.8823514241e-02 -2.2641723096e-01 -2.5152249479e-01 -5.7241976941e-02 1.0775113767e-01 6.6820637399e-03 -3.8420528022e-01 1.8727711032e-01 2.0985417494e-01 -8.8040479612e-02 -2.0799772066e-01 1.2976679121e-01 3.7771484176e-02 -1.2571354641e-01 6.3453464431e-02 1.8760838208e-01 -2.6071623808e-01 -9.1837778487e-02 1.5502645700e-01 -1.8128133892e-01 -9.1520724789e-03
3.1765442986e-01 -1.6976531611e-02 1.8162675692e-01 -1.1661588404e-01 5.1365957376e-02 -1.3098191301e-01 6.8240193460e-02 7.0997727860e-02 2.5796455739e-02 7.7330353667e-02 -7.8474487421e-02 -2.5326351160e-01 1.8612116002e-01 1.2009967809e-01 5.6863592476e-02 -2.2762998744e-01 -3.3656193594e-01 1.0698842384e-01 -4.3219095607e-02 -5.2230797305e-02 -2.0393834633e-01 2.3952168648e-01 -1.1506418740e-01 -1.8993572560e-01 -1.2040682593e-01 1.6330369820e-01 -1.5792659990e-01 1.8898707184e-02 1.8600663043e-01 -6.8663575380e-02 2.1195170595e-02 -1.1539071127e-01
-2.1030135267e-02 -1.9230463360e-01 -4.2268371687e-02 -2.3430307266e-01 1.1431890466e-01 8.7640637013e-02 -1.5331513159e-01 4.8719691414e-02 -2.8703611665e-01 2.8829127443e-01 -5.6540353988e-01 2.6524971763e-01 -1.1910422447e-01 2.2567635362e-01 6.2518126085e-02 1.7165677523e-01 -2.8232902269e-02 -7.7243005606e-02 -5.4820784548e-02 -6.9904024015e-02 -2.8036163372e-01 -1.4594401509e-01 -1.9266455147e-01 7.0872406062e-02 1.5594186514e-02 -1.4300250841e-01 -1.4775310336e-01 -5.7784178964e-02 1.4153729189e-03 -1.8752879099e-01 -2.1823023018e-01 -4.6368763408e-02
1.4054665974e-01 1.1855051559e-01 1.8156986648e-01 1.6750245341e-01 -3.1002083958e-01 1.0171820266e-01 -1.1098218564e-01 1.1787566306e-01 2.6045897766e-02 4.2519425158e-02 -6.5712080217e-02 -1.5237184269e-01 -4.8875214772e-02 -1.2903821215e-01 -3.4178873414e-01 -1.3783100449e-01 -1.2719592637e-01 2.6155029460e-01 1.5764684921e-01 4.1308667607e-01 -1.4414516100e-01 -1.7860451305e-01 -1.0058580053e-01 2.2762827562e-01 1.1878369471e-01 -1.5810319620e-01 4.0131440385e-02 -1.2255329698e-01 6.3629535563e-02 9.0792350014e-02 -1.8075301420e-01 5.3950449314e-02
-1.9679113238e-01 -5.5121219818e-02 -3.9515655127e-02 -7.4326073013e-02 -2.6596836820e-01 1.7301156889e-01 2.6602218255e-01 -1.0449392549e-01 -2.8377228183e-01 2.3702130664e-01 2.5434118907e-04 -2.0197012027e-01 2.9526787002e-01 -1.9110004188e-01 -1.9560354855e-01 7.1492307803e-02 1.1673093548e-02 -5.3323870425e-02 1.1161113307e-01 -3.7196213117e-01 2.8374720023e-02 -3.8306530268e-03 -1.4095208409e-01 -2.9477229768e-01 -1.3865026148e-01 5.4346884786e-02 1.4500106563e-01 -5.8748341279e-02 5.1293306055e-03 3.9874944952e-02 -1.2316322694e-01 1.6436875934e-01
-6.5171630594e-02 -1.0623696595e-01 -1.8583087927e-01 1.6123356252e-02 1.7707882241e-01 -4.3261150033e-02 4.9355931595e-02 8.8479864527e-02 -2.7043908715e-01 -1.7171227999e-02 -8.3453489495e-02 -1.6021418285e-01 -3.0475185235e-01 3.7411907477e-01 -7.8623737636e-02 2.0940365129e-01 2.7012760561e-01 1.7748636144e-01 3.5210937501e-03 -9.1664773114e-02 -7.9056335664e-02 -2.4944201099e-02 -4.2308783194e-02 -1.2524283712e-01 -4.2763803735e-02 2.8238583886e-01 -4.6439051156e-02 8.9246368523e-02 2.4613327419e-01 -1.0986425089e-01 -1.1033697785e-01 -2.5662806069e-02
1.4665648611e-01 -2.2689340892e-01 -1.6144867867e-01 -9.0103432025e-02 -2.4041174772e-01 -5.9582048191e-02 2.0731817312e-01 1.5217898297e-01 7.5919758087e-02 8.1061960833e-02 -1.8173600573e-01 5.4340974865e-02 -2.0887974254e-01 3.1190960014e-02 -2.7513258422e-02 6.9311065142e-02 8.9733304417e-03 -8.8468192919e-02 3.4525772900e-01 -1.1943252051e-01 -3.0172240284e-01 8.5716618483e-02 -6.2022674923e-02 1.9454854854e-01 -1.9167129928e-01 -1.0878345495e-01 3.2404676538e-01 -3.5199681447e-01 -5.0692905164e-02 -2.8687616420e-01 2.7202273421e-01 -4.4527325348e-02
-1.4149430475e-01 3.4453214596e-01 2.6548804460e-01 -8.9627318939e-02 2.1291755790e-02 -2.1559989164e-01 -3.8201251994e-02 1.0426364283e-01 8.0949382756e-03 1.3771984635e-01 -6.3767128464e-02 -7.1098375864e-02 -1.1743011444e-01 -9.7090431429e-03 1.2787003302e-01 -2.7974944548e-02 -5.6055899910e-03 7.8632445673e-02 2.5539489037e-01 -1.3878255639e-01 9.6635678803e-02 6.4318022856e-02 3.4598976831e-01 -1.3552613350e-01 3.5373845861e-03 -5.4557583704e-02 -1.3668974671e-01 1.5553662564e-01 7.0358746262e-02 -1.1846080938e-01 -2.4845188826e-01 -6.5857431794e-02
-2.6247215207e-01 2.0400085553e-01 1.1009346898e-01 -3.1821595136e-01 1.3097549259e-02 4.1767135831e-02 5.5709633105e-02 -3.8408881598e-01 2.9479812787e-01 -5.0599090367e-02 8.2190437495e-03 3.1791739783e-01 -3.8885173410e-01 -7.2453691858e-04 7.1738025389e-02 3.4618549478e-01 -3.9485862484e-02 1.3060788760e-01 1.9309167056e-02 8.0185038595e-03 -6.5118263785e-02 8.8007669638e-02 -1.4236766751e-01 -2.3811390512e-02 -9.7082053948e-02 -2.3636082273e-01 -2.2211159232e-01 4.3531865080e-02 -1.8730365398e-02 1.0900521659e-01 -3.0741442747e-01 -5.3318293684e-02
-1.1788109598e-01 8.9301482987e-02 -3.1560758224e-01 1.1643193199e-01 2.6049221794e-01 -3.2670724237e-01 -1.7512314511e-01 7.2182665915e-03 1.4519211238e-01 -1.3676711479e-01 -5.0637177092e-02 2.5084661077e-02 -1.0063780175e-01 7.5586633597e-02 -3.2793195497e-01 -1.3445434077e-01 -2.2583605349e-01 -3.4208679412e-01 7.5342123216e-02 1.9618439652e-01 5.6608496102e-02 1.9445321881e-01 -6.9062595969e-02 8.8580471296e-03 1.1390226121e-01 5.4424551985e-02 -8.3083444820e-02 1.6498302028e-01 -3.0277141179e-01 -1.1633885427e-01 -5.8744856673e-02 9.3719016083e-02
-3.3502786387e-02 -1.1638691257e-01 -1.5040384172e-01 -2.7995970472e-01 -2.0929062153e-01 2.0997241525e-01 -9.4654266471e-02 -2.2184324696e-01 9.9845491162e-02 -1.7046620562e-01 1.3729964564e-01 8.0396512431e-02 2.2784413804e-02 4.4832066206e-02 3.9028090689e-01 -2.2427350677e-01 1.6501123991e-02 1.3627128112e-01 1.5707459548e-01 4.3377552783e-02 1.0548223395e-01 1.6019855343e-01 9.1164302239e-02 1.5378843192e-01 1.9817260614e-01 -1.2845496574e-01 -5.6391249443e-02 2.8018236938e-01 -4.2132863514e-02 -2.3200338169e-01 -1.0789963325e-01 2.2372432628e-01
-2.7720220972e-02 5.2413747533e-02 2.1291268755e-02 1.3491339111e-01 -2.9016905541e-02 -1.9681623720e-01 -4.6445959513e-02 -1.4328935805e-01 4.0487011499e-03 2.1230627705e-01 2.1234134470e-01 2.9898444114e-01 -4.2510388186e-02 3.9077204086e-02 -4.9909384209e-03 -8.9189329305e-02 -4.4879695921e-02 -1.3056771508e-02 4.5261056828e-02 2.5002717816e-01 -5.8181009517e-03 -1.9883839383e-01 1.9852560756e-01 -1.1831081412e-01 -8.0510130000e-02 1.1310319645e-02 -7.4871759752e-02 -1.9114861696e-02 6.2655765533e-02 7.2323418621e-02 1.5380584911e-01 5.4763604255e-02
-7.0121809902e-02 -8.9503843600e-02 -2.5009294486e-01 1.6922724209e-01 1.3728222040e-02 -1.3962611583e-01 -1.4568129948e-01 -2.2697750875e-01 1.6704615534e-01 -2.9018860443e-01 2.6041040005e-01 -1.9454032280e-01 1.0960692840e-01 3.2177836379e-01 -3.4755738144e-02 4.5211673560e-02 5.7606937279e-03 -1.6894598740e-01 -4.2335360025e-01 2.3131211188e-01 4.2568172753e-02 4.7984460254e-02 2.5548557797e-02 -6.5260759826e-02 2.3250244540e-01 9.3957087582e-02 4.5742491638e-02 -8.2758215890e-02 -5.6605402086e-02 7.1642585638e-02 1.3129118269e-01 7.2839250868e-02
