-9.3633424781e-01
-1.1518886701e+00
-5.0301380548e-01
1.7711917574e+00
1.2385181591e+00
-8.4958170631e-01
2.6852857083e-01
4.5572504458e-01
-1.7602622308e+00
2.1657514199e+00
1.9077920251e+00
2.4908250194e+00
8.8747925112e-01
-3.8298478698e-02
-5.3059909894e-02
8.2254413469e-01
-5.8326414614e-01
1.7821744295e-01
-1.6196189361e+00
-4.1902405241e-01
1.2166495382e-01
5.0409014819e-01
-3.3329847443e-01
9.8643304506e-01
2.1348991624e+00
-6.5094588068e-01
1.3629128489e+00
1.1363837161e+00
9.5536844073e-01
4.9018037037e-01
-5.6929140505e-01
6.9123512799e-01
