1.4431681222e-01 2.8843556959e-01 -3.4556038228e-01 8.9604243549e-04 6.4209503462e-02 -2.4652802290e-02 1.6613276159e-01 1.0532750723e-01 -2.9756482976e-01 1.9627256692e-03 2.3547185389e-02 -6.5065288010e-02 1.3733677795e-01 -3.2164320806e-03 -5.1726183499e-01 1.4511767313e-01 -7.0398646115e-02 1.7250209327e-01 -2.6160161573e-02 -9.5095387611e-02 -8.2363523442e-02 4.4713795746e-02 1.1728814831e-01 -1.1016705679e-01 -1.6463216911e-01 -2.3987622907e-01 -1.1949437547e-01 1.5358349576e-01 7.3458957407e-02 1.2096874891e-01 1.6210907964e-01 1.9850750991e-01
1.2116618460e-01 1.9227091322e-02 2.8572642050e-01 -1.5511174937e-01 -2.5855019000e-01 4.3838078220e-01 9.0978069557e-02 1.0955072403e-02 5.2121303545e-02 2.3161184078e-01 -2.6494096035e-01 2.1743976459e-01 6.9281235773e-02 -9.4102606483e-02 -2.9281228477e-01 -1.9896291850e-01 1.2720929709e-01 1.7570727053e-01 5.4794906122e-02 2.1686324807e-01 -1.6611649141e-01 1.1897662696e-01 1.0303014016e-01 -2.1652200233e-01 2.7654557691e-01 -9.7255451124e-02 5.1555230122e-01 -2.2831770523e-01 -3.5383270327e-02 -2.0645857710e-01 -4.2374542133e-02 1.8471600862e-01
3.7135405415e-01 4.5232011614e-01 2.2109791088e-01 -2.5443714045e-01 2.4176891289e-01 -2.7696656711e-02 2.1980382635e-01 1.9853989192e-01 -3.2337249055e-01 1.4851559883e-01 -1.2368067111e-01 2.9705715570e-01 -1.2361367317e-01 -1.8101556972e-01 2.2877191815e-01 2.1554004490e-01 1.4750249718e-01 6.4104762005e-02 -2.6748368576e-01 -3.4781251748e-01 -4.0501467405e-02 1.9737047686e-01 -2.5913055762e-01 -7.9158859865e-02 -4.4859192864e-02 -2.0218828541e-01 -3.9359514407e-01 2.1289947794e-01 1.2139800363e-02 -1.5311083567e-01 -1.2499280694e-01 4.6179273196e-01
-4.3416394931e-02 1.6099832676e-01 -8.1596223294e-02 7.1091104812e-02 2.6472918946e-01 1.1692832819e-01 -3.0697462465e-02 -1.6091159863e-01 -2.6590485912e-01 7.9386560027e-02 -2.5618235706e-01 -8.7963316877e-02 -2.6746935094e-01 -1.4295921502e-01 -3.0689041706e-01 3.3841575381e-01 6.5799206975e-02 3.1724948777e-01 -7.1516842481e-02 1.5631472188e-01 2.9487857945e-01 3.5654154125e-01 1.3545853595e-01 2.6099718064e-01 1.3383686492e-01 -2.8636540330e-02 2.4301345567e-01 -5.8100348732e-02 -2.4622474933e-01 -4.8548405130e-02 9.9449126078e-02 -1.2972272116e-01
9.5350922035e-02 2.5624727527e-01 -3.7128917117e-01 2.0219683954e-01 -6.5940885160e-02 2.5271331509e-01 -9.2207885962e-02 -1.5279057298e-01 -6.1016764000e-02 1.8513433061e-02 3.0212881706e-02 -1.6799855553e-02 3.3263637152e-01 -1.4328871816e-01 2.5734288841e-01 3.1295599633e-01 -4.1403774619e-02 1.0377122600e-01 -3.3742249744e-03 -8.9516989087e-02 -2.0525509094e-01 -3.7236700557e-03 3.0319794159e-01 -1.8472783005e-02 2.3645668321e-01 -4.7382168776e-01 1.4132599898e-01 -3.0497580910e-02 3.8872251412e-01 1.6613784772e-01 3.3618291748e-01 -9.3153996184e-02
-4.4589185683e-03 -1.9202759121e-01 3.3293628603e-02 5.6940630818e-02 -2.4603649597e-01 -1.1862641521e-01 -7.8052476300e-02 -2.3634391248e-02 -7.5038337794e-02 1.0640736262e-01 1.1193920582e-01 7.4004096017e-02 8.0247157270e-02 6.7662155770e-02 -1.2249143814e-01 4.7140871644e-02 -7.8696696179e-02 3.8910165897e-02 4.0470525645e-01 -1.5047198772e-02 1.0840784599e-01 -2.4685952748e-01 -1.4503043297e-01 1.5245722268e-01 -1.3361855756e-01 9.8607121780e-02 1.7907063077e-01 -5.4523127272e-02 -2.9531406888e-01 1.0820286392e-01 4.2759243123e-02 -2.1313070893e-01
-1.9034533849e-01 -1.8655042038e-01 -2.4166148875e-02 -8.7202780314e-02 2.8601655571e-01 -2.8490771461e-01 1.2368682141e-01 1.4198512890e-01 3.4028407447e-02 2.4348273980e-01 6.4122530790e-02 7.0045195226e-02 1.6330568441e-01 6.3905756807e-02 -8.8171935820e-03 -1.1558271075e-02 -2.0080190598e-01 1.5213839900e-02 -2.7832851705e-01 1.4357628852e-01 -3.0325269976e-01 2.0346141176e-02 1.9201355602e-01 -2.6012352633e-01 1.0742528878e-01 -1.3510917097e-01 2.5350926445e-01 2.1104206628e-01 1.8686596701e-01 2.7898685869e-02 4.0534517046e-01 -3.6262539957e-02
1.8894626263e-01 -3.6602893453e-01 1.0654624024e-01 -3.9527107341e-02 2.0184501171e-01 -1.3633786504e-01 -6.8715871386e-02 2.5968066672e-01 -2.6661661696e-01 -5.2495138182e-03 -2.0107506909e-01 1.4089514217e-01 2.0286781903e-03 1.2101274805e-01 2.1138638724e-01 7.0347567732e-02 8.0815021256e-02 2.9508724960e-03 -2.7940553998e-01 2.0386450075e-02 1.0954274173e-01 -4.2375887807e-02 5.1397051844e-02 5.8501035769e-02 1.6002953130e-02 -8.2360780003e-02 1.3079846241e-01 2.1531707932e-02 2.4302636113e-01 -3.7320139830e-01 -1.8178846530e-01 7.6571900268e-02
2.3672345794e-01 3.8942752692e-01 -2.4990339550e-01 3.9713468994e-02 -2.2763116922e-01 7.2833443591e-02 -1.1225099214e-01 1.1169427970e-01 -1.3723955570e-01 7.7456881111e-03 6.4485180369e-02 -2.1376959322e-02 3.3621258816e-01 -1.1164190609e-02 3.2474336477e-02 3.8947737132e-03 5.9311122918e-02 -1.2851507258e-01 -9.9133234593e-02 -1.2720257447e-01 8.3374779658e-02 -3.4042997104e-01 -1.8901673979e-01 1.2885685767e-01 4.8297117665e-02 3.2033361929e-02 -1.8057736860e-01 1.3711439073e-01 2.5697256329e-01 1.4044975853e-01 5.8471988500e-02 1.3549698142e-01
-1.7481585666e-01 5.8263765596e-02 -2.6631136773e-01 -6.9831202958e-02 -1.8009954557e-01 1.7970586798e-01 3.9582154023e-01 -1.7779410360e-01 -7.3064468447e-02 -1.7059337710e-01 -4.9649234534e-01 7.7302827031e-02 6.2710106112e-02 7.5863452847e-02 -8.8334473205e-02 -1.4288802055e-02 -9.6369569606e-02 2.9442538334e-01 2.0901063821e-02 -5.5173349265e-02 -2.3001454536e-01 -1.1951110352e-01 8.4879652425e-02 1.1389138524e-01 5.6820195085e-02 -1.1610391501e-01 2.5466264644e-02 -1.5736531602e-01 2.8511120762e-01 -2.7722449189e-01 2.0036879008e-02 -3.5794722960e-01
1.8826383725e-02 -2.2851280278e-01 -1.1534405200e-01 9.3470614423e-02 1.2485544034e-01 1.3578301653e-01 3.5928161216e-02 2.4335797258e-01 -6.7040600179e-02 2.6205847367e-01 1.8046832895e-01 -2.3290632238e-01 6.5513953452e-02 1.4338225531e-01 4.3497413639e-02 -8.1968431610e-02 -4.6711103473e-03 -1.2825848834e-01 1.9434836751e-01 6.0326215264e-02 5.8523071179e-02 -1.3784484435e-01 1.2238298363e-01 -1.4670329784e-01 -5.1660688263e-02 1.4017259022e-01 -1.2138835906e-01 1.4400018197e-01 1.6421090315e-01 2.0824851222e-02 -2.4414663242e-01 2.3613932800e-02
-3.1411512511e-02 6.4266022048e-02 -7.0784170785e-02 -2.2605714226e-01 2.0242942102e-01 2.4113763758e-01 2.8464778682e-01 1.7446294819e-03 -1.6265742265e-02 3.0653979724e-01 6.7855008963e-02 4.1753286313e-02 2.4886606356e-01 -2.8026017726e-01 3.0550996023e-01 -1.1426162452e-01 -3.4734512264e-02 -9.3886065146e-02 -1.1726387424e-01 -2.7980735090e-01 8.0433309287e-02 2.4524769415e-01 8.2743789907e-02 2.9214967849e-01 1.0630738559e-01 1.1934331681e-03 -3.1049380933e-02 -3.8160912058e-01 -2.1076234283e-01 -4.5953963644e-02 -1.2435260133e-02 -4.2419340343e-02
6.1991084013e-02 -1.6082269998e-01 -4.3531777392e-03 1.2852883772e-01 1.1788824607e-01 -3.5694122471e-01 6.5223801535e-02 -1.2905914803e-01 1.1133588084e-01 -1.0061835931e-01 -2.6497039675e-03 -1.5834714523e-01 -5.8102337373e-02 -1.6614655286e-01 -4.0643525763e-02 2.9191773346e-01 -1.4747300115e-01 -2.0409443092e-01 2.7711220617e-02 -3.6672093843e-01 1.7227943519e-02 -2.5266066611e-01 -7.3924793707e-02 -7.4679417381e-02 3.8825899246e-01 3.5133764005e-01 -4.7997311649e-02 1.5645410086e-01 -1.7800361963e-01 -9.0230479473e-02 4.4315002841e-03 9.3716876642e-02
2.4152633399e-01 7.0009451598e-02 6.8252467588e-02 -2.8106177162e-02 -1.8349653562e-01 -8.5279693526e-02 -1.7585662843e-01 1.5328272361e-02 4.6605754838e-01 -3.0453724510e-01 -1.9273973094e-01 1.7884516291e-01 2.8799852637e-02 -3.5338108459e-03 1.4183495082e-01 -2.5773840545e-03 2.0444560673e-02 3.4590795770e-01 1.4895812293e-02 1.4355030372e-02 -2.7899765053e-01 -1.1853158629e-01 -2.4715885465e-01 1.2569468129e-01 9.6080826099e-02 3.1683203248e-01 1.6183694823e-01 -5.4253460596e-02 -2.7719978985e-01 -7.8229798999e-02 -8.5511089036e-02 -1.9497632183e-01
1.2801813345e-01 2.8616351340e-01 -2.2210238806e-01 -2.1300380314e-01 -1.5983189308e-01 2.7338242754e-01 -8.3880189590e-02 1.6161954930e-01 -2.7041762368e-02 -1.4165095352e-01 1.3274352580e-01 -3.6204096721e-01 7.1441111765e-03 2.9366287056e-02 -3.3416376335e-01 -3.5220863593e-01 1.9342417595e-01 -6.5193846223e-02 1.4509601014e-01 3.3078229552e-01 1.4775287543e-01 -1.2193809202e-01 -2.1963496812e-01 -9.9839435216e-02 -1.2935150535e-01 3.2472373527e-02 1.5168584471e-01 2.7293921729e-01 1.5596393358e-01 -2.0321103104e-01 1.8356105187e-04 -2.4040144794e-03
2.1314664657e-02 1.8071108414e-01 -2.9129816711e-01 -3.8413031899e-02 2.3123526850e-01 -2.8597691917e-01 -2.2874371052e-01 -5.8725472559e-02 3.8502071310e-01 -7.8327834350e-02 1.0729389392e-01 9.7140074082e-02 -2.4065827003e-01 2.4566485921e-01 7.2184667537e-02 2.0381259500e-01 2.5653670391e-02 1.3194070522e-01 2.3668919485e-01 -8.6856708605e-02 4.7036962013e-02 1.1786409003e-01 -1.3855683526e-01 -4.1193653102e-01 1.4673380823e-01 1.7493252743e-01 1.7624634295e-01 -8.9334993340e-02 1.3818947418e-01 8.4689699159e-02 -2.2833984353e-02 -1.5102547609e-01
2.5489821305e-01 -1.7496161327e-01 2.1079517111e-01 -4.8457779031e-02 -1.7403155403e-01 7.5781117476e-02 1.5497439882e-01 1.5923820610e-01 -2.3415964430e-01 -8.1056286428e-02 -6.6591331327e-02 -8.2377803497e-02 -4.1019227415e-02 -7.4553149952e-02 -4.7511007490e-02 -1.0210397958e-01 -4.0606033249e-02 2.5238187477e-01 -1.9190785765e-01 1.1793313230e-01 2.9950995919e-02 7.7831741885e-02 -2.2076619396e-01 -1.4042938285e-01 -8.6421097918e-02 -8.1107171902e-02 -2.7599759706e-02 1.5192418159e-01 5.9893700412e-02 1.2149595787e-01 -3.1542371397e-01 -2.4573120122e-01
1.1841992101e-01 2.8164281720e-01 3.6256004414e-02 -9.5916567355e-02 9.7204751793e-02 2.1300114281e-01 3.3598585048e-01 9.5362084830e-02 9.6202289105e-03 -2.8156067367e-02 -1.5446461916e-01 1.6821023015e-01 1.1510320519e-01 -3.8846142341e-02 -1.3498133514e-01 -2.3732214547e-01 3.6976321377e-01 5.6010436424e-02 -3.0673687770e-01 -1.0895121357e-01 4.8814438223e-02 -3.1174132599e-03 -1.0264248231e-01 1.5897231337e-01 1.3479024590e-01 -2.0134343924e-01 -4.5929755205e-02 7.7832768424e-02 5.3773311751e-02 -1.1724575800e-01 -2.0698642924e-02 -1.5026510268e-01
-1.8331206626e-01 -1.8364563688e-02 1.1004125540e-01 6.8912895249e-02 -2.3886021077e-01 -7.5261277542e-02 2.3623426404e-02 -3.6485177482e-02 2.7478480470e-01 2.1672399571e-01 1.5820232207e-01 -1.4684820552e-01 4.8827778575e-02 1.1780282096e-01 6.7046021196e-02 1.1453927167e-01 -1.9961536008e-01 2.8471473188e-01 -2.0623413922e-01 3.1230932776e-01 -1.2491951675e-01 -9.4920349740e-02 -4.6980768870e-01 6.7404320579e-02 -2.6593230551e-02 7.4694791481e-02 -1.5203849400e-02 2.3174259882e-01 -2.0680875444e-01 -1.1253057047e-01 7.9421108285e-02 1.4386199550e-01
1.6839671686e-01 2.9660709834e-02 -1.7055011970e-01 -3.9272738552e-01 -1.2597595264e-03 1.7788870789e-01 4.1799866604e-02 -1.0204030677e-01 1.1827147134e-01 5.3638745600e-02 3.6195182518e-01 -9.2987057209e-02 4.3787816606e-01 2.0327948973e-01 -2.5501799163e-02 -7.8879408712e-02 2.8534913577e-01 -5.0142600456e-01 -1.2397501656e-01 1.4167554706e-01 -1.5194396255e-02 1.4786097107e-01 1.6776922590e-02 -8.2718494160e-02 -3.1788791699e-01 5.1645620435e-02 -8.9331246136e-02 -3.4852205187e-01 -6.0345998119e-02 1.6255256542e-01 1.6036617286e-01 -8.7016241581e-02
7.0657712102e-02 1.9164016697e-01 7.7855812784e-02 -1.7640055260e-01 7.4254349223e-02 -1.4407743297e-01 1.8192854078e-01 2.6343761140e-01 4.1613239413e-05 1.9598454810e-01 -2.8994747204e-01 1.6420034427e-02 -3.2051540375e-03 3.2127057507e-01 2.7955845147e-01 3.1017766837e-02 5.1861114141e-02 4.1817012917e-03 -1.4233580222e-01 -7.9985398854e-02 6.1750098091e-02 1.1242940952e-01 -3.5625834926e-01 5.0945168628e-02 1.2773024761e-01 5.1227927253e-02 -3.4474824156e-01 3.5558211526e-01 4.1975485559e-01 -9.7176177511e-02 -8.5794110875e-02 3.8673877703e-02
-2.9224427803e-01 2.6442463958e-02 2.2867441153e-01 -1.6415838447e-01 2.5125911702e-01 1.0924188010e-02 -7.1372752816e-02 3.4323551342e-01 -2.1632747588e-01 -1.8925127982e-01 1.3394457476e-01 1.0128099831e-01 2.0483215700e-02 -1.1763591372e-01 -6.5029283437e-02 4.9989146491e-02 -3.9226933147e-02 4.2479913949e-02 -1.9466430968e-01 9.2821313279e-02 -6.5587261400e-02 -2.1437771753e-01 2.8510736602e-02 -1.9245398031e-01 -2.7236213669e-02 -1.5166128993e-01 -1.1934219836e-01 9.4016469665e-02 -8.3636891428e-02 -4.8628461745e-02 3.9913271823e-03 2.6413237227e-02
-1.9275800158e-01 -1.3306858093e-01 3.5161965753e-01 -6.8368005769e-02 1.1071137159e-01 6.7060926387e-02 -2.7517769136e-01 7.2825500245e-02 9.5935948857e-02 1.3739812208e-02 -1.7396513157e-01 -2.0430112723e-01 -1.0198209477e-01 1.0579338968e-01 -2.3171625647e-02 -6.0650368795e-02 -1.0485435394e-01 2.1516275012e-01 2.9826372126e-01 -2.4864094214e-01 -8.6899658358e-02 -7.7048728755e-02 1.4618185713e-01 -7.3814448305e-02 -3.1280282579e-01 1.7704035067e-02 1.3698983498e-01 -1.1510205446e-01 -7.3169164189e-02 -1.0950594972e-01 2.5712807321e-01 -5.9552316053e-02
2.1109091665e-01 -5.3732379658e-02 -1.7480868116e-01 3.5120013425e-01 -5.2313193088e-02 -2.9599172667e-01 2.1070196611e-01 5.6725737323e-02 -6.2461357813e-02 -1.5483731605e-01 -2.5835602367e-01 2.6272281562e-01 1.7068131852e-01 2.6114973647e-02 3.6564832739e-01 -1.3140252677e-01 -4.2267830715e-02 -1.5023487314e-01 -1.1252220030e-01 7.7701190680e-02 -1.9858488229e-01 -8.1410301637e-02 1.3472313504e-01 -1.5111010011e-01 9.9961965458e-02 -1.7884018742e-01 -6.6979131746e-02 -3.3616905003e-02 4.6966137118e-02 -2.1331525095e-02 -1.8886227917e-01 -5.8394944983e-02
1.3020133132e-01 1.5235004158e-01 3.2231631031e-02 5.2144546810e-03 2.0522053254e-01 -1.8267581117e-01 5.0780193772e-02 1.6287356778e-01 -1.0837235408e-01 3.4912446732e-01 -1.0634613655e-01 -6.7413871457e-02 -1.4850584218e-01 5.6499747101e-02 -4.2063147226e-01 8.5779483456e-03 -1.3282513733e-01 2.1523355483e-01 5.9181515114e-02 1.3823100667e-01 -1.4998856883e-01 1.8639418118e-02 -1.2297448667e-01 2.0285127789e-01 -5.2263715205e-02 -9.7743600821e-02 -1.7955963001e-01 3.5675452261e-02 -1.2092946312e-01 -2.1410207875e-01 1.1486684579e-02 -1.7874065948e-01
-1.4585201206e-01 -1.5523075823e-01 3.2095449133e-01 2.3416279879e-01 1.0915457889e-01 -3.5762563850e-01 6.6250391345e-03 2.7077524720e-01 2.1099171870e-01 -2.6403286400e-01 6.7749282937e-02 -2.9321113422e-01 2.0785510145e-02 -3.2408545290e-01 1.4789821752e-01 3.4011009885e-02 4.7428706342e-02 8.1548592012e-02 8.9857777853e-02 -1.2652715951e-02 7.9719512021e-02 -3.0662378113e-02 -2.9439117329e-02 1.7944144544e-01 -1.1567349652e-01 -2.2649378222e-01 7.1578827405e-02 5.1222290869e-02 2.2105216169e-01 2.0047618288e-01 2.7468161169e-02 -2.9378039938e-01
1.1898535951e-01 -2.8604833644e-01 4.2112308329e-01 7.7183478809e-02 -1.7035520379e-01 2.5043498230e-01 5.7246439458e-02 -3.6890988049e-02 -1.0543918343e-01 -3.1121850675e-02 5.5066740047e-02 2.8245708881e-01 2.1883802609e-01 7.0591843151e-02 2.2640373494e-01 2.8975730174e-02 9.8938341577e-02 1.3355514687e-01 7.9661561239e-02 7.5744857644e-03 -1.5060594415e-01 -7.3321593039e-02 -2.5950729263e-01 -1.4421638445e-01 -1.6549140762e-01 -3.7346126279e-01 -4.9107181342e-02 1.4811464214e-01 -2.0775887562e-02 2.5824741555e-02 1.7849969931e-01 1.0219255178e-01
1.6304542238e-01 -3.6038837254e-02 -1.0504568031e-01 -2.3694851050e-01 -1.8652677687e-01 -2.3742513683e-02 -1.2860502029e-01 2.1976508964e-01 -3.4947285828e-04 1.9897333974e-01 -9.1375809291e-02 -1.4480414244e-01 -1.0729465888e-01 -1.1767380071e-01 4.1377712997e-02 1.1245300508e-02 -1.1342660027e-01 -1.4201512069e-01 -1.4981660190e-01 9.3697331904e-02 -1.7199025412e-01 3.2387399541e-01 -8.2541331488e-02 -9.8543417429e-03 -2.4029837800e-01 4.9972853592e-02 1.6656559081e-01 -9.7304436024e-02 -1.8915313369e-01 -7.8559966622e-02 2.7949168211e-01 1.3694627813e-01
-2.2376581891e-02 -7.2202877820e-03 1.9264655723e-01 5.1241637301e-02 3.0549641437e-02 1.8290103816e-01 1.4207285139e-01 8.2133811565e-03 -2.2203988450e-01 -2.4466687271e-01 -1.7845159839e-01 2.7303714431e-01 8.6588400816e-02 -1.1487732517e-01 -7.8816875487e-02 1.9994955732e-01 5.7614579687e-03 2.8869043378e-01 2.9520905601e-01 2.2913649037e-01 3.5394510448e-02 -3.3434562865e-01 -9.5720774576e-02 -1.7317713840e-01 -3.8216722622e-01 -8.9355999519e-03 1.8948199693e-02 4.4035186620e-01 1.6986755027e-01 -3.7479001043e-01 7.6047485063e-02 -1.5123886589e-02
1.1042087323e-02 1.0705397006e-01 -3.6453065346e-01 8.0708009406e-02 1.5094670759e-01 -3.4619863107e-03 -1.5812263600e-01 9.0517349555e-02 -3.0432683823e-01 9.8492053221e-02 1.2950974480e-01 -1.4143852097e-01 -2.4858971912e-02 -3.1297960585e-02 1.1956404130e-01 7.2192701152e-02 6.1858549810e-02 -2.0228846483e-01 -2.0433442841e-01 -6.8534262412e-02 -2.6255241901e-01 2.4138561236e-01 -2.1488127064e-01 -5.1509220905e-02 1.7937971569e-01 -3.5466975048e-01 1.7619765878e-01 -5.1971416528e-02 -1.1701182966e-01 -1.9764727618e-01 2.6999734953e-02 -4.9099747620e-02
-2.0797924385e-01 -3.7965342656e-03 -2.9746640400e-02 3.9784237047e-02 -6.6930832159e-02 -1.8604056040e-01 -1.0888386110e-02 -1.2458318092e-01 2.7136622115e-01 8.9060208114e-02 3.6752872304e-02 3.9675845490e-01 -8.2935830127e-02 -8.2782841720e-02 -1.5904706108e-01 6.2742944119e-02 1.4546918197e-01 6.7682292550e-02 1.1388977032e-01 -3.2636162520e-03 2.4203269286e-01 2.5612533852e-01 -3.3194870400e-02 -7.5731188437e-02 6.8049417903e-02 -2.6496717402e-02 8.7145443561e-02 1.3832064744e-01 -2.3652466179e-01 -1.3277241689e-01 -3.8883282820e-02 1.5090084878e-01
-1.1589397931e-01 1.1233768907e-01 1.2321871576e-01 -3.1865265257e-01 -2.0277471282e-01 -3.4791399342e-02 -7.7905862373e-02 -7.1763538812e-02 -2.5077100711e-01 1.2120602511e-01 1.3160162647e-02 3.4196645022e-02 -1.9746258028e-01 -3.9181605818e-01 -6.3115009898e-02 2.4389859112e-01 2.1045721141e-01 4.9180566946e-02 -1.7116736015e-01 1.4376843471e-01 -2.5720367608e-01 6.9376308774e-02 5.8188118110e-02 -6.5773604070e-02 -1.0253288936e-01 -8.9932288636e-02 2.3245183254e-02 2.8341074993e-01 1.8825958265e-01 1.2607765883e-01 -1.6585396069e-01 -1.2061015616e-01
