2.8137388350e-01 1.7704842825e-01 -3.4074311008e-01 -7.2601613070e-02 2.4140986699e-01 8.7542065068e-02 -1.3503953540e-01 -3.8111455991e-02 -1.6398036271e-02 -1.0224765163e-01 -2.7377206316e-02 6.5026920959e-02 -8.8589520833e-02 -1.1265772107e-01 4.5312099920e-02 -3.4293174453e-02 -1.2647910555e-01 -1.0941228779e-02 -2.7737517930e-01 -2.3545395551e-02 3.7073105746e-01 2.2974352291e-01 -3.0103494488e-01 -1.0570175885e-01 -1.7717515304e-01 7.3876353532e-02 -1.9134515397e-01 -2.5540932557e-01 1.1892150047e-02 -3.4237257240e-01 -3.0752406955e-01 -1.6934013346e-01
7.0682676099e-02 1.9828421495e-02 1.5136221113e-01 1.0004546271e-01 -1.8526726537e-01 -2.9564485248e-01 1.2116021598e-01 -2.0922523424e-01 -3.7395205978e-03 -2.6100523366e-01 -2.3402595137e-01 5.8455227758e-03 3.1338542868e-01 -7.9052658174e-02 2.0691618106e-01 2.3543947807e-01 -3.2461837883e-01 1.8271851944e-01 2.8243178265e-01 -1.5505937874e-01 2.6965797352e-01 1.1737048214e-02 5.9484229216e-02 2.4712066338e-01 3.4178247561e-01 1.6264985781e-01 5.6009533858e-02 -3.0246577738e-01 2.4494661811e-01 4.6741333444e-02 -1.9566877316e-01 2.7887992323e-01
-1.2826907299e-01 -6.6755365426e-02 -1.9220201228e-02 6.4717446409e-02 1.2452109917e-01 9.5076171105e-02 4.6142144932e-02 -1.6088379452e-01 5.6745879898e-02 -9.8682993765e-02 1.8022067071e-01 3.4508355295e-01 5.9020163062e-02 7.4748426967e-03 -1.6659815208e-01 -3.7423350563e-02 6.1085600236e-02 5.2493576275e-02 -1.3796555370e-01 -5.5720551637e-02 4.3281833054e-01 -1.8364952412e-01 -7.6761746901e-02 -1.2757944032e-01 2.2007439898e-01 -4.4733791884e-02 2.5120128421e-01 -3.0883554680e-01 1.5911051737e-01 -8.5542583317e-02 -9.0607842038e-02 -2.1227492705e-01
5.2331488209e-02 -4.8740826373e-02 -2.5257652464e-02 -4.3462011439e-02 -2.4290690335e-01 1.9998092590e-01 9.0327230791e-02 4.1982229748e-02 3.6039960182e-02 -2.1447970445e-01 1.1499853774e-01 -8.7721294206e-02 2.3337908178e-02 -5.3868793946e-02 1.5193970720e-01 1.1319752727e-02 5.7076240460e-02 -1.1588644013e-01 -3.4747610050e-02 -7.0446746162e-02 -2.7781944804e-01 2.3837497967e-01 9.8486242704e-02 1.1713577929e-01 1.0119119341e-01 2.8687696764e-01 -1.0405674679e-02 2.2049324874e-01 1.4153244742e-01 1.2129033176e-01 -5.5702333887e-02 1.5536886513e-01
-1.2418211623e-01 -7.1596111800e-02 2.0784230892e-01 6.3370994052e-02 -6.2126035033e-02 1.5857351267e-01 -3.5974038455e-02 -2.1144615750e-01 9.4690849951e-02 1.5857240152e-01 -1.0515185417e-01 -3.1956463057e-01 -1.1471183974e-01 -5.4374113448e-02 -3.5186022003e-02 8.8028226003e-02 3.6449284757e-01 -1.1201751540e-01 6.1145650150e-02 1.5939127740e-01 7.5899354924e-02 1.6136978771e-01 -1.3821915839e-01 7.2236618378e-02 -1.4610534786e-01 9.5881032490e-02 -8.1368224666e-02 4.2688971403e-03 -1.9918471805e-01 1.9033307956e-03 -1.3102578751e-01 -7.8253543199e-03
-1.5845431487e-02 2.5429575442e-01 -2.2260365578e-01 -6.1757465115e-02 -2.3601157654e-01 -1.1137329687e-01 -8.7076210501e-02 2.6809545681e-01 -9.0687257604e-03 2.3118690046e-02 -2.5357699116e-01 -5.4606525665e-03 1.1633951762e-01 1.8010800021e-01 -1.7115417020e-01 3.3867586046e-01 1.9770729919e-01 -7.7746744233e-03 3.2564250542e-01 2.5286737271e-01 1.8700961126e-01 1.2930492136e-04 1.0369940486e-01 1.4551521499e-01 8.2583833848e-02 -2.1660738026e-01 -3.9537415138e-03 -1.0711725470e-01 -7.4645298329e-02 2.3033170840e-01 2.4790979437e-01 -1.6209580528e-01
1.8069961721e-01 -7.2573383822e-02 -1.2962506242e-02 2.5773970492e-01 5.4826261691e-02 -2.1565545667e-02 -1.8229787661e-02 -2.3767292973e-01 -4.7166452997e-01 -8.6473020336e-02 -3.1151777054e-01 2.8684607777e-02 -6.5410839965e-02 -8.0133169483e-02 -2.9409354182e-02 4.5663193031e-02 -1.2276336077e-01 -4.3424063234e-02 9.0961879797e-02 2.7147951579e-01 1.3349068735e-01 2.1931462927e-01 2.1779182096e-01 7.7639474744e-02 -1.2383413692e-01 -3.1095712281e-01 4.7913723673e-02 3.6667796014e-02 2.0021739173e-02 1.6507817229e-02 7.2594298246e-02 1.2175793156e-01
-1.3386041643e-01 -8.7868485723e-02 -2.4080692724e-01 -3.4743381814e-01 3.3086053182e-01 2.5005748021e-03 -1.7608971192e-01 1.3304868520e-01 -1.6093212643e-01 1.7082695119e-01 -2.1154531640e-01 3.9862389926e-01 -2.0501740054e-01 -1.3078719879e-01 7.2964506607e-02 3.3642146743e-01 -6.1399724955e-03 1.5047107120e-01 1.0783112053e-03 1.4933552002e-01 1.3419037411e-01 -1.8315805143e-01 1.4182419423e-01 4.0477461648e-02 3.3165510278e-01 -2.5080163305e-02 2.0582935986e-01 -1.6390023606e-02 1.4556930810e-01 1.3636553296e-01 1.3084436424e-01 2.3625226795e-01
2.5166755842e-02 1.5005428055e-02 -7.4925818566e-03 -5.6185696369e-02 -2.9920460804e-02 1.0495705336e-02 1.1122584003e-01 4.0077848821e-02 -3.7497649355e-01 -1.0974645170e-01 -1.8071039433e-01 -1.8732041577e-02 -1.2944455276e-01 -8.5599728752e-03 2.9421585437e-01 3.5151643963e-01 1.7183455276e-01 3.6135993911e-02 -3.3878697463e-02 -9.8108709967e-02 3.5447930418e-02 -2.7504469108e-01 -1.6582128088e-01 -4.2813809497e-01 2.7121098778e-01 4.2819917520e-02 5.3122511825e-02 -8.2996477740e-02 3.8792777782e-02 1.4210886858e-01 -1.6130032241e-01 -2.7696691484e-01
-4.6356381999e-02 7.4992098281e-02 5.5747331833e-02 1.8148023930e-02 -3.1759869498e-02 2.0279811466e-01 1.6579337105e-01 9.9644310702e-02 -7.7331752586e-02 -1.1119094366e-01 1.2867415046e-01 -3.4207649741e-01 -1.0706665205e-01 2.0701236386e-01 -1.5686407119e-01 -1.4195806489e-01 -6.6612570580e-02 -3.9686329516e-01 -1.6112751131e-01 3.0844538119e-01 -1.5669574964e-01 -2.0352031095e-02 -1.5869964665e-01 1.7364279685e-02 -8.7879068860e-02 1.4625993810e-01 2.4818849058e-03 2.1037126572e-02 -1.8195833099e-02 -1.4450922716e-01 6.6613625291e-02 1.5613382384e-01
-8.4606256708e-02 3.1405065348e-01 2.8528864522e-01 -4.7431198083e-01 1.0932592292e-01 1.0359501873e-01 2.6734714369e-01 2.4855245761e-01 -8.5960437387e-02 2.8909120510e-01 -2.2382149344e-01 -1.1126696556e-01 2.1035178042e-02 -1.9473706499e-01 8.5102728631e-02 5.0234059088e-02 6.6138939487e-03 -7.9866129243e-02 3.4832620846e-02 2.8634585203e-01 7.3209471400e-02 -2.0157302192e-01 -2.7138706819e-01 -4.0806459362e-01 1.5562415750e-01 1.6194005316e-01 2.3576118294e-02 -2.3725742272e-01 4.3705524719e-02 -9.1828067878e-02 8.8595163722e-02 7.7715388772e-02
-3.5082652967e-01 9.1897331303e-02 6.5035045011e-02 2.8575981326e-02 -2.8941898901e-01 -1.8276500127e-01 1.1103476565e-02 1.1775760195e-01 -2.4083677616e-01 -1.2732869648e-01 2.6503685538e-01 -1.6926553011e-01 -2.1594669671e-01 2.3942283123e-01 1.6553866453e-01 -9.2926963199e-02 2.3160515184e-01 -1.4903858331e-01 -1.1634361881e-01 -1.6420589666e-01 -7.8911022719e-02 -1.3391257662e-01 -8.2380468002e-02 -4.0894806574e-02 -1.1011913426e-01 -1.9331626065e-01 -4.9575199349e-02 -2.6960507666e-02 1.2581001333e-02 -3.3603235080e-02 -5.8105537190e-02 -1.0128344130e-02
7.3854650735e-02 5.5467807588e-02 6.7351199820e-02 3.5929898151e-01 1.2971572194e-01 1.2394178760e-01 3.6825562641e-01 -2.2111657249e-02 4.7154099568e-02 -7.8015552187e-02 -1.6807350113e-02 -2.2356542997e-01 -1.1625800419e-01 -7.5104062791e-02 -9.6361966093e-02 -5.7333926974e-02 3.5445780790e-02 -2.2247804716e-02 -7.3964039105e-02 -6.0583392418e-02 2.1802181088e-02 -1.5314095713e-01 -4.3138122099e-02 1.0672080978e-01 -8.3761883705e-02 -1.2419771466e-01 2.5184927811e-01 -9.7077224878e-02 3.3434283116e-02 2.4132518155e-02 -3.7186178587e-02 -1.7718696045e-01
-8.5003096975e-02 -6.0277096184e-03 8.5288508275e-02 2.7952054546e-01 -5.4609081483e-02 1.1880508993e-01 2.6411218511e-01 4.8221435712e-02 1.3848336283e-01 1.8370352155e-01 4.0517371766e-02 2.7016133230e-01 3.2866940898e-01 2.7647194350e-01 -1.5625415652e-01 5.8125273606e-03 -2.5100187762e-01 8.2469545748e-02 -8.2843412887e-02 3.3180476809e-01 1.9365293827e-01 2.3108607459e-02 4.1983808421e-02 6.0504175561e-02 8.4043850455e-02 6.7343964170e-02 -4.3463036523e-02 -1.4470407899e-01 3.1329738556e-01 3.3190510514e-01 -8.6088407979e-02 -2.7214801282e-01
-3.1801534256e-01 5.0730696832e-02 -3.7383864384e-01 1.6570952071e-01 -7.4497162925e-02 -3.4566683735e-02 -6.3582503008e-02 2.2169229499e-01 2.7601995580e-02 2.3998543101e-01 -1.4708485040e-01 -1.4431533839e-01 7.7455024198e-02 3.0919454719e-01 -1.3510323321e-02 -1.4136359269e-02 -1.1234485781e-01 2.8767312066e-01 -4.6854951581e-02 2.0459670569e-01 -5.8288548041e-02 -6.4682794498e-03 -2.5554629826e-01 -8.2751730233e-02 -1.7912801321e-01 6.2079308567e-02 -2.0226296501e-01 5.1765346183e-02 2.6514702090e-02 -1.3336301954e-01 3.1937272618e-01 1.5573681586e-01
5.6316184412e-02 -1.9350995249e-01 -4.4197543739e-02 -1.8109834313e-01 -2.1478983618e-01 1.9913761791e-01 -1.5871378142e-02 1.4084871847e-01 -3.5526205115e-01 -1.6834701586e-01 2.2373928102e-01 -2.2596524570e-01 -1.9664116525e-01 2.5987701780e-03 -6.9430429494e-02 -1.2543950648e-01 -4.1857920941e-02 -2.9413577490e-03 1.6276358057e-02 -4.4494120903e-02 1.6863475587e-01 -2.3018017089e-01 -1.9705058506e-01 -1.0882761019e-01 -8.1343085361e-02 -1.4942547517e-01 -6.2953218833e-02 -1.3135158583e-01 -1.2412851938e-01 2.7257174464e-01 -7.8478717977e-02 2.5071748506e-03
-2.9818021535e-01 9.5299071593e-02 -2.4137933541e-01 5.7220373246e-02 -6.5171288174e-02 -2.8508388384e-01 -1.5257302983e-01 -2.5120369180e-01 -1.0063082396e-01 2.1145771581e-01 -1.2278011458e-01 -2.9627390751e-01 1.1114947187e-01 1.7268187114e-01 -1.7578512307e-01 -3.5804820746e-02 -4.1121519361e-01 1.2949156859e-02 2.1131433729e-01 1.4323315619e-01 -3.5259771333e-01 -1.3768608201e-01 -3.8386826944e-02 6.0569087730e-02 2.0268676540e-02 -1.7259994353e-01 2.9252183138e-01 1.9869470600e-02 6.0343101628e-02 1.5157966057e-01 -4.7671484462e-02 4.1517232803e-01
-1.3948903604e-01 -1.4346612919e-01 1.8175298141e-02 5.1680507691e-02 2.5791471416e-01 7.1785986020e-04 6.6415771062e-02 -1.5231479527e-01 1.6210014749e-01 -2.4724012469e-01 -6.2983390770e-02 1.9292739840e-01 1.2738496273e-01 4.5737000066e-02 4.8652009888e-02 -8.0846660483e-02 -1.1434008882e-01 -3.3539176511e-02 1.7244483831e-01 -3.7641091220e-01 -2.4996514036e-01 6.3729972958e-02 -1.6096259326e-02 -1.5601332863e-01 -1.3238331522e-01 -1.6398149716e-01 3.5387362824e-01 1.9271089825e-02 -5.4952538193e-02 -1.5459967339e-01 1.2058762041e-02 -9.9123267884e-02
-2.1585059079e-02 -1.3927158444e-01 -1.1793098745e-01 -7.2866465098e-02 2.5312278012e-01 -1.9707719318e-01 -1.1018887327e-01 3.9520704575e-02 1.5773669780e-01 1.4179391672e-01 6.9810063597e-02 -1.6662837263e-01 8.6028230194e-03 1.3286163726e-02 -4.2397652096e-02 8.9739437038e-02 4.6511858548e-02 -1.4639622896e-01 -2.6286576224e-02 -2.2347156884e-01 -8.7654297746e-02 -1.1695051163e-03 -3.2052364022e-02 -6.5928238794e-03 -3.3675173606e-01 -3.7974367598e-03 2.8349892714e-01 1.6438128459e-01 -3.8833514655e-02 -6.7927543129e-02 2.5627324597e-01 -1.4447496791e-01
-1.3324291663e-01 1.4039155764e-01 2.2966622396e-01 2.1775574320e-01 8.8885801034e-02 3.0714619821e-01 -7.5577086332e-03 -1.3124804213e-01 7.2503306384e-03 5.0358837302e-02 1.1272531799e-01 -9.1175405735e-02 -1.0589766852e-01 1.5257540456e-01 -3.6946806284e-02 6.1010762362e-02 9.1213191827e-02 -7.1265696488e-02 -1.6634180638e-01 -3.0092224890e-03 -1.4647797877e-01 4.1647320003e-02 4.1879128180e-02 -7.3416259778e-02 4.1315051960e-02 -7.1346167615e-02 -2.4530211517e-01 -1.6930510081e-01 -7.0414611383e-02 -9.8571187671e-02 -7.9762607758e-02 3.2185396968e-01
2.4103078939e-01 -2.0052264628e-01 -2.3293528637e-02 1.0462647323e-01 1.5253333066e-01 1.4710830531e-03 9.4592063642e-02 -2.0146057802e-01 -2.1351973175e-01 -1.1094944401e-01 -1.0961565460e-01 -2.7526066516e-01 5.8761022544e-02 -9.5227471604e-02 8.8925358327e-02 -1.2363757646e-02 -3.8863443153e-01 2.6019178532e-01 5.8481527625e-02 -3.7740862646e-02 1.0112612385e-02 2.7172691283e-01 -7.4219141301e-02 -7.2699503625e-02 2.0287987494e-01 1.0885431262e-01 -3.5129798241e-01 1.8667624685e-01 -8.5754894349e-02 2.1426810877e-02 -4.6065992175e-02 2.8317953730e-01
2.5678577985e-01 -4.0488591050e-02 -3.0075886557e-01 -1.0977500864e-01 -3.3135427036e-03 2.8983798893e-01 4.4419663004e-01 -1.8078086068e-01 -1.0752354852e-01 1.5172619902e-02 -2.0835237702e-01 1.6287432634e-01 2.8863092583e-01 2.2739426037e-01 5.2081010554e-02 8.8644835569e-02 2.2461757726e-01 2.0857902422e-02 -4.8142577444e-02 -2.2889583178e-01 1.4103595796e-01 2.1872006632e-01 -3.1184935003e-01 -6.7688718589e-02 -2.8594916941e-02 2.8004006261e-02 -3.1673404076e-02 -6.4272678113e-02 1.7960180916e-01 -4.8458736496e-01 5.0740732716e-03 -1.4873830034e-02
2.7936857061e-02 -7.6880765473e-02 3.4513153024e-02 1.3113675264e-01 -2.5663751365e-01 -3.1836995517e-01 6.1911463483e-03 2.8306570946e-01 -2.0994538784e-01 -8.9673038064e-02 -1.5184999616e-01 -1.9008670976e-01 4.9552899049e-01 -1.0270482215e-01 5.3122795655e-02 -1.2621856982e-01 1.5128433463e-01 5.1685573394e-02 8.2559541844e-02 1.2799598086e-01 -7.2499267141e-03 2.7998827084e-01 3.3151704163e-02 1.7548298655e-01 -5.6857363111e-03 1.7524362981e-01 6.3390845345e-02 4.1271057274e-02 1.4506171205e-01 -1.5840801198e-01 2.8575475883e-01 1.7731227665e-01
-1.1538112183e-01 -9.8103187398e-02 -1.2965197848e-01 2.1347110331e-01 -2.6208279367e-01 1.0376487287e-01 1.6533214613e-01 6.8166023282e-02 -4.6189604197e-02 2.0215342518e-02 -1.1772422385e-02 -3.8022059903e-02 2.6032492508e-02 -1.6558221099e-01 1.3804476042e-01 -2.1091104769e-02 2.0700674939e-01 -3.6649819942e-02 3.0939119517e-01 -2.2416987176e-01 1.5819149012e-01 -3.4400757334e-01 5.5437246718e-02 -3.9818991189e-04 -8.2676529122e-02 -2.4866377437e-01 3.4406474091e-02 1.3840130702e-01 -5.1266190730e-02 3.0889903642e-01 -1.2700011574e-01 -8.2867652730e-02
8.1677492024e-02 1.3045258617e-01 2.2754836766e-01 -3.8574779412e-02 -2.4306035006e-01 -1.8952320728e-01 1.6178311337e-01 -1.7147943888e-01 -6.8575925713e-03 -1.1275361345e-02 -5.3724809559e-02 2.2598961820e-01 1.2481086791e-01 2.3801991612e-02 -6.9347560510e-02 -9.1074523828e-03 -1.9844077396e-01 2.1805588887e-02 -7.7073034078e-02 1.5744974788e-01 2.6041229059e-02 6.5714776341e-02 -1.0437536729e-01 -5.2373173888e-02 1.9239921759e-01 5.5863138642e-02 -4.2544548339e-02 9.5163847588e-03 -9.3286769674e-03 -1.0593353808e-01 1.1944143315e-01 -2.0659555733e-01
1.1939201357e-02 1.3011770080e-01 -3.8412952085e-01 6.6580383636e-02 3.0972065437e-01 7.7769471348e-02 -3.8029778978e-01 -6.8714301805e-02 -4.6057702199e-02 -1.1274351497e-01 6.7526752012e-03 -2.1012916797e-02 3.5525510409e-02 -7.5565638954e-02 1.5381510916e-01 1.8389725148e-01 9.1617759720e-02 -2.5808334597e-01 -3.3746940859e-01 -1.2540185911e-02 7.9004109135e-02 -1.0980675716e-01 1.7177119370e-01 -3.1140657517e-01 -1.3087525146e-01 -2.9166632408e-02 -1.1635419018e-02 2.3385368425e-01 -1.4584405717e-01 2.3134742917e-01 -8.1834008363e-03 3.2432098295e-02
1.9797596553e-01 -3.1140065081e-01 1.7693059217e-01 1.4278127375e-01 3.5236356359e-02 2.7707201986e-01 -2.8763984433e-01 -2.1980771731e-01 7.0123625982e-03 4.8419400007e-02 -3.4237992814e-02 1.5511919533e-01 -2.4807588282e-02 1.4071831138e-01 1.5332860270e-01 2.0516594068e-01 -1.9474684100e-01 4.9852634513e-02 7.9407407978e-02 8.9171188833e-02 1.1582638511e-01 1.3794773919e-01 -1.3860478504e-01 3.2401020045e-01 1.2228405092e-01 -8.4167021895e-02 7.5004494861e-02 -2.8321805047e-01 -1.1623441440e-01 4.6559018582e-02 -3.0768706158e-01 1.7617841769e-01
-8.6368339447e-02 -3.7977868983e-01 4.0422404710e-02 1.2410313628e-02 -1.6745002319e-01 -3.4683521046e-01 -1.2462492655e-01 1.6424670747e-01 -4.3276003276e-02 1.8144807142e-01 -7.8354554548e-02 -9.4292526952e-02 7.9978754935e-02 -2.6767028463e-01 -4.6825212204e-01 2.1250701369e-01 3.2243965309e-01 3.9478721444e-02 2.7940897225e-01 -3.9285732183e-01 2.5566126939e-02 6.6637467713e-03 -7.6862820629e-03 2.1753680821e-01 -1.6123176923e-02 -3.8581411664e-02 -4.3316921931e-01 -1.3466985678e-01 -6.8890056852e-02 1.1312523136e-01 -1.1340123168e-01 -3.2408335871e-01
2.3072562095e-01 3.5497410492e-01 -8.1339152611e-02 9.9400700769e-02 8.5210104955e-02 -1.3720318588e-01 3.5706324522e-02 1.0113171849e-01 4.9259255742e-02 1.1644849444e-01 2.2197656917e-01 -9.6050913951e-02 2.9675701663e-01 -1.0632732822e-01 9.0726036034e-02 -5.9845679960e-02 -1.3302150019e-01 -2.9830074639e-01 2.8935500685e-02 -2.9005487398e-01 -2.4271556236e-01 5.9647707731e-02 -9.8481911109e-02 -5.9679574404e-02 2.5131115575e-01 2.4329560278e-01 2.8782082536e-01 -8.8038623122e-02 3.8104444961e-01 -2.6031018929e-02 -5.3497539137e-02 -2.3308847265e-01
1.8038562489e-01 -9.3885323852e-02 1.9536784371e-01 2.6268411460e-01 2.4994637309e-01 1.2985855466e-01 -9.2404784209e-02 -1.3948997858e-01 -1.0474348191e-01 2.7639077442e-02 5.0511540903e-02 -2.7092095286e-02 -4.8108296430e-02 8.4550559707e-02 -1.3414828245e-02 4.9160112320e-02 1.8769858953e-02 5.2424476165e-01 8.4388320079e-02 -1.1400350609e-01 1.4696431606e-01 3.6430248685e-02 -1.0952263943e-01 -6.4835625358e-02 -4.3023654630e-03 7.4380505110e-02 -2.1219756558e-01 2.4536749119e-01 -8.6538461183e-02 2.0077925218e-01 1.3320399755e-01 5.5943805160e-02
6.3591343045e-02 1.4587191688e-01 -1.8791777460e-02 -1.6566769605e-01 -1.1690662502e-01 1.4356884767e-01 -1.3956331966e-01 -4.3318665593e-02 4.3378387372e-01 6.3142896005e-02 2.3948550137e-01 2.3546075218e-01 4.8260735353e-02 1.1094626723e-01 -4.3476284926e-02 1.8701208597e-01 -1.1872591511e-01 2.5981901739e-02 -3.5742450321e-02 -2.2788752947e-02 1.3821535729e-01 1.1557979373e-01 1.4431215056e-01 7.4742189514e-02 2.4673790320e-02 9.6623676159e-02 -1.0546067006e-01 1.0995761178e-01 1.3526873098e-02 3.3649754753e-02 3.2767852952e-02 1.3586267115e-01
-2.7822374298e-02 -1.8261795427e-01 -1.0933221402e-01 -3.3004160596e-01 -1.2362329725e-01 -4.6016424146e-02 -1.7605452966e-01 6.1302906262e-02 9.6349427379e-02 -2.3239683058e-02 -1.6721870231e-02 2.3781790163e-01 7.7919995961e-02 4.1731569948e-02 -1.7845995438e-02 1.7336580601e-01 4.9002401511e-02 -1.5705750543e-01 8.7644927068e-02 9.2355809137e-03 -1.3310167854e-01 1.3484262230e-01 -4.7930399890e-02 3.8080324102e-01 3.7026906882e-02 1.4700920268e-01 4.7403635612e-01 1.7410725721e-01 -2.9643169663e-01 2.9088172371e-01 -5.8490990355e-02 3.9483446046e-01
