-6.4612491087e-02 -3.3366764957e-02 -7.6762495762e-02 2.1106958380e-01 1.1849008110e-01 1.5872750546e-01 1.1400298664e-01 2.8011621643e-02 2.2787870059e-01 -1.4845196289e-02 -8.0151598167e-02 -1.5963471875e-02 2.9273384192e-01 -2.1598123876e-01 -5.8729290349e-02 3.3308085746e-02 2.8815631793e-01 -2.3004434908e-01 6.7880766374e-02 -1.0613514739e-01 -4.5483837015e-02 -1.0679501029e-01 -2.2732998079e-01 3.1954081612e-01 -2.2106707454e-01 1.4217829247e-01 -2.5254867311e-01 2.2566425716e-01 -3.9432828274e-01 1.2841250171e-02 1.9546937199e-01 1.7848173550e-01
9.4225604315e-02 -2.4055924906e-01 1.8633032457e-01 -3.7782403286e-01 -3.0277080629e-01 3.9472051845e-01 -7.0977693420e-02 -1.8110988705e-01 -5.0898698810e-02 1.8580012211e-01 2.8683652875e-01 8.7299856586e-02 9.9676453657e-02 -1.4902483471e-01 3.5008023626e-01 -5.6351491030e-01 -2.2106151876e-01 -2.0792708548e-01 1.3958705843e-01 -5.5842071558e-02 -7.7231617718e-02 1.4104707955e-01 -5.6269500352e-02 -1.0418329415e-01 -1.6319486139e-01 2.5944210555e-01 -1.4937706701e-01 9.5242841889e-02 -8.9927700477e-02 -7.5922087205e-02 -7.8766928027e-03 -2.5329159953e-01
-1.5106008364e-01 -1.7817924493e-01 -7.6861601581e-02 2.0798597426e-01 -3.3938481456e-02 -8.6063276450e-02 2.0324688847e-02 3.4987311612e-02 -6.4952110584e-03 -1.0279345848e-01 1.3319450930e-01 -9.4659926572e-02 4.4941481996e-02 1.1547836370e-01 1.1326086493e-01 1.8771560736e-01 1.2032703365e-01 1.0307261327e-01 -1.4815607320e-01 3.1680253047e-01 2.4201847847e-02 9.4097430096e-02 -4.0454349429e-04 1.0186475305e-01 1.8848018753e-01 1.9596833528e-02 5.8775765964e-02 -8.4644438574e-02 -6.1181458165e-02 4.3468368739e-03 2.1504481457e-01 1.3171456178e-01
-1.0962746986e-02 -1.1562927671e-01 -3.2356314018e-01 6.7211222792e-02 4.0355361314e-02 -1.1965215058e-01 -2.6974954989e-01 2.8202058268e-01 2.0414654757e-04 5.3554332237e-04 2.3516514171e-02 2.2815452801e-02 1.4231163491e-01 1.4049626509e-01 1.7848867016e-01 -8.3344968053e-02 1.5332025564e-01 1.2898875402e-02 -2.1400939321e-01 1.6813572935e-01 -6.5322562750e-02 9.9985953587e-02 -1.7212669406e-01 1.8408118817e-01 -1.1076625709e-01 -2.7947211562e-04 2.4344337685e-01 1.2169532270e-01 6.3983911277e-02 9.9810071096e-02 1.9145795753e-01 1.5176818920e-01
1.5507146871e-02 4.0372769288e-02 2.7107422582e-01 9.4511956044e-02 -4.6280232332e-02 5.3412621249e-02 3.5681799196e-01 2.1287882146e-01 -2.0854894627e-01 5.5084844720e-02 -4.3455812340e-02 -1.8338458609e-02 2.8671852210e-02 8.9791998873e-02 2.1960837649e-01 1.1149739068e-01 2.2127661276e-01 1.4317839191e-01 -1.0386654045e-01 1.4354911558e-02 2.4385866575e-01 2.8420639059e-01 1.7242885132e-01 -2.0770932262e-01 -1.7621085227e-01 2.4928124949e-01 -1.6310021732e-01 3.4039911899e-01 -2.2561216618e-01 -1.3172627336e-01 8.1413329185e-02 3.5363163183e-02
-1.1801063114e-01 -3.6901335702e-01 -3.2042040746e-02 -2.0815510533e-02 1.6907601941e-01 -3.2759183500e-01 1.9996318154e-01 -1.6645499878e-03 -8.0878949890e-02 -6.6768889687e-02 -2.7865626314e-01 -1.3485669333e-01 -8.2333709089e-02 2.8893141340e-01 3.3338990245e-01 1.0147633837e-01 3.5559302993e-02 2.6046607611e-02 -2.9749964118e-02 -2.5480027723e-01 -3.4161622202e-01 -2.4033209501e-02 -3.3822364482e-02 4.0794071596e-01 2.4762259872e-02 -2.6307483216e-01 3.9284373363e-02 -2.1171152682e-01 1.1223448499e-01 -1.0121845277e-01 2.5062365995e-01 1.3608312297e-01
2.8317016067e-01 3.8424612923e-01 -1.8309416073e-01 -6.0746718852e-02 -4.9148299824e-01 6.0994589280e-02 8.6428076578e-02 -2.7338310934e-01 -1.1777340347e-01 9.6503066577e-02 -2.5685714823e-01 -3.4032323156e-02 8.9108673104e-02 -4.8944243881e-01 1.8841584651e-02 2.6048767692e-01 -8.8089278906e-02 1.0490988722e-02 6.9333286393e-02 -3.3255430229e-01 2.9226454982e-02 5.4606895095e-03 1.2445046614e-01 8.2714529022e-02 4.3564005121e-01 -6.1875232425e-02 -1.0231303103e-02 -2.1830459452e-01 1.4686142247e-01 7.5529559573e-03 -7.4853952183e-02 2.1140129588e-01
1.0573781430e-01 -3.5428459518e-01 -1.1531223251e-01 -2.8053155420e-01 -1.7301525541e-01 1.0428760776e-01 8.3933698143e-03 -3.4605354073e-01 1.7797810112e-01 -2.0586627823e-01 9.1958111443e-02 1.9429353824e-01 -1.8167968789e-01 -3.1522716616e-01 1.7027769812e-01 -3.0547887762e-01 1.0645729356e-01 7.2359623858e-02 -4.1824871035e-02 7.7793879393e-02 2.3968249228e-02 -1.6613191265e-01 1.5909852678e-03 -1.1975440987e-01 1.9801863597e-01 -4.0424838626e-01 2.5015334269e-01 1.7810449985e-01 2.5504138333e-01 1.0746757551e-02 1.4164515652e-02 -1.1330403302e-01
-1.2235803167e-01 -1.9178615391e-01 -3.8527089028e-01 -2.9862455579e-01 8.5949619261e-02 1.4540640148e-01 -7.7967070968e-02 -5.2184426841e-02 -9.7248018784e-02 8.1529690403e-02 9.7264725073e-02 -8.4019306403e-02 -2.2068039000e-01 2.8645611434e-02 -1.3340826712e-01 -3.6906856505e-02 1.4231169230e-01 -1.0596093226e-01 3.3625199415e-01 -6.9847742557e-02 2.1006275131e-01 1.1126395103e-01 -1.0924138402e-01 2.0849412167e-02 2.0027839833e-01 -9.0650816314e-02 1.2350538011e-01 9.4767008867e-02 1.8959543008e-01 2.9465955338e-01 9.0842493764e-02 -9.3442838423e-02
2.7437717676e-02 1.3559708605e-01 4.5146011217e-02 -4.8324643870e-02 1.2044910673e-01 -2.6801374910e-01 2.8726296171e-01 8.4084503952e-02 4.3368676846e-02 -1.1825983354e-01 1.8495894457e-01 -1.7322192083e-01 -1.6831309791e-01 2.6095975922e-02 -2.8530621768e-01 7.1165739835e-02 4.2440705812e-01 -3.0406088229e-01 2.0893371189e-01 -9.3859311242e-03 9.2567781304e-02 -9.5768958329e-02 -1.1651006014e-01 -2.0770363376e-01 -1.8096698987e-01 1.3686642089e-01 -4.0334827791e-01 2.4629218797e-01 -1.9488609436e-02 3.9976880262e-02 -4.4903709195e-02 -1.2538374633e-01
-1.9798237688e-01 2.0543477655e-01 -1.0605738110e-02 -1.0924642516e-02 -6.8185308918e-02 1.0474175782e-01 -4.4066970540e-02 -2.6408281729e-01 -7.4203797462e-02 -5.9191681175e-02 -1.1629671390e-01 -3.0247830825e-02 -6.4832017836e-02 -1.9732147528e-02 2.6354428911e-02 -1.0897149877e-01 6.1143434033e-02 -3.4223399584e-02 1.4824383179e-01 -3.1539053835e-01 -1.8160515477e-02 -1.1554480027e-02 -6.4188434743e-02 -2.1966737940e-01 2.5861251221e-01 2.0171050320e-01 -2.3282190378e-01 2.8739258902e-01 1.2184126436e-01 2.3056486133e-01 -1.4111169632e-02 -4.8646141855e-01
-3.6607296681e-02 4.1081622485e-01 -2.7115723629e-01 3.2331764383e-01 -8.9217330067e-02 1.9569647299e-01 1.5958928348e-02 -1.2675150814e-01 -2.8694774703e-01 9.3565565166e-02 1.2165089153e-01 1.3011606869e-01 1.7506260092e-01 -1.9426422268e-01 -2.2271363328e-02 -6.2072673589e-02 2.3981417350e-01 -3.2923331570e-02 -8.1882057666e-02 2.7542697687e-01 1.7858829624e-01 -3.9409281044e-02 7.8419339106e-02 2.4158070652e-01 8.1882936924e-02 -9.5096161879e-02 7.1365837724e-02 -5.4641671554e-02 -1.1352517794e-01 4.2879810670e-01 -1.1493341597e-01 -7.5779582957e-03
1.2678861267e-01 3.3679801914e-02 -1.3138207303e-01 8.5718970695e-02 -1.9072904471e-01 -1.6652150971e-01 3.9792883132e-02 1.8356108830e-01 1.8615681741e-01 -2.2810244031e-01 2.5761650520e-03 1.2073548635e-01 1.8707162129e-01 8.1006111786e-02 -1.7060943879e-01 2.8309522299e-02 -9.2651833608e-02 1.6857690106e-02 -1.5374743617e-01 3.9976119406e-01 1.1698036734e-01 3.5126580335e-01 9.3399087227e-02 1.5303709469e-01 -1.9360696782e-01 1.0864632812e-01 -6.8861983678e-02 1.2795111507e-01 2.6045282965e-01 -2.4075341908e-02 2.2797789648e-02 3.5403250537e-02
2.7452638199e-02 2.2163747969e-02 2.0343285246e-01 -4.3942690187e-01 -5.6468442921e-02 -6.6079568276e-02 -3.4648922829e-01 1.6947740848e-01 2.1879358217e-01 -9.2144236908e-02 -1.7342181195e-01 -9.8241802451e-02 1.2794217145e-01 1.3538666785e-01 2.1794039972e-01 -3.6652042104e-02 1.5432997728e-01 1.9830733184e-02 -2.7859081459e-01 -1.0195512480e-01 -6.4622143915e-02 -3.6002199820e-02 1.9967523084e-01 -3.3489341052e-02 -5.2369431201e-01 -1.6062305429e-01 2.1354328251e-01 4.5811510493e-01 -8.2186034265e-02 1.1434621436e-01 4.4851547854e-02 3.2069964023e-01
1.8662899780e-01 8.1877153363e-02 1.8265742526e-01 1.5939400344e-01 1.0965600601e-01 -3.2807006815e-01 2.1233292966e-02 3.6501787009e-02 -7.3699565410e-02 -4.9233898055e-02 -5.6901971983e-02 -1.9321465726e-01 -7.9205470843e-02 -1.6146910471e-01 -1.0337846100e-01 -2.9092416063e-01 -8.6696024100e-02 -5.4841568157e-02 1.8201194453e-02 2.3770448969e-01 7.1617060605e-02 -5.0485791358e-01 -2.6907723301e-01 1.0198125797e-01 4.6892654036e-02 -1.1769734115e-01 1.6899153484e-01 -1.3198882220e-01 -1.7322200518e-01 4.3505693557e-02 -1.0926430047e-01 2.3886694480e-02
-1.3643737690e-01 -1.6438216796e-02 -6.4834670693e-04 1.4834548169e-01 -7.7443240241e-02 -5.2939683269e-01 -1.4065065196e-01 1.6199176708e-01 -1.1794098235e-04 2.6203278408e-01 1.0339244374e-01 -2.5022182159e-01 1.2126526659e-01 2.3880693313e-01 4.1643447022e-01 7.6804646693e-02 -6.2572339653e-02 -1.0671699068e-01 1.2490187629e-02 -2.8603229341e-01 1.0421394012e-01 -4.1142245784e-01 -2.8017902664e-02 -5.0708936334e-02 -3.3985268651e-01 -2.7985599539e-01 -2.2167490505e-02 -4.1314293858e-01 8.1273158281e-02 2.7554581098e-01 -7.3931214442e-02 1.2328505967e-01
7.9895129265e-02 -2.4977404716e-01 -1.9499298775e-01 9.2482860203e-03 -1.5665879839e-02 -3.3506244296e-03 -8.0417006384e-02 1.5550219160e-02 -2.1441627859e-01 -9.6901696596e-02 -8.3519559987e-03 -2.0277493489e-01 -2.6976681435e-01 -3.2228296008e-04 -6.5838774020e-02 -6.5527384304e-02 -5.7266852562e-02 -1.9026076117e-01 -1.3593764479e-01 6.2263258259e-02 4.9482937382e-01 4.2014792152e-02 1.6966795050e-01 7.8338882410e-02 -6.5787090524e-03 -1.4189817262e-01 1.6174369335e-02 -2.1800605880e-01 -8.4714020373e-02 -1.7405429625e-01 -5.5287711678e-02 5.6886041418e-02
1.2651916618e-01 -1.9679611435e-01 -2.9393867496e-01 -2.2819749185e-01 -1.4462527003e-01 -1.3718325123e-02 5.6401194875e-02 -1.9240159651e-01 1.8051272631e-01 7.7519276516e-02 9.7569186661e-02 2.1435990378e-01 -4.9011913415e-01 -1.8123331416e-01 1.1117965726e-01 6.3065239628e-02 -2.5840462275e-01 -4.7018353082e-02 -1.6182253628e-01 -1.9706457098e-01 -2.8764809077e-02 3.3837945161e-02 -2.2208658000e-01 -1.9731680701e-01 1.0889540751e-01 -9.0581034427e-02 1.8603514792e-01 9.2826691370e-03 1.3241411634e-01 4.5916087570e-02 -2.6432398207e-01 4.1142234024e-01
-1.7209883193e-02 1.9685888633e-01 3.2074020707e-01 1.9808423600e-01 1.5052425382e-02 7.2397582877e-02 -2.6867194806e-02 1.7450683003e-01 4.0545895611e-02 9.5945363963e-02 -2.1850631464e-03 -1.3005829493e-01 1.7162702318e-01 1.1481419592e-01 5.8111482983e-02 -5.0225012048e-01 -1.7070410581e-01 2.1796872589e-01 -2.1930270619e-01 3.6804101194e-01 6.7343993462e-02 -1.0183095464e-01 -2.1401941833e-01 1.1469881260e-01 -2.6645292016e-01 -1.0914055672e-01 -1.8829703209e-01 1.4550429934e-01 1.0204854816e-01 -2.0296097297e-01 -1.7764480293e-01 3.5180599329e-01
-2.7867369988e-01 -2.3978985237e-01 -1.1610447025e-01 -1.1107520292e-01 3.2319237570e-02 -1.4173081550e-01 1.1049325779e-01 1.0072311057e-01 2.2556378485e-01 -1.7402379702e-01 6.7878260385e-03 4.5670498635e-01 1.1239904190e-01 2.7529566558e-01 4.6601874061e-02 -3.2092547511e-02 -1.0526365172e-01 1.7431242447e-02 -1.2271873348e-01 6.1262239742e-02 1.5824357244e-01 2.7585697992e-02 5.4633597704e-02 -8.1176486395e-02 -1.9180739138e-01 6.8503434341e-02 -2.2794385672e-01 -3.0585760919e-02 -2.8976532362e-02 -2.2726997783e-01 -2.2674498984e-01 -2.2069701803e-01
-1.6135392174e-01 -7.7757128560e-02 1.1288757611e-01 2.4754412956e-02 2.0187122537e-01 8.5571005655e-02 -9.6891862410e-02 -1.2194256002e-02 -3.6570624137e-02 -5.5422123933e-02 4.5419044025e-01 1.5330185892e-02 -2.4464807026e-01 2.0645323147e-01 -8.4209654308e-02 -2.6427256345e-01 -1.5126123610e-01 8.2436775063e-02 -1.2593936244e-01 -1.5598410626e-01 3.0937260993e-01 -9.9678058806e-02 2.6797252478e-01 -1.5828260926e-02 -4.6373942396e-02 1.6783191643e-01 5.7222056527e-02 1.6825367437e-01 -1.0508302115e-01 6.6292466426e-02 1.0488728310e-01 -6.1456448391e-02
2.0231529350e-01 -1.5745601553e-01 -5.0248604345e-02 1.0728750942e-01 -3.3057953903e-01 -1.1042131788e-01 1.2091969317e-01 -3.4936219111e-02 -4.5338646771e-02 4.8682813677e-02 1.9131608512e-02 8.3091146067e-02 -2.2443993367e-02 1.8989556946e-02 -1.8540699907e-01 -2.1367099800e-01 -1.5108394774e-01 -2.8069402963e-01 -2.1514246755e-01 2.5801985664e-01 3.3736106661e-03 1.0704749788e-01 1.2742956789e-01 1.9127044669e-01 -6.6177632823e-02 -1.2080036498e-01 1.0477353338e-01 1.8203499494e-01 3.8084876244e-02 -1.1196973611e-01 -1.6757553130e-01 1.0202509670e-01
2.9164517722e-01 1.1228005048e-01 8.4477249916e-02 1.3161690649e-01 3.0454885843e-01 2.3817741623e-02 -4.6415490676e-03 1.3400343553e-01 1.2277014678e-03 -2.9110451685e-01 -1.3734284116e-01 1.3222426766e-01 5.7577660493e-03 -5.1393371800e-02 -9.1871545071e-03 1.7402211249e-01 -6.4554654587e-02 5.7856285367e-02 1.6374298988e-01 -1.3929755053e-01 1.3503246693e-01 -1.4074959553e-01 2.6301207722e-01 2.2088838870e-01 -9.3451972489e-02 6.7681689754e-03 6.8851935341e-02 2.3084467187e-01 -9.7443548365e-02 -8.1851671798e-02 1.0216287782e-01 -1.1006865885e-01
-1.9890237968e-01 -4.8002156335e-02 1.0226694460e-01 7.6663385854e-02 -7.5784233061e-02 4.5790449850e-02 2.6831537624e-01 8.8019130274e-02 3.7794320552e-02 3.5542038637e-01 1.2104021425e-01 1.2843044238e-01 -9.2600767213e-02 -1.1845127340e-01 8.4594644204e-02 -1.2426910554e-01 -2.6522996327e-01 3.3864974225e-01 -2.0298401517e-01 -6.1966630033e-02 -8.0302325477e-02 8.7786161170e-02 1.2561924091e-01 7.4696021134e-02 4.1890594341e-01 -3.5773000876e-01 7.4506930123e-02 -6.0731683297e-01 2.5836471951e-01 1.4396255713e-01 1.7693939638e-01 -3.8611447024e-01
-7.0450442449e-02 1.6763539139e-01 1.0516461537e-01 -2.6056078480e-01 7.1770104339e-02 9.9001050776e-02 1.3412503836e-01 -2.0558118234e-01 -1.5066733570e-01 -6.2996176298e-03 -2.2507159446e-01 -1.2646387090e-01 -2.4898834212e-01 -1.2546998955e-01 -1.7672958837e-01 2.7121389885e-01 1.7099807851e-01 -2.8647537856e-01 8.7330460949e-02 2.7219400659e-01 1.0087740813e-01 -2.5318187050e-01 2.0425464710e-01 4.5520431908e-02 -1.0522220897e-01 1.7679525871e-01 -1.0064133683e-01 -1.7907019316e-01 9.9280162764e-03 3.3079035769e-01 2.8623956094e-01 3.8880242515e-02
9.0870916402e-02 8.9228908323e-02 -2.4658566616e-01 -1.9746964825e-01 -5.1587876272e-02 2.6400095236e-02 -3.8830970641e-02 1.0568417179e-01 -1.3088878646e-01 -2.7133504953e-01 7.6928935084e-03 1.4395030397e-02 4.6658053730e-02 -1.3352542071e-01 1.3046593127e-01 3.8193769975e-01 -3.5799544136e-02 -4.1719615029e-02 2.1998268346e-01 2.1888287177e-01 -6.5976151232e-02 -3.4683450492e-02 3.6299599047e-01 1.5160678532e-01 1.1436453145e-01 6.9413850788e-02 3.0094473553e-02 -9.4879464715e-03 -3.0261942071e-02 -2.3392718088e-01 4.2182017199e-02 -1.8764489075e-01
-3.1935585601e-01 -1.7105657331e-01 -5.6314051540e-02 8.6863788825e-02 -2.3159850793e-01 -2.0529491226e-01 -2.9599530612e-02 1.2628630749e-01 -2.6049698274e-01 -2.8625810808e-01 -2.1739595598e-01 1.2596118300e-02 -3.4940587861e-01 -1.6158296601e-01 -3.7845677290e-01 3.9754904072e-01 -1.1308487204e-01 1.6742785289e-02 -2.0315828913e-01 1.5130560668e-01 -1.3658719704e-01 8.1923158104e-02 -1.7299572122e-01 9.9097565383e-02 2.9297473676e-01 1.5632050803e-01 3.6352611624e-01 4.3588362068e-02 -1.2520175586e-01 1.2640249110e-01 7.8892103735e-03 -3.7447046471e-01
-8.9430352409e-02 -1.4736739734e-01 -5.1365439522e-02 2.0711347915e-01 6.4154672270e-02 -3.3092836058e-01 4.1169491347e-01 2.5411770242e-02 1.2111206894e-01 2.4867133085e-02 -1.7150566112e-01 -5.9383801481e-02 -1.3842083654e-01 3.7992170261e-01 -2.0769447204e-01 -9.3451914893e-02 -1.3110208526e-01 3.4533046932e-01 -3.2204902994e-01 -9.6491923080e-02 -9.4978679386e-02 2.8096750690e-01 -2.7281590682e-01 -3.8518554560e-02 1.6307624657e-01 -5.0715929515e-02 -1.7565935939e-01 6.4713772482e-02 4.8550292311e-01 -1.4317872832e-02 1.2834791283e-01 -4.8655079576e-02
3.4361720956e-02 -6.7030754642e-02 -1.4786846113e-01 -1.9577675132e-01 1.8220509938e-01 -7.4259899810e-02 1.6600917011e-02 4.6871048355e-02 1.0102049441e-02 -4.0847049713e-02 -3.7212799179e-02 -2.9348636503e-01 5.8476575364e-02 -2.1964003070e-01 -4.8533158079e-02 2.2451927088e-01 1.2246884970e-01 -1.0212200006e-01 1.8690532837e-01 1.5633233444e-01 2.9087585366e-01 3.4272643697e-01 6.4858924577e-02 5.0030589838e-02 1.5881554642e-02 4.2635931086e-03 1.0214458728e-02 8.9438520531e-02 2.3139134332e-01 -1.1298043045e-01 -3.4657382098e-01 -1.1794242309e-01
-1.4803710973e-01 -2.8996863140e-02 2.4672531146e-02 -1.4795578489e-01 -2.8916160728e-01 3.2057500065e-01 -3.3591111274e-02 7.3533830909e-02 2.5859820674e-01 -8.6334970917e-02 -1.8275382592e-01 -5.7738743608e-03 -1.9672668343e-01 -1.0262812899e-01 -6.0423369522e-02 -1.3033566913e-01 -3.1097152754e-01 -7.9411054309e-02 9.5698849877e-02 -1.4915866561e-03 4.6747673447e-04 -8.6910214337e-03 2.2807436286e-01 2.6266148927e-01 1.5649858626e-02 7.3069536548e-02 3.8840487316e-01 -4.0304718626e-01 -1.4153933209e-02 2.3795707908e-01 8.9684750388e-02 -1.2360915854e-01
9.0895776076e-02 6.4076986308e-02 1.3807052911e-01 1.7959445577e-01 2.0290036350e-02 2.7198380512e-01 2.0922991302e-01 3.2887561114e-02 5.3862133314e-02 1.3625175674e-01 3.1791549096e-02 2.4987255900e-02 1.0394833617e-01 -1.4676773348e-01 6.2489108743e-02 -2.3680403153e-02 2.9428030079e-01 1.8423298112e-02 1.7795894608e-01 -3.5678248364e-02 -1.4101905907e-01 2.2074931411e-02 3.1288643232e-01 1.3358547829e-02 -1.4242305940e-01 -7.8084460911e-02 1.4525301152e-01 -3.2014742741e-02 -1.8456928878e-01 -1.6627471711e-01 -4.6138844656e-02 9.4292119109e-02
-3.2600972812e-02 1.3794170946e-01 2.1328388731e-02 4.2924235218e-02 1.9649634491e-01 -1.8920846321e-01 -2.9995248016e-02 2.0288461459e-01 4.7519216108e-01 -1.9901466994e-01 2.8376121723e-01 -1.4532356045e-01 -3.3985045647e-01 -9.0963117410e-02 -4.0975380033e-01 -8.9145796226e-02 6.8495727572e-02 9.4739400593e-02 -1.9279476176e-01 2.0677041301e-01 -3.4745749170e-01 -2.1592917969e-02 9.5808096544e-02 -1.7641989305e-01 -3.0506388684e-02 -2.0994485114e-01 -1.6074505249e-01 -1.2025411181e-01 3.1637624395e-01 2.5914747989e-02 -2.2490459829e-01 -6.6273909042e-02
