2.8918745698e+00
9.4402969304e-01
2.5199895373e+00
-1.0931888236e+00
8.2428545343e-01
-2.6257191300e+00
-9.4146537720e-01
-2.5907359330e+00
2.5665620047e+00
2.8651394641e+00
-1.1050779662e+00
-2.2954977087e+00
-8.1132357067e-01
-1.9490164236e+00
-1.3319156358e+00
-9.4019374291e-01
2.1995175711e+00
3.3115393382e+00
1.1435105134e+00
-2.6227017633e+00
-1.0027019520e+00
-1.2123970183e+00
-2.6608697182e+00
-1.0023095177e+00
-2.8277853289e+00
8.4507461954e-01
1.5741746678e+00
1.0199103792e+00
-2.6239091182e+00
9.2081666108e-01
2.7789845988e+00
2.5062498315e+00
-1.0269633489e+00
9.2750142517e-01
1.1680581577e+00
