8.4512496208e-01
-3.1124962443e-01
-1.8171779977e-01
-1.1979006577e+00
-1.9313442340e-01
-6.2818173886e-01
4.4164294786e-01
1.0343412757e+00
3.5412972643e-02
-1.0563206977e+00
1.2876049014e+00
-8.8674326086e-01
8.0489633609e-01
-2.4452954684e+00
-2.1068486429e+00
-1.5284412174e+00
6.7101226116e-01
5.8987102261e-01
-8.7577845564e-01
5.9347508312e-01
1.4271897201e-01
8.2722272212e-01
8.9567979094e-01
-1.6687388136e+00
3.8486559991e-01
-9.6393629538e-01
9.1138855950e-01
1.9428139108e+00
3.6344836017e-01
-6.5061518715e-01
3.2070822331e-01
-9.1405783098e-01
