1.3753390227e-01 -1.2877776400e-01 -4.9899190221e-02 -3.8967502259e-02 1.7638577818e-01 3.5395291016e-01 1.3947919052e-02 -1.7235609750e-01 1.0986510412e-01 2.1095840000e-01 1.9463821702e-01 2.4550106338e-01 -3.0161661838e-02 1.2523069768e-01 -9.5826089263e-02 1.4917727649e-01 -2.0444903841e-01 -3.1782668042e-02 1.0627327150e-01 -2.7594701475e-02 -1.7853413704e-01 3.8943711953e-01 1.3824957209e-01 1.5983881554e-01
-5.3517713375e-03 -2.6943058215e-01 -1.2194585061e-01 3.3848949764e-03 1.0806761654e-01 6.6930702721e-02 3.4308907102e-01 -8.6477611008e-02 -3.3499442445e-01 1.1497363779e-02 2.3042342009e-01 1.1450939397e-02 2.4997762045e-01 3.7111898108e-01 3.3305990009e-02 1.9296160773e-02 -2.4272976514e-01 -3.2289188523e-01 3.0264002798e-01 -1.5847085537e-01 4.7731464014e-01 7.3387905690e-02 4.2252798965e-02 1.8974624385e-01
3.6856673406e-01 1.7442850006e-01 2.2225931139e-01 3.6479326070e-01 -7.9434333183e-02 6.6357739932e-02 6.9467667206e-02 3.4522291222e-01 2.5266949344e-01 2.3911242185e-01 -8.4540085957e-02 -1.2672369020e-01 2.2672317485e-01 4.9332556022e-02 -2.4566556193e-01 2.7417083566e-02 -1.4498461019e-01 6.1081156417e-02 -1.7989514436e-01 -1.3600178569e-01 6.2581563885e-02 5.1640531465e-02 -2.2279032167e-01 -4.1514633684e-01
-6.6096638884e-02 2.2830515214e-01 -3.5200580080e-01 2.7956981596e-03 -7.0810900813e-02 4.9565172764e-01 6.4737075285e-01 -2.0254272111e-01 7.5295998717e-02 -2.5338448361e-01 4.9619174742e-01 -8.7723726334e-02 1.6355643092e-01 1.8380545625e-01 3.3815880019e-01 -1.4716122576e-01 4.3658619473e-01 7.2545259574e-02 -1.5235847925e-01 1.1458237901e-01 2.4899334307e-01 -4.2957168049e-02 4.4336902221e-02 1.4143389701e-01
-3.8615684891e-02 2.8056820424e-02 -2.5800932830e-01 4.1471692879e-03 7.8821838588e-02 -3.5964439712e-01 2.2075239382e-01 -1.5445272841e-01 9.4222213117e-02 -1.4218707764e-01 -1.4192412522e-01 -6.3352168810e-02 1.9522878415e-01 -5.9314765547e-02 5.4650669716e-02 1.1947844815e-01 -3.0130090292e-02 -1.7530206645e-01 -7.5443855193e-02 3.9630930735e-01 3.0292843918e-01 -1.3049547924e-01 2.1427217956e-01 1.6084143534e-01
1.0490414508e-01 -9.1145879004e-03 1.8136927985e-02 -2.1022949902e-01 -1.3155435756e-02 -1.2269050966e-01 3.0846249643e-01 1.2483782238e-01 -4.1068400945e-02 -7.4455988632e-01 -6.3316404332e-02 1.7007897919e-02 2.1693106402e-01 -3.1143812037e-01 1.1563601585e-01 2.3627575943e-02 -2.2362697742e-01 9.3284448460e-02 2.0709983152e-01 2.5909773712e-01 -6.8459983470e-03 -1.6407955422e-01 8.2855891657e-02 -2.6538538223e-01
-3.3366514935e-01 -1.2529330260e-01 3.5475278525e-01 -3.1645190306e-01 2.2578262858e-01 3.0975080760e-01 -3.5851741019e-01 3.0071348037e-01 3.1357728113e-01 -1.0247815295e-01 -3.5684264517e-01 -2.1276412502e-01 -1.0590833280e-01 -1.0478185646e-01 1.6886900117e-01 -2.4008840786e-01 -1.2849854257e-02 -2.9860527875e-02 1.7934037762e-01 -1.9022770112e-01 2.5607356418e-01 -1.8822570557e-01 -1.6506458513e-01 -7.9068447786e-02
1.6575434980e-02 5.3242340054e-02 -3.1611717210e-01 -3.4200338736e-01 -1.6123547297e-01 3.7310907533e-01 -3.5181540643e-01 -8.8199571585e-02 -1.3449794455e-02 1.2746559545e-01 -1.7030957123e-02 3.0874114693e-01 4.2168769053e-01 -1.3742757130e-01 1.4995600548e-01 2.7467377835e-01 6.0022968698e-02 -3.8793183899e-01 -9.6239762001e-02 1.2652364026e-01 9.7701516842e-02 -9.9505863863e-02 -2.0687848817e-01 -3.4075059933e-01
7.8901338080e-02 2.6926330562e-02 1.5116726297e-01 1.1049983106e-01 -2.4603245153e-01 -1.4975909316e-01 -2.6671415251e-01 5.5909905641e-01 1.7064306106e-01 -3.3512019822e-01 1.0333210633e-01 -9.4523130620e-02 8.6646091889e-02 -1.8334092946e-01 -1.8410610638e-01 -8.8612263594e-02 -1.7710599757e-01 -2.1742642420e-01 3.8810755642e-01 1.3654328908e-01 1.4193243977e-01 -1.6489810851e-01 -1.2227830242e-01 -2.8259885497e-01
3.2729755318e-02 -2.2100256030e-01 -1.1365050960e-01 9.3357773494e-02 -6.7765189892e-02 4.2752424489e-01 -1.7221506991e-01 1.5024226805e-01 2.3168903018e-01 -2.4904567521e-01 -2.1057098748e-01 -5.1993642662e-01 3.2284002525e-01 3.8471552560e-02 1.1060137899e-01 -4.8194913224e-02 -4.1931550080e-01 -7.2296573403e-03 1.1676277107e-01 -7.4672747743e-02 -4.0069038349e-02 -4.9552657520e-01 1.1767585735e-01 -1.0471201532e-01
9.8641202326e-03 -1.7227906315e-01 -1.6461199161e-01 2.8485770587e-01 -1.0159322638e-01 2.1370836742e-02 3.6488273234e-01 -3.4833732688e-01 -1.6870379946e-01 1.8184117391e-01 1.6272186537e-01 -1.7003093514e-01 -3.9286480595e-01 -1.9552620983e-02 4.1504524738e-01 1.6976327811e-01 6.8806980789e-02 -2.8491593265e-02 1.5777752241e-01 -1.1524853146e-01 -2.0658584931e-02 2.0398064443e-01 2.0858686385e-01 2.5362813593e-01
3.0770700174e-01 6.4028082829e-02 1.3285222857e-01 -1.1453300249e-01 -1.0779054955e-01 2.3118014449e-01 1.4665969507e-01 1.1317499415e-01 -7.7210118560e-02 1.9643125259e-01 -1.8492840866e-01 1.4229495322e-01 -2.4466096883e-02 -5.8359591941e-02 -2.7318434334e-03 9.2325561104e-02 2.4565780949e-01 -2.8369290574e-01 -4.7791061753e-02 -2.3264679913e-01 4.2697521115e-03 -1.0075495850e-04 -1.0791096007e-01 -2.8455323924e-01
1.2782305509e-01 -1.2661216739e-01 -3.4672845123e-01 1.1755197960e-01 -2.3766537701e-03 -2.4194551541e-02 -3.5339978088e-01 2.2746646230e-01 1.3577599599e-01 2.8440114410e-01 -1.5962858541e-01 -3.1413590093e-01 -1.6330857725e-01 -1.3952423075e-01 -2.3313335863e-01 6.1240363372e-02 -1.0810588894e-01 -9.7586120603e-02 6.2500815518e-02 -2.0969136584e-01 4.0722676658e-01 1.1861112576e-01 2.1734386617e-01 1.1769205796e-01
4.0896317488e-01 1.1689342250e-01 -1.3931056694e-01 -1.8674533250e-01 2.5510550362e-02 3.7557873991e-02 1.0869357335e-01 8.8680149075e-03 1.4038647288e-01 1.6624748883e-01 1.1707854376e-02 1.5041693449e-01 1.7256226508e-01 1.7628422465e-01 -3.4799223186e-02 -2.1313831852e-02 8.2327462343e-02 -2.0296551624e-01 3.9787033583e-02 -2.1008460773e-01 3.6668704009e-02 -1.5987664329e-01 8.8743465630e-02 7.9670542312e-02
1.8754181002e-01 -3.1453132698e-01 -1.7502185982e-01 -2.0453047779e-01 3.1547714263e-01 -3.8480936374e-02 1.5682564160e-01 1.6013978305e-02 -1.9972965546e-02 -1.0346442463e-01 2.7219180621e-01 1.3404126700e-01 1.8986474177e-01 -2.3732778904e-01 -3.6588763990e-01 -5.2792699662e-01 -2.1968361941e-01 2.8861691822e-01 -4.7208885346e-02 -1.1839633373e-01 -2.4224072770e-01 -9.4703001210e-02 4.4762273252e-02 3.1973038137e-01
4.8615258633e-01 1.6781401608e-01 -3.3288287890e-01 -3.7731763765e-01 7.8623003909e-02 2.3176142521e-01 -1.1148261982e-01 1.7535144449e-04 4.0860469864e-01 3.2974035135e-01 -2.4983422225e-01 1.1417720684e-02 8.7980274404e-02 -1.6623852131e-01 3.2535479995e-01 4.8636913459e-01 -9.9215115146e-02 7.7575524951e-02 1.0717428573e-01 5.8657201642e-02 -1.2836609483e-01 2.6135736241e-01 -2.5641941204e-01 4.4348227066e-02
-1.0202054221e-01 5.9221985192e-02 5.0675372158e-01 2.2494630661e-01 -5.9946885153e-02 -3.8172227862e-01 -2.5400489301e-01 7.4003349365e-02 -2.3020464502e-01 -1.5413989821e-01 -4.1472582682e-02 -9.9014236482e-02 -2.4836061690e-01 -1.9815721143e-02 1.3220530440e-01 -2.1505568465e-01 -2.1444031824e-01 5.0209773799e-02 4.9569561404e-01 8.1016341958e-02 -2.8025101402e-01 1.4699448281e-01 3.2508703828e-01 7.8232030077e-02
-5.0872942888e-02 -2.1624840206e-01 7.3228728528e-02 -3.6235042142e-01 -1.0783243523e-01 1.1725622505e-01 -9.3650246551e-02 -4.6656542949e-02 1.6405111395e-01 2.2198806166e-02 5.9843109116e-02 1.3455195158e-01 -2.5510669487e-01 2.2191963638e-01 -1.9846375565e-01 -1.6409002952e-01 -1.7625880446e-01 1.3967407976e-01 2.0925092366e-01 -1.8728803957e-01 -2.8245566026e-01 2.4361650927e-01 -8.2626783688e-01 5.8189365813e-03
2.7368188435e-01 -7.4571990498e-02 -1.8388945874e-01 5.9600791469e-03 -2.5965981578e-01 -1.1280462590e-01 2.6532133494e-02 -1.0029004937e-01 -4.1374254136e-02 1.0453198710e-02 -1.4757777008e-01 -5.1733906668e-02 -6.3994547396e-02 -2.3239346189e-01 8.2101513497e-02 -2.7074186808e-01 -3.3727044338e-02 1.2158629523e-01 2.1702613336e-01 2.0811727344e-01 -2.0989204082e-02 1.4549025676e-01 4.5485072542e-02 1.3260866949e-01
-1.8618078706e-01 1.2225947941e-01 -1.7145945702e-02 -3.3362057500e-01 2.2418840284e-01 -2.0681964425e-01 2.4566690743e-01 1.1232532422e-01 -1.1215585183e-02 -2.2371108370e-01 2.2499754361e-01 -2.0887363484e-01 -2.5047158530e-02 2.6039727282e-01 5.2689303638e-01 1.6178519141e-01 -2.1134803441e-01 -1.7794297829e-01 -2.7430863349e-01 -2.6723614897e-01 1.8616652528e-01 8.6835284307e-02 -1.1764291527e-02 -1.2849804803e-01
2.0850587543e-01 2.5201163047e-01 3.3716594647e-01 -2.4978631582e-01 1.9386296971e-01 8.1180959822e-03 1.9185765143e-01 -1.5591009037e-03 2.8140446442e-01 2.8830572839e-01 -4.1855136174e-01 3.3972363314e-02 8.9818160681e-02 7.4607218294e-02 -1.4076535642e-01 -2.0851397444e-01 4.0503066611e-01 -2.1481798667e-01 4.3190391815e-02 -9.7071667986e-02 2.4474503437e-01 -1.1745600264e-01 -3.2847088131e-01 -5.7693277847e-01
2.5486428902e-01 -2.2633718225e-01 2.5758864321e-01 -2.5884831169e-01 4.1826661216e-01 -2.2086359668e-01 7.3893591419e-02 3.0459363004e-01 -2.2231853699e-02 -9.3077113028e-02 -1.0256758749e-02 -2.4691426399e-02 1.2240571104e-01 -1.8247086352e-01 -2.7098004642e-01 1.0311284001e-01 -5.3173492982e-01 1.2360418810e-01 -4.7676192484e-02 -3.1658393900e-01 -1.5008128862e-01 -1.3808591719e-01 -8.8969094241e-02 -2.5180969754e-01
2.1476693592e-01 3.3060565093e-01 1.9251253547e-01 -9.6483224389e-02 1.6377300055e-01 1.0807616406e-03 3.9653354669e-02 8.5745373169e-02 -2.0998794843e-01 -2.3572378364e-01 -2.4909401613e-01 2.4240631852e-02 -7.8053885530e-02 -3.8766897943e-01 -1.7394228635e-01 -7.5415779975e-02 3.5883393635e-01 2.3924026318e-01 -5.6081955186e-03 -7.1637678082e-02 6.8316160941e-01 1.3016046315e-01 -1.4016802213e-01 2.6625548447e-01
-1.2720268197e-01 2.5891673371e-01 -1.6284463041e-01 3.8385987884e-01 -3.7203129008e-01 7.9873665862e-02 -4.7940824731e-02 7.5994597297e-03 -1.2359398724e-01 -7.6431710387e-03 3.2180315286e-01 -7.3257876775e-02 -5.6308451506e-01 4.4707037153e-01 -2.7664383742e-01 -1.8018841662e-01 4.0451619066e-03 -2.0987437801e-01 3.8571185295e-01 9.0201920007e-03 -1.1632153357e-01 1.3859317160e-01 1.8800590958e-01 2.2868847906e-01
