4.8867286783e-02
-3.7524800074e-02
1.1342141061e+00
-3.1100255400e-01
1.5234359542e+00
-2.9865712143e-02
-1.7541591595e+00
1.4947703944e+00
-3.4288847870e-01
-1.8860915128e+00
-6.2970932391e-01
-1.1518156535e+00
2.4190110553e+00
-1.2512799052e+00
-5.9821445362e-01
-6.5312604957e-01
1.1682452526e-02
1.4599379346e+00
2.0033294414e-01
-7.8195090781e-01
-4.5771373406e-01
1.3228935298e+00
-4.2455897264e-01
1.4747968386e+00
-1.0265875711e+00
2.0428769501e-01
4.7649088295e-02
-2.2801602823e-01
1.5116128162e+00
1.3676051025e-01
-1.7078061899e+00
-1.1838819557e+00
