-5.1300606489e-01 2.6359038117e-02 -1.5141965165e-02 4.4892852961e-02 4.8410133963e-02 3.2190847236e-01 5.4501044536e-02 1.0953163323e-01 1.1161052435e-01 -3.5835965477e-02 -1.8289337446e-01 9.4210484253e-02 1.7502899554e-01 1.7804409012e-01 3.3696524953e-02 2.5705199770e-01 1.0107635316e-01 -5.4196948122e-02 1.5471759353e-01 -7.2008255907e-02 -6.7919952448e-02 -2.5062935910e-01 6.8109840622e-02 -4.4269147085e-01
-4.0038774281e-02 1.1127496001e-01 -1.4213306402e-02 -1.3516134440e-01 -2.8752410216e-01 -1.9423973669e-01 -1.6986254709e-01 5.1593009742e-02 -3.4127405435e-01 3.6183121622e-01 -3.3906665107e-01 -1.3457434618e-01 3.3834340160e-01 -5.1130185104e-02 2.8080853801e-01 -5.7771599029e-03 3.0018013199e-01 -1.5349405502e-02 9.3509044618e-02 2.0890723658e-02 1.2920664788e-01 -4.7331695692e-01 7.6883371224e-02 4.7747930435e-02
9.1575259989e-02 7.8730487997e-03 2.6064791594e-02 -7.5088809572e-02 -9.0625376471e-02 1.4068813617e-01 3.6770599685e-01 3.0665777610e-01 2.6491387503e-01 -1.9336904533e-01 1.0530212166e-01 -3.1170132905e-01 1.3336124565e-01 -1.7328454854e-01 -3.9797046979e-01 -5.0857210960e-02 2.4923035781e-01 2.8497510077e-01 -3.0223490689e-01 1.5873595516e-01 1.0814513141e-01 2.2559253208e-01 1.0882642770e-01 -9.6184937239e-03
-1.1608046979e-01 -3.5786795437e-03 1.9958440623e-02 -1.2092052141e-01 7.6282452335e-02 -4.2666014168e-01 -1.7235153971e-02 -1.0918270000e-01 7.8719380999e-02 4.5606126265e-01 -5.7378374185e-02 1.5490713962e-01 -4.0357134939e-01 -5.9476491348e-02 5.3063593677e-03 1.1088564338e-01 2.5242699958e-01 2.1960072001e-01 -1.0207347522e-01 -2.1448370790e-01 3.1167621498e-03 1.8689258370e-01 -1.8218531871e-01 -1.4897845393e-01
9.8922483880e-02 1.2338162376e-01 4.3041619939e-01 4.2612794042e-01 5.4099426343e-01 3.8961146590e-01 4.5721473504e-01 1.5611807985e-01 1.9967253525e-01 9.1226127764e-02 -2.6461443765e-01 -8.2888496833e-02 -9.8155240850e-02 -1.9223101636e-01 -1.8581999496e-01 -2.1142785463e-02 -3.3984328399e-01 3.8549347563e-01 1.1658104483e-01 1.2169009673e-01 -3.2995566079e-02 -2.7218276007e-01 7.4485620700e-02 2.1850928001e-02
2.3777220617e-01 -1.1995005886e-03 -1.9064087999e-01 -9.1298121939e-02 -1.5711704659e-01 8.4932520530e-01 1.9865766132e-01 1.2926989232e-01 6.3310500469e-02 -7.1490325512e-02 3.4266741467e-01 2.5675583441e-01 2.9126860046e-01 1.8246845034e-01 -2.0310361965e-01 2.4024718436e-01 2.1584172517e-01 2.1169131477e-01 6.1870012510e-02 -2.8407743564e-02 2.0587961715e-01 -3.8539570383e-02 8.3637442405e-02 1.9360388929e-01
8.3119948822e-02 -1.4846648793e-01 -1.6069859092e-02 -2.9208667809e-01 3.6969821879e-01 -2.2744241583e-02 5.8009556281e-02 -2.0234968102e-01 2.5695559117e-01 -1.9586979540e-02 6.5523295840e-02 3.7772007888e-01 3.0272061434e-01 1.8955347002e-01 2.5066442469e-01 -3.0324182432e-01 4.1147028804e-01 8.4725234246e-02 -1.6676977335e-01 -3.6575315532e-01 5.4590393834e-01 -1.4471805525e-01 -1.8215841977e-01 1.3776581070e-01
2.7130323259e-01 -8.2234390543e-02 -3.4939910567e-01 1.2332889565e-02 -7.4579957590e-02 -5.6294961281e-02 -1.1634876195e-01 6.7279865121e-02 4.5253285368e-01 2.6205400090e-01 -7.1916095369e-02 4.1539781386e-01 2.1075755155e-01 -2.1989466550e-01 2.6365647568e-01 -1.7906246274e-01 1.8474934866e-01 -2.3410343911e-01 1.7992044513e-01 -5.1337311772e-01 1.8270861321e-01 2.5226037125e-01 6.8888953812e-02 1.8230879530e-02
1.1367641451e-01 1.0208106541e-01 3.2468776894e-01 2.6244270778e-02 -1.3841432845e-01 -3.4581100781e-01 3.5917516138e-01 1.2394341439e-01 1.5778662306e-01 5.2543593418e-02 6.8471513356e-02 -5.1603532408e-01 -2.1677430343e-01 1.1772604297e-01 1.1768321512e-01 2.3547182202e-01 -2.7143882113e-01 3.4930643384e-01 8.6603140075e-02 -1.6345883993e-01 3.4062083762e-02 1.9903202628e-01 1.0334837485e-01 1.8303630948e-01
-1.5340748226e-01 3.9333691447e-01 4.2221700954e-01 -5.8284321150e-01 -8.8373197094e-02 1.6612026777e-01 4.6840076162e-01 -2.2895560903e-01 -9.4697107072e-03 1.3693443928e-01 1.6113695642e-01 6.0554729943e-02 9.9348142973e-02 -3.2521563211e-01 -2.4275670403e-01 2.5104407150e-03 1.1048209166e-01 -2.1640577434e-01 1.6912949750e-01 -6.0994963284e-02 -9.0048455877e-02 -9.0448821704e-03 -7.5982764687e-02 2.4220273803e-02
-5.1549817944e-02 2.7460530663e-01 2.1876431386e-01 6.4656918957e-02 4.9167647812e-01 2.1347020853e-02 -1.9640408322e-01 -7.0256498433e-01 -4.0616442175e-01 -3.7234861320e-01 -6.0628179146e-03 -2.4019425955e-01 -2.5000273225e-01 1.4116211299e-01 4.2527534608e-01 1.1093183780e-01 1.4198994631e-01 3.7216112511e-02 -3.8590444497e-02 7.3899391884e-03 -1.9705467373e-02 2.8329136959e-01 -1.6773300111e-01 1.0275145430e-01
-5.4762453764e-01 1.9691371340e-01 1.8926188442e-02 1.6508820436e-01 -3.4082231493e-01 6.9260914489e-02 1.4327379668e-01 1.3031792083e-01 -3.4624191528e-02 1.9301367943e-01 2.3237053205e-02 5.6268594997e-02 3.3449080593e-02 1.0526612135e-01 -2.6422233042e-01 5.1986568820e-01 -8.5159714078e-03 -1.4714459028e-01 1.6241983318e-01 2.6998069078e-01 -2.0998846675e-01 2.8359423285e-02 2.2756628822e-02 -3.9646711805e-01
-2.2156856002e-01 -4.3275393507e-02 -9.1048306495e-02 -1.9955162974e-01 -1.1846308537e-01 6.8836561761e-02 -1.2793245937e-01 1.4994117913e-01 5.1480614037e-02 1.2086244903e-01 -2.2874725931e-03 -2.7798220171e-01 -1.1697845052e-01 -5.8046179914e-02 1.2663059860e-01 1.1009258985e-01 -2.3767547024e-01 1.9679135691e-01 3.4575508821e-02 1.0356811831e-01 1.4417019052e-01 1.5569033172e-01 -1.3490551473e-01 1.8420288338e-01
-1.4772825327e-01 8.2788826203e-02 -3.4654294482e-01 3.0425005301e-02 -2.4055990992e-02 -6.4790820917e-02 -3.3434244278e-01 3.0264220248e-01 3.7676196234e-01 1.5779724093e-01 -2.3185667761e-01 -3.2308558090e-02 2.2325549980e-01 3.1419189497e-01 -1.4041651394e-01 8.3421514343e-04 4.1739299876e-01 -2.6012095028e-01 1.3623721806e-01 -4.9792377141e-02 2.1659351046e-01 3.5940818828e-02 -9.1098016453e-02 -9.5055631704e-02
6.0506548004e-02 -6.0137056062e-02 -1.8809684716e-01 3.7409649203e-01 -2.1992401308e-01 6.9750569406e-02 1.7039532822e-01 4.8884813402e-01 -2.8041837405e-01 -1.8866296707e-02 -2.9827016105e-02 3.7303402713e-02 -2.7718018163e-01 -3.0221830114e-01 -4.2027972392e-01 3.0480759052e-02 -4.7556821286e-01 1.4975235648e-01 1.2902476784e-01 4.7386248524e-02 3.8384660800e-02 3.2105207546e-01 1.7950015391e-01 -1.1110524924e-02
1.2769935638e-01 2.2439412105e-01 7.6959504496e-03 2.6822100102e-01 -1.7400458906e-01 -2.8930693398e-01 -5.0336814320e-01 9.5552926922e-02 -3.8082600442e-01 3.2427023742e-01 -8.1572457631e-02 -2.1020169501e-01 1.2345061285e-01 2.4796995934e-01 -1.8166867255e-02 3.4335146521e-01 3.8320508582e-02 9.2356732239e-02 -1.8671903885e-02 6.8780448761e-02 -1.8727849014e-01 2.8451236754e-02 9.6812144463e-03 -3.4464735427e-01
-2.8078576277e-01 1.1362560333e-03 1.5126803708e-01 -1.0525222186e-01 2.5549023663e-01 6.5621279396e-03 -1.4706003266e-01 2.7272587326e-01 1.7388817348e-01 3.4062577364e-01 -1.7637496275e-01 2.8196022710e-01 -9.9709091753e-02 2.0277981586e-01 1.0785282067e-01 2.5550275304e-01 -3.7316833934e-01 -3.0307826342e-01 -1.4886999473e-01 -2.7216092045e-02 2.3346011463e-01 4.2387787411e-01 2.8343609679e-01 -3.2571645304e-01
-6.5221761222e-02 7.3929321431e-02 1.4807324134e-01 7.2181224608e-03 9.7350004180e-04 -2.6995574556e-01 -1.6978541981e-01 -5.8705708550e-02 4.2621326782e-02 2.3912221478e-02 -2.2127698239e-01 -8.1824772793e-02 -1.7864330271e-01 -1.5051442300e-03 -7.5910780321e-02 -2.0462643909e-01 1.2557575579e-01 -1.0544382539e-01 5.3926621119e-02 6.0152491274e-02 -4.1540182885e-02 -3.0669345498e-01 -3.3059369449e-01 1.7403642363e-02
-4.6138358631e-02 -1.0959509026e-01 1.0095274747e-01 -1.0165448499e-01 -1.3670554904e-01 7.4282131485e-02 3.5867193896e-01 1.5804619706e-01 -7.8181021785e-02 -2.1731773715e-01 -2.8167328300e-01 -3.8258075319e-01 1.7197196761e-01 1.9063348723e-01 -8.1266917419e-02 3.0852860875e-01 -7.2085955191e-02 3.6920692943e-01 -2.1877485985e-01 4.4309439778e-01 1.0772242649e-01 7.6685107083e-02 1.6240221493e-01 -1.5552357885e-01
-3.3065680951e-03 1.6114054524e-01 3.0495563650e-01 -1.9152087422e-01 3.1612845612e-01 2.8800754907e-01 4.5484403344e-02 -1.7742969806e-02 2.4179658436e-01 -3.9214116618e-01 3.6799871855e-01 -5.2092658262e-01 2.4688525245e-01 7.8618988950e-01 -3.9642988705e-01 1.7579501576e-01 1.6850964052e-01 -2.4627340102e-01 2.5674902611e-01 -9.1958843864e-02 1.1531496902e-01 3.7908374885e-01 5.2316259047e-02 1.4465045824e-01
5.9435901635e-02 2.8784086526e-01 1.8496519241e-01 -1.4294270221e-01 4.7912967617e-01 -4.3664517220e-02 -4.8432504510e-02 1.1794973518e-01 -3.6530550893e-02 9.0916260089e-02 3.5588670046e-01 1.3444087297e-01 -9.1979387781e-02 4.3307300758e-01 9.0199865331e-02 -1.6947056859e-01 1.8450355133e-01 2.9828584872e-01 3.5807549777e-01 -2.8013792650e-01 -6.9024369992e-02 -1.2528196533e-01 -2.3576982656e-01 -1.9212948810e-04
1.7562172313e-01 -1.0545887511e-01 -2.6754789889e-02 3.2518396318e-02 2.7264021932e-01 -4.0610549274e-02 3.0017508646e-01 4.3237062199e-01 -1.0449987324e-01 2.1960907093e-01 -1.5154687434e-01 2.0032318051e-01 7.9045679260e-02 1.1281696089e-01 -3.2352131557e-01 7.8128943550e-02 3.7212664926e-01 -8.7303679727e-02 3.5891038566e-01 6.7995359279e-02 -2.7640197887e-01 1.1190127394e-01 -5.6039255211e-02 -2.2090907439e-01
2.8321112292e-01 -1.6695374632e-01 5.2578060833e-01 -7.9283095348e-02 1.4748790799e-01 -4.9635153774e-01 -2.9743155005e-01 5.2187076364e-03 1.4967865994e-01 1.1263006879e-01 -1.9161177918e-01 -8.2889079414e-02 -4.7615160476e-01 -2.2102144535e-02 7.4209521342e-02 2.7672041255e-02 -3.4102850142e-02 8.7752707442e-02 -1.0486634405e-01 -1.4412701768e-01 -1.9209137546e-01 -1.2234318721e-01 -2.1649460896e-01 6.4462458677e-02
3.9276834567e-01 3.1170518950e-02 -3.3698832487e-01 -1.7002807650e-01 -1.6111230406e-02 6.2758797721e-02 -1.6563899711e-01 -1.2695808398e-01 -1.2304719546e-01 -1.9560986154e-01 1.5736148477e-01 -2.5055031529e-01 6.4419554235e-02 -3.7105294074e-01 2.2964914234e-01 -3.6317487511e-01 3.6112470863e-01 -1.0602519796e-01 1.8598952163e-01 -3.2343106733e-01 7.4375823784e-02 2.0633739457e-01 -2.6721500744e-01 -1.0724827285e-01
