-7.4337480983e-02 3.0347866969e-01 1.0432752896e-01 -1.3202533971e-01 6.8533113387e-02 1.1850704432e-01 -2.8846452649e-01 -5.5560317616e-02 -1.0156984242e-01 1.6866378152e-01 -2.0664952046e-01 2.3383803317e-02 1.3515738680e-01 3.3550694128e-01 5.6422588588e-02 -2.1359260541e-01 -2.1099872223e-02 1.1285606460e-01 -2.5523686754e-01 -1.2757852744e-01 -3.5973644414e-02 2.8662712970e-01 2.1948171558e-01 -2.6790145067e-01 -4.9974840271e-02 -1.6315873089e-02 6.7188581113e-02 -2.9163193804e-01 -1.6639125248e-01 -1.9150798356e-01 -1.7939369137e-02 3.0430737865e-01
-2.3688833265e-01 -8.0081836692e-02 -2.4405296685e-01 -6.2990687557e-02 4.9758778933e-01 3.7482595325e-01 2.6746269184e-01 -3.4249353048e-01 -2.9755471556e-01 -2.3476582872e-01 2.6482286413e-01 2.4262586316e-01 -2.3342502836e-03 -1.0784717858e-02 6.8033667464e-02 7.5073799305e-02 6.7025353455e-02 7.9433551133e-02 -3.1592249146e-01 -5.0974194853e-01 -1.4104478137e-01 -1.6915378364e-01 -2.8211924596e-01 2.5037242023e-01 7.7097259504e-02 -5.1180387104e-01 1.6547168596e-01 2.3266410495e-01 1.3624672200e-01 7.0118693167e-02 -1.1300285518e-01 -4.1168267921e-01
1.9270720393e-01 5.0039113557e-02 -4.2933341136e-02 -7.4318918329e-02 -1.4123681202e-01 1.7772551311e-01 8.2029656143e-02 1.6495112915e-02 3.0871434670e-02 -7.3852261401e-02 -4.3492024862e-02 1.1514712047e-01 1.1004172888e-01 -8.9100589089e-02 2.5871047111e-01 4.1230255739e-01 -3.2640141144e-01 2.0168567655e-01 1.5670996631e-01 -3.3150047212e-01 1.6713918995e-03 -8.3583633980e-02 1.6541494705e-01 -9.2993671358e-02 -1.5530092076e-01 1.7854084554e-01 6.5235308250e-02 6.5489534087e-02 2.1973231682e-01 2.5621336878e-02 -5.5208605045e-02 3.0453008979e-01
-1.8134424929e-01 1.0113174140e-02 -2.0868092493e-01 2.8707295553e-01 2.0433761822e-01 -5.7325659042e-02 -1.2659912158e-01 -8.2965939438e-02 -1.5847499802e-01 -2.2468906355e-01 1.7263597715e-02 -5.7169986777e-02 6.8206946710e-02 1.6281709830e-01 -9.5842432930e-02 1.5677360412e-01 2.6555606961e-01 -1.4026159354e-01 -5.6372205356e-02 2.9407819966e-02 -1.6099449175e-02 -4.8288890105e-02 9.2608503024e-02 2.0115493839e-01 4.5147036565e-03 3.2196528675e-02 1.7605991706e-01 2.0589263548e-01 -3.3309949221e-02 1.8964854278e-01 6.3800673741e-02 -1.2963336902e-01
1.9542006088e-01 -5.8001004914e-02 7.4599908164e-02 -6.6297717206e-02 -2.5144353292e-02 -9.7695449719e-02 -1.1236930303e-01 1.8640309896e-01 2.8618789088e-01 1.7668058339e-01 -2.1692210486e-01 3.9146981551e-02 1.0577058368e-01 -2.4481643305e-01 -1.2422552259e-01 -3.1862964030e-02 3.8746435729e-01 -3.1731435953e-02 6.0034759948e-02 -1.9681241422e-01 -1.3532558619e-01 -2.4800109071e-01 2.3776150234e-01 -3.2073707753e-01 6.8646688294e-02 1.4866721943e-01 -2.0910308153e-02 1.8007047630e-01 -5.5007088742e-02 8.3987896770e-02 -4.2505182184e-02 4.7951582552e-03
-5.7929277802e-02 -1.4843303939e-01 2.0958197424e-01 8.3827066954e-02 2.4481342677e-02 -5.9703369637e-02 1.7193708107e-01 5.7338904373e-03 3.9636291227e-03 1.2702454168e-01 -1.4949596362e-01 2.2224091101e-01 -2.3628538733e-01 -1.5225875392e-01 -2.5398769162e-01 3.7485710830e-01 -1.4276032176e-01 1.1084004191e-01 3.3980115108e-01 3.1761280392e-01 3.3355901547e-01 -6.5265423375e-02 2.5775777940e-01 1.4457012805e-01 -1.5604774758e-02 -7.2900395368e-02 1.1387214954e-01 2.5934558718e-02 -1.0219782242e-01 -4.6236522908e-02 -1.3431453550e-01 2.1445336757e-02
1.5569534443e-01 -6.0876878866e-02 2.9296588635e-01 1.1109141900e-01 -1.8626578971e-01 1.8072138137e-01 -3.5650835756e-01 -3.6227134496e-01 -1.5952947629e-01 1.7629464001e-01 1.6894312960e-01 1.5257439114e-01 -2.3848726779e-03 -2.7398443143e-01 -1.8310463975e-02 -7.0471568691e-02 4.5735307280e-01 -2.1247364283e-01 -9.2740737133e-02 -2.1720481762e-02 4.8647837595e-02 -1.5277336567e-01 2.4260144749e-01 -5.4368908759e-02 -1.0444854474e-01 -1.8518307258e-01 1.0078710266e-01 9.6045430663e-02 -9.0930019699e-02 4.3473818335e-01 -1.4510768137e-01 -1.0716038706e-01
6.8951933157e-02 1.3253846468e-01 1.7716839256e-01 3.5301545782e-02 -5.3452753804e-01 -3.9710779405e-02 3.9973011669e-03 -1.7620142579e-01 -1.8075843490e-02 -5.9264594851e-02 1.8237315973e-01 -4.3011933630e-01 2.2457079224e-01 2.8609671093e-01 -1.1283913836e-01 3.5926527393e-01 -2.6783911382e-01 -3.3140841507e-02 -8.7116797061e-02 2.4367407974e-01 3.1072229574e-01 4.7788146634e-02 -8.5905463930e-02 6.2939387553e-02 2.1072372195e-02 2.0939121129e-01 -4.0119265585e-01 7.7508632341e-03 -1.2219520053e-01 -8.8246421329e-02 -4.5939189895e-02 1.2711790461e-01
-6.4488483864e-02 -2.8990541868e-01 5.1786913765e-02 3.4131652973e-03 3.3903113141e-01 -5.3443844609e-02 2.0235028499e-01 1.4304669682e-01 -1.4925689173e-01 -1.8514121727e-01 2.1416811196e-01 1.2666349632e-01 -2.3259360154e-02 1.2362101513e-01 2.3559501980e-01 -3.0856088031e-01 -2.5717209799e-02 -1.2416735791e-01 -1.6688396204e-01 -2.6120234353e-01 -6.4320576332e-02 -1.1587015166e-01 -5.0860608961e-02 -1.1457279286e-01 -5.2395437017e-01 6.1689985807e-03 3.7324050159e-01 1.3683609101e-01 2.0036526705e-01 4.3043948755e-02 1.2199013648e-01 -2.4328008184e-01
1.6869349065e-01 -1.5114127314e-01 -1.0854025771e-01 -1.0808078753e-01 -2.0470238252e-01 -1.3906747235e-01 4.9832183002e-02 3.3447817247e-01 -5.9967687773e-02 -1.3569781921e-01 -1.4889658511e-01 1.0226459384e-01 1.0796365038e-01 2.3343807981e-02 8.8405959732e-02 -9.9500940570e-02 1.2887896299e-01 -2.0429665633e-01 -2.2152974208e-01 -3.9044054538e-02 5.6262813998e-02 -9.2434181340e-03 -1.4298236863e-01 8.1482597576e-02 -2.8778419797e-01 -1.6867380446e-02 -1.7341528006e-02 4.5642331785e-01 9.5805939390e-02 3.1377394035e-02 -6.5516050976e-02 -3.2610014048e-01
-5.4779575836e-02 -1.6732456245e-01 -2.3190875725e-01 -1.6485550237e-01 -7.7700855511e-02 1.3253449052e-01 -3.2472750343e-01 -3.2991072484e-02 1.1274805860e-01 -1.1529902896e-01 1.5112389539e-01 1.1068728177e-01 5.5135976652e-02 -1.6094226486e-01 2.3265572032e-01 -6.6774382769e-02 2.9008335754e-02 3.3291526511e-02 3.1479845354e-02 -2.2221204299e-01 -2.6737015851e-01 1.5166518591e-01 1.6615591259e-01 -1.5929452384e-01 2.3960067467e-01 -2.2913639935e-01 -1.2458902529e-01 2.2792415823e-01 2.7428522526e-01 -9.9276763531e-02 -6.2802628536e-02 -3.2714966246e-02
5.5611888827e-02 -2.2952582700e-02 1.0470526090e-01 8.5855630648e-03 -3.5534017817e-01 1.6123386923e-01 -1.3407768878e-02 3.3250194099e-02 -2.5791263237e-01 5.8687131953e-03 1.4910264809e-01 -1.0442807765e-01 -1.0130800822e-01 3.1644607859e-01 -1.6074163045e-01 2.3280651211e-02 -1.5923956865e-02 1.7706104990e-01 5.7948345503e-02 6.0023186645e-02 5.9095722414e-02 1.2591451032e-01 -1.5797686033e-01 1.6366436793e-01 -8.1405595370e-02 5.0728946241e-02 3.5696184440e-01 -1.7080730675e-01 2.6320077653e-01 -1.7407056609e-01 -8.8123106238e-02 4.1716889116e-02
-8.3313142928e-02 3.0804600419e-02 1.0553562123e-01 -1.7826476811e-01 9.3660816410e-02 1.3609902673e-01 -3.7768182366e-01 2.9129883478e-02 -2.8155851265e-01 -7.2737755587e-02 -1.3852988327e-01 -1.6169277561e-01 6.6249279678e-02 2.6807916934e-01 7.1149036389e-02 -3.1208567209e-01 8.3518312180e-03 2.6372882284e-01 -5.0490129098e-01 -1.5766861278e-01 -8.2835391629e-02 -1.0801265871e-01 -3.8080318637e-02 2.2703270456e-01 2.7642150694e-01 2.3171536086e-01 2.4429828229e-01 5.4944944587e-02 3.0431769557e-01 6.4595675447e-02 1.6133330955e-01 -1.8216409860e-01
1.4838225091e-01 -9.5967267153e-02 -7.6915644330e-03 8.5613263754e-02 1.5412425875e-01 2.8119209197e-02 -2.1832161845e-02 -2.7651285419e-02 -2.8261056840e-02 -7.1782459973e-03 8.1467732826e-02 2.6346613379e-01 -7.6707643898e-02 -1.2125872820e-01 -2.4209275348e-01 4.6490684392e-02 -8.9154058497e-02 2.1560315729e-01 4.8477241282e-01 1.1731010187e-01 -1.7325746303e-02 -2.0502303454e-01 4.9532191255e-02 1.0138206007e-01 -1.3335141949e-01 -1.5684441325e-01 2.2832271785e-01 -6.4276626554e-01 1.3163968999e-01 -8.9846914700e-02 2.6218216897e-01 1.3368128464e-04
-1.8125243895e-01 -2.3557492888e-01 3.5655813657e-01 2.6070353669e-01 6.2053285386e-02 5.0053110009e-02 9.1451760569e-02 8.0958877281e-02 -2.6390401612e-01 -4.8839661534e-01 -1.0320524526e-01 -1.5474897037e-01 1.8878833729e-03 -3.2547564641e-01 3.2746525903e-01 7.5751940867e-03 1.9999192446e-01 4.7032437428e-02 6.0893632535e-02 -5.2871869523e-02 -9.6985710877e-02 -2.1212245158e-01 -1.0059247708e-01 -1.2246957556e-01 8.0499827408e-03 -3.7963232975e-01 4.7550175940e-02 -4.3611433385e-02 -1.5370014405e-01 7.4796087022e-02 -7.1755622741e-02 6.0089864368e-02
3.8389197858e-02 1.6661354568e-02 1.1251678372e-01 3.3437310847e-01 -3.0333162957e-01 -2.0406441550e-02 4.1124810284e-02 -2.9762866019e-01 1.7041324779e-01 -1.3921811384e-01 2.7704648813e-02 -5.9682795611e-02 4.7288391438e-01 4.3206457551e-01 -1.2554395004e-01 1.3363670706e-01 1.1105113625e-01 -2.0490516140e-01 1.9236781641e-01 2.4828769488e-01 1.6056882917e-01 -4.0904391148e-03 -1.2950650863e-01 9.9903839929e-02 2.8780709044e-01 -1.4397401448e-01 -1.4873680011e-01 -1.5094892380e-01 1.8311337736e-01 8.4626534435e-02 4.2406555616e-01 9.6449527344e-02
1.3882160271e-01 8.2910326334e-03 1.6857819403e-01 1.0223432249e-01 -1.3357828441e-01 -1.1401541716e-01 2.8920741943e-01 1.7970245673e-01 2.1733665940e-01 -2.0805776109e-01 -2.2252187905e-01 4.2600921009e-02 3.0903467581e-01 -1.2794929764e-01 1.6370303651e-02 2.5230698037e-01 -1.1761804689e-01 3.6324786313e-01 -9.8728912508e-02 -2.1588251786e-01 1.6795285795e-01 -2.0243840909e-01 -1.5698263177e-01 2.3387731065e-01 3.9035335647e-01 -1.6429440880e-01 -5.2150813690e-01 -1.0191475495e-01 2.5123791480e-01 -4.6574163324e-02 1.1345551371e-01 1.3398119080e-02
-6.0554897493e-01 -4.4042334193e-01 -3.6828294863e-01 -3.0891406655e-01 5.8875463620e-01 3.6297770077e-01 4.1414509904e-01 -1.9255685994e-01 -4.9780017728e-01 -4.4774707679e-01 6.9975588368e-01 5.1284140837e-01 -1.9784742838e-01 1.4311088789e-01 1.6897353571e-01 -2.6542446400e-01 4.5445925090e-01 -2.4689009700e-02 -8.5140822636e-03 -4.8245602615e-01 -3.1085615451e-01 1.2574843508e-01 -3.1236146382e-01 -1.2358729219e-01 7.6957238152e-02 -3.6803224851e-01 3.7513390448e-01 1.5049400198e-01 6.4375937671e-01 2.8105179108e-01 -2.1886504374e-01 -4.8618696894e-01
-8.0713620564e-02 1.5627997467e-01 3.3954622919e-02 -1.0011806022e-01 -5.6984274972e-02 -1.3576148607e-01 3.2956339390e-01 8.8189860445e-02 -2.1959621996e-01 -2.1899704327e-01 -5.9730406230e-02 -1.6228582906e-01 -3.8089276433e-02 5.9787754849e-02 -5.6575841125e-02 1.8508402379e-01 2.6261801518e-01 -2.3686332512e-02 -1.7835262035e-01 9.2283612973e-02 1.5625029091e-01 -5.2373556412e-02 -2.0036894686e-01 7.3997672142e-02 3.0352763593e-01 -3.5699246391e-01 1.2663855209e-01 1.2653816719e-01 1.0149696769e-01 1.7569889917e-02 -6.0339716666e-02 -2.2589815360e-01
4.2326968105e-01 -4.1118856017e-02 -3.8718831837e-02 -1.8344705276e-01 -1.8740717718e-01 -2.3700255277e-01 -1.5926183457e-01 3.3274700132e-02 -1.4368214697e-01 3.4295890972e-01 1.5489916463e-01 5.9133492249e-02 1.4818857858e-02 -1.0736187657e-01 -2.5692445765e-01 6.1523688629e-02 -1.9389258631e-01 -2.1194314832e-02 -1.3064041912e-01 5.9571152091e-02 9.2074937342e-03 -3.0764399584e-01 4.3613381109e-02 1.4498263641e-01 2.1762480829e-01 -3.1582205984e-02 -5.8434488130e-01 -8.0398096239e-02 -1.5836927651e-01 -2.5674001880e-01 1.3981884931e-01 2.7982729834e-02
1.9338242811e-01 -5.3545286580e-02 -1.1006091790e-01 -1.5849403234e-01 4.0302718493e-02 2.3543193791e-01 3.1567483324e-01 2.2263070713e-01 -2.5898945398e-01 -2.0600996014e-01 3.9420204736e-01 7.9756213235e-02 9.4360210504e-02 2.0131316266e-01 1.5026630534e-01 1.9361044417e-01 7.7675339119e-02 -4.1377768308e-02 -8.9746612898e-02 -7.3097034926e-03 1.8921671829e-01 -1.9426244411e-01 -1.4987925465e-01 2.3257223849e-01 2.0759119694e-01 -8.6885159334e-02 -3.8091072636e-02 -1.4113500808e-01 -2.3382769980e-01 -2.3395996987e-01 -1.5970777112e-01 8.7979166660e-02
-5.3971875511e-02 -8.5144908933e-02 -2.7072213930e-01 -1.3955898823e-01 -9.7312691540e-02 -7.4115324450e-02 -2.6634405880e-01 3.6825100590e-01 3.5086126573e-02 -1.5206854904e-01 1.5860778772e-01 -3.7007475997e-03 2.7757181249e-01 1.3642615005e-01 4.8493587344e-02 -7.5734523324e-02 -8.6389554340e-02 -3.4192186533e-02 8.5173604577e-02 2.1840946515e-01 2.7583092380e-01 -6.2114946086e-02 -3.3811150783e-02 -4.0179450174e-02 8.4740683367e-02 4.1005493626e-01 -2.4891629614e-01 -7.8663751023e-02 -7.1648052780e-02 -4.3870204417e-02 2.3093942319e-01 3.0923201771e-02
1.1028452870e-01 -2.5715179783e-03 -2.0005730727e-01 1.7422496854e-01 3.0623021137e-02 5.7498892715e-02 -8.1388154886e-02 1.3973743829e-01 -2.2799532605e-01 2.9646638122e-01 3.1560562094e-01 -1.6377803736e-01 -1.0265620115e-01 -2.1515442341e-01 1.8621220047e-02 2.6146984305e-02 -2.5141606300e-01 1.1139877097e-01 2.4543544781e-01 1.7163882341e-01 -1.8841639754e-01 2.2175343034e-01 -2.8279460441e-01 -5.6528202676e-02 -1.9777656950e-01 -3.1557881427e-01 -1.6753843825e-01 3.4929084316e-02 1.5528931246e-01 -1.3944911723e-01 -8.1109512805e-02 2.1802881574e-01
-3.0940687930e-01 -1.0813170126e-01 2.6326770060e-01 2.3342064985e-02 -1.0548529622e-01 -7.8439975081e-02 -2.3419784100e-01 -2.5374569977e-01 3.8489459471e-02 -3.9244004626e-02 -1.1742228496e-01 -6.4780580003e-02 -2.6226019748e-01 -1.8173018619e-02 -7.5473710607e-02 -8.4296754584e-02 3.2259212142e-01 2.3633421367e-01 -1.6147097239e-02 1.2287689720e-01 6.7643472052e-02 5.6096461951e-02 1.3752057957e-01 1.0078062623e-01 2.5990597306e-01 -1.0075266066e-02 2.2151991320e-01 -2.0944150849e-01 1.8803999737e-02 1.1543801578e-03 -5.6062352339e-02 -1.4507361834e-01
2.8349613200e-02 1.3659357286e-01 1.1500749657e-01 -1.6129139527e-01 -7.3481479194e-02 7.7643280788e-03 -1.2501580651e-01 2.8539950927e-02 -7.9889834693e-02 -1.4961304630e-01 -2.4697899118e-01 1.6138543522e-01 -2.5500462092e-01 3.4718090089e-01 -1.5703848693e-01 -2.9626984413e-01 -1.7359580381e-01 -1.4368982881e-01 3.2416783264e-01 -2.2933759340e-01 -8.2229795045e-02 -1.5609763528e-01 1.4890849282e-01 -1.2679789479e-01 -6.8903244907e-02 2.2572627871e-01 6.7163985317e-02 -1.1268230843e-01 -3.0402958152e-03 -3.0766295162e-01 -6.5789515025e-02 -8.0710190655e-02
-3.1848968602e-01 -1.1925869890e-01 -3.8880511694e-01 -2.2025854728e-01 1.4133561987e-01 1.3510216610e-01 3.9598731171e-01 3.0777177894e-01 7.0928546208e-03 -3.6152462490e-01 -8.1502122459e-02 8.8057109647e-02 -3.2020382373e-01 3.0682731403e-01 2.5011880815e-01 -2.1348261668e-02 4.2290283790e-01 -1.8562852721e-01 2.8799718196e-01 -1.0734783102e-01 -4.5108075883e-01 -1.9561930546e-01 -2.0795341108e-01 -2.8995495087e-01 -2.4388365619e-01 -1.0541578458e-02 2.6202878148e-01 1.7163248141e-01 4.7086288985e-01 -1.8681098843e-02 -6.9959463275e-02 -4.0742096124e-02
1.2498202621e-01 -6.9720860629e-02 1.7321842215e-01 -2.7525723109e-01 6.9355669843e-03 3.5893472509e-02 8.4814537444e-02 6.4927399055e-02 -2.0250963426e-01 1.4190729058e-02 -1.7297735888e-01 2.3222655452e-01 -4.0902472399e-01 1.1608443348e-02 -1.1805662206e-01 7.8108241922e-02 2.2017203626e-01 -2.2086556950e-01 4.0196296743e-02 2.2631022583e-02 -9.3952297941e-02 -3.9432158102e-01 -1.4482349456e-01 -2.1042608337e-02 1.2533319542e-01 3.2481941923e-01 2.7924847538e-01 -2.9369902699e-01 6.5533158593e-01 3.1589232345e-01 1.5344391583e-01 2.4513656383e-01
9.9834597161e-02 -1.1508169287e-01 3.2385205327e-01 2.0070550981e-01 -6.2288366186e-02 2.1924816856e-01 1.3568291628e-02 4.5829285008e-01 -9.9738762020e-02 -1.8577707930e-02 1.2595768203e-01 -8.0618597526e-02 3.3469983027e-01 -1.7973040848e-01 1.8907084199e-01 1.2685818097e-01 2.2178326796e-01 6.9157828427e-02 -1.8350765152e-01 9.4530241926e-02 -5.3772555735e-02 -1.6966158724e-01 -1.3450416115e-03 3.7316761268e-01 -1.5305230770e-02 1.0295188116e-01 -7.3216048082e-02 2.0977256607e-01 -1.9508821190e-01 -2.6058920904e-01 6.7857842495e-02 1.2842616784e-01
1.4943474756e-01 -2.1386892710e-02 3.1830342221e-01 -4.2755595613e-02 -4.8461448565e-02 -6.7035288625e-02 -1.4860435811e-01 1.3403705927e-01 4.1128223793e-02 9.4636322959e-02 8.0127255894e-02 -1.1287659652e-01 -2.7421288550e-02 -1.9081246853e-01 -1.1867791768e-01 -1.3494694360e-01 -2.7185169995e-01 -1.8970903878e-01 -2.3632170526e-02 1.9956066250e-01 4.7919887675e-01 -2.4399538786e-01 -6.8160018112e-02 2.8832675510e-01 -2.9509758877e-01 -2.6400225675e-01 2.3850959856e-01 1.0764436198e-01 -4.1042461103e-02 1.0264025021e-01 2.7220718447e-02 -1.4250504895e-01
5.3752931016e-02 8.0463442818e-02 3.3549597872e-02 3.1125565831e-02 -1.8298668277e-01 1.9804904824e-01 3.5651198628e-01 -1.4257978721e-01 -2.3831226797e-03 -1.8152229662e-01 2.0466730458e-01 -3.5433536723e-01 1.5584986115e-01 -1.6005830983e-01 9.7097518526e-02 1.1639670882e-01 -1.6612154113e-01 7.9460922966e-03 7.6632918482e-02 6.9520886808e-03 -2.1004115001e-01 1.9573800111e-02 -1.1870262404e-01 -4.8537337316e-02 1.0588456306e-01 -1.4234116048e-01 -4.1195873293e-01 2.3867317753e-01 -1.2513226236e-01 -4.3246533775e-02 -1.8930616768e-01 -3.7275526237e-01
-3.9978276262e-02 2.5785731878e-01 3.6487284803e-02 4.0563503509e-02 1.8053497568e-01 1.1076464897e-01 -1.6792703695e-01 -3.8615017288e-02 3.3809798010e-01 5.1032330285e-03 -2.3720984412e-01 1.5488672369e-01 -1.3258210235e-01 -3.0920798669e-01 -1.4062150688e-01 1.7310058713e-01 -1.1830030825e-01 8.1862409458e-02 -2.8302790576e-01 7.8186697439e-02 -2.0810162801e-01 -3.4988344845e-01 -2.4009609632e-02 7.7144698891e-03 1.8838626644e-01 -2.1152617608e-01 -1.8636729017e-01 9.0396561210e-02 -1.8616369962e-01 4.7184089703e-02 1.1398630719e-01 1.5056618794e-02
9.5025387781e-02 8.1928101782e-02 1.7509000764e-01 -2.6111476783e-01 5.3452103092e-01 2.4068389134e-01 -5.7644880629e-02 -1.6479049077e-01 -7.2885414162e-02 -4.2007006097e-02 -4.8825317241e-01 1.8253377210e-01 6.7724684086e-03 9.5657404512e-02 -7.1824524178e-02 -7.9107241887e-02 7.8457184073e-02 -2.1267673210e-01 2.1209982212e-01 -1.1108853038e-01 2.3109881360e-01 -2.1868673793e-01 2.1632537348e-02 -2.0596168794e-01 -3.2638646523e-01 2.3325391622e-01 -1.9115111901e-01 2.4778922162e-01 1.4897340846e-01 -8.6374777166e-02 1.3272742391e-01 -8.4512536138e-02
