-2.0538238146e-02 -2.1912422336e-01 1.7895144611e-01 -2.5447901260e-02 -2.7594578911e-01 -4.2376324239e-02 -1.0133636635e-01 -1.0757423882e-01 1.1098130046e-01 -3.8667742333e-01 -3.3765877816e-03 -1.7776660444e-02 1.8101760374e-01 2.4122705495e-01 -2.7915623233e-01 1.6140164648e-01 2.5055044178e-02 -3.3962378763e-01 -3.8474639243e-01 1.2239913908e-01 1.8100642273e-02 -2.5137879944e-01 4.1625193230e-02 -3.6149928654e-01 -1.7598368910e-01 -4.1768362131e-01 -5.5341681427e-01 -3.4781910410e-01 4.4048231607e-02 -1.2604570609e-01 1.7834521339e-02 -1.4080335981e-01
-2.4756401725e-01 9.1345797285e-02 -2.3994823074e-01 1.7501026284e-01 3.3724993270e-02 -5.6009396510e-03 -1.6129571431e-01 -4.5408613917e-02 -1.9334788908e-01 -2.9994965219e-01 1.1320007820e-01 -2.8460000750e-02 1.4032201513e-01 -4.2478660595e-02 9.4249206934e-02 -9.9548558008e-02 -1.1254573000e-01 -5.3875103598e-02 7.7196156602e-03 3.3782145019e-02 7.0561075260e-02 4.4453761639e-02 -1.0968958116e-01 -1.0198694148e-01 5.7389559693e-03 1.8655335293e-01 3.3874230018e-01 4.9972256020e-01 -3.1052587197e-02 3.4600263230e-01 -1.6472160688e-01 6.5900512539e-02
-2.1634879229e-02 -7.9163306463e-02 -2.0302118396e-01 1.4159301086e-01 1.6532965601e-01 -3.3733932625e-02 3.5660237722e-01 -3.2608309567e-01 3.1785460187e-01 3.1905900495e-01 3.5336076128e-01 5.2812354605e-02 1.1189867542e-01 2.1032162087e-01 -2.8090163705e-01 1.1294748707e-01 1.0089324295e-01 1.8237028261e-01 8.1723239964e-02 -2.5032539828e-01 2.3306443158e-02 -3.0201398253e-01 -7.6655804207e-02 -1.3724671516e-01 3.5032756661e-02 -5.1618757124e-02 -3.0005080794e-01 1.0141852324e-01 1.4583062690e-01 -1.6144139391e-01 -2.9973254841e-01 -2.2587364855e-01
1.0568952927e-01 -1.0721318088e-01 3.9759484910e-01 -1.0589599890e-01 2.9699156347e-02 3.0619418183e-01 -4.8614479747e-02 -2.5118660113e-01 -2.4461970429e-01 -2.1575834804e-01 1.8905457534e-02 8.9794401033e-02 1.2162659373e-01 2.1213207809e-01 -3.0676841762e-02 2.5959489779e-01 1.2405525805e-01 -3.7109280163e-03 -4.9892133007e-02 1.3841178306e-01 2.4986356239e-02 -1.7154902296e-01 1.6814442632e-01 5.5696706860e-02 2.6915605428e-01 2.1183726943e-01 4.0212646520e-02 2.0310402881e-01 -2.3906787025e-01 1.3477302717e-01 -4.8187492763e-02 1.9092842935e-01
-2.9565247358e-02 -3.1644594118e-03 -7.4952278714e-02 1.1525080927e-01 1.3766153454e-01 1.9916195913e-01 -2.2085226044e-01 -1.2304878125e-01 -2.2466252327e-01 1.3020815791e-01 -1.6528308839e-01 4.6835563269e-02 4.7087324804e-02 -2.9917739394e-01 1.4268401491e-01 -2.4356095669e-01 -3.4141068840e-01 5.4521974932e-02 3.0637097273e-01 3.0864388973e-02 2.3067406973e-01 2.7037714586e-01 -1.8248189276e-02 4.0315918303e-01 7.3930842054e-02 -2.6540036517e-02 1.2158702610e-01 -6.3730091162e-02 -1.0542082565e-01 1.8202636361e-01 2.1478449816e-01 2.3849232401e-01
1.0846314492e-01 3.1634402655e-02 2.3410396009e-01 -4.5561494073e-02 2.4237889803e-01 1.2342039384e-01 1.7087982021e-01 -1.9936319970e-01 -1.9857497326e-02 6.0879672734e-02 -1.9642320726e-01 2.1144918206e-01 4.8173268338e-01 -7.6146069906e-02 1.7765319298e-01 3.6870797215e-01 6.0351044208e-02 7.9738183414e-02 -4.3958139206e-01 -4.8522097944e-02 -1.8717739407e-03 2.5162415241e-01 2.3527570995e-01 2.2701925730e-01 1.1994049579e-01 -2.5994568939e-02 -3.9878390358e-01 -3.9331390407e-01 1.0154299111e-01 1.9220124368e-01 8.2577429122e-03 3.0026035929e-01
-1.6005522289e-01 -5.2609660919e-03 -3.5784977529e-02 3.5567496063e-02 -2.9856146322e-02 8.8522123758e-02 -5.3552460992e-02 3.6434714657e-01 -1.9695969071e-01 1.2519259262e-01 -1.6639094378e-01 -2.9428620106e-01 -1.2313913790e-01 -2.4611555291e-01 1.1757102502e-01 -1.1593627654e-01 1.5401547923e-01 -1.7043881599e-01 1.1797329162e-02 1.1841899513e-01 1.5061621473e-01 -2.6325667012e-01 -6.6658359596e-02 2.5721033581e-01 -1.6775658396e-01 -1.3513737906e-01 3.5716261989e-01 -1.6428816176e-01 -2.6931451975e-02 1.0823776105e-01 9.9892275036e-02 -9.1025720505e-03
1.9056556685e-01 4.1131117000e-02 2.7297013577e-01 1.2324962030e-01 -1.6240225877e-01 -7.8454303251e-02 -8.9652304668e-02 6.0715903134e-02 -2.1101742043e-01 1.6191298145e-01 9.6794674706e-03 -4.9846660385e-01 3.5980886931e-02 1.8266504851e-01 -1.6337816204e-01 -1.4172669728e-01 9.7136053540e-02 1.1001468719e-01 1.6470660483e-01 -2.7978494120e-01 3.0901132739e-01 -6.5412254969e-02 1.9704454535e-01 8.9822193963e-02 -8.0418325529e-02 2.6691555145e-01 1.1827630518e-01 2.7015636388e-03 7.3004392161e-02 1.1562533739e-01 1.5571817285e-01 -1.7561729023e-01
-3.2416097131e-01 -1.9149711379e-01 3.0536640383e-02 2.2673428297e-01 1.3276145155e-01 -1.7750923437e-01 -1.6940037297e-01 1.5055940644e-01 -1.3962090792e-01 -7.4724250835e-02 1.6837879109e-01 2.6061741713e-01 5.4418970720e-02 -1.2269762186e-01 -6.4360935463e-02 1.5365598891e-01 -1.1325148034e-01 1.3688938750e-02 -8.9485892367e-02 -3.2726739943e-01 -8.8388867827e-02 -1.9446856295e-01 -2.4168314859e-01 3.2834591292e-01 2.0025402544e-01 1.7317203511e-01 -6.1567778424e-02 -9.7364615950e-02 5.6243598990e-02 -1.1248777708e-01 -2.6336866751e-01 -1.6354909410e-01
-2.9180014841e-01 -3.0955764665e-01 -2.5930553929e-01 -3.1239154892e-01 -4.7172246949e-02 9.2601348929e-02 -4.2520638635e-02 8.1447549171e-02 1.3603613313e-01 -2.2359742185e-02 -4.0287462074e-02 -1.2228606530e-01 4.8865714495e-02 2.8980453174e-01 2.6745728918e-01 3.1239132103e-02 1.0615189212e-01 -1.5360334119e-01 1.0636163627e-01 1.8682813194e-01 -2.2623053916e-01 1.3699684536e-01 -2.0019545027e-01 -1.3571917565e-01 -1.3906251766e-01 -3.6336886933e-02 6.5044739770e-03 3.2569236900e-01 3.4831177988e-02 -2.0297113769e-01 -1.2625796986e-01 1.8587411678e-01
-4.5437268757e-02 -2.0830329167e-01 -2.6154501722e-02 5.2770448720e-01 -1.1932832501e-01 -1.8138838232e-02 2.5469456151e-02 -2.2218641056e-01 -6.0994742056e-02 2.3254122141e-01 -1.7202324191e-01 2.0322863317e-01 2.9286975235e-01 2.4687764208e-01 1.0200807807e-01 1.4197850903e-02 1.8906778376e-01 9.8878883567e-02 -5.3992873965e-02 -1.3509456989e-01 8.6122247697e-03 8.0455018152e-02 3.9912828854e-02 -2.4345991386e-01 -4.7994400555e-02 2.0119185309e-02 8.3212000910e-02 -2.7851564237e-01 -7.5740504801e-02 6.6398959019e-02 -2.0615141698e-01 2.6025273169e-01
-9.7203348543e-02 -1.1683766555e-02 1.6073811288e-01 4.4838686328e-02 -3.6501757271e-02 1.4146785621e-01 -2.0916643214e-01 -5.9887491789e-02 -3.8939935124e-01 -5.5265945209e-02 -1.9562171592e-01 -2.4882838124e-01 -2.3408733153e-01 -1.8774002770e-01 1.3333419083e-01 5.8163578783e-02 2.3934934788e-01 3.6398214120e-01 -1.6352043944e-01 -5.1561345107e-01 2.1248860752e-01 1.4756207415e-01 -5.1882191252e-02 6.4169357484e-02 5.6193473502e-02 -1.5026879092e-01 6.9626546316e-02 -1.6577006395e-01 1.3556990293e-02 1.6209169466e-01 3.9739308404e-01 1.3485602589e-01
-4.3187711010e-02 -5.2141947078e-04 1.0983698944e-01 -2.2136816619e-02 -9.7153514449e-02 3.0342172978e-01 -1.0108806573e-01 -2.2247545431e-01 -8.2132101789e-02 -2.1785668548e-01 -1.1080805527e-01 1.8707231905e-01 -4.2906467698e-02 1.5158405903e-01 2.1231960004e-01 -9.7890369597e-02 1.9174483120e-01 -1.8413478788e-02 -2.4669631327e-02 1.3342722390e-01 1.6343006144e-01 1.0160951561e-01 1.9419861098e-01 1.5844076846e-02 -7.9476209064e-02 1.0431002902e-01 -7.2160889399e-02 1.4841666653e-02 1.2891066103e-01 2.9562747569e-02 2.3969138813e-01 -1.6749442500e-01
-3.6156283280e-02 2.5309982505e-01 2.8926342336e-02 5.8844657129e-02 9.9619726361e-02 -1.2924475053e-01 2.1356048189e-01 4.2252260618e-01 3.5540600028e-01 1.0524682249e-01 -1.9507166867e-01 -3.1421720865e-02 3.7854509285e-01 4.3776086653e-02 -1.5255497551e-01 2.3479716250e-01 -1.6004588474e-01 -2.9567799185e-01 -7.7482798910e-02 9.3177971370e-02 -3.3842119537e-01 -1.6888789556e-02 -1.4819841662e-02 -8.0534593625e-02 -3.7851604773e-01 1.1018519922e-01 -1.9999643656e-01 -5.4876986652e-02 -1.3875925421e-01 -1.8559009754e-02 -1.8307594469e-01 -2.3483795450e-02
1.3015055486e-01 2.3479169616e-01 4.2257492092e-01 -3.1623352048e-01 -4.1685002721e-01 -6.4094648231e-02 9.3250431063e-03 -5.1372084708e-02 4.0044641768e-01 -2.3407974721e-01 -2.9339839547e-01 1.4955886560e-01 -7.5578818818e-04 6.9819497662e-02 -1.9624640641e-01 -3.1961178887e-02 4.6242451069e-02 8.6635185047e-02 -1.2174804998e-03 -1.9501574131e-01 -1.2252950932e-01 2.0339652070e-01 -1.1237886690e-01 4.7603254931e-02 2.6861248219e-01 -2.8948064039e-02 3.3098780489e-01 1.3430093907e-01 -2.6473011947e-01 8.0243426581e-03 -9.5318426050e-02 -8.1276511425e-02
2.2332364504e-01 2.5553373464e-02 -1.1888528747e-01 -5.0253991206e-02 7.8181998913e-02 -1.4163158004e-02 -2.2939843544e-03 2.7914794104e-01 8.4641159328e-02 -3.3217329768e-03 -1.2696777479e-01 1.8592404413e-01 -5.0050682923e-02 1.5559665576e-01 -2.6982044485e-01 -1.8584756550e-01 1.6294527561e-01 -1.8159402984e-01 3.0900353621e-01 -2.0059537076e-01 -2.1040496228e-01 -3.2546628168e-02 -1.3938636285e-01 -2.4256659484e-01 -2.0235769490e-01 6.3823794187e-02 6.3827746453e-02 -7.4814816192e-02 2.1697498582e-01 1.4711862879e-01 -2.5040557578e-02 1.1816532280e-01
-1.6537115122e-01 -9.6622289147e-02 -5.3395115738e-02 -1.6013571898e-01 2.3364190495e-02 1.6281282450e-01 -1.1627476482e-01 -1.9768294780e-02 -2.7741805715e-01 -1.0422588345e-01 -2.2346930719e-01 -3.1306913475e-01 4.6283903100e-02 -2.4820515509e-03 3.5089524304e-02 -2.0924080723e-02 -1.7584968090e-02 1.1486459493e-01 2.8952632683e-01 6.2413882309e-02 -9.1464604554e-03 -1.2774071097e-01 -5.6615742134e-03 1.5170031375e-01 -1.1854259197e-01 1.4700729203e-01 -5.9501069144e-02 1.2588963380e-01 -8.9678306027e-02 1.2727831937e-01 -3.9682560944e-02 -1.9675918035e-02
-1.4835146736e-01 -4.7332962443e-02 2.1227000290e-01 1.1360751195e-01 2.7808467543e-02 -2.1332549255e-01 4.4861079423e-02 1.8430104003e-01 1.7510998218e-01 5.0869438938e-02 2.6430995033e-01 1.0199432916e-01 2.5825312371e-01 -2.9493094911e-01 6.8336967357e-03 2.4082451607e-01 1.1749300912e-02 -4.6968030379e-02 2.1063073739e-01 -1.0746065920e-01 -8.0456313000e-02 1.1489785705e-02 -6.9380868054e-02 -3.8871452256e-01 1.3871584578e-01 1.6400866508e-01 -3.0910229092e-01 1.6225444012e-01 -1.8823694579e-01 1.7870561564e-01 -1.5104419397e-02 3.6298883778e-01
-1.6517722889e-01 1.4826379757e-01 1.2080285144e-01 -2.1775065788e-01 -1.2523496131e-01 1.4885196684e-01 -8.4687334161e-03 1.9454381665e-01 1.3315121740e-01 1.9630637400e-01 1.5593684739e-01 3.6761557345e-02 4.0320492221e-01 2.3228245323e-01 3.1886136044e-02 -1.4748293244e-02 1.2297908448e-01 -4.1748450561e-02 3.8506041386e-02 1.8540121224e-01 -9.3705769133e-02 1.5054593525e-01 -3.2558831117e-01 -2.8846501218e-01 -1.2460774240e-01 1.3270564173e-02 -3.7910102828e-01 6.0699165195e-03 2.2012714093e-01 5.1546142247e-01 -1.5512465886e-01 -6.5146737622e-02
7.4216138531e-02 -4.1306037283e-02 -8.6588627176e-02 -4.3932893514e-02 2.7833718538e-01 -8.4667693094e-02 1.9188985115e-01 1.1077095501e-01 2.1420412154e-01 1.4692180463e-01 3.4277483188e-01 -2.0930379020e-01 1.2671802921e-01 1.0096926106e-01 -1.8658667235e-01 1.0320253960e-01 1.1285090525e-01 7.1008540472e-02 -1.3183477073e-01 -2.4610153159e-01 -1.5004347477e-01 -2.2017805821e-01 1.9272912739e-01 3.8188885137e-01 -1.3060961187e-01 -2.7429085901e-02 1.4448673232e-01 -3.0037761492e-01 -1.3967846494e-01 -2.4657760679e-01 -1.4284776273e-02 -2.2689248781e-01
3.7982463687e-02 -5.0404258782e-02 -1.3241796325e-01 9.0170783327e-02 1.5292201494e-01 -3.0583273317e-01 -3.1994163201e-02 -1.9463070631e-02 1.6752735012e-02 1.8530958219e-01 -2.0159150920e-01 -1.8884165990e-01 -1.5225072244e-02 -9.4088151373e-02 -7.9166933500e-02 -3.2402968809e-01 -4.6074374550e-01 1.0128444841e-01 2.7422626071e-01 -2.1384709896e-01 6.7990981413e-02 -1.4886927343e-01 9.1308644674e-02 2.0017625169e-01 -1.4684350172e-01 -3.9031256604e-02 2.5610495067e-01 -2.5816611938e-01 1.0405584174e-01 -2.7543653926e-01 1.9199502162e-01 1.7036009985e-01
4.9796294784e-02 -1.6629665068e-01 1.3393558653e-01 2.4615984319e-01 3.0360282882e-01 -2.1953336417e-01 1.2354368774e-01 -7.3429538178e-02 1.6765883856e-01 1.8743614249e-01 -2.0441623441e-01 -1.5607080839e-03 1.6367085744e-01 -4.5783233090e-02 6.8353312640e-02 2.0369141017e-02 1.8096213307e-01 1.3818983768e-01 1.6591046234e-01 3.4347406081e-01 -2.0461720420e-01 -5.0980129934e-02 -1.4121831152e-01 -3.4093827284e-01 -1.3076378874e-01 1.9573831861e-01 3.9808312092e-02 -2.7370525346e-01 1.8056575723e-02 -9.6528398783e-02 -1.2640186320e-01 1.9322405410e-02
4.3082011406e-01 -1.0571962461e-01 7.2089067463e-02 9.0368416298e-02 -1.2292648461e-01 -1.2433516573e-01 -2.7090385333e-01 3.0838157474e-01 1.1423574120e-02 -9.1243162104e-03 7.6143929475e-02 6.7552429339e-02 9.6056468468e-02 -2.0009086080e-01 -2.8539873642e-02 -1.9521407448e-01 -1.7985048994e-01 8.6505232262e-02 -2.1946370627e-01 -2.5459533888e-01 -2.9585587062e-01 1.5473824784e-02 -7.9942640820e-02 -6.5300874269e-02 -1.8217405261e-01 -3.4468612236e-02 -1.0239075671e-01 -1.4482519645e-01 2.2851528575e-01 3.0325935545e-01 -2.5341935639e-01 8.4539778284e-02
2.5603742624e-02 -9.7650266210e-02 1.9705164321e-01 9.3311580512e-02 3.7468714934e-02 -3.3499219965e-01 -1.4178476970e-01 -3.1407456881e-01 -1.7754573921e-01 -3.7268866367e-02 6.4614275484e-02 2.2910614928e-01 -6.5659698775e-02 -2.7216415714e-01 2.7789711016e-01 3.0632330104e-01 -1.6887291444e-01 -1.5492476713e-01 -1.2169843016e-01 -2.5222543382e-01 4.1830494423e-01 -1.4156984802e-01 2.3437058284e-01 3.1670977451e-01 6.8391563506e-02 1.7685369853e-01 2.9288571417e-01 -1.5327579159e-01 -4.4925883846e-01 -1.9712473496e-01 -3.6164187993e-01 -2.3432269904e-01
1.2876954896e-01 -2.8182971730e-01 1.0697138582e-01 -1.9994916901e-01 -1.4728747761e-01 2.5978210643e-01 2.4500217958e-01 -2.0516524949e-01 4.7771309231e-02 3.3258834227e-01 -5.3486465123e-02 -1.5886472838e-01 1.4993531673e-01 1.4660088817e-01 1.4716491667e-02 1.5107608594e-01 -1.9829147062e-01 -1.9161739721e-01 -2.1951788763e-01 3.7407098994e-02 2.8524060556e-01 1.2452245915e-01 1.4233252923e-01 -1.4721165269e-01 -4.1005317172e-02 -3.2001974517e-01 -6.2487477906e-02 3.8238861849e-01 -1.9400057143e-02 -2.2057008679e-01 -1.1406636030e-01 9.4683488672e-02
-1.0508018356e-01 2.6880593654e-01 2.0593843711e-01 7.5069382733e-03 -2.4454651412e-01 -5.5890571464e-03 9.0019023403e-02 1.7405903124e-01 -3.4092562655e-02 2.9600269537e-02 -1.9729787237e-01 -1.1328418666e-01 2.1181585549e-01 4.8983327380e-02 -3.1688783243e-01 1.1491272154e-01 -5.6610596965e-02 -2.2340789159e-01 1.2648092581e-02 8.6500130166e-02 6.8168698435e-02 1.0599975839e-01 8.4299583062e-02 -1.2263276691e-01 -6.4240922559e-02 1.1796220834e-01 -1.0435084519e-01 -9.7186102941e-02 -5.2000907780e-02 1.4783452030e-01 2.9042141909e-01 2.4680083725e-01
2.1346467768e-02 2.0301434296e-02 3.6140814639e-01 8.4498187116e-02 -3.8316298249e-01 -2.0104538104e-01 -2.6875119910e-01 4.3002207021e-02 -1.4997409085e-01 -4.4661588947e-01 4.8078128951e-01 -4.5103086695e-02 1.6141333100e-01 1.1399996683e-01 -3.3698636175e-03 2.0430165413e-01 2.3959129001e-01 -1.7605841969e-01 5.4690728161e-02 1.7411274373e-01 -2.3343949979e-01 7.0837254189e-02 -4.0257762875e-01 -1.5208582517e-01 -1.8020453270e-01 -2.8869697415e-02 -4.2128411253e-01 -2.4055613300e-01 -5.3123328671e-02 1.7419876126e-01 9.5812740621e-02 -5.3705963836e-02
-9.5454973912e-02 2.1879812253e-02 1.7893396196e-01 -8.1862821388e-02 -1.5456509172e-01 2.2501772640e-01 -2.0803806776e-01 -1.2501205633e-01 1.6690513534e-01 1.1552280241e-01 -7.4762731990e-03 1.6641981564e-01 -5.4214656535e-02 5.3913244456e-02 -1.2335311990e-01 -1.4313848582e-01 -1.4456235719e-01 8.2130059793e-02 2.4272458577e-01 1.2911482181e-01 -2.1669271000e-01 6.6460338703e-02 1.4653731707e-02 3.7231750203e-01 -4.8240040081e-02 6.7052429646e-02 1.7123980862e-01 -1.0963900591e-01 5.1662667994e-02 -1.1847741899e-01 -6.0337374838e-02 -6.5625738257e-04
-4.2329476893e-02 3.5078919270e-02 4.4497268282e-01 -1.8776026428e-01 4.8972865219e-02 2.8731050240e-01 1.9892609394e-02 1.2166270191e-01 -7.4131179751e-02 -1.1229107501e-01 9.6759982244e-02 -9.7198254734e-02 -1.9044057346e-01 2.2876854922e-02 -4.0344318059e-01 8.2910144270e-02 -5.7213100652e-02 -1.2087851581e-01 -9.2293892689e-02 -1.6482976813e-01 -7.7285227514e-02 -8.4917549500e-02 7.9355187642e-02 -2.8820604566e-01 -1.0635015927e-01 1.8007272006e-01 -8.3631435064e-02 1.5196544196e-01 -2.5073029067e-01 1.2974290707e-01 -1.0832415367e-02 4.9829776953e-01
-1.9770229204e-02 1.4257024921e-02 1.4329478145e-01 -1.2304874806e-01 -2.9452627442e-01 8.1275223834e-02 1.4713093343e-01 -1.1962131774e-02 -1.1202466695e-01 -1.6554929007e-01 1.5529655127e-01 1.3164525035e-01 6.7742520257e-02 -1.8014049098e-01 1.3680682847e-01 -2.1777183456e-01 2.4543711738e-01 1.6431941599e-01 -5.3390102529e-01 -1.0101650715e-01 2.8137887561e-01 4.4186392600e-02 -1.5940471268e-01 -3.0080718563e-04 2.8598210458e-01 -1.7084203034e-01 -3.4192467008e-01 -1.6175049438e-01 -2.0206610320e-01 -2.5144268028e-01 2.3382162092e-01 -2.5030644690e-02
2.3872518388e-01 -2.0545358101e-01 1.3909306416e-01 2.4027846477e-01 -1.3158306885e-01 2.4122955673e-02 2.0906079724e-01 -3.6136173518e-01 1.5346661835e-01 1.4921257071e-01 -1.2726091891e-01 -1.5584878265e-01 1.2344783287e-01 1.8567749549e-01 -2.0716491230e-01 -6.5588713916e-02 1.1813683590e-03 2.3321182045e-01 2.9985000169e-01 -1.0300295191e-01 -3.8722293182e-02 1.3209186166e-01 1.7767903527e-01 2.3793726886e-01 3.0047037965e-02 1.3809834538e-01 -1.7719239416e-02 -9.5042723880e-02 -4.3424174620e-02 2.2865053599e-01 1.2466613985e-01 7.3979463882e-03
-2.1007106193e-01 -8.1389949120e-02 -1.7525565280e-01 1.1392755726e-01 -1.4677602233e-01 2.2829997646e-01 1.1976844948e-01 5.6443263022e-03 1.6447687422e-01 -5.3841842224e-02 1.9548063194e-01 2.5528082663e-01 5.8280094940e-02 -9.9553761685e-03 -9.2710169931e-02 5.0761980613e-02 -3.4514820821e-01 6.8033766847e-02 -2.3570280874e-01 1.2308851932e-01 3.5289242623e-01 9.9472032703e-02 -1.1490762200e-02 -2.8395679493e-01 -7.7941564405e-02 2.4598370102e-01 -1.6447670644e-01 2.6931994639e-02 -2.2579844156e-01 9.1898951349e-02 2.9261641248e-01 7.7132807582e-02
