9.8067570155e-01
1.0670032387e+00
5.3121795277e-01
-4.5775807194e-01
-1.1651346775e+00
-3.3380715412e-01
-1.2023230575e+00
5.8528385126e-01
-1.7686353467e-01
-9.9869525829e-01
1.3035880005e-01
-9.4328866029e-01
-1.0535733283e+00
8.4308430198e-01
1.0024818004e-01
-6.1266516806e-01
-1.0706438102e+00
1.3873767600e-01
-8.4702626672e-01
2.2554470393e-01
1.2310773673e-01
-1.7374094814e-01
-4.3882873283e-01
2.6092308949e-01
1.4836083252e-01
-7.1829879091e-01
5.1557114878e-01
4.6591770766e-01
3.8915175891e-01
-1.0672819565e+00
9.3153839638e-01
-1.3613247977e+00
-4.9384155430e-01
2.3377543538e-01
-1.1970503670e+00
4.8237404828e-01
-1.5372504552e-01
1.1177912552e+00
7.5896293973e-02
1.1090391539e+00
6.1099338236e-01
2.3818681027e+00
1.9959017446e+00
8.4783035752e-01
3.7303799246e-01
1.2570832532e+00
9.1660259395e-01
1.0478767074e+00
1.7693179189e+00
-9.2789212295e-01
-2.3741319609e-02
7.8912648290e-01
1.0063233849e+00
-4.2629248952e-02
1.7177279592e+00
2.9398757740e-01
1.3597602910e-01
1.8818998908e-01
-2.3610326678e-02
1.0186178485e+00
-2.9651668129e-01
6.4577734137e-01
3.5044102801e-01
4.9647217714e-01
-2.9746399609e-01
4.8026497429e-01
-1.0851944734e+00
1.0274117444e+00
2.9692553370e+00
-1.1193287137e+00
-6.7630805111e-01
6.3146996605e-03
8.7645941984e-01
-3.2569396525e-01
1.4011746324e+00
-3.8292311049e-01
-1.6181914410e-01
9.9589259960e-01
2.1018267895e+00
1.2195089117e+00
2.8362550787e-01
-1.9567274390e+00
-9.2153119240e-01
-1.7833632788e+00
1.4463864704e+00
-6.4918927668e-01
8.8845864713e-01
-7.8320024033e-01
-1.6353171832e+00
2.3243331545e-01
-9.4694552149e-02
1.0728637882e-01
1.5350037848e+00
-9.9026275969e-01
1.4765625240e-01
2.1852132564e+00
-9.0002254007e-01
2.2317261857e-01
8.9530345290e-01
-7.1288229692e-01
-2.5539032579e-01
-4.2055469302e-01
2.1226748814e+00
1.7069716725e+00
-6.9821671223e-01
-9.4546517519e-01
-1.6534512859e+00
1.0874703867e-01
-5.8592856496e-01
-1.5599259850e+00
-9.9618941948e-01
9.5580906818e-01
-7.7689197583e-01
-8.2409603274e-01
1.7124725189e+00
3.0539275472e-01
1.6029880079e+00
-6.9197541295e-01
-1.3240802313e+00
2.4499837234e-02
-2.2294006030e-01
-3.3549125209e-01
-1.2803546170e+00
5.5499268727e-01
-1.3657091756e+00
9.9485962832e-01
3.1693384714e-01
2.1535402817e-01
1.0019449813e+00
-5.6966460262e-01
2.1436502650e-01
2.2418769544e+00
-4.2069778821e-01
1.9446590798e-01
1.3201691228e+00
-7.5112524923e-01
-7.4823649703e-01
3.8739028509e-01
8.2032182380e-01
8.8846982512e-01
7.1113151517e-01
1.0507600115e-01
1.0398306201e+00
-5.3421702564e-02
1.0442367969e-01
4.6255552758e-01
-1.3298097194e+00
2.4614113192e-01
9.3687123488e-01
-4.6608606512e-01
-7.6685368933e-01
-1.5874269944e-01
-1.9838378452e+00
4.8807102136e-01
-3.4282524344e-01
1.6274195251e+00
-4.5750199832e-01
-9.5977721648e-01
1.1827483679e+00
-1.5417861787e+00
-1.6926137065e+00
-7.3790775055e-01
-1.1364212045e+00
6.5275553697e-01
-7.0737364221e-01
-1.9051262675e+00
-2.2408199258e+00
-1.0338559215e+00
-7.1726457874e-02
1.1775180784e+00
-8.4148534061e-01
-2.8154567424e-02
-6.1344185102e-01
1.1255062117e+00
4.9763712639e-01
6.6047068004e-01
-1.3658564219e+00
-8.6402911059e-01
-7.3410900435e-01
-1.3759110896e+00
9.4046278329e-01
-1.0865399896e+00
-1.2354243250e+00
4.3082185577e-01
-1.0949474195e+00
8.4729466181e-01
9.6891189781e-01
2.7902520435e-01
-8.6513978966e-01
-1.0349532683e+00
-1.0416965080e+00
3.5723426090e-01
6.0284817674e-01
-3.5242305837e-01
-1.0806643395e+00
-1.4920636730e-01
-3.6535156984e-01
1.0077099391e+00
-8.5066572837e-01
-5.2676212912e-01
