4.0145081533e-01 6.2160149427e-01 -2.1031571362e-02 3.8084442896e-01 -1.7624826884e-01 -1.7067566046e-02 2.4940878055e-02 -7.6497610507e-02 -3.7043378805e-01 -1.4398281558e-01 2.3509932456e-01 -8.9944798663e-02 -4.4990851901e-01 2.2057366045e-01 2.2734156035e-01 -1.5600226100e-01
3.8465798634e-02 2.6389865814e-01 6.9093551271e-02 -4.9670078970e-02 3.0577431074e-01 -2.9137200473e-01 2.2622486685e-01 2.1380631748e-01 1.4999914140e-01 -1.5770773952e-01 2.6149280677e-01 -1.1360343554e-01 1.9099164776e-01 2.3080821281e-01 4.5546268635e-01 1.0844544203e-01
-3.4192548770e-02 6.0354319301e-01 -1.5658744712e-01 3.4730336836e-01 6.0811219388e-01 2.8182063338e-01 -2.5628789173e-02 -9.0432450687e-02 -5.0675984058e-01 1.2541216540e-01 5.5288032096e-01 3.7248691564e-01 4.6161385319e-01 -1.6003162343e-01 -1.0665695014e-01 -2.2598766809e-01
4.7847142506e-01 -4.5048905158e-01 5.0058256748e-01 2.7059055570e-02 -1.3011511628e-01 -3.8010063409e-01 1.8536300976e-01 -2.4322081553e-01 2.7232750251e-02 3.9412730557e-01 -8.0005576249e-02 7.2288551877e-02 -3.7992411606e-01 -4.8370178055e-02 -1.1205291017e-01 -4.8381381433e-01
9.1242747124e-02 3.1451067619e-01 2.8058106052e-01 3.0559387363e-01 3.9173707937e-02 8.7719992270e-02 4.2447388278e-01 3.8165373486e-01 1.6067516337e-01 -2.6256586542e-01 6.7684022297e-01 -6.0459191239e-01 2.7849307013e-01 -2.9798258268e-01 3.6474442295e-01 4.9851989606e-02
3.4844213774e-01 -2.0067642130e-01 5.4061822502e-01 -7.6923162196e-02 -1.9424628855e-01 1.4494260748e-01 1.2078941140e-01 7.6315217423e-02 -1.7883513140e-01 -7.2485997022e-02 -1.7820424075e-01 3.1129827693e-01 -2.4928166012e-01 -1.9339638028e-02 -6.3656181654e-01 -1.8887366262e-01
3.7170057329e-02 -3.4698003479e-01 8.5786356935e-02 -2.8222939982e-01 -7.5540726469e-02 2.0744410748e-01 -1.3668699126e-01 4.3918009571e-01 3.9191579038e-01 -2.7185149790e-01 -3.7337313464e-01 -2.0685333286e-02 3.8322193303e-01 -1.0032663647e-02 4.2096020455e-02 3.3585618881e-01
1.6901920372e-01 3.8446455382e-01 -5.4714155467e-01 1.5816107686e-01 1.2474365459e-01 3.8816031003e-01 -2.8663304365e-01 -2.7391567004e-01 -5.0173545299e-01 7.9945300945e-02 1.0728721795e-01 -1.7886970120e-01 2.6547633083e-01 -3.6770479674e-01 7.1003894339e-02 -1.3531511950e-01
3.0103665318e-02 -1.8239812071e-01 2.0600241384e-01 -1.6722348775e-01 -6.9556956670e-01 2.0477857237e-01 4.0132366865e-01 4.5845264424e-01 3.1973927685e-01 2.9566932828e-01 2.5858545737e-02 5.5151643495e-02 1.7824488675e-01 -9.7090121661e-01 -1.0112034156e-01 1.1474670514e-02
1.4921323285e-01 -4.0127389331e-01 -2.1345585202e-01 -1.4265253576e-01 -9.7966684107e-02 -2.2235148258e-01 -3.1776041275e-01 1.2059101572e-01 -9.2411387025e-02 2.7278340333e-02 -3.6391511298e-01 -2.7691932041e-01 -1.6052817390e-01 1.4949563116e-01 9.4019720493e-02 2.2252379124e-01
1.9241335569e-01 -3.3229637581e-01 2.8927859433e-01 -2.4836596733e-01 1.5359905431e-02 -1.7205731217e-01 -9.9240088469e-03 -3.0045607022e-01 -3.3945574618e-01 -5.5643844763e-02 -1.4212211886e-01 2.6079616636e-01 -2.1575148922e-01 -3.1420038185e-01 -1.9537837237e-01 2.2049061550e-01
3.0727089465e-01 -1.9766044664e-02 -1.5597090866e-01 -5.3378861659e-01 -2.7996497537e-01 3.9513918096e-02 2.0110907594e-01 2.0057965143e-01 2.5608824025e-01 -1.5921382896e-01 7.0284636058e-01 -1.6121106881e-01 1.3670104139e-01 3.5106392209e-02 -2.0796585889e-02 1.6042574389e-01
-8.1515462989e-02 -1.4163360849e-01 2.8626898301e-02 -3.0402848777e-01 -1.6275317677e-01 1.3776261268e-01 -8.6749671820e-02 -1.7722263244e-01 2.9798842860e-01 -2.3365074272e-01 -2.5636681018e-01 3.6378345988e-01 -3.5185814003e-01 2.1925823203e-01 -5.3913266247e-01 3.0828145033e-01
-1.4291099173e-02 4.3276898255e-01 5.2522773095e-01 5.6543417291e-02 9.3804089373e-02 3.0967635096e-01 4.0054892046e-01 -4.4418225248e-02 6.0568702676e-02 -5.4257837029e-02 3.1103524018e-01 -3.2188557508e-01 3.6713067968e-02 1.6079305475e-01 -1.1489301060e-02 -1.7866479848e-01
7.7162056925e-02 -2.2587388774e-01 -1.4358993294e-01 -2.3237709190e-01 -3.4505337892e-01 8.0513808193e-02 -3.1835296835e-01 3.8976631895e-01 2.8334015362e-02 2.3891635152e-01 -7.5105260368e-01 3.5776605608e-01 -1.5289534476e-01 -3.3458017748e-01 -1.9911681188e-01 2.0002900171e-02
-3.0460714860e-02 -4.8754171888e-01 -6.1144550877e-02 -4.2984267530e-01 5.5993814395e-02 -2.0741618322e-01 -6.8390615183e-02 -4.0552434063e-02 3.4085656427e-01 -6.1417420147e-02 -1.8897386444e-01 -5.5526851737e-01 -2.7208231552e-01 -3.4915277790e-01 -2.9046608595e-01 -1.7077779804e-01
