-1.3511618827e+00
-8.7812774654e-02
-2.4312592192e-01
8.9330388490e-01
-2.3620944068e+00
1.8585074464e+00
-1.6226953526e+00
-1.0885390918e+00
-9.8073724172e-01
9.9649278788e-02
-2.1888949809e-01
-1.2156404911e-01
-2.5263638294e+00
-1.3253758633e+00
-2.2900443376e-01
6.5725090167e-01
-5.1609738522e-01
-2.6959389754e-01
5.2810395498e-01
-9.1961356179e-01
4.1062601005e-01
-6.2328176509e-01
2.8815745897e-01
1.5812985155e+00
-1.7892797334e-02
1.5143076329e-02
2.2928354369e-01
-5.2010799297e-01
5.0356731744e-01
2.4061172256e+00
5.7942453354e-01
-9.2242634681e-01
-1.0087577410e+00
6.9415126760e-01
-2.9601561551e-01
6.4885483798e-01
3.1125459186e-02
-1.5831489702e+00
-8.5305161162e-01
-1.7031949128e-01
-2.0731808225e+00
3.7924263348e-01
6.2705816322e-01
8.0827541160e-01
3.2969216368e-01
-1.4607274647e+00
1.7099851004e-01
-4.2131311523e-01
1.5108367347e+00
-3.0042469268e-01
