-1.9085327596e-02 7.6094487211e-02 5.1782863134e-01 -5.5126498246e-02 -3.7442962332e-01 5.2698074352e-01 -6.2490118326e-01 -1.6872058246e-02 6.1055469529e-01 -8.6985260679e-02
-3.1092546879e-01 1.7148218893e-01 1.1365144319e-02 -1.9684402364e-01 -2.6353836291e-01 4.7284016095e-01 -1.8345114527e-01 1.0285288598e-01 2.0925416090e-01 -6.5276925304e-02
-5.1171833800e-01 -8.7012102087e-02 -2.2636289829e-01 -8.2690819018e-03 -3.1746839263e-01 -2.5948275351e-01 -5.7291954720e-01 2.3390210865e-01 4.1621815854e-01 -2.7935265824e-01
4.4191623908e-01 -7.4743359669e-02 1.6368644001e-01 2.4368937060e-01 -4.5304548014e-01 9.6263553598e-02 -5.1725752226e-01 -5.5020512120e-01 3.9549816099e-01 2.3699713623e-01
-4.3236945828e-02 -3.0841447899e-01 -4.4259444098e-01 2.1676947557e-01 -3.3724926321e-01 1.9637603269e-01 -5.6131537080e-02 3.0314013194e-01 4.4189530346e-01 2.4189704853e-01
8.4730278244e-01 4.5074032698e-01 -2.5987602743e-02 -2.2558400442e-01 -1.6247499107e-01 2.2279994790e-01 2.2932372396e-02 -1.5847995510e-01 1.9176692443e-02 -2.0036461446e-01
-2.2603147207e-02 3.6023414559e-01 4.8799692406e-01 2.6698163157e-01 -3.5938227742e-02 5.2211872951e-01 -2.6057747079e-01 -1.2704024691e-01 6.9911877601e-02 3.1991585066e-01
5.6420764258e-01 1.0611015374e-01 4.2469889649e-01 3.6439824731e-01 1.8658718475e-01 2.9846948333e-01 2.6359125851e-01 -6.2803405131e-02 1.7870830955e-01 1.4475548629e-01
5.2272624956e-02 -8.2174021603e-02 -2.3917440530e-01 -6.0103402944e-01 -1.2024100869e-01 -7.7907478821e-02 -1.7700688566e-01 3.3161083747e-01 -5.1968233382e-01 8.5136037186e-02
1.8132498647e-01 2.9349759393e-01 4.6400834036e-01 1.6413736093e-01 -2.4059506563e-01 5.9034780969e-01 1.1933351251e-01 2.6732655323e-01 -1.8741610598e-01 -5.8459831406e-02
2.6278793876e-01 -2.2649803836e-02 -1.8215145987e-01 3.8193570577e-01 -1.0034394902e-01 1.1263017385e-01 3.8616068693e-01 -1.8267964280e-02 4.0183839645e-02 1.4988977904e-01
2.8885180800e-01 5.1604432040e-02 -3.3150841512e-01 -2.1316333576e-02 -9.2353709699e-02 -4.5415135566e-02 2.4476588819e-01 2.8722200761e-01 -3.1246345804e-01 4.5635442213e-01
2.7620732377e-02 -3.6466186329e-01 2.9221026948e-01 1.6988411840e-01 -5.3972163834e-02 3.5655571072e-01 5.0748748262e-02 -1.7770718448e-01 2.2319021126e-03 2.5890001827e-01
1.7217636791e-01 2.8253514256e-01 -1.8808480431e-01 3.5055196586e-01 -1.6501567996e-01 3.5490500232e-01 7.3205863688e-01 2.9662469441e-01 2.3014585529e-02 3.6426695647e-01
1.2235096946e-01 -3.4939631480e-01 -4.2203421338e-01 -1.9258719135e-01 -3.2957556776e-01 -2.9060096204e-01 1.2614658369e-01 2.5491110498e-01 -2.8287718111e-01 2.8772224569e-01
-1.3906491755e+00 2.9296335727e-01 1.0024286814e-01 5.9065170451e-02 1.9924300363e+00 -2.0694680283e+00 8.9470544289e-01 2.4673272360e-01 -9.8392813734e-01 -9.0211278130e-01
-1.9381898902e+00 1.6666876162e-03 -2.1682708434e-01 1.6740821801e-01 1.9590433505e-01 -8.6344365482e-01 -2.7790683450e+00 -1.0220930719e+00 2.0137363139e+00 -1.9614967964e+00
