-4.1739951739e-01
3.5822711235e-01
-2.4614717956e-01
5.5307915876e-01
3.9187398362e-01
-4.5364805373e-01
1.3093353153e+00
2.5859896874e-01
-4.1229291879e-01
5.2485467784e-01
-1.1671431554e+00
-1.1469202634e+00
1.2240082732e+00
-1.2630283734e+00
-1.1907001779e+00
-4.3932943154e-01
4.1231012788e-01
4.1639249403e-01
1.0918850589e+00
1.0793582485e+00
6.2947186555e-01
1.2531179274e+00
-3.3800022982e-01
4.0846887649e-01
-3.9540766036e-01
-2.5193553665e-01
-3.6827385347e-01
-2.9598668491e-01
-3.8542115304e-01
5.5900218667e-01
4.0677522594e-01
-2.9039131806e-01
-4.2057761475e-01
-1.3429697977e+00
-2.9619753078e-01
-1.2059693540e+00
-1.3254599372e+00
-4.4318081459e-01
-2.7187168996e-01
3.2722921328e-01
4.3809199466e-01
9.2975635862e-01
2.4823374831e-01
-3.5264296213e-01
-1.0297345219e+00
-4.9147488375e-01
1.3780856159e+00
3.6450931906e-01
-1.0840492404e+00
3.5146610442e-01
-3.0946518250e-01
4.0674092789e-01
1.1457017841e+00
1.2542958999e+00
-4.4459770493e-01
-2.4509201683e-01
-1.1491282540e+00
3.5049821383e-01
-1.2491199246e+00
-4.2139169091e-01
1.3087522583e+00
1.1773789560e+00
1.1787187466e+00
-2.5673548842e-01
-2.8859833958e-01
-1.4370294743e+00
2.7800391927e-01
5.2956643963e-01
-3.2600833081e-01
-1.2927874775e+00
3.7948809572e-01
1.2339712345e+00
-1.1444115920e+00
-1.2666128290e+00
-2.7055820967e-01
2.9666781035e-01
-1.2646585209e+00
-1.0808118171e+00
4.5342992945e-01
5.6245524127e-01
1.2838200196e+00
-1.2702517833e+00
-2.6567660447e-01
3.3286618630e-01
-1.1659260244e+00
-3.5841335713e-01
-1.3361954970e+00
1.1847704903e+00
-1.3325109199e+00
-1.2639568961e+00
4.7391286966e-01
4.5580929913e-01
-1.1410015095e+00
-1.2890601332e+00
6.2839146809e-01
3.6618219375e-01
-2.6678424934e-01
1.0830460248e+00
-4.6807700502e-01
2.9795179750e-01
