-4.3760233824e-02 1.8395064947e-02 1.0086683090e-01 4.7999833899e-02 4.4610402677e-01 -8.1653863497e-02 -2.2733443927e-01 -4.5076098113e-01 1.3398911463e-01 1.1765188923e-01 4.7687453582e-01 -2.0494759199e-01 -8.1120290507e-02 3.7677136567e-02 -1.8134296164e-01 -4.9518830606e-02 1.3504162444e-01 -2.9168108449e-01 -2.1434085044e-02 -7.6390920994e-02 1.9868807094e-02 1.6727912835e-01 -1.5897605641e-02 -1.0088458413e-01 6.0533989557e-02 -1.9824887550e-01 6.1577538058e-02 -2.2116516163e-02 3.0483777159e-01 2.7849784158e-01 -1.1063614592e-01 -2.3739209583e-02
4.0795671279e-02 2.0377847493e-01 -8.3206079509e-02 -1.0401284135e-01 3.0440401093e-02 1.2747990372e-01 3.3693167084e-02 1.6402123110e-01 -3.4593243049e-02 1.5228658569e-01 4.1998806597e-01 -5.1520717440e-02 1.5814562517e-01 1.9761023305e-01 -2.8248877488e-01 3.1681690651e-01 -1.1534269032e-02 -1.4555944560e-01 -1.6535331848e-02 -1.4445229542e-01 2.8386663156e-01 1.3114559919e-01 3.9570284553e-01 -3.4943949968e-03 -3.0548028147e-01 -9.6801104514e-02 -1.3618016397e-01 -1.2174938169e-02 2.0599138097e-01 -1.9701934583e-01 6.3733955842e-02 2.1499429258e-02
-9.2662753141e-02 -1.2392595767e-01 4.9211870150e-02 -9.0916150922e-02 -2.4141275459e-01 -6.4991770911e-02 -3.7661297997e-02 -2.9645127829e-02 2.8866605428e-01 1.6314141929e-01 -8.0101195955e-02 1.6842210259e-01 -3.2978755030e-02 1.0085203772e-01 3.3647784265e-02 -4.8451977983e-03 2.8083322928e-01 -2.5622554780e-01 1.1588484057e-02 1.7474191417e-01 1.5772029737e-01 5.4200107454e-02 1.2679528038e-01 -6.3507523524e-02 2.0640123262e-01 1.1872526606e-01 2.5801608000e-01 1.7350464572e-01 9.8596757934e-03 5.3484306818e-03 4.8615764809e-02 -2.4067378838e-01
-5.1997400462e-02 1.2156151827e-02 1.6829750259e-01 1.4997198032e-01 6.2450851437e-02 7.5840106615e-02 9.3229040026e-02 -3.2780909517e-01 4.0455378043e-02 -1.1483903998e-01 -2.5143178933e-02 5.6141602804e-03 2.0678866688e-01 -2.0145106477e-01 -8.2573078958e-02 1.5871857538e-01 9.7328474631e-02 -3.7935793862e-01 -1.2076668124e-02 4.6729979406e-02 -2.2984214946e-01 1.4432038540e-01 -2.1595658524e-01 6.9005475630e-02 -3.0487066693e-01 -3.3961524468e-02 -7.7586066997e-02 1.6043636729e-01 1.3216279653e-01 2.7076459428e-01 1.5738815242e-02 2.2339338201e-01
3.3287495424e-02 -2.7882237644e-02 2.3549812592e-01 2.2816572402e-01 1.0054213084e-01 5.2736755040e-04 1.3819494290e-01 -1.4254441994e-01 1.0633064791e-01 -3.0217409477e-02 2.6490414865e-03 1.4877852818e-01 1.1197351965e-01 1.9057364946e-01 9.4009323542e-02 2.0849266029e-01 -2.0491263260e-02 1.1658147208e-01 -2.4471080985e-02 -5.5299075241e-02 -9.8391124082e-02 -2.3964391016e-01 3.9168835384e-01 7.7240282021e-02 5.0484775944e-02 -1.6710891756e-01 -4.4027878134e-02 -3.1277085939e-01 -6.7110820813e-02 -2.2426935771e-01 -2.3271827636e-02 -7.5363080015e-02
-1.6045172306e-01 1.7262723511e-01 1.6912056973e-01 -9.4791881256e-02 2.5997015409e-01 1.1769615936e-01 -2.3371228614e-02 -5.8878971096e-02 5.1554225707e-02 -4.1873649522e-02 -6.2027196761e-02 7.6362092097e-02 -3.0215599854e-01 1.0436838246e-01 1.7720770829e-01 -5.8692397884e-02 -1.3697890680e-01 3.2837493407e-02 7.3437025972e-03 1.2565298535e-01 1.8205571154e-01 1.3448648328e-01 1.6555322586e-01 9.4306652733e-02 -1.4400528474e-01 -2.5904630537e-01 -1.9341543144e-01 1.2178566994e-01 2.4455527560e-01 -9.8710911348e-02 -2.9110791570e-01 1.3594293238e-01
-1.3155602610e-01 -8.7444173023e-02 -1.9120111317e-01 6.0207156225e-02 2.3659344906e-01 -1.2440687540e-01 2.4511673752e-01 6.9968511779e-02 9.3894896228e-02 -8.0832430393e-02 -1.6158801273e-01 -4.9695331601e-01 1.6915314780e-01 -1.4729057225e-01 -1.3056298301e-02 3.1899163739e-04 1.6109297984e-01 2.8319160516e-01 3.9555755371e-01 -3.4004596520e-01 2.3154102438e-01 -3.2334298373e-01 8.3296148181e-02 1.7259206332e-01 -1.9055250596e-01 -1.7761668543e-01 -9.7567675200e-03 1.6863155359e-01 1.3613957145e-01 -2.2557311197e-01 1.8951113348e-01 3.3808133888e-01
-1.1081355366e-01 -1.6585380690e-02 1.4841375246e-01 -1.6233979352e-01 6.5804534167e-02 -4.9856420093e-02 -1.1848943877e-02 1.9562258601e-01 2.7323214066e-01 -2.1691115745e-01 6.5749164120e-02 -2.9490471228e-02 1.0939029312e-01 5.9274357318e-02 -2.0028261626e-02 3.2495322372e-01 2.0961224151e-02 1.1246832793e-01 2.4727738311e-02 -1.3219509902e-01 -3.1962638477e-01 -8.8779223826e-02 3.9418543052e-02 8.9703502244e-02 -8.3697362300e-03 2.8142394638e-01 8.9643833358e-03 -9.8991429716e-04 -1.6455724291e-01 -7.5881887990e-02 -5.7232711610e-02 1.1327985594e-01
1.1127727525e-02 2.5278109488e-02 -1.9941096455e-01 -1.7214648960e-01 8.5733185140e-02 -6.4669428335e-02 -3.6618889254e-01 -1.0559687534e-01 -1.8030625743e-01 1.2070890513e-01 -2.3126951326e-02 2.7856141547e-01 9.0742231632e-02 -2.3727783239e-01 -1.7427544359e-01 1.0900764831e-01 -1.7125664767e-01 1.0078585197e-01 -2.2328487235e-02 1.7214663193e-01 -9.5755553290e-02 2.3261741249e-01 5.4803231388e-02 -1.1615135910e-01 -1.0661409764e-01 3.2469286157e-01 6.2569318549e-02 -3.8805520551e-01 2.8582369877e-01 5.2402706717e-01 -5.4266494941e-02 -1.6259625961e-01
1.4921256748e-01 -1.5823946810e-01 -1.3026664381e-01 -1.0829980748e-01 5.2221250139e-02 4.1615256507e-01 -1.9112014739e-01 -7.2533900017e-02 6.9448534267e-02 4.0626316778e-02 -4.8543532672e-02 -1.7258556265e-01 1.1307592000e-01 -1.5554056692e-01 1.0189890620e-01 5.2495716480e-02 -1.8632208358e-01 -4.2220971592e-02 3.2983111247e-03 1.1296790949e-02 1.8946769070e-01 -1.9448574517e-01 -3.2037206178e-01 -2.8649436675e-01 2.4402511227e-01 -1.0875080589e-01 1.5924959273e-01 -6.6262181615e-02 -3.0312011542e-01 -4.3970059920e-03 -7.8535323316e-02 3.7920640085e-02
1.4735898787e-02 2.8758162867e-01 6.0894205255e-02 -3.4799645027e-01 1.3659232108e-01 -1.6748204963e-01 7.2814901584e-02 -7.7398304296e-02 2.5238282698e-01 -1.7034805413e-01 1.1115904387e-01 2.8804217231e-02 -3.3030575360e-02 -2.6300705861e-01 -7.6668160230e-02 2.4519586801e-01 1.6567191674e-01 6.2884609710e-02 -2.8962549984e-01 2.2714396146e-01 2.2985112772e-01 6.4033295402e-02 8.6296515080e-02 8.5184272779e-02 -1.7434915556e-01 -1.6395973176e-01 -1.9120211458e-01 1.4841417991e-01 4.1222254250e-01 -2.3918189028e-01 1.8493231091e-01 -2.5001291175e-01
-3.3204516362e-01 2.6604402700e-01 1.0123298339e-01 2.0983417383e-01 -1.1731406039e-01 -9.0059021167e-03 -2.0276129928e-01 2.9557255331e-01 2.9507722249e-01 -2.9239032215e-01 3.9010795086e-02 2.4898642696e-01 -1.5843643801e-02 2.4274056237e-01 2.6826933251e-03 1.7941529256e-01 -2.1009323670e-01 1.8222328288e-01 1.9562475148e-01 2.3440196165e-01 -5.0842681307e-02 1.9718459747e-01 -1.5842018838e-01 2.6586615320e-01 1.6751381613e-01 -9.2346604304e-04 -1.7752725680e-01 1.0918430774e-01 6.5892546931e-02 -1.5299358755e-01 1.2636431742e-01 -9.9136957689e-02
-5.7328955834e-02 -2.6279542078e-01 3.7564174563e-01 1.8337092791e-02 8.7886882144e-02 -8.4736970533e-02 -1.4543347999e-02 3.8389507286e-01 7.5909605915e-02 1.1903045411e-01 6.0211650026e-03 -2.1714379063e-01 3.7800210605e-02 -5.2908367419e-02 7.7444631096e-04 -1.5605725553e-01 -1.6809611887e-01 -1.4401837508e-01 -1.6936265688e-01 3.4603543204e-01 -3.3620171142e-01 -3.0717309667e-02 1.4676107336e-01 -3.3750612210e-01 1.9704373429e-01 2.8948343648e-01 1.0660951361e-01 -1.3377506160e-01 6.1634696180e-02 2.0913218611e-01 4.2802490868e-03 -1.1285209810e-01
1.7558502399e-01 -3.5496846233e-01 -6.2018084173e-02 1.6208290588e-02 -6.2074915062e-02 4.1182332431e-02 2.6817233985e-02 -2.1502991002e-01 4.4783734327e-02 -1.9413422612e-01 4.7279909002e-05 -3.9581251055e-01 -1.2438177794e-01 5.0178573048e-02 -1.6127690542e-01 2.9765676919e-02 -8.0277544188e-03 -1.2335140726e-01 -4.6588203615e-02 1.5799679000e-01 2.5759841133e-01 4.6661161536e-02 -5.5149848610e-02 -2.2629139375e-01 2.9512315918e-01 -3.6233928752e-01 2.8724962105e-01 -1.4920481306e-02 -6.1930529039e-02 4.4182987828e-02 1.1988136453e-01 7.7187033836e-02
5.5965097985e-01 -4.4407239646e-03 -1.2126766237e-01 -2.2571567818e-01 9.2307054155e-02 -3.6411897260e-02 6.8319400740e-01 -8.2122092125e-02 1.4651117043e-01 -1.6523171122e-01 -1.0028737283e-01 3.6206979306e-02 -3.6057233866e-02 1.9160968934e-03 -2.3990358045e-01 1.0056183201e-01 1.9270820256e-01 -2.2220129841e-01 3.4545237333e-01 1.3295197541e-01 1.4617835609e-02 -1.3009161338e-01 5.1820891852e-02 -1.0065575902e-01 2.8870667840e-02 8.1119389688e-02 -9.3664570021e-02 1.5233644761e-01 -8.8987485568e-02 1.1383405220e-01 -1.3161815379e-01 1.9045460216e-01
1.8900289005e-01 1.2958076389e-02 -1.7603410939e-01 -2.5258741363e-01 4.9353029707e-05 -1.7572864972e-01 4.5016245383e-02 -1.4319454247e-01 2.1586177540e-01 -1.4371251752e-01 8.2877318614e-02 -6.3629153706e-02 1.1645426547e-01 -4.2913760978e-02 7.9276306861e-02 -1.9221996906e-01 7.5471140437e-02 -3.5018030924e-02 -1.7927656684e-03 1.9078759748e-01 -1.2707300987e-01 -2.8271896216e-01 -4.4619792732e-02 1.7671094109e-01 -2.2119616268e-01 -2.2120994012e-01 1.4582536145e-01 1.5966884152e-01 -1.1451590484e-01 4.0940284543e-01 2.2110589823e-01 -1.7331570330e-01
-2.9047112531e-01 3.8631119509e-01 -5.7965604129e-02 -8.3470824599e-02 1.8895788185e-01 -2.1996871020e-01 -2.5706697614e-01 2.7117923341e-01 1.3876374065e-02 -1.5594877939e-01 3.5394813443e-01 -2.2107788432e-03 5.8135714811e-02 2.1458155749e-01 -5.0477059947e-03 -4.1057103138e-02 -2.1336233142e-01 6.5974835858e-02 2.7869512381e-02 -1.3618330336e-01 3.1879243045e-01 2.0066666057e-01 9.5691764279e-02 -1.4730154757e-01 -2.1987441538e-02 7.4497924073e-02 -6.0281015802e-02 -2.9561723837e-01 1.6659231284e-02 -6.4114545713e-02 -3.0778670489e-01 -2.1806184688e-01
6.6685041926e-02 1.6401895793e-01 1.3386783965e-02 2.5311286845e-01 -1.6941562006e-01 -3.3754762579e-01 9.4767319232e-02 -1.3727199150e-01 1.7868844929e-02 -8.7372591911e-02 7.6603106607e-02 6.2510721995e-02 -1.2371218470e-01 8.6928844203e-02 2.7005490756e-02 -1.3351630576e-01 8.4881415780e-02 2.2865138262e-01 -2.0748376681e-01 1.0873429439e-01 1.5538257266e-01 -1.4362781093e-01 -1.1598939020e-01 5.9476422959e-02 -1.6914771137e-01 -7.8041747408e-02 9.9232193845e-02 2.0917613807e-01 -2.4032475177e-01 -1.9143946551e-01 9.1508294402e-02 6.0157278671e-03
-3.8126655290e-01 7.6536752582e-02 7.0444446084e-02 -1.0230657467e-01 4.0843659013e-01 7.2094049486e-03 8.2160851560e-02 -1.8366671972e-01 -2.4275953201e-01 -8.0800577831e-02 -1.7658148966e-01 -1.7896466405e-01 -7.2525414336e-03 5.3090561339e-02 2.3001453102e-01 1.4270234819e-01 4.9663249863e-02 -3.3954238208e-01 -2.1165165015e-01 -4.6511775455e-02 -1.3789598758e-01 4.0789078591e-01 -1.2049804604e-02 -3.2552139106e-02 3.4265292606e-01 -1.3190765496e-01 5.9740795206e-03 2.2822065759e-01 -8.7340649013e-02 -2.0599378130e-01 1.3130763384e-01 1.3345166326e-03
3.8081458323e-01 -3.0801780318e-02 1.6542140350e-01 5.0275079130e-02 1.3387380140e-01 -3.9792519349e-01 -1.5749384189e-01 7.6852431442e-02 1.6993445077e-01 4.5149272464e-02 -2.9180800648e-01 -2.0718532210e-02 3.4814826046e-01 -5.5025560326e-01 -2.9699056996e-01 1.1870544247e-01 1.0499171095e-01 1.7722510728e-01 -5.2025482949e-02 2.0955646826e-01 5.1867369391e-02 -2.0891130501e-01 -3.6207111558e-02 3.9694714223e-02 -7.4804703039e-02 2.4142471757e-01 -4.3504838389e-02 7.6724550795e-03 -1.8415568852e-02 -7.5657609974e-03 1.9533364398e-01 -1.0161957392e-01
3.9015292736e-02 -2.1036667226e-01 2.5765161840e-01 -2.6546489081e-01 2.5214965666e-01 -4.4078981562e-01 1.7235936889e-01 -7.2210696739e-02 1.7333046094e-02 5.9630590604e-02 -1.6266901846e-01 1.9464260364e-01 1.0452741793e-01 -2.2687336090e-01 -9.3752701629e-02 -3.6334886459e-01 -4.3974168214e-01 1.6053795248e-01 -1.9343298033e-01 -1.3484426227e-01 -1.0949803904e-01 1.0304537041e-01 1.7556539323e-01 1.2484637473e-01 2.7388772252e-01 -2.4677642920e-02 2.2616583094e-01 2.2644204937e-01 -1.7105270785e-02 -3.0874784797e-01 1.2922177754e-01 -8.8798983354e-02
1.0325084556e-01 -1.1622459879e-01 1.6457151784e-01 -7.6359229635e-04 3.4200455984e-02 1.2405179392e-01 5.7836070215e-03 1.4633933469e-01 3.0347528572e-02 1.4123622220e-01 -1.2437184769e-01 1.6176204137e-01 -2.9658246512e-01 -3.0145859207e-01 -7.1958916408e-02 1.1941285825e-02 -2.2676946404e-01 -1.0787242091e-01 -1.3290816907e-01 -2.6186134661e-01 -2.9679318114e-01 -1.1128027298e-01 -6.5099297221e-02 -1.5566904236e-01 3.9028872062e-01 2.4122560299e-02 7.3091531458e-03 -2.4876726388e-02 1.3820587708e-01 -9.3173557304e-02 1.1746610662e-01 -1.6774786285e-02
2.3438163641e-01 4.1384595853e-02 2.6980558904e-01 3.4279250805e-01 6.2132828801e-02 -2.0793240617e-01 9.4937134530e-02 2.3543309444e-01 4.6992416391e-02 -7.0363046049e-02 -4.7451592130e-03 -2.8236624931e-01 -2.2158142615e-01 -2.5550912919e-01 -1.3548180524e-01 2.6301633290e-02 -7.2442389266e-02 8.5223869412e-02 -2.5972622211e-02 -1.0446377320e-01 -3.6194363370e-02 1.5632146857e-01 2.1343646719e-01 2.5162135955e-01 7.3312684493e-02 -2.1651091277e-01 -2.1891769574e-01 2.2611499077e-01 3.2414901055e-01 -1.1157783984e-01 1.8800695930e-01 -1.6417658304e-01
-1.6372694763e-01 -6.0093711573e-02 -7.5195278333e-02 -1.7018501407e-01 -7.2660770779e-02 -6.7331603292e-02 1.4724451607e-01 -5.5602745457e-02 -1.9050181843e-01 -7.7967346620e-02 2.8794612354e-01 -7.5224498475e-02 -1.0253492187e-01 -2.1812433691e-01 -8.2767400649e-02 3.1137802244e-03 2.9829650942e-01 7.2243461541e-02 1.2722383919e-01 -1.7413476670e-01 -7.4289993791e-02 -1.0888172216e-01 -8.7246807402e-02 -2.0601726802e-01 -5.1080456114e-02 -1.9839937678e-01 1.2182403468e-02 1.5499401061e-01 -2.5239516928e-01 -2.9021545549e-01 -2.1635138278e-01 -6.5748063979e-02
8.8878634129e-03 -1.2450485294e-01 5.4077435226e-02 -2.2347814965e-02 5.5286484193e-01 -5.6496438506e-02 1.8988574760e-01 7.4839105923e-04 -3.6120301432e-02 5.0696328390e-02 -2.6239063671e-01 -4.1595221249e-02 2.5861498848e-01 3.4088791854e-02 -1.1502687459e-01 8.3420963781e-02 -2.6551698368e-01 -1.2243750041e-01 2.3091231290e-02 3.2913590471e-01 1.5736078782e-02 2.9011238096e-01 1.2444668594e-01 -3.1839216869e-02 -1.2839897738e-01 -6.5845845240e-02 -4.4758002346e-01 4.5453258150e-01 -4.5319464941e-02 6.7048351328e-02 -4.4423203503e-02 -2.5731301425e-01
2.4280457823e-01 6.0795643318e-02 -1.8182893944e-01 -5.4345348106e-02 7.0221076092e-02 3.4904900672e-02 4.2237244292e-01 -4.3354906113e-01 1.0143133229e-02 1.7252511983e-01 -2.8170978444e-01 3.4357415423e-01 6.7932899050e-02 8.2545442870e-02 3.0275474266e-01 2.8330761522e-01 3.2158489096e-01 -2.7523043914e-03 -2.4178329382e-02 1.7052897426e-02 -3.6192091219e-01 -3.0328386341e-01 1.9302561019e-02 -1.4174558336e-01 -1.7586281075e-01 8.5924273479e-02 -1.6521672849e-01 -7.5197806031e-02 -3.6901517206e-02 -6.2275981936e-02 1.4987900606e-01 -1.0016795894e-01
3.9258565761e-01 -1.1763354130e-01 8.2644304995e-02 2.5443060020e-01 1.2959399962e-01 -1.3739590080e-01 -4.7682060448e-02 1.1712844132e-01 -2.0497204825e-01 2.1500549379e-02 -1.4548497186e-02 -2.2325059399e-01 -2.7017149700e-01 -1.7066644750e-01 -3.3989990194e-01 -1.7572025690e-02 -1.8999504816e-01 -3.3929844149e-01 -1.4675263318e-01 -2.6476847126e-02 -2.9151595037e-01 1.1407554698e-01 -2.7346137414e-01 -1.6141707877e-02 -2.3284982203e-01 5.0594732813e-02 1.9194395225e-01 -1.6202998060e-02 7.6455296339e-02 1.8355716926e-01 -6.4359245206e-02 -2.6627933222e-01
3.4464276127e-04 3.7801950665e-02 -3.0506561769e-01 2.5942593596e-01 -5.8609561683e-02 -1.5013686514e-01 -1.0335544548e-01 -3.0699633556e-01 -8.3538946219e-02 1.3590587399e-01 -4.1552438009e-02 8.7357863457e-02 1.0928112438e-01 -1.1706982800e-01 -1.3479775466e-01 1.1909643749e-01 1.3033850113e-01 -3.6944672171e-02 1.6266392085e-01 4.8322779868e-01 8.2044135090e-02 2.2953941563e-02 -2.1947155741e-01 2.7477375727e-02 -1.8887053666e-02 -1.9715021241e-01 2.3037557242e-02 -2.0637843482e-01 -5.3337614368e-02 1.1674591590e-01 1.9887370374e-01 -5.9597879321e-02
-5.1920196804e-03 -1.6353670537e-02 1.0971646820e-02 9.3929560649e-03 4.5598023187e-01 2.3703678216e-01 1.2074859529e-01 -1.3783827598e-01 4.1072979009e-02 7.5493564237e-03 2.4002598522e-01 1.5563220965e-01 -1.3454073032e-01 3.7339464833e-02 4.1587933977e-01 -7.7223822730e-02 1.8291156937e-02 -3.0513004744e-01 -9.7037685498e-03 1.3826208857e-01 -5.5530391115e-02 1.7002029357e-01 3.0676892736e-02 -1.7542216289e-02 1.3002457539e-01 -1.7052480881e-01 -9.4558125124e-02 -9.6998197290e-02 3.4986375132e-01 6.2775807990e-02 -1.2736404912e-01 2.2188826722e-01
2.3033528271e-01 1.5849085804e-01 1.5469535354e-01 9.6559764846e-02 6.8928545377e-02 -1.1564105142e-01 2.7490442024e-01 9.9689501826e-02 7.1295554624e-02 1.0499229233e-01 -7.4348811808e-02 -1.1999681846e-01 -3.7452312736e-01 -8.3687742023e-02 8.8496543447e-02 -3.7628932511e-01 -9.1148517279e-02 -5.9090640317e-03 -3.0179524355e-01 5.6972095901e-02 2.0858371631e-01 6.1177815548e-02 4.9839412662e-01 -1.1365474569e-01 -1.7527589033e-01 -4.0354938576e-02 -2.1985266768e-01 2.0133970684e-01 2.4227873063e-01 -1.0916528482e-01 -9.5651606890e-03 6.1412084352e-02
-1.4280139963e-01 1.4367078302e-01 3.0041155227e-01 1.0697299169e-01 3.5304777991e-01 -7.3901980298e-02 -1.1444870181e-01 -1.8575218921e-01 -8.9707879231e-02 1.4016540319e-01 6.9435171685e-02 5.8966608544e-02 -9.5432075697e-02 -1.4322937718e-01 -1.3477250601e-01 3.6540443263e-01 2.1416214654e-01 -4.4400740118e-02 -3.6027996555e-01 -1.0136911452e-01 -1.6353238482e-01 4.3742094952e-02 1.4034100343e-01 6.1156554086e-01 -2.2643280864e-01 -7.7919344769e-02 -1.1129335790e-01 -3.6166303033e-01 7.7960000746e-02 1.1481285360e-01 2.2221059828e-01 1.4833149418e-01
1.6411695367e-01 -6.9503151166e-02 -1.2748417088e-01 2.2563904675e-01 2.9161674902e-01 -8.9755379283e-02 -1.3394612815e-01 -1.8459162607e-01 6.4126879373e-02 -5.4159488081e-02 -1.6508442707e-01 -2.9226198958e-01 2.2990949086e-01 -2.1102942028e-01 2.1945819524e-01 -1.8716649592e-01 4.5755939347e-03 -2.4314744142e-01 7.5498059372e-02 -6.4078136749e-02 -6.3948821690e-02 3.5540854218e-02 2.5642887318e-01 -1.2969005060e-01 1.4666264833e-01 -3.1085842397e-02 -9.1081775149e-02 -3.0111434358e-01 3.2535989021e-01 1.1539228581e-01 -9.0279681982e-02 -2.0534552296e-01
