1.4208450471e-01 -2.9612646538e-02 -1.2514455579e-01 -7.2402705978e-02 7.7967080177e-02 -2.0115185248e-01 -7.3167371809e-02 1.4842396435e-01 -4.7449691238e-02 -9.6316640771e-02 3.4348683762e-01 5.5510116395e-02 5.8734024321e-02 4.2343431057e-01 6.6460609064e-02 3.4776836666e-02 1.0445938540e-01 -4.5783753226e-02 -6.9341977974e-03 2.4006772894e-01 -1.6513179936e-01 1.6061323924e-01 2.7457168834e-01 -2.8289784732e-01 2.2348582586e-01 -2.4410974471e-01 1.4609182848e-01 2.5739314632e-01 -1.0355656480e-01 -1.2331136313e-01 -6.5672241881e-02 -6.7060666580e-03
2.0188789491e-01 1.3235392487e-01 -3.0707527904e-02 2.0718155712e-02 4.1247876064e-01 -2.9907125712e-01 -1.7469033273e-01 -3.1540305411e-01 6.6349396967e-02 1.5580452083e-01 1.0885398582e-02 -2.4925300822e-01 -1.0488497486e-01 2.8784544049e-01 -2.0047830946e-01 1.6307329160e-01 -1.5145975516e-01 1.6126800568e-01 -3.3073443409e-01 -2.4956255566e-01 -3.0063977413e-01 -1.5883665154e-01 -1.0516954690e-01 2.8017436143e-01 -1.2702144831e-01 -3.7957660135e-01 1.8090582620e-02 2.8761307489e-01 -8.4181846606e-02 1.7988444026e-01 1.3288418847e-01 -2.1122529793e-02
1.8996486142e-01 -1.6446229459e-01 7.7724329543e-02 -1.1691350324e-01 -1.2008019359e-01 -1.6941960538e-01 1.5679413311e-01 4.8575799568e-02 -4.6935999399e-02 2.2671442611e-01 -5.9525600617e-02 -1.9924661584e-01 1.1960100399e-01 4.0968365893e-02 2.7172200367e-01 2.0211100064e-01 -1.2274523842e-01 -6.3751028784e-02 2.4636411090e-01 2.9274279930e-01 -1.7600394265e-01 -1.6940856164e-01 2.6214533046e-02 1.1931482299e-01 2.7634947313e-01 -1.7500803254e-02 -7.0362316293e-02 -2.7031969962e-02 -1.8912939639e-01 -4.7674691097e-02 -1.7010784931e-01 -6.4660396140e-03
-8.0061241625e-03 3.6067157439e-01 -1.9171844008e-01 3.4140502015e-02 2.3790886361e-01 1.8434829607e-01 6.5811618594e-02 2.7405498778e-01 1.4674527824e-01 1.7435643373e-01 -2.6340305933e-01 -1.9322659947e-02 1.9761002673e-01 6.1564115069e-02 -1.3602781753e-01 4.0622333742e-02 -3.3834450977e-02 1.9888970486e-01 -9.5652591385e-03 -4.9707087565e-02 -3.0044485041e-01 -2.1102750594e-01 -2.1511382962e-02 -1.3549463823e-01 -9.4076402524e-02 1.2371499389e-01 -2.5108366208e-02 -1.5747509300e-01 -3.9575276154e-01 -2.7775986622e-01 2.3745939091e-01 1.5075750345e-01
-2.2331707654e-02 6.6602829638e-02 1.4264940722e-01 -1.8308248755e-01 7.5400980070e-02 1.5351207298e-01 2.5277848301e-01 2.2603904696e-01 5.1697317112e-02 -2.2411272527e-01 -1.6044147277e-01 -1.3182103427e-01 2.9491902829e-01 9.2352251677e-02 1.1570250423e-02 -8.9339257924e-02 1.6752793357e-01 -9.2151764187e-02 2.6135560249e-01 -8.5512988462e-02 1.2812490029e-01 3.9726059403e-02 2.5870197735e-01 -2.8981667864e-02 2.5802875659e-02 -9.6069487105e-02 1.4781701166e-01 1.8799393848e-02 -6.7855377733e-02 2.3061469811e-01 -1.2503089706e-01 3.9721778325e-02
-2.8815570820e-02 1.2744409421e-01 1.8821980454e-01 3.0679896552e-02 5.7971990556e-02 1.0319590711e-01 5.9226092057e-03 6.7081625517e-02 2.4147325357e-02 -1.2100658174e-01 -1.9090655351e-01 1.5360317743e-02 1.4195027953e-01 -1.0386156385e-01 6.1092042838e-02 -3.8973619139e-01 1.3376898880e-02 -3.4397971182e-02 3.0852000780e-01 -2.3471246873e-01 7.6888888612e-02 2.7381449506e-02 1.6840842174e-02 5.9601651919e-02 2.4101512063e-01 2.3276998652e-01 1.3068421075e-01 -2.2372831582e-01 -6.5536079348e-02 2.6197542931e-02 1.7997654810e-01 -4.7958640369e-02
3.0853294743e-01 3.3915881266e-01 1.0187225377e-01 -6.7269284341e-02 -1.9307751256e-01 -5.2392331324e-01 -4.9719654111e-03 2.0223216563e-01 9.7049445332e-02 2.0171675436e-01 -4.2427792739e-02 -1.1144830522e-01 -1.7662315492e-01 -8.1564306604e-02 -7.2241285974e-02 -4.9686178979e-02 1.8127212469e-01 1.1352224581e-01 1.2606761048e-01 2.6181181708e-01 -6.4372864045e-03 5.1028765318e-02 -9.3090752495e-02 9.0249302657e-02 -1.9286699166e-01 5.5035076441e-03 3.7370773235e-02 1.5928379061e-02 1.6143927200e-01 1.6490787875e-01 -2.9974432794e-01 -3.2162375661e-01
2.4356760485e-01 -7.5961929581e-02 1.7447758806e-02 2.2348441711e-03 1.2096983515e-01 -1.4774373988e-01 7.5257451686e-02 1.4395346609e-01 -9.5394239375e-02 -2.8232490549e-01 2.1314207324e-01 -1.1741397096e-01 -9.4518069877e-02 -1.1022257799e-01 -3.1134106454e-01 -3.8931602179e-01 8.9489394891e-02 1.0426207268e-01 3.6072186624e-02 9.2466422198e-02 -1.3555478267e-01 -1.8016411905e-01 -1.3570348113e-02 1.3766821839e-01 -4.3980862357e-01 8.4727408902e-02 6.2672796951e-02 -1.3458484974e-01 -6.6577793390e-02 -1.5216289522e-01 -8.0613644722e-02 -5.1988227633e-02
2.5790692996e-01 -5.1065480070e-02 2.3014904003e-01 -3.4048131968e-02 -8.9164306245e-02 2.5644735253e-02 -9.3324486181e-02 2.7983699329e-02 -1.3373200413e-01 1.1280147498e-01 -3.9817665192e-02 -2.7377747489e-01 1.5063029646e-01 1.8432987913e-01 -1.0306176172e-01 -1.6791102550e-01 1.3158444300e-01 2.7769204238e-05 -1.8352212328e-01 2.5179978154e-01 2.9350023599e-01 1.1157096549e-01 -1.3578070544e-01 1.3731170659e-01 6.4935153441e-02 1.4327053224e-01 1.1306407070e-01 -3.5725939858e-02 -5.8394109801e-02 1.9311944330e-01 -2.0525529752e-01 -2.5215518029e-01
-2.1154660016e-01 9.7029213774e-02 -5.1364456190e-02 -8.5370981281e-02 1.3929132230e-01 -1.7815508182e-02 -1.2192478516e-02 4.7622131427e-02 1.1075618537e-01 2.4908422924e-01 1.3040264110e-01 5.3446300479e-02 -1.0891580719e-01 -3.4544014949e-01 2.1790695505e-01 -3.2167305723e-01 -1.0613282760e-01 2.9995502957e-02 8.9325253552e-02 -8.4063309889e-02 2.5276654106e-02 1.6006634754e-02 2.3137265869e-02 -1.1692177203e-01 4.4903390661e-02 -6.5941685349e-02 -3.7575600821e-02 4.4837329085e-01 -1.5773554023e-01 -2.4233039268e-02 -9.0799116488e-02 2.8910537729e-01
1.6498209284e-01 -4.8614755008e-02 -1.0923654212e-01 6.4940352778e-02 -1.9671187712e-02 7.7960159179e-02 5.0657692206e-02 2.1720361919e-01 -2.1848653780e-02 -3.5799435546e-02 2.1479815186e-01 -2.9379088192e-01 -1.8676206543e-01 4.9164780292e-02 2.0800587085e-01 9.3609456580e-02 -6.6194443125e-02 2.4285718815e-01 -1.8458499079e-02 -2.2004969785e-02 -1.1068171206e-01 -2.5303744076e-01 1.1739560767e-01 8.2926524916e-02 2.6650505014e-01 -5.6667513250e-02 1.0688207415e-02 1.8948280518e-01 1.0876658425e-01 -1.3509716879e-01 -8.8079221371e-02 -1.4474707021e-02
-1.4372140844e-01 -1.6490662944e-01 1.4231636980e-01 2.7818035549e-01 -2.0672702908e-01 -9.7946292296e-02 2.8013562993e-01 -4.4657457659e-02 1.9191674184e-01 9.5401422631e-02 3.0880691064e-01 7.9938924000e-02 -1.9107693941e-01 -3.0433872624e-02 1.3648590151e-01 3.1377859857e-02 2.7201013791e-01 -1.3453354272e-01 -8.8999983138e-02 2.6803108706e-01 6.4829157391e-02 -2.0212107904e-01 8.7225837437e-02 2.2021088246e-01 -3.9833939635e-02 6.6594079724e-02 -8.6594456767e-03 -2.6144525687e-01 9.7169634745e-03 2.2253621208e-01 1.0554958844e-01 1.9579764135e-01
-2.0121810840e-01 4.7635325367e-02 -1.0817548491e-01 -2.5606259450e-01 -3.2280384584e-01 -2.2367605950e-01 6.5792839420e-02 1.0979155268e-01 1.3925327263e-02 1.8625132802e-01 -1.2335926402e-01 1.7807440683e-01 1.9040143961e-01 -1.2455856336e-01 2.0601984754e-01 -1.6724227979e-01 -6.7067149404e-02 1.0288028173e-01 -3.7209954178e-01 -2.8221401966e-01 -3.4596889081e-01 -1.5459859491e-01 3.7485565283e-01 -7.6190591183e-02 2.2345192356e-01 -9.7763325319e-02 5.9924789575e-02 2.6348481622e-01 -1.3581299896e-01 1.0761023476e-02 -8.4338833082e-02 1.4318238876e-03
-5.1607781838e-02 -2.6987373817e-01 8.4290614375e-02 -5.3901581382e-02 -1.4312914383e-01 -2.7056846100e-01 -8.2929421637e-02 1.1541526080e-01 -1.7234140389e-02 3.7813046845e-01 9.1763857144e-02 -1.3162689946e-01 4.1455637257e-02 6.7395745335e-03 2.2335113757e-01 -1.5850768009e-01 -9.8058618763e-02 -4.0440454875e-02 -1.0005979452e-01 -3.9191637690e-01 -2.0181410588e-01 -1.1722582387e-01 1.0954962320e-01 -8.1672724178e-02 -2.5561747955e-01 1.5830131040e-01 -1.4850350234e-01 1.8688741148e-02 -1.1053135549e-01 -1.6547070081e-02 1.7096775382e-02 -4.9357784089e-01
8.0241732223e-02 1.9706064223e-01 4.6636548267e-02 1.8697705347e-01 -1.2467380224e-01 2.8421132572e-02 1.0974255288e-02 2.1446832822e-01 1.1095840158e-01 -7.0212067131e-02 2.2099663780e-01 1.8411837567e-02 -1.5574967677e-01 -1.8973661128e-01 -4.4008377999e-02 9.9363074155e-02 -6.7936967094e-02 -9.4737099647e-02 2.9348195069e-01 1.4757891996e-01 2.4301578838e-01 -2.5095797287e-01 -2.0784655103e-01 2.2171580311e-01 1.3188300303e-01 -7.6816507541e-02 3.0991494544e-02 -3.5634587059e-02 4.3451820908e-01 1.4053446895e-01 8.2495364675e-02 -7.6866691185e-02
1.0728863451e-01 1.8713645183e-01 -4.2232713866e-02 -1.3899699771e-01 -1.9299820359e-01 4.0771608250e-01 -4.1095485467e-01 9.5024563421e-02 6.5262329710e-02 8.1440140961e-02 -2.9474720708e-02 2.5069834184e-01 1.9853182302e-01 -6.2671845330e-02 -2.1297354406e-01 -9.4721205786e-03 -2.4583089437e-02 1.6533184425e-01 7.8385143829e-02 -1.1299068695e-01 2.2270430696e-01 8.2654220474e-02 1.3711644919e-01 -1.7616654093e-01 -9.4056532029e-02 7.1707665157e-02 2.5725159263e-01 -1.4802969272e-02 -3.2506755514e-02 -1.0241526868e-01 5.8635615653e-02 2.3915295478e-01
2.3917929045e-01 -3.6628073150e-02 1.5075830284e-01 -6.2277542203e-02 -1.7272682846e-01 -1.7394243750e-01 5.7969030802e-02 2.5390471797e-01 -3.5041895986e-01 -6.4718798204e-02 -5.5086785337e-02 -2.3897583907e-01 3.4130462244e-01 -3.8355607033e-02 3.9581374359e-01 -1.1637179329e-01 -1.8371299839e-01 1.9102606180e-01 -3.6850776642e-04 1.6448609411e-01 -2.0532166963e-02 1.9218469122e-01 -8.8398804327e-02 1.2128505626e-01 -4.9878942952e-03 -7.8041102382e-03 -2.9517003484e-01 2.9941230958e-03 -5.7233392387e-02 6.5934209436e-02 9.9060463307e-02 5.8953148108e-02
-3.3016043838e-01 -5.6383563107e-02 -5.3606131449e-02 -6.4025776298e-02 1.7690212701e-02 -2.1268938384e-01 -1.9030547856e-01 -1.0085141950e-02 -1.4934395364e-01 8.5616906061e-02 -1.7727969452e-01 3.1135115658e-02 3.3607974133e-02 3.2050476152e-02 -6.1685583421e-02 -6.8232583857e-02 1.4443186260e-01 -2.0175989811e-01 -3.2896822371e-02 -1.8477124977e-01 -8.2041987082e-02 -4.6294102613e-02 1.2673506213e-01 1.5218452076e-01 5.5680189500e-02 3.4095502047e-02 -1.0020033563e-01 4.3284204659e-02 9.6822913271e-02 -1.8742272015e-01 -1.2456832894e-01 -2.0568136614e-01
-4.0364922699e-01 2.1130269486e-01 1.1738488310e-02 -9.4394828978e-02 1.7467244973e-02 3.7316179235e-02 -2.0856182982e-03 1.5349430249e-01 -2.9543721526e-01 2.1551427496e-01 4.7033031166e-02 1.2308747243e-01 -1.2452731747e-01 -1.7655776322e-02 -1.5367263748e-01 -1.4622433005e-01 7.4166696375e-02 -1.4693475026e-02 9.7685796456e-02 1.1439949429e-01 -2.1116746190e-01 5.6254742266e-02 2.4668468436e-01 2.0680001945e-01 -2.7108079801e-03 1.1014921207e-01 1.5453721648e-01 -3.6427252853e-01 -1.1484788441e-02 -2.9579498729e-01 2.2066218385e-01 1.7349533419e-01
-2.6125968011e-01 -3.0552702501e-03 -1.3905208267e-01 -1.7719192094e-01 2.0075414434e-01 -3.7598314684e-02 1.5358222672e-01 -1.1869147238e-01 8.1499098575e-02 1.4718247267e-01 2.1619294745e-01 1.6911518005e-01 -2.2078156833e-01 1.9594554578e-01 -3.8359331257e-01 -1.8029637321e-01 -5.4392734550e-02 1.1167757584e-01 -3.1625026144e-02 2.5024677718e-02 -4.5883576150e-01 -1.4072654301e-01 -2.0226429217e-02 1.5539386822e-01 -2.8947037559e-01 -3.6305544425e-01 -5.7334043036e-02 -1.9322298119e-02 1.6671972062e-01 9.0274050420e-02 -1.2500371527e-01 1.7465518979e-01
-1.9261271784e-01 2.3084873242e-01 1.8787757006e-01 -1.3660614764e-02 -4.6892768974e-02 2.7525244711e-01 8.4124664270e-02 2.0333181933e-01 -6.8728454975e-02 3.9664069631e-02 -7.2947095614e-02 -1.9712853841e-01 4.0549283276e-01 -1.4335593110e-01 -3.3087761795e-01 -1.9312343204e-01 2.1129790247e-01 -1.0088836771e-01 -3.8948273434e-01 8.4050563440e-02 3.3993245629e-02 -5.5119146519e-02 -1.0236573603e-02 1.0759604119e-01 -2.3332968637e-01 -3.3251391463e-01 8.2253310932e-02 -2.0414236298e-02 6.7678343574e-02 5.7389144639e-02 -6.0468186689e-02 1.7553258558e-01
1.4767021061e-01 -2.0092952076e-02 -1.3490564163e-01 1.4433355564e-01 -1.8408543963e-01 2.6101547093e-01 -1.1325256468e-01 2.9995484209e-02 -3.4813141534e-01 7.1198352745e-02 -1.0831715990e-01 8.3144026668e-02 9.3337460845e-02 -1.5757213667e-01 -8.9430283809e-02 2.7048509979e-01 3.8088762393e-02 -6.0632470697e-01 -3.8966929086e-02 5.1089420884e-02 -5.8731030051e-02 3.5330953717e-01 -1.0506706181e-01 2.6676407409e-02 3.2695507782e-02 6.0130319715e-01 7.0294641280e-02 1.9711406530e-03 -3.2734907277e-02 1.1426868568e-01 -1.6261238259e-02 2.8111059614e-01
2.2684414470e-01 2.7081189076e-03 -1.7972411542e-02 -1.0131289300e-01 1.6610747534e-01 2.3803769776e-01 -8.2361432448e-02 -8.9318591700e-02 -1.5881997435e-01 1.0816460823e-01 3.5108617957e-02 4.1023997130e-01 3.0287560124e-01 -4.5186761264e-02 -2.8125191930e-02 -1.1068792869e-01 5.0980043113e-02 -2.6742424544e-01 -2.9102794116e-01 5.1858964590e-01 1.9202890157e-01 7.5378367780e-02 -1.9589329683e-01 -3.8068227728e-02 -2.6105428755e-01 2.5285376171e-01 -2.5503840190e-01 1.8907762048e-01 -1.2150527911e-01 2.6290333413e-01 1.8276112779e-01 -4.4758635251e-02
-1.8057642085e-01 8.8981140315e-02 -2.7817058028e-01 -2.1605503897e-01 5.0205623329e-02 2.1984134593e-01 -1.4765369599e-01 -1.0724579356e-02 -7.6071000874e-02 -3.2198763166e-02 1.9694055357e-01 -1.8877572143e-01 -3.0021878745e-02 -1.1763836371e-01 1.9008178612e-01 -5.5939621959e-02 -1.0882078333e-01 7.0106438341e-03 -1.6980838498e-03 1.6893382708e-01 1.0786019016e-01 1.7709089800e-01 1.8724985477e-01 -4.4302032791e-02 -2.5156578128e-01 -1.7308754849e-01 -2.1468349043e-02 -1.3550755884e-01 2.1060715709e-01 -7.9169301212e-02 3.6163062230e-02 1.1411660961e-01
1.0282973781e-02 2.1148673422e-01 2.8770641863e-01 -2.3009664550e-02 -1.5355911809e-01 6.2960776983e-02 -2.2880304521e-01 3.6829147248e-01 -2.0571722082e-02 2.4691091315e-01 1.2783552380e-01 1.6190868136e-01 -1.3701046690e-01 -9.8921038388e-02 7.3802474372e-02 3.1337878833e-01 -2.3362395047e-01 5.6015846001e-02 -8.3184461011e-02 -3.6394168355e-02 -2.3699304226e-01 -2.3158092137e-01 -6.4334882998e-02 1.1941839802e-01 -5.3351511313e-02 -6.6597891366e-02 -1.1694108882e-01 1.0583348705e-01 1.1764133532e-01 1.1115722169e-01 1.5755027607e-01 1.5485762419e-01
4.5310331158e-02 6.4555285204e-02 4.4602487969e-01 -2.9546928201e-01 2.1138699345e-01 2.5280642485e-01 -6.1389613840e-02 1.2518815971e-01 -1.6556600500e-01 -3.4559426751e-01 -5.3911902763e-02 8.1896655257e-02 -2.5088384010e-02 1.8979855476e-01 -1.2204677296e-01 -8.2488075600e-02 -5.4617710315e-01 8.7697520768e-02 -2.4134746386e-01 -1.1122194464e-01 1.6731255931e-01 3.3921174458e-01 -9.8063716035e-02 -1.2283689869e-01 4.2833703025e-02 3.4079274228e-01 3.6077210146e-02 -4.0565700745e-01 1.6280065466e-01 -1.6636045482e-01 1.1444207596e-02 -5.5434144372e-03
-1.1779859181e-01 8.2084556492e-02 8.3437385353e-02 -7.1324218746e-02 -1.2564138681e-02 7.9739500370e-02 -2.0739689201e-02 1.3520805647e-01 3.5379981576e-02 -1.5476782372e-02 -1.1675271674e-01 -2.7240194067e-01 1.5227188276e-01 2.3048431740e-02 3.5872288833e-01 -1.6835824035e-01 9.2486640765e-02 5.2528270407e-02 2.3722745751e-01 -2.1997654121e-01 -8.9456961492e-03 -2.9404667504e-01 2.4292124690e-01 3.4959469965e-01 1.6321015709e-02 -1.2922791113e-01 1.0279161048e-01 -3.8487531282e-01 -5.3941484012e-02 1.7548417773e-01 -1.5993543522e-02 -1.1647632873e-01
-2.0303929874e-01 -2.6421626607e-01 -2.2483242055e-01 9.1296322646e-02 2.0956283724e-01 1.8634742026e-01 -9.3543685506e-02 4.1979098220e-02 -2.5367445466e-01 -1.6710286557e-01 -1.1302977354e-01 1.8860806147e-02 2.6044274650e-01 2.4146066968e-01 -1.2334787988e-01 -1.5159211513e-01 -1.4789754257e-01 -3.1667779713e-01 3.8705322322e-01 -1.9513283429e-01 -7.1264026487e-02 -7.0792054411e-02 -1.4457474528e-02 -1.4952996438e-01 -1.5437865680e-01 2.9419783463e-01 -1.0554659256e-01 -1.6711090591e-01 9.1808808034e-02 -1.7510292725e-01 -1.3112431160e-01 4.1002237613e-01
3.2385844041e-01 1.2913808738e-01 -2.2872910281e-01 -1.2245005383e-01 -9.7485311911e-02 -3.1250070310e-01 -6.6305194989e-03 -3.8093386287e-01 -1.0808022309e-01 1.0286676504e-01 -1.5825210769e-01 -1.5539571972e-01 1.2820185264e-01 -7.9046964466e-02 -1.5827435206e-02 -2.9566460485e-01 8.5696327175e-03 2.2743716544e-01 -3.2837525311e-01 1.4802411952e-01 -3.2773296545e-02 1.2575996713e-02 1.5521198312e-02 1.1529296268e-01 2.2399026415e-02 1.1365451715e-01 2.2519065277e-01 2.3057111493e-01 -3.5924676324e-01 -1.1765564081e-01 1.9849451748e-02 1.3951709888e-01
1.8604992630e-01 -4.1779996537e-02 -1.6745990048e-01 5.5611235334e-02 2.7822922810e-01 2.5591515341e-01 1.6932571041e-01 2.4818999735e-01 2.9062031401e-01 -1.4191056200e-01 1.3392705102e-01 6.5141385514e-02 -1.5423578066e-01 2.5809896680e-01 4.8652364500e-02 -1.8371491863e-01 -4.7992561937e-02 -1.0541869662e-01 -1.7169837307e-01 2.6272078130e-02 1.0994243692e-01 2.6108789001e-01 1.5804819620e-01 -2.1263325527e-01 5.2692833049e-02 2.3209757126e-01 -4.0282344300e-01 9.2891293380e-02 8.3678368819e-02 -5.1883821872e-02 7.4476905172e-02 1.6163179617e-01
3.0745922265e-01 8.6983886753e-02 -8.8335186933e-02 -3.7579232159e-03 2.0046465531e-01 -2.0896139590e-01 6.5660124284e-02 -8.0934509847e-03 2.1410892326e-01 -2.5669396043e-01 -3.2265976090e-01 8.5655585071e-02 -5.1798618466e-02 1.7406606945e-01 8.8453762824e-02 -1.0663726055e-01 -2.2753240466e-01 -2.1931922830e-01 -1.4847423829e-02 1.0916572661e-01 1.8024028322e-01 -2.6153329520e-02 -5.8340217060e-02 -3.0332473454e-02 -1.0163666825e-01 5.9269006524e-02 2.0608655712e-01 -4.4477577880e-01 1.4903408455e-01 -5.4739660625e-02 2.4975713585e-01 3.3271359119e-01
1.5730793679e-01 3.2727731844e-01 -7.2617475207e-02 -8.3853954126e-02 1.9851318308e-01 2.3131308299e-01 3.2020350445e-01 -1.2653879499e-01 -1.0717310227e-01 4.3187173707e-01 2.5381341979e-02 -2.0928642232e-02 -1.2169718664e-01 -5.0416358350e-02 -1.2200338692e-01 2.5518944512e-01 -7.5054803170e-02 -2.7679614197e-01 -1.5977974881e-01 -9.3087440130e-02 -1.6504118735e-01 -2.6170559507e-02 -3.1993956372e-01 1.3723712285e-01 5.4275731482e-02 -1.8650850057e-01 1.9116528726e-01 -2.8120997899e-01 -3.8944928719e-01 3.3534776493e-01 -9.2105437535e-02 2.2777916481e-01
