-6.9853265660e-01
1.4028330144e+00
1.9061659155e+00
-1.4060468432e+00
-5.9621677847e-01
-1.3197977948e+00
7.2322749022e-01
-6.4016316720e-01
-5.0050486928e-01
-2.7213460707e-01
-5.1255910365e-01
3.2309878011e-02
-1.0372633517e-01
9.3799187177e-01
6.6507085959e-01
7.9195772661e-01
7.6615004139e-01
-8.3905416077e-01
1.3475233161e+00
6.0170634680e-02
1.1074577032e+00
1.8457593603e+00
8.3615827697e-01
-1.1241517932e+00
1.3373786923e+00
-1.0474582119e+00
-2.8281524604e-01
5.9790939339e-01
-1.3079247819e+00
2.1308641752e+00
6.2155435029e-01
9.8270436984e-01
