-1.3660994753e-01 2.3324811814e-01 2.3561502082e-04 1.6821568406e-01 -1.7909226795e-01 4.1793252419e-01 -1.6268474273e-01 1.0014672173e-01 -1.3480993074e-01 2.5192696744e-01 -1.5064144143e-02 -1.0006904874e-01 -1.9073226945e-01 2.4298512172e-01 -1.0862525501e-01 -3.4106860371e-01
-3.1626510836e-01 5.9556163120e-01 -1.8105426722e-02 -2.7599613223e-02 -8.1195460226e-01 -2.7489747828e-01 3.7246033878e-02 -2.6025532047e-01 3.6690391981e-01 -5.0708009563e-02 1.0929514855e-01 1.3736352492e-01 -4.5085560977e-01 1.2286845532e-01 1.0467729650e-01 -4.1523236747e-01
8.9355298289e-02 2.4953939770e-01 3.2278522787e-01 -3.3058207911e-01 4.0056585858e-01 3.5449379201e-01 -5.8577646427e-02 1.4566635110e-01 1.4467045789e-01 1.2153860671e-02 -9.9283231833e-03 2.4965575922e-01 1.7171883164e-01 3.5510869864e-01 5.3528458238e-02 -1.5283878958e-01
3.8545431004e-01 -1.5622013295e-02 3.6604990431e-01 -1.8884513692e-01 3.3765524381e-02 -2.2618617523e-01 -1.2991024199e-01 -7.8935645250e-02 -2.1676638744e-01 -1.4606357314e-01 -1.7798835683e-01 1.2184500799e-01 -2.7499533324e-01 2.0688952017e-01 2.0445683255e-01 3.2341499136e-01
2.2473262125e-01 1.1283331427e-02 -7.9288078037e-02 -1.1703191547e-03 2.3959687249e-01 -3.6510024175e-01 9.2324618413e-02 1.0631916286e-02 -2.2265937091e-01 2.3657104190e-01 -1.0290690198e-01 -4.0807639483e-02 -1.2727251461e-01 -5.5419596535e-04 -2.6066855638e-01 1.6929913872e-01
1.1217198950e-01 -1.9407317867e-01 3.5735599803e-01 -1.6870324656e-01 1.1438430001e-01 3.6616021261e-01 1.3631199083e-01 1.0921818581e-01 1.3206970515e-02 1.1745108608e-01 9.1026082171e-02 1.9724518282e-02 -1.6817833035e-01 1.0491991661e-02 3.2149718189e-01 5.1564010101e-03
1.5394597605e-01 -3.6708515399e-01 -2.0048863025e-01 3.7564947376e-01 -4.0495573041e-03 2.2256358090e-01 -1.0521065368e-02 -1.7266418587e-01 -1.6201743584e-01 2.4740261284e-01 4.1164095278e-01 9.0278898553e-02 1.7644113232e-01 -3.7901746493e-01 1.0384072981e-01 1.8030783453e-01
1.2996041845e-01 -3.4100796352e-01 1.4660681887e-01 -1.8410991120e-01 5.3995304106e-02 -4.0452789248e-03 2.6231814870e-02 2.1826821415e-01 2.0210150007e-01 3.0423297134e-01 1.4443654232e-01 1.7019331948e-01 4.6741909106e-01 -3.0871477931e-01 -3.0422751240e-01 1.0003059790e-01
2.9785219282e-01 -1.2813059410e-01 -9.3293297982e-02 6.3214240793e-02 3.4375758057e-01 2.0757168023e-01 -9.6310245513e-03 -2.7202011332e-01 4.5231099937e-01 1.8938068844e-03 7.3396162811e-02 1.1319277157e-01 3.7045275534e-02 1.1806712986e-01 5.6012498925e-02 -2.1314894848e-01
1.6456946996e-02 9.1449922004e-02 -2.3829106176e-01 -1.4999900014e-01 -1.1370084946e-01 -1.4047494817e-01 4.1348359728e-01 -1.0300317487e-01 3.1664656187e-01 -1.5689938427e-01 -3.6212735537e-01 -8.2113408347e-02 -2.3667595370e-01 3.3049116174e-01 -1.4544671369e-01 -2.1181962213e-01
-2.1726588490e-01 -7.9107098599e-02 -1.3335797554e-01 4.1347395369e-03 2.3336706917e-01 -1.3848306343e-01 1.0438704068e-01 -2.2196133891e-01 -9.1796890717e-02 3.5773940681e-01 -2.2731441050e-01 8.5887873405e-04 -8.3718049377e-02 2.1760087220e-01 -1.0055913933e-01 -3.3398184869e-01
2.9243697687e-01 5.9142205394e-02 6.3499806467e-02 -4.1668991096e-01 -1.1882567782e-01 -1.0658813167e-01 1.7100657036e-01 -3.5265357855e-01 1.5507422907e-01 4.6325500355e-03 1.7293599123e-01 -9.9738337251e-02 3.0136070056e-01 2.0892424531e-01 3.8554144034e-01 -2.6805201203e-02
1.0176803142e-01 -7.0079035196e-02 -3.8081753444e-01 1.6567974727e-01 -6.8519505421e-02 -1.3298961919e-01 -6.7056407508e-02 -2.6073294304e-01 2.8906393483e-01 3.1110019376e-01 -1.1795740682e-02 -5.7352087982e-01 -8.5633815453e-02 -6.8664673713e-02 3.9774722525e-01 4.8559898871e-02
6.9637450511e-02 7.5923308952e-02 -9.0016024326e-02 2.4098692843e-01 -2.6472368602e-03 1.8320518205e-02 3.1273632858e-01 -9.9565537846e-02 -1.9246897044e-01 6.2098046524e-02 -4.6543199816e-01 -8.9702395100e-02 5.6729081013e-01 -3.6734677100e-01 -1.7848628139e-01 2.0395273726e-01
-4.4137888058e-02 -2.3313191166e-02 -2.0202593195e-01 1.4073131365e-02 3.1173398792e-01 8.2896155040e-02 -3.5430401666e-01 1.2736832135e-01 -4.8416152256e-02 2.0911042919e-01 3.3383140552e-02 -3.1863858630e-02 -2.6562381329e-01 -1.1879102125e-01 -4.0579835270e-01 -8.7263681662e-02
-7.6756664344e-02 -3.1983468722e-01 -1.7969809101e-01 2.1058507988e-01 6.2204348007e-03 1.9430565466e-01 -2.7526102000e-01 6.4453186047e-02 -1.2729682528e-01 2.2451872195e-01 -8.2387287305e-02 2.4993611559e-02 1.6323160688e-01 -2.8916499621e-01 -1.5002443594e-01 1.5166456288e-01
-2.7542098518e-01 5.1632731285e-02 -4.4247864763e-02 4.6680186034e-02 -1.1094820013e-01 2.0748090197e-02 -2.9543385102e-01 3.7076874719e-01 -3.0916288993e-01 -9.1418519792e-02 -1.9512834666e-01 -4.4804276128e-02 -2.1614908795e-01 8.4741147854e-03 3.6119739947e-01 -1.4842400129e-01
-3.8323641375e-01 -1.9351635539e-01 6.8861964424e-02 5.1373426020e-02 -2.2603224646e-01 -4.0816209694e-03 2.1415194384e-01 3.6352840383e-01 2.6515466522e-01 -1.4503177929e-01 -3.5386053550e-02 -4.5908216128e-02 -3.5117468527e-02 1.7938722636e-01 8.3916303080e-02 -9.4467727583e-02
-9.6207899755e-02 -1.9679265698e-01 9.9835018078e-02 4.1856536083e-01 2.5269759143e-01 7.5082328956e-02 -1.1695620086e-01 -1.7719372717e-01 6.8586083100e-02 2.6057675516e-01 -1.1110428994e-01 1.8656978378e-01 -1.8311037908e-01 4.7730085084e-02 -1.2995070759e-01 -1.7170524239e-01
-3.7323683867e-01 7.7484659731e-02 6.1069204173e-02 -1.2635819103e-01 3.3154245086e-02 2.5878206207e-01 3.9748241306e-02 -8.8043810591e-02 1.3690280157e-01 9.0906416990e-02 1.6691114947e-02 -5.6894246263e-01 -2.5126472706e-03 -3.2171962470e-02 -2.1036554792e-02 -1.1133669086e-02
1.4475714073e-01 1.2374302497e-01 4.4507442940e-02 4.6945611630e-02 -3.4256078255e-01 -2.6642133319e-01 4.3067570545e-01 -1.6508596114e-01 -1.2393678449e-01 -9.8209211377e-02 3.1312537557e-01 2.9542320523e-01 -3.8730109392e-03 1.4051452092e-01 2.1640022463e-01 -1.2800604428e-02
1.0384706269e-01 -5.4588385232e-02 -3.0637853398e-01 1.9863693422e-01 1.6545696772e-02 8.4283112604e-02 2.3113956177e-01 -3.5838055808e-01 -1.4384591685e-02 7.5600428751e-02 4.1942542734e-01 -2.7101527051e-01 2.0734172116e-01 2.9644038436e-01 4.9885105884e-02 1.8977947883e-01
2.0508046013e-01 5.0916879926e-02 2.0989801673e-01 -1.9904132990e-01 -1.4061613005e-01 1.3384052936e-02 -3.7855367659e-02 -3.4856928335e-01 -3.8848063077e-01 -1.0035470029e-02 -1.4828033585e-01 -1.5176211596e-01 5.3202300157e-01 -2.7895685786e-01 2.3771520387e-01 -5.1183305294e-03
2.5378531297e-02 -1.8107890425e-01 -2.1000166997e-01 2.3404497242e-01 -9.1980156939e-02 5.3722794987e-02 -8.0454625251e-02 -3.4005842327e-01 -1.5050312997e-01 4.0334165888e-02 -1.9033283418e-02 -7.1484371185e-02 -3.1655801193e-01 -1.7215138842e-01 1.4770890023e-02 -2.2509234031e-02
