-3.6884592393e-01 1.6624515318e-01 -2.1535146096e-01 1.5603661466e-01 -2.0963917649e-01 -3.7650848727e-01 -9.6321594182e-02 -1.8689498283e-01 -2.4628734043e-01 -1.8503901083e-01 -3.8023856512e-01 2.4948343010e-01 9.5827108934e-02 7.1149328343e-02 -4.5405287792e-03 2.0101729146e-01 -2.1908674334e-01 -4.9509546754e-01 3.0560627009e-01 -1.7500856134e-01 -1.7991417043e-01 1.0400675774e-01 -1.7689712731e-01 -7.0212130549e-02
-2.5648080652e-01 1.8265029796e-01 6.6799141032e-02 -3.0471816821e-01 1.1992120420e-02 -1.0461554370e-01 1.1623347605e-01 -2.0135743519e-01 -1.3597487342e-01 1.7004374747e-01 -6.1020910014e-01 4.5973649164e-02 -3.6027707546e-01 3.7671773142e-02 8.8269132878e-02 6.2348113823e-02 -9.3368794486e-02 -1.1527784638e-01 8.9042145880e-02 1.9063825968e-01 -1.3814463385e-01 1.3181530372e-01 -1.6318493419e-01 -3.4925206156e-01
3.4086498550e-01 2.2544536957e-01 7.4774292808e-02 9.6546708328e-02 -4.0998488517e-01 9.9299883098e-02 1.3488120429e-01 -2.3804618207e-02 1.1488800814e-03 -1.7446775069e-01 -2.0092665539e-01 1.4897628243e-01 -2.3611687485e-01 1.2477754805e-01 9.6863576480e-02 1.3847153516e-01 4.2311981161e-02 -2.4142083966e-01 -1.0064625170e-01 -2.7440573871e-01 1.9969565344e-01 1.1337244733e-02 9.1663406171e-02 1.4758976102e-01
1.1010416968e-01 -3.3562374397e-01 -3.0932128649e-01 -1.1529680301e-01 4.0048024192e-01 -3.1870581276e-01 -1.4499995755e-03 1.5557705548e-01 -1.3302493266e-01 -3.0515757481e-01 -4.2733143060e-01 5.1669801514e-01 -8.0991522616e-02 -2.1466313146e-02 2.1330914913e-02 2.0742154499e-01 1.1149721524e-01 -1.8661408453e-01 -1.1772492446e-01 2.3614678079e-01 2.5798670766e-01 3.5996311096e-01 -2.7961942588e-01 -2.0350695272e-01
1.7059830143e-01 -1.2165985254e-01 -1.4238141982e-01 5.4560690848e-02 3.5356943828e-01 -2.7156885088e-01 4.1777005560e-02 1.5279507485e-01 2.5524703964e-01 -2.1362711673e-01 -1.8364673451e-01 -1.4209469188e-01 1.6296948870e-01 -3.6890041688e-01 1.9417572563e-03 1.2378705816e-01 -4.1268426117e-01 -1.6260754755e-01 1.8640393564e-01 2.0777966367e-02 -4.3513874319e-02 -1.6408229686e-01 2.5414814648e-01 -7.6205436173e-02
-1.7174046170e-01 2.4338939516e-01 8.4085006461e-02 7.2298279772e-02 -5.9310079959e-01 5.9957117531e-02 5.2418215342e-02 1.5172059556e-01 -3.1878072119e-02 1.3157461110e-01 2.2081088087e-01 2.6200006701e-01 -2.4512317760e-01 -1.1300142516e-01 1.6327846347e-01 5.0245232846e-02 2.1629478883e-03 -4.0110730524e-01 -2.5762560575e-02 -1.9673981648e-01 6.4415866556e-02 9.9969002395e-02 -5.3216744873e-02 -4.5360470929e-02
-2.3889647630e-01 -1.7352497737e-01 -9.6123783843e-03 7.0745549318e-02 1.1027362134e-01 2.6710713761e-02 4.6473741496e-02 -3.7864861386e-01 -1.0910825806e-01 -1.0387827683e-01 3.8148759352e-01 -7.6990255655e-02 -4.9661493198e-02 -1.1776532500e-01 9.0857036868e-03 4.4209612967e-02 3.3133874741e-01 -1.2434165657e-01 -5.4500117034e-02 2.2538119337e-01 -1.7468334418e-01 -3.7284184786e-02 1.0079541875e-02 -3.7742005670e-02
-7.1193871921e-02 -1.0618926433e-01 1.2808072284e-01 7.4633104615e-02 4.8871280660e-01 7.6502011863e-02 -1.6410837831e-01 2.1416761215e-01 4.0471037916e-02 -4.6467604575e-01 -2.9618455427e-01 -1.5056189765e-01 -1.7722899850e-01 -1.7172646693e-01 1.0780006871e-01 3.0090888316e-02 -2.1739544514e-01 -1.3202051798e-01 1.9759114218e-01 -3.2689529209e-01 1.8618326405e-01 1.1884770399e-01 2.1044170419e-01 1.3962172690e-01
1.5681456914e-01 -1.9035461643e-02 -3.4825537778e-01 5.0009456337e-02 -1.7945876069e-01 1.0450324591e-01 -5.5787986632e-02 1.0693642300e-01 2.0700697110e-01 -2.8638323673e-01 2.7701140826e-01 2.3355302022e-01 -3.0382701809e-01 1.7679786843e-01 -7.5301495734e-02 2.5150227195e-01 -5.4003865126e-02 -6.6733071931e-02 1.1208156340e-01 -1.2192950909e-01 9.4384450171e-03 -5.9888757247e-02 6.0139402346e-02 1.2527504892e-01
4.0835491210e-01 2.7922563586e-01 9.2429161370e-02 1.5033818544e-01 -2.1893260813e-01 2.7880292302e-01 -2.6729070678e-01 1.5693758087e-01 1.3586780376e-02 -2.3820388098e-01 3.9357963906e-01 -3.0884032167e-01 -1.5794011179e-01 1.9584406344e-02 4.2473536053e-02 1.0241149386e-01 9.5059723848e-03 -5.3225689142e-02 -1.1085613418e-01 2.1494058576e-01 -2.6983391197e-01 -2.4424043213e-01 2.4534490864e-01 -1.8770259500e-01
2.6650781108e-02 -4.4132595045e-02 1.1380637640e-01 2.7727432936e-01 -6.8611694747e-02 2.9901682447e-01 3.4681471514e-02 -3.5537620674e-02 2.9392187544e-01 2.8782693304e-02 -8.3114099557e-02 1.3796875833e-01 3.0063632569e-01 -9.1496996556e-02 5.3002856852e-01 -1.1398623416e-01 -5.6171584365e-02 8.8584161277e-02 -3.4747040153e-01 9.5453391197e-03 -9.7779293363e-03 -4.1777154089e-03 5.8558947644e-02 -3.4780744462e-01
-2.3895170766e-01 -4.4216680757e-01 -5.5308220441e-02 5.0026371722e-01 1.6520978057e-01 -1.2319255890e-02 1.9124084425e-01 -3.1336335193e-01 3.0782258035e-01 -1.8888504644e-01 -4.2038015029e-02 1.3503544880e-01 1.5931548457e-01 3.9412412100e-01 -1.1792887118e-01 -2.5774150488e-02 9.8604792765e-02 9.4080088585e-02 1.9279858051e-01 3.5845524979e-01 1.4666626689e-01 2.8872541170e-02 3.4910063889e-01 5.6187160022e-01
-1.6716422798e-01 4.6281190046e-01 2.6169642135e-01 -9.3870779055e-02 2.5032306741e-01 5.9535398494e-02 3.2071075288e-01 -1.2929983088e-01 3.0637781616e-01 2.7153044155e-01 6.0617142046e-02 5.5423920086e-02 3.3271921627e-01 1.9455354147e-01 -4.6349902931e-02 1.0701230201e-01 -1.1375056379e-01 1.7782488673e-01 -4.7477521055e-02 -1.5814798662e-01 8.8699652267e-02 1.2610222830e-01 4.3016019952e-01 -1.7226932211e-01
-3.8626552189e-01 -1.8178193185e-01 -1.3736943540e-01 -3.2055982319e-03 2.3421534639e-01 -5.3974828128e-02 -2.5169386042e-01 3.3195506628e-01 1.5816800037e-01 -1.6741824841e-01 3.2574628995e-02 -5.2413128915e-02 -1.8093994064e-01 -1.7914916459e-01 7.7871160368e-02 1.4387055652e-01 5.9977574849e-02 -2.0768223623e-01 1.2538683041e-01 1.4080027567e-01 2.5340459684e-01 -3.8535474549e-01 6.3811901845e-02 2.1658992126e-02
4.2944512166e-01 3.3803986339e-02 -2.7163057310e-01 -7.4990412802e-02 -1.1136226787e-02 4.3279183020e-01 1.8130663848e-01 1.9933222472e-01 -1.8458259713e-02 -1.6779049002e-01 4.1093556644e-01 -1.9975441270e-01 -2.1517987024e-01 2.0260288382e-01 1.1288786766e-01 3.3155246452e-01 3.7921188896e-01 -2.3831538611e-01 -4.5887833329e-02 -2.3322672906e-01 4.3380775295e-03 -1.0069936282e-01 1.8216603815e-01 -1.3360462452e-02
3.6470740447e-01 2.1332755784e-01 1.9545787272e-01 2.1192820346e-01 -2.5988488524e-01 1.8359592434e-01 -2.5751206049e-02 3.8500217066e-04 -2.1280800294e-02 2.7656426159e-01 -2.0637653437e-02 -1.0718780548e-01 -3.5923839864e-02 -1.6156004833e-01 -1.9478764422e-01 1.1480994542e-01 -3.6490807152e-01 5.0438227212e-01 1.0818264268e-01 -1.6485334355e-01 1.4291932426e-01 -1.7871725926e-01 -9.3076517146e-02 1.6045369419e-01
-4.9613474257e-01 -1.4620564533e-01 2.1445746043e-01 -3.3859425709e-01 -1.9291409796e-01 -2.1686073723e-01 -4.8675737839e-02 1.5387971297e-02 1.7677302291e-01 1.3824120569e-01 -2.1430653867e-01 1.4978663909e-01 -1.1032639834e-01 -1.5113305437e-01 -4.4067141254e-02 5.7790210615e-02 -2.5516728264e-01 5.7447276747e-01 -3.3176574535e-01 -7.5373736885e-02 2.3372310915e-02 1.1068926997e-01 -4.8887844470e-01 -1.0018126650e-01
2.2868122042e-01 2.9058248001e-01 2.7833449680e-01 -5.8108475085e-02 2.2241968528e-01 -5.0996683754e-02 8.7133870269e-02 -1.5297116038e-02 -2.3764469133e-01 7.5714356445e-02 2.5354790170e-01 4.5703740792e-01 -6.5978530234e-02 -8.6062606858e-02 -2.2569023191e-01 -1.5856180229e-01 1.1067385393e-01 3.5472811014e-01 5.6836144543e-02 -1.5651653567e-01 1.3671966508e-01 -4.4010369626e-01 6.5318228857e-02 2.9200027276e-01
-1.0845475256e-01 9.4458728550e-02 -1.3866632904e-01 1.9563134707e-01 8.5938846953e-02 -1.3156917665e-01 -9.3936131987e-02 -9.0326960643e-02 -4.2818597208e-01 -1.5392721200e-01 6.2086193563e-01 2.8986653744e-03 -4.7579013196e-01 -8.1899737830e-02 -2.7189650421e-02 1.7740622432e-01 1.1821336156e-01 1.9799077055e-02 1.0417442384e-01 -5.2398975319e-02 -4.7795071173e-02 4.6002501641e-01 3.3060430657e-02 -1.8714909773e-01
2.6966160948e-01 -3.3408699818e-01 4.9079094974e-01 3.8628788519e-01 9.5209830894e-02 2.7961136331e-02 3.2866842260e-01 1.6806301746e-01 1.9904054718e-01 -4.1995427269e-02 -3.3100595134e-02 2.0390015545e-01 -3.7914145123e-01 1.3928852556e-01 -1.5416115379e-01 9.7131684955e-02 2.3513161662e-01 -5.9531212878e-02 -1.8710049515e-01 -3.1681141387e-01 2.3567545740e-01 -1.3664453304e-01 3.2713098840e-01 -2.2363014222e-01
1.7572589790e-01 -3.3585338002e-01 -9.4872861507e-02 4.3247852186e-01 -2.1014326045e-01 1.4370737624e-01 -9.9945468746e-02 2.0965501301e-01 5.1968816728e-02 2.4559692547e-01 1.9257778061e-01 -1.1952083090e-01 -8.6914601648e-03 -2.0763755336e-01 -3.5544963399e-02 5.8482328662e-02 -4.3450080238e-02 2.7920100455e-01 1.1818764222e-01 5.5596715665e-02 -1.4599634634e-01 -2.8449783573e-01 4.7245806397e-02 -1.0362747636e-01
-6.2961976025e-02 2.0100561520e-02 -2.4359835965e-01 -1.4118288044e-02 1.3426440632e-01 1.9188152160e-01 1.0263445447e-02 -6.6876035963e-02 -3.2741729772e-01 -5.8001315450e-01 4.4694043926e-02 2.8774836019e-01 -9.2057555754e-02 -1.0001838788e-02 -1.9038402663e-01 3.4889726650e-02 -7.9703809234e-02 4.4895361340e-01 2.5964664491e-01 -9.4721720235e-02 2.4766051456e-01 -2.5841080994e-01 1.8739473758e-01 6.3941974988e-02
8.9372865755e-02 -6.7907567002e-02 2.4267302261e-01 6.0525291156e-03 1.8610762764e-01 1.9480730330e-03 1.8518493600e-02 1.9057629589e-01 2.9068724404e-01 -1.4619512388e-02 -1.6311677788e-01 1.9773889243e-01 -2.4285403766e-01 8.1042246723e-03 -7.3122203688e-02 -5.6747812316e-02 -2.0596612971e-01 1.7286797319e-01 1.6256618838e-01 -2.4195247992e-01 1.9695601246e-01 1.6677298381e-01 3.8396699612e-02 -2.5582055767e-01
5.1530890807e-01 -4.8630348559e-01 2.5489362693e-01 3.6510469074e-01 1.9272647105e-01 3.1576062309e-02 2.7245761625e-01 2.4304843552e-01 -1.5867765285e-01 -2.8629352151e-01 1.2753006407e-01 9.1029363826e-03 1.9069845463e-01 3.8662035078e-01 -2.2289092373e-01 -6.9096140616e-04 -3.4606381706e-02 -2.8420238281e-01 -5.6710699230e-02 -3.4248285874e-02 -1.1361828810e-01 -2.9340450863e-04 8.3505395838e-02 -2.5539882110e-01
