-6.5431825774e-01
-4.8871765206e-01
7.4637566337e-01
-1.0155589989e+00
-1.0910634488e+00
7.7180169907e-01
7.6111968446e-01
-1.0170693507e+00
-3.0753049061e-02
-2.4616068492e-01
-1.2693945868e-02
-3.1365276861e-01
-1.2711618578e+00
9.2953008967e-01
1.4715691560e+00
4.0681073007e-01
1.8127506487e+00
2.0977138251e-02
-3.9398806283e-01
-5.4926490314e-02
7.3788689054e-01
-1.6743573484e-01
1.3508028840e-01
5.5443203960e-01
6.1382026500e-01
1.9969007597e+00
5.5019946807e-01
2.5619971693e-02
-2.4861227669e+00
6.3837811954e-01
9.2701415070e-01
-2.6926961214e-01
