1.9498712636e-01 -2.4272516141e-01 9.3655867398e-02 2.1409401888e-01 -1.6223915027e-01 2.6438105982e-01 7.7053562638e-03 -2.3762331808e-01 4.1614149367e-01 -3.6098212236e-01 3.9759971376e-01 1.5941847694e-01 -4.6750247839e-02 -6.8803848126e-02 2.4397112177e-02 -1.7134305142e-01 5.5768217443e-02 1.0157567904e-01 2.9884425121e-02 -1.9507896296e-01 -9.6774991402e-02 4.6207321450e-01 -1.1715558027e-01 -1.7460837844e-01
-2.1028712256e-01 1.0123889840e-01 -1.3349189340e-01 1.5683860970e-01 -1.7575197103e-02 1.1967977798e-01 -1.5786882745e-01 -6.7213510255e-01 -2.7676308823e-01 -4.1056642843e-02 -2.1472570161e-01 1.1779331380e-01 3.3697515691e-01 9.9113725659e-02 3.2987931865e-01 1.8436598043e-01 -2.2443067967e-01 1.8812287895e-01 5.5971198938e-03 -8.7345969797e-02 2.0049728147e-01 -5.1815915827e-02 -4.8443356459e-02 -4.2555853668e-01
-3.2568992157e-01 -2.9606547645e-02 -2.1424124928e-03 1.7144479738e-01 2.1289472343e-01 4.1748263138e-01 7.7311060117e-02 -4.2033782420e-02 -6.8649513176e-02 3.0777748187e-01 2.7950522654e-01 3.6132587016e-01 2.0229346187e-01 3.5742303716e-01 1.2662429702e-01 1.9631316975e-01 -7.3448928843e-02 -2.5206213977e-02 1.8364118117e-01 -2.5378322976e-03 1.5936236569e-01 1.2575638314e-02 5.7552539818e-02 2.0427812758e-01
8.2702198954e-02 7.7357868406e-02 -2.1632904242e-01 1.1680462915e-01 -2.6156319682e-01 -6.1238173473e-02 -1.2898095520e-01 -8.9058241067e-02 -6.3148623464e-02 -6.9049960968e-02 -1.6177923652e-01 -8.2596073400e-02 -1.7814810505e-01 -9.4069260511e-03 1.1515348763e-01 1.8110132750e-02 2.6470327372e-01 4.3648203359e-02 -3.4119657434e-02 1.2461067719e-01 -1.8659398920e-01 4.1578072077e-01 -1.2037600175e-01 3.6411301283e-01
9.5650717625e-03 -7.2137445450e-01 2.2799182826e-01 -9.7187943302e-03 -1.4392048820e-01 -1.2879596344e-01 -5.1272603675e-02 5.6967580810e-02 1.2786828746e-02 -9.1899990637e-02 -1.0509495385e-01 -3.8888627311e-02 -1.2471135779e-01 -2.1610379863e-01 3.6060908531e-01 5.2525125553e-02 2.8802584022e-01 -1.2305889637e-02 -3.6326828600e-01 -3.6846085418e-02 9.5545281443e-02 -1.5713399586e-01 -5.2503491764e-02 -3.7890197218e-02
1.8894412360e-01 1.0896541785e-01 -8.6155483505e-02 -3.4761752133e-02 2.6619330695e-01 3.3442043641e-01 4.0352291405e-01 -2.7966799147e-01 2.2971357247e-01 3.7633873731e-01 3.1806663506e-01 -9.2856764424e-02 -1.7013486185e-01 1.4952047692e-01 5.7297339201e-02 6.3478223077e-02 2.9092465938e-01 -1.3960833984e-01 -2.0378309327e-01 -4.2568434954e-02 1.3736897839e-01 1.4871533371e-01 1.6361575305e-01 -3.4472185266e-01
8.0851751220e-02 9.3708031762e-02 -8.0389683435e-02 -1.1585442614e-01 -2.1332347418e-02 -5.6303663599e-02 -4.1243231476e-02 -3.1435853773e-01 -1.9781534382e-01 4.8562024626e-02 4.6314145308e-01 3.5466935585e-01 -5.9185323716e-02 1.0627610580e-01 3.8240805374e-02 -1.7638745532e-02 -2.5673707831e-01 -2.5182245714e-01 -3.7235396083e-01 3.5561704480e-01 8.6905211311e-02 1.1000091339e-02 -9.7730203145e-02 3.4909572619e-01
3.7353007837e-01 1.5242893992e-01 -5.5853391989e-01 2.8259719443e-01 -4.8057188038e-02 -1.0333522596e-01 2.9491260371e-01 1.9450719073e-02 3.6647415129e-02 -1.5713611201e-01 1.8158762238e-02 2.7050507140e-01 -4.1053011993e-01 1.4877729824e-01 1.4728578077e-01 -5.0496602046e-01 2.9004897879e-01 -3.7661229084e-01 -1.7870323283e-01 -1.3655899769e-01 -9.2168678366e-02 -9.1137825833e-02 -1.2074062395e-02 -2.6025303374e-01
8.9598330120e-03 -2.6518831626e-01 -2.8782907100e-01 9.2681236400e-02 -1.1299057481e-02 -1.3667486164e-01 -2.1705614080e-01 -2.6716969967e-02 -1.5746703275e-01 5.6044372413e-02 5.0710162628e-01 -1.8758632753e-01 -8.2354920250e-02 -1.1462744845e-01 -1.3521994407e-01 8.3647480385e-02 -2.1058934551e-01 3.0420240960e-02 -1.2506710931e-01 -3.9167007607e-01 5.7135304200e-02 9.1451915802e-02 -1.5442147186e-01 -6.5022428366e-01
-3.6336971093e-03 7.4313710463e-02 -6.6718236707e-02 1.4752249878e-01 1.0561199545e-01 -9.3371735128e-02 4.6972858469e-01 -1.0771563721e-01 -1.9765031522e-01 -2.5149322166e-01 4.5789283609e-01 -1.3241815337e-01 -2.6861145560e-01 3.3040024769e-01 -3.6588875777e-01 2.6153815491e-01 1.5369242303e-01 -2.1926280078e-01 -7.3863620790e-02 3.0705283514e-01 -2.2540062440e-01 2.4403844921e-01 -2.5264250998e-02 -3.6776978214e-01
2.3847664555e-01 1.8827482531e-01 3.6749888178e-01 -4.5800003132e-03 3.2183098857e-01 -3.8005940070e-01 8.1369868546e-02 1.5359971031e-01 2.7758077841e-01 2.8523484283e-01 1.3014899070e-01 8.5266211962e-02 3.6040698019e-01 -2.8502053939e-01 -1.5581127412e-01 -3.2871690693e-01 -5.3162037781e-02 1.4259066190e-01 -1.5661024299e-01 -3.1875488481e-01 1.0643806523e-01 -2.9156781343e-01 -2.8745229210e-01 3.7088958482e-01
5.2351744746e-02 1.0785816511e-01 -4.1265939599e-01 2.7743335232e-01 -3.9396152386e-01 -2.3771835591e-01 -2.1750706755e-01 2.8967084437e-01 2.4121596565e-02 2.7283962596e-02 -2.1816584363e-01 1.4548996545e-02 -4.9745549798e-01 -1.3699407688e-01 6.3719345567e-02 -3.1721184924e-01 -1.4458100841e-01 1.2778170569e-01 -3.7582149341e-01 3.6535289484e-02 -2.4169088810e-01 3.3097169816e-02 -1.2640165180e-01 4.6309872079e-01
1.2847436353e-01 -1.5000445605e-01 3.7367493466e-01 -1.4084904691e-01 -1.1225955061e-01 -1.9051803712e-01 -3.8337850883e-01 -1.2875069232e-01 -8.8563290364e-02 1.3088029380e-01 1.7367587547e-02 9.0914481209e-02 7.0121047339e-02 -4.0835835455e-02 -1.3233884193e-02 -3.6693998029e-01 -1.6878835222e-01 -1.0676732806e-01 -3.0583638051e-01 -1.0216171536e-01 1.8352211089e-01 -2.5452832630e-01 1.2073387644e-02 7.7671448463e-02
5.3740578515e-02 3.2140827841e-01 -1.5292574019e-01 2.1281038175e-02 1.5447215600e-01 3.6005851339e-01 -5.4200058048e-02 -3.4497016746e-01 1.3308852961e-01 5.3693250111e-02 -2.4990221630e-01 1.6000026196e-01 7.2519147889e-02 -2.3623172998e-01 2.5299749391e-01 -3.3553679740e-01 -3.4140633416e-01 1.0116746929e-01 -1.9700392344e-01 2.9495375604e-01 2.2445322139e-01 -7.4108814706e-02 1.9986818858e-01 1.7565011008e-01
-3.1860966386e-03 -1.7203248586e-01 2.3276092546e-01 -1.1604832111e-01 1.0114211759e-01 9.3637160719e-03 -7.6735564220e-02 -6.0050689779e-01 -3.1252696284e-02 3.1205729636e-01 2.2322515303e-01 -2.5403563473e-01 2.0561062561e-01 5.9018298060e-02 -5.1154563516e-02 -1.1998384205e-01 2.0683395595e-01 7.7833032334e-02 1.0413265219e-01 -4.9024050016e-02 2.2122363549e-01 -1.1472808365e-01 -2.6563268007e-01 -2.6295067465e-01
-6.8670010387e-02 2.7194329460e-01 1.2554637780e-01 1.2081570328e-02 -4.2501834614e-02 2.3045324475e-02 2.5230598787e-01 -6.0329629662e-01 -1.3933643953e-01 -3.0525278172e-01 8.8451419764e-02 1.3833830577e-01 1.2528365828e-01 5.1187042661e-02 -9.2386673401e-02 -3.0695980331e-02 1.4774795518e-01 1.9916991761e-02 -1.5903022590e-01 -5.6500352888e-02 6.5951293393e-02 3.4055160571e-03 -2.5337995791e-03 -2.1138590075e-02
-9.5326333890e-02 1.2692054989e-01 2.8390281461e-01 1.8715155817e-01 -1.3806430223e-01 -1.7428673502e-01 2.6491295830e-01 1.2184810045e-01 -2.5956927892e-01 -2.7691212089e-01 6.2360464507e-02 3.9106600547e-01 -1.6312786799e-01 -6.8486849325e-02 6.8375837982e-02 -1.6257189902e-01 3.0197200911e-01 -2.2400780686e-01 2.4077329309e-02 -2.8800087288e-01 -2.9028459592e-01 6.1901933715e-03 -4.0657869732e-02 1.6745445961e-01
2.5829323812e-01 8.9071312076e-02 5.4942794776e-02 -6.7780377619e-03 9.5823047845e-02 1.3158958074e-01 -4.5034148264e-01 -1.3077737839e-01 -2.2935557984e-01 -3.0190300559e-01 -2.0084784291e-01 -2.1548346634e-01 -9.4639633779e-02 5.6471156938e-02 -5.9516568792e-01 1.6436547265e-01 3.3921321675e-01 2.3568313541e-01 4.7502654461e-02 -9.5400455974e-02 1.6640838954e-01 -1.6121365458e-02 -2.6813910410e-02 1.3810222187e-01
-1.0006975716e-01 -8.3397708536e-03 -9.2499499783e-02 -2.7874270195e-01 -1.2145247058e-01 -7.5562719650e-02 8.0836964647e-03 -2.2612058599e-01 -7.5485015229e-01 -5.1894604369e-02 -9.8531955440e-02 2.8737606420e-01 -1.1170661471e-02 2.6513652996e-02 2.4928124054e-02 -1.6613752856e-01 3.4999167832e-01 1.3770475245e-01 7.0682253395e-02 -1.8490379700e-01 -2.6442181348e-02 -4.1894915913e-01 -3.4413173513e-01 2.0004261936e-01
-4.4829125068e-02 -1.1974851396e-01 3.9468808239e-03 -1.1511661644e-01 -3.4895109847e-01 -2.4610367540e-01 -1.3598975582e-01 1.3754893855e-01 -2.6204049587e-02 1.2539409526e-01 2.0749503452e-01 1.7662243434e-03 3.2082773329e-02 -5.5828502870e-02 3.3121268761e-01 2.5911840564e-02 2.6311425915e-01 1.6556957756e-01 1.6690557267e-01 1.0194467256e-01 -3.4173222698e-01 -2.5811133945e-01 1.4261074007e-01 2.9035613328e-02
1.1083235043e-01 8.6603168995e-04 2.6609703563e-01 -1.4975049635e-01 1.2877578760e-01 3.3093934669e-02 -7.7620559032e-02 4.5209413017e-02 5.4874285002e-02 3.9491196991e-01 4.0460231627e-01 -4.4680417396e-01 -2.9459082538e-02 2.1606721693e-01 1.1740214865e-01 -1.9137345562e-01 -1.3835224304e-01 4.1403983728e-01 -1.0707137502e-01 -9.5965929104e-02 4.9201861990e-01 4.6213045442e-02 -2.9410220402e-01 -1.6638890468e-01
1.8061413812e-02 6.8294176284e-02 -2.5620795036e-01 4.7185022742e-02 1.9625063217e-01 7.9335269443e-02 -2.0608785240e-03 4.2534530681e-02 5.5825899721e-02 -1.5164547900e-01 1.4861031666e-01 -1.0873248000e-01 -5.1501138163e-03 2.3683342995e-01 -7.1573067935e-02 -8.8665822046e-02 -2.6514056391e-01 -3.7114146634e-01 -2.3851353708e-02 7.0999386016e-02 4.4484780249e-02 6.7261259235e-02 3.4011469779e-01 -6.1856725150e-02
5.3022669982e-02 -2.5424427249e-01 1.8934841186e-01 -3.6251578648e-01 -1.7865129370e-01 2.7106580530e-02 -1.3356624803e-01 3.1168684716e-01 3.2214041276e-01 8.3839387385e-02 -1.4903896718e-01 1.8469930834e-01 3.3737491304e-02 4.0460173195e-01 2.9575516270e-01 -2.5576026920e-03 -4.3870263761e-01 -1.0995190969e-01 -2.5777547059e-01 1.9335687732e-02 1.9579485693e-01 -1.7385976605e-01 -2.9326322746e-02 -2.9924731881e-01
-1.9898883511e-01 1.1122347853e-01 4.2108043754e-01 6.8007208625e-02 -5.7502402911e-02 -3.6777760303e-01 -6.4067131268e-02 -8.3814189123e-02 -4.0796095242e-02 5.9216446639e-02 -6.5327296310e-02 6.4372881568e-02 4.6708022963e-03 1.7530455154e-01 1.8336443270e-01 -1.9504040310e-01 6.2940894852e-02 -2.0199926074e-01 -1.8671477540e-01 1.2840697289e-01 1.6988092170e-02 -3.9594186415e-01 1.9235509029e-01 2.7907596284e-01
