3.5611572348e-01 1.3367789685e-01 -1.4940611823e-01 -6.4934024885e-02 4.9325437621e-01 -1.8381496583e-01 -1.7576883666e-01 -2.9250962559e-01 -1.1339142570e-01 9.1238094232e-02 2.0588905524e-01 4.7901370815e-02 -3.9162009877e-02 -8.2218885578e-02 1.1221731931e-01 1.2596254925e-01 -2.0150802212e-01 -3.2078320889e-01 1.3091012756e-01 1.3272890982e-02 3.5836935300e-01 -4.9634464019e-02 -8.2008653359e-02 2.4674866492e-01 -2.7490612045e-02 -6.5202251829e-01 -1.4110551161e-01 1.2862383764e-01 4.5938736846e-01 -1.7532941740e-01 1.1685130730e-01 -2.2183796201e-01
-3.5526333448e-01 6.7919405089e-02 -1.4135677961e-02 -3.2002408905e-02 -1.5450413775e-01 9.6463943883e-02 2.6364381866e-01 2.8836805750e-01 1.8901015835e-01 3.0191705153e-02 2.7989209859e-02 2.0037019729e-01 2.4858397146e-02 -8.2961323948e-02 6.5375943375e-02 1.1358909879e-01 2.1794223218e-01 2.2553943089e-01 1.0516953410e-01 -4.4795349822e-02 2.4211087011e-01 -2.2144198243e-01 -4.2603481682e-03 6.9947659648e-02 -1.4055969761e-01 2.5636391381e-01 -4.8242893783e-01 1.8093555138e-01 -9.6955158125e-02 3.6674934404e-01 3.5728812724e-01 3.8322818991e-02
-1.9574226049e-01 -4.0840322210e-02 5.7411005602e-02 4.1117753606e-02 -4.0697418965e-02 1.1454907396e-01 4.0990731192e-02 1.1076824247e-01 9.8468362246e-02 -1.7819555689e-01 -1.5105791060e-01 -1.9266943767e-01 1.3926836748e-01 1.6366178713e-01 -3.4386256603e-01 -1.1318692965e-01 6.9158690950e-02 -1.8075242296e-01 -1.5386280036e-01 -2.1804262344e-01 -8.1286506253e-02 -7.0421233390e-02 1.4952129714e-02 -8.3727117997e-02 1.7133943768e-01 1.9211895794e-01 -1.8763398982e-02 4.6289329646e-03 1.3999069554e-02 2.3367773834e-01 1.8352820229e-02 6.2267247784e-02
3.6908542086e-03 -1.5995711537e-01 -1.6807493229e-03 1.5171940025e-01 1.5188564713e-01 -5.5913934475e-02 -1.2072372025e-01 4.5028973721e-03 -1.7894444940e-01 3.6478296391e-01 3.0090066601e-02 3.3135507814e-01 1.2622304442e-01 3.0746326396e-01 2.1003773960e-01 3.1983297142e-03 -1.7096280976e-01 3.1039290808e-01 3.1125708457e-01 3.9097145069e-01 1.6418060223e-01 2.0976466726e-01 -5.0918158165e-02 1.4367078543e-01 1.4095099347e-01 -7.3584678051e-01 4.8169917143e-02 -2.1884900050e-01 9.1701253860e-02 2.7285826062e-01 -3.2205895442e-01 -1.3446849424e-01
-4.4847396729e-02 -4.3660987338e-02 -1.8013867006e-01 -2.1261099282e-01 -1.9839103821e-01 6.7702278355e-03 1.3824347873e-01 3.9197731715e-01 3.4423255078e-01 -4.4746684802e-02 3.5351858207e-02 -2.0049608172e-01 -3.4390189377e-01 2.3003304784e-01 3.4169556275e-01 4.0868236731e-01 2.1890264173e-01 9.1572857984e-02 -4.0716320747e-02 -1.9031620688e-01 3.6259756022e-02 -7.2583846933e-02 3.3313363870e-01 -1.2474192824e-01 -1.5815905250e-01 2.3225421247e-01 2.0765930381e-01 1.0976870987e-01 -2.5678232081e-01 -3.2485364836e-02 -7.3610217735e-04 3.7129026257e-01
-2.5184197080e-02 3.7809291741e-02 8.2066428174e-03 -3.7474587917e-02 9.5394966203e-02 -3.2354103442e-01 1.4406468656e-01 -3.8535221025e-01 -1.8021835645e-01 -6.8659361212e-02 -1.2899274350e-01 -3.4765103679e-01 7.1005545691e-02 1.2988207231e-01 -3.1580042080e-01 1.3411716101e-01 -9.9255632710e-02 1.0833931253e-01 -1.8269426426e-01 5.8430288259e-02 -9.2663680127e-02 1.2405204471e-01 6.0352504078e-03 -1.4921560513e-01 6.3373117867e-02 -3.2730538987e-01 3.1694276379e-03 -4.9712591899e-02 1.1220934682e-02 2.3608598481e-01 2.8745627699e-02 1.5511862165e-02
-7.2287167703e-02 9.1629514462e-02 -7.0366239983e-02 -4.7050380350e-02 1.0604964302e-01 1.7869190434e-01 -5.5538453091e-01 -1.0899078378e-01 1.6026804432e-01 -1.6527331744e-01 -5.2971593258e-02 -4.3694110982e-02 -9.5213971390e-02 2.3095880664e-01 7.3044520780e-02 9.0210652726e-03 3.6731822324e-02 3.7459348634e-02 -1.9209191891e-01 1.3261295114e-01 -1.8624935525e-02 1.6697104981e-01 -2.3662960583e-02 2.1131900172e-01 1.4420454274e-01 1.4528874549e-02 6.8850955095e-02 1.0250577659e-01 1.1266869904e-01 -2.1473683046e-02 2.6000316125e-01 4.1407810129e-02
2.4456411232e-01 5.3295009782e-02 -6.5337631640e-02 -9.5355738028e-02 -2.3996358550e-01 1.8620930754e-02 -1.3834207054e-01 -1.0359257195e-01 -1.0235807470e-01 -1.3378485401e-01 7.4464957085e-02 1.4289484125e-01 -1.0367881413e-01 -2.4012819547e-01 2.5508360599e-01 4.1020097447e-02 2.4541790519e-01 9.7184550260e-02 1.0772794771e-02 2.5042133530e-01 3.4917672660e-02 2.3783955762e-02 -2.7735517875e-02 2.4177152140e-01 -8.3018652574e-02 1.1412225898e-01 -1.3518490696e-01 -1.8214672167e-01 1.2415558025e-01 -2.3328265649e-01 -2.0704920022e-01 3.4176095329e-01
2.2662878906e-02 -1.7405033100e-01 2.3576388556e-04 1.3259764920e-01 1.9744756756e-01 2.1176560747e-01 1.0396664705e-01 8.1325786746e-02 -1.1216129310e-01 3.5465513917e-01 5.9721548514e-02 -1.7918199963e-01 -6.0786352407e-02 -8.6204109941e-02 -2.9528909496e-02 -1.4122452781e-01 7.6794995305e-02 2.9230325201e-02 -4.0312851471e-01 1.2010414130e-01 -9.2385284462e-03 -1.3274899276e-01 1.5789467928e-01 -2.6532374481e-01 9.6360877196e-02 2.0536823614e-01 -2.0482134263e-01 4.2962547111e-02 1.9725202597e-01 1.7694706375e-01 -8.2053658295e-02 1.6550432849e-01
-3.1245733048e-01 1.4960092760e-01 -7.5763514485e-02 5.1560124922e-01 -1.2751576679e-01 -1.0534752767e-02 -1.8820404990e-02 -3.3273912214e-02 4.6459303484e-02 1.7921698743e-01 1.6781977290e-01 6.0442158024e-02 8.9176571567e-02 2.3245205425e-02 -7.7587308157e-02 3.8678876042e-02 6.6099932527e-03 1.7421477506e-02 1.0933644808e-01 2.1320332757e-01 1.3261709630e-01 2.8576863396e-01 -1.4770320413e-02 -7.7040220352e-02 -3.0292426147e-01 -3.1672835776e-01 1.0645706258e-01 9.4394098972e-02 6.5362632205e-02 3.5854833231e-01 1.2019554522e-02 1.6957874347e-02
7.1000241413e-02 3.1787565192e-01 1.6386584461e-01 1.0277196692e-01 -1.9039300844e-01 -1.3541565741e-01 -5.3409985240e-02 1.3098547528e-01 -1.5580028773e-01 -8.1821659194e-02 -2.5635934142e-01 1.8893932684e-01 3.1215689223e-01 -6.1506907060e-02 -3.3565928001e-02 -1.5680261508e-01 5.4822896154e-02 -1.7766266768e-01 -7.9163426540e-02 7.6318268514e-02 -1.1937238495e-01 -8.0438707148e-02 -1.8001752545e-01 -2.1470922639e-01 3.3152989240e-02 -2.4133426940e-01 2.8484017920e-03 -4.7218317775e-01 -2.5307729193e-01 -1.2956268438e-01 -9.6886477806e-02 1.0189713699e-01
-1.6996949194e-01 1.5158412074e-01 1.7345852394e-01 2.9675185738e-01 -3.4961525869e-02 1.3861717424e-01 -7.2392087015e-02 2.6576976913e-01 -1.6536809728e-01 2.2992748411e-01 9.9699151429e-02 2.2468147131e-01 1.0652855271e-01 3.2521780725e-01 2.8706822421e-01 1.2531465305e-01 -2.2179267097e-01 -9.6710055119e-02 9.4230430680e-02 5.0080035359e-02 1.0534460723e-01 -5.5840450213e-02 -2.1477084983e-01 9.4846226717e-02 5.6037950590e-02 -2.8435192764e-01 -2.0298740264e-01 -7.4694108243e-02 -1.1806459538e-01 -4.8750419653e-02 -2.7661345256e-01 1.5448321380e-01
1.4320196938e-01 -2.2449496928e-01 -1.1619317012e-01 -3.8954737868e-02 1.5446552664e-01 -3.5109819688e-01 2.7561262674e-01 1.8925304711e-01 -3.7101992245e-01 -9.7967742974e-02 2.2724147462e-01 2.3691078708e-01 -1.2332997934e-01 1.7151705303e-01 -2.1198160805e-01 4.1610520714e-02 -4.0540596624e-02 1.5907395922e-01 2.6077812112e-02 -1.3461405707e-01 1.5350501174e-02 -1.8194082417e-01 1.7244010364e-02 7.8554229073e-02 9.7434048321e-02 1.5255725693e-01 -6.7867380233e-02 -6.9161974676e-02 2.1224292011e-01 1.4188659180e-01 2.0830414689e-01 5.0907619300e-02
3.9638660617e-02 6.5106962767e-02 1.2431564742e-01 -2.0136115480e-01 -1.7815742569e-01 1.8024957971e-01 3.9993764085e-02 7.6207645379e-02 -8.8008547252e-02 1.8660647406e-01 -1.3120449265e-01 2.8678778476e-01 2.2899981069e-01 -1.3853340330e-01 2.4707903366e-01 -4.2478762245e-02 8.8719796725e-02 3.8590818847e-02 -1.5443674323e-01 7.3335329704e-02 -8.8754667230e-02 2.1994856604e-01 2.8207979387e-01 4.4039574789e-02 9.9957432631e-02 1.6461743061e-01 -2.5264126031e-01 -2.9632227444e-02 3.4291360280e-02 -4.3730621681e-02 5.9432302161e-02 -6.1725293068e-02
-1.4527145170e-01 4.9554115506e-02 -1.3389910396e-01 3.2687666238e-01 8.0592069415e-02 1.1467438761e-02 8.5239509542e-03 8.5162465812e-02 -2.5862482756e-01 -4.6568594803e-02 -3.4108033187e-01 -1.5012989568e-03 -1.2621927699e-01 1.4025098331e-01 -2.0866042811e-01 -3.1969908546e-02 -7.2537215130e-02 6.3255444642e-02 -1.7015290902e-01 -3.6835358222e-02 -2.1637991171e-02 -2.1740026691e-02 1.0471130530e-01 -1.6538077440e-02 1.1245171379e-01 7.6138790164e-02 1.4385693194e-02 2.2358831192e-02 2.5846040960e-02 9.5053211746e-02 3.2116986735e-01 2.9719060693e-01
1.4623337039e-01 -7.6012626700e-02 6.3024676244e-02 6.8115612179e-02 8.7028119471e-02 2.4621532928e-02 4.8648911555e-02 1.1927452233e-01 -5.1254424589e-02 -3.3631770053e-01 -2.5030290932e-01 -3.9897941987e-02 -1.7422726766e-01 -1.0738046953e-01 9.9662155173e-02 -4.0873269792e-02 -8.1864600008e-02 9.3233143313e-02 1.9152834671e-01 -5.4977338231e-02 -1.5177085022e-01 8.3193677009e-05 -2.0094581708e-01 -7.3059739845e-02 -1.9336776323e-01 -1.0923300680e-01 1.5615780037e-01 7.6226491257e-02 5.5229322451e-02 1.8667123084e-02 -3.3770454261e-02 1.7395933405e-01
2.4893340537e-03 -3.3962751150e-01 5.5736909253e-02 -1.9925429924e-03 4.2799186574e-01 -3.4035232806e-01 -1.3614600781e-01 -7.5178810944e-02 -2.2168810365e-01 1.1351948772e-01 -9.6358869206e-02 5.9008429182e-02 -1.7482701894e-01 -2.8731148905e-01 4.1248151355e-02 -6.2834522768e-02 9.9370901371e-02 -1.2468660441e-01 2.2857311915e-01 2.1870950077e-01 1.0216755826e-01 6.3977618625e-02 -1.2445414264e-01 1.9645170791e-01 1.1201594163e-01 -1.6655331908e-01 -4.4700110590e-02 -1.4572657011e-01 2.2784934583e-02 -1.0908275828e-01 -1.9726446092e-01 2.9190983212e-01
3.2344352314e-01 -1.6741822636e-01 4.9611341759e-01 -2.0570757554e-01 -1.2140713151e-01 -1.4490300969e-01 1.0273830966e-01 -1.3013155448e-01 1.4035532361e-01 1.0079456364e-01 3.6723090489e-01 1.4798893684e-01 2.1853577080e-01 2.5423748704e-01 2.3512040597e-01 -8.1324886382e-02 -2.3354187987e-01 1.8301166050e-01 6.9473318351e-02 1.5750235643e-02 5.5681229285e-01 4.4505015729e-02 7.5891715136e-02 -2.7511608456e-01 2.4188880813e-01 5.1152833957e-02 1.4026196867e-02 2.4448454224e-02 3.7261249216e-02 -1.3552550963e-01 -4.6541909942e-01 8.2053684145e-02
-4.2751337451e-02 2.3854857710e-01 3.4175681843e-01 7.9120649643e-02 -3.2587353702e-01 6.5024041290e-02 -1.3895841737e-02 -1.5329265385e-01 -2.9821635427e-02 5.0370690204e-02 3.9508489910e-03 2.7515733636e-02 8.2228943325e-03 2.3721107449e-02 2.1645878023e-01 -1.9285248177e-01 1.8428177661e-01 -8.0480456798e-02 -1.6195091705e-02 1.1684804308e-01 3.6197208520e-01 -9.4788438839e-02 -2.9644541135e-02 3.5275148685e-02 -3.3361938644e-01 1.8631958432e-01 -3.2907837204e-01 -2.7198031158e-02 7.3056433178e-02 1.6150010624e-02 1.6638859962e-01 -6.5371092090e-02
1.1025908729e-01 -1.1607794953e-01 3.9473871378e-01 -1.5455066303e-01 -2.3394199031e-01 1.5915981488e-01 9.8229605690e-02 -2.8553816832e-02 4.5905512728e-02 -3.1730621147e-01 4.5099992521e-01 1.6498481536e-01 -2.7932861378e-01 -8.3626789498e-02 3.3370150081e-01 -6.1751458603e-02 -3.3120534069e-01 -3.5503396196e-01 -1.7138951043e-01 -1.0819384132e-01 -8.6920576816e-02 -4.5081047793e-02 -1.7738151435e-01 -3.5771503160e-01 -8.2522942525e-02 1.6365322308e-01 3.5823366614e-01 3.1418881563e-02 1.4165385204e-02 2.5600081736e-01 1.6453732556e-01 7.9604996765e-02
-2.4268869980e-01 -4.4998940624e-02 -2.4538352201e-01 -6.9259785207e-02 -2.8570877195e-01 -6.6335592251e-02 -1.8234878560e-01 2.3020813525e-01 1.2213235251e-01 1.6533501304e-01 -2.0561151135e-01 2.8022116725e-01 -1.1240625689e-01 1.3942643829e-02 -1.0728651209e-01 -4.3267136729e-02 -4.5730641018e-01 -3.2989461897e-01 -1.7007075218e-01 -2.7339289514e-01 -2.4440668642e-01 -1.5637739114e-01 1.5156055693e-01 4.9600006851e-02 1.2642209764e-01 -1.1751994580e-01 -3.7566049124e-01 3.7699958846e-01 -1.9261644611e-01 -1.4115109565e-01 -2.0306870898e-01 3.0161225498e-01
-1.7769913569e-01 2.3447325286e-01 -3.3726339255e-01 5.8704641362e-02 -9.9832546381e-02 -5.0362181061e-02 2.3352950681e-01 6.1866473836e-03 -3.0125225674e-02 -1.3477975445e-01 -1.6215061279e-01 -1.6229904349e-01 1.3190050736e-01 4.3574321752e-01 6.4059753956e-03 3.8830004566e-03 7.6415636958e-02 -1.5315771388e-01 1.5393049150e-01 -2.2917746332e-01 -1.3256704736e-01 1.6828153876e-01 -6.8921986570e-02 2.1419484879e-01 -3.8828443812e-02 -1.1644915252e-01 1.4607788542e-01 -8.1323644444e-02 1.0599691853e-01 -1.9576201903e-01 1.2957997693e-01 -2.9435978284e-01
-4.2929436944e-01 1.2053281503e-01 1.6155021662e-01 1.1050627445e-01 -1.7515670388e-02 3.7785414084e-01 1.2881358369e-01 -2.0911825516e-01 2.2910753294e-01 -3.7803253503e-01 2.5501086238e-01 -1.4807997077e-01 1.8606247592e-01 4.8595780072e-02 -7.8224318898e-02 1.7837045163e-01 1.8216395867e-01 -2.7532062312e-01 -7.1240442627e-03 1.1148834527e-01 -1.1137476241e-01 -7.3531410239e-02 -1.0206924029e-01 -3.4659491156e-01 -8.6767368190e-02 1.5208160397e-01 -1.2569752898e-01 -1.0719273320e-02 9.3281655824e-02 -6.5912031106e-02 2.5226632803e-02 3.8704106431e-01
3.7055842547e-01 3.5080112759e-01 1.3073389209e-01 4.1000850261e-02 -2.6353064344e-01 4.4312910612e-01 2.5493759543e-03 1.2919658873e-01 -1.6689365155e-01 5.4048085225e-03 6.4889171153e-03 1.6910266083e-01 1.2803899612e-01 1.7988703475e-01 -1.6160344855e-01 2.0162000883e-02 -3.9710799226e-02 1.0237015356e-01 -4.3761134032e-03 -2.7836763847e-01 1.4221843332e-01 -1.7723760751e-01 3.1561421893e-01 1.7733449365e-02 -6.5358179934e-02 -1.0081703982e-01 -2.2587802324e-01 -3.8357546236e-01 2.1191405244e-01 -4.4915138995e-02 -1.7389591178e-01 9.0942760417e-02
1.3711727078e-01 2.9514629737e-01 2.6560000959e-02 4.4538229309e-02 8.0345246311e-02 -6.9449115848e-03 -8.9523579809e-02 -3.5369838114e-01 -5.5229366633e-02 -2.0823410325e-02 -3.7661621057e-02 6.6370502783e-02 -2.5100462139e-01 1.2029865047e-01 -2.8462254424e-01 6.0533070251e-02 1.2964642171e-02 -2.5416983466e-01 -1.4697837435e-01 9.9524790069e-02 7.6792384221e-02 2.4165029387e-01 -1.9824675031e-01 2.8560801021e-01 1.3878439738e-01 -2.5648082256e-01 1.0093107396e-01 -4.1062018842e-02 5.7032867062e-02 -2.8649613050e-01 1.9539241764e-01 -1.6653664754e-02
5.1941898991e-02 2.2892231149e-01 -4.1579232860e-02 -1.8815522604e-01 1.9523961646e-01 2.4208964583e-01 2.0277191827e-01 2.8530324983e-01 -9.3606065051e-02 -1.1935216552e-01 -6.2797332444e-02 -5.1572840212e-02 -1.3078521333e-01 2.0834303017e-01 -3.4075868023e-03 3.8178170604e-02 -6.5938601336e-03 1.2148406561e-01 7.3473380434e-03 -1.4663426183e-01 2.3193486251e-02 -1.5049209440e-01 -1.7864384924e-01 -1.8835546192e-01 -1.3653059076e-01 1.7175300004e-02 -2.1536745192e-01 2.8534430489e-01 1.2007482908e-01 4.1403002291e-02 -1.8500096908e-01 6.4470454861e-02
6.7814477456e-02 -2.8572852184e-01 3.1872894027e-02 1.0540315926e-01 1.9891701172e-01 -1.4062978258e-01 -4.0530385380e-01 -1.9662788810e-01 1.1474072238e-01 -2.3679548026e-01 5.6063044622e-03 -2.2741924802e-03 -2.0014361567e-01 -3.6578564539e-01 -8.0176203821e-02 -9.3474082548e-02 -1.2144631453e-01 5.7371718606e-02 -2.8876262847e-01 -8.8287474443e-02 2.9397929487e-01 1.2810813316e-02 -2.2105514236e-01 3.7673071876e-02 2.5123580922e-01 3.1884438683e-01 8.5258761873e-02 3.9756334466e-01 1.3463142389e-01 -6.5406733900e-02 2.0213806330e-01 -1.1931375861e-01
7.6953755113e-02 -2.2587563428e-02 -1.8292409248e-01 6.6256856694e-02 -4.6243921793e-02 2.2649522532e-02 -1.1656229523e-01 1.5513358378e-02 -1.1271997666e-01 5.9292063572e-02 2.0474939949e-02 -4.1300630145e-02 -1.3395969308e-01 -1.1988529225e-02 -3.2068019257e-01 8.6529300488e-02 5.9465096302e-02 -1.8963900578e-02 -1.1316018777e-01 3.4028179746e-01 -8.7247010956e-02 -1.8970716401e-01 -6.4547145903e-02 2.4200172010e-01 1.3445822932e-02 -5.5229519035e-01 4.3100430245e-01 -2.6745066991e-01 2.6020708412e-01 -3.3405459623e-01 -3.2262800216e-01 -1.1911537949e-02
-4.7841267587e-02 6.0022038324e-02 -3.9787678657e-01 -2.4614105478e-01 -2.1131597965e-01 3.2384486762e-01 3.3990054757e-01 1.6909602701e-01 -1.2233550991e-01 -2.3693910009e-01 1.0489839845e-02 4.1626625511e-01 -2.1969452162e-01 2.4151254206e-01 -8.3392025856e-02 1.1277990849e-01 2.4471927448e-01 1.1377047364e-01 -1.0661163556e-01 -3.3808455253e-01 -5.5536759757e-02 -8.4798138756e-02 -2.1585908541e-01 -1.8860634808e-02 1.4574703622e-01 2.5074137345e-02 -2.2811443601e-01 1.6578905965e-01 1.4915622229e-01 -1.7026540526e-01 -2.2312913118e-01 -2.0810885010e-02
9.1677179604e-02 9.3384355024e-03 1.1131978041e-01 2.0191759457e-01 2.3320820201e-02 -1.0963270356e-01 -7.2691516508e-02 -1.4411090571e-01 -3.8654950923e-02 -1.2433027966e-01 2.3157959398e-02 1.6334839009e-01 1.9956383169e-01 -2.0014787240e-01 -9.8646284536e-02 -1.0519807130e-01 -9.3858738135e-02 6.0478797843e-02 -2.2051540130e-01 -1.2217873163e-01 -4.9421913941e-02 1.3427707321e-01 -7.8239870129e-02 1.4070355617e-01 -1.0543870446e-01 -1.9896716911e-01 -1.2297116362e-01 1.4585238364e-01 -7.6147662130e-02 6.2948733850e-02 -2.0833102154e-02 4.2583355030e-02
-1.8188083703e-01 -2.3792835820e-01 4.5330989113e-02 7.5194522589e-02 -1.1170585395e-01 1.2141961905e-01 -6.3383887025e-02 -1.5768261422e-01 3.5079899749e-02 -2.4704571561e-01 -6.6001776176e-03 1.0869959136e-01 -2.3511086629e-01 -1.1567539260e-01 -2.4680628078e-02 -6.2311690356e-02 3.6063278180e-02 -1.5476080100e-01 -1.5146094793e-02 4.7989384320e-02 -1.8162626842e-01 -2.9961327323e-01 -3.1155692257e-01 1.3808488124e-02 -1.4893987720e-01 -2.8136180710e-01 1.6105509696e-01 -2.0705188758e-02 -1.9272203974e-01 -5.2558151074e-02 -4.6538731733e-02 2.2428317748e-01
4.0899182918e-02 1.8603830901e-02 -2.2581842123e-01 1.0239756986e-01 -1.1326642094e-02 8.1216665943e-02 -2.4699840987e-02 -3.9068430263e-02 -1.8623146354e-01 -3.2543539067e-01 -4.1885324808e-02 -3.0880770115e-01 3.0445355345e-02 -6.2997732882e-02 1.5052211291e-01 -7.1610517970e-03 -8.2536129978e-03 -1.6644209745e-01 1.2019979909e-01 -1.5210308681e-01 2.0720050373e-02 2.1556466967e-01 2.0513781743e-01 -1.6413464257e-01 -2.1284271567e-02 1.7104872947e-02 1.7474565135e-02 1.1524470735e-01 -1.5675717965e-01 -6.6092821001e-02 -1.1301546342e-01 2.9723511684e-01
