-1.9009944026e-01
6.0637236904e-01
-2.9528589919e-01
8.7552859010e-01
-5.8721024815e-01
1.1080159929e+00
1.7519957431e-01
-4.9529785672e-01
-3.0545080415e-01
1.3589131857e+00
-1.2995850845e+00
8.1772183959e-01
-9.2594660303e-01
1.2157199739e+00
2.2002532088e+00
-5.0286259854e-01
-4.9597141530e-01
1.3171337641e-01
9.1615100641e-01
-1.2655884057e+00
3.2350850885e-01
7.3128348994e-01
-1.0089010692e+00
-2.4072569137e-01
-2.2355102752e-02
1.8172115739e-01
5.0442192491e-01
9.3065684415e-01
-9.5998685867e-01
1.3320081176e+00
3.4177338378e-01
1.2560282387e+00
2.9107334454e-01
9.1273552535e-01
-1.5840974408e+00
-5.1346446937e-01
3.2363084920e-02
4.4328928359e-01
8.4734206386e-01
1.7806003840e-01
7.4671199498e-01
1.4647596513e+00
7.1317957260e-01
-1.3049628134e+00
1.0623001047e+00
-7.5410904441e-01
-1.2384558087e+00
-6.8904744147e-01
2.6261296474e-01
-3.2505707176e-03
9.6415606198e-01
-3.8541134779e-01
-7.5251368532e-02
2.7741483793e-01
-1.1142790647e+00
-1.8222229748e+00
-8.8252404947e-01
6.8306315193e-01
9.3955014339e-02
-1.7170628852e-01
-3.2920594394e-01
2.3967075814e-01
-3.5539732459e-01
6.5026837993e-01
6.4213298320e-01
-5.0964218606e-02
1.8103730657e+00
-1.1225332966e+00
-8.3931890532e-01
1.0220626921e+00
