5.2340977559e-01
8.8517108336e-01
1.0792454122e+00
1.9729251784e+00
1.4926255335e+00
-1.3120435558e+00
-2.4357315189e-01
6.0868350979e-01
-4.4922447726e-01
-2.1907515363e-01
1.0822893308e+00
-2.1727407545e+00
2.9581269834e-01
1.6232371576e+00
-5.7262836404e-01
1.0508789214e+00
-9.2848863295e-01
-2.0762881105e-01
3.6004335137e-01
1.2226290039e+00
-4.6553016980e-01
-2.6316314811e-01
-1.5275640708e+00
6.2339312074e-01
1.0444861642e+00
-2.7947208070e-02
-2.3007117185e-01
-1.6999278438e+00
1.7058154076e-01
-9.2396515967e-01
8.2822046520e-01
-1.1341925378e+00
-3.5766670045e-01
1.6683733449e-02
-3.6135820465e-01
-1.1106811874e+00
-1.3986614685e-01
-2.7375391826e-01
-1.1009684716e+00
4.0918029308e-01
-9.6228602407e-01
-7.1598403488e-01
-1.8607256684e-01
-3.6787806249e-01
-9.5733237137e-01
-5.2997242506e-01
-9.8555946944e-01
1.6720495861e+00
-3.4452623302e-01
2.4198560618e-01
-8.3351148459e-01
9.5297901985e-01
5.2304881558e-01
-1.1768696251e-01
6.7669768936e-01
-7.3498042784e-01
-1.0841012346e+00
-2.2973844245e-01
2.5434985847e-01
-1.0544716023e-02
8.8076074185e-01
1.6435815024e+00
-1.1138872623e+00
-9.4650591176e-01
4.1741494480e-02
2.5190955833e+00
2.9457671140e-01
5.5067319354e-01
-1.5883018395e-01
-2.7881294587e-02
-2.5993220414e-01
1.7665931739e+00
-1.1072566830e-01
-1.1552899265e+00
1.3223383466e+00
-2.5389086552e-01
-3.2911786017e-01
1.8987155736e+00
1.4607691347e-01
2.1194358954e-01
6.8394041232e-02
1.6493629109e+00
7.1051903646e-01
-6.9764224255e-01
8.9958081159e-01
1.3159947059e-01
-1.2178785193e+00
6.9367531567e-01
-8.3924427355e-01
-2.2052312959e+00
3.1478682598e-01
6.8492680240e-01
3.6144368399e-01
9.6827058641e-02
-6.0209477954e-01
-1.4909013327e+00
-1.2724978070e-02
-1.5498376294e+00
8.6454865735e-01
8.3233102564e-01
-7.2736080137e-01
-1.4518739781e-01
-1.8175292535e-01
-1.4064282280e-02
1.0944022112e-01
3.4075345825e-01
-1.2766870627e+00
6.6382520966e-01
7.5257946150e-01
-6.0123264700e-01
2.2447576176e+00
3.8262441687e-02
2.4819784464e-01
3.9484629162e-02
-1.1048272061e-01
-9.7054519265e-01
-6.8381576601e-01
1.8982110227e-01
1.2126246084e+00
1.6157839440e+00
-6.1028607130e-01
-4.8827158498e-01
-8.3713608177e-01
-1.3729335058e+00
1.5817773184e+00
7.2681042970e-01
4.6680555703e-01
2.9225462686e-01
1.7372626234e-01
-6.0267409236e-01
-2.2988646792e-01
1.5630344761e-01
2.0929221276e-01
-6.3573202639e-01
1.2712408080e+00
1.3498225878e+00
-3.6607405056e-01
-2.6737032528e+00
3.1575843654e-01
5.3733976001e-01
-8.3919434654e-02
1.9680754354e-02
-1.3367331747e+00
2.6329478750e-01
3.1604411318e-01
7.3436966191e-02
1.9752336789e+00
-6.4839062143e-01
-1.5568832158e+00
-2.8307044503e-01
-7.2788618477e-01
-1.4773588170e-01
-9.2522974330e-02
1.2873124743e+00
4.3993605575e-02
-1.9458805869e-01
2.6184746672e-01
-1.3826116972e+00
-2.8324182381e-01
1.2224688668e+00
5.8012809328e-01
-2.0182332493e-01
-3.2311934845e-01
-1.6160764631e-01
-1.3055613910e-01
-4.5979924307e-01
-1.5362589120e-01
-5.1132356445e-01
1.1110199914e+00
-3.1629437970e-01
3.8107067095e-01
-1.5299247924e+00
9.4804622166e-02
7.7138428188e-01
1.4364968868e+00
2.0669821157e+00
5.4865140541e-02
-5.8904507453e-01
8.8695938214e-01
-2.0418658920e-01
2.2192741322e+00
9.5759679473e-01
1.5789336392e-01
1.9097204234e-01
1.6852616853e+00
-7.2326836208e-01
1.1879610775e+00
1.5082104469e-01
-6.6701950920e-01
-5.9129769955e-01
1.7125386885e-01
-6.9758646808e-02
4.7368563148e-02
2.6884077704e-02
-1.5792046221e+00
2.2874554594e+00
1.4033458499e+00
-2.1413382954e-02
-8.7705578019e-01
-7.5864834075e-01
1.7214306791e-01
3.3880457673e-01
-5.9968243989e-01
1.5216978117e+00
1.5283465225e-01
-8.3763202966e-01
-1.2232429315e+00
2.1362533573e-01
-2.5320279969e+00
9.9985200064e-03
4.7166924163e-02
5.7990516289e-01
8.5196916278e-02
9.8572861268e-03
-9.1661710337e-01
-9.1626883816e-01
1.7963105742e-01
-2.7855110312e-01
-7.9970158258e-01
2.0379353293e-01
2.9709065108e-01
-3.7869981111e-01
-5.3438808592e-01
-3.5883984565e-02
1.2202411642e+00
-2.9131359854e-01
-1.2780156611e-01
8.9418374622e-02
2.1385391695e+00
1.1940345159e+00
1.1336652709e+00
2.7985992163e-01
-2.3316517896e-01
1.1913128801e+00
4.1274999137e-02
7.0482397428e-01
1.0255607512e+00
-9.0143884648e-01
1.6736830622e-01
2.7479316903e+00
-3.4921550994e-01
6.9369424996e-01
2.9099503191e+00
-9.8179687760e-01
1.1695057970e+00
-6.2117428588e-02
3.6681868403e-02
1.5722699445e-01
2.1926745644e-01
-1.8624460276e-01
-1.2927568192e+00
-5.0936684106e-01
4.4014636118e-01
9.5656311358e-01
-2.5232062777e+00
-1.0290916478e+00
9.9150554009e-01
1.1827688184e+00
5.3564752810e-01
1.0590838992e+00
4.0933585955e-01
-1.4030095034e+00
3.6971009749e-02
8.8144786791e-01
-6.2028968902e-02
-1.2702615029e-01
7.3986152741e-02
-2.6391050339e-02
3.0988609922e-01
6.8589072133e-01
-3.4058341371e-01
-6.2907264474e-01
5.0304087751e-01
6.3166538857e-01
3.6361241941e-01
-1.0787851290e+00
-5.1741680201e-01
1.1213302736e+00
-4.1995176120e-01
-4.4047300117e-01
-1.9695970007e+00
-2.0819407018e+00
3.4124823390e-01
9.5889498613e-02
9.8086840504e-01
-2.0482996214e-01
-2.5400783036e-01
-2.7549121283e+00
-3.7865055928e-01
1.6100877909e+00
-9.5181462001e-01
-1.4091669705e+00
3.0245449946e-02
3.5889882275e-01
-6.8154558043e-02
-1.9547082028e+00
-1.6427085577e+00
-1.9128260769e+00
1.8441268622e+00
3.8923968504e-01
