-8.2779014525e-02 -6.0768691131e-02 7.3221972224e-03 1.1326879941e-01 1.6601181777e-01 1.0302102173e-01 -7.5939546589e-02 6.7128972730e-02 -1.8668519817e-01 3.5010146069e-01 1.3972693870e-01 5.6089975399e-02 -1.0689071206e-01 3.3391720514e-02 -1.5270962189e-01 8.5597623688e-02 1.1993118423e-01 1.1529906271e-01 -8.6889993776e-02 2.8455882347e-01 -1.1790131422e-01 -1.4380291827e-01 -5.9322532540e-02 -1.5000383926e-01 -1.8913797312e-01 1.6643296664e-01 6.0924573200e-02 8.1718726034e-02 8.2071703547e-03 1.3621136260e-01 3.6944609446e-01 -1.9560688337e-01
8.9070179060e-02 -1.6548457404e-01 8.9467474791e-02 1.6419701181e-01 -1.5440907907e-01 -2.7212786480e-01 -3.1531221043e-01 1.8529156736e-01 1.4150142350e-01 -3.4074702392e-01 8.8423461513e-02 1.3184217519e-01 -2.6129781765e-01 1.7904189500e-01 -5.6049220060e-02 1.1947144565e-01 1.5154993916e-01 1.4946891978e-01 -4.6564318324e-02 -2.3163417300e-01 2.0767346136e-01 1.6875833151e-01 4.4512827746e-02 5.3908343506e-02 -2.2526965724e-01 -2.5131324918e-02 2.5534539470e-01 1.6938063348e-01 -1.0874827211e-01 -5.0711457546e-02 -7.3379801295e-02 -2.6383733534e-01
1.9075341492e-01 -2.6557602152e-01 1.6409539767e-01 1.0915138566e-02 2.0554708649e-01 -2.2270236392e-01 2.7010596159e-01 2.3171281184e-01 -6.3970503863e-02 7.7473759914e-02 -2.0533638233e-01 -1.6643654000e-01 -2.3447608385e-01 -6.4835741743e-02 -9.7306159474e-02 -1.6895936249e-02 2.5000358694e-01 4.7546729634e-02 -6.0467779136e-02 -7.0603605143e-02 3.7552132263e-01 1.0325781001e-02 -3.0492811693e-01 -3.0561040074e-02 8.8292432020e-02 1.6942356864e-02 1.4968410255e-01 -1.3021018777e-01 -2.9150722460e-02 -7.3049348559e-02 -1.9075448396e-01 5.9920405570e-02
-7.2310475540e-02 -2.8234554521e-02 -2.6394110820e-02 -9.9180921411e-02 -7.3788288839e-03 -2.2184019241e-02 5.8769275444e-02 1.1251071792e-01 6.3350526722e-02 -2.2643383945e-01 -2.0845444780e-01 -7.7398562929e-02 2.8991245808e-02 -7.8691642527e-02 -1.2426429494e-01 -8.0486001233e-02 -1.2639990865e-01 7.4005473494e-03 -1.9235128938e-01 4.4821684892e-02 -1.2291629504e-01 -2.5293632692e-01 3.7029725321e-01 -2.6410320612e-01 9.7795165461e-02 4.4387701090e-01 -1.7538818292e-01 1.6308056552e-01 -1.9268392196e-01 -1.7159154628e-01 1.5800707037e-01 -6.0270743199e-02
6.4956621698e-02 2.6698960239e-02 9.5235003344e-02 1.3173273250e-03 4.9806272937e-02 -4.4936571815e-03 3.8183620222e-01 -1.6235664254e-01 -2.6587846956e-01 -8.9360480663e-02 -1.0622911826e-01 -1.3469117065e-01 2.1608477382e-01 2.5303494814e-01 -2.8185460158e-02 9.7096729479e-02 2.1832312340e-01 -9.7435359901e-02 -8.1303851399e-02 -1.5636711327e-01 -1.7168494161e-01 1.4804163703e-01 -3.2947497111e-01 -6.4012980975e-02 2.2379236034e-01 -7.7150584696e-02 -3.7921582066e-01 3.0096216894e-01 9.1000253841e-02 -9.2302571152e-02 -1.9160119240e-01 -1.4277466254e-01
3.3132660728e-02 -1.3146057086e-01 4.7723282334e-02 -8.3249394774e-02 1.5362277205e-02 1.0356323610e-01 -3.1513624815e-02 -2.0613850658e-01 1.0351494090e-01 -1.3859102266e-01 1.5138320104e-01 -3.0422375121e-01 2.9370718147e-01 -2.7100003976e-01 -1.8112964199e-01 -4.0619564000e-01 -2.7601555675e-01 -3.9003165797e-02 -1.3229307991e-01 -2.2698965350e-01 2.7756781317e-02 4.3545450495e-02 -3.5006142702e-02 -1.9216387802e-01 -6.3315892774e-02 2.2512867191e-02 -1.0618728772e-01 -1.7682558919e-01 -1.2543497525e-01 1.9718840028e-01 -8.6851053416e-02 -1.8567090714e-01
1.5389593011e-01 -4.5504392581e-02 1.0444080681e-01 2.6776873484e-01 3.1004496327e-01 -2.2303928620e-02 2.2723898385e-02 -3.1867839136e-01 -2.3521962113e-01 2.4805906726e-02 2.0539425825e-01 2.2557662524e-01 -1.7749769064e-01 -1.5126734215e-01 -1.3727736184e-01 9.9744003015e-02 -2.8256510875e-02 -1.6253293012e-01 -1.9911134236e-01 -3.4157112212e-01 8.1618155211e-03 -6.7683852583e-02 6.6444055983e-02 -1.5956026583e-01 3.2439973292e-02 1.0871285934e-01 1.3600104419e-01 1.7839094812e-02 -8.0481564209e-02 -7.3354212674e-02 -3.1875852809e-01 -2.1786254637e-02
-1.6112911766e-01 1.1769568229e-01 3.6424432364e-01 -3.1425726474e-01 1.7371494752e-01 -3.3566021684e-01 -3.0978377775e-01 -1.5100243788e-01 5.4582862392e-02 1.1143149696e-02 -1.6610608490e-01 -4.7638027591e-02 -4.2773648367e-02 9.0771310910e-02 -5.4665155190e-01 -1.7653934455e-01 -1.5283037406e-02 1.6047071388e-01 -3.3174656779e-01 -1.5717698303e-01 -1.9203150450e-01 2.2433691916e-01 2.5845038235e-02 1.3617713956e-02 -9.4631954371e-02 1.3043502396e-01 5.5081355165e-02 2.7830988954e-02 -5.3230986219e-02 3.9114024930e-02 6.2193765217e-02 -1.4928240478e-01
6.0436781794e-02 -2.4697917251e-01 -2.1621951112e-01 1.9832922928e-01 -3.2100595033e-01 -6.1266397073e-02 -2.4832758304e-01 1.1759815749e-01 1.1694507742e-01 -4.9171470996e-02 -9.7497134256e-02 2.6352014114e-02 -7.7091065685e-02 -4.6456974432e-02 -2.8729929142e-01 2.7226677527e-02 -3.5745422637e-01 1.6767084320e-01 2.7086334579e-02 1.7604545242e-01 2.8239752629e-01 4.1085795022e-02 1.1651836046e-01 -9.8879018855e-02 -1.0830712292e-01 1.8199430691e-01 -6.5029714587e-02 3.8967171526e-01 -5.6431189318e-02 -1.0666569725e-01 2.2840476544e-01 -9.5070130123e-02
3.0352712292e-01 7.7433524972e-02 -8.0695719138e-03 -4.5940626873e-02 1.3934129436e-02 -2.5422113202e-01 -3.0282395464e-02 -7.4691335981e-02 2.4995021228e-01 -2.1676903110e-02 -2.2701327946e-01 3.1863644950e-02 1.4132883793e-01 -3.8664051026e-02 -1.5719224867e-01 -7.4223240232e-02 -1.5881875958e-02 -6.8687954808e-02 -2.2014491921e-01 1.4829230103e-01 -1.8327900909e-01 -9.6299065073e-02 -1.1510143067e-01 -3.0178759446e-01 7.0423980137e-02 -2.3903614981e-02 -6.9625472558e-02 8.3155852968e-02 1.3416541826e-01 5.3063364581e-02 -1.7404616473e-01 -1.5659326003e-01
-2.6281842022e-01 7.3280211858e-02 1.1422721474e-01 -1.9541737672e-01 8.9409131102e-02 -1.6219477968e-01 1.4480930474e-01 -7.7094645727e-02 7.6431364029e-02 -1.9706515518e-01 1.9656031816e-01 -8.9913592359e-02 8.6902605965e-02 5.3230394238e-02 -5.5726062202e-02 -1.0192947139e-01 3.0908704719e-02 -2.5035541386e-01 -2.8464011913e-01 -6.0191938557e-02 -1.6076678849e-01 2.3168695420e-01 2.5041251220e-02 -2.5239735816e-01 1.2294198419e-02 -3.1070541730e-01 1.7294186598e-01 1.3946747384e-01 -5.4598779099e-02 -4.0953129186e-01 -2.2451734185e-01 -5.6827207968e-02
1.5706140333e-01 -1.2365431843e-01 7.4982470074e-02 -3.5247668118e-01 -2.2581328324e-02 -4.1245582048e-02 -9.5425397852e-02 -1.5797659894e-01 -4.6081174604e-01 -1.4662197947e-01 6.9542738823e-02 4.1583902641e-02 2.0442931241e-02 1.2727632074e-01 -3.3946671241e-02 -1.2091337181e-01 -2.6023704269e-01 -1.5406298668e-01 -6.6161717737e-02 1.1735215628e-01 4.5676300645e-02 1.3644219055e-01 2.4049990674e-01 -1.2622579304e-01 -5.2079952439e-02 1.6952124910e-01 -2.0867783278e-01 8.4762499410e-02 1.6618982846e-01 2.0106274539e-01 -8.3791919058e-02 -6.7177906623e-02
-4.1259132183e-02 1.5254373761e-01 1.0740014361e-01 -2.0024904110e-01 5.9956872906e-02 2.8233857954e-01 1.0729545427e-01 5.1241002230e-02 1.3213647692e-01 7.5922473457e-02 2.6969337879e-02 1.4005322666e-01 8.2175409786e-02 1.8828427596e-01 3.0777980048e-01 1.1740756349e-01 6.9946230367e-02 -5.0606953684e-02 -5.5399669698e-02 1.1213178586e-02 2.1410422016e-01 -1.0221568128e-01 2.2544307041e-01 1.5799963122e-01 2.9491683899e-01 -1.8384986028e-01 -8.7203077930e-02 5.7601860040e-02 -1.6504245053e-01 1.6494442138e-01 -5.5681821048e-03 3.4503909364e-01
6.2311743279e-02 -1.6495741535e-01 1.2613929823e-01 1.1534280063e-01 4.5510522481e-02 -1.0622071543e-02 1.7426487320e-01 2.2932512109e-01 1.0471598117e-01 -2.5623596112e-01 3.1263554830e-01 -2.3759428784e-01 2.5881681339e-01 7.6313111916e-02 -4.6080521688e-02 2.1608238632e-02 -1.4195093814e-01 1.1261748525e-01 -1.7943513940e-02 -1.0161911502e-01 -1.0020623376e-01 -1.6407592528e-01 1.9697177997e-01 -1.3692392261e-01 1.0301191990e-01 -5.6408220439e-02 1.1358334826e-01 -1.0802391507e-01 -1.1930383156e-01 1.3151870967e-01 2.0242696672e-01 2.5076663410e-02
4.8201759868e-02 -9.6122539633e-02 3.0770594700e-01 -5.0429942802e-02 2.7516371475e-01 -1.3745721953e-01 -5.8833281771e-02 6.2187080523e-02 -4.1322651475e-02 -1.5868528126e-01 6.7567149659e-02 -1.7578374180e-01 3.5873180938e-02 2.4414104240e-01 -1.1615917908e-01 -1.9581927682e-02 -1.7830221641e-01 -8.8802203269e-02 -8.3543884388e-02 7.2500725712e-03 1.6827721584e-01 -7.5752733518e-03 -1.4213866935e-01 -1.5468819836e-01 1.2656477713e-01 -2.5708217760e-01 -3.7094313752e-03 4.0477875122e-02 3.2024352128e-01 1.7957224205e-01 -2.1556538934e-01 -2.1983688911e-02
-2.1929153075e-01 7.3843949328e-02 3.8963766950e-01 2.2352394400e-01 3.5633355922e-01 -3.7748913778e-01 -5.7412156895e-02 2.1408538691e-01 2.1979010363e-01 -3.8461120450e-02 -2.3452668490e-01 -8.6123817071e-02 -2.9394936807e-02 8.1758465287e-02 2.2430940460e-01 -3.4630252325e-01 -4.0368546015e-03 5.2305693160e-01 -5.9401828690e-02 1.3277554301e-01 -5.9342501029e-02 -6.2110952431e-02 -3.9051863444e-01 -9.8069576888e-02 -2.4486717873e-01 -2.3935409343e-01 -9.0569430055e-02 -1.2315246770e-01 2.7810092291e-02 1.3495478344e-01 -2.1755795207e-01 -2.3881001508e-01
-1.4334057146e-01 -2.4070711419e-01 8.5519967074e-02 2.1674659321e-02 -8.8753074692e-03 -3.5254250542e-02 5.6973639779e-02 -2.2374365841e-01 1.3075490841e-01 3.2830423098e-01 -4.9236963148e-02 -1.7904491608e-02 -3.0491391451e-01 -1.1755660220e-03 -1.5538265683e-02 1.4162533276e-01 9.6391725432e-02 -4.4339256104e-02 1.4886947150e-01 2.9929115547e-01 -1.1592713439e-01 -1.1566133013e-01 -8.9176413157e-03 -1.6506768124e-01 1.1175333259e-02 1.7149079570e-01 -9.4912438931e-02 1.7713500172e-02 1.0698779167e-01 -2.1141668082e-01 2.4238535279e-01 1.8545021557e-01
7.9870090195e-02 1.5100683375e-02 -2.3857387298e-01 1.1371620141e-01 2.6910288496e-02 1.9213875351e-01 7.8551934755e-03 -3.1483353814e-01 -1.5591650898e-01 2.8419166282e-01 1.8836181858e-01 2.0783311769e-01 -1.2102372615e-01 1.5562901547e-01 6.8689775035e-02 5.1835586524e-02 -1.6684453282e-01 -1.2134653030e-01 1.4439152151e-01 1.2283306329e-01 1.4517011674e-01 -7.7337747804e-02 1.2332873365e-01 1.2843752800e-02 -1.5130139151e-01 -1.0362757229e-01 8.2866886715e-02 3.8896942517e-01 -6.2085762960e-02 5.1081069909e-03 -7.8615294791e-02 -5.0496682075e-03
-2.8847931065e-01 -7.5792849105e-01 1.1731653307e-01 1.7613103320e-01 4.8186261452e-02 -2.5619742569e-01 1.2856644571e-01 3.5277213669e-01 1.5665300370e-01 1.9699695456e-01 -8.1337433257e-02 -3.1605306350e-02 -1.6542504348e-01 1.5119832576e-01 6.9680517061e-02 9.1329825292e-02 8.5355484896e-02 -1.2605337988e-01 -1.8325632058e-01 -1.9361395197e-01 1.2760101825e-01 -8.9991920515e-02 8.6661267907e-02 -2.4136055222e-01 1.0008707386e-01 1.0110391352e-01 8.5733631148e-02 -2.7684459627e-01 -3.8745933270e-01 -2.1213541183e-01 2.2915478149e-01 1.9888528946e-01
8.7133174682e-02 -3.5581744879e-01 -2.5741059957e-03 -1.8375577945e-01 3.8578589830e-01 6.9255746522e-02 8.7607633204e-02 7.4212334730e-02 -2.5230731803e-01 -1.4371889992e-03 -1.8454889302e-01 -4.9061853040e-01 1.0276304787e-01 2.0652240342e-02 -1.8431384830e-01 -6.1412931967e-02 -1.6973299940e-02 -3.6511672555e-02 -1.0037326192e-01 6.1843297831e-02 -4.1588557545e-02 -2.1072311980e-01 2.9682263252e-01 -7.3544248324e-02 -1.4774675155e-01 1.6103851140e-01 5.7937374259e-02 6.5442377728e-02 4.5179342395e-02 -2.3340433068e-01 -1.3144518124e-01 -3.3529448981e-01
-2.7385309415e-01 -6.2087339616e-02 2.0451719088e-01 -2.0589102588e-01 1.5994030676e-03 -1.9958022421e-01 1.2006256730e-01 -1.3765431097e-01 8.2547710430e-02 -3.1640205141e-02 -3.2514930839e-01 -1.3022057635e-01 -2.6612786324e-01 -5.8565385649e-01 -4.5340718512e-01 5.4212720854e-02 2.1439258426e-01 -1.3701348869e-01 -4.5210384323e-01 -1.3482492777e-01 1.1941558281e-01 1.0242294490e-01 6.2309590270e-02 -2.1340889159e-01 2.2952379787e-01 4.4357883989e-02 -1.1459325703e-01 1.8696533905e-01 1.6576875070e-01 -5.8340290651e-03 -3.4211108383e-01 -2.6836725704e-03
-1.6710978258e-01 2.0064855727e-01 2.0533165689e-01 -3.0210231166e-01 -1.2554910380e-01 -3.8060117187e-02 3.5299211089e-01 -9.4420362319e-02 -6.1680984231e-02 7.8398536987e-03 -1.9858003009e-02 -2.8782985890e-01 7.5783663416e-02 -2.2914797700e-01 -1.1836404920e-01 3.1355688445e-01 2.6835546324e-01 7.6704814867e-02 3.2171808617e-03 -5.7099420324e-02 1.9106783838e-01 4.0394895485e-01 3.4868457470e-01 -4.2518987717e-01 -8.6406214152e-02 2.7931215403e-01 -2.3675089079e-01 -1.6874802913e-01 -1.9188519642e-01 1.2532333068e-01 -1.0857242671e-01 -1.7390048326e-01
-3.1273777231e-01 2.1387734877e-01 4.0646495435e-01 5.7791808941e-02 1.4813865342e-01 8.4216556879e-03 -1.3433642364e-01 -1.8841450314e-01 -2.3816322130e-01 6.2865733898e-02 1.6428342103e-01 -2.0807506566e-01 1.0390972088e-01 -1.3859972608e-01 -2.1698773784e-01 4.5954870118e-01 -2.1326836006e-02 4.6779856526e-02 1.0357036777e-01 2.6921817214e-01 -3.4101203533e-01 -2.3358750616e-02 -1.1829443033e-01 -1.2394624594e-02 -7.4809983283e-02 2.4889774832e-01 1.2204333577e-01 -1.5166876599e-01 1.8581411717e-01 -4.7693944471e-03 -1.7395931340e-01 -4.7288987460e-03
6.4628580729e-02 -7.8324489498e-02 -4.8535009956e-02 -8.9305236509e-02 -1.6390409931e-01 1.1989464787e-01 -1.4542199447e-01 1.0111317811e-01 -2.6546434969e-01 2.1243018463e-01 1.4624351175e-01 -2.0060390835e-01 -1.2584866409e-01 8.4393116150e-02 8.2896942467e-02 -3.2960446714e-02 -2.4025628309e-01 8.1034087987e-02 -4.2722851930e-02 -1.5345454878e-02 -7.0332063158e-02 -3.3117425263e-01 -9.9710982459e-02 2.8690650517e-01 8.1014751453e-02 1.0398310233e-01 -3.5964720653e-02 2.2230253407e-01 9.9466214070e-02 3.1213481513e-02 -1.1374357825e-01 -1.5884367113e-01
-7.1151599950e-02 -3.2354152666e-02 -3.2529518692e-01 2.5494128642e-01 6.8522013958e-03 -8.2992043607e-02 3.4595455165e-02 -1.0417165913e-01 7.2710068011e-02 -3.2287908257e-02 -1.0735078437e-01 -2.6021554062e-01 -2.2459612011e-01 2.9566422366e-03 1.9940419818e-01 1.3608621818e-01 -1.6780623577e-01 6.6999707397e-02 7.9445175167e-02 -1.3526073120e-01 1.7889425223e-01 -2.7445773865e-01 1.2414499070e-01 -2.1626039810e-02 2.2373683439e-01 -1.6520642656e-02 3.9241577268e-02 8.3423109804e-02 -1.1116456831e-01 -1.3436052359e-01 5.2661578209e-02 -8.9671053468e-02
-1.2565086771e-01 -2.6880532150e-01 -2.6794147575e-02 -1.9061087665e-02 2.5456319967e-01 3.7367463606e-01 -1.3690981673e-02 4.1445461508e-01 8.9554692993e-02 -1.9807527637e-02 6.8220518981e-02 -2.0245428110e-02 1.9572667373e-01 2.1738925442e-01 -2.1336032378e-01 4.1935805854e-02 1.7281926388e-02 -1.7098440602e-01 1.6366578046e-01 -1.9598652726e-01 -2.2415320095e-02 3.6932519727e-03 -1.2385318710e-01 -3.4037544993e-02 1.9855147819e-01 -1.2184198389e-01 1.4809531711e-01 -4.8533294805e-02 1.6025936391e-01 -1.0505056049e-01 -1.6086913699e-01 1.0285612248e-01
-1.1493842738e-01 -1.6431026578e-01 4.0092329217e-01 9.3677165926e-02 1.5457384163e-01 3.9469480138e-01 -3.1258454107e-02 -1.8278264112e-02 -1.2140890001e-01 -4.8051696714e-02 -2.6041849754e-02 3.3414511642e-02 -2.8311079882e-01 2.8399700155e-02 -3.5077567612e-02 -1.4706837713e-01 2.8587541906e-02 4.6291816480e-02 1.9200616446e-01 -1.1661400556e-01 5.1872781790e-02 2.0799910340e-01 6.3020170692e-02 -2.6442930937e-01 -4.3525995441e-01 -1.3879546466e-01 2.1052560934e-01 2.2767742291e-01 7.5112119750e-02 -6.4786222138e-02 4.7635291265e-02 -2.7885251968e-01
1.0460932877e-01 2.4971419942e-01 1.0074954117e-01 -6.5054656106e-02 -4.3910251471e-02 9.6696961705e-02 -1.1383260733e-01 2.0045433354e-02 -1.3345807847e-01 -3.6769542507e-01 -1.8503854103e-01 2.0158272359e-01 -2.1781635180e-01 -1.8107524081e-02 -1.5034412761e-01 -6.2353925922e-02 4.4779127398e-02 2.6763725679e-01 3.8572411028e-01 2.0455655383e-01 -3.5152294783e-02 3.8862314641e-01 -4.6251004676e-02 1.3072186131e-01 2.9793080900e-01 3.2002100440e-01 -2.0249702328e-01 2.6026390775e-01 1.8460094890e-01 -6.5600473683e-02 -2.7386092879e-01 1.0750373992e-01
1.9332077932e-01 -2.1824024215e-01 1.9326597065e-01 -2.1138104211e-02 1.0005754731e-01 1.5096163036e-01 1.7668896562e-01 1.8550763260e-01 1.0089309840e-01 2.4329327196e-02 3.2282683542e-02 -1.3443336390e-01 -1.7271648129e-02 -5.1638259170e-02 1.1243158852e-01 -1.7247959701e-01 -1.6076647595e-01 -1.9519495114e-01 -1.3831464097e-01 -6.3465370910e-02 3.0173133118e-01 2.5599315261e-01 -6.3651296651e-02 3.3974522110e-01 4.2234301129e-02 3.3465464360e-01 1.5269746243e-02 -1.5623342768e-02 6.6568211901e-02 3.5455122855e-01 -1.0088997233e-01 -2.3151311181e-01
5.6232191395e-02 3.2725445315e-01 -3.7552200397e-01 3.6061297503e-02 1.6576774693e-02 1.8482459023e-01 -1.4779830313e-01 1.5144471330e-01 -5.3939972341e-02 1.1696660724e-01 -1.8104206604e-01 2.1619993339e-01 1.5348145628e-01 1.1647633499e-01 4.5517440693e-02 -4.8602358465e-03 -1.4353554289e-01 -2.9852199652e-02 2.6606750072e-01 -1.1246082211e-01 -1.4666955204e-01 -3.6391136478e-01 1.0204326974e-01 6.7933354789e-02 -1.7661900602e-01 -5.5340874301e-03 -1.1237242992e-01 -7.5852565264e-02 -5.6206007731e-03 8.7227490674e-03 -1.3894621095e-02 -1.0333917737e-01
4.1078792484e-01 1.4332557200e-02 -3.6154425694e-01 2.3084848841e-01 1.6745839432e-01 -3.4390109502e-01 -1.1101115614e-01 3.4043927682e-01 4.7562891081e-01 -1.1859427880e-01 2.3750887403e-01 -8.6327515053e-02 -8.0458151150e-02 2.4582909254e-01 3.7234734768e-01 -3.1491354459e-01 -4.6922105579e-01 3.9272617515e-01 2.8833479757e-01 -3.0008960945e-01 1.4012204807e-01 -3.3996546761e-01 1.5480561927e-01 3.6853838465e-01 -4.2073331110e-01 -2.8491968076e-01 9.4809911600e-02 2.1048296289e-01 -6.7957493650e-01 2.0109532875e-01 1.0221301849e-01 -2.3263843583e-01
4.8704211268e-03 -2.0999944908e-02 -1.3665627550e-01 8.6184319337e-02 -1.1422579969e-01 3.5506019545e-01 -9.2916979726e-02 2.0783172585e-01 -7.4707395184e-02 2.7299850768e-02 -3.0954652820e-01 1.1337328695e-01 -7.8968781175e-03 4.3104362186e-01 9.2378898717e-02 -2.1796505131e-01 7.9196620541e-02 9.5466030582e-03 1.4289670689e-01 -2.8421682666e-01 1.5318283408e-01 -6.8008728544e-02 3.0590066230e-01 1.2665201516e-01 -4.4791203932e-03 1.2445094896e-01 -2.2861722750e-01 2.2769752439e-01 1.4638795183e-01 7.0718428216e-02 -3.4434656903e-01 -1.1741118185e-01
