7.4469626055e-01
-1.3290320624e+00
4.4301087641e-01
1.1127630738e+00
1.6646364559e+00
9.2580845023e-01
2.4718395670e-01
-1.1413680862e+00
7.1242643459e-01
-1.1401300328e+00
-1.5248396620e+00
-1.5765506544e+00
-2.0159745318e+00
1.2941537084e+00
-4.6538431579e-01
-4.1364081311e-01
-1.5401845103e+00
4.7203522411e-01
-6.8192440298e-02
-8.4544748216e-01
-3.5600204938e-01
1.4773369922e-01
-4.4732661156e-01
-1.5846551741e-01
-2.7499118210e-01
1.3385127486e+00
-2.6652694880e+00
1.4132763953e+00
-3.1802357904e-04
1.9600491565e+00
-4.2900033623e-01
-1.6604552130e+00
1.3556882944e-01
-2.8470786473e-01
-8.0631026538e-01
5.4454463404e-01
1.2385480158e+00
-9.3034104791e-01
8.9360502002e-01
-7.7618060089e-01
-4.7189941835e-01
7.8842787211e-02
-3.0056134557e-01
2.7571831894e-01
-2.8694983755e-01
-7.0553814251e-01
-7.9966037293e-01
-2.1058166641e+00
-4.2875272470e-01
5.4687310565e-01
2.1148539471e+00
1.2407815229e-01
-5.3690002085e-02
-8.6167570126e-01
9.0352318701e-01
-2.0729003905e+00
-9.6851995243e-01
-1.6613251928e-01
1.8282255103e+00
-1.3056164853e+00
1.9079388734e+00
1.0235358552e+00
-1.4050838296e-01
4.3998083676e-01
3.4578552499e-01
-1.2125619917e+00
-7.0913429225e-01
-6.2067167362e-01
8.5664818880e-01
1.5358080187e+00
-4.2289814858e-02
-1.3227399417e-01
8.5263885691e-01
-1.5454561117e-01
-7.5552313532e-01
8.2761080256e-01
-1.0086152320e+00
1.7886430027e-01
-6.9219000372e-02
-9.1408842450e-01
-9.3079671199e-01
8.6091680268e-03
2.0626558621e+00
-1.2397016866e-01
-1.5235784184e+00
-1.4919162034e+00
-1.6705840454e+00
-2.0567707244e+00
4.2161514514e-01
-3.2445910186e-01
-3.7484494297e-01
-9.8719411224e-01
-2.4875368362e-01
5.9558380273e-01
1.4949396153e+00
-1.2525336918e+00
-9.1762997246e-01
5.0828565899e-01
-2.0544666701e-01
3.5226838630e-01
-1.5747856912e+00
5.7668079916e-01
9.5652619839e-01
-3.3986146507e-01
1.7584918932e-01
-7.4977078660e-01
2.6726818571e+00
1.4003678959e+00
1.1705073870e+00
-4.4022615350e-01
1.2479690050e-01
9.5987731453e-01
-3.1654879848e-01
-9.3629635519e-01
-8.8758912397e-01
-1.2271277688e+00
-2.2820472721e+00
5.5359749490e-01
1.2810434543e+00
1.0225922663e-01
-1.6157671586e+00
1.2007326242e-01
-1.0780865462e+00
-6.9753366391e-01
-9.0078566958e-01
-1.1607247997e-01
8.1085524978e-01
8.4415700621e-01
-2.2612968681e+00
1.1277337317e+00
1.8150908564e+00
4.7629185455e-02
-1.1342681880e+00
2.2172642278e-01
3.8702870359e-01
-1.0635110903e+00
-3.5427411702e-02
3.8534816083e-01
4.4035142795e-01
-7.8434666535e-01
-9.5229913799e-01
3.4146936129e-01
-1.4684394807e+00
1.0562674752e+00
1.6797567558e+00
-5.5459393140e-01
-5.4257228227e-01
-1.2396827076e+00
-5.3655527624e-01
4.2592961001e-01
-1.0097773955e+00
1.6956449109e+00
1.9017104821e+00
-6.1327281455e-02
7.5723721678e-01
3.9935430388e-01
1.8713991135e+00
-2.0428253969e-01
7.6317650214e-01
6.8228967424e-01
-2.5530172415e+00
-1.4491281098e+00
1.4157277218e+00
2.6274348453e-01
1.9810311621e-01
-5.1870098749e-01
-5.6376557965e-01
-9.8702349942e-01
6.5132772056e-01
-4.4128422201e-01
-9.7790965252e-01
-1.9919646673e+00
1.5174694676e-01
3.2969778366e-01
1.0390910561e+00
9.7862333875e-01
1.6017727930e+00
3.2902030933e-01
5.2415515442e-03
1.0525519938e+00
6.0540858508e-01
-5.9986038060e-01
2.8965129750e-01
4.6414959011e-01
3.4011495713e-01
-1.4487499634e-01
1.2101916148e+00
-4.2275371435e-01
1.7617136949e-01
1.2178646568e+00
9.0586769511e-01
-8.5393508624e-01
1.4402606800e+00
7.1905954783e-01
3.8920267705e-01
1.7154553490e+00
-1.4217329331e+00
1.6714644015e+00
2.1616985218e+00
1.6436760364e+00
