-1.5962662631e+00
1.7590930242e+00
8.1850010910e-01
4.9395276232e-01
1.0857212319e+00
1.5306948881e+00
1.7287281591e-01
-1.6138183274e-01
-1.0321879398e-01
4.8330374445e-01
-6.3900284814e-01
1.1339561008e+00
9.9077450349e-01
4.8041145640e-02
-3.8134643917e-02
-5.8377368925e-03
5.8992088374e-01
1.7169991176e+00
-1.8408424111e+00
6.8434223732e-01
5.3438199979e-01
-1.3760268831e-02
1.0637094790e+00
-7.6444498656e-01
1.8086028254e-01
1.0792430455e+00
-8.1447756379e-02
-1.8187085122e-01
1.2799590331e+00
-8.4117423699e-01
-6.4251029777e-02
8.9173058933e-01
