-6.9125352393e-01
-1.2569809406e+00
5.2222985029e-01
-3.4154817523e-01
-4.4686870758e-01
1.4888949770e+00
6.9267467079e-01
-9.2340815521e-01
-1.0509840334e-01
1.2375847195e+00
-2.2816442747e-01
-1.7513817513e+00
1.0829004798e+00
1.5111542669e+00
1.2405537782e-01
-6.7205790711e-01
7.3862610094e-03
-1.4926661255e-01
-8.1249581018e-01
1.7783055162e+00
2.2800474102e+00
-5.9616934393e-01
-5.7971665377e-01
4.3020585851e-01
-7.6051503889e-02
-5.7451112263e-01
-4.5179687113e-01
-7.0052293987e-01
2.8524581165e-02
2.0661124119e+00
1.5969091766e+00
3.3136791957e-01
-1.3688150780e+00
5.2711588913e-02
1.2457891612e+00
2.0414140325e-01
-9.1875639812e-01
7.0266945250e-01
-6.6436909709e-01
-6.9419185449e-03
5.1390325304e-01
6.7747714392e-01
-1.3417826008e+00
-5.2457894155e-01
2.5581528630e-01
-8.9449539770e-02
-1.9852989387e+00
2.3955718516e-02
-9.7978326600e-01
9.6081134896e-02
-9.1548085425e-01
-1.2583493347e+00
-1.3174699197e-01
4.4834440490e-01
5.8074724644e-02
2.0634865403e+00
-5.7331580324e-01
1.6211079120e+00
1.5274392349e+00
1.0065656881e+00
-4.6353915533e-01
5.5710376264e-01
2.4122249690e-01
1.5105009067e-01
1.4454032792e+00
4.6466339761e-01
1.3850441026e+00
-2.7063963544e-01
-2.3405839812e-01
-1.0595861798e+00
4.7349005820e-01
-4.0491811408e-01
4.1550025075e-02
1.8979632459e-02
2.0310078248e+00
1.5334801970e-01
7.9730075200e-02
-8.3595496221e-01
-4.8427560715e-01
3.0757987028e-01
-1.5134431737e+00
6.7449457560e-01
-7.0823224758e-01
-9.4517458237e-01
-3.3521617026e-01
-1.5330484417e-01
3.5352320427e-01
-1.4570034872e+00
3.3696980283e-01
-9.1485987571e-02
-1.4805154553e+00
3.5880188879e-01
7.4576416963e-01
-1.7297102850e-01
-2.6917844746e-01
-1.0500995103e+00
-1.0456967765e-01
-6.1011582662e-01
1.2518610261e+00
4.3798383159e-01
-4.6975584770e-01
-4.7215922790e-01
1.5714779342e+00
1.0809663383e+00
-8.9482504979e-01
-1.2945380487e+00
-2.0923133257e-01
1.9140032498e-01
-1.2281533280e+00
7.2090181961e-01
1.5052829390e+00
1.5871261898e+00
-2.1166765189e-01
1.0826568173e+00
1.7563362045e+00
-1.6561516164e+00
-1.9813577762e-01
2.4691611751e-01
-2.1543157960e-01
5.0260382758e-01
-1.5414984027e+00
4.9812158412e-01
4.4502752580e-01
-1.0351174888e+00
-2.1003855724e+00
8.5999389214e-01
1.3742951620e+00
5.2104290443e-01
2.4499350133e-01
7.2068041842e-01
3.9262871877e-01
2.7602311472e-01
-1.9003472311e-01
-4.6846994775e-04
-1.5728434548e-01
-1.3245549544e+00
-4.7949921961e-03
1.1827251547e+00
1.2352347254e+00
2.4037272868e-01
3.0411126633e-01
1.0733734434e+00
2.9571448695e-01
2.4085049913e-01
-1.7924998974e+00
-8.0736801406e-01
3.3160747236e-01
4.8144532031e-01
-8.9158805582e-01
-5.7619620259e-01
1.1837615042e+00
7.2614321851e-01
6.8621031765e-01
-1.5821306616e+00
-4.5923608698e-01
-1.5941538200e-03
6.1607598898e-01
1.3985299809e-01
2.3372731221e-01
-9.5937249335e-01
-8.1996784094e-01
-6.9518239121e-01
2.9450949830e-01
4.9983464670e-02
-1.0247466941e+00
-8.6554087888e-01
-2.2107512259e-01
-1.7188317552e+00
-9.9577784193e-01
3.9011018081e-01
-8.1350103092e-01
2.8119585729e-01
-1.8831203646e+00
1.7967168977e+00
-1.2098290578e-01
-1.3000412575e+00
-4.7553121747e-01
-6.4078471492e-01
2.2245319997e+00
-2.4151498441e+00
7.6114202503e-01
-2.2840114968e-01
-1.1723654862e-01
2.1830563681e-01
-1.9360148612e+00
-1.3652061229e-01
1.0003509221e+00
-2.3523577102e-01
1.6542349780e-01
-5.7175118217e-01
1.1737121958e+00
1.7326092660e-01
-2.9664977578e-01
-6.3653319582e-01
-4.2162221738e-01
-2.6233447747e+00
-1.1594722246e+00
7.0561605041e-01
5.9772714197e-01
6.2538392918e-01
