-2.1935530361e+00
-7.3826618913e-01
-1.3873098848e+00
-1.7540841320e-01
1.1838855828e+00
-1.9311916996e-01
6.7484116967e-01
2.4006267546e+00
5.0792111019e-01
-4.5220826220e-01
-6.4648215509e-01
9.0697981906e-01
1.9297622582e+00
3.9112280387e-01
-7.2895362905e-01
1.1501036585e+00
1.0873187072e-02
7.0496578822e-01
1.4599249126e+00
2.5052876250e-01
-2.4984165324e-01
-5.5491086088e-01
1.0352262903e+00
-5.9572975811e-01
-1.5016459539e-01
-3.0592838995e+00
-1.7301423588e-01
-3.0158134504e-02
5.8633834164e-01
-8.0024395329e-01
