-1.9681969900e-01 -2.3923769530e-02 2.6490531413e-01 9.7947595381e-02 -1.0427983907e-01 2.1580052830e-01 -9.0666577946e-02 -8.8413240611e-02 1.4102946506e-02 -1.1181738572e-01 -3.4150019149e-01 -2.3635267004e-02 6.9651195919e-02 -2.3612291615e-01 1.2413565335e-01 -4.3709074758e-02 -5.3625626580e-03 1.7863967595e-01 8.9196583852e-02 7.6735212992e-02 -2.1715002352e-01 1.2696987238e-01 -4.6573333675e-01 1.8253156312e-01
9.4967982440e-02 -3.3531510058e-02 -1.5424780332e-01 2.3810003040e-02 4.2438113515e-01 9.5984149191e-02 1.3170998699e-01 2.0346963793e-01 -2.2279606761e-01 2.5863978867e-02 -1.1162162004e-01 7.9490684114e-02 -1.8212285485e-02 -3.6699855256e-02 -1.0864456744e-01 2.4748232714e-01 1.6921035314e-02 1.7995383596e-01 -3.1314051831e-01 2.1314022116e-02 -7.7208618845e-02 1.0296756619e-01 2.2212866262e-01 4.2150318477e-02
1.1868702515e-01 -1.9211238863e-01 -2.5647502600e-01 -2.6327317818e-01 1.0873566969e-01 4.2609549402e-03 -2.1951451718e-01 4.8425007837e-02 -1.6253795637e-02 1.5216839659e-01 5.5008571048e-02 2.8290604252e-01 -1.7722988639e-01 -1.8629872964e-01 6.3286575910e-02 -3.9168515222e-01 5.7990897788e-02 -3.1287779424e-01 3.0367196661e-01 1.2774380909e-01 -3.2296821385e-01 -2.3438395167e-01 1.9164493051e-01 -3.3880777812e-01
-1.1437449533e-01 -7.1724674910e-02 -1.2121476483e-01 6.6923140939e-02 3.6344392643e-01 -2.8024273786e-02 1.8562771537e-01 5.3871647994e-04 2.5196441545e-01 1.0041786173e-02 -1.1935376859e-01 -2.8367851248e-01 -4.1713986129e-01 2.0313968417e-01 2.7798822141e-01 -2.2053617186e-01 3.7947313443e-01 6.2770851930e-02 -2.4128072262e-01 -9.2505928088e-02 -2.1435585087e-03 -5.2842723932e-02 -2.6723935692e-01 -2.9776229686e-01
-3.3427704714e-01 -1.6955718685e-01 -5.0969167983e-02 -1.8710722862e-01 8.7997208229e-02 9.8240660076e-02 1.2736533378e-01 -1.0098874663e-02 3.7097381027e-01 -3.6388664929e-01 -2.0292176812e-01 -2.0946923367e-02 -1.2534580856e-01 4.4616654221e-01 4.3103930881e-01 2.5877218317e-01 1.9491885055e-01 -2.1272069993e-01 -1.7112828213e-01 -5.6849869409e-01 3.1349238819e-01 1.6062457152e-01 1.6947408975e-01 2.7214519878e-02
-3.1864379144e-01 -9.7387271606e-02 -4.0953125022e-02 5.8885729635e-02 1.8643380553e-01 1.7088903257e-01 1.5172652830e-01 5.8220988466e-01 -5.1444108307e-02 -4.2354894439e-01 -4.7584910698e-01 -1.5007537737e-01 2.5267460833e-01 5.4080133052e-01 1.8335222788e-01 3.7147320851e-02 8.2986607359e-02 -4.1242078839e-01 2.1889922894e-02 -3.5234499932e-01 4.8287405677e-02 -4.8637185163e-02 -2.7458233860e-01 3.0562157577e-01
-9.9328464191e-02 2.3664369360e-01 2.1402247599e-01 -2.9683645641e-01 1.9785386131e-01 -1.2393618693e-01 7.3738849893e-02 -1.5862399272e-02 3.9056250775e-01 4.1342402875e-03 -1.5522665465e-01 1.0992628837e-02 -1.1282148790e-02 5.3310533686e-01 2.9123121635e-01 9.2872349161e-02 3.3086823124e-01 1.3153679807e-01 1.4913679653e-01 -1.9002630132e-01 3.4417341064e-01 -9.3190723792e-02 -1.2671745849e-01 -4.1808345482e-01
4.1400593845e-02 3.8630482811e-01 -2.6932788038e-01 -3.5431110130e-01 3.2957753680e-01 2.9524840556e-02 -7.9920927410e-02 1.5132715011e-01 -1.3947833910e-01 -1.7894839317e-01 1.5714318374e-01 -1.3484725828e-01 -1.3254690378e-01 -1.9924220205e-02 1.9642125218e-01 3.9368043091e-02 3.9789376985e-01 -1.6705533574e-01 3.8184006387e-01 -2.3512658980e-01 2.0410897405e-01 4.4533927767e-02 3.0954388674e-01 6.3261385810e-02
4.5963929555e-01 3.3919313556e-01 1.1637088811e-01 -7.8684551239e-02 -6.5701169107e-02 -3.1565506531e-01 -1.0984445782e-01 -2.2877103782e-01 -3.8051201535e-02 1.9859339318e-01 -3.0422744226e-01 2.8001738838e-01 -3.3961109411e-01 1.0635984823e-01 5.5661792430e-02 -3.2108246583e-01 -6.1059482021e-02 1.5988343674e-01 -2.7315695646e-03 -1.3707105824e-01 6.8642653410e-02 -9.7392400449e-02 1.1594555522e-01 -5.6683430374e-01
2.8301211538e-01 -2.5404887196e-01 -4.8511991362e-02 -1.8561455585e-01 3.8320276476e-01 1.9138581490e-01 6.3235301021e-02 4.4385474140e-01 -1.9526223558e-01 -1.3058391438e-01 -1.4299510332e-01 -1.1412836800e-02 -6.3657711515e-02 2.0459525399e-01 -1.0710530321e-02 -2.9324615828e-02 3.0661324312e-01 1.8274129731e-02 -1.3138258615e-02 -3.8352881328e-02 3.3486255704e-01 5.3606494226e-03 -1.9580359437e-01 -7.9195343405e-02
-2.1675894292e-01 -2.6244630928e-01 3.0313214540e-01 2.3886986456e-01 -5.5869425888e-02 -2.0531311393e-01 -2.1213080775e-02 4.6940493804e-02 -2.3370273309e-01 4.1485877423e-03 -4.0785233510e-01 -2.0022649348e-01 1.3005156285e-01 1.2242532809e-01 -1.7430380602e-01 -2.0135826692e-01 -1.9390633039e-01 1.9136174420e-01 -1.1290457396e-02 2.3888143232e-01 2.0453986759e-01 -1.6135795089e-01 -1.0992735173e-01 -3.0669254841e-02
-9.1761927949e-02 -1.4393459017e-01 -6.9395086062e-02 7.7891223674e-02 4.0253381226e-02 2.8079881427e-01 -6.5093745181e-03 -2.5438062418e-02 3.0019975000e-01 -2.8240288140e-01 -5.4895046021e-02 -2.5910630630e-01 1.2368588155e-01 2.1254691936e-01 2.3779558495e-01 -7.6334712807e-02 3.2873231744e-01 -2.9442637240e-01 -1.8715847401e-02 -3.3546274095e-01 -1.0674628954e-02 -3.3468249742e-02 -3.4841069457e-02 -1.3761644245e-01
1.8158832637e-01 -7.8576802248e-02 2.8265650158e-01 -2.0366712715e-01 7.6063129451e-02 1.0758716930e-01 -1.8284548036e-02 -5.2760864910e-02 6.8911778125e-02 1.4727375952e-01 1.5308264579e-01 1.3280527813e-01 1.4992930543e-01 1.4762934430e-01 2.0248343139e-01 1.6254925314e-01 -2.6802816081e-01 -3.9622827759e-02 -2.1446651498e-01 1.8194051474e-01 -4.5672274031e-01 -1.2381337127e-01 -6.0516646427e-02 1.2312474808e-01
8.5866033107e-02 -3.8810911267e-02 1.0097809440e-01 -1.6157800092e-01 2.5271569012e-01 -2.7021682706e-02 -2.6002513759e-01 9.8970576293e-02 9.5486953651e-03 3.3375297379e-01 2.1806196304e-01 1.0731528808e-01 -2.4696292508e-01 -2.9561883833e-01 -6.9148068196e-02 -3.8205956033e-02 -1.4109995832e-01 1.2884687655e-01 -4.3118672313e-02 6.1048938457e-03 -9.6206575368e-02 -1.2934574119e-01 -1.2587998216e-01 -1.0041931633e-01
1.6755977928e-01 -1.4829189648e-02 -1.0619388205e-01 -1.7803450462e-01 7.1152364670e-02 1.3574396637e-02 -2.9236629390e-01 -1.7357778977e-01 -1.5628988448e-01 9.9054553561e-03 2.0804808445e-01 1.6956173113e-01 6.6403369793e-02 1.0062442970e-01 -9.7545379557e-02 1.1184671913e-01 -1.1644842019e-01 -2.6469156591e-02 -1.5104719315e-01 -7.7903847327e-02 -1.9505836449e-01 -1.1011978098e-01 4.1909226458e-02 -7.0575196546e-02
5.1643933825e-01 1.3774357086e-01 1.7990872679e-01 3.0396419740e-01 -2.1655974656e-02 -1.6327882141e-01 -4.7020073162e-02 2.4299173304e-01 -6.9030803372e-02 4.3893232255e-02 -1.5966096103e-01 6.1832485687e-01 5.0390828415e-02 3.6840147957e-01 -8.3218320500e-02 -1.7385956807e-01 -2.3475544756e-01 -2.6720829364e-01 3.8166501297e-01 2.1295442966e-01 -4.2959031781e-02 1.2740061320e-01 1.4431622697e-01 2.6510374315e-01
-1.8322363565e-01 -1.1938266031e-01 5.6229252279e-01 -1.5495000912e-02 -1.0965191419e-01 4.3896319276e-03 -2.5731849599e-01 -4.6927674883e-02 -2.8216895305e-01 -1.3370890719e-01 2.0802473039e-01 -1.5759921471e-02 -1.1626487187e-01 -1.2410210283e-01 3.2940623391e-01 -2.5902096621e-02 -3.4527212346e-01 9.0533681259e-02 2.0177678409e-01 2.7090823297e-02 1.1704127980e-01 1.8939995131e-01 2.7628962068e-01 3.2531628415e-01
1.3816051881e-02 1.9982589602e-02 -2.0263717239e-01 4.7636507326e-02 -4.2044093938e-01 -1.4055434645e-01 -8.5999858758e-02 1.2895075624e-02 -2.0913918298e-01 1.3618335858e-02 5.8343907508e-02 6.9840673307e-02 -2.5329807285e-01 -1.2785912256e-02 -1.1425841951e-02 -2.8005698577e-01 6.2541405886e-02 1.8408748225e-02 -7.0859624085e-02 -1.0037323662e-03 -1.6437155156e-01 -2.4642922064e-01 3.4235405992e-01 1.1086069589e-01
-1.7298695274e-01 -2.0932952824e-02 -1.2886657697e-01 -1.8777681754e-01 4.3427976381e-01 -2.2648322857e-01 2.0815558162e-01 -1.4181891510e-02 -9.1506646820e-03 2.6172038015e-01 2.2268277514e-01 -2.0247295315e-02 2.5637284647e-01 2.6802127750e-01 1.6707710664e-01 -9.6874005583e-02 -6.6859210657e-02 -1.1117660203e-01 9.6611074749e-02 1.0123142081e-01 3.7282955684e-01 -6.4892971261e-02 1.7035151421e-01 -3.0774554670e-01
-2.8456424094e-01 4.8574824347e-01 -3.4387611576e-01 -1.1087216653e-01 -2.4417406371e-01 5.0826835103e-02 2.5684275118e-01 4.2795804051e-01 3.3514501004e-01 -5.2452364726e-02 3.2561253270e-01 4.0063521497e-02 1.3364613449e-02 -1.5133919225e-02 -1.0600177189e-01 1.2576632870e-01 -3.9454801483e-02 1.8813980626e-02 -9.9671810196e-02 -1.4877564092e-01 1.5682338248e-01 -2.1326981764e-02 -2.7852481961e-01 -1.8855653487e-01
2.9852657011e-01 2.6338536424e-01 -5.6380676364e-01 3.0747386563e-01 -4.8837543724e-01 -2.3668873275e-01 -4.5618006170e-01 4.0289472887e-02 -1.4126749974e-02 1.9613942440e-01 1.9547586570e-01 4.4116882571e-01 -4.4730804849e-01 -4.7791029452e-02 -4.3775057465e-01 -3.1408357919e-01 8.3107026028e-03 3.9038373384e-01 3.4394928339e-01 2.6773745969e-01 -4.0394206707e-01 -1.5509073238e-01 5.9034770457e-02 -3.5996913575e-02
1.2436700182e-01 9.2472767151e-02 3.6842037863e-01 2.5778431922e-02 4.4495087048e-02 -2.1299327544e-01 3.7654703201e-01 -1.1919135248e-01 1.3578680847e-01 -3.0912726748e-01 -1.4562376084e-01 1.8665624793e-02 2.3169727478e-02 -7.1066914736e-02 -1.7775447680e-01 -6.3446357206e-02 1.6261902765e-01 1.8665117114e-01 -5.4885231500e-02 -3.0677900431e-02 -7.0836612659e-02 2.3384435562e-01 7.1354518123e-02 -1.8605220891e-01
-4.1997671461e-01 -1.4567362424e-01 1.7130257827e-02 -2.3944330443e-01 -1.8270081458e-01 -1.3108699867e-01 1.1740151492e-01 -8.2046924719e-02 6.3497453603e-02 1.8198599161e-01 -2.8217440547e-02 -1.9694001799e-01 1.5378793434e-02 -1.6647694738e-01 2.2520235849e-01 1.9607210628e-02 3.6626385436e-01 2.4173443947e-01 -1.1401935968e-01 3.7842550003e-02 2.5707770119e-01 1.0818561369e-01 8.4045036557e-02 1.7684040742e-01
2.2215517590e-01 -8.4109333185e-03 -6.8952504361e-02 -1.4968963352e-01 -6.2552120760e-01 -2.5792207036e-01 -3.8617321345e-01 1.1223960463e-01 -7.2458335840e-04 -3.0958398554e-02 2.1856440683e-01 2.9034110383e-01 -7.0284087482e-02 -1.0407607747e-01 1.1240118823e-01 -1.9463942263e-01 -2.1624990399e-01 1.6108019348e-01 2.4159475481e-01 6.9507856089e-02 1.0023915987e-01 -7.5792730703e-02 2.1271232510e-01 2.1904831295e-01
1.4759695013e-01 3.0882477446e-01 -4.5109251031e-02 -2.8965841908e-01 -4.1839914258e-01 -3.8142366456e-01 3.5627794145e-01 -9.4898404680e-02 3.2082843868e-01 -2.2489312510e-01 2.7542788263e-01 -4.7340690838e-02 9.8417933219e-02 2.0962015462e-01 -6.2750620114e-02 -2.0146498207e-01 1.9067591916e-01 -2.6832119061e-02 -3.3439165968e-01 2.0241164504e-02 -2.3122874143e-01 3.7686794101e-01 -2.3020080937e-01 7.2399646939e-02
2.8781728698e-01 1.9622847125e-01 -2.5245167286e-01 -1.0431057568e-01 -1.9386822834e-01 2.0638075503e-02 -9.5048659903e-03 -6.3606707237e-02 -2.8089468237e-02 -1.0330260964e-01 3.0899538335e-01 1.7561331052e-01 1.3572528526e-02 -1.3014669808e-01 2.1021653323e-01 2.0178244120e-02 3.9458176281e-02 -7.6558653291e-02 1.2326915224e-01 -3.7089134506e-02 9.1296779890e-03 -1.1555174473e-02 2.0422955075e-01 -5.0641255568e-02
1.7296254480e-01 8.0277807394e-02 -2.0411146947e-02 1.2708431350e-01 3.7484164831e-03 -1.7446831297e-01 -3.0229564221e-01 1.9212294962e-01 -2.2609965464e-01 -2.6153209008e-01 -4.8607031699e-02 2.9791801656e-02 -1.7529495737e-01 -3.7178872186e-01 -1.1527784311e-01 -2.9505055890e-01 -3.9792920899e-01 3.4639537098e-01 9.2263942277e-02 3.4084931799e-01 -4.0499754543e-01 2.0263519154e-01 2.2222747593e-01 -5.6733456201e-01
-1.4688996491e-01 2.7919802433e-01 -4.9987614504e-01 1.0803278074e-01 -2.2750241686e-01 -4.5859794574e-02 -1.0135359479e-01 -8.8636860803e-02 -4.8672218612e-02 -2.3474938312e-01 2.8824702187e-01 6.9910409539e-02 -1.1238914397e-01 2.2863017723e-02 2.0140293473e-01 -2.5108624072e-02 -1.9862501126e-01 1.6796265712e-01 1.4680563794e-01 1.2815860472e-01 7.5023248614e-02 -3.4210258824e-01 2.4042514434e-01 2.9387351122e-02
7.1540518628e-02 -9.7944177591e-02 -1.8285811348e-01 1.8508567193e-01 -1.5522000854e-02 5.3371396986e-02 3.1451598152e-01 -1.6676493590e-01 1.4095057963e-01 -1.2174727920e-01 -1.8614871925e-01 -5.2346092533e-02 6.8201162657e-02 1.9899506523e-01 1.8249059426e-01 2.7853648695e-01 -1.7640998150e-02 -3.8252225051e-01 -2.2836972735e-01 2.1782861412e-02 1.4030099971e-01 9.5788208322e-02 -2.8062809347e-01 1.8858646223e-01
-3.4738946596e-02 -4.5993643604e-01 4.7133723102e-01 -1.9130700685e-01 1.5115796064e-01 1.5747659760e-01 2.7991691535e-01 4.8491189956e-01 1.2345628467e-01 -2.6560540698e-01 -2.0382017792e-01 1.4351042546e-02 1.9763146552e-01 -5.0553863157e-02 -7.1128156970e-02 5.9766569018e-02 6.3547291687e-02 -1.0427204296e-01 2.5414645702e-01 -2.4175991710e-01 4.5344007724e-02 -4.9731743804e-02 -2.4846055458e-02 1.7308918522e-01
4.9689131712e-02 -3.8812560480e-01 3.5253306488e-01 -3.7023959726e-01 1.6812725943e-01 -1.3883263456e-01 2.6995996533e-01 5.3866586551e-02 -1.4946762867e-01 -2.7733031417e-01 -4.0552149644e-02 -6.2397176175e-02 -8.4948968272e-03 8.3837771866e-02 -1.6655794904e-02 7.8903632798e-02 1.4408424986e-01 2.5463995706e-02 1.0725949605e-01 -1.2280522965e-01 3.0865543792e-01 -2.3085841434e-01 -9.0163765498e-02 1.2068375713e-01
2.7173493796e-01 -3.4322833520e-01 1.1217236038e-01 -1.6184130283e-01 -2.5981876237e-01 1.4574761447e-01 2.8598149645e-02 9.4765918426e-02 1.5308095716e-01 -1.0394893573e-01 -1.4350696201e-01 -2.0466450908e-02 2.3748106364e-01 -3.4481836684e-01 -4.0177421793e-01 2.1549275108e-02 4.2043102301e-02 2.3828348285e-01 4.1307844827e-01 4.8272011192e-02 -1.7738251521e-02 -1.1420146343e-01 3.7604138883e-02 7.6271515503e-02
