5.7132810245e-01
-1.0379428677e+00
-1.2862904307e+00
5.8742314643e-01
-1.3146202160e+00
-8.8209342727e-01
-1.4757535556e+00
-1.6162664339e+00
1.3848929376e+00
-1.3073232261e+00
-8.3797305793e-01
1.2030910589e+00
-5.9489890992e-01
-1.8756062071e+00
-7.9593527014e-01
1.3030746124e+00
-1.2920508171e+00
5.5031094610e-01
1.8149381874e+00
1.4330457894e+00
1.6244817441e+00
-1.3326824561e+00
1.4595234384e+00
6.6018658306e-01
-1.0814777878e+00
1.0143308230e+00
1.4182248675e+00
-1.4570169815e+00
7.8857916081e-01
-1.0742133704e+00
6.7652655680e-01
4.7998352131e-01
-1.6808201433e+00
5.0487753633e-01
1.7337453743e+00
