3.8707946364e-01 -3.0890354615e-01 -3.7684847576e-02 2.9355737503e-01 -8.7678463812e-01 1.7686846867e-01 2.3899712409e-01 9.4229516343e-03 6.0561488899e-02 -4.0480263825e-01 7.5859226694e-02 5.5553489545e-01
3.7571750124e-01 2.4183477853e-01 -1.8275114106e-01 -5.2973437860e-01 -3.8033373592e-02 -1.2768355902e-01 2.8834496996e-01 -3.2533782716e-01 1.5603612025e-01 -3.5453688296e-01 4.1060881801e-01 -2.6863653104e-02
5.8403977294e-01 -9.3075854479e-02 -1.4382639548e-01 -3.1144345224e-01 5.1645210127e-01 1.7485030945e-01 -2.1976178082e-02 5.3084650691e-02 3.7680355337e-01 -1.8273188696e-01 1.5399067421e-01 2.0788340363e-02
-7.1195773021e-02 3.4367579572e-01 -1.6111631777e-01 -6.4142008380e-02 -2.4116475983e-02 -7.3609726340e-02 -1.6793631523e-01 3.0035076147e-01 -2.5847478831e-01 3.2107905928e-01 9.7049574318e-02 -8.2116521836e-03
-2.4418007029e-01 1.4986945697e-01 1.6731387508e-01 -9.9159994689e-02 -1.2088231035e-01 5.6104447092e-01 -6.1094148273e-01 4.1029559865e-02 -6.1861271853e-01 -3.0934363488e-01 1.0238472381e-01 2.0802167379e-02
1.2136109478e-01 3.7962018614e-01 3.1530735743e-01 5.7570207246e-01 -6.6422007225e-01 3.8071667331e-01 5.9843229457e-01 -1.9681275081e-01 -2.9601342809e-01 -3.0132214798e-01 -1.1978802299e-01 5.3848083268e-03
8.8533586646e-01 2.2601575107e-01 1.6145065066e-01 4.4537098524e-01 -4.3216374590e-01 7.7428556933e-01 3.9314020383e-01 -1.4182743126e-01 -3.2783861943e-01 -3.4685143415e-01 5.8305636543e-01 -2.9834378922e-01
7.6284292838e-01 -1.8436670317e-02 2.1338102330e-01 3.0179582105e-01 -5.0490959663e-01 6.3335303352e-03 7.6264666110e-01 -1.2600562707e-01 -9.1048579719e-01 -1.2310331239e-01 5.0655321180e-01 -3.3511103741e-01
-3.3123305267e-01 6.5735463055e-02 6.4977540261e-02 -4.2472761073e-01 -1.8205334117e-01 3.0585126508e-01 2.1418681831e-02 2.2607111008e-02 -3.5941193862e-01 -2.7884653526e-02 -3.2166313697e-01 2.1472749236e-01
2.2329349687e-02 1.2112961600e-01 -2.3868951410e-01 -1.2246402086e-01 4.6430902376e-01 -3.3604595694e-01 -5.6174353437e-01 1.0128678956e-01 8.3511535410e-02 3.3823571562e-04 -4.6571578165e-01 6.6306914639e-01
-9.3802286507e-02 -8.5638572464e-04 1.4276860099e-01 -2.5852181541e-01 5.8455140725e-01 2.4790080211e-01 5.5779163583e-02 -2.5384526199e-01 8.6466809654e-01 -1.2846353465e-01 4.1899929198e-01 1.3500964749e-01
-2.6033109535e-01 2.9467460737e-01 1.2719015351e-01 -1.4994685887e-01 -5.2532473311e-02 5.0028216119e-01 -6.9000433593e-02 3.4669932115e-01 2.6784989761e-01 -8.1056405029e-02 -1.2563657598e-01 -7.3227631205e-02
