-7.1985736397e-01
1.3613362085e+00
-5.5415905211e-01
2.4175707772e+00
1.3453322092e-01
2.6522733165e-01
7.1085058820e-01
-1.1713576547e+00
-8.3490173209e-01
2.1859258420e-01
-6.6160131790e-01
-9.2565937198e-01
1.7475042332e+00
1.6020535988e+00
-6.6812013441e-01
-1.9118783991e+00
-8.6504137991e-01
1.2415416720e-01
-2.7139825978e+00
-2.2129894680e-01
8.3227064054e-01
2.4810264465e-01
-2.2131929899e+00
-7.0130141312e-01
6.4687109609e-01
9.0839662192e-01
1.5517785391e+00
-1.7867341316e+00
1.4690230747e+00
1.0540973758e+00
1.2290668104e-01
1.3408758349e+00
-1.5757479754e+00
-7.1362603406e-01
-2.8173453066e-01
1.1519313520e+00
1.6186554435e-01
-1.5034129817e+00
-4.0523734756e-01
1.3673145038e+00
-1.5439539961e+00
-1.4800599004e-01
-4.4203865822e-01
-5.6195346806e-01
2.9268731505e-01
-1.2826981593e+00
-2.1307815826e-01
-7.1446692874e-01
-2.3435985369e-01
1.4170979235e+00
5.1780002997e-01
-2.5298955459e+00
-1.7469037335e-01
8.5901135854e-01
-1.5900719365e-01
1.0364002931e-01
3.9473225262e-01
1.5596504313e-01
-2.6554949605e-01
1.0553125324e+00
3.5315754899e-01
-1.1549154881e+00
-1.0341324976e+00
-1.2998770916e+00
-7.8109682728e-01
6.7047887083e-01
3.2681512647e-02
-5.5409239250e-01
1.7447075773e-01
-1.2175156425e+00
-5.3393517582e-01
-8.7644228011e-01
4.2568680442e-01
1.3658138965e+00
1.5169825185e-01
-1.6218414115e+00
-1.0608607037e+00
-2.8955687932e-02
5.5575125855e-02
-9.9621076550e-02
-7.8060038541e-01
6.0761905711e-01
-1.4097637140e+00
9.7031714881e-01
4.4811507653e-01
-4.3128887791e-01
-1.5637151958e-01
-7.9179995253e-01
2.1548897644e+00
1.2085496237e+00
6.2410981956e-01
-3.9909928339e-01
-1.9964228884e+00
8.3539854596e-01
5.8320353810e-01
3.6314967881e-01
5.3061484094e-02
5.1709987700e-01
-1.9902208077e-01
5.2517830263e-01
-2.4519539620e+00
-6.4020464647e-01
1.3348897686e+00
4.3372999400e-01
1.3621999186e+00
2.7084507678e-01
5.1060623718e-01
-3.6363274121e-01
-7.6801012967e-01
-1.2847605165e+00
3.8055170871e-01
-4.6151454923e-01
1.9726867002e+00
-1.9185939412e+00
-6.9703643037e-01
7.2718575755e-01
-5.4476670862e-01
-5.3010040895e-01
6.2052059727e-01
-3.3761849116e-01
-8.9374399705e-01
-3.6963911772e-01
2.6046453183e-01
5.8782801531e-01
1.8450101533e+00
-1.6982157158e+00
-1.4937439179e+00
2.0516970626e-01
3.6315743677e-01
-1.0598915931e+00
-5.8550751222e-01
4.4988806938e-01
1.0687836036e+00
1.2818353315e+00
-1.6215641660e-01
-2.1715071100e+00
-1.0881375989e+00
1.5047586602e-01
3.9519044817e-01
-1.0308388952e+00
1.4391112558e+00
-3.7589049289e-01
-1.0485700514e-01
4.2688422572e-01
3.3472064724e-01
1.5476241595e+00
-1.3854752734e+00
1.5283938857e+00
1.2111133571e+00
2.9209966268e-01
-2.1802026953e+00
5.4054731684e-01
5.4055258130e-01
2.6117789236e-01
2.6169097469e-01
5.2580133374e-01
3.8686391024e-01
1.5545494235e+00
-3.1491339451e-01
1.7132234085e+00
2.5549345783e-01
-3.6515899711e-01
-2.1939567695e-01
2.2996494171e+00
4.6629929673e-01
2.0946626381e+00
2.5781134174e-02
-8.5378070158e-01
-6.4205210804e-01
-1.8740740810e-01
1.2860145696e-01
-1.3993056079e-01
1.3782526827e+00
-1.2010716202e+00
1.2072868004e-01
-1.8815440054e+00
-6.6802968475e-01
2.5447711593e-01
-2.2031448727e-01
1.0326370529e+00
2.9124460352e-02
-1.1953491324e+00
-1.0164672209e+00
-6.9763351179e-01
-9.0956686641e-01
-7.3406854113e-01
1.2425669815e+00
1.8722464141e-01
-7.2259559049e-01
1.3152940418e-01
4.0456916813e-01
6.8082225748e-02
1.8150551139e-01
1.0162539010e+00
-1.3908138999e+00
9.9943823752e-01
-2.1726279308e+00
3.2275013323e-01
-6.5944892956e-01
1.7144932336e+00
