-9.2679357791e-02 -2.3818004119e-02 8.2116089550e-03 1.9845499703e-01 8.0025023926e-02 -2.0099309867e-01 -2.6012897359e-01 5.4563228832e-02 4.8502368227e-01 1.8707524134e-01 2.0261878584e-01 -2.2121220101e-02 -1.3386169626e-01 -2.0798397071e-01 -9.8396039451e-02 2.7467677245e-01 1.3438081924e-01 -1.6951838910e-02 -3.0879985369e-01 7.4976867764e-02 -2.2573413575e-01 6.7023760811e-02 2.7098202051e-01 8.2950879178e-02 -9.3878847343e-02 -7.7074511659e-02 -3.0915599385e-02 -3.5296172585e-01 -1.0986389111e-01 9.2158337451e-02 5.8284694250e-01 -1.8108266725e-01
-7.4495314779e-03 1.4215407002e-01 1.5737756528e-01 1.8152875295e-01 3.5444552386e-02 1.3917887193e-01 -3.7353021072e-02 -2.9301974296e-01 2.3313290911e-01 6.7153718985e-02 -3.1442331301e-01 -2.8614802058e-01 -1.1843499797e-01 3.2336096585e-02 -5.1460211799e-02 4.0527841593e-02 1.2510559291e-01 4.6907901730e-02 3.3508205991e-01 -1.9093567593e-01 -2.8674614820e-01 -1.8198581562e-01 5.4447260125e-02 1.1818797300e-01 -4.5169725872e-02 1.2524784013e-01 4.5746291721e-02 -6.0796585279e-02 -3.2584483029e-01 3.5650213946e-02 -2.9310658932e-01 3.8509286747e-01
1.8840544763e-01 2.9386643262e-01 8.7279429917e-02 -2.1769580896e-01 -3.4806222360e-02 -2.1414658205e-02 2.7294052672e-01 -1.3464419541e-01 8.3474254802e-02 1.2502437973e-02 -1.3664462231e-01 6.4886910425e-02 2.1105746874e-01 1.2655483150e-01 -2.4319469725e-01 2.0944635772e-01 -2.9199906540e-03 1.2204028393e-01 1.1966453458e-01 -2.0526584841e-03 -1.1816076404e-02 1.6458085192e-01 -1.9930761143e-01 -3.1842331450e-01 2.9669138671e-02 -3.0929825288e-01 -7.4061356820e-02 -2.2412487752e-01 -1.7628394707e-01 1.2925085751e-01 1.6413440209e-01 -1.6039841789e-01
1.2126244653e-01 4.2227358606e-02 -2.1099024966e-01 -6.9484973325e-02 9.6189553483e-02 -4.9608492619e-02 -9.0423062825e-02 8.6502337047e-02 -1.1215497961e-01 -2.0392811173e-01 7.6962016613e-04 8.2527832307e-02 -5.9172151890e-02 1.1856491806e-01 2.1399537533e-01 1.1063837364e-02 -8.1452701967e-02 -9.0123865747e-02 2.6503842098e-01 4.0581441460e-01 -7.0544864992e-02 -2.8690674859e-01 1.6842045128e-01 -2.0848052426e-01 1.6028001576e-01 -1.9640844961e-01 5.6224830577e-02 -1.3025537118e-01 -5.5329419123e-02 1.3092960135e-02 6.8031213034e-02 -1.6280936480e-01
-2.6984693911e-01 1.3317810742e-01 -2.9644833965e-02 5.4115230419e-02 -1.7775636297e-01 1.0277561442e-01 8.0239342409e-03 3.6419136805e-01 3.6181762472e-01 -8.3471193806e-02 2.5407754929e-01 9.6754089347e-02 7.6218246294e-02 1.3822059137e-01 2.2995608018e-01 -3.5240965005e-02 -7.9633623431e-02 1.9657167121e-01 -1.4328669933e-01 -9.0369396795e-02 -7.8125987408e-03 -1.1180006725e-02 2.9024445915e-01 1.5100076796e-01 -1.1578982166e-01 -1.4913281985e-01 -2.8553314059e-01 -1.4972376350e-01 1.3246798704e-01 -1.8150751310e-01 -2.0020432479e-01 -1.7661293787e-01
-3.0605738646e-01 1.4793103429e-02 4.5419138849e-02 1.0483614670e-01 -2.3659514706e-01 1.9283924767e-01 8.8098265015e-04 -2.8234824074e-02 -1.4729334927e-01 1.6839996702e-01 1.4568336990e-01 2.7854728968e-01 -1.1030736423e-02 -7.4066463393e-02 1.1208262111e-01 1.2916799468e-02 -8.0788998713e-02 -1.1726887226e-01 2.3585529646e-01 7.2185253926e-02 3.2220370824e-02 -3.9455995429e-01 -5.8785475970e-02 -1.5699702454e-01 9.3013657990e-02 4.8672414154e-03 -6.3504608218e-02 2.5216954522e-01 7.0902083370e-02 1.7339673776e-01 -3.1465156337e-01 1.5533578450e-01
7.8305993068e-02 -1.8410343360e-01 2.2084324060e-01 2.2834596766e-01 3.0637849491e-01 2.2341436298e-02 -1.9154269801e-01 -5.8332966045e-03 1.1549029732e-01 3.0132518547e-01 2.7371232000e-01 2.9718090311e-01 -2.1760302085e-01 -2.8336113874e-01 -9.5875353563e-02 8.0568383896e-02 -2.8005934483e-01 -1.1648514646e-01 -4.0309006984e-02 3.2015741896e-01 -1.3775965229e-01 7.1474973502e-02 2.2166788804e-01 -2.0475648008e-01 -2.4718799183e-02 -1.8532568504e-01 4.9270651726e-02 -3.0569943769e-01 1.7158576672e-01 -8.5812279711e-02 8.4835627236e-02 -2.3589833671e-01
-5.8043033292e-02 -2.0674556604e-01 1.1429899602e-02 -9.3131142349e-02 -3.5232704974e-02 -2.9734861802e-02 7.1396040880e-02 -1.1255194810e-01 -1.5277366280e-01 -1.7412322359e-01 3.1555718406e-02 5.3867643376e-02 -2.3635380629e-01 -4.5811983407e-04 -1.8584840378e-01 5.3838678305e-02 -1.0366156632e-01 -2.3613974655e-02 3.9739732210e-02 -1.4002321268e-01 -3.9564003704e-01 7.3464774218e-02 2.9160479409e-01 -2.2244387157e-02 -7.0280964202e-02 -2.2288156684e-01 -2.4152896897e-01 1.8301671304e-01 8.2984309562e-03 1.1399378687e-01 3.3207260161e-02 4.7802663624e-02
-9.7098068677e-02 -2.2979258224e-01 -4.5895979932e-01 -5.9915121494e-02 5.2127075154e-01 -9.5034497568e-02 -1.0302490361e-01 -5.4956941354e-02 3.0457160375e-01 3.9818269003e-02 3.0941894793e-01 1.1322526349e-01 1.8614284766e-01 -1.0864576791e-03 2.4240023183e-01 -7.0012142842e-03 8.0098487614e-02 -1.9597139193e-02 -1.0794405660e-01 2.7384560854e-02 -4.3590094868e-01 -1.1203462276e-01 -4.2924118948e-02 -2.2796195614e-01 8.3531741674e-02 2.7670434151e-01 2.1951554663e-01 -2.2897374982e-01 1.3728104291e-01 1.9587230653e-01 4.3139662201e-02 3.2008861001e-03
-2.3763796169e-01 -4.6147561725e-04 -8.3674773841e-02 -1.3817458511e-01 4.0619285700e-01 8.8905141770e-03 2.2463303600e-01 -2.7984345607e-01 -3.5249145807e-01 2.1851616087e-01 1.3669525158e-01 -6.5399173418e-02 -8.1728397285e-02 -1.3981412191e-01 6.9178485631e-02 -1.3069732446e-01 1.0699974411e-01 -3.0260896289e-01 -1.0830305234e-01 -2.6707864724e-02 -1.7924557380e-01 -2.1271201630e-01 -1.3405330909e-01 6.9803576393e-02 -1.0182626629e-01 -2.8875569639e-01 -2.3478266943e-01 1.0635137343e-01 -1.8228210818e-01 7.0680114233e-02 6.8069669561e-02 1.2424443588e-01
-3.0502989853e-01 4.0790714665e-01 -1.0196748910e-01 4.9142450025e-02 1.8255360694e-03 -4.4896814342e-02 4.7141019752e-02 -2.9400275477e-02 -1.3606844347e-01 9.4958248271e-02 1.7182680878e-01 -2.2628888507e-02 -3.2603208826e-01 1.3831183686e-01 -6.8323118873e-02 2.0587422942e-01 5.7489215422e-02 1.4310726175e-01 -2.1230710997e-02 -3.4744194663e-01 -2.0858507268e-02 -1.6486587199e-01 1.3374987697e-01 -1.2340780245e-01 -2.1308481018e-01 -1.1410706479e-01 1.7689080263e-01 -2.7385698859e-02 1.3391487390e-01 1.4385307563e-01 2.6458000763e-01 5.5999096857e-02
-2.1922366951e-01 -1.1729510631e-01 -9.7822495892e-02 2.0086850515e-01 2.3189233700e-01 -3.8172026612e-02 2.1134579582e-01 2.7957602015e-02 2.0104008674e-02 6.2304500314e-02 8.7181227381e-02 -3.0265232366e-01 -2.3185083251e-02 7.7736584344e-02 1.6025084187e-01 5.5966869456e-02 1.9258513342e-01 -1.4687550700e-01 -1.3422210861e-01 8.1198469194e-02 -1.0693128315e-01 -1.1101160024e-01 3.0414019176e-01 -1.4471488119e-01 -6.9123669178e-02 -8.9017049113e-02 3.3250426168e-02 2.2056544218e-01 3.7378752568e-01 1.3747940094e-01 2.2936263115e-01 6.0939058732e-02
2.5993524969e-01 1.2300611301e-01 7.6359443692e-02 7.5097708896e-02 -3.3228481584e-01 1.5668009218e-01 -1.1399035498e-01 1.1579610889e-01 -2.0184819869e-01 -2.0351784069e-02 -8.9202426418e-02 -1.7953346108e-01 -4.1915276871e-01 2.9804790869e-01 6.4815097592e-02 -7.8139075307e-03 -1.6910280412e-01 -3.9368113369e-02 -1.7602373486e-01 3.2133046120e-01 -1.6325019682e-01 1.8250426844e-01 3.8820994468e-02 2.5555485324e-01 -8.7095076889e-03 -1.5034748250e-01 -7.6894355262e-02 1.9530559219e-01 -6.4113161801e-03 -1.4537791140e-01 -3.6518964150e-02 1.2571180815e-01
5.5401049273e-02 8.4738665513e-02 4.1933431206e-01 4.1581034942e-02 -8.7649255943e-03 1.2345795653e-01 -6.8520348303e-02 -1.4309172238e-01 -2.2827178651e-01 -2.4651543505e-01 6.5876447916e-02 7.2450406096e-02 4.8996679154e-02 -1.2228566205e-01 -8.8448717608e-03 -4.2311484484e-01 1.2844252833e-01 5.0110208970e-01 5.7415355119e-03 -7.9591166783e-02 2.1795639023e-01 -1.2694831430e-01 -2.4262098592e-01 -9.7706461196e-02 1.5035652082e-01 1.3078314992e-01 1.4696841071e-01 1.7476082646e-01 5.7472581292e-02 1.5340520909e-01 2.6636916081e-01 -4.5441866121e-02
1.0087570935e-01 -2.3948808274e-01 1.0457518748e-01 -1.3969247251e-01 2.0636249533e-01 -2.7547352322e-02 1.8734137332e-01 1.0018355529e-01 5.7196308075e-02 2.4482009021e-01 -4.5767076156e-02 -5.2103442666e-02 -2.2706310481e-01 1.8044475000e-01 1.8840750731e-01 -1.1586752098e-01 1.9612432191e-01 -1.5942140706e-02 9.4912409572e-02 -4.2258006260e-02 3.5637220870e-02 8.9504942044e-02 1.1282840289e-01 2.6748541788e-01 -4.7288408135e-01 -4.3884614813e-02 -2.8563377294e-01 -2.0511844760e-01 -2.7159829346e-01 -4.4608524156e-02 -3.1238277942e-02 -2.1283650906e-02
-2.1738071092e-02 -6.2384120177e-03 -1.8772131761e-01 -6.7718680292e-02 9.5702202108e-02 2.7966658460e-01 8.2876300161e-02 -9.7264597278e-02 6.2858623376e-02 -1.7260873626e-01 -3.8648881866e-02 -1.7474186100e-01 1.9812547482e-01 -1.0620669452e-01 1.9090083263e-01 -1.0819394201e-01 -5.5872759168e-02 1.7843101336e-02 2.5202788030e-01 1.0333945231e-01 -1.0163028069e-01 2.1205801512e-02 1.2478321149e-01 1.0785088403e-01 -1.4091023274e-01 4.5054878118e-02 -1.3168512907e-02 1.4557576812e-02 3.6920197120e-02 1.4182638721e-01 2.1909885171e-02 1.1946365540e-01
5.4972820739e-02 5.9588409930e-02 2.5492910454e-01 -2.3353910661e-01 -1.7974943044e-01 2.4359923320e-01 2.0914717291e-01 9.5009370756e-03 3.5258725486e-01 -1.8020581568e-01 -5.7417913901e-02 1.2533921174e-01 -6.0233071845e-02 1.5116885338e-01 5.8930581767e-04 -1.9115830172e-02 -2.5514416936e-01 1.1850736962e-01 4.8087903251e-01 -1.1021172637e-01 -3.0459279000e-02 1.3301838739e-01 -2.8705354601e-01 6.5702492782e-01 -1.4063560774e-02 -1.5994012958e-01 1.9493597991e-02 -3.6894469798e-02 -1.7278709238e-01 -1.6336767590e-01 -5.2366950373e-01 1.1482476244e-03
9.4680958527e-02 -1.7774003706e-01 -2.0839592706e-01 1.3170987591e-01 2.0888527779e-02 -1.9034225762e-02 3.5910493032e-01 -3.5679919458e-02 1.9762969841e-02 -6.0020653190e-02 -1.6272547183e-01 -3.0114358171e-01 -6.0140189270e-02 3.7413977293e-02 5.1106866638e-03 -3.5684953672e-02 2.8032020893e-01 -4.8465988134e-02 -1.4073262296e-01 -2.7077451700e-01 9.1958783838e-02 -9.8991894550e-03 5.7059016394e-02 -2.8906774801e-01 -1.3980522259e-01 8.3926804454e-02 3.4702384839e-01 -1.9461125605e-01 -6.5695089388e-02 1.5462516477e-01 4.5508681100e-02 1.3624878208e-01
-3.9836092806e-01 8.4248278316e-02 -2.3045993960e-01 1.7275826613e-01 7.8468824948e-02 -2.6720071006e-01 1.5044247988e-02 5.0904393108e-02 6.4624509221e-02 1.1892904480e-01 6.1113535936e-02 -2.8616817139e-01 -1.1307370330e-01 7.1694768330e-02 -1.0760855365e-02 4.7033608280e-02 -1.1290503285e-01 -7.2754358225e-02 -3.1233328515e-02 2.3646405407e-02 -3.4233580209e-01 -3.7948670172e-02 -5.3703541471e-02 1.6065386556e-01 -1.6190797400e-01 4.0606594219e-02 -4.4976414765e-01 -2.2912454843e-01 1.0959411759e-01 5.4050399823e-02 2.5622206877e-01 -2.2571592260e-02
-1.4405036718e-01 -1.7051548596e-01 5.3065552891e-02 -7.8652044398e-02 2.8295880659e-01 -5.9669027806e-02 3.8347348359e-02 2.5687159961e-01 -1.2062741039e-01 3.5246525062e-02 -6.8328882428e-02 1.8995917688e-01 8.9794500786e-02 -5.7875439413e-02 1.0652334522e-01 1.4113364328e-01 -7.1646601876e-03 6.5608482161e-02 -1.5750811423e-01 2.0439910586e-05 -1.3620559354e-01 2.3896919548e-02 3.5560333196e-03 2.9906232302e-02 1.4131752975e-01 -1.7623061896e-01 -3.9133564952e-02 2.4418200135e-01 -8.0840522345e-03 -2.3894594980e-02 2.4684046632e-01 -1.4722760011e-01
-1.9718749416e-01 -1.5035152471e-01 1.0105281921e-03 -1.2417350116e-01 1.7118275324e-01 -1.5071921359e-01 1.3687278227e-01 1.8246176642e-01 2.5673795853e-01 2.2635442039e-01 -1.6147777153e-01 -4.7655126342e-01 -1.2562012780e-02 2.6385756935e-01 2.5769569250e-01 3.9533777582e-02 -1.1423535182e-01 -4.4011246034e-01 5.8903804253e-03 1.2564127101e-01 -1.9027179762e-01 -6.2787525338e-02 2.2832843961e-02 -1.5689544931e-01 -3.9825991837e-01 4.7155453837e-02 -8.7259413678e-02 -5.6050903159e-02 3.5751845657e-01 3.3520334518e-01 1.6728739865e-01 -1.1676779243e-01
-3.5176951365e-02 -5.0729237541e-02 1.7957949718e-02 -3.2638135346e-02 -1.9479149779e-01 6.7089713537e-02 -2.8864810128e-02 3.3934522780e-03 -4.2020249855e-02 -3.4849424897e-01 1.4268579301e-01 4.1000197266e-02 2.5622204268e-01 1.9880489477e-01 -4.6347648778e-02 -8.6146692605e-02 -1.0024279769e-01 4.2581848614e-01 8.9290007225e-02 -2.1016241258e-01 4.1478816303e-02 2.8115029467e-01 -2.3635086046e-01 1.6817389750e-01 -2.8338911518e-02 -1.4051335788e-01 2.1010191938e-01 1.4581915151e-01 -7.8509687200e-02 -5.7183452606e-02 -1.5350604949e-01 1.5747868088e-01
1.6435095198e-01 -2.4892292240e-01 1.9373070686e-02 1.2699157883e-01 -1.2145786214e-01 -6.4493332813e-02 -1.5201458382e-01 2.8890184679e-02 1.3403477091e-01 9.3415286357e-02 -7.3211465802e-02 2.2728897147e-03 -4.4782839611e-01 1.4226447406e-01 1.2673352967e-01 -7.3083064677e-02 -2.0692858201e-02 -1.0696741538e-01 2.1973580234e-01 -2.7376528586e-01 3.5421896219e-02 2.9789424884e-01 7.6790988952e-02 -9.0940445545e-02 1.1229972099e-01 -8.3594296843e-02 -1.3298386594e-01 2.5731644787e-01 -4.5787023487e-02 -4.5039519716e-01 2.1328178936e-01 -1.5823501415e-01
1.8489748152e-01 -4.3510649245e-02 -1.0750907725e-01 -6.9892466800e-02 4.1995774851e-02 -1.8121487946e-01 1.9715077374e-01 2.0296187274e-01 -1.1265881216e-01 -3.2279015069e-01 -1.9178483174e-01 5.8463825584e-02 -3.2892189833e-01 -1.7978976559e-01 -1.3515355841e-01 3.5806466132e-01 2.2716303971e-02 2.3746821199e-01 2.1800844725e-01 2.2324502565e-01 -5.4417890376e-02 3.4064833314e-01 -1.0807894445e-01 7.8736259871e-02 1.0946466312e-01 1.0802558370e-01 3.0474455889e-01 5.7724050970e-02 -1.4383737105e-02 1.2779285107e-01 4.5954231261e-02 1.3592788774e-01
-1.9618268806e-01 -1.4540209153e-01 -4.0315283560e-01 -1.8810066875e-01 2.5198525509e-02 2.6351532951e-01 -2.7362876539e-01 1.4378008136e-01 -5.8187166946e-02 -2.7102447582e-01 5.5105995448e-02 -1.3050133491e-01 8.0260948445e-02 4.0242004454e-02 3.2100437042e-02 2.7400894222e-02 -5.7537950359e-02 1.4106190898e-02 -2.3436560947e-01 -1.9110171588e-02 -6.6887177987e-02 5.5138211104e-02 -2.5359522423e-01 -1.1943258616e-01 -3.8984860916e-01 -2.4850533925e-01 -3.9050101022e-02 2.8704970708e-01 -7.0308841817e-02 -5.0307931858e-03 -1.1142947277e-01 2.2540518024e-01
3.1594572396e-01 -2.0024854707e-01 -5.8634200458e-02 4.1145913369e-01 2.3621856475e-01 -2.3776008019e-01 -2.3385397515e-01 1.2232017394e-01 -6.3802046826e-03 4.5757800592e-02 2.6362357400e-02 -1.0459389408e-01 -1.3223663686e-02 -1.0711110392e-01 9.3936150159e-02 -1.7672952249e-01 1.6040101660e-01 -4.9286180632e-02 1.1297331790e-02 -1.0406614932e-01 2.5071563245e-01 -1.4234292674e-02 1.9513395735e-01 -4.5085490407e-01 1.6535774397e-01 1.3652373750e-01 3.1418612587e-01 1.5543769128e-01 6.1980470134e-03 -1.6586035134e-01 2.0834066831e-01 -2.0293532945e-01
2.3807310897e-01 -9.9156517005e-02 6.3071295127e-02 -9.0827328298e-02 1.4512509269e-01 -2.2963513112e-01 -4.5123904430e-02 -1.4988084763e-01 8.3276211783e-02 -2.4917303242e-01 6.7648903649e-02 -1.4678335658e-01 -1.7651198472e-01 4.2756405776e-01 -3.5074649429e-01 -3.1641262880e-02 -3.0247391934e-01 1.5171200868e-01 3.3089865993e-01 -4.1482617028e-02 4.2348108241e-01 6.4089409255e-02 -8.7931891146e-02 6.1258740603e-02 1.8456807078e-01 -1.1711763834e-02 8.1416292024e-02 2.9331764135e-01 6.6639087855e-03 6.2209035472e-02 -6.6584137681e-02 -1.7475673600e-01
1.5646379622e-01 -1.5513834979e-01 -2.2842223442e-01 -1.0893907828e-01 1.6736798781e-01 4.5015314991e-04 1.2913591989e-01 7.3369868905e-02 5.4430587434e-02 -3.7918278365e-01 1.0134850597e-01 9.2386627506e-02 -1.2848323178e-01 1.1260936539e-01 8.4245884769e-02 1.6516939170e-01 -1.5298501349e-01 1.6931108803e-01 -6.9299376373e-02 -6.4375570415e-02 -1.0934479765e-01 5.0559892297e-02 -8.0399997830e-02 -3.5043164429e-01 2.9796682344e-01 9.0735608708e-02 -5.6929173842e-02 -1.9465747540e-01 -6.2145347513e-03 7.0079330873e-02 2.6917212412e-01 2.5542512827e-01
1.6379922621e-01 -2.6790218335e-02 3.0814168218e-01 -3.8278292151e-02 -1.7179121120e-01 6.3672616185e-02 5.9599870165e-02 -2.0473359820e-01 1.1029331077e-01 3.1369737526e-03 -1.6413434059e-01 -1.8769045196e-01 -1.3150189561e-02 8.0006585902e-04 2.3053485539e-01 1.1025970806e-01 4.4784069732e-01 3.5201601839e-01 3.2392621184e-01 3.5263120848e-02 3.1632683569e-01 -1.2225082363e-01 -3.2313785483e-01 -1.0761468529e-01 -1.7670084560e-01 6.0591052087e-02 2.0964675909e-01 -4.2260959287e-01 2.7336729451e-02 8.9048794131e-02 2.1899813377e-01 -2.6513645345e-01
9.8414703543e-02 4.7541239696e-02 1.3097435128e-01 -2.3179449467e-02 -2.7674836323e-01 6.2347821681e-02 4.9032050215e-02 1.2378433756e-01 -6.5132430440e-02 -2.3181711621e-01 -7.4856386711e-02 2.6328342962e-01 -2.2955441321e-02 3.0322526092e-01 -7.4659670519e-03 8.5428798608e-02 -4.6561983234e-02 7.2925815303e-02 -1.6155811283e-01 2.8909803583e-02 1.8471995898e-01 -2.3542373509e-01 -4.3872168511e-01 8.6488416828e-03 1.0766304835e-01 -5.7381366662e-02 3.5118522674e-02 1.0698795850e-01 -7.0481775126e-02 -2.9398654303e-02 -2.1583672003e-01 8.8602048020e-02
-1.0184000807e-01 -5.9415959094e-02 -6.9290066673e-02 -3.8812338841e-01 -2.3998371573e-01 2.4702432592e-02 -8.6996579978e-02 1.4024055143e-01 2.6709581297e-01 9.1143022733e-02 5.2520265645e-02 3.3922729872e-02 -1.1868200233e-01 -1.2991080489e-02 -1.4391967863e-01 9.9009800826e-02 2.7648617478e-02 -2.5952174301e-01 1.7492419351e-01 -8.8968737835e-02 -1.8498827728e-01 1.8249232100e-01 4.8140051529e-02 -3.8289934109e-02 -2.9067576731e-01 -5.5718294152e-02 2.4342629802e-01 1.6865978965e-01 -1.3368426824e-01 -8.0869144747e-02 -1.6280189789e-01 -2.6215199297e-01
-4.3415925544e-02 -3.3836106768e-02 -2.7699702651e-01 -4.6544264972e-02 -4.0764587213e-02 3.6842958342e-02 3.5690482282e-01 -1.3473074699e-01 1.8719255632e-02 4.3972783128e-04 1.0953462827e-01 1.4259291739e-02 3.0236580635e-01 -2.2122948319e-02 3.3637651198e-02 -2.2849773824e-01 6.6162511048e-02 -8.6798368331e-02 -2.2966521860e-01 2.6492126466e-01 2.2483732042e-01 -7.0976962422e-02 -1.8246113783e-01 3.1902977640e-01 -2.7809936979e-01 -2.2692530282e-01 -7.8261311041e-02 -2.5591011355e-01 -5.9388818560e-03 -7.4626877685e-02 -4.3809645555e-01 -5.4455035374e-02
