-1.1567457728e+00
-2.5370438287e-01
-5.9008576202e-01
6.4622111290e-01
3.6290562293e-01
-2.6551922621e-01
6.1535605446e-01
-9.8004576726e-01
8.2608186733e-01
2.5673581055e-01
-1.0281894083e+00
-2.9720293757e-01
-8.2612229282e-01
-3.1130502554e-01
4.0667926563e-01
7.2147579256e-01
-1.1961998739e+00
-1.1321919004e+00
-3.4618377615e-01
1.0958299536e+00
-1.1259485199e+00
-3.9695725538e-01
1.1603472087e+00
3.3360788360e-01
-3.2917857917e-01
1.2023673457e+00
4.6187083593e-01
9.3705361452e-01
4.4593088460e-01
1.2491456139e+00
1.0287283667e+00
-3.2660455653e-01
-9.7158806940e-01
1.0915512729e+00
-3.8089359453e-01
3.2589499041e-01
1.0603178619e+00
-5.3638287686e-01
1.0173012885e+00
4.9647955290e-01
1.1795318384e+00
-7.0443075836e-01
-4.0123702113e-01
1.0694758036e+00
4.9429635649e-01
-9.1488623639e-01
-2.9544976076e-01
-1.0324545487e+00
-9.6134775121e-01
1.3013347200e+00
-2.8889402658e-01
1.3097899378e+00
1.2629418135e+00
-3.4766862978e-01
3.9842320741e-01
1.1236866275e+00
4.9157869888e-01
6.4007528881e-01
-3.7251730630e-01
1.1980920010e+00
-1.1953845527e+00
-8.1876573692e-01
1.1000545190e+00
4.8140655926e-01
-7.0320854782e-01
3.9741785047e-01
-3.6811182163e-01
-1.1939422862e+00
-4.1040879476e-01
-2.9651800524e-01
