1.4105263838e-01 8.1625868401e-02 -5.7427891727e-01 -4.5446454059e-01 2.2537573301e-02 -3.0626834832e-01 -1.5849901534e-02 3.5455469256e-02 -5.3217372522e-03 -2.1754093478e-02 -8.9866289516e-02 2.6297229196e-02 2.6702409085e-01 1.0237659766e-01 -2.2964666401e-01 5.5241068538e-02 -3.2270739559e-01 -4.5968822945e-02 3.2071830325e-02 -2.1429181730e-01 -1.4314621052e-01 -1.6806569538e-01 -1.3377711245e-01 1.0335701245e-02 3.0176457443e-01 1.0336323785e-01 -1.4478843886e-01 -4.1755154565e-01 -1.5811863994e-01 6.0877372780e-01 5.3179113950e-02 -5.0109687027e-02
-1.7641439059e-01 1.2195693135e-01 -6.7774615274e-02 -3.2766033882e-02 -7.4587366147e-02 3.8012907701e-01 1.9620459185e-02 2.2302092080e-01 2.5624345499e-01 -2.3162714019e-01 5.7690579095e-02 -2.7630807317e-02 -1.9235970066e-01 -1.0046162840e-01 -3.6495217756e-01 -5.5338363000e-02 1.7686181904e-01 -8.1804002497e-02 -3.1411232988e-01 -1.9300797738e-03 -2.4139542794e-01 -5.2288287023e-01 -2.5284092462e-01 -6.3855663291e-01 2.9026052916e-01 -1.5359066592e-01 2.5898929700e-01 1.8001352190e-01 -4.1242624198e-02 -2.6849994834e-01 4.2562190883e-02 4.8391083492e-02
2.5867352187e-01 -1.2173188828e-01 -8.2077432507e-02 3.0320246829e-01 1.2994419509e-01 -6.4719019577e-02 2.0797601809e-01 1.1660193162e-01 6.4211640552e-01 3.4729681957e-01 5.0324720824e-01 -1.6875917822e-01 1.9506656140e-01 1.4693283251e-01 -1.5004914526e-01 -2.7435025652e-01 -3.0009167621e-01 -1.1257555540e-01 -1.1488006078e-01 -1.1139791357e-01 -3.7341264095e-02 3.7867148785e-01 -4.5128147483e-02 2.2955932632e-01 -3.2960337487e-01 -1.4034262835e-01 -4.2260526830e-02 4.6123897931e-02 -8.7883261983e-02 1.7861936108e-01 1.9229732907e-01 -1.7877902606e-01
-3.3190413007e-01 -5.6214919022e-02 1.6756223145e-01 -4.9819851922e-02 -5.4189129328e-01 4.8177761975e-01 -2.1016749775e-01 1.2491430540e-01 2.3312699186e-01 1.8154362070e-01 -3.9530725347e-02 1.8908549202e-01 2.7934826689e-01 -8.9008983510e-02 1.9094217247e-01 -2.2738611502e-01 -8.6857206764e-02 2.7824346293e-01 2.2804572874e-02 -7.5039639313e-03 -5.5850059796e-01 -2.0279860456e-01 3.5058717145e-01 -8.5832532777e-02 -3.5409854640e-01 1.8826971938e-01 4.3613445204e-03 -2.5580573454e-02 1.2671848851e-01 9.1924051192e-02 4.1259101292e-02 -5.1509520388e-01
1.3054644112e-01 -3.7415284537e-01 1.6534648704e-01 -6.0630990695e-02 -3.3621190995e-01 4.3797863472e-02 1.1912689023e-02 -3.8670953016e-01 -1.4777927648e-01 1.2721108456e-01 6.6070749186e-02 3.0601014361e-02 1.4294192159e-01 1.0749091545e-01 4.1588213386e-02 1.1848943168e-01 -4.1568586329e-01 2.7510844278e-01 3.0404811057e-01 -1.8743861174e-01 3.9064223934e-02 -6.1095796646e-02 -2.3255901050e-01 3.4400883967e-01 8.4832172513e-03 -2.6603856136e-01 -1.7971056423e-01 -1.0045549795e-02 -4.4816246390e-02 -1.3862446084e-01 2.6736430715e-01 3.5972567120e-01
-5.9946320664e-01 2.2477018184e-01 -5.0698071136e-04 2.3600571653e-01 1.8105009231e-01 3.6525300244e-01 -7.3708408393e-02 1.2973716456e-01 -1.9013127475e-02 -1.5983911229e-01 -1.4801473487e-01 3.0623090249e-01 1.9993565782e-01 -1.6318235419e-01 -1.3253268243e-01 8.2290488769e-03 3.6252798359e-01 6.4208225925e-02 -1.9869908316e-01 -1.6172708291e-01 4.3950276334e-01 2.8936419461e-01 -3.5675479703e-01 -2.7590255464e-01 5.8361147532e-01 -5.4077334458e-02 4.0586349122e-01 -1.4413246203e-02 2.4688003222e-01 6.3097098230e-01 -1.1642787035e-01 -4.0362887811e-01
-3.7629876360e-01 -4.0372106924e-02 -9.5452325950e-02 1.0789234287e-01 8.8902167621e-02 -5.8396773446e-01 2.8889732318e-01 4.5148332244e-01 7.2959946352e-02 8.7089360935e-02 2.2496293296e-01 -5.6761946378e-02 6.7879873582e-02 -2.8932226950e-01 -1.3642258576e-01 4.9319698192e-02 -1.6401341235e-01 3.8577737690e-02 -8.8563395911e-02 -1.4003543055e-01 -2.0354789431e-01 -1.8428266935e-01 1.0521119067e-01 4.0780030797e-02 -2.1874004267e-02 -4.4306018693e-02 2.5932193904e-01 6.5208109080e-02 2.6747567869e-01 -2.9586241106e-02 1.4926914926e-01 -2.1729144799e-01
6.5359588950e-02 -2.9489512581e-01 -1.4928634784e-01 -2.5224887854e-03 -3.6829594369e-01 -4.2150964887e-01 3.9793698267e-01 1.6578507676e-01 -9.2813253163e-02 2.5242125336e-02 -4.2762788513e-02 -2.2691151086e-01 -9.5561349625e-02 2.8333305094e-01 -9.3519188305e-03 2.4482523242e-01 8.8481829216e-02 -2.0299286374e-01 -1.2373258472e-01 3.3298709265e-01 3.2210677266e-02 -3.0853935269e-01 -1.3093937976e-01 -3.7740814733e-01 4.0370208860e-01 1.9190807605e-01 -6.3977063317e-02 -2.3973601570e-01 2.5325636431e-01 -3.8977555210e-02 -1.2154627302e-01 -7.1192596835e-02
5.3879687989e-04 -8.9812111409e-02 5.1654473026e-01 -1.1168754825e-01 9.6169386948e-02 -7.7769100541e-02 1.3004481922e-01 -2.8246004095e-01 2.8794959525e-01 2.8748265720e-01 -1.8601815417e-01 4.1518547563e-01 2.4077913335e-01 -2.1994611997e-01 9.7268364891e-02 -1.5683064557e-02 3.4088674101e-02 -8.4910055460e-02 -7.0514917883e-02 -9.4496070953e-02 -2.5148811155e-01 1.1857564840e-01 -5.4248930571e-02 2.1665761527e-03 1.2119458230e-01 -4.4308336071e-02 -1.9817226721e-02 -1.7656922928e-01 4.2099875326e-02 -3.7100509325e-01 -2.7844429230e-01 5.8248053204e-01
-5.7325233140e-01 -1.9698573959e-01 6.0822945574e-03 -2.5005910078e-01 -2.8601329693e-01 -1.1134565472e-02 -7.0181189311e-02 -5.0446416289e-02 -1.2987460942e-01 2.6103321612e-01 6.2296902168e-02 9.9402344291e-02 -1.2634344539e-01 -3.0926009448e-01 -3.8428101166e-01 -3.1044238579e-01 1.1900941611e-01 -3.4348350938e-01 1.5152800126e-01 -4.8228563482e-02 -1.1688564521e-01 -3.0785200017e-01 3.5070972319e-02 -1.0680246446e-01 5.8227126011e-01 -3.6329200076e-01 4.3565861674e-01 -7.8889834705e-02 -5.2420150550e-02 -8.1508617208e-03 -1.6016312878e-01 -3.3119290218e-01
1.8205854018e-01 -1.3397096802e-01 -1.6059747745e-01 -2.2415494496e-01 5.2842899914e-02 3.6132189463e-01 -6.8814375263e-02 -4.1891926549e-02 1.6722905178e-02 -6.1239387314e-02 5.5700038371e-01 -9.2950760266e-02 -1.9027954021e-01 -3.0349825734e-01 -2.7307215060e-01 5.4392805162e-02 3.7648592648e-01 2.2397029984e-01 -1.6293795087e-01 -4.9936785757e-02 5.6133926931e-02 -1.6241059828e-01 3.2111278429e-01 -5.4959719773e-01 2.6911903262e-01 2.0015107705e-01 1.9279929733e-01 5.7009149915e-02 -8.3634938937e-02 1.1347128143e-01 3.0719259395e-01 5.1990132988e-01
3.0197491637e-02 4.1398549656e-01 -2.7889307794e-01 -1.4118682327e-01 -5.4720626047e-01 2.6719308327e-01 6.0646120869e-01 -2.9273852225e-01 2.2005134241e-01 -1.3203624837e-01 2.3352797087e-01 2.5873462513e-01 1.5394569422e-01 1.8867000356e-01 -3.2667482665e-01 -2.6780279436e-02 2.0515750511e-01 5.4423163217e-03 -1.4797471010e-02 -3.2011216482e-01 1.2075040990e-01 -6.3105768048e-02 -2.0836864378e-01 1.2524181297e-01 1.4808216897e-01 1.0932764584e-03 -6.2099676336e-02 -2.2997177348e-01 2.7825815902e-01 -1.6206930486e-01 5.5424431692e-02 1.6669436834e-01
-2.0913567622e-01 1.6129752463e-02 -2.0637565787e-02 -1.4498494377e-01 1.5818556283e-02 -4.7682067887e-02 -1.1352815058e-01 -2.5216777742e-01 6.9615881838e-02 -1.2060891677e-01 -1.1107389113e-01 1.0492243533e-01 -3.7825016120e-02 -1.3577895936e-01 2.3583323774e-01 1.3378585659e-01 1.8708101804e-01 -3.2709959734e-01 3.8483891216e-01 3.0443463363e-01 2.8107172524e-01 1.5754602005e-01 1.2554586510e-01 1.2576405686e-01 1.8908671789e-02 1.2618795734e-01 4.5584689531e-01 8.4414223252e-02 -1.3113263623e-01 2.1505336601e-01 -2.0652338500e-01 -3.9634359446e-01
2.3836799637e-01 -3.1252910815e-01 -6.6421601438e-02 5.6728880402e-02 2.5597651299e-01 -2.5043415941e-01 -4.8393434534e-02 -2.6532431480e-01 1.4239950151e-01 -1.6247115010e-01 -1.0403987284e-01 5.0968722946e-01 8.0275823028e-02 -1.6912936341e-01 1.2823363534e-01 -2.5833647194e-01 -3.5896117999e-01 1.7026042952e-02 -3.7821812984e-01 -2.7707930039e-01 8.5513410896e-02 1.5669893387e-02 2.8300484837e-02 -9.5132482658e-02 -2.0468490951e-01 1.9678262075e-01 3.0101221431e-01 -1.7113025822e-01 -2.3880299121e-01 -3.4159482419e-02 -1.5409243655e-01 7.1715405763e-01
6.6909638179e-02 -4.1999522898e-01 -4.9607647918e-03 -2.5420179140e-03 2.6120026584e-01 -3.5155027974e-01 2.8080596469e-01 7.9555280623e-02 -4.4677399042e-01 6.6299062470e-02 -1.1206233722e-01 2.5902550177e-01 -2.3464345232e-01 3.2296172721e-01 9.2362820208e-02 -1.1280863269e-01 -1.4777283825e-01 1.8314629028e-01 -1.2845802171e-01 -3.2875523394e-01 -3.5433650786e-02 2.2857380434e-01 -6.3637644580e-02 -4.9408908975e-01 -5.2474569092e-03 -8.2541061640e-02 -2.6668451269e-01 3.5931851159e-02 6.7600241465e-03 3.7974269327e-01 -1.5920603717e-01 2.0405101568e-01
1.6870562262e-01 -1.0734700362e-01 1.9826507526e-01 3.3058324864e-01 -5.5048616033e-01 3.0939974483e-01 -4.5961936249e-02 -1.6631401120e-01 3.7806552183e-01 5.4734119218e-01 3.7170459505e-01 9.9489121434e-02 4.2301155788e-02 -3.7032868371e-01 -3.8667583091e-01 1.4838829514e-01 -1.0243661472e-01 -1.6565304959e-01 3.2257963833e-01 -5.0344785052e-01 -1.9390593161e-01 2.4357801176e-01 9.7973955672e-02 6.4395536140e-02 2.2840538703e-01 8.1543065618e-02 4.7143602065e-01 2.8034367516e-01 6.8163125854e-02 1.8345367382e-01 3.5551386440e-01 -3.7391571525e-01
2.7435783122e-01 -9.2145453002e-02 -1.2004437765e-01 -1.5398543007e-01 1.2506339799e-01 -9.0951183520e-02 -1.9694929306e-01 -5.8335862134e-02 -1.4897203720e-01 2.1413429458e-01 2.5096410451e-01 8.8824795865e-02 1.4629250508e-01 -3.5095023365e-01 -7.9706136044e-02 -1.5027873716e-01 -6.9413053219e-02 -1.1095440886e-01 -2.2131828065e-01 -1.6193756345e-01 -1.1727595225e-01 4.7389240983e-02 3.7416546792e-02 -3.1105955663e-01 -4.3063404027e-02 -2.1908585920e-01 4.2062189433e-01 -1.6319161976e-01 -9.7535250174e-02 5.0059454226e-01 -1.9442653286e-02 -1.8208147063e-01
