-1.4989778080e+00
-2.1047747779e-01
-6.2072855510e-01
1.0285539746e-01
2.3227500651e-01
-2.3021983095e-01
-1.1223422668e+00
-1.2039648794e+00
-6.5378652476e-01
-9.7854753136e-01
4.2535684134e-01
-1.9619575563e+00
9.9005157077e-03
7.2223366837e-01
-2.0895646938e-01
-2.0248024469e+00
-1.0818885493e-01
2.0114109285e+00
-1.2601754703e+00
-7.1925717310e-01
-6.0550896928e-01
1.7858234179e+00
-4.1305828027e-01
-2.3853780833e-02
-1.6171453923e+00
7.7940111310e-02
9.3530556053e-01
-3.2056383587e-01
2.1419539819e+00
6.4537310166e-03
-2.1217843423e+00
-8.8438724183e-01
