-2.7848040600e-01 -1.3307550254e-01 -1.1918079286e-03 1.7495154977e-01 -3.2883831228e-01 2.1933571916e-01 8.5228743190e-02 7.7747026050e-02 -1.0527726179e-01 -3.6986854552e-01 -5.1810484623e-01 -2.7573213288e-01 -1.4623431071e-01 -2.0068993130e-01 1.5902800012e-01 -3.9285192005e-01
-2.0256854948e-03 2.5729452590e-01 5.8273322413e-02 1.8785736101e-01 1.5797522339e-01 1.5283127367e-01 -3.7336541356e-01 2.9965329902e-01 -1.6221092093e-02 -1.0007893157e-01 2.1947472814e-01 -9.4996507279e-02 1.3166278886e-02 1.1625489656e-01 2.2903150654e-01 3.4133052388e-01
5.7063009080e-01 7.8596070912e-01 1.4910447046e-01 2.5898950233e-02 7.5971889302e-02 1.6296305821e-01 1.2697087284e-01 3.1859409540e-01 1.5635517399e-01 2.1276230927e-01 6.0553046415e-01 4.4582048115e-01 -3.4038296559e-02 3.2061746006e-01 -1.1855382468e-01 3.6959084195e-02
6.9455274435e-02 2.7809628716e-01 7.1374052629e-01 -3.6414948015e-02 4.2709736309e-02 -2.0208516173e-01 7.5424410219e-02 -1.3658704972e-01 -2.2870479288e-01 -2.3831084104e-01 5.6181302695e-01 -4.8924215522e-01 3.8801999343e-02 2.5872967778e-01 -3.5469347378e-01 2.2528728503e-01
-1.1424294926e-01 -7.1393271259e-01 1.7489872958e-01 -5.0494313091e-01 -6.1596194915e-02 -3.6114105348e-01 -1.5125635829e-01 -4.3977198068e-01 1.7150126606e-01 -2.3032580625e-01 5.8533392570e-02 2.9545366663e-01 2.5584916650e-01 -9.1300344933e-02 2.1206579216e-01 -1.6871497298e-01
2.2122746623e-01 1.7025719054e-01 1.9375878197e-01 6.3675515571e-02 5.3818562664e-03 4.9937439177e-02 1.8262005194e-03 -1.8406665007e-01 -1.8612154463e-01 -1.1143865787e-01 6.1585575244e-01 -1.3718470723e-02 -5.4923986554e-02 2.8213507868e-01 4.4418165354e-02 2.7867195921e-01
-4.4694694868e-01 -2.5516915024e-02 -2.9835310589e-01 -7.1574275857e-02 1.3102072146e-01 2.9487945771e-01 -1.6328813543e-01 -2.7622930841e-01 2.1769379715e-01 7.1180005749e-04 -3.1318905542e-01 -1.4703804712e-01 -5.0905585782e-02 -2.6891659299e-02 4.6810352160e-02 1.1666842893e-01
-1.7612540558e-01 1.1731871293e-01 2.8030450032e-02 -5.0358231487e-01 -1.7642032242e-01 4.8319337282e-02 -2.2374434924e-01 -2.0524394833e-01 2.1943960891e-01 2.8372898184e-01 2.0185134738e-01 -3.2264210689e-02 2.3092662474e-01 -5.0009505477e-01 1.3137669562e-01 -1.1791403690e-01
1.0219580113e-01 -1.7636693473e-01 -1.0490122307e-03 -2.6178570272e-01 -3.4890880320e-01 -3.6336566858e-01 -3.3589625000e-01 2.7572762503e-01 3.0013421248e-01 3.3035357270e-01 -2.2870522953e-01 -9.8934506601e-02 2.1793390525e-01 3.8360170632e-02 -1.7982886603e-02 -1.6984649178e-01
-2.1033288463e-01 2.1960313354e-01 -1.9037120075e-01 4.8537286842e-02 1.1112086523e-01 -3.2766520922e-01 9.0584894052e-02 7.5463561588e-03 4.8885346571e-01 -2.2540259113e-01 -2.6599980675e-01 -4.1698232627e-02 -1.0787507005e-01 7.9035676954e-02 2.0298620367e-01 2.2508660183e-01
-6.7891993244e-02 -1.5899076273e-01 -1.4583976009e-02 3.4061141224e-01 -1.4623641719e-01 -4.2127817846e-01 -1.9050828616e-01 1.8516581389e-01 -2.6733133849e-01 -9.9682110611e-03 -1.0307905828e-01 1.4559522382e-01 -3.1500913678e-01 6.0538022030e-02 6.3420638179e-02 4.8340204646e-02
1.7064629859e-01 3.2898446455e-01 2.3011093622e-01 -4.2822361196e-01 1.8138307665e-01 -6.2561097747e-02 7.5779775072e-01 3.3712373900e-01 4.6797522265e-01 -6.9875046325e-01 6.7504491134e-02 3.3304584134e-01 1.7803215039e-01 4.1639029131e-01 -2.3575385284e-01 -1.3628588380e-01
7.7371593680e-02 -6.4921319326e-01 3.7067601511e-02 -1.7211513386e-01 -1.1876441810e-01 4.9247739310e-02 3.2688555344e-01 -7.6607177903e-02 -3.1342373573e-02 3.9558862160e-01 -2.2483407906e-01 -3.7487725830e-01 -1.1580821093e-01 3.3074743871e-01 9.0727091090e-02 3.3510300811e-01
-4.6060416039e-01 2.6824984806e-01 -5.0180421807e-02 -2.9487891880e-02 2.2217198999e-01 -3.7957965766e-03 1.4314415830e-01 -1.6197706160e-01 -9.0768445373e-02 2.2549061517e-01 2.3263224025e-01 3.7762043419e-01 -2.0171308269e-01 -6.0438721118e-02 2.2472504427e-01 1.3830168153e-01
-4.3729624045e-02 6.6147125643e-02 3.3071616069e-01 1.9857569961e-01 -3.0330669786e-01 -7.5239403650e-02 4.0148599186e-01 -1.0976264177e-01 -2.0006812881e-02 -2.4422284701e-01 3.3965582282e-01 1.1129700645e-01 -2.6177471437e-01 -5.4107696594e-02 -1.5353389998e-01 2.8458364513e-01
-2.3087398697e-01 -6.7111886256e-01 -4.5264246033e-01 2.2007005282e-01 2.4059198581e-01 -1.6810883984e-01 6.1348198521e-02 1.7077801703e-01 -6.8749451254e-01 -3.7245555165e-01 2.0091904958e-01 -3.0379752452e-01 -2.9982602638e-01 2.9572011440e-01 1.1914281512e-01 -4.8014466907e-02
