-7.9373075365e-02 -2.8566029659e-01 2.1232117224e-01 -1.6367423671e-01 7.3701758957e-02 -3.3303939940e-02 3.0622305548e-02 -1.8636759944e-01 3.6210675700e-01 -4.0417141788e-02 -2.2110407806e-01 1.8261526801e-02 -1.0197003285e-01 3.9472798351e-02 2.3006591914e-01 -4.3043423798e-02 9.1645064835e-02 -2.4864531584e-01 8.2032183425e-02 -1.3906860946e-01 4.3166465378e-02 1.2991405744e-01 -1.1875117834e-01 3.4277311765e-01 -3.5847620648e-02 1.8885920273e-01 3.8573143659e-02 -2.1557863735e-02 -1.5730955430e-01 4.1809665337e-02 3.4686851790e-01 -1.1316638968e-01
-1.1187223362e-01 8.2401837509e-02 2.6604556158e-01 4.1983096511e-01 -1.2793491481e-01 -9.3789292685e-02 -1.3513851446e-01 -7.0454981461e-03 -1.6649038263e-01 2.4575317844e-01 1.0196537710e-01 9.8037642830e-02 6.3114058876e-02 2.0237322856e-01 -9.1275125751e-02 2.3088241454e-01 -2.9960799375e-01 -1.5410666959e-01 9.4436418631e-02 1.1510456837e-01 1.4186424401e-01 1.2672807644e-01 1.9148997221e-01 2.1662826872e-01 -7.1181570662e-02 3.7757541211e-01 1.3082497958e-01 3.7082916406e-01 3.1852515536e-02 1.6967298533e-01 -4.9168365431e-02 -4.4679040148e-02
2.2250726065e-01 -2.3896166431e-01 -2.1108705767e-01 -1.3585310563e-01 -2.7621254880e-01 2.0978754412e-01 8.0901511459e-02 -1.1342342992e-01 2.4540743938e-01 -6.2562457408e-02 -3.5579168550e-01 -4.6817091113e-03 3.5005649493e-01 7.1094228709e-02 -4.2256684529e-02 1.7478858216e-02 1.6018101081e-01 1.2289746213e-01 -1.2198272002e-02 -8.3903232749e-02 -2.8872441709e-01 -7.3026449009e-02 2.1243314411e-03 -2.6281922698e-04 4.8229145391e-01 1.8938132178e-01 -1.0771446149e-01 4.7352304121e-02 2.4941603547e-02 -1.3995681539e-01 1.7345279983e-01 2.0132014350e-01
-1.4102581528e-01 -1.6193427202e-01 -1.4330316015e-01 -1.4397655860e-02 -2.2149228879e-01 -2.6844319980e-01 4.0279014151e-02 -6.0330138558e-02 8.2221604735e-04 -1.7292774198e-01 -5.3605969038e-02 -1.8465967081e-01 -1.4845169763e-01 -2.2805067207e-02 4.4804769856e-02 -8.1639514099e-02 -3.6223402339e-01 3.5840883753e-02 -2.0119622649e-01 -2.1020864122e-01 1.2365423046e-02 2.7811598656e-01 2.4019564925e-01 -2.2544274538e-01 2.0190967788e-01 -1.0249614844e-01 -5.0870812372e-02 1.0540347215e-01 8.5247654218e-02 1.3379223692e-01 -2.8976497655e-01 1.2175592992e-01
-2.0147218917e-01 2.3019280953e-01 1.4833969867e-01 4.2295273770e-02 5.0984157337e-02 -7.0045838442e-02 -3.1667621130e-02 -3.7697860854e-02 -1.1216878439e-02 9.0316775380e-02 -1.3138970128e-01 8.2410811325e-02 -1.0451450597e-01 -1.5416313913e-01 -8.3470267972e-02 2.4075242333e-01 1.6788212608e-01 -2.6031587971e-01 -1.5674464409e-01 9.9290856469e-02 1.2745344986e-01 -1.9744978091e-01 -3.4919509205e-01 -2.4509346752e-01 9.1830091921e-03 3.4806037094e-01 4.9027704800e-01 7.3844549282e-02 8.9081192174e-02 -1.7544230701e-01 1.3752988991e-01 -1.3355688647e-01
1.1684618274e-01 -6.6898950242e-03 1.4418572305e-02 2.1946012350e-01 -8.3335329476e-02 9.7363286276e-03 -1.7887257789e-01 4.9832324688e-03 1.5394087586e-02 -1.8680162283e-01 -1.1441777658e-01 1.9741124063e-01 -1.0401300806e-01 5.9070527036e-02 2.9405377788e-01 1.1574571597e-01 6.1800998274e-02 -5.4056997606e-01 9.6692450303e-03 3.3601424208e-01 7.6922349316e-02 -1.5056780291e-01 -1.9171683278e-01 -1.3245389035e-01 3.5762699612e-02 -2.0296776096e-01 5.2918153153e-02 -1.3137675130e-01 1.8763103372e-01 1.8598690542e-01 2.1049752674e-01 -2.7724342923e-01
3.5412203237e-02 5.4986690796e-04 -4.0274174389e-02 -1.1537500433e-01 -2.1891834039e-01 9.5106504580e-02 -2.1939707455e-01 4.2336630186e-02 1.0396666012e-01 -2.7081091233e-01 -2.7524055659e-02 -5.6544630075e-02 3.8642895583e-01 -1.2265205376e-01 2.4463608241e-01 2.1599560033e-02 3.0128986033e-02 1.9594592913e-01 -2.6037551024e-01 9.2680309575e-02 -1.8770263935e-01 -2.5547350407e-01 -3.3175284126e-02 -2.5325648224e-01 -6.0377731111e-02 -3.6074425836e-01 -2.1701541231e-02 -3.7657841766e-01 -2.7138057171e-02 4.3379592696e-01 6.4152274029e-02 -1.5665466363e-01
-6.2139696289e-02 1.9127357288e-01 1.8456124682e-01 1.0525298719e-01 8.0626548647e-02 3.8155976414e-02 -1.6408597739e-01 -3.6918330617e-01 -2.4189349250e-01 3.9638379188e-02 -2.6831162855e-01 1.7461425984e-01 2.7585502739e-02 -5.4405886843e-01 -1.2598552035e-01 3.1313905236e-02 7.6230780700e-02 -2.3597049800e-01 -2.5451028378e-01 -2.9118858330e-01 1.4942534341e-01 1.0665187674e-02 1.1826272773e-01 4.6776959294e-02 -2.0992070970e-02 -3.9047909308e-01 -1.0791219121e-01 2.9346304023e-02 3.1323748838e-01 7.5961213519e-02 -1.6208389074e-01 1.3395885135e-01
-2.4132100911e-01 -1.2442991328e-01 -3.0557003277e-01 3.7169603549e-02 2.0630534857e-01 -3.2888175508e-02 1.2318834926e-01 2.0495872267e-01 1.5705361806e-01 3.9333047139e-01 8.0737823549e-02 -1.3081792598e-01 -1.1580915884e-01 -6.5797381009e-02 -4.8291308715e-02 1.3886108033e-01 4.2966122785e-01 1.9907294420e-01 2.2208984734e-01 1.2912271308e-01 -7.8039571117e-02 2.1485518052e-01 -8.0183846483e-03 -1.0487813503e-01 -2.3332241496e-01 -6.3084744411e-03 -2.6186771102e-01 3.9852478542e-01 2.3552655385e-01 1.1799026908e-02 -3.6469911013e-01 -9.9149787102e-02
-1.5348762102e-01 -7.4724913392e-02 -7.9091948821e-02 1.5103806729e-01 3.4795062860e-01 6.2325895789e-02 5.6409939924e-03 -3.5549741060e-01 4.4938723950e-02 -9.9726021871e-02 4.4951364619e-02 2.3499163868e-01 2.3653247322e-01 -4.1601652182e-02 1.1900882512e-01 -6.0073010861e-02 -2.3762016920e-02 2.9714054703e-01 -1.3351038061e-02 2.3060542725e-01 -2.0201086622e-01 -5.7770486435e-02 2.4423201843e-01 2.5808587812e-01 -2.5154087096e-01 -8.1464242562e-02 -3.5337321309e-01 9.4442566425e-02 6.8214658026e-02 -2.2608367338e-01 1.2028327334e-01 1.3661651835e-01
3.8807799779e-02 -1.9221484862e-01 -1.6427531733e-01 -2.7972214540e-01 -9.3228185648e-03 -2.3079578290e-02 1.1047854198e-01 -2.3591237900e-01 4.5607000949e-02 -4.4676898537e-02 1.7520963171e-03 8.9549372990e-02 2.7739201554e-01 5.0118132314e-01 2.3193877988e-02 -2.0730975240e-01 1.1673957662e-02 2.2574944219e-01 -2.5210828055e-01 2.9164781608e-01 -3.3661319309e-01 -1.3053309189e-01 -6.3938961602e-02 -4.4295867745e-02 -2.7311734035e-01 -5.8758163733e-04 6.6221916862e-02 -4.0400370082e-02 -5.8233661051e-03 7.2958486564e-02 1.7242903420e-01 -1.0705478975e-01
-2.0989440824e-01 -1.8536059303e-01 -4.7495681993e-01 1.1875604267e-01 1.7468206833e-01 -1.0527026195e-01 5.5225745938e-02 4.8195813057e-02 2.1602163464e-01 1.5370856484e-01 -2.0618230226e-01 4.7549303797e-02 1.1007018805e-01 3.9719795371e-02 1.9972944518e-01 2.5231670642e-01 -7.8131484797e-02 -5.1184334699e-01 5.7160206706e-02 1.0142763862e-01 -4.7735234195e-02 -9.0417019972e-02 8.9117571915e-03 1.6510612248e-01 -4.2649645146e-02 -9.2656342530e-02 -1.0866732015e-01 -2.3235531196e-01 3.2887571424e-02 3.2060937414e-02 1.6122980442e-01 -3.0054285345e-02
-3.3075472231e-02 1.2907177394e-01 -3.6636448903e-01 -1.7934809266e-01 2.6582373469e-01 1.5544612226e-01 7.9325742215e-02 9.1633718243e-02 -7.2225539944e-02 -5.3471569032e-02 -2.4750357132e-01 1.0571306866e-01 5.4098815652e-02 8.1322474204e-02 1.3684545370e-01 1.7088634672e-01 -1.3840287518e-01 1.5791250273e-01 -1.2078481395e-01 -1.6419264765e-01 4.3165268692e-01 -1.1662687190e-01 5.7787855747e-02 1.5762331016e-02 1.0236590928e-02 -3.2151295441e-01 -1.5218839196e-02 6.7810671905e-03 1.7785606453e-02 -1.1782672977e-01 -1.7871259083e-01 -1.0234879433e-01
8.2502812577e-02 -1.4360529182e-01 4.7646250642e-02 -2.7625612837e-01 3.1453993926e-01 3.0841491541e-02 6.4937875522e-02 -9.3806524930e-02 1.7762482857e-02 -4.0447819303e-02 -1.6317874587e-01 -6.2303306227e-02 8.3829564653e-02 -8.4450688592e-02 3.0163105396e-01 1.6882784021e-01 1.5840166247e-01 7.6337495659e-02 1.1827078124e-01 1.1539275718e-01 1.6543783619e-01 -1.9053686126e-01 -7.9528473432e-02 -7.9962698678e-03 -3.4567157068e-02 -2.1206397172e-01 1.7700833930e-01 1.7122191852e-01 2.4727570160e-01 9.4690457749e-02 3.0260864439e-01 9.9188697724e-02
4.7775727182e-02 1.2543763507e-01 1.4107730019e-02 -1.6152279033e-01 -1.7580968649e-01 3.6761130826e-01 2.8618576074e-02 1.0392373745e-01 -2.3914416427e-01 -1.2317860165e-01 7.6460570592e-02 1.2332289224e-01 2.0829300251e-01 6.8577669325e-02 -1.8964681066e-01 -7.6576699031e-02 1.3657599777e-03 -3.4925203119e-01 -3.0104554126e-03 9.3057617955e-02 1.9011502235e-02 1.4537427121e-02 -1.5383947214e-02 -2.4887631367e-01 1.0893478598e-01 -3.9245124977e-01 1.0609572654e-01 -8.1845351831e-03 4.8064750045e-02 -2.5716258733e-02 -5.7828464060e-03 2.9117669591e-01
1.1347669830e-01 7.7256054774e-02 -1.0616503918e-01 -3.8405066175e-02 2.5982562647e-01 -2.4346392137e-03 2.2606143344e-01 2.1542711735e-02 -2.6368977706e-01 6.1831791357e-02 1.8799731506e-01 -2.2946738033e-02 4.8347605257e-02 1.2455441700e-02 -4.6175034780e-02 -1.1635954621e-01 6.7833967494e-02 -8.8947126014e-02 -6.1857160962e-04 1.5560088390e-01 7.3253908187e-02 -2.3734438251e-01 -6.5504393820e-02 4.0696774603e-02 7.0793555132e-02 -1.5560029220e-01 -1.1649724414e-03 4.5304282050e-02 1.1893709108e-02 2.2532419617e-01 -1.9565803131e-02 -2.4032222536e-01
-2.7830231227e-02 -4.2756178524e-01 -3.4078694029e-03 3.7378041101e-01 5.3765121998e-02 -2.8332251976e-01 7.6979310231e-02 2.4562327813e-01 -3.3774090696e-01 -4.4637388967e-02 2.9557367426e-01 -6.5581281344e-02 -7.3350278276e-02 -9.0435960510e-02 -2.3378700327e-03 1.5858940912e-01 -7.7251959882e-02 -9.9355660721e-02 -3.9310488327e-02 8.7788514003e-03 -2.8225463598e-01 -2.2947223752e-01 2.5203569931e-01 -6.9320743534e-02 -1.0374892067e-01 1.5992447439e-01 2.3466988620e-01 -1.0458633191e-01 6.8398170309e-02 1.4986134348e-01 -3.0529818551e-01 1.0288159129e-01
1.3049846229e-01 1.5158108304e-01 -1.1453624595e-01 1.8876181663e-01 6.3294407623e-02 -1.7379886178e-02 4.1157052458e-02 -4.9353311465e-02 1.2980751659e-02 5.9540378447e-02 2.5086452551e-01 -2.8609696222e-01 -8.6567896404e-02 -2.0013220610e-01 3.6688819324e-02 2.9719919294e-03 -2.6726090313e-01 -1.2894360380e-01 1.0619598097e-01 -5.5243586532e-03 9.8924753654e-02 4.7751946053e-02 1.4196240904e-01 -1.2337712675e-01 -1.6692038216e-01 3.4757159422e-02 -1.4339301128e-01 -1.8967144400e-01 1.0832290194e-01 -4.9708447107e-02 -3.5378741419e-01 -1.5939159955e-01
-1.8034613315e-01 8.7319902378e-02 2.7065286696e-01 -4.2249370248e-02 6.5687763160e-02 6.6684449050e-02 1.2578466662e-01 -2.2483457390e-01 4.0128625572e-01 3.7533566749e-01 1.0750697525e-01 -5.0353492535e-02 -3.4161976073e-02 1.0636891435e-01 -1.9899879770e-02 -2.3313518495e-01 -3.3813067926e-02 -3.1000379206e-02 -1.4189461064e-01 5.6780065674e-02 -1.3433593263e-01 -1.3113694783e-01 -1.2886725907e-01 6.2197513396e-02 1.9529964601e-01 -7.6472529944e-02 5.4074216678e-02 5.0640660922e-02 4.2544359210e-02 1.2773149820e-01 -4.0972617829e-03 -1.6743226425e-01
-2.9652980507e-01 1.4465333518e-01 7.2657686158e-02 -1.9610722516e-01 -2.4188700011e-01 1.8033834784e-01 -2.2149563225e-01 -1.0670400179e-01 2.0798068221e-01 1.9245400252e-01 -1.1890280046e-01 1.5173612496e-01 1.9134458216e-02 -2.2709968211e-01 1.2466301145e-01 3.4546250467e-01 -7.9631365988e-03 -4.1555485189e-02 -7.0210729667e-02 -1.7448732292e-01 1.2147804632e-01 6.7613047137e-02 2.1901742183e-01 -1.6890521171e-01 1.3722066053e-01 1.2943294456e-01 2.1868150047e-02 1.3524668796e-01 -2.0517284476e-01 -8.6664877071e-02 2.7360982014e-01 -2.3235607014e-01
2.0159155635e-01 9.0789907118e-02 -2.0395561409e-02 5.1488224321e-02 -3.9148427596e-01 -4.8426604614e-02 -9.7810299811e-02 -1.0775678363e-01 1.5204425158e-01 1.0303821354e-01 1.6443671156e-01 -1.3378274028e-01 7.9397273555e-02 -1.0070906869e-01 2.5420346435e-02 -3.8439428215e-01 1.7928531832e-01 8.7543486444e-02 -4.9590987152e-01 9.9112153555e-02 2.6788375300e-01 -7.4557153121e-02 -1.1896560309e-01 4.2880095122e-01 3.4218860554e-02 3.8468670960e-02 5.0193670880e-02 -1.5048756627e-02 1.3221312743e-01 8.3388265823e-02 -2.1913266522e-01 -1.5907181156e-01
-2.0187967669e-02 -1.2932741655e-01 -3.0539900151e-01 1.1008880405e-01 -1.1525295585e-01 1.3356850286e-01 -6.5455157548e-02 2.6086474119e-01 -2.3840478215e-01 1.4681697554e-01 1.0108915537e-02 1.8939497194e-01 7.5655920181e-03 -1.2442278078e-01 2.4417180404e-01 6.2868283742e-02 9.5110147497e-03 -2.1720515745e-01 -2.7560640873e-01 -2.1296828279e-01 5.5106826673e-02 1.2567617835e-01 -1.2531071271e-01 2.4093675459e-01 -3.0479160212e-02 -6.3571353903e-02 3.0622290121e-02 -2.7013588629e-02 -6.8531919162e-02 2.1463224864e-01 -3.7413645966e-02 1.4306588847e-01
1.1263702783e-01 9.3445784604e-02 8.8335736068e-02 -4.1782066442e-02 6.4779521424e-02 1.0560591827e-01 -1.2376929758e-02 -3.0374286979e-01 -1.2577579276e-01 1.4178334076e-01 -4.6579478860e-02 -1.1359228716e-01 1.3690775223e-01 -2.9912880018e-01 -1.0178472223e-01 -3.8981146562e-01 9.1363993281e-02 3.6114659709e-03 -1.0781030742e-01 -2.1948150836e-02 5.8602731362e-02 -2.4237927754e-01 -8.9010036233e-02 -1.0136654047e-01 -1.3755117516e-01 4.6159260345e-02 2.6119321161e-01 -6.8765277975e-02 2.9516677342e-01 -8.5054557281e-02 -1.3876752421e-01 -7.5244198194e-02
1.0918662351e-02 -2.0369926155e-02 -1.8866718934e-01 1.1365884435e-01 -2.6701118570e-01 -1.9883829712e-01 3.5155583126e-01 -4.1843855459e-02 -1.5794554805e-01 -2.0846294808e-01 1.6543040378e-01 -2.0724696998e-02 1.7496157034e-01 -9.8818144266e-02 8.4838310912e-02 4.2838834570e-01 2.6686296405e-01 -1.3513311337e-01 1.1838188855e-01 2.8804355981e-02 -5.3617208110e-02 -2.1352400017e-01 5.1222856234e-01 4.2972734591e-01 -1.6042346810e-01 1.0165410792e-01 4.8648324966e-02 -1.7816920713e-01 -1.3763701134e-01 -2.8972762664e-01 -1.4643390964e-01 -2.7002216354e-02
2.1941429228e-01 1.7731066788e-01 -7.4817424478e-03 2.3349243224e-01 1.4259756406e-01 -2.1545580831e-01 9.8422713024e-02 1.7345318822e-01 -4.8345854839e-02 -3.4382287515e-02 -1.7471077308e-01 -1.3839878015e-01 6.4003184194e-02 8.3382100402e-02 2.7019522661e-01 1.4038210659e-01 1.9746802055e-02 -1.0872110895e-01 1.8569937382e-02 -2.7717940460e-01 -2.3625704616e-01 3.3915428660e-01 1.5029291995e-01 -1.0090677071e-01 -3.1560853317e-01 4.2229760482e-03 -1.3752508689e-01 4.4641859296e-02 2.9084559058e-02 -4.8295974205e-02 -1.6628754329e-01 2.2814200227e-02
1.3205676335e-01 1.5936203764e-01 1.1903909345e-01 -1.8634286539e-01 -2.5980158156e-01 -4.5061730127e-02 -3.2039693631e-03 -1.8629079677e-01 -2.2197603945e-01 -6.1411841977e-03 -2.3672483052e-02 2.3736473014e-01 -2.1127533237e-02 -3.5431104730e-02 -1.1429565835e-01 2.5033475944e-01 1.4107247938e-01 -7.6031721520e-02 -3.6868157187e-01 1.5013335453e-01 -1.8871256354e-01 -1.3211508207e-01 -3.6551266032e-01 -9.6938924005e-02 6.6998695987e-02 8.1667277314e-02 1.9997626637e-01 -2.0787726498e-01 -1.6822885690e-01 2.1832216409e-01 -3.3707680807e-02 2.0984608687e-01
-8.6949129452e-02 -1.6159697403e-02 -7.2716876417e-02 8.6090755304e-02 -2.3542126275e-01 7.6409208794e-02 -4.5786946495e-02 1.7069096213e-01 -4.1797845145e-01 2.9733615198e-01 -2.2088862801e-01 1.2438067464e-01 -4.8864338787e-03 8.2040592077e-02 -1.2872163364e-02 -6.5737151109e-03 1.0647457148e-01 4.6367595784e-02 4.4226785109e-02 9.9324911310e-02 2.3459508927e-01 2.8584582617e-01 1.8221129132e-01 7.8893417119e-02 5.5129488274e-02 -3.9058735485e-01 4.4573787347e-02 3.3708767314e-01 -1.1952785705e-01 1.8539431277e-01 1.2117834073e-01 -1.4059316574e-01
-2.5295679078e-02 4.6495334232e-01 1.8106072791e-01 -2.7037385539e-02 3.4269544453e-01 -2.1834763552e-01 -1.9431701045e-01 7.0500180769e-02 -1.1885846417e-01 1.0620128748e-01 -2.0982775431e-03 -1.7566338879e-02 -1.9713137210e-01 -1.4808674543e-01 7.9960693222e-02 1.6340804638e-02 -2.8884901256e-01 -9.0196016427e-02 5.7537087058e-02 1.5093093619e-01 -1.3513090263e-01 -3.8323263009e-01 -1.1344223959e-01 -1.1768215912e-01 -7.0054838482e-02 3.3174112441e-01 3.2989078950e-03 -5.4748386622e-03 1.4536600215e-01 6.9493134839e-02 -1.3803741070e-01 -2.8423522755e-01
2.4040656041e-01 5.6009257896e-02 -2.6014122177e-01 4.7242088368e-02 -3.0280594481e-01 1.1707871402e-01 -1.3101693191e-01 2.3007317923e-01 -3.6585677388e-01 1.1438624987e-03 7.4032330734e-02 1.2114178093e-02 -8.5588003206e-03 -1.0373532523e-01 -4.0514413811e-02 -6.8701146445e-02 2.1704886824e-01 -3.8023176889e-01 3.4866523105e-01 -1.2921868199e-01 -1.0705231020e-02 1.0377925113e-01 -7.6399731108e-02 3.6958365963e-01 1.0561552856e-02 -7.0577100282e-03 1.4565065063e-01 5.4330196345e-02 4.1121570013e-01 5.5082988972e-02 3.8273226348e-01 -2.2534632518e-01
2.3950816304e-01 6.9478056951e-02 -2.7465378608e-01 -2.6990481721e-01 -6.0966182081e-03 1.4936961451e-01 -3.5433913166e-01 2.1813350512e-03 -1.5830750637e-01 3.3191605659e-02 -7.1442148162e-02 4.3064898699e-01 2.5026403174e-01 -3.0009182194e-01 2.1972601854e-01 8.0754488547e-02 8.3895354822e-02 4.3238620417e-02 -2.8040783687e-01 1.2764923377e-01 2.0644087235e-01 -7.7025922964e-02 1.3228630957e-01 1.9655316194e-02 1.9465563160e-01 -1.4173925498e-01 1.9021603956e-02 6.4667391297e-02 -3.1459609069e-01 -6.6405955485e-02 -4.9891709796e-02 3.6022658387e-01
-6.1058725816e-02 -4.1855050336e-04 -6.7460688672e-04 1.4536696516e-02 -1.9839333705e-01 -1.1399459844e-01 -5.7110412818e-02 4.6186039683e-02 4.3580588613e-02 2.9968840597e-01 1.3364148298e-01 -1.6658407530e-01 4.1017642873e-02 2.8951783583e-01 -2.0127023854e-02 -9.2854666121e-02 -2.0485365678e-01 -7.7944240310e-02 1.5734047206e-01 3.9198654476e-01 9.9386070790e-02 1.0183435451e-01 2.4819858414e-01 -1.9092908519e-01 -8.4422708209e-02 1.5169134205e-01 1.9693580443e-01 3.9742058181e-01 7.3509868708e-02 2.3366086843e-01 1.5654752138e-01 1.9627861132e-01
1.8374067423e-01 -1.5187632293e-01 -4.4647306474e-01 -9.6412437220e-02 -1.0295696600e-01 -6.1321845257e-02 -2.2590992633e-01 -2.5530650660e-01 1.9150202875e-01 -9.7626994995e-02 1.4818247852e-01 2.0323793252e-01 1.4939668281e-01 7.8244932763e-02 -1.9892200902e-01 1.2720739111e-01 5.4428304134e-02 1.6836229289e-01 -8.9897016954e-02 -5.1050080227e-02 9.4717693949e-02 -1.4602611093e-03 -6.9659190465e-02 2.5835206236e-01 8.5427857119e-02 4.4271891247e-02 -1.0218284136e-03 -2.6448179806e-01 -7.0841963492e-02 5.6862552097e-02 -1.1745703154e-01 2.2007786532e-02
