-9.9414151019e-02 2.3509791985e-01 1.1042389839e-01 1.1660001322e-01 -6.2944796752e-02 1.8469498063e-03 -1.8303043180e-01 -1.3986393906e-01 -5.6620813144e-01 -9.3557899542e-02 -9.5476554164e-02 -6.4599536189e-01 3.9667950812e-01 -1.8945748341e-01 1.2981768396e-01 4.1444800053e-02 2.2439935270e-01 -2.4314770088e-02 3.0043926915e-01 1.6279370367e-02 -3.3810287065e-01 1.1205621748e-01 -3.2083243978e-01 -4.4014853529e-01
9.2245019982e-03 -5.8416605412e-02 1.5588668833e-01 1.9462725991e-01 2.8507504780e-01 1.4671489162e-02 -6.8470218177e-02 2.0845725954e-01 -3.3775335111e-01 1.2898469361e-02 -1.0628822201e-01 -1.4374281954e-01 -4.5081424488e-01 -1.9902136733e-01 2.5247333672e-01 -1.7401251068e-01 4.4846303024e-01 -6.6932009364e-02 3.8618883218e-01 1.6362681366e-01 2.1199969488e-01 -7.8833190182e-03 3.8994232448e-01 2.4541990042e-01
5.7682422863e-02 -2.1099056991e-02 -2.0309039502e-01 -1.2650347276e-01 6.1889148535e-02 1.9847041289e-01 -4.6910753498e-02 9.9540086992e-03 -5.7134321667e-02 2.5711351225e-01 -1.2228218904e-01 -9.7826550661e-02 -1.0857317537e-01 -4.9754991739e-02 2.6809370633e-01 -1.9033460110e-01 -2.2852342850e-01 4.8830145682e-02 2.8575857604e-01 -1.6026326344e-01 1.7623679859e-01 3.6280389688e-02 2.0435463018e-02 -2.3166652945e-01
2.9998615891e-01 -1.1045363946e-01 -7.9712981807e-02 1.4328390144e-01 -2.3258048160e-01 2.0145451612e-01 1.3854549215e-01 -4.1973296064e-01 1.8958886770e-01 7.1404734261e-02 -1.3191962601e-01 -4.5364138643e-01 -4.2028410747e-01 -1.7550141256e-01 5.2065928552e-01 -1.1579587192e-02 -1.6721893642e-01 -3.6107023628e-02 7.1977750147e-02 2.0568772552e-02 2.0860126061e-01 -6.6448037615e-02 9.3491438737e-03 -3.3686209502e-01
-5.3785661105e-03 1.7492922908e-01 -9.4366106971e-02 3.8618112039e-01 1.0308248986e-01 1.0301291267e-01 -1.4426311206e-01 5.1404632066e-01 2.5385955071e-01 -1.7151042424e-01 6.5021123666e-02 -4.8823825483e-01 -7.7996081157e-02 1.6780128983e-01 2.2639990844e-02 -3.2016589515e-01 2.7150913821e-01 2.0498887289e-01 2.4778129815e-01 -2.2570013411e-01 2.4490558249e-01 -1.8996546601e-01 -1.9929429508e-01 -3.7311746474e-02
3.4354790830e-03 -1.3185256564e-01 -1.1296647114e-01 -1.2156862611e-01 8.7028609872e-02 2.1662750317e-01 1.9543344550e-01 -1.0781935389e-01 4.0326940130e-02 -4.3288804206e-01 1.2966049016e-01 -2.0748520030e-02 -1.3096920896e-01 -2.7197641986e-01 9.6792402458e-02 -5.0129438962e-02 -7.5284429914e-02 1.6801766713e-02 2.4807130975e-01 2.7437625363e-01 1.6724490533e-01 -1.7114640610e-01 -1.6319884011e-01 3.7685339994e-01
-3.1936018534e-01 7.1084540165e-04 2.2864392178e-01 6.5893892798e-02 4.9135719590e-01 -8.5478673972e-02 3.1034380985e-01 -5.7221570946e-02 -1.7095960629e-01 1.0435146700e-01 -1.7875753331e-02 -2.8103959585e-01 1.0063861779e-01 1.2290296216e-01 9.8052896236e-02 -1.9111514968e-01 -1.4341596128e-01 1.9643327104e-01 5.5879639446e-02 3.6967741680e-01 2.1087346936e-01 1.5509795577e-01 2.2733118983e-02 8.9107917273e-02
-1.5812562809e-01 -2.7174865523e-01 -5.5008994224e-02 8.5509633291e-02 2.7926132392e-01 5.7203939130e-02 7.8720111275e-02 9.4399832182e-02 1.0708616508e-01 -2.0265409795e-01 -4.8599671036e-02 -1.5916398552e-02 2.9776506142e-01 -2.3159627393e-01 -7.7559922406e-02 -5.1335297405e-01 -6.5102045131e-02 -1.3651748770e-01 -4.2915828720e-01 -1.2139949781e-01 6.0418406348e-02 2.0662085026e-01 6.2833528617e-01 -1.1286592084e-01
7.1755126268e-02 -1.4236910074e-01 9.9755154914e-02 -3.4429874374e-01 -4.3014697128e-02 -1.1238848960e-01 -3.1805290482e-01 1.4759840729e-01 2.2567904355e-01 2.9202048746e-01 4.7240630301e-02 2.1615864675e-02 -1.4405336854e-01 -6.9545409121e-03 -9.0833489443e-02 1.2867976105e-01 -2.2750042889e-01 -1.6273097023e-01 -1.1455229628e-02 -1.2471615944e-02 8.2620362664e-02 -1.7952111045e-01 1.8359302718e-01 -1.6158015277e-01
2.3617327956e-01 7.7291301688e-02 5.2726855833e-02 7.9228908103e-02 1.7968976023e-01 7.3353284986e-02 -7.4156504812e-02 2.5019784611e-01 2.4717261964e-01 -4.3216381932e-01 -2.6990386592e-01 -4.6995994794e-01 1.9724303882e-01 -1.3622453827e-01 6.0208266317e-02 2.9183515796e-01 -1.2375380230e-01 -1.0843093382e-01 1.4820185634e-01 -2.7026950725e-01 -3.2045401222e-01 1.2871515855e-01 -4.4832945300e-02 1.5719594870e-01
2.7451436647e-01 2.3564937716e-01 -2.8187631994e-01 9.0085856348e-02 -3.5773927450e-02 -2.1986877680e-01 -1.2782689065e-01 -9.5227879930e-04 8.0417164202e-03 7.0021985954e-02 -2.3946771190e-01 -9.9811709004e-02 -1.0012639919e-01 -4.5450382176e-02 -1.3966938244e-01 1.4720716049e-01 2.5931604901e-01 5.7769480186e-02 2.3227385961e-01 8.1991492465e-02 4.0296230286e-01 -4.3153331039e-01 -1.2628353512e-01 8.7457880499e-02
-2.0644706136e-01 4.8182644890e-01 9.5490679853e-02 5.9159841844e-01 8.2372249914e-02 -1.7243610074e-01 -3.3686840489e-01 2.1116042476e-01 6.5781016459e-02 9.5587870345e-02 7.4321679954e-01 -8.4413656064e-02 -1.4455039676e-01 -3.8875318893e-01 -7.1103268968e-02 3.4619199744e-01 4.9504881426e-02 -1.2430573988e-01 -2.6461199691e-01 -1.0046835393e-01 -9.0330051880e-02 1.3002527157e-01 -1.4758466414e-02 1.5425622447e-01
-1.0268284324e-01 -9.3493434140e-02 2.4244015136e-01 -7.8569592560e-02 4.7985218284e-01 -2.2761782381e-01 2.8271214385e-01 2.9754473340e-01 -2.3896613817e-01 -4.6484730092e-02 3.8446287788e-02 -1.5282473127e-01 5.7090069438e-02 -4.4061071572e-01 -1.0054510387e-01 2.4914754951e-01 -1.2079228484e-01 1.2790315214e-01 -2.0122753480e-01 1.8100721639e-01 -3.6747614511e-01 -3.7304551517e-02 2.0220126740e-01 8.4846577927e-02
9.2544100950e-02 -1.2368503359e-01 -9.2638713875e-02 -2.8458930571e-01 1.0182737206e-02 5.8479156045e-02 -1.9480761820e-02 -1.5731480707e-01 8.6810433594e-03 1.3356941308e-01 -1.3720411694e-01 1.1326050215e-01 -2.4442136194e-01 -2.5436094203e-01 1.5740175112e-01 3.5648580711e-02 1.8281197088e-03 3.0031913932e-01 -6.1056441017e-02 -4.4885830943e-01 -2.8124739105e-01 -1.6362755577e-01 3.1133888131e-01 -1.3784322861e-01
-1.8766251844e-01 -2.6381859765e-01 6.5946659348e-02 -5.0215600060e-02 -3.6849545133e-01 4.1077029089e-01 1.8977764117e-01 -3.8098674859e-02 8.5779866053e-02 -1.2261782515e-01 1.4778486220e-01 9.9509930247e-03 4.3821332269e-03 -4.1215475441e-01 1.7580427401e-01 -3.3115954891e-01 6.2486081651e-02 1.6569286482e-01 -3.1810389508e-01 8.5163648721e-02 8.9401177806e-02 2.6857803303e-01 2.5018369800e-01 -2.6944694229e-01
1.1317333685e-01 -4.4245374250e-01 9.6721841636e-02 -5.2245222422e-02 -4.5901354809e-02 1.6276342174e-02 1.7346949851e-01 1.4307373583e-01 1.2653635292e-01 3.0609263054e-01 -1.2705536891e-01 -5.2102996691e-02 -3.0833434794e-01 -2.5130035829e-01 -1.0339932080e-01 -2.3984740818e-01 -1.4202909242e-01 -2.6083573011e-01 -1.9832592803e-02 -2.6719949146e-01 -1.0014982662e-01 1.0538168509e-01 1.5162078568e-01 -3.2535433939e-01
-3.5415553167e-01 5.0456001785e-02 -4.2923394196e-02 9.9132062367e-02 -8.1992065364e-02 -1.0633547651e-01 9.3259803951e-02 2.2676656808e-02 -1.0092605449e-01 1.7049376911e-01 3.4296159742e-01 -4.6063774889e-02 1.2761356151e-03 -2.4124958004e-02 9.2505307775e-02 -2.9824426537e-01 1.1637836742e-01 -3.7715817239e-01 1.6136981388e-01 -2.1473538348e-01 -9.5572746222e-02 -3.5431895772e-01 -1.0159003460e-01 4.3229874469e-01
1.2710706938e-01 -2.1791803663e-01 -1.0373408207e-01 -3.8497996320e-01 1.7224214393e-02 -7.8341086726e-02 -2.5343373020e-01 3.9183936617e-01 -1.6120031902e-02 2.4015111342e-01 9.7761545339e-02 -3.1048807264e-01 -7.4078971209e-02 3.6641312967e-02 -1.5419060783e-01 2.0376947785e-01 -4.8832578833e-02 2.2280106462e-02 -9.2018012697e-03 -1.1352544036e-01 1.9375587179e-01 -6.2146763803e-03 -3.2190496694e-01 4.0029211803e-02
8.0192889294e-02 -5.1986774768e-02 -2.3696980289e-01 1.8863805504e-01 -3.4287751658e-01 -8.4895774045e-02 3.5567768101e-01 1.5738771907e-01 1.1493484941e-02 1.2272841755e-01 -3.1180237247e-01 1.1804961110e-01 -1.3028577156e-01 4.4682599993e-02 3.2401447028e-01 -8.9275614096e-02 2.0700238935e-01 5.3329929855e-02 -9.4012981797e-02 1.1494260410e-02 2.6934503131e-01 -1.4458335429e-01 1.8367098578e-01 -4.4750248544e-02
-6.7924832188e-03 1.2312142430e-02 -2.7522799206e-01 3.1033162462e-01 1.8498443958e-01 2.8143879388e-01 7.5417329030e-02 -6.1669987416e-02 1.4430624975e-01 2.0407924675e-02 -6.4309678095e-02 2.7781314863e-01 -5.9201790843e-02 7.4866435791e-02 -1.1939339234e-01 -1.3492940566e-01 4.9777757461e-02 3.6849272729e-02 -1.1917488950e-01 7.0167974457e-02 -1.6812659858e-01 -5.5327976126e-01 3.5979358828e-02 -8.8974641183e-02
5.3419383528e-02 2.8513272127e-01 3.6398565649e-02 3.0085634005e-02 5.2222186355e-02 -4.7191492771e-02 -2.2832568903e-01 2.1578611069e-02 3.3532473627e-01 4.1711834612e-02 1.9063997178e-01 -1.1159901735e-01 -1.5621027669e-02 -9.5979519342e-02 3.8636736892e-01 4.5338218223e-01 2.5252704830e-01 8.0641377631e-02 2.6744189307e-01 -3.0754060412e-01 -4.7932775639e-02 7.7423868543e-02 1.1173019475e-01 -1.2022847840e-01
1.8933730733e-01 -4.1500493362e-01 -5.2404781266e-04 -3.5851168901e-01 2.4302216887e-01 -2.6919220621e-04 1.3731095826e-01 -1.7407902555e-01 -3.6732795985e-01 -2.4487456359e-01 -2.1528521770e-01 1.1408280259e-01 -3.2981609730e-02 4.5668320169e-02 -8.0103806636e-02 1.0399533297e-01 -9.8315423882e-02 1.4167822950e-01 -4.1860566002e-02 1.3622064643e-01 -1.0235690372e-01 -4.3876784069e-01 9.6464223515e-02 2.1818243562e-02
9.7377090706e-02 -1.2957030177e-01 -1.6348343797e-01 2.3176716731e-01 -1.3235561669e-01 -2.9297967315e-02 -1.2365498842e-01 -2.8270850037e-02 3.9321114721e-01 -2.2922433399e-01 -8.6102487358e-04 -4.1734264997e-01 -9.1211762758e-03 -9.2647606684e-02 -2.1668090072e-01 1.4876470758e-01 -1.5468163087e-01 -3.5700617628e-01 -8.8132807465e-02 -7.6431681146e-02 -2.5953749383e-02 2.0455033812e-01 2.0224862545e-01 1.9514737045e-01
-4.8478946128e-01 6.4798784734e-01 -1.2260381705e-01 -1.3135194612e-01 7.9996812084e-02 3.9281882397e-04 2.8127933533e-01 2.4064845018e-01 2.9197387287e-02 4.7606397500e-01 2.1308555153e-02 -1.2338295736e-01 -8.4280342523e-02 -3.7800721607e-01 -1.5295215859e-01 6.9175666049e-02 1.3916689703e-01 1.9525489699e-01 1.5635597721e-01 -3.6961046365e-02 1.0186245740e-01 -1.1004309134e-01 9.5604325692e-02 4.5669314781e-02
