-1.4262202731e-02 2.4665188510e-02 9.8200758572e-02 2.6119769081e-01 -2.9098874549e-01 -1.9865056636e-01 8.2786232160e-02 1.0119722099e-01 -3.1451042522e-02 -5.8715764303e-02 -1.0442437828e-01 1.6999612966e-01 2.2846580608e-01 -1.6146897991e-01 3.1190184627e-01 1.8294029051e-01 6.3949380179e-02 1.7085696893e-02 -2.1390586992e-01 1.0127762847e-01 -3.5872603272e-02 6.2120101520e-02 -8.5102129528e-02 -4.2960095294e-01 -1.8341439156e-01 -2.2706307753e-01 -1.3676438193e-01 6.8663705911e-02 -5.5924431570e-02 9.3687402867e-02 -1.8100155278e-01 -7.7780584525e-02
-3.4562673940e-01 2.3298834938e-01 1.8633504743e-03 3.8901847135e-01 -4.5163462176e-02 -6.9129299875e-02 -1.5773582786e-01 -3.2193514298e-01 2.7221338043e-01 -9.3719760561e-03 -1.4582444139e-01 -2.5774407857e-03 4.3036402929e-02 -1.7131971751e-01 -1.5779560365e-01 1.5610181505e-01 -7.6562787555e-03 -7.3038179422e-02 -4.0327424612e-01 1.8246939171e-01 1.4001969718e-02 5.0502803465e-02 -3.3443834620e-01 -1.9141220722e-01 -1.1010739925e-02 -1.9224241862e-02 1.0227893690e-01 1.7646062370e-01 -1.2684173043e-01 2.5248346958e-01 -6.2661138497e-02 2.5715935409e-01
8.9421658221e-02 -1.4485082889e-01 5.7915879800e-02 -5.2521984687e-03 3.2081334234e-01 -1.1356457382e-01 9.1163251594e-02 -1.8704190313e-01 -1.8733301228e-01 2.9961296555e-01 -3.7105522489e-01 -1.5236228069e-01 -2.1286936424e-01 1.0743290757e-01 2.7743183737e-02 -2.9542520165e-01 4.3491706202e-02 6.8820354846e-02 -7.1323499296e-02 -8.9095827009e-02 1.2272133177e-01 -6.2526554342e-02 5.7843592201e-02 -3.8981740341e-02 -2.2273200306e-01 2.2782391338e-01 1.1663244753e-01 9.9518474662e-02 -3.4413911330e-01 -2.1802068185e-01 -9.1029673729e-02 6.2074840078e-02
-2.3240160002e-01 2.8203290494e-01 2.4641133158e-02 4.3552358173e-02 -2.1113473033e-01 -1.9731365962e-01 -1.2809558742e-01 2.6546291107e-02 6.9802696820e-02 9.6866238358e-02 -4.6555033877e-01 -1.5690636233e-01 6.5957970097e-02 -1.0131815576e-01 -8.8347857804e-02 -1.1221775637e-01 9.5685968691e-02 -2.2254723583e-02 1.8595852985e-01 -3.4158752957e-01 -1.1083863529e-01 2.0622683365e-01 -2.0680938928e-01 -9.9115104219e-02 3.4261273124e-02 -3.9292217218e-01 1.1313680280e-01 3.8630266150e-02 1.2033284431e-01 -4.6850054283e-02 -1.8038488522e-01 2.8559530630e-01
6.9804519954e-02 1.7402267214e-01 4.2101194430e-02 2.2616103153e-01 2.2609385453e-01 3.4667130158e-02 -6.3886216164e-02 -9.2614507285e-03 -1.5484848969e-01 -8.1895852651e-02 -1.6569647885e-01 -2.1451130071e-01 -1.7115374999e-02 -9.3584678870e-02 -2.4536002646e-01 -5.7931613294e-02 -7.4505207793e-02 -8.1303513954e-02 -5.4847495570e-02 -3.2278601135e-02 -1.4723677692e-01 2.2706678895e-02 -4.9409976826e-02 9.1038291077e-02 -2.2048150502e-01 5.2906592221e-02 1.1431943380e-01 1.6773501367e-01 1.0525140239e-01 7.5917323147e-02 -3.0564868165e-01 -2.6599517276e-01
-1.9629274005e-02 -2.4103480522e-01 4.9038015131e-02 -4.3692325874e-01 2.9916939179e-02 -1.5942632245e-01 1.3872830306e-02 -1.2236718811e-03 -3.3668030361e-01 -3.5441275790e-02 1.2757097367e-01 1.3488940328e-01 6.2475466135e-03 3.6403938095e-01 5.2204762688e-02 6.9659473744e-02 2.2599999065e-02 6.8268087799e-02 -1.8436499465e-01 -3.0544197792e-01 -2.4492738854e-01 1.3561750638e-01 -1.7416725919e-01 -3.0503256784e-01 -5.4472371832e-02 1.7492018754e-02 1.4412731577e-01 6.8817685626e-02 -8.5166261525e-02 -2.5238055907e-01 1.9669037495e-01 2.9414220565e-01
-2.0230598260e-02 2.5058184977e-01 -1.1028595141e-01 -1.0725039989e-01 -2.0628064665e-01 -4.3052028685e-02 -1.5637019628e-01 2.0793836014e-01 -9.0585907666e-03 -1.3114181144e-01 -8.0060612496e-02 8.7561081925e-02 1.0153233241e-01 -9.0311523688e-02 3.1126980385e-02 -5.3431722834e-02 -1.2784474332e-01 -2.5680235630e-01 -6.8535104523e-02 -9.2263048276e-02 3.1280666433e-01 -3.2065204352e-01 1.0802566378e-01 -7.9893579168e-02 -7.3609401444e-02 3.0748611455e-02 1.6433238154e-01 -2.2753286077e-01 2.1750060447e-01 3.8410880785e-02 1.6341140874e-01 -2.1019187047e-01
-2.0741545890e-01 3.4896515167e-02 1.3435669971e-01 7.3778176287e-02 -1.3253915362e-01 -7.2694535180e-02 1.1361833397e-01 1.5589216718e-01 -3.5478339430e-02 -5.8398779858e-02 8.7055937341e-02 -7.5570459836e-02 8.1288301123e-02 -3.6663161211e-01 2.7798269804e-01 1.8607511573e-01 -2.6332638249e-02 2.9605006318e-01 -1.9435008792e-01 -2.2576819677e-01 -2.8150156739e-01 1.0307265233e-01 -9.5275929575e-02 1.1041933707e-02 -4.7128639952e-02 -1.3060409495e-02 9.4102935995e-02 1.1334534222e-01 6.9340166814e-02 -7.5385102116e-02 -2.5227578519e-01 1.6095817067e-01
-9.1236111508e-02 3.2855907790e-01 -1.5420705264e-01 -3.6146423678e-01 2.5034849304e-01 1.5655755593e-01 -2.3804947341e-01 -9.3071537598e-02 3.7647462525e-01 9.1425285945e-02 -9.8394257683e-02 -1.4362797571e-02 -2.2227187882e-01 1.2890771641e-01 -8.1971892402e-02 -1.4029782119e-01 7.5113553664e-02 8.7751079123e-02 3.5972647926e-02 -1.3930575591e-01 1.1376970012e-01 1.7208178248e-01 3.2753499613e-01 2.6584156765e-02 -9.3106931417e-03 1.5982458247e-01 8.7077225527e-02 3.0824160273e-02 -9.8543594103e-02 6.2032649385e-02 -1.5548691958e-01 1.9804777752e-01
1.3579399999e-01 7.8804967618e-02 -3.3830737941e-01 2.0615559611e-01 -1.1395378419e-02 -1.8269974934e-01 -4.8337973216e-02 1.7931573141e-01 -4.6127227265e-02 2.0119527292e-01 3.7368823402e-02 3.5740688967e-02 1.0407840837e-01 1.1921531734e-01 -2.0944404342e-01 3.8501542548e-02 1.3697652559e-01 1.8137074143e-01 -3.6657616304e-01 -1.1099405448e-01 2.1447117318e-01 4.5296413397e-03 1.4465972676e-01 -3.0053029762e-01 6.0601055393e-02 -1.3134821832e-01 -1.7337361761e-01 2.0721345096e-01 -1.4817858054e-01 1.2963980314e-01 -9.8892625545e-03 8.6915524066e-02
-8.3771647808e-02 8.0093255201e-02 -9.4643428993e-02 -3.4887363123e-01 -2.6395746748e-01 -3.6609773998e-02 -8.7795173069e-02 -9.1488182166e-02 3.5505556749e-01 -3.7677813407e-01 1.0676543776e-01 -1.2883074342e-01 1.2401646301e-01 -1.1278256801e-01 -1.2051793401e-01 -4.6502387443e-01 3.8697808037e-01 -7.0173973935e-04 -2.5944385795e-01 -1.8941064515e-01 4.2435800138e-02 2.1403496185e-01 3.1796480121e-01 -2.6615974383e-01 -1.0901611029e-01 -3.0644265030e-01 1.4284826572e-01 -3.7742844223e-02 -3.3427495718e-02 1.7095319379e-01 -1.4548455513e-01 -3.6655046217e-03
-1.5363587093e-02 -6.1192946033e-02 2.8170532994e-01 1.7609505395e-01 4.9492593454e-01 -1.4987779149e-01 2.3530704418e-01 2.2126358385e-02 -8.1378263187e-02 -1.2850096521e-01 2.0879310164e-01 2.3538246034e-01 -1.4144370282e-01 -2.5378896049e-01 -3.0248649714e-01 1.4194430384e-01 -1.3720897826e-01 -1.5110152685e-01 -6.4804060972e-02 -3.8491999647e-01 -1.0676247750e-01 7.3585671302e-02 3.1257113700e-01 -1.2693979308e-01 -4.0264059807e-02 2.9639522616e-01 -1.3728383351e-01 1.1581079999e-01 -2.2005462208e-03 -1.4709513611e-01 1.1298766514e-01 1.4526115912e-01
1.9680339029e-01 -2.8624013912e-01 7.5246181420e-02 4.2659305273e-01 2.5802083019e-02 -2.2221980957e-01 4.4962623864e-02 1.6541562565e-02 -8.7444985265e-02 2.4920869504e-01 -1.5821962815e-01 -1.4500508329e-01 2.5809588657e-01 1.3932770981e-01 3.0755610700e-01 1.4177267547e-01 1.8162025892e-01 1.7945786492e-01 -4.0690431121e-02 2.8206109756e-02 -9.6266449923e-02 -4.0698985402e-02 1.2609726173e-01 1.9174210786e-02 -1.3497097519e-02 2.1142296218e-01 -2.7352696370e-02 2.8275697840e-02 -2.1092492846e-01 -1.0796130856e-01 -2.2646887620e-02 1.1449182470e-01
-9.8199631101e-02 1.0179585431e-01 2.7211941163e-01 4.0999007153e-01 -1.0871436311e-01 -1.4175752579e-01 8.6763825834e-02 1.1228803452e-01 -1.6307949299e-01 3.1453895791e-01 9.5453892223e-03 -3.5284203656e-01 6.9900036514e-02 -2.2520881179e-01 -8.8620099885e-02 9.6874970719e-02 -3.1209147477e-01 -7.2345769929e-02 -7.6532091681e-03 3.0381971187e-01 -2.6729903910e-02 -2.0636591864e-01 -1.4363595314e-01 -1.1319824119e-01 2.7359292444e-01 2.8146740407e-01 -2.4803317136e-01 9.7239495895e-02 2.3585080497e-01 2.1363255539e-02 -2.3200323317e-01 2.7530740394e-02
6.9098329634e-02 3.0592908313e-01 -1.7151486421e-02 1.9903713864e-01 -7.0336985054e-03 -1.8700510102e-01 7.5967041362e-02 1.3930540985e-01 2.1532110556e-01 2.0498714206e-01 5.1549566788e-02 -2.1487457405e-03 -3.4010987418e-01 1.5404829202e-01 1.1288241174e-01 -4.7528391236e-01 4.0397499706e-02 1.2222164624e-02 -1.7077223825e-01 2.6534812107e-01 2.3006017108e-01 -9.6359621004e-02 -3.5916041999e-02 2.0296409927e-01 -1.2135866601e-01 3.4198909996e-01 -1.1049821396e-02 3.2520545422e-01 1.7485476498e-01 2.1533377850e-01 2.0309826906e-01 -1.0233906939e-02
-7.1708926616e-02 6.1672635175e-02 9.5003266148e-02 3.2418690329e-01 2.8573117719e-01 5.9415491720e-02 -1.0436406364e-01 -1.0834814592e-01 -5.3133982781e-02 -1.1166882341e-01 -1.7888598801e-01 2.3037960639e-01 -1.3863235331e-01 1.4748917112e-01 3.9979580381e-01 8.1508092474e-02 8.7658850957e-04 1.2617449388e-01 3.4251815980e-02 5.8918506417e-02 -3.7024247168e-02 6.8792682535e-03 -3.1879630801e-01 -1.2960215429e-01 -4.5554794012e-02 -1.5716793041e-01 4.8116404642e-02 9.4354190331e-02 -5.5156770215e-03 -1.5788630788e-01 -3.7990139426e-02 4.9332290699e-02
-3.1446174156e-03 -2.2720888696e-01 4.4675079772e-02 -3.4579685669e-02 1.0752112333e-01 -3.2539270390e-01 -2.8280391036e-01 1.4234199860e-01 1.2988526856e-01 -4.8027476701e-02 7.7621050908e-02 -1.4625496605e-01 6.5265984288e-02 3.5901781637e-01 -2.2502989294e-01 -2.8743750224e-02 1.2786548725e-01 -1.2350151798e-01 -8.2552309379e-02 6.4531015184e-02 2.0913542964e-01 1.2295323738e-01 -2.5134186331e-01 1.8307395031e-02 -1.6234154435e-01 -6.9727970272e-02 6.4123599983e-02 3.5249289270e-01 -1.3958330306e-01 -1.5317508659e-01 5.9373004476e-02 8.8705899329e-03
-3.6821104937e-01 7.6043686472e-02 -3.2170768115e-01 1.4887155296e-01 9.4009803461e-02 2.2076155323e-02 3.2896739768e-01 1.2101458896e-01 -1.4115262531e-01 -5.1732353743e-02 4.0723949650e-01 -1.1702886570e-01 2.4183435288e-01 -4.6093543101e-01 1.7887522261e-01 -1.6924790044e-01 7.1609397395e-02 3.9877032387e-02 -5.0418854290e-03 -1.4395880709e-01 -4.2918438504e-02 1.1007206313e-01 7.0658142002e-02 1.0407634968e-01 -3.7862324837e-02 3.7449644817e-01 3.4525971426e-01 1.3191700297e-01 -1.7892979690e-01 -1.4887290306e-01 -8.1486957860e-03 2.6329539817e-01
-2.8540383206e-01 2.0107976154e-01 -1.5799256259e-01 3.9116203048e-02 5.6648483421e-03 3.9527601206e-01 5.7295414625e-02 -3.1833369681e-01 1.9593956723e-01 -3.0642000457e-01 3.5869731616e-01 -3.4928765311e-01 2.0582539161e-02 6.5433338934e-02 3.1362020882e-02 5.3866991552e-02 3.0447124997e-02 1.4672311935e-01 -3.9835992952e-01 3.6463246945e-02 -4.5386062261e-02 1.4212922091e-01 3.0561612218e-01 -6.0466655615e-02 -1.4070475339e-01 6.1435298778e-02 2.6232795115e-01 -1.3651214913e-01 1.3087843592e-01 2.3827162890e-01 -3.5543571373e-01 3.8737977597e-02
2.0322990381e-01 -2.6366304252e-01 2.5463988430e-01 1.4190753795e-02 -9.7271321239e-02 1.4990490208e-01 2.5255064399e-01 2.8098367193e-01 2.3809480707e-01 1.0140058182e-01 -2.9332678984e-01 -1.9908478254e-01 -2.8553615742e-02 -2.3301648123e-01 1.4612861049e-01 -9.2693107746e-02 -6.1220585038e-02 -2.9778038512e-02 -1.9528796634e-01 1.3232871861e-01 -2.0305406589e-01 -2.0349583494e-03 -1.0620280747e-01 3.0429855592e-02 5.1599538518e-01 -1.3989848331e-01 1.7890230607e-01 -8.1775764406e-03 -5.4213365638e-02 -2.2856436368e-02 3.4678018976e-01 -1.4960127411e-01
-3.4585534563e-01 -6.4845390213e-02 -4.6627774643e-01 -4.2435636287e-01 -3.9169632861e-01 1.3764333311e-01 -1.2316120626e-01 -1.9170318019e-01 -8.9662465331e-03 3.1822562501e-01 -1.1458288380e-01 -1.6847651591e-01 4.8838114605e-02 4.4117339269e-02 -1.3418338481e-01 -3.8216243894e-01 -9.2768877778e-03 -4.8482981614e-01 2.2820075201e-01 -1.1443482633e-01 3.2483252304e-02 -3.1549919967e-01 2.1390635134e-01 9.2957872453e-02 -4.1887479567e-01 9.9604630936e-02 -7.5913766879e-02 -1.1752827460e-01 9.8279400384e-02 3.0141885870e-02 -1.0231532290e-01 -1.7268708065e-01
-1.3461605207e-01 1.2367837171e-01 2.7338060707e-01 -1.1260607303e-01 -8.4180187955e-02 -5.1763403965e-02 -1.3422574723e-01 -4.9648336005e-02 2.2301149576e-01 -1.3443683508e-01 -1.3673292280e-01 -1.2556374730e-01 2.7876293044e-01 -1.7520314923e-01 -9.2690015364e-02 1.9536316191e-01 5.1021883840e-02 3.6512761477e-01 6.9121153675e-02 1.0971082000e-01 -1.0650713009e-01 7.8251159011e-02 3.8169938903e-01 4.6251766750e-01 -1.7385343344e-01 -1.4253308657e-01 -3.0541055488e-01 1.7929507464e-02 1.4738894108e-01 1.2314367616e-01 1.3951626858e-01 -3.3410542642e-01
-1.3601043987e-01 3.7321617654e-02 7.3167778342e-03 -2.0924709428e-01 1.0789084137e-01 -3.2464548331e-02 3.1987209499e-01 3.3950508124e-01 1.6167114655e-01 -1.8788715221e-01 -3.4430573216e-02 -2.8300023376e-01 1.4687953701e-02 -1.8956370248e-01 -2.7226756278e-01 -3.0497038481e-02 3.7042744058e-01 1.4174206691e-01 1.3980224742e-01 -1.7574858087e-01 2.7792086841e-01 -4.0531246320e-02 1.9189112848e-02 1.7613642165e-01 -1.1435648554e-01 -2.6309039512e-01 1.5795449949e-01 -2.4865598093e-01 -5.8710429477e-03 -6.5409078954e-02 -4.3838018521e-02 -4.5674592433e-02
-1.6007175443e-01 -6.3644865010e-02 -3.3535221674e-01 -9.5637901432e-03 1.1747008968e-01 -2.5910560494e-01 -1.1662832730e-01 -2.3008628031e-01 7.2260575482e-02 1.6895865959e-01 -7.0020733641e-02 7.4246192665e-02 9.3273839397e-03 -1.5684226730e-01 -1.3217443967e-02 -1.1068448616e-01 2.9273211582e-01 4.9424221691e-02 5.9452292158e-02 -4.5810141138e-01 -7.4374947294e-02 -2.3187166641e-01 -4.2023212289e-02 -9.3709644395e-02 3.1116513444e-01 -5.2424775113e-01 -1.7371835637e-01 2.2454142318e-01 -4.1086482247e-01 -4.2432172291e-01 -1.8299005768e-01 -7.6008341615e-03
1.4674217768e-02 -4.7849511664e-02 -1.3393799395e-01 4.5862417886e-01 2.4019167187e-01 -9.7450614009e-02 -1.7047648708e-01 -9.0162428061e-02 -1.3184178711e-01 1.0685518282e-01 -3.4847252899e-01 -1.8630709268e-01 1.1334314451e-02 1.0639396540e-01 4.3798709024e-02 2.8311013601e-01 -6.8075996682e-02 3.5521749394e-01 7.0608680805e-02 -2.0624516626e-01 2.9028564098e-01 8.2961356247e-02 7.9065724949e-04 5.7332972730e-03 -2.3675234890e-01 7.0573790057e-03 -1.2258974272e-01 -1.8975941265e-01 4.3567046814e-01 1.6193414562e-01 -2.2701429828e-01 -1.5578275467e-01
1.9441857343e-01 3.9976452783e-02 -5.0984821655e-02 -1.8709009243e-01 1.9414963982e-01 -2.5131427149e-01 3.3415298465e-01 1.6807213611e-01 2.5718469868e-01 -1.3523789790e-01 2.6513590663e-02 2.4869034238e-02 1.0427217480e-02 -7.5703945804e-02 8.6733319399e-02 3.7898032021e-02 1.2891239392e-01 -1.5237718577e-01 -2.2417929465e-01 -1.4785017351e-01 2.5095452089e-02 1.6201004670e-02 -2.7641934433e-01 2.1230459525e-01 -2.0498578065e-01 3.4443033402e-01 -1.4242335426e-01 -2.0838003856e-01 -4.3469602591e-02 -1.7034654380e-01 1.7848628470e-01 1.9378001850e-01
5.2834683776e-02 -8.0854320783e-02 1.0827748024e-01 9.0976868726e-02 -1.3212238748e-01 -1.2253925804e-01 -2.7572538363e-03 9.8417095595e-02 1.9434784822e-02 4.2812360965e-02 -5.5570008246e-02 2.8936766472e-02 5.0375943559e-02 -3.3214490552e-02 7.6921472118e-02 2.8707054181e-01 3.0658248154e-03 -1.0425424245e-01 -8.8606740711e-02 3.1045587256e-01 -8.7896781550e-04 4.1734014173e-02 -4.7011359627e-03 1.0242894257e-01 -1.9667704818e-01 4.0679504224e-01 8.6603143093e-02 8.9828673990e-03 -2.2757321544e-01 2.1472337750e-02 -1.8435720482e-01 1.0501043263e-01
1.5773086528e-01 -9.3125815936e-02 4.1377310809e-03 4.1753183885e-03 1.7557329707e-01 -1.6480844290e-02 -1.1090563124e-01 -2.1683755820e-01 -1.2127934258e-02 -3.6831344865e-01 -1.7549939202e-01 -1.9992976739e-01 -2.7225653540e-01 -4.7250042568e-02 -8.0364154975e-02 9.3302893024e-02 -2.3878958991e-01 -1.4062091563e-01 -1.1584436551e-01 -3.3440031126e-01 1.7488224646e-01 3.3951752564e-02 1.5032602056e-01 8.5821700265e-02 -1.5679132511e-01 1.7200577274e-01 6.3122118722e-02 -2.2143965938e-02 -3.7236966355e-02 -1.8162840149e-01 6.7519334412e-02 4.5360348507e-02
5.4721373607e-02 2.0110293634e-01 -2.6345674537e-02 1.3938379563e-01 -8.3560888210e-02 1.9484878999e-01 -1.0073536627e-01 -7.9717829283e-02 2.5159071827e-01 3.8458397823e-01 -1.5347633747e-01 1.1094940767e-01 1.1366795149e-01 -1.4304324735e-01 1.7394729687e-01 1.3549063454e-01 -4.5179173731e-02 1.4681234863e-01 4.5124582986e-02 -1.2398150470e-01 -5.9990023434e-02 1.6163386165e-01 -8.9215944895e-02 5.8419763832e-02 -3.9039187517e-02 -3.8451941114e-01 -1.1076969785e-02 8.9627793768e-02 1.8263050776e-01 -3.7271266631e-02 -1.4856306716e-01 -2.1902813711e-01
6.9680692734e-03 -1.1238954022e-01 1.1740253863e-01 -1.6591983002e-01 3.2077209923e-02 -7.4038430566e-02 -1.0358735755e-01 3.0160540654e-01 1.1923675304e-01 -2.3528554287e-02 3.6982852983e-01 -5.0225572930e-02 5.7266583261e-02 -3.4667654140e-01 5.0575201785e-02 -1.4271816050e-01 -1.5881964609e-02 6.6909708220e-02 -1.8972954983e-01 1.7673070685e-01 -2.5479340581e-01 -1.0022039375e-01 5.7067278798e-02 1.9308706022e-01 2.3358858675e-01 9.5336688748e-02 -1.8735771678e-01 2.6766326938e-02 -1.5221036883e-01 -2.1319886441e-01 2.8752887921e-01 1.0464749161e-01
-2.9692850531e-02 9.1408626359e-02 -3.9895019279e-02 2.1593152227e-01 -2.2420770639e-01 -2.1942932779e-02 8.0746822735e-02 2.4558107085e-02 -1.0968826136e-01 3.2491619351e-03 -1.1514733248e-01 5.4225913690e-02 -2.9270549936e-01 1.0327291997e-01 1.8934970048e-01 5.7494799762e-02 -3.7096149161e-01 -9.1522291330e-02 -4.8431450346e-02 1.7448095140e-01 -1.0842600690e-01 -2.6545881997e-01 -1.0715850237e-01 -3.3641141978e-02 -1.6142867065e-01 -1.4696402995e-01 2.1596151605e-01 1.2828269163e-01 -1.3604405746e-01 2.1428962259e-01 2.0937997902e-01 1.6993447937e-01
-1.9251420234e-01 2.0936221929e-01 7.3895514499e-02 1.4386220709e-01 -2.0761137909e-01 2.6408748175e-01 2.3233589217e-01 1.0960578849e-01 -1.7697206503e-01 -1.5080261310e-01 -1.9374367829e-01 3.6841129739e-01 3.6699845221e-01 -2.1403969488e-01 -6.7124013234e-02 -8.0904963796e-02 -6.0659959094e-02 -5.3204264558e-02 1.8668081060e-01 5.0698896189e-02 -2.4134151565e-01 -6.3875853358e-02 -1.7633676635e-01 2.8473221234e-01 -4.8794540042e-02 -2.7005411643e-01 -4.4660249794e-02 2.0103645826e-02 -1.1880966951e-02 1.0901520400e-01 -1.2602568357e-01 2.3057275863e-02
