-4.6798959187e-02 3.2222875433e-01 1.2238628369e-01 -8.1765807506e-02 2.6979209318e-01 -3.2891633821e-01 -2.4512728579e-01 7.1289161777e-02 9.1576099612e-02 6.8083236230e-02 -8.6898475734e-03 1.6190971157e-01 -2.2337559797e-01 -2.0138639522e-01 2.8796420275e-02 1.3883868777e-01 1.9708197760e-01 -1.2133380080e-01 4.7749387559e-02 -1.0791918149e-01 -2.2436258516e-01 -3.9644912874e-02 -3.2004356585e-01 -4.0798814561e-01
1.8908248904e-01 -4.1109792838e-01 3.9825530305e-01 -4.7135271400e-02 -7.7889033857e-02 -1.9144386742e-01 1.5805864648e-01 -3.2312782121e-01 -2.2769563733e-01 -5.4754610395e-02 7.3034867671e-03 -4.5936295384e-02 -2.0420960086e-01 3.3686753430e-01 3.0602773478e-01 9.4550978101e-02 -3.2920216661e-01 -1.7725916924e-01 -1.2081404209e-01 4.8677915057e-01 1.4926487610e-01 -1.0451844033e-01 2.6262921459e-03 3.1575847818e-01
9.9975567991e-02 3.5803792536e-01 -6.7825224243e-02 2.6609343121e-01 9.2760834886e-02 -1.2271971670e-01 -1.0113368790e-01 2.3975335838e-01 1.1087417461e-01 1.2714039375e-01 4.3948014164e-02 -5.7093129833e-02 2.8952710512e-01 -7.1697820644e-02 -7.7514937384e-02 6.9972862547e-02 6.2436241226e-03 -2.4029203934e-01 -1.0608999144e-01 3.7166170191e-01 9.7071917835e-02 1.4624950552e-01 -3.1611162579e-01 -9.1262733281e-03
7.4553689247e-02 -1.8972313550e-01 -1.0146952934e-02 -4.0689803987e-03 -2.0526749581e-02 -4.7380241096e-03 1.7325847230e-01 -7.2952763657e-02 -4.5273285379e-01 -2.1085841838e-01 -3.4055097014e-01 -1.1258042111e-02 -2.4608003921e-01 -1.0756030517e-01 2.3758688258e-01 -5.2527414345e-02 2.7223358541e-01 -6.8487490368e-02 -9.3761894558e-02 3.1705413014e-01 -1.7136304590e-01 1.4624651953e-01 -3.7994520363e-01 -5.5577601736e-02
4.2255059826e-02 -5.3563257281e-01 -4.3811737284e-01 3.7251126694e-01 2.1264878698e-01 3.0461524503e-01 1.5575473098e-01 -1.8413135901e-01 1.1154486041e-01 -1.3649660873e-01 2.1107079143e-01 -1.3635189411e-01 -9.3816830569e-02 -9.2321322718e-02 -4.1983202806e-02 -2.2372190981e-02 -1.6448406298e-01 -3.9549954990e-04 -1.0973964102e-02 1.9275867432e-02 6.4583978532e-03 -3.0480045244e-01 1.9218545265e-01 -5.1836478439e-02
-2.8087804472e-02 4.1216925581e-02 -3.0215101624e-01 2.7797942572e-01 -2.6736721375e-01 7.0827989249e-02 1.4293608115e-01 1.9441279749e-01 -7.7470257286e-03 -2.0929306217e-01 -1.3294430853e-01 -3.8124574891e-01 1.7192327358e-01 -2.7957953982e-04 2.9569395464e-01 -1.6716999881e-01 1.4236335444e-01 -1.6075089056e-01 2.7795029445e-01 2.8300777979e-01 4.5840964419e-02 -2.0950806335e-01 1.2438746997e-01 -4.2581794144e-01
-1.2907956852e-01 -1.0719852896e-01 -2.8574407475e-01 2.1720621296e-01 1.2604772656e-01 8.6358736700e-02 7.6687025900e-02 -1.2367819362e-01 3.3078033811e-01 1.9930952539e-03 -4.5276656611e-02 1.3059843152e-02 -1.5871360277e-01 -1.8424113209e-01 2.4594035351e-01 -6.5911477927e-02 -1.6497728627e-01 2.9775356738e-01 -9.9451135170e-02 1.6811265168e-01 -1.9274902305e-01 3.4574210413e-03 -2.8849629492e-01 -2.0080802297e-01
2.4080180500e-01 -1.3420700480e-01 1.2567722329e-01 -6.0000863719e-02 2.6882747286e-01 -1.2369419314e-01 -3.0049782982e-01 -1.6649456047e-02 2.6957070906e-01 5.1104264819e-02 -7.5698389878e-02 3.0531357693e-01 2.4006896267e-01 -1.8891367725e-01 1.7190850167e-01 -1.7817961354e-01 -7.2289125284e-02 1.5633642165e-01 1.9330001371e-01 3.1753231515e-02 1.0581079933e-01 -9.9146773444e-02 2.4429948217e-01 4.6457264231e-01
-3.2189085636e-02 -1.3813351010e-01 -1.8292030397e-01 -2.7651887012e-01 -1.5360113730e-01 2.8734478259e-01 -2.3959349605e-01 7.0750924882e-02 -4.1304241119e-02 6.4966934605e-02 -7.0893538578e-02 2.2120650950e-01 2.6536935135e-01 -7.9799505593e-02 -2.2953127367e-01 9.9043120326e-02 -1.7827981376e-01 -7.7264447512e-02 -6.7517099061e-02 -5.8084631784e-02 2.3834319658e-02 -2.5057698160e-01 -2.2919089249e-01 -2.2312906419e-02
8.3129771816e-02 -1.3150462138e-01 -1.0754678340e-02 -1.2172557905e-01 5.1113990144e-01 -9.6904128516e-02 2.3122337817e-01 -3.0448305444e-01 6.3435298618e-01 1.3719927677e-01 -4.8121188292e-01 -1.1423458796e-01 5.1913945826e-02 1.1387811195e-01 -2.5037929576e-01 -2.3275803830e-01 -5.2376130598e-02 4.9642220124e-02 4.2063960984e-02 1.1433317999e-01 -2.4768584269e-01 -2.3644714771e-01 2.3012369460e-01 3.8391342702e-01
9.3912499227e-02 1.7679817602e-01 1.9943576414e-01 -3.5720488838e-02 -1.8620245528e-01 -2.3234870965e-01 2.0203418136e-01 -5.0860658340e-02 3.5740823155e-01 -2.9188596170e-01 1.0609220721e-01 2.0050339905e-01 -1.2921902776e-01 -3.0416619738e-02 2.3134763902e-01 -2.6748170079e-01 9.5249750176e-02 -1.1520392124e-01 1.1414827426e-01 -1.2397653594e-01 -2.0620811958e-01 -1.7101920950e-01 1.4000457301e-01 -2.6760956187e-01
-4.5515488285e-03 -1.1666284287e-01 9.3960572464e-02 3.4596774777e-01 1.9127616883e-01 1.1708166478e-01 -2.8518029550e-01 -2.7588470444e-01 1.5702161441e-01 1.8684842241e-01 -1.0838574091e-01 -8.6781119463e-03 5.1236138850e-02 6.3565511162e-02 2.4479807741e-01 -2.3258283439e-01 1.9382520975e-01 1.5223619939e-01 1.4406645393e-01 -5.6628821748e-02 1.4198175673e-01 1.7889594033e-01 -1.9588020067e-01 1.3675130865e-01
2.6487486038e-01 2.9588923452e-01 -6.6484412609e-02 1.5815013396e-01 2.8579058911e-01 4.0818332689e-01 4.4132190698e-02 -2.7353250556e-01 2.3621391878e-01 4.6570977369e-01 -1.6601629901e-01 3.7909109922e-02 4.3171229638e-03 -1.4099673687e-01 -1.9648521794e-01 -1.5419558832e-01 1.0114329891e-01 -1.6921198200e-01 -3.0826179432e-01 -2.3524156310e-01 1.4608914059e-01 -1.1028703529e-01 1.2705975532e-01 -6.3549170468e-02
6.4777754022e-02 -2.0209337323e-01 3.7423070920e-01 1.5007355745e-01 1.9022681050e-01 -2.4363589134e-01 -1.4866337347e-01 -3.4740738849e-01 -5.1403013341e-01 2.5165711601e-01 2.1248343456e-01 1.3122323249e-01 6.7387655388e-02 -9.4768810565e-02 1.6421624086e-01 -6.7898032842e-02 3.3257517868e-01 3.8105491368e-01 2.0042046931e-02 3.5248980008e-01 1.8257511330e-01 1.7401474422e-01 -3.1047553601e-01 -4.9210936467e-02
-2.6187381701e-02 2.6007959227e-01 9.1548479229e-02 -2.6900033622e-01 -1.8142531138e-01 5.6527776939e-02 1.6510932061e-01 1.0270878241e-01 7.4172292505e-02 -3.7981933190e-02 3.0335977205e-01 3.3739049366e-03 -6.2372834453e-02 2.1670248733e-01 1.8354156195e-01 -4.1616952175e-01 3.7708782712e-01 -2.0135399687e-02 -3.4326980948e-02 -1.6580088041e-01 -2.4594642159e-01 -3.5354389162e-01 -7.8402161227e-02 -2.1433127552e-01
-1.7670345250e-01 3.8340159772e-03 -3.3677642680e-03 3.6764178801e-01 9.1232152559e-02 2.4499942378e-03 -5.6631491607e-02 -2.9336805186e-02 1.3777940016e-01 1.2946726906e-01 -2.1806780607e-01 -1.2501807494e-01 -1.2641412343e-01 9.7105194857e-02 2.9058409158e-01 2.4684154907e-01 -1.8001441381e-01 -1.1906689679e-01 -1.9895610461e-01 -4.9538416706e-02 9.1023009344e-02 -1.8775952491e-02 2.5729959388e-01 1.5721544674e-01
-1.2525870578e-01 6.1984519602e-02 3.2469539961e-02 -2.9311591711e-01 1.4260400840e-01 -3.2704879541e-02 1.1879200998e-01 2.9898520889e-02 2.6842302158e-01 -2.2813806633e-01 -2.7180189331e-01 7.7557442929e-02 4.3571446225e-02 -8.5528595318e-02 -1.6397314796e-01 1.1932639657e-01 -3.1462947345e-01 2.1086154741e-01 -1.6490946590e-01 -1.4878586148e-01 -8.7219255488e-02 -1.9409184540e-01 -1.2709220895e-01 -2.9121849719e-01
-1.0795172847e-01 -9.9891158240e-02 -3.5788056316e-01 -2.0243341018e-01 2.7381092687e-01 2.0608408657e-02 2.1719004391e-01 -4.9298290038e-02 2.5247232720e-01 -3.5389494329e-01 -5.2288589387e-02 -1.6888252769e-01 -5.4088644454e-02 -2.8089939791e-01 -2.8421085795e-01 -7.7116794570e-02 -5.5680819135e-01 1.1052148967e-01 -2.7990383066e-01 -1.8050608501e-01 2.3275875819e-01 -1.3076455348e-01 -2.5806170567e-02 4.9413990463e-02
1.0647076371e-01 1.9104585567e-01 -1.5491831150e-01 -2.5828540870e-01 -2.8835179291e-01 1.0035073596e-01 1.2760858323e-01 -5.5641417933e-02 -1.5709150103e-01 -9.8670548328e-02 1.4680650885e-01 6.9254110565e-02 2.2595897216e-01 6.1076328415e-02 -1.1133784685e-01 -2.2338861904e-01 -1.5322563138e-01 -4.6076140131e-02 -1.7511367532e-01 2.1781681916e-01 -2.0405936910e-01 4.3594270768e-02 1.1648310112e-02 -3.5120080271e-01
3.4244228993e-01 -6.7638736971e-02 5.2930770117e-02 5.1607205397e-01 1.2958110770e-01 1.1616231747e-01 -2.6705533852e-01 -1.0313396992e-01 1.4194779366e-01 2.3481433911e-01 1.4497307354e-01 5.0375164808e-01 2.1784561966e-02 -1.8573528062e-03 -6.7025251723e-02 2.3024685695e-01 3.5917564324e-01 2.3500334982e-01 -2.5718600783e-01 -2.0041360732e-02 -2.9437054867e-01 -7.7186154616e-02 -3.8094713414e-02 3.7090979370e-01
-9.2354773689e-03 -2.7513727159e-01 -2.8380871909e-01 -3.3852620744e-01 -1.0541828460e-02 2.9505889108e-02 -1.3952744198e-01 -1.4216850475e-01 -6.7861741006e-02 1.9657050330e-01 -2.1073274692e-01 2.3823610544e-01 -1.6391100652e-01 -1.6849788561e-01 3.2939966652e-01 -1.3624749691e-01 -1.3912646752e-01 -8.3106507923e-02 -1.1751252610e-01 -6.3844106711e-02 -3.3847313898e-02 1.0355106239e-01 -1.5094216645e-01 1.5177826472e-01
-1.9707677783e-02 3.0356347136e-02 -4.3686275122e-01 5.4092698808e-02 -2.6566654561e-01 1.3130575113e-01 -2.0077572141e-01 2.3292569645e-01 2.4880304106e-01 4.8996978002e-01 1.6210107406e-01 -1.6501063622e-01 -8.9882857331e-02 -1.7332972661e-01 -2.5407682016e-02 -2.1760694175e-01 -5.3484497403e-01 2.0084159496e-03 -1.4581298756e-01 1.5982647854e-01 -2.0715149144e-01 1.9863877800e-01 -3.9470395807e-01 1.1799408479e-01
1.7548170171e-01 2.4616933948e-01 9.2263170941e-02 6.3034175774e-02 -2.8804415639e-01 -9.3094813269e-02 1.5834636535e-01 -5.9313018771e-02 -3.6212425288e-01 -5.0561794365e-01 3.4347428722e-02 4.5421371625e-01 -3.3060997350e-01 -1.3637924537e-01 1.2223461063e-01 1.1943212389e-01 4.5580801734e-01 -3.9756140448e-01 5.9681195195e-02 2.7333310963e-01 -4.6375790628e-01 3.1814093674e-02 -9.8266488104e-02 6.4249817632e-02
1.8615977350e-02 -6.2553032676e-02 -5.3515199075e-02 9.4051830384e-02 1.3004717948e-01 2.6589338053e-01 4.0728829120e-02 -6.3868710179e-02 1.5653606105e-02 5.1922116456e-02 -5.4271088052e-02 1.9279762383e-01 -4.3907871502e-01 2.6801688171e-01 -1.5926924392e-01 -1.5227830758e-01 1.4987455731e-01 -6.5778382871e-02 -5.8277213209e-03 -1.3929938298e-01 1.4409001420e-01 -3.5956445882e-01 3.2226796956e-03 -1.8923711548e-01
