-2.0149447237e-01 -4.8858398597e-01 -2.8677953833e-01 -3.5167520080e-01 2.3357883841e-01 1.2805421334e-01 1.2597110389e-01 2.6376310341e-02 4.0970683306e-01 -1.2368187627e-02 2.3130776369e-01 -6.3209694924e-02 8.5906628091e-02 -4.4646978569e-02 -1.0281167084e-01 -1.8218090157e-01 -2.7952632927e-02 5.3550656132e-02 2.3610774708e-01 -1.7568155603e-01 -2.1756552187e-01 -8.9730231363e-02 5.8716789044e-02 -1.0507763511e-01
4.0955029768e-01 1.1552967283e-01 -6.9259747710e-02 3.1373050152e-02 2.5332739123e-01 -1.1539125146e-01 -3.8096494757e-01 2.1057182849e-01 2.7564525281e-01 -1.3680619201e-01 -1.4831129947e-01 -2.9724172053e-01 5.7395702066e-02 -1.7882108184e-01 -2.4947877793e-01 2.7676021395e-01 -1.1357324332e-02 6.8283104532e-02 -3.1562471566e-02 -7.0934955505e-02 1.2402317389e-01 1.2170824111e-01 -2.4954933930e-02 2.6384411024e-01
3.3335754192e-01 1.0064453975e-01 3.7697888297e-01 8.2832715302e-03 -2.3334327109e-01 -3.4431253108e-01 -4.7264555993e-01 -3.3250372000e-02 2.3506676310e-01 6.8085374297e-02 1.4995611981e-01 -6.3540466112e-02 -5.7657577311e-02 5.8450302584e-02 1.0821915402e-02 1.4578365908e-01 1.8537975896e-01 1.9298008981e-01 5.7747947700e-02 2.7788067246e-01 6.2002163632e-02 -6.2276791312e-02 1.8687808695e-01 -1.6621021419e-01
1.4753948175e-01 -4.5655059304e-01 1.7898523956e-01 2.2910185468e-01 -2.3023946513e-01 1.4897987836e-02 1.1558779294e-01 -2.6340204880e-01 2.8291100469e-01 2.2164074491e-01 -1.7591922703e-01 1.2203865957e-01 -1.0411263270e-01 3.8644600341e-01 -3.4672955790e-02 3.5988544886e-02 -3.4185154519e-02 -1.0714149749e-01 -4.2201554140e-01 4.8972869760e-01 -7.7528463755e-02 -1.1199832565e-01 -9.9577061786e-02 -2.0951423815e-01
-1.6865347427e-01 1.7444798116e-01 2.4901627026e-02 2.0899168023e-01 3.8650254662e-01 -1.3678462887e-02 2.2972761910e-01 -1.7546260262e-01 -1.0033823376e-01 -9.4688462849e-02 -2.3826575164e-01 -5.4699931214e-02 2.8590506054e-01 -1.3175241505e-01 -1.1775053304e-01 1.2217199497e-01 -1.2033217364e-01 3.4822723109e-02 2.5056835640e-02 2.1673426815e-01 -3.7104262911e-02 3.1129068254e-01 9.8884873492e-02 4.0038666248e-01
-1.2298261460e-01 2.6555910651e-01 -5.7312883730e-02 -2.9193015106e-01 -7.2695693568e-02 2.8941195193e-01 8.9011811481e-02 -1.6657718584e-01 -6.5989908516e-02 1.1411073062e-01 1.0931404953e-01 -2.2956430899e-02 1.4842568858e-01 -1.1355273057e-01 1.6714955821e-01 -4.6606238271e-02 8.8884482876e-02 2.3003129603e-01 1.2156898417e-01 -3.6086307759e-02 -2.3466372440e-01 9.2059770250e-02 5.4517573442e-02 -1.6650792487e-01
3.7113514956e-03 3.0872117650e-01 -1.7747340434e-01 5.5519573305e-02 -2.0231647930e-01 -5.6231008101e-02 -2.5488906123e-02 -1.1186120331e-01 -3.6102145598e-02 -3.1804464504e-02 -5.2127022894e-02 -2.2139973246e-01 1.7276417362e-01 5.9685553575e-02 -1.9797428362e-01 2.7939442960e-01 1.2247722094e-02 -2.0253182963e-01 1.7022252836e-01 -1.0308312358e-02 2.1849580548e-01 -3.9569071344e-02 3.2920976544e-01 1.1005180579e-01
1.5208330680e-01 3.8649441356e-01 5.5876291603e-02 1.1199634176e-01 -8.3422077479e-02 -1.2944030484e-01 1.6383200853e-01 2.6416822478e-01 -3.0504307870e-01 1.9599568046e-01 3.7430612840e-02 4.0548858773e-01 3.4992353444e-01 2.3382089281e-01 -1.5358201902e-01 5.5880018568e-02 3.2752640156e-02 1.9983028005e-01 1.1475684254e-01 -1.5861792425e-01 3.3554540688e-01 -2.1008496245e-01 3.0791132638e-01 -3.8767814212e-01
2.2466552248e-01 3.4808680033e-02 -3.0375873194e-02 -5.2594252349e-02 1.9365054148e-01 -3.0302586096e-02 1.4887278425e-01 8.3115581252e-02 8.1194708270e-02 2.2057320061e-01 -9.0961558806e-02 -4.7930816015e-02 4.7885870647e-02 2.5936422189e-01 -2.3315216140e-01 -4.0825142654e-02 1.7304342026e-01 -3.5391951370e-01 8.5492143080e-02 2.1163908735e-01 1.7832567530e-01 1.7829329576e-01 7.2519845528e-02 -1.6406269888e-01
-3.8670722557e-01 -1.2598210694e-01 2.9419481191e-02 -8.2922957034e-02 8.2415939120e-02 -1.3781269339e-01 1.8270644060e-01 4.1734892198e-01 2.7249906972e-02 6.9033831405e-03 5.3944202250e-02 9.7670224373e-02 -1.1086395950e-01 1.0746695381e-01 2.8409428300e-02 -3.0743405733e-01 -2.3753241366e-01 7.5731864899e-02 3.4497109623e-01 4.5593846560e-01 -1.5305992113e-01 -1.0637603770e-01 -3.0255418713e-01 1.0848621456e-01
-6.4805318240e-02 -4.4519324838e-02 -3.0294485562e-01 -1.2331116412e-01 4.5844032879e-02 1.5610585549e-01 9.5918380409e-02 -1.9323701269e-01 3.8344113813e-02 -4.7708660800e-02 3.7635796595e-01 1.7628379915e-01 2.8001981558e-01 -1.3241381285e-01 1.9972548085e-01 -2.0824320129e-01 -2.2314922034e-01 -1.1328337995e-01 -2.9663573451e-01 -1.0230708979e-02 -4.8074644263e-02 3.2837492387e-02 2.5537233926e-01 2.0526039232e-01
-1.9501307438e-02 -1.4326784461e-01 1.5527529962e-01 -1.6498131749e-01 1.5887577681e-01 5.4392816252e-02 3.7514799699e-01 -1.5034953432e-01 -4.7386101265e-01 6.1796060018e-02 -2.8303154976e-01 7.6862822408e-02 -1.7854179286e-01 2.2543428849e-01 -3.4202498119e-01 -1.2681066713e-01 2.5836860956e-02 -5.7416599913e-02 2.1422126612e-02 3.3128918906e-01 -1.1570337742e-01 -1.2733295937e-01 -4.1081720772e-01 1.5622748181e-01
4.0429654227e-01 -1.7611327040e-01 1.2683888047e-01 -4.0607036037e-01 2.2215098688e-01 6.2347426839e-02 -3.2409540812e-02 -9.6732910663e-02 8.6799934702e-02 -4.1544268569e-02 -1.5145224421e-01 -9.3071772910e-02 -1.0600163154e-01 -3.3497663947e-02 1.0003709473e-01 -3.9032554837e-01 -5.4659104850e-01 -8.8678369459e-02 -1.7631420645e-01 1.8143248475e-02 -2.1805822931e-03 -1.5006377397e-01 -5.1385614332e-02 -1.2260438084e-01
-6.4089767205e-02 1.0572266059e-01 2.0842935261e-01 1.2908500525e-01 -2.5519654460e-01 -8.9852147974e-02 1.5857148500e-01 3.8002257858e-02 2.1768093120e-01 1.0091302528e-01 1.6332747459e-01 2.7775716235e-01 1.9368071912e-01 2.0838230618e-01 1.7797447771e-01 -2.5375795198e-01 -6.9003352181e-02 3.2419611048e-03 3.4900175349e-01 -3.1703428866e-01 -2.1686773782e-01 -2.3698416665e-01 -1.5921511435e-01 3.4319010958e-02
-4.6604942470e-02 -1.8022426071e-01 -1.2325437099e-01 7.0306197784e-02 -1.3020715765e-01 -1.2922370504e-01 -2.4326652919e-01 -3.8031947334e-01 -1.1198423202e-01 -5.9211859415e-02 9.3845216642e-02 -7.8990701662e-02 -1.8506075587e-02 1.3461230196e-01 -2.3550018413e-01 9.7103355110e-02 -1.2760679196e-01 1.3320984030e-01 3.5428214631e-01 -4.1255504082e-02 1.1409684582e-01 -1.4049071177e-01 7.9790538290e-02 -1.4429499886e-01
2.0435849852e-01 -3.8291181392e-02 3.0621063049e-01 -3.8053996875e-01 9.1917950919e-02 1.5634758868e-01 -7.8579416534e-02 1.9329014732e-01 2.0229051154e-01 1.6629398969e-01 1.6999908169e-01 2.7775552714e-03 -2.0529607627e-02 -9.9359658509e-02 2.1262212544e-01 5.2973108112e-01 4.9790289299e-02 -7.6115892078e-02 -3.5494497133e-01 3.2801878188e-01 -4.8310949529e-02 -2.8557182687e-02 -1.1380463106e-01 -3.9044333291e-01
6.7522879902e-02 1.4573181622e-01 -2.7752105672e-02 -1.5564437791e-02 -1.3371494130e-01 -1.1312235161e-01 -3.9092304257e-02 3.1878868317e-02 9.7098832922e-02 4.2900802825e-02 3.3242069241e-01 1.1210451466e-01 -3.3636895666e-02 1.4438390370e-01 -7.2227367244e-02 1.8806448643e-01 3.8474063669e-01 -1.2250327152e-01 2.7182879872e-01 -1.5907512689e-01 9.0291697257e-02 -5.3662909659e-01 4.2094819405e-01 1.6857778498e-01
1.4279524903e-01 8.1746258461e-02 -4.8964853176e-02 1.7020348696e-01 -9.1220958687e-02 -7.2482748979e-02 -1.5025730318e-01 3.7720656305e-02 7.5163359682e-02 -1.8925724055e-01 1.2678183251e-01 2.4076527097e-01 2.5991889584e-01 -3.9081015231e-01 3.3638367334e-03 1.3699198486e-01 3.2787030800e-01 4.6108637335e-01 8.6714276865e-02 2.6147518966e-01 -3.3892463491e-03 -3.7260614836e-01 -1.2782554262e-01 3.6867455919e-02
3.3973958193e-02 -6.3583417426e-02 6.4720971820e-02 2.8071516291e-01 1.2206472901e-01 -1.2935600236e-02 3.7132173314e-01 2.3498370944e-01 -1.2387833169e-01 3.5067700354e-02 1.1294185434e-01 -2.1538220399e-02 -4.3192279492e-01 1.1301017779e-01 3.1924977875e-01 1.9658212548e-01 -3.0128349360e-02 4.1975825923e-01 8.1702615930e-03 -1.4982113025e-03 -2.9830465529e-02 3.8216811102e-02 -1.5832967148e-01 4.2474403033e-01
-1.3028849460e-01 5.7625454261e-02 2.1709225496e-01 -3.1702089719e-01 -4.4283304851e-01 4.1724527306e-02 3.6091388920e-01 -8.5412907936e-02 -1.0073129817e-01 -1.4464023950e-01 -2.3644611184e-01 -1.1860099401e-01 2.5531027793e-01 7.6608159205e-02 2.5254929734e-01 2.8221035370e-02 -2.2195252235e-03 6.5526719416e-02 -1.6434026567e-01 1.5242772398e-01 1.8423888076e-03 -2.3640772398e-01 -1.1494670496e-01 -4.8165481700e-02
-1.2701994284e-01 2.5261750270e-01 -2.8510253850e-01 1.8106626504e-02 2.8373138495e-01 5.1749751045e-01 -5.2902586017e-02 -1.0095008494e-01 -1.7995019595e-01 -3.9499778815e-01 -1.2688478055e-01 2.2375645406e-01 1.6849320271e-01 1.6761880272e-01 -3.2367712088e-01 1.0687952095e-01 -1.8434543085e-01 3.2189054082e-02 5.5168984329e-02 -2.9196133775e-02 -2.5252562216e-01 -2.6482742899e-01 -3.0347174217e-01 -1.4559334483e-01
1.5568752386e-01 -1.2722415152e-01 -1.2396663226e-01 -5.1722712449e-02 -7.4010401639e-02 8.3505484510e-02 2.2268487411e-01 -5.7749093792e-02 3.1527283071e-02 4.7097998219e-01 7.0409535581e-02 -9.5872550425e-02 2.2539508253e-01 -7.1214917631e-02 4.2948532321e-01 3.4849525992e-02 3.1063317102e-02 1.8553873989e-01 -2.8019462007e-01 -1.8759929289e-02 3.3985750831e-01 -2.6034851650e-01 -6.4824716543e-01 -1.3750167377e-01
-2.8704972565e-01 1.2347281545e-01 2.8781051389e-01 -6.5016531614e-02 -2.0542101959e-01 2.9936108478e-02 -3.4410494517e-02 1.1854489590e-01 -4.1480983711e-01 -3.1706075170e-01 -5.1432580823e-02 1.5606594095e-01 2.3631686652e-01 1.5038778134e-02 -2.4549348455e-01 2.3753940603e-01 -1.4329807254e-01 1.3442963212e-01 -1.3695964911e-01 -1.2296949802e-01 9.5025094918e-02 -8.9474092047e-02 -1.8681788331e-01 -1.0988944666e-01
5.9718955596e-02 -1.4184678767e-01 2.4805491224e-01 1.6831862286e-01 1.7038239432e-01 -1.4678257562e-01 -1.7869181132e-01 -2.5195155842e-02 6.0291090956e-02 2.5604582941e-01 -1.4667750130e-01 1.8997226658e-02 -1.5919268098e-01 -4.4101183627e-01 -2.6801622577e-01 5.1358272818e-02 2.4414624188e-01 -6.4082721079e-02 -6.3845557522e-03 1.9030126379e-01 1.6693095879e-02 2.6813136741e-02 -1.0165545066e-01 1.9496658173e-01
