-2.9461786449e-01 -2.0957651016e-01 -9.3556861007e-02 -2.6700907792e-01 4.3629009729e-02 8.4419185052e-02 1.6904975118e-02 1.0330558348e-01 5.9372812743e-02 3.0935014214e-02 1.0377037701e-01 3.2335979430e-01 1.6081325509e-01 -2.6626091013e-01 -1.6529029275e-01 1.2896244335e-01 -8.9643624080e-02 2.2623690301e-01 -8.1832695067e-02 3.1545545554e-02 1.8258797832e-01 6.8191213613e-02 -4.2809109820e-02 -6.9777745421e-02
-1.6082598653e-01 3.3094279854e-01 1.6859643327e-01 3.4290624827e-02 1.8281581954e-01 1.5848095341e-01 -1.6138138464e-02 -2.4889895429e-01 1.0518900335e-01 -1.4144522135e-01 3.3596788553e-01 1.0667173009e-02 1.5893145927e-01 1.1462869153e-01 2.3930441871e-02 3.3806212490e-01 1.0746940770e-01 -2.0505053576e-01 6.3341679480e-02 1.0448288196e-01 -1.0966653870e-02 -8.0699637086e-02 -1.8098420574e-01 -6.6449635707e-02
2.1830728381e-02 2.0030835562e-01 -1.6857955628e-01 4.2144426175e-02 8.2576874243e-02 -3.5746999681e-01 4.4405131859e-02 -3.6301802892e-01 -3.7483371700e-02 -4.6281874371e-01 1.2284385832e-01 1.1521144035e-01 1.2736127863e-01 8.8033197775e-02 2.3241771856e-01 1.5367370857e-01 1.0656210789e-01 6.9144293613e-02 -1.3180525307e-01 1.1508688221e-01 -1.1551811841e-01 1.1943336695e-01 4.7181277052e-01 1.7605451145e-01
1.1873370206e-01 9.0183218493e-02 8.8598393432e-02 6.3983800239e-03 -2.0769565164e-02 1.7018422820e-01 -3.4428208744e-02 -1.0501251051e-01 -3.4794048111e-02 -5.7537238590e-02 -3.0905083947e-02 -1.4935871585e-02 6.5580223715e-03 -2.3050440800e-01 4.6542830779e-02 -6.1352610198e-06 1.8470258284e-01 1.8727840803e-02 -7.7161914322e-03 -1.7161234953e-01 2.2584567419e-01 -1.4901235909e-01 -1.1589218854e-01 -1.3976270875e-02
-7.9797336010e-02 1.3426121069e-02 7.2701376229e-02 1.4547313223e-01 5.6414625206e-02 1.8205182846e-01 -6.8674580027e-03 -1.3883978370e-01 6.8167613239e-02 -3.6044268322e-01 -2.0929612446e-01 -5.6026507741e-01 2.6165467821e-01 -1.4549204163e-01 -1.5224271961e-02 -1.4223793818e-01 8.3293719132e-02 -5.1699701022e-02 -4.1244947031e-03 -2.0734313386e-01 1.1823575809e-01 6.7490234802e-02 -1.2936888789e-01 -1.0795329885e-01
-9.8647955927e-02 5.2245657374e-02 -4.2056248498e-02 -1.0423922204e-01 -1.5602065059e-01 -2.9007995839e-02 -2.5335321903e-01 3.1959189658e-01 1.3595087953e-01 1.5185144242e-01 -3.3839826096e-01 1.1202931547e-01 6.5646330925e-02 -9.3548876157e-02 -5.3071985992e-02 1.2126784656e-01 7.3033654740e-02 7.0492925488e-02 1.0625199586e-01 -3.4532584139e-01 1.7822364354e-01 -1.2947696118e-01 2.4963328195e-02 -2.0360137026e-01
-8.5360493920e-02 3.7824131229e-01 -6.9604182009e-02 5.3502568116e-02 9.1317004527e-02 3.9210924571e-04 -1.0332686112e-01 -3.1003413198e-01 7.7358479296e-02 5.2634123401e-03 -2.6609189988e-01 -9.7983828364e-02 1.8013794295e-01 1.5878694460e-01 4.5350989145e-02 1.8869841232e-01 3.5630797209e-01 6.9632475863e-02 2.0600785647e-02 -2.6132510054e-01 -7.7605506890e-02 5.2309445256e-01 -2.1818171533e-01 1.9115064695e-01
3.5731165525e-02 4.2170198372e-01 -4.0491381446e-02 3.8335919021e-02 1.7976465632e-01 2.9724704632e-01 -2.0969415581e-01 2.7257236805e-02 -6.7337426103e-02 1.2681105164e-01 -1.8244975653e-02 -3.0264419557e-01 2.1434441327e-02 -2.9872846124e-01 7.5457913742e-02 2.4641437804e-01 3.4970723511e-02 2.4917887940e-01 -1.2160009096e-02 7.9775805556e-02 2.6716830511e-01 3.1422196787e-01 7.4213372484e-02 -2.8444151577e-01
2.4496275868e-01 -2.5373755058e-01 -6.1018192002e-01 -1.7838253613e-01 4.2018317169e-02 -1.3175684211e-01 -6.6469871075e-02 -9.7704775554e-02 -2.3422316183e-01 1.3732690053e-01 1.2027594335e-01 -5.3215326480e-02 -2.6024187520e-01 -4.4956735437e-02 -4.8200283593e-02 1.8105905022e-02 1.6965087474e-02 -1.0660974552e-01 -1.1779674563e-01 -1.3114831855e-01 3.1228714608e-01 2.5924252804e-01 1.0262336377e-01 9.2748306357e-02
1.1484442570e-01 -7.7926977111e-02 6.9176224340e-02 -2.2292965141e-01 1.3738599727e-02 2.5603532622e-01 4.1623279951e-02 -1.4011447338e-01 1.7222208104e-01 -2.1550721667e-01 -1.6395348408e-01 -1.4991128230e-01 2.1775383739e-01 1.1278728113e-01 4.6516693937e-01 -1.9053771041e-01 -1.2798170256e-01 1.9037401825e-01 -5.3840348892e-02 -1.5394554916e-01 9.1718152577e-02 -1.4250490922e-01 1.7761294519e-01 -2.7346567986e-02
6.5217044540e-02 -1.2861488785e-01 -1.7284063663e-01 2.9166322269e-01 -1.5266575350e-01 -6.6619423660e-02 1.2178709523e-01 -9.7141396479e-02 -1.7417349453e-01 -1.8166786959e-01 1.5556319131e-01 1.6019347873e-01 8.7043561934e-02 -1.9552761111e-01 3.4662931326e-02 1.6224064222e-02 -1.0632971654e-01 -3.2829085586e-01 1.9917052640e-01 -2.9315439479e-03 9.0351874276e-02 8.7350474729e-02 -5.6220908426e-01 1.7806079289e-01
2.5846221761e-01 1.0140350510e-02 -1.1269889734e-01 -8.8208728524e-02 -4.8316295973e-02 -1.3418975552e-01 -7.2512606725e-02 -1.0155267395e-01 -1.5889467619e-01 4.8404643946e-02 -1.9789264264e-01 -2.3680821151e-01 -2.9468674788e-01 -6.2432100940e-02 -5.3163289430e-02 6.7477093365e-03 2.2812739922e-01 -9.8271598862e-02 2.9824040921e-02 2.1956860123e-01 -3.4137857978e-02 -1.3915413326e-01 2.0002240428e-01 -9.4138161297e-02
1.1943925767e-01 3.3166934184e-01 -3.3346412511e-01 -2.8068585563e-01 -1.4332522812e-01 -4.0968066416e-02 4.9327161749e-02 -1.6492243790e-01 -2.3674333657e-01 -3.7244615928e-02 2.9816047857e-01 -2.8127098115e-01 -1.6258320775e-01 1.1889509156e-01 -8.6559918625e-02 -1.7923331105e-01 5.8901719683e-03 -1.8263383120e-01 -9.5358355670e-02 1.6497053269e-01 2.4020578081e-01 -2.2325734963e-01 7.2693985215e-03 1.6709943473e-01
1.4533513309e-01 -2.1404197725e-02 -7.4920496294e-02 3.5274477137e-01 -1.3670880166e-01 4.8671128077e-02 -1.4080449385e-01 5.8014680104e-02 9.1571054768e-02 -3.3603560253e-01 4.2576555925e-01 2.5970041399e-01 4.8400813921e-01 9.8913511189e-02 -2.9436878735e-03 -1.8126363981e-01 6.3888794114e-02 1.5871296590e-01 -1.8488492015e-02 1.5250748732e-01 1.9149032021e-01 -2.5316763344e-01 1.1779887985e-01 5.4461597082e-01
1.7061137492e-01 1.0011366449e-01 -1.2913595982e-01 -4.2604914144e-03 -1.4450443113e-01 2.3308468414e-01 2.0325134711e-01 3.0714626851e-02 -1.9561582537e-02 -1.6100046650e-01 1.9730308117e-01 1.0856072443e-01 1.3682985876e-01 -1.6191733568e-01 1.6281493633e-01 5.4760402716e-02 8.7138587991e-02 3.3009640140e-01 -2.8131820381e-02 1.8414343005e-01 1.0393873918e-01 -2.8475124288e-01 -7.1912457316e-02 -3.2169566378e-01
2.7176071802e-01 -9.3634817987e-03 -1.0772851644e-01 1.9019903890e-01 5.6207374408e-02 -6.3248374624e-02 -5.5335468659e-02 -1.8082357559e-04 1.9414204360e-01 1.3044749621e-01 1.5969740620e-01 2.5766130901e-01 1.0340794534e-01 8.0172299302e-02 8.4844458398e-02 -5.9799074554e-02 2.0930361161e-01 -1.0593881928e-01 -1.6969722281e-01 -2.4255221127e-01 3.5924113608e-02 2.1665231947e-01 4.6845053082e-02 -5.7637169413e-02
7.1556546297e-02 9.6617412160e-02 3.6328563209e-01 -1.4498451043e-01 3.7061063999e-01 -1.7933885856e-01 3.7122349893e-02 1.8372663793e-02 1.5792093954e-01 3.9488789099e-01 -1.2144390366e-01 2.4052660725e-01 1.3449447562e-01 -1.2583475130e-01 -7.0020613629e-02 -1.5295207350e-01 3.1473160549e-01 2.9231135147e-01 -2.6835025430e-02 1.8013384999e-01 -1.0401890019e-01 -3.4464581891e-01 -3.4807148207e-01 1.8006879334e-01
-1.0976719640e-01 1.8561420067e-01 1.1052585339e-01 -3.3392622494e-01 5.5390519157e-02 -9.6825531616e-02 3.1601222653e-01 -1.8527784385e-02 -3.5506884253e-02 5.5512479605e-02 4.4476321878e-02 -3.2306654065e-01 5.8249482866e-02 -1.0260243524e-01 9.5564806508e-02 -1.1858227547e-01 -3.9712519581e-01 -1.3088097669e-01 -1.7017830122e-01 3.2795232233e-02 -1.8907840304e-01 -1.4880127053e-01 2.4930828802e-02 -1.0137716837e-01
8.8162863998e-02 -2.2625807767e-02 -2.0755714181e-01 1.1252332557e-01 3.8902754439e-02 1.6710054835e-01 3.3672900572e-01 -1.4543057977e-01 1.1630919276e-01 -1.6934940163e-01 8.9656611052e-02 -1.8302585158e-01 -5.4414403711e-02 2.7816935533e-01 -3.4908167425e-02 9.3690663912e-02 1.2004096080e-01 -2.7761516680e-02 1.0805889630e-01 -1.1485146984e-01 -2.8777821608e-01 3.1902837441e-01 1.3982220750e-02 2.0701761777e-01
7.6759089658e-02 -5.6730264185e-02 -1.9626205479e-01 2.2103171050e-01 3.3453224701e-01 2.3446214680e-02 8.2445149668e-02 -9.9245051010e-02 7.2698565503e-02 1.8909556129e-02 -8.6658488778e-02 8.9887614984e-02 -2.5199377001e-02 -2.4621175130e-01 1.4434839703e-01 -2.4870053530e-01 3.0486768776e-01 1.8630163914e-02 -9.6622767098e-02 2.0928074984e-02 -3.0491172494e-02 -1.1619678115e-01 2.8615553123e-01 9.4179435138e-02
-2.2906271576e-01 -1.1593290329e-01 -1.2747857817e-01 -1.9630499639e-01 1.5803594433e-01 -4.5967091997e-02 1.0535201150e-01 -1.0746568168e-01 -1.8180219042e-01 8.9351580673e-02 -1.0152306434e-01 -8.6517276544e-02 -2.1267657514e-01 1.3074273532e-01 8.4414634127e-02 4.3622317801e-02 4.1810590121e-02 3.5150095270e-02 1.1069237674e-01 1.5630384690e-01 1.8402701071e-01 3.3022993741e-01 1.4246569703e-01 1.0520860293e-01
-8.3960365561e-02 2.5745679210e-01 2.1573517707e-01 1.6662211846e-01 -6.9868461440e-02 9.7461239219e-02 -4.8580959952e-02 -2.3139427227e-01 -6.8401853231e-02 1.7061430228e-01 -3.1643464164e-01 1.8219762592e-01 -2.9544218332e-01 -2.8824520163e-01 -6.1317046040e-02 1.5155001805e-01 8.0408415022e-03 -1.6805813431e-01 2.3717170777e-02 1.7874301319e-02 6.7134337719e-02 9.5167854944e-02 -1.6876010297e-01 5.3979231042e-02
6.6655353142e-02 2.7394152582e-01 6.6465030340e-02 -1.5350262148e-01 2.6617046910e-01 2.4163701762e-01 1.5854666561e-01 2.0990126121e-01 1.3029257261e-01 -7.9108215988e-02 1.3379176959e-01 -2.6180110078e-01 3.3857042167e-01 2.2041780232e-02 2.5510377576e-02 -1.0220832233e-01 2.2278792608e-01 -5.0891734218e-03 -4.7393517393e-01 1.4329841087e-01 -9.6625369697e-02 -7.4944677286e-02 -4.0831617928e-02 9.8604951688e-02
1.9348181831e-01 -7.2419764111e-02 -2.3196284751e-01 -8.7934571253e-02 1.3013299326e-01 -1.2814328475e-03 -2.0436285534e-01 2.9828546392e-01 1.0477831070e-01 2.1921880049e-01 -1.5402444012e-01 -1.6961285757e-01 -1.1785818881e-01 -5.1491882956e-02 -3.1040338883e-01 5.6906707637e-02 -3.5385511506e-01 3.6238871347e-01 3.2241302320e-01 -4.7095205787e-01 1.7492900727e-01 1.1824680002e-01 7.0068723116e-02 1.0665855440e-01
1.1727833793e-01 -3.7754252214e-01 -1.0167359390e-01 2.2688170678e-01 1.1083297823e-01 -9.2066548130e-02 1.7799987486e-01 -4.0443287943e-02 -2.8042801689e-01 -2.9128616661e-01 1.5944070112e-02 4.1646076274e-01 -3.4008926818e-01 2.5441351250e-02 1.3963312334e-01 -2.6501253429e-02 -4.2741618778e-02 -2.5410075302e-01 -2.0815619487e-01 -2.2316134085e-01 -2.8143294875e-01 -5.1273940299e-02 5.5979687196e-02 -1.5872411672e-01
-3.7131063705e-01 -4.3968597755e-01 -6.8449442830e-02 -1.1032918048e-01 -2.5636359022e-01 1.5958165169e-03 6.9872009763e-02 1.4721614784e-01 -2.8806915367e-01 2.9353745484e-01 -3.9257727215e-02 1.4383092508e-01 -6.7042114846e-02 3.6570426704e-02 4.5287299847e-01 -5.2744080157e-02 1.5155980396e-01 7.2448435440e-02 9.7958543383e-02 2.9556577643e-01 -6.2862456473e-02 -7.8247607884e-02 1.4654929655e-01 1.2356724213e-02
-3.0132735717e-01 1.7152454384e-01 -1.3342351131e-02 -3.8644862565e-01 -7.2301094778e-02 -2.4594848739e-01 2.6942337076e-01 1.6722750432e-01 2.6753376760e-01 -3.9121286348e-02 -3.2646148754e-01 1.9542820517e-01 1.9761643259e-02 2.8517888058e-01 1.1849770943e-01 1.4645896803e-01 1.8997691228e-02 -5.4696635656e-01 -2.7235671135e-02 2.6558552842e-01 -2.0193091676e-01 1.5948337920e-01 -3.0837962376e-01 1.2359870234e-01
2.6182593189e-01 3.1167155538e-02 -8.7904509271e-02 1.5074918986e-01 -2.1866661040e-01 2.6586381923e-05 4.4776335556e-03 7.8355379564e-02 -7.2328422790e-02 -1.7314054067e-01 1.4286959431e-01 -4.0510210268e-02 -1.6923848039e-01 2.2561236444e-01 1.7255395885e-01 1.8736280233e-01 4.1768921337e-01 -1.9010819147e-01 -4.0220852665e-02 -1.5907845966e-03 -7.2732466048e-02 -2.2678454245e-01 2.8042025829e-01 2.1665587636e-01
-8.0153243177e-02 -1.5045971657e-02 -4.3773242279e-03 4.2316086620e-02 2.5016107370e-01 -2.0495843560e-02 5.3593466045e-02 -2.4240725754e-01 8.9349227466e-02 -1.0804238960e-01 -1.8792493631e-01 2.9836253477e-02 1.8070597332e-01 1.0853088304e-01 3.3270562888e-01 3.9549906906e-02 -2.9669201479e-01 1.3519429985e-02 1.2182416426e-01 1.0468312181e-03 -1.5148891108e-01 8.4270341474e-02 -3.2827488851e-01 2.0028387419e-02
1.5777374786e-01 -2.3112167925e-01 -4.5116427263e-01 -9.2018330367e-02 2.3669357711e-01 -8.5182819768e-02 -1.2374350898e-01 -2.1264656181e-01 4.7740080026e-02 -2.4478862495e-01 -3.7662599490e-02 -1.1241486751e-01 1.9796420471e-01 -6.9120913068e-03 -4.1053836812e-01 -1.8852064550e-01 7.0721277664e-02 4.7459511456e-02 4.4349069573e-01 -1.2343793559e-01 2.4977554278e-01 1.0189772489e-01 -6.6056938588e-02 7.3324013724e-02
-1.0205557711e-01 -1.1024570244e-01 -2.3359836411e-03 -1.6749854451e-01 2.0330551417e-01 2.1033554162e-01 4.5403926397e-01 -9.5481145334e-02 2.1277244585e-01 1.5418405651e-01 5.1450571906e-03 1.3872902686e-01 9.7866428204e-02 2.6109020721e-01 1.0377623884e-01 6.8637619063e-02 -1.7203223049e-01 -1.1403600819e-01 -3.7866972228e-02 2.2159151352e-01 1.2386880692e-01 -5.3068042905e-01 -6.8948309430e-03 -8.6939769395e-02
-2.0170600754e-01 7.1455301643e-02 1.4315187602e-01 1.6562631935e-01 7.7632991546e-02 -4.3956812433e-02 -1.2026622084e-01 3.1451811615e-01 9.2280315510e-03 -3.0052431252e-02 8.5355245206e-03 5.9154403494e-01 2.3253991119e-04 -1.4304899012e-03 -8.6727023801e-02 1.1389649098e-01 -1.4891870642e-01 -1.1026095860e-01 6.5405742179e-02 4.0401122164e-02 -5.6430151970e-01 -4.3684070779e-02 -4.2473759059e-02 -5.6261092246e-02
