1.5026029304e+00
-6.0158387225e-01
-1.2345103286e+00
5.4470009984e-02
-1.9274784889e+00
1.2504991993e+00
1.6841777322e+00
1.5104737503e-01
-1.7039878718e-01
-2.6864101830e-01
8.3817679138e-01
5.1052785669e-01
-7.2329656909e-01
2.8427567329e-01
2.1719819144e-01
2.1572722765e-01
-8.7980705440e-01
6.3280875495e-01
9.6908270931e-01
9.5686516309e-01
-2.5586422167e-01
7.5900038397e-01
1.1791839812e+00
6.8240852165e-01
-6.0695575576e-01
7.1658009836e-01
-1.2671682475e+00
-9.2970167054e-01
1.6290364091e+00
1.2112648000e+00
1.1719094177e-01
2.5910252505e-01
