1.2992391805e-01
4.7211009640e-01
-2.9565554637e-01
8.7591959527e-01
-2.5458915294e-01
-2.2075697801e+00
1.4951157204e+00
-5.8913564334e-01
-2.6708112314e-01
8.0374631569e-02
1.1554103940e+00
1.7399633113e+00
-7.2557789923e-01
-1.5962768329e+00
-5.0048034642e-01
-9.6870687354e-01
4.9470249571e-01
7.9269142430e-03
2.0399652436e+00
-7.8658392139e-01
2.5825713353e-01
-1.8380906572e+00
-2.2275801378e-01
-4.6885571795e-01
-7.5861714911e-01
5.2418115495e-01
3.6634582337e-02
9.6286163385e-01
1.0539152547e+00
4.9976213248e-01
-1.0184807760e-02
-4.5184118952e-02
-1.9909800235e+00
1.2545144198e+00
1.3432648175e-01
1.1437010035e-01
3.8649141104e-01
-3.6907684887e-01
1.9530953163e-01
-5.9572253361e-01
3.8773326841e-01
-8.4129302585e-01
5.0400039836e-02
-9.8892785826e-02
4.1158505396e-02
1.0932239686e-01
9.0493013083e-01
1.9452654125e-01
-4.1763558742e-01
-2.2831333916e+00
2.4688823655e+00
-1.8311878172e-01
-5.0146538763e-01
1.6218379193e-01
8.2434723015e-01
-1.1433690677e-01
4.7399031444e-01
1.4159298144e+00
3.9443065893e-01
-1.1657007611e+00
-1.8601525048e+00
5.5315570686e-01
-2.8629155495e-01
2.0975042152e+00
1.4661032247e-01
3.4340246658e-01
-1.5408741003e-01
-2.7758791944e+00
-3.3930951002e-01
-9.0870841191e-01
1.6846112642e-01
-1.1318210541e+00
-1.0288624540e-01
-6.7825112898e-01
-3.2145242105e-01
-5.5646587152e-01
-1.4605740136e+00
-1.9890240639e-01
-8.4810961385e-02
-5.0380228757e-01
5.1880094964e-01
8.7432825689e-01
-1.6382900158e+00
-7.6150583145e-02
-1.6673117530e+00
-7.9171992139e-01
7.8809399820e-01
1.3944116476e+00
3.1104386172e-01
8.0590916280e-01
9.6946062923e-01
-1.4908504766e+00
1.3449595052e-01
2.4125428061e-01
-4.8392050798e-01
5.9227606888e-01
1.5133893499e+00
1.3315305961e+00
-1.3359430485e+00
1.8525925566e-01
2.0029749429e-01
1.9060876638e-01
-4.3277636596e-01
7.8508044312e-01
2.8465719055e-02
1.3237698207e+00
1.7071972995e-01
-3.1620306662e-01
9.3028797817e-02
-7.1887025248e-02
6.6407473095e-02
3.7137521335e-01
1.2658004469e+00
1.3792607613e-01
2.3261114527e+00
3.0307757870e-01
-6.6126094577e-01
1.4620949260e-01
-1.3812792135e+00
8.4342379039e-02
-5.8920250364e-01
-8.6771430269e-01
-7.2717034885e-01
-7.7515142912e-02
-2.8958632997e-01
-3.5344021536e-02
3.4823389908e-02
1.8568972260e+00
7.4037039653e-01
1.4067744167e+00
2.2926478159e+00
3.9089126354e-01
4.1620680976e-01
-1.9060025769e+00
1.2796673241e+00
-9.1430041245e-01
-2.9952164403e-02
-1.7607788561e+00
6.0797993476e-02
-1.5103466919e+00
1.7689658715e+00
3.1113815548e-01
3.9198476490e-02
1.2115351729e+00
8.6111259684e-01
1.6945256039e-01
-1.1676912979e+00
1.6559582164e+00
1.1078602414e+00
-4.0823008953e-01
-3.5453102775e-01
-1.9716813112e-01
-1.2006414569e+00
-7.5956596521e-01
-6.1039691233e-02
1.7190161530e+00
4.6747647914e-01
-1.6809759826e+00
8.5419328339e-01
1.2654341696e+00
1.9252665321e+00
-1.3901194201e+00
1.4002816397e-01
-1.1352856755e+00
-2.4561523531e+00
7.8305713737e-01
-6.8886477367e-01
-1.0972214211e+00
2.5410545474e-01
-2.5260578333e-01
7.5591439104e-01
-6.7775281342e-01
1.1348555452e-01
-1.6283940436e-01
8.1498052770e-01
1.0271020325e+00
2.1811287270e+00
9.2150158847e-03
-9.5510006062e-01
-3.1224202018e-01
4.6654824996e-01
2.1432100502e+00
7.5906884035e-01
-1.0136523476e+00
1.0527442370e+00
-4.4053068474e-01
-4.2623608163e-02
8.6736301768e-02
3.5487361213e-01
-3.1700895162e+00
-9.0329679819e-01
3.9657398843e-01
-1.9815097483e+00
9.5976404498e-01
4.9140378348e-01
-2.3765996463e-01
-7.5709333221e-01
-4.2176689004e-01
-2.5432229033e-01
-2.4620148390e+00
-6.8739446142e-01
1.7814159947e+00
-1.5195473731e-01
1.2400796984e+00
7.1054756110e-01
-4.9108861914e-01
7.5685793254e-01
-8.6452293018e-01
-9.9079605328e-01
-4.4263493373e-03
4.4709091270e-01
-4.0576739779e-01
-2.0879575799e+00
1.0190990145e+00
-7.4582359430e-01
-2.1548425876e-02
-1.0598566228e+00
-3.0303577598e-01
2.7461284087e+00
9.7295322379e-01
1.1334859119e+00
6.0485102049e-01
4.5637335512e-02
-5.7328684305e-01
-2.9117940975e-02
-1.1423640401e+00
-2.4926018717e-01
-2.7167887607e-01
1.5614753780e-01
1.4469427710e+00
-1.1761015676e+00
6.3416276400e-01
2.9783137697e-01
-3.0722459708e-01
-3.3347687183e-02
9.5518157782e-01
-1.0215685552e-01
-3.0771100940e-01
-1.4536424252e+00
-3.2687847761e-03
-1.0805377699e+00
7.5127792804e-01
1.9825284821e+00
-9.4814666823e-01
-3.5504089918e-01
-1.7301405349e-01
4.1553908710e-02
1.8307692154e-01
-1.2589380270e-01
-1.8230845101e+00
-2.1249896966e-02
1.0198497126e+00
-8.4073493164e-01
-2.2490292628e-01
1.5251457566e-01
1.7227189091e+00
9.9019546697e-02
-4.8475063447e-01
7.0910130748e-01
3.7720246878e-01
8.1761324264e-01
8.5741138559e-03
1.0364557101e+00
4.2351168865e-01
5.4283395428e-01
-8.1135330757e-01
2.1413663119e-01
5.5006490220e-02
1.0503775180e+00
-2.2801244619e+00
1.0405677602e+00
4.4677291356e-02
8.0804127831e-01
-4.0989886763e-01
3.5818689394e-01
-1.4391535596e+00
-1.1889147862e-01
9.6723335315e-01
1.9140274902e+00
2.6972040266e-02
-2.9699031886e-01
-1.0210423505e+00
-2.2285808020e-01
3.7322831793e-01
-1.3012199375e+00
-2.4055973712e-01
1.6431583599e+00
1.8964791717e+00
-1.1081424385e+00
-8.9958804854e-03
-4.2745890282e-01
-5.9396382152e-01
2.1671398040e-01
-1.8418317425e-01
9.1748828366e-01
5.4196126191e-02
-8.0766768159e-01
8.0297722301e-01
9.8375216936e-02
-4.2499632593e-01
