1.8876304992e+00
6.8369493410e-01
-6.6548634824e-01
6.2579548138e-01
7.5470776415e-01
-7.9845190429e-01
-4.6771091262e-01
-7.8516871722e-01
-4.6300538878e-01
7.4860165148e-01
8.1280157595e-01
-5.2432204983e-01
-7.2826028591e-01
-6.4724939054e-01
-2.3012832943e+00
-6.9060213601e-01
6.1954318867e-01
1.2645558709e+00
9.1283801860e-01
1.4085745588e+00
-5.8615336725e-01
-1.9633582416e+00
1.7605432239e+00
-1.8881715395e+00
-7.9694336837e-01
7.9858305055e-01
-6.4319644088e-01
-4.8712900236e-01
1.7035712839e+00
2.0821166617e+00
-5.9628581168e-01
-6.4632024178e-01
1.7998357109e+00
-2.2823457997e+00
2.0307264682e+00
6.2526856758e-01
1.2425222814e+00
-6.4268734015e-01
4.1342636258e-01
4.2292015527e-01
7.4887993837e-01
-7.9059043869e-01
1.5884285173e+00
1.7687079639e+00
1.9808744555e+00
5.3357577486e-01
1.7101754101e+00
1.5767994853e+00
7.6207552638e-01
1.4477708102e+00
-1.5442137585e+00
-4.2703292012e-01
9.1824972606e-01
-1.1147977607e+00
6.3637920047e-01
-1.4806385123e+00
-6.5081079551e-01
-1.4516109203e+00
-6.5851647785e-01
-1.9120596061e+00
1.7482129407e+00
-5.2466998688e-01
-1.8998591276e+00
1.3357768387e+00
-6.2061192048e-01
-1.0350277379e+00
-6.2025973045e-01
2.6095095711e+00
-1.7339055036e+00
7.5395204273e-01
