1.7637023105e+00
-8.5686584240e-01
4.0992558568e-03
-3.1763543098e-02
1.4586092530e+00
6.5824556043e-01
-5.5892738404e-01
-7.7388250369e-01
-9.1362887070e-02
-1.1407363097e+00
-3.1729365857e-01
-1.1690123175e+00
6.6840035296e-01
8.0437196164e-03
8.2895392301e-01
3.5950087608e-01
1.2116710206e+00
-2.8351306735e-01
-2.9491050708e-01
7.4189983960e-02
-1.8070445352e-01
-8.8441198380e-01
-2.4430677859e-02
9.3165203927e-01
-4.3398213995e-01
-7.4802759275e-02
6.2235149637e-01
-8.3772911536e-01
5.5269231742e-01
8.3543501799e-01
3.7534719976e-01
4.6387864823e-01
3.4090181630e-01
-3.4024448826e-01
1.4986958222e+00
