-3.2143882693e-02 2.2423914212e-01 1.4282586655e-01 3.0147339683e-01 4.2341695667e-01 8.8135891301e-02 -3.8821902903e-01 1.0936903921e-01 7.3690025453e-02 2.6778752926e-01 3.0899297136e-01 -2.1652426931e-01 7.2756050217e-02 7.9986112549e-02 4.8633911757e-01 -9.7336888466e-02 -6.2057185844e-02 1.5968470250e-01 -2.6919732859e-02 2.6039254716e-01 -2.2611028873e-01 1.3588150759e-01 8.2318577952e-02 -4.5165867626e-02
1.2230641939e-01 -3.2860772674e-01 2.5595959753e-01 1.8491477141e-01 -1.4362003235e-01 -5.8583458167e-01 2.8975618349e-01 3.0020110359e-02 -5.1278674322e-02 6.4149780275e-02 -2.9307913375e-02 9.7691017275e-02 2.5604786015e-01 -8.0725609310e-02 9.8476522658e-02 3.2354619655e-01 -3.8366350033e-01 -2.2387967022e-01 -3.6078936162e-01 -4.2134916204e-01 5.3943527748e-02 9.5719288217e-02 -6.6737563953e-02 2.3311482982e-02
-1.5791266900e-01 1.5390138182e-01 2.5354393163e-01 -1.6928586837e-01 -4.7431424250e-02 3.7286626301e-02 -2.8085811021e-01 2.9253894721e-01 2.6818781143e-01 3.1218613917e-01 -1.9477101559e-01 -4.2281846450e-01 3.3953177767e-02 2.7827649534e-01 3.0581937812e-01 1.4984735577e-01 -4.3958141872e-02 2.6453316392e-01 -3.8598877301e-02 2.3857057635e-01 -2.5077232892e-01 -2.5245135852e-02 -2.2906833461e-01 -2.1014577713e-01
1.1684701139e-02 -8.6654167000e-03 3.2264398031e-02 -3.2028940077e-02 3.2652649173e-01 -1.7855111433e-01 -7.6006023781e-02 2.2413851954e-01 3.4374525125e-01 -8.5884358164e-02 3.6736670427e-01 2.9435962781e-01 -3.1701028165e-01 -9.2977231163e-02 -1.9292228614e-01 1.2425921525e-01 -7.0916654144e-02 -2.1468134178e-01 9.7031697715e-02 -4.4095792868e-02 -2.4788622844e-01 -2.7753252580e-01 -3.2377802260e-01 -3.4455018248e-01
-7.3135052849e-02 1.9628231001e-01 -1.6868278584e-01 -9.6097619401e-02 2.6360802204e-01 4.1883360508e-02 -1.9426770001e-01 2.2346750941e-03 -1.2204106716e-01 6.2540253173e-02 5.8731890592e-01 -4.4818314626e-02 -3.3470891921e-03 1.8003556735e-01 1.5416621250e-01 1.0046381624e-01 -1.0141472353e-01 -2.0960762285e-03 2.1641716431e-01 1.4181619925e-01 -7.8950690957e-02 2.5914760761e-01 -2.4273011428e-01 1.7846756286e-01
4.4591761605e-02 1.2440278996e-01 4.6792394689e-01 1.7204035962e-01 -1.8805221873e-01 2.3496218220e-01 1.9513797323e-01 1.1113721595e-01 3.1881010111e-01 2.2616474873e-01 -2.6837449081e-01 -6.2578344581e-02 -2.3445405269e-01 1.4633591909e-01 3.6409501786e-01 -2.1071909277e-01 -8.0373505643e-02 -2.0675431520e-01 -2.3158104383e-01 2.5493833540e-01 -2.3272979934e-01 3.6656041644e-02 -5.7411128437e-02 1.6984060163e-02
1.4718656737e-01 -5.9999203874e-02 4.2233636007e-02 -1.4570601116e-01 2.4758796508e-02 -2.4299705534e-01 -9.4763767424e-02 3.7127306913e-01 1.7045937179e-02 -6.8077016987e-02 -4.6897234961e-01 -7.7970913994e-02 2.4381666321e-02 1.4408427570e-01 1.3952451169e-01 -2.5073293774e-01 -1.5689200198e-01 -1.8752704075e-01 -6.4155386146e-02 1.2087136395e-01 -4.0386661205e-01 -7.9236851670e-03 5.9110799891e-02 3.0249678849e-01
2.7506563247e-01 -6.4907465721e-02 8.6862859977e-02 -1.7719756902e-01 2.2039648856e-01 1.8429290487e-01 -7.4313269846e-02 -9.3020673876e-02 -3.2336437214e-01 1.3044375126e-01 -1.6181700946e-02 -2.0030254660e-01 3.6565983965e-02 -2.0221623872e-02 2.1662577532e-01 -5.5677533257e-02 -3.9833323882e-01 1.1765211183e-01 1.3081864170e-01 -1.0655668060e-02 7.7315845513e-02 3.2635820176e-02 5.5177252624e-01 -4.0601376767e-02
1.2154690125e-01 -2.0727047707e-01 -2.5119083534e-01 -2.8967586376e-01 -2.9598556896e-01 -1.1716537607e-01 -1.9000306813e-01 1.8582962990e-02 -1.8803433116e-01 -1.5061980752e-01 -1.2940738448e-01 1.1804161416e-01 7.0892289868e-02 2.5700141091e-01 3.2800797531e-01 1.0790534478e-01 -1.0029978346e-01 -2.0742480458e-01 2.1688595297e-02 -3.1187895659e-01 5.0356396822e-02 9.0238617614e-02 -1.5567018235e-01 -1.8986014247e-02
2.8939578174e-02 -2.1808833575e-01 2.5857099884e-02 -1.0509144115e-01 -1.1591182012e-01 -1.5080439768e-02 1.5028082178e-01 3.1908147847e-01 2.2596030050e-01 2.1425254710e-02 -2.2207337729e-01 -1.7469108584e-01 7.0406295046e-02 -5.6541591802e-02 -3.6030359618e-01 1.2519092700e-01 2.3866364492e-01 -1.6802846145e-01 -4.3946817565e-01 -1.2090295222e-01 -2.1275149268e-01 -3.0102881818e-01 -4.1663285679e-01 1.5564353746e-01
-4.0130358827e-01 2.7236218896e-05 -2.6475569639e-01 9.3706993425e-02 1.9094597224e-01 2.4459452077e-02 2.6258194780e-01 1.3188786695e-01 -3.4050744799e-01 1.7425752300e-01 -1.6752392923e-01 2.8073312001e-01 -2.5047331374e-01 1.1868362468e-02 8.6577861834e-02 9.4975787084e-02 -2.0209571448e-07 1.7778644877e-01 -2.3855109611e-01 1.1257013182e-01 -1.3007157754e-01 -6.3766435120e-02 -2.9216767980e-01 1.7010553460e-01
2.3692096521e-01 -3.0338218711e-01 -4.0128616180e-01 -2.6238815766e-01 -5.8391760180e-03 -1.5670922822e-01 -6.5478610922e-02 2.8200873079e-01 3.8828299986e-01 -2.5442254659e-02 1.9390413128e-01 1.2261006596e-01 1.4654698130e-02 8.1873886642e-02 1.9373954383e-02 4.5377115131e-02 -1.7102922916e-01 -8.4844424443e-02 5.6562681675e-02 -1.7399339780e-01 -5.9059464151e-02 -4.3249614286e-01 -3.7146877101e-02 5.1953314692e-02
-3.1724149262e-02 2.0350461755e-01 -1.7760780585e-01 1.4822434270e-02 -1.1920807144e-01 2.2341597999e-01 -3.4571205344e-01 2.2860658211e-01 -9.2815238374e-02 9.9974858139e-02 -6.4347104132e-01 -4.9718548744e-01 -2.3635188695e-01 7.5581591440e-03 9.8694846663e-03 1.7962659254e-02 -2.8102941999e-01 2.6482951236e-01 -3.7056294473e-03 2.7152087613e-02 -5.3384916188e-01 -3.4118431512e-01 1.9973753523e-01 -2.8720819022e-01
1.1269495011e-01 -1.5744347224e-01 2.6646449234e-02 2.1809170269e-01 -1.6016924509e-01 7.6696208248e-02 -3.9519746060e-01 -1.6562970672e-01 2.7128075582e-01 1.6252293195e-02 -1.3324384351e-01 1.5940223111e-01 2.5543525879e-01 -8.2502570948e-02 2.0501835151e-01 -6.5946203320e-02 1.6989311992e-01 3.7687353385e-02 -2.5150185361e-01 4.1595109402e-02 1.2044137305e-01 1.8575316177e-01 2.4784349161e-01 4.5222138758e-01
-1.6015220816e-01 5.9307146531e-02 -2.9558413218e-01 1.0156050102e-01 7.4315236809e-02 -1.5106522595e-01 -2.0859393417e-02 -1.2024919510e-01 -1.0479007455e-01 1.3885020804e-02 -7.2960555601e-02 -2.4231813922e-01 -5.3522057595e-02 -2.5822131697e-01 1.5401991780e-01 -5.0057900936e-01 1.1347442612e-01 2.0255507102e-01 2.1604730541e-01 -1.0996924945e-01 2.9118757089e-02 2.8563382505e-03 -3.1639243982e-02 -2.6934788286e-01
-1.5716331275e-01 1.9779972608e-02 7.9335230795e-02 7.6597371493e-02 1.1363121174e-01 -1.7650167262e-01 1.9972677851e-01 1.8085166711e-01 -8.4145461204e-04 -1.2361903643e-01 -7.1235101766e-02 2.3850969684e-01 1.7375088866e-01 7.8592220557e-02 7.6703750752e-03 5.8238142990e-02 -2.4300329413e-01 -1.0035810976e-01 -3.0560194776e-01 -2.1511332706e-01 3.1107034547e-01 9.3176791016e-02 1.5758909805e-01 1.9705042205e-01
4.0601474912e-02 -1.9080391176e-02 1.5045193028e-01 -5.3105289888e-01 -1.4499724775e-01 4.8142330829e-02 3.4220031778e-01 2.3237756027e-01 2.2586452764e-01 -1.7487358879e-01 1.9416764467e-01 -5.4302185888e-02 2.7303081010e-01 -8.0584507167e-02 -4.6797406998e-02 4.3108400561e-02 -6.2238231799e-02 4.9235262801e-02 -8.7184358206e-02 -3.9548259438e-02 -3.0218211128e-01 -1.8507690469e-01 -4.6972021712e-01 -1.3610664032e-01
1.1913679415e-01 -3.6832291583e-01 8.7895216204e-01 1.4591274595e-01 -7.1282684560e-02 8.6239788603e-02 7.2675766630e-02 -1.4162931816e-01 1.9835883231e-01 9.7360489171e-02 -7.0938376733e-02 2.5869990449e-01 7.8088875790e-02 -4.6767835012e-03 3.3148589496e-02 5.6915285403e-02 3.3544644310e-01 -1.0736742607e-02 3.5780524953e-02 -1.8637433592e-01 4.5960722284e-01 8.2048091967e-02 2.0339658026e-02 1.5455780968e-02
1.3863534632e-01 3.0784503285e-02 2.6854328430e-01 -1.6227343831e-01 9.2483472366e-03 1.2897623106e-01 -1.5397474135e-02 6.4210702792e-02 -1.0698468077e-01 1.8628514818e-01 3.4240852482e-01 3.9260651115e-01 2.7962739955e-01 -9.4143494686e-02 2.5031126732e-01 5.9268651951e-02 1.8470313515e-01 3.5560981803e-01 -2.6369581572e-01 -3.6420414163e-02 2.1587064170e-01 -1.8096130115e-01 7.8689370660e-03 1.5127433900e-01
4.8358955373e-01 -1.2630853598e-01 5.7275091642e-01 1.3099853795e-01 -1.9880804664e-01 -2.1467467864e-01 -1.2859742657e-02 1.6087061946e-02 1.5514020520e-01 1.8736338327e-01 1.0988003122e-02 -2.9053046819e-01 3.9145935491e-02 -9.8947320944e-02 -1.6311579942e-01 -2.9959481545e-01 9.0091894470e-02 -3.3956539847e-01 -8.3109454611e-02 1.5360099928e-01 2.5691895477e-01 2.3395397862e-01 -8.8889486571e-02 4.2934334266e-01
1.9378668161e-01 2.9300996589e-01 2.7894485562e-01 -7.0955857800e-02 -5.6660645710e-02 8.0413170228e-02 2.2100983611e-01 2.2460821530e-01 1.0349639151e-01 2.6580871220e-01 1.4322976640e-02 1.5435605204e-01 2.9224330679e-02 3.5839003504e-02 2.1523572717e-01 -1.3283476598e-01 1.0834235990e-01 1.5544858908e-01 3.8634143153e-01 1.2450355525e-01 -3.7767742784e-02 -1.7583304973e-01 6.8075657221e-02 3.5174482946e-01
-1.2581779164e-02 2.1369625659e-02 9.9466918830e-02 -4.3267122176e-01 -4.1882702525e-01 6.5887118753e-02 -1.7285966407e-01 -6.3382425134e-02 1.6251519918e-01 3.6243331570e-02 -8.8717288141e-03 -1.5851606762e-01 -1.1439698303e-01 -5.8913767664e-02 -5.9260331525e-02 1.2886233783e-01 -2.2529636652e-01 4.6054226552e-01 2.4623072104e-01 -2.0528992303e-01 -5.6932815775e-02 -3.3975073588e-01 -2.0767778912e-02 -1.9131933703e-01
-4.2219091244e-01 1.4798173523e-01 -2.1784552627e-02 4.1215055082e-01 2.2414101588e-02 -6.4040710105e-02 -2.1707467686e-01 7.5923852857e-03 -3.0416474010e-01 -2.0733718044e-01 1.4126583393e-01 1.3499413179e-02 -3.9708610542e-02 8.2905348869e-02 5.2321513202e-01 -5.9686881764e-02 3.1529055499e-01 2.8666366433e-01 -3.3741321135e-02 8.1524423448e-02 2.6337067057e-01 -1.8291673359e-01 1.4235808620e-01 -5.8999711432e-02
-6.9617457674e-03 1.5710967520e-01 -1.8459467258e-01 1.0328958775e-01 -3.9986325348e-02 6.0145199299e-01 8.6040338618e-02 -2.2593214272e-02 -3.6146841606e-01 -4.0845581569e-01 -1.3078793427e-02 -1.4256205511e-01 -4.0689618562e-01 1.9281596354e-01 2.0684512148e-01 -6.7447871979e-02 -2.9496742675e-01 8.7191795854e-02 2.6555696942e-01 -1.6262089683e-01 -3.5354675251e-02 1.5642491233e-02 -9.4372795526e-03 3.2379208311e-01
