-8.1658901829e-03 -1.8974902250e-01 1.4402537323e-01 3.4062879803e-01 -1.9054908326e-01 -2.3406728155e-01 -1.3877149263e-01 -1.5135369973e-02 2.4540958032e-01 -7.7822111927e-02 -9.9244775562e-03 1.1283217920e-01 -1.6749817323e-01 7.6681521851e-02 -9.9506987869e-02 -3.1515525719e-01 2.9227828218e-01 7.0846066466e-02 2.3488629415e-01 -4.2517656885e-02 -2.7342078598e-01 -2.1915922786e-01 -1.7059726195e-01 1.1362001675e-01 1.6614156025e-02 2.7597614908e-01 2.4928542512e-01 -5.6706699567e-02 -3.0111852287e-01 1.2338652198e-01 1.6311229599e-01 -1.4648481923e-01
-1.9750247258e-01 1.9762116559e-01 1.8312646531e-01 -2.1519138930e-01 2.2339139401e-01 1.3989942741e-01 1.9038109443e-01 -2.7180371365e-01 -2.3855364818e-01 -2.6268180233e-01 -5.1217178278e-02 -3.7091911783e-01 -5.2670775904e-02 6.1646105066e-02 -1.6088713321e-01 5.2054932431e-02 1.2959793339e-01 8.5927190930e-02 -3.9494648016e-01 1.0855641902e-01 -1.0835945188e-01 -1.7877471906e-01 2.4556324119e-01 1.9826472749e-01 2.3942540148e-01 -3.1615256698e-02 8.4694433514e-02 -1.3212778374e-01 -8.1009902233e-02 3.0227956932e-01 5.8163335445e-02 -1.9789587772e-01
-1.4894691170e-01 1.4721034947e-01 1.8984642981e-02 9.2302965013e-02 2.5624329666e-01 -1.7055733886e-01 1.2500770495e-01 -5.2909305467e-02 3.9131978244e-03 -1.3853407723e-01 -5.2961273325e-01 -5.3884668214e-02 -1.6821674913e-01 2.1971772941e-01 -4.3867030058e-03 6.0880614526e-02 -1.0206075759e-01 -1.0182875312e-01 -1.7073808058e-01 3.8829285053e-02 -5.2314293316e-02 -3.4264544178e-01 -6.5515325878e-02 2.2218760017e-01 -1.8754255423e-01 -8.6073887284e-02 4.1260826968e-01 -2.6915716205e-01 1.4806990964e-01 2.9464139303e-01 1.7401875064e-01 -1.5049305078e-01
-5.6765598912e-02 1.4660438816e-01 4.1244341501e-02 1.7325534078e-01 -1.8991731181e-01 -4.9323887712e-02 6.7327863266e-02 3.0543530165e-02 -8.8355995139e-02 -3.5903020585e-01 3.0197217459e-01 -1.1515198080e-02 1.2456930749e-01 -4.8791489467e-02 -8.0447131690e-03 -1.7142519985e-02 3.2170202801e-02 4.9970228916e-02 -3.8637062898e-02 6.4306071728e-02 8.0240897450e-02 8.7264809547e-02 -4.0848326456e-02 -2.1190695603e-01 -1.5863553039e-01 8.3159461404e-02 -1.2871694349e-01 -5.9401215526e-02 -4.8069102592e-02 2.2858498767e-01 -1.6064400530e-01 -1.8929859131e-01
2.4881526857e-01 -9.9840715828e-02 -8.3393831831e-03 -2.0341629998e-01 1.0646350158e-01 3.5514276717e-01 -1.2247972531e-01 2.1651546615e-01 -8.2474984068e-02 -1.6825390275e-01 3.2974471772e-02 2.1216406527e-01 -1.4203897229e-01 -4.6172526570e-02 7.8717589136e-02 3.9853256070e-02 -1.0474607086e-01 2.8671379288e-01 2.6651118777e-01 -2.3176715701e-01 -6.3294593034e-03 -5.3500596406e-02 -2.4893715601e-01 -9.5769711128e-02 3.8266984360e-02 -4.1801589378e-02 2.2955206846e-01 -4.3566161087e-02 -8.1303535325e-02 9.4731058997e-02 -2.2735237611e-01 1.1587602777e-01
-2.6935994826e-01 5.0168906945e-02 -2.6954210441e-01 -4.7085346535e-01 -7.7661518784e-02 -2.5542842657e-01 -1.4742835525e-01 7.1071372194e-02 5.0324743794e-02 1.9637417950e-02 -1.4056433537e-01 -2.0365371119e-01 -7.1735058571e-02 1.6141970053e-01 2.1516204419e-01 -2.0956016893e-01 -1.1272439055e-01 1.2871047524e-01 -1.8693816519e-01 -7.7148418840e-02 -2.0067273623e-02 -1.5090277987e-01 -2.6416756214e-02 -2.5608815172e-01 -1.1465104858e-02 -1.3732010659e-02 -5.7830563024e-02 2.3944416093e-01 -2.8695333888e-01 -2.3117207250e-01 -4.5927448166e-01 1.5200350478e-01
-1.1810820496e-02 -1.7160053006e-01 -5.1232128005e-02 -3.2847669764e-01 -1.9224896509e-01 -1.6196145120e-01 1.3923501348e-01 -3.2648920115e-01 1.8097353830e-01 9.6841725860e-02 -5.8194572866e-03 -6.3095830755e-02 1.4522183379e-01 3.4668979673e-02 -3.4903881191e-03 1.4869968240e-01 1.8180490434e-01 3.1522832079e-01 3.8443041090e-03 1.7008003639e-01 -1.6065845302e-01 1.5910976143e-01 2.5806747576e-01 3.4734625745e-01 -1.2715871485e-01 6.5803310636e-02 9.1264255857e-02 1.0538267644e-01 -3.4304274486e-01 -1.5674820970e-01 -1.4710585841e-02 7.6686803439e-02
2.0541592118e-03 -1.8854646677e-01 3.3330380975e-01 -8.9991347253e-02 -1.7253137708e-01 -2.0564039579e-02 -2.6735390535e-02 1.0782366143e-01 -9.9010277849e-02 -1.7585963338e-01 -6.8420151180e-02 -3.7674843407e-01 3.2374604447e-01 1.1963089041e-01 -1.3201842833e-01 8.5497533832e-02 -2.3778989875e-01 -2.8771751032e-01 -1.3269831861e-01 8.7211789591e-02 -2.3424033832e-01 1.0662533378e-01 1.8065687232e-01 -1.2558372747e-01 1.5254832397e-01 1.4354663733e-01 4.5279204301e-02 -1.3098316734e-01 3.8842677237e-03 2.1834665736e-01 7.4495899695e-02 -3.2357305435e-02
-2.2310873697e-01 5.4406211773e-02 3.5881188438e-01 -4.6585641906e-02 1.7179129054e-01 -3.5846208001e-02 1.0465268324e-01 3.5541606333e-02 8.1775376391e-02 6.1590353369e-02 -1.6694734309e-02 3.6376558445e-02 1.9933300161e-01 1.7324383358e-01 -2.0911905412e-01 4.6661317119e-02 -2.2701617492e-01 -2.5127243535e-01 1.2058430417e-01 6.5481511707e-02 -3.3790147416e-03 8.5809199116e-02 1.6327262057e-02 -1.1756516035e-01 -8.2232642779e-02 -1.1416374567e-01 4.9889063852e-02 -2.7044555284e-02 -1.3234028050e-01 -6.5197720010e-02 -7.5958816407e-02 3.8070887894e-01
-2.4529031550e-01 2.3604170966e-01 -3.4383042398e-01 -1.4276114113e-01 -1.5723566732e-01 -2.1539392477e-01 -2.8782316486e-01 -9.5678420477e-02 1.6656351638e-01 1.5995138849e-01 -9.1264484270e-02 5.5546705657e-02 -2.5984151067e-01 -3.2858411618e-01 -1.5496547610e-01 -4.6302832032e-01 1.1664890425e-01 -6.5799908945e-02 -1.9751764612e-01 -2.4598149653e-01 1.9732283817e-01 -2.4176525866e-02 -1.3174725567e-01 6.9522928465e-02 2.1867433566e-02 -1.6284426851e-01 2.7366614102e-02 -2.0805992755e-01 -1.3530121139e-01 3.4632513029e-02 -1.0784024671e-01 -6.5597340570e-02
2.8716408415e-01 -6.5980041414e-02 1.8625760591e-02 -8.1595009460e-02 -9.1235851792e-03 4.0287746388e-02 3.4591764687e-01 1.2755001058e-01 -1.5161154133e-01 -7.9511118262e-03 -2.4881775353e-01 -1.1032350523e-01 -4.0668108358e-01 2.8948698968e-01 -4.6656050928e-02 -5.7646349448e-02 1.7226992776e-01 -1.3461269519e-03 -3.4416148040e-02 1.8592668533e-01 2.8998963951e-02 -2.1490377907e-01 -5.7138166644e-02 -8.0810862150e-02 -1.5122126727e-01 -3.2819504562e-01 2.0224654586e-02 -1.1295318564e-01 -7.9156268314e-02 -1.7419509345e-01 9.2851658074e-02 -3.2975550114e-01
4.0742492194e-01 1.8737591015e-01 1.6480799545e-01 -5.4984518621e-03 3.2716215033e-01 -2.0671925676e-01 3.5431771646e-01 2.0772581777e-01 -6.9654877832e-02 -8.1145520446e-02 3.2288140244e-01 -1.2517013881e-01 2.9718261403e-01 3.5179755117e-01 -2.0431858460e-01 -1.4710280637e-01 -6.0889132298e-02 3.2764731741e-02 1.8771633644e-01 -9.4436944469e-02 2.3777748656e-01 1.1357219778e-01 -1.5770405829e-01 -3.8982886309e-01 -1.1476085847e-02 9.5499149601e-02 -6.9156475125e-03 -2.4111916600e-01 -1.5525790341e-01 2.7375716156e-01 2.6552229823e-01 -2.0511657368e-01
1.1048689240e-01 -1.9639271745e-01 3.3121297568e-03 2.7916236469e-01 3.7428525372e-01 1.7682653832e-02 1.1440376633e-01 8.5681440917e-04 -1.7306877714e-02 2.6871447419e-02 -1.8109228168e-01 -1.1697505883e-01 1.5224208766e-01 9.0085141583e-02 -1.5163133780e-02 -5.3914190181e-02 1.0461491344e-02 -1.2162715730e-01 5.7128223326e-02 -1.2358178916e-01 2.9937655695e-02 -1.3264212425e-01 5.1815207939e-02 -6.4496848567e-02 3.8533954265e-02 1.2421371044e-01 -4.8270838789e-02 -8.7947011357e-02 -1.3714078911e-01 -2.1445663123e-01 -9.7220126064e-02 -7.6477350107e-02
5.7106814593e-01 2.0021822431e-01 -8.2727040315e-02 -2.1259878405e-01 -1.6510769329e-01 -1.9701021495e-01 -4.6422009427e-03 3.4009436886e-02 -2.4294475038e-01 2.5143072354e-01 -3.1247751861e-02 -2.0442077427e-01 2.5713080479e-01 1.2704861104e-02 -2.2403603943e-01 2.0218001337e-01 -6.9816580717e-02 1.1935825552e-01 1.1185994015e-01 6.5816237869e-02 3.6824817362e-02 8.5230309216e-02 -1.5123938726e-01 1.7059359000e-01 -6.0874329635e-02 -9.5383842874e-02 8.9528608714e-03 -1.1203591942e-01 -1.9109721774e-01 -1.6392724194e-01 -1.2206167935e-01 1.9113470453e-01
5.3465328061e-02 -1.2390373263e-01 -8.0705898803e-02 -2.5307701288e-01 4.0424812327e-02 -6.6185513917e-02 1.3605498230e-01 -8.0267534214e-02 -9.3995077699e-02 1.7097917865e-01 3.5071194339e-02 3.4459029152e-01 -4.0446262201e-02 2.0535367212e-01 1.0493502533e-01 -1.1715534325e-01 1.4585967839e-01 1.6088859317e-01 -7.8639510389e-03 -1.0340595408e-01 4.0354520695e-01 -2.7509921938e-02 -1.2159508181e-01 -3.2220604823e-01 1.5843676672e-01 1.1936901839e-01 1.0340050526e-01 1.1013418619e-01 -4.9314763944e-02 -7.6143609611e-02 -9.3749266534e-02 -2.4882458317e-01
2.4910174464e-01 3.0741606719e-01 1.8847471194e-01 8.3842960668e-02 7.0775652350e-02 -1.5185083278e-01 1.7403668149e-01 3.5595346484e-01 -2.4184884833e-02 8.7807236902e-02 1.4323824895e-01 1.3458058843e-01 -2.3782168700e-01 1.2837705981e-01 -6.9372552386e-02 2.2941161743e-01 -3.5016607738e-01 3.3501713458e-01 1.1529079090e-01 -2.7604000988e-01 2.0296288182e-02 2.5700031928e-01 -2.2600061316e-02 -4.5620399317e-02 2.2988535241e-02 6.5965159794e-02 1.0663017885e-01 2.9502468294e-01 -8.9850631001e-02 1.0909204250e-01 1.3818825898e-01 2.0864159906e-01
-3.4855083810e-02 1.7353563137e-01 -3.7552933285e-01 -8.7773738200e-02 1.2753890523e-01 2.5526210140e-01 -3.2874192169e-02 2.7359227905e-01 1.7997571226e-01 -4.2123298528e-02 1.6837905253e-01 2.0086237446e-01 2.1585103706e-01 1.2438021924e-01 -2.5344627278e-01 -1.1108139138e-01 8.8918718702e-02 -4.0399514106e-02 -9.7357250649e-02 -1.1412905094e-01 2.5790645211e-01 2.8868217465e-03 -1.1799520636e-01 1.3726961433e-02 1.9129066974e-01 2.0835267979e-01 -6.5835136172e-02 1.8357775453e-02 5.8448647929e-02 4.4105897112e-02 -6.3932664421e-02 2.7853919164e-01
3.6429286518e-02 -1.8429980179e-01 -3.9176226511e-01 -2.3861514892e-01 7.0943666323e-02 1.6753974238e-01 -4.0962682592e-02 2.0131625136e-01 3.7905892541e-01 2.3548293499e-01 6.2955774470e-02 2.2765598652e-01 -2.1026189481e-01 -1.9010397852e-01 -3.4871220589e-03 -1.9809938843e-01 3.2170238675e-01 2.5327434531e-01 -1.9824142487e-01 -7.9913472742e-02 -1.4261970989e-01 -2.5092117213e-01 -8.5908186963e-02 -1.0122260870e-01 8.4456869033e-02 -1.5134836596e-02 2.1614703128e-02 6.7715205692e-02 4.3990611451e-02 -1.2456760233e-01 6.1707970778e-02 1.2516548107e-01
-1.7502345992e-01 7.8929048903e-02 9.9541717739e-02 4.6700401523e-02 2.0426039985e-01 1.8920672380e-01 -1.0831166110e-01 -1.1170316579e-01 2.5336133044e-01 -1.7501448484e-01 1.5426727728e-01 -1.4585636364e-01 -2.5181906447e-01 -4.5512073962e-02 -2.0643313754e-01 2.5262341523e-02 1.4945457245e-01 -1.6344550605e-01 2.4405270136e-01 -1.1068845368e-01 -1.4198852630e-01 9.1024422898e-02 -2.8485063543e-01 5.9746145430e-02 3.4454197280e-01 -2.5272044561e-01 7.8998951490e-02 5.5462627383e-03 2.1881115978e-01 -9.4220199550e-02 2.5084953715e-01 -5.7141443390e-03
-3.0570897110e-01 2.1724488499e-02 -3.3476438809e-01 2.6926157190e-02 -3.6135102490e-01 -1.2336935598e-01 2.1066056492e-01 -4.9239057365e-02 -2.1777882386e-01 7.9275251868e-02 -6.8712044133e-02 8.3863162581e-02 -1.2703504100e-01 1.2104100590e-01 -9.1709824479e-02 -6.1706048401e-02 1.0701442371e-01 -7.3842182028e-02 -1.5229053650e-03 -8.5608735738e-02 -2.4617795781e-01 2.9596603234e-01 2.3249100096e-02 2.8744136199e-01 5.5195030449e-02 -1.7882076446e-01 1.0995354770e-01 2.1846209753e-01 1.1677233633e-01 -3.4664009945e-01 -1.1854507323e-01 1.6590780319e-01
-2.5547777318e-01 1.0590830208e-01 -1.6847807137e-01 -2.2793888414e-01 -1.6441764977e-01 4.7630010585e-01 -1.5692133169e-01 -1.9502854544e-01 9.5741813580e-02 1.2230932388e-01 1.0749061716e-01 1.6979662818e-02 5.6369099313e-02 -3.5539694389e-01 3.2025940331e-01 8.0262938346e-02 -5.8256446516e-02 1.6006563496e-01 3.1059819487e-01 5.4902101925e-02 -5.9384695324e-02 1.2949669028e-01 -6.7520541388e-02 8.3829329443e-02 -8.7153617538e-02 1.2085459929e-01 -1.8031783249e-02 2.8268270074e-01 2.8701340132e-01 2.2354905949e-01 7.8391279253e-02 2.2666181395e-01
-1.0146047975e-01 -2.0864280273e-01 -1.0439640116e-02 2.3620864809e-01 1.5372930330e-01 3.5232744519e-01 -1.6333558424e-01 1.5509919863e-01 9.5078522362e-02 1.3150985362e-01 6.0287129361e-02 4.1544095005e-01 -8.2634223455e-02 -1.9557037508e-01 -7.8866087817e-02 -1.7494946501e-02 1.2194814803e-01 -6.4708808496e-02 -3.1293833905e-02 -1.1075506185e-01 -4.3179247357e-01 -3.1043040665e-01 4.6459837195e-03 3.5686715546e-01 3.5366802850e-02 1.5597765340e-01 -6.1431780391e-02 -4.0466833614e-02 -3.5158774185e-01 1.9121908214e-02 -3.2220200438e-01 2.4045172850e-01
-8.9461587290e-02 -1.2818747022e-01 3.4598442737e-01 8.3801384890e-02 1.5417685577e-01 -9.1420007532e-02 1.0477725190e-01 7.7455376464e-02 2.0438939464e-02 1.3516531887e-02 3.2638122745e-01 -1.8774882366e-01 2.7298559191e-01 3.9473672356e-02 -1.1341154701e-01 -1.6285981109e-01 8.2822438215e-02 2.0922825438e-01 1.0647629240e-01 2.2592858069e-01 -8.8031134774e-02 -2.9520946165e-01 7.7283666879e-02 -2.5682998051e-01 -5.0854629322e-02 -1.3833135292e-01 2.4001108507e-02 2.6433124298e-01 -2.1362900017e-01 2.1204889569e-01 6.6706369807e-02 -1.1340847156e-02
1.2272375245e-01 8.4645614146e-02 9.2219029599e-02 -6.4603335357e-02 -3.6263788334e-02 9.1775670044e-02 7.3900162890e-02 -3.7469181323e-03 -1.7838209579e-01 -1.2790395549e-01 -1.5192982587e-01 -2.1369815842e-01 -1.4163444185e-01 -9.9654373103e-02 -9.9939927338e-02 -3.0589784170e-02 -7.0223099769e-02 -4.2749277159e-01 7.6682687980e-02 -1.4868540359e-01 5.2499706890e-02 3.9906131393e-02 3.6229571010e-02 -6.7298982719e-02 2.1600961116e-02 -4.1639396101e-03 7.5054114685e-02 -1.1186854330e-01 2.4475760249e-01 -3.5872691461e-02 4.8857640886e-02 -3.5738808006e-03
-1.3786280328e-02 3.8947244697e-02 -5.9657270579e-03 -1.0992152727e-01 8.4455941687e-02 -8.9470597095e-02 1.4045733274e-01 1.4629257502e-01 1.4807236373e-02 -1.3554613417e-01 2.3302044913e-01 -8.1048710338e-02 -1.5353109284e-01 -6.0227991010e-03 -9.8868941132e-02 -1.3364997357e-01 -1.0065630061e-01 -4.2760805399e-02 -1.7466890500e-01 1.4929719059e-01 -9.0566766374e-02 -7.1759309299e-02 -2.6587823682e-02 -9.5403563569e-03 -1.1987914920e-01 -2.0734431941e-01 2.4344101309e-01 1.3100338371e-01 -1.0032258212e-01 9.6257407121e-02 1.1136258779e-04 2.0029252892e-01
1.1423812781e-01 -1.9299777561e-01 7.3766174225e-02 -1.7535488822e-01 3.3783350178e-01 4.0396184257e-02 -6.1146663976e-02 -9.0271340686e-02 3.1281669800e-01 4.2091527988e-01 -2.5669781589e-01 1.4142599405e-01 -2.6914220077e-01 -1.2569784254e-01 -4.9862827110e-02 -1.3778750248e-01 -8.7751728763e-02 -8.1216045159e-03 -2.4049786135e-01 -2.6612704167e-01 1.4545971917e-01 1.4971188723e-02 -7.4776697134e-02 -1.5027609208e-01 5.7836254361e-03 -5.2662947688e-01 -1.0383673775e-01 2.2990042091e-01 -2.1819045806e-02 -1.2540044949e-01 1.3991759804e-01 -2.2485516183e-03
6.3776746899e-02 -9.8706494265e-03 -1.8071794508e-01 -1.2030462905e-01 2.7913686058e-01 2.9309779800e-02 -8.7504325756e-02 1.5214176640e-01 -6.4779100748e-02 -2.1215585946e-01 2.7525507586e-02 -1.2243809262e-01 -6.8210516070e-02 -1.8229358664e-01 6.2913379017e-02 7.2127968651e-02 -2.9512671616e-01 -8.5084406215e-03 1.8098997034e-01 1.1604679486e-03 4.7958301221e-01 -3.7069888740e-02 -1.4856829632e-01 -9.6137186356e-02 2.2973088388e-02 -4.0858094779e-02 -1.2642536759e-01 3.4188594099e-01 1.9675055989e-01 -2.2504597110e-02 -2.4310358111e-01 2.5489037043e-01
9.9180605667e-03 -1.3407869937e-01 -4.1338372185e-01 1.6048899641e-01 -1.6903858259e-01 1.1330550691e-01 6.3886627077e-03 1.9346182331e-01 -1.9245357687e-01 -6.7203607898e-03 9.6281119712e-02 3.8251626123e-01 1.9266882536e-01 -3.1238040305e-01 -1.3195265070e-01 7.1509341093e-02 3.7077032121e-02 1.7506074105e-01 2.4258326200e-01 -2.5588405264e-03 -1.1079802170e-01 2.7104500395e-01 3.3255091318e-01 -1.5961913693e-02 4.5382638890e-01 3.7752460170e-02 -5.9281443558e-02 -7.7036674406e-03 1.4462542148e-01 1.8808444410e-02 -2.3447103809e-01 2.5301378324e-02
2.3710366103e-01 3.6905446591e-01 5.2949634231e-02 -1.3173042405e-01 -1.6393954620e-01 -1.1567906689e-01 -1.1044216065e-01 1.6275450623e-01 -1.4423589057e-01 -5.1820020410e-02 -5.4725837047e-02 -2.6800247991e-02 2.0853410799e-01 -1.7964472823e-01 1.2295531021e-02 1.6726518300e-01 -8.1197466545e-03 1.8386575891e-01 1.1652596252e-01 2.3438881265e-01 7.8665000440e-02 2.2547237928e-01 2.4324924087e-01 -3.2112126196e-02 7.9133041445e-02 2.0822812538e-01 1.0640208287e-02 -2.5725141495e-01 9.3256207893e-02 2.0142483075e-01 -2.4684391030e-01 -1.6525713357e-01
1.1442588826e-01 -3.7244605879e-01 -3.5890962295e-02 -2.6703308771e-01 6.1407902619e-02 -1.1989949423e-01 -2.1693291528e-01 -3.3417204548e-02 -1.4482207628e-01 1.2657576935e-01 -3.6999714932e-03 3.6720330961e-01 -3.3505799574e-02 -8.8560716719e-02 -1.7234487211e-01 8.9176590596e-02 3.0963183667e-01 1.0075365531e-01 -1.2882610070e-01 1.1804076843e-01 -1.0273087968e-03 -3.5750114888e-01 3.7661339649e-02 2.6167599297e-02 7.5795390358e-02 -1.5472109486e-01 7.3591810384e-02 2.2648497563e-02 -3.4257538637e-02 -2.2395239859e-01 -3.2172950608e-01 -5.8380507549e-02
-8.2744814693e-02 6.9647723316e-02 2.2983018215e-01 -1.4211772923e-01 2.9625603529e-01 3.9911401434e-02 -3.4388501679e-01 5.4930657517e-02 -1.6972542462e-01 -1.9975339208e-01 -3.6313064531e-02 1.0068814606e-02 1.6674133156e-01 -1.3243735520e-02 -1.0637458111e-01 -1.3036504932e-02 -1.7006079852e-01 -6.0174873189e-02 -4.3538228100e-01 -2.7937963973e-01 -1.2315586075e-01 2.4497580967e-01 2.9408620778e-01 -7.2055774136e-02 -3.4202618142e-02 7.0189684353e-02 -2.5802985155e-01 -7.4800567518e-02 3.5380873690e-02 1.5089243389e-03 -8.6635851207e-02 1.9491509096e-01
-1.2221367124e-01 7.3564650571e-02 -6.8237796052e-02 -1.8892549388e-01 -3.1804812107e-01 2.3651321766e-01 -2.8908771239e-01 -1.9307588357e-01 -3.9468769140e-01 1.3729371863e-01 9.8091635321e-02 1.3529207192e-01 -8.6959555429e-02 1.4462442388e-01 5.2366255189e-02 -1.0174082073e-01 -5.7653613608e-02 -1.2612392360e-01 1.2503922757e-01 -1.5083204113e-02 -2.3201302578e-01 -2.1435255027e-01 8.6688180447e-02 4.4619585191e-01 5.5354689980e-02 -5.2782921772e-02 -1.4597955223e-01 1.8339144191e-01 3.5467226646e-02 -1.7966420103e-01 -7.3885021320e-02 4.3166388449e-02
