1.4873264340e+00
-2.3485089222e+00
-2.2473684775e+00
2.7425828702e+00
9.2923569323e-01
2.6147093948e+00
1.4124763750e+00
2.5403415542e+00
-3.5162713392e+00
1.8952730339e+00
-2.3766952603e+00
3.1209705910e+00
-8.9129020473e-01
-3.0591738056e+00
-2.7773111466e+00
3.0063154116e+00
-3.4061897325e+00
2.4250631031e+00
1.7358596606e+00
-1.5438481894e+00
-1.9517273646e+00
-1.0453950303e+00
-2.3720510870e+00
-2.2744636693e+00
-1.8788852525e+00
-1.4328629439e+00
2.6110167801e+00
-1.4788373587e+00
-2.7525575300e+00
-4.8034793808e-01
-1.5375108275e+00
-1.9093880882e+00
-1.6975401333e+00
1.3854820197e+00
2.8633556470e+00
