-1.7688821062e+00
1.4628161805e+00
7.0464401288e-01
-4.2750570831e-01
-7.2483852186e-01
-6.7490562383e-01
6.8865068264e-01
-3.8024430885e-01
1.6191551717e+00
-5.2249579790e-01
3.3761232914e-01
-2.8599878171e-01
1.1186444962e+00
1.3780127997e+00
-7.4195769846e-01
7.1077377502e-01
9.8033258015e-02
6.8706271846e-01
4.3557667621e-01
-6.2259725069e-02
-1.5831149735e+00
-1.0198576915e+00
-5.3858992303e-01
-1.3101514823e+00
1.3616150999e+00
3.5665339090e-01
5.5837867201e-02
-6.2938127100e-01
1.3209926811e+00
-2.3802177151e-01
5.7758461465e-01
1.3679040100e-01
-4.3036742005e-01
6.8412857869e-03
-4.1425561745e-01
3.3802807136e-01
-7.9885335315e-01
8.7573804132e-02
-1.2099927936e-01
8.4217845959e-01
7.3626674558e-01
-1.6718591875e-01
-1.7301862725e+00
1.7424698332e-01
-1.5137272454e+00
-2.7435908107e-01
-6.6177373942e-01
1.4565249081e+00
-7.3222183222e-01
-7.9859963060e-01
