-4.4730123926e-02 -9.0410132774e-02 -2.9762209690e-01 6.3828797115e-02 2.3704727733e-01 1.1954111210e-01 2.3081570841e-01 1.0476312160e-01 -2.6054978797e-01 1.5720681040e-01 1.0028175276e-01 1.3728415314e-01 -4.0266534403e-02 -8.0388610342e-02 3.2039770231e-02 2.0515780895e-01 1.7194485507e-01 2.9401672530e-01 -2.0889595886e-02 2.7262146296e-01 -2.3384502558e-01 -2.1336286329e-01 -2.9702359726e-01 6.6325135462e-01
3.1608719305e-03 -1.3436360947e-01 5.3225323150e-02 -3.3359720772e-01 1.8020734099e-01 1.4155847376e-01 -6.8888306312e-02 -1.6978026042e-01 -2.7223518205e-01 5.6836942345e-02 5.0655311539e-02 -3.6096010935e-01 -3.8923646966e-01 -1.0625581524e-01 3.6878029563e-01 9.4134537035e-02 -1.4384383954e-02 -3.5049416329e-02 -8.2688070788e-02 9.6447764681e-02 1.0475328511e-01 1.9011337959e-01 -2.5985796635e-02 7.1255772090e-02
2.2034193000e-01 1.2986661027e-01 3.1834619433e-02 1.5785086715e-01 -6.1237449848e-02 -9.9381441351e-02 4.6004652177e-02 8.6209118561e-02 3.1643446403e-01 1.7614313168e-01 -3.4382068143e-01 -2.8085588335e-01 5.5204400237e-02 5.0476431643e-02 -7.4699900238e-02 -4.0083626295e-01 -2.8242985488e-01 -1.9843562181e-01 1.3802161595e-01 9.5583211373e-02 -2.0946175964e-01 1.9774808961e-01 -1.0699857542e-02 1.6874115048e-01
1.7602341460e-01 3.1314668970e-01 3.1027569467e-02 -8.4482233626e-02 3.2584137410e-02 2.2693538023e-01 -5.2411824501e-02 -2.0803063564e-01 -1.4194780782e-01 3.7131917009e-01 3.1835545975e-02 1.2438487464e-01 -1.8653345712e-01 1.1562778735e-01 2.7372040594e-02 -3.0362510438e-01 9.2263629971e-02 9.7184371448e-02 -4.3357772644e-02 -1.0490004675e-01 1.6000857063e-01 4.4981525867e-02 2.8157979202e-01 -2.5967229717e-01
1.5208943664e-01 -7.4579505197e-02 -1.0457985480e-01 1.0581822326e-01 -1.3185747051e-02 1.0577614118e-01 2.9556588129e-01 3.7837983596e-02 9.4900255677e-02 -2.4978980285e-01 -5.1733451154e-02 -6.9318812500e-02 -1.5311994548e-01 -1.9870349832e-02 5.6066504119e-03 -1.2469623195e-01 -1.4246430422e-01 3.7129852201e-02 8.1101098150e-02 -8.2491469694e-02 2.3727670672e-01 -1.0356843492e-02 -5.5993163832e-02 8.3532320265e-02
-1.8961587050e-01 -1.4739188743e-01 -5.4722399281e-02 -1.3186388993e-01 1.9448785395e-01 -1.4077861838e-01 -7.7689320264e-02 7.7889929959e-02 1.4034442401e-01 -1.4145702886e-01 -1.5452682872e-01 3.9415874562e-02 -5.0770781901e-01 6.4057447279e-02 3.0050502870e-01 1.7121098068e-01 1.2541998320e-01 -2.5001297102e-01 2.0769298673e-01 7.8696155597e-04 7.1299939051e-02 1.5720089572e-01 -3.0248047407e-01 2.3550187343e-01
-4.4701261465e-01 1.4474176751e-01 9.4545888048e-02 2.1942883697e-01 -4.0589452488e-01 -3.4608351865e-01 -7.8381431778e-02 -2.8010953352e-01 4.3025348934e-02 1.4153303030e-02 9.8181677111e-02 -1.4927698522e-01 1.2521645031e-01 -2.8762302771e-01 2.9615966229e-01 -2.9911896291e-01 3.8355287199e-01 -1.5446908835e-01 1.3416029156e-01 -2.6692536231e-01 -4.6721945649e-02 -2.1223170293e-01 2.3924176030e-01 -1.0738098969e-01
4.4178985087e-01 1.0860422271e-01 -1.1520600964e-02 1.0874958264e-01 -4.1525940006e-02 -1.6080851902e-01 -1.7199618720e-01 -7.4120113089e-03 2.3774029596e-02 -2.2548770928e-01 1.4806143789e-01 -2.7441355582e-01 2.4318287775e-02 -4.2111316022e-01 3.6673054386e-01 -7.6248142235e-02 -2.4890842639e-01 1.8853759251e-01 9.6118590031e-02 -7.8581175113e-02 -6.5012544305e-03 -3.8827524589e-01 1.6010474153e-02 1.5755853866e-01
1.0995373183e-01 -1.3399615970e-01 -1.0098558833e-01 -1.2822221280e-01 8.8924724224e-02 8.1860424935e-02 1.3550206404e-01 -1.1026471461e-01 2.1946182615e-01 -1.9443135096e-01 5.2520212443e-01 -6.5291380762e-02 -9.2778779765e-02 4.4010470553e-01 -3.1243861404e-02 2.1789150954e-01 1.0537611828e-02 -1.0356496483e-01 -8.2408141994e-02 -4.1741759849e-02 -6.2933657163e-02 -1.6849878716e-02 -7.0094029521e-02 2.4700820018e-01
-1.4080279190e-01 -8.7661356380e-02 -3.8218224197e-03 -2.3206821343e-01 -2.0695689123e-01 7.5445376478e-02 -4.0995118357e-01 -3.4559453817e-01 7.4856803294e-02 9.0091801420e-03 -9.5317890814e-02 1.5172470858e-01 -1.5938979052e-01 6.6848937799e-03 2.4750531367e-01 -3.2065859932e-01 3.2276252891e-01 3.2034183271e-02 6.6283867259e-02 2.9952421081e-01 -4.2426685481e-01 2.8154264504e-01 9.2512585345e-02 -1.1101384535e-01
8.0363159853e-02 3.6223631771e-01 3.7608959669e-02 2.6322306124e-01 -2.5515283473e-01 1.0870517134e-01 2.4378276440e-01 1.7914154611e-01 -6.6527093566e-02 4.5058106516e-02 -1.9824475723e-01 1.9375375615e-01 1.1646770682e-01 -1.7724660854e-01 -2.4106088224e-01 -3.3688000120e-01 -4.1859692230e-02 -1.5768751879e-01 8.3380605197e-02 -2.7999212447e-02 2.3511795317e-01 -3.5652089026e-02 -7.0359430208e-02 -3.9439060514e-02
-5.0328027369e-01 -3.6800626012e-02 -2.0219978466e-01 1.3753523909e-01 1.5744107607e-01 3.6535621845e-01 1.6794429821e-01 -5.7373937296e-02 1.6919277498e-01 2.1093746409e-01 -5.0763028474e-02 1.4073049623e-01 -6.3260133874e-01 -2.3120321865e-01 -1.4832570529e-01 1.5952649493e-01 -1.9718131619e-01 6.7100148439e-02 -4.2948406713e-01 -2.9699725961e-03 6.0446646325e-02 1.5414177445e-01 1.3565657112e-01 -4.2089101047e-02
-3.6263110685e-01 -3.1054169117e-02 2.8900293135e-01 -8.1457126079e-02 1.8155428905e-01 3.6933976753e-01 -2.9222701576e-01 1.5245471689e-01 3.3999201603e-02 1.4219445625e-01 3.4407706266e-01 8.3938294063e-02 1.2978511783e-01 -1.2910613470e-01 1.2532255067e-01 -1.3343947790e-01 1.3690642764e-01 -1.1576396059e-01 2.0271865892e-01 -8.6738486936e-02 -7.7785348896e-02 -3.3670491740e-01 2.1067901458e-01 -4.2049424525e-01
-1.2043569072e-02 -5.2075472051e-01 -2.2469841111e-02 2.6789145357e-01 2.5852873988e-01 -2.7538704829e-01 1.1994403427e-01 -8.5605939458e-02 -1.3655756627e-01 -4.0148829002e-01 2.2313596493e-01 -3.5300995307e-02 -3.7236867660e-01 -7.7506455754e-02 -7.8905244401e-02 2.3420645390e-01 1.4510993149e-02 5.9707124411e-02 3.4233495602e-01 2.2239106213e-01 1.1727249507e-01 -8.9774043110e-02 2.5162142344e-01 1.7835909675e-01
-1.2047309418e-02 6.1508738219e-02 -2.4223104588e-01 -1.4901399158e-01 7.3458816121e-02 2.0289953251e-01 1.0158976041e-02 -3.1155797780e-01 -5.3284692313e-02 -6.1713637201e-02 1.5444828482e-01 -6.9985359050e-02 5.2133081489e-03 -1.5732860981e-01 -1.9918304691e-01 -3.2351095349e-02 -3.1487648710e-01 5.2197843829e-02 -5.6535890752e-02 -8.7167785210e-02 7.1458358365e-02 3.4743841117e-01 1.8947014646e-01 6.4298650053e-02
1.3902596441e-01 1.3031089609e-01 6.9427804766e-02 9.8144118472e-02 3.5583032837e-01 3.6763034948e-02 1.3902963447e-01 4.8646134170e-01 -1.9927199885e-01 2.1212675169e-01 -1.4116731591e-01 -2.8212520163e-01 2.3533181021e-01 2.1000358361e-01 -3.0882140781e-02 8.0150734346e-02 -1.1753718753e-01 -8.4414428489e-02 -1.1035188996e-01 2.9425944918e-02 -2.5461948180e-01 5.9807278804e-02 -6.4192880465e-02 2.6629141496e-02
-2.6807039466e-01 -4.6255918499e-01 3.8630301268e-01 5.3477978763e-02 4.2803745009e-02 -4.1548579809e-01 1.6182152239e-01 -2.5427791955e-02 1.1088850973e-01 2.6578139053e-01 -1.0711006038e-01 9.1471709545e-02 1.5747620640e-01 3.7299057447e-02 2.0354100957e-01 6.9086534406e-02 -2.5464540846e-01 2.5801808752e-01 -1.6103849773e-01 1.0830841630e-01 -1.9934600327e-01 -3.3299878415e-01 -1.4405680921e-01 -6.7967168247e-02
1.5439755279e-01 -1.5731372982e-01 -2.9454298454e-01 -3.1976533658e-01 -1.8131947061e-02 2.5948418101e-01 1.8721881141e-01 -3.1618398933e-02 -7.5100984156e-02 3.1359942592e-01 1.6938561911e-01 -7.2496901211e-03 -1.4275667267e-01 1.5832926803e-01 -1.8193980377e-01 5.0035484375e-01 -2.8544733397e-01 1.6676293841e-01 1.7504656205e-01 8.0114471369e-02 -1.3471783833e-03 -1.5059045982e-01 2.1022170317e-01 -2.7929864684e-01
5.7933307665e-02 -1.1088106215e-01 2.7411773230e-02 1.0209381676e-01 1.3171373550e-02 -2.1171134242e-01 -5.0365674573e-01 1.5946745731e-01 -4.5452340792e-02 -8.4928804268e-02 1.1484499521e-01 -2.7995565406e-01 1.8005938552e-01 -1.5729463209e-01 2.4616538174e-01 -1.5474079072e-01 7.2004964797e-03 -1.5892423799e-01 -8.5958974852e-02 6.7441038252e-02 2.8203005644e-02 -2.1563631954e-01 -1.1007838367e-01 1.5158114540e-01
2.4585557408e-01 -7.8114397898e-02 -7.0342635290e-02 -1.0783748354e-02 1.7890436096e-01 3.0051006038e-02 -1.8683745013e-02 -3.7126167876e-01 1.8370197605e-02 1.2382076678e-01 4.3815544223e-02 -1.4082996226e-01 -1.6624966926e-02 1.3322924008e-01 -3.8077101586e-01 1.0896560506e-02 3.3281908259e-01 1.8620556305e-01 3.5614272027e-01 -2.1077113684e-01 -3.6965369161e-01 -1.4902537011e-01 2.0603331832e-01 -2.2012022005e-01
-3.8125060924e-01 -1.6259668563e-01 -2.5802704158e-02 -1.3929289683e-01 -7.6487546691e-02 3.4440859923e-01 -3.2860093652e-02 -5.3951036626e-02 -4.1317724339e-01 -5.6279447621e-02 -1.6990089003e-01 -2.1097858589e-01 -5.7722464729e-02 -1.9689195416e-01 -1.7772191207e-01 -2.7459851842e-01 1.3898764518e-01 1.8052013019e-01 1.9618438795e-01 2.2162132224e-01 3.2223876321e-01 -4.2421865140e-01 -2.7835138885e-01 -4.3580245669e-02
2.9313063190e-02 -5.5747720871e-02 -1.8482125638e-01 2.6250452427e-01 2.4739363445e-01 -2.0302765369e-02 -2.3057761930e-02 1.6410781301e-01 -3.9022419432e-01 1.3165820422e-01 -9.2582279690e-02 9.1116307158e-02 3.8071607229e-01 2.2251034737e-01 -1.5009337361e-01 -1.8466874224e-01 1.5943037794e-01 -3.4953598679e-01 -9.0901610579e-02 9.7978213476e-02 -2.9478454497e-01 -2.0892772599e-02 -3.5870767892e-01 -3.8635209819e-01
2.1536263378e-01 2.7299532836e-01 -7.7562395366e-02 5.9407836384e-02 1.3573441788e-01 1.4190996801e-02 3.3319931134e-01 -1.4188863129e-02 -9.9577318215e-02 1.0737383821e-02 -4.5139495975e-02 2.4811057760e-01 2.7230338779e-01 -1.6423747713e-01 5.9411476965e-02 1.8590099752e-01 1.1022989817e-01 1.1316867294e-01 -1.9207238392e-01 -1.1252494895e-01 3.7576209484e-02 2.2621585884e-02 -1.5140587343e-02 -2.0116197039e-01
-9.9032397697e-02 3.9609679014e-02 1.0252965944e-01 -6.1991950137e-02 1.3408862217e-01 2.4582230822e-01 -1.5365490886e-01 -1.0667602662e-01 5.5862872453e-01 1.5976353249e-01 2.3878421252e-01 -5.5549235652e-02 -8.8294530538e-02 1.3027096758e-01 -2.3723619573e-01 -1.3145069747e-01 -9.9170675119e-02 -3.6093748704e-01 -2.1888258515e-02 4.1263354184e-01 1.4675866631e-02 -1.4490765853e-04 1.8038675560e-01 2.4540296660e-01
