3.2675428560e+00
7.9129234960e-01
-1.4593904048e+00
6.8896358921e-02
6.7450242353e-01
6.6916865079e-01
3.2453924392e-01
1.3672339923e-01
-1.2417951300e+00
2.2062671351e+00
-2.0149632897e-01
-7.0752027248e-01
3.7069990190e-01
-5.6611773854e-01
-4.5128688828e-01
-1.2483216381e-02
-6.6892616207e-01
-1.2595673953e+00
5.8707554886e-01
-6.4523355113e-01
-1.3565723340e+00
-1.8517721903e-01
-1.2684065629e-01
-3.3854911299e-02
9.4397085253e-01
-1.2563549750e-02
1.2208983426e+00
-6.3082412366e-01
-5.4064464158e-01
-6.4047343863e-01
-6.5995127996e-01
1.2099302924e+00
