-5.0273066093e-02 1.4935119796e-01 8.2936328711e-02 1.9241985839e-01 -1.8268198790e-02 4.9075711430e-02 2.5389983650e-02 1.6611730907e-01 -1.2428795511e-02 2.8665006448e-01 -7.5675747997e-02 7.2098066798e-03 -9.3296540276e-02 2.7827815893e-02 -1.0167626121e-01 2.4122684350e-03 1.1956874063e-01 2.6205031548e-01 2.5538607329e-01 2.1607710030e-01 4.0314932058e-01 9.2139717385e-03 -1.1011340197e-01 -2.8606379874e-01 -2.7126743156e-02 8.3868753723e-02 1.1589618357e-01 3.1570906104e-02 3.0436081316e-01 8.5052253112e-02 7.4896168680e-02 9.9888406373e-02
-2.3256828967e-01 8.1310132877e-02 4.3848212172e-02 1.6915149904e-01 3.7478452318e-01 -3.9669205062e-02 4.9382814116e-01 -9.9455137128e-02 -1.7597925714e-01 -7.5911254184e-02 1.2903640904e-01 2.9469089200e-01 2.2531818028e-01 2.3949153736e-01 2.4873731081e-01 -3.2451709949e-02 2.4997724920e-01 5.2755942826e-03 1.9021393010e-01 1.9914506151e-01 -2.4535025530e-01 1.2682748437e-01 2.2858435293e-01 7.9737887307e-02 -1.2776871013e-01 2.8521487968e-01 3.2719226645e-01 1.1676084046e-01 -3.1654995453e-02 1.0518420859e-02 -2.9780491535e-01 1.0223480897e-01
-4.1058542561e-02 -1.4947784710e-01 -2.9603251306e-01 -2.4111397851e-01 2.7999017405e-02 7.4782123449e-02 1.1392519570e-01 3.0225381525e-01 1.1736726234e-01 -2.3231174183e-01 -9.7677756512e-02 8.6310011448e-02 -2.1881607921e-01 -2.8231172599e-01 9.7790529726e-02 -5.0093134621e-02 4.6516361314e-02 8.1407181736e-02 -1.3276503059e-02 -1.7500531532e-01 -1.5649425047e-01 1.1632863353e-01 1.7203906718e-02 6.9467155002e-02 -1.9171981107e-01 -6.6888469936e-02 -7.2998310709e-02 3.6674328779e-01 -1.9158986075e-01 -1.1594284458e-01 -1.2414822178e-01 1.2219404433e-01
2.6990788998e-01 2.5029567884e-01 9.4028907443e-02 -9.3261618498e-02 6.7290936217e-02 -7.1822848622e-02 7.5490624023e-02 1.5540574827e-02 3.5361199089e-01 -1.3799097002e-01 2.1914155734e-01 1.6323238251e-01 1.7900816257e-01 1.3617882687e-01 -8.5934329632e-02 2.5744840882e-01 -8.1973517390e-02 1.9346797016e-02 -1.7629519893e-01 2.7958037712e-01 2.8404061020e-01 2.4266541350e-01 -7.7830508268e-02 3.1737560427e-01 -4.4780936305e-02 -1.8314306793e-01 2.0997407361e-02 -1.4933592549e-01 -1.1274623403e-01 -5.4514619842e-02 3.3068889430e-01 -2.8496218529e-01
-8.2681313076e-02 7.6020612856e-02 -2.9412719104e-01 -3.6044076305e-01 2.1329877341e-01 -2.1451815664e-01 -9.0433467763e-02 -1.2389447470e-01 -1.0876020671e-02 2.7441080168e-02 -8.0511499931e-02 -2.8244350645e-01 1.9074528056e-01 1.1689995115e-01 3.2022695408e-02 -2.9636640629e-02 3.6485684578e-01 -5.5628175995e-02 -1.3689584341e-01 9.3994295929e-02 1.8429479077e-01 -2.7186963451e-01 -5.8797549724e-02 4.9712207119e-02 1.6051286583e-01 -4.3941861292e-02 -2.2924926275e-01 8.2464467078e-02 -2.7591173915e-02 1.9508722338e-01 -2.2624937567e-01 9.2718816553e-02
6.1499798468e-02 2.7688262224e-02 -8.3474910119e-02 -1.2471999940e-01 -7.2477296564e-04 2.1789125080e-03 6.6308709226e-02 -2.4829948068e-01 -8.2761365529e-02 -6.8182807642e-02 -5.8891533563e-03 -4.1051815521e-04 -7.5476343120e-02 1.0274131389e-01 -2.3278955731e-01 -2.7660247881e-01 5.5062660543e-02 -1.4981726251e-02 -1.0272322613e-01 1.1828606231e-01 5.4441561604e-02 -6.0064816036e-01 -1.2383067173e-01 -3.7360046744e-02 7.1458989272e-02 1.2450076817e-02 -1.4920935663e-01 -3.9718278715e-02 1.0421373606e-01 -2.3231339136e-01 -4.6660050329e-02 2.7485883908e-02
-1.9470283961e-01 1.2495868882e-01 1.5899158856e-02 -2.2019536361e-02 2.9066046740e-01 8.2585995648e-02 -1.8028221344e-01 -8.2066033313e-02 7.6056233865e-02 -9.6805106109e-02 -4.9307205550e-03 5.4349886049e-02 2.3315577094e-02 2.0319277828e-01 5.2089479752e-02 -1.1517940992e-01 -7.1098153390e-02 -1.0743733657e-01 9.8730088766e-02 5.6588133891e-02 3.1709818104e-01 3.2827928005e-01 4.6442545785e-02 -3.7234301769e-01 1.8428573446e-01 -5.8515881538e-02 -2.6801341433e-02 1.8174534312e-03 1.0994903622e-01 -8.6448968250e-02 4.7363878907e-01 4.5557264881e-02
-1.1199846245e-01 -3.0534686094e-01 2.0207084976e-01 1.2304498957e-01 2.6435850454e-01 -8.7592004237e-02 -1.5010647665e-01 4.8194476348e-02 2.6729720647e-02 6.7085928502e-03 2.6118266975e-02 1.2054610095e-01 -3.5339412940e-01 4.9174891892e-02 -4.2023466241e-01 -2.1346182675e-01 7.0287663950e-02 2.5666709856e-01 -2.1490903123e-01 2.8770046837e-02 2.9667192837e-01 -7.5934008720e-03 -1.4997754600e-01 -2.6738687247e-01 -8.3231739930e-02 3.4115645156e-02 -3.6422454865e-01 -3.6437060960e-01 -1.4295827281e-01 1.2143825144e-01 -5.9083189138e-01 3.0536954953e-01
1.0373480224e-01 3.3848561982e-02 9.3576070422e-02 -2.3977892991e-01 -1.8579497068e-01 -1.5851175784e-01 -2.5507252796e-01 9.5836570520e-02 1.8148057450e-01 -1.7168830947e-01 8.1841016106e-02 1.0339646380e-02 8.1877923642e-02 -5.0768937913e-02 9.4983784197e-02 4.1542138286e-02 -5.2201530844e-02 8.4397603445e-02 3.3631748984e-01 1.2890665614e-01 -1.2398269153e-01 -3.7055347804e-01 2.6722196987e-01 1.6609455002e-01 -1.9975367303e-01 1.3578234852e-01 2.1111436202e-01 -2.7056918980e-01 -1.5316486706e-01 -1.4505258061e-01 -6.0594104258e-02 1.6213989059e-01
1.9359686583e-01 2.9201242059e-03 2.4768128703e-01 5.0554545182e-02 9.2272318792e-02 -8.6392261610e-02 3.6053500918e-01 7.6565207547e-02 2.1892203536e-01 -4.1947569684e-02 8.8699166700e-02 8.7871799434e-02 8.3732664579e-02 1.5106348165e-01 -3.8645490014e-02 4.0437268685e-02 -2.4977759212e-02 1.5359031915e-01 2.8588173748e-01 -7.7157767946e-02 -1.4674990753e-01 -9.8874237933e-02 -8.9276621126e-02 -1.5259168472e-01 1.3408721171e-01 2.8442629635e-01 3.4550211926e-01 -1.2827601353e-01 7.4247895655e-02 2.1328271322e-01 2.1666584405e-01 -5.4788123353e-02
1.1406631737e-01 1.1435250511e-01 1.0449618801e-01 1.3128412363e-01 1.0556863126e-01 -1.3657788539e-02 8.0630945888e-02 3.4031315839e-02 -1.2172056597e-01 5.6513132109e-02 -5.7592420241e-02 -2.8072150301e-01 4.9220734062e-01 1.5062543397e-01 -1.6729670421e-01 2.0267866607e-01 4.8781351929e-02 2.5447965802e-01 -2.7413301259e-01 1.3709735938e-01 8.2753481370e-02 -1.9611530781e-02 -8.5751867482e-03 -3.9888884131e-02 7.3858162180e-02 2.5741794318e-01 1.9159203951e-01 -5.0908513040e-02 -6.7934881941e-02 -1.0228030370e-01 -1.3455579360e-01 -6.5502750349e-02
-1.4117539705e-01 3.3625062641e-02 6.9519117648e-02 2.0406201000e-01 -1.0491227887e-01 1.7401478408e-01 -2.0030529838e-01 -1.1465610767e-01 1.6649317184e-02 -7.5703082850e-03 -1.5011505119e-02 -2.4738591995e-01 3.0340761631e-01 2.9009317329e-01 2.8919911586e-02 2.5378358890e-01 -7.1661482010e-02 1.1054136127e-01 8.0877551833e-02 3.4438344685e-01 -1.0705101070e-01 -5.2967051823e-02 -2.7555930605e-01 3.7408999958e-02 1.4354393516e-01 -2.9680078369e-01 -1.3062716086e-01 -3.9881250961e-01 -4.0519993918e-01 8.0388774947e-02 1.8158533703e-01 -1.0294730948e-01
8.6173633670e-02 -3.4772365667e-02 -5.2021053605e-02 -3.0496690663e-02 -2.2709624966e-01 -5.0334361113e-01 -1.8376129391e-01 3.5492832817e-01 7.9843695685e-03 2.0763291081e-01 -2.7668335997e-01 4.3242349164e-01 -2.2903600884e-01 -1.8116870028e-01 1.6496183409e-01 -1.0912753486e-01 1.5688749107e-01 8.1933014776e-02 -2.1331211923e-01 -1.2050004135e-01 7.5610477087e-02 -1.8090146716e-01 1.3611490630e-01 -1.3711889237e-01 1.5194219018e-01 2.3596024875e-01 2.6695226431e-01 4.6640896944e-03 -1.2253696461e-01 -5.8929743845e-02 2.1291993058e-01 3.1091382451e-01
2.5818145238e-01 -2.0452911955e-01 -1.1089721260e-01 -3.3064662776e-01 -2.3067858721e-01 -8.6178280254e-02 4.4086782712e-02 8.6240332092e-02 1.0971219844e-02 1.1392405293e-01 1.3793245744e-01 1.5615846235e-01 -6.0747881442e-02 3.0191527243e-01 -1.5667622943e-01 -2.2195266480e-01 1.2636411522e-01 1.7402248226e-01 -6.8243152999e-04 -2.3291209455e-01 -4.3177378709e-02 1.7155970122e-01 1.1256166819e-01 7.5108326241e-02 1.1182030876e-01 1.6563637067e-01 -4.6740021517e-02 -9.7899450753e-02 1.3711257312e-01 -2.0625053289e-01 -4.7593458711e-02 -3.6512629142e-01
1.2334564499e-02 -1.0791572929e-01 1.2601010425e-01 -2.2997294464e-01 9.3830741508e-02 6.4356782541e-02 -3.7302213764e-01 -1.9263369583e-01 -1.2755804831e-01 -7.7824221973e-04 3.3509990824e-01 7.1695199328e-03 -1.8908775484e-01 6.0913957362e-02 1.9889604901e-01 -2.4087836046e-01 -2.2694053822e-01 2.4502139975e-02 -1.4625632403e-01 1.1170881620e-01 -1.1987161533e-01 -1.7694792207e-02 1.0847019822e-01 -4.0745527214e-01 -1.6486987824e-01 1.6645828244e-01 -8.7292342917e-02 -1.2051000218e-01 2.9324761522e-04 2.4045831416e-01 5.3623076102e-02 1.4585611355e-02
-1.6102026735e-01 3.6228292102e-02 -2.2764586812e-01 -5.4373124662e-02 -1.5468396031e-01 -3.0546836382e-02 -7.8472285410e-02 -9.2544644448e-02 -4.0932723302e-01 2.0029122098e-01 2.5965355637e-01 7.1591197952e-02 -1.3394131336e-01 -3.6665794984e-01 1.0514325592e-01 -1.4912655019e-01 -1.6938337560e-01 5.8464394434e-02 1.5157467196e-01 1.5435102534e-01 -1.3818129773e-01 1.3417978923e-01 4.1680725503e-01 3.1626006578e-01 7.5579575263e-02 7.9385076871e-02 2.2132810329e-01 1.6125272683e-01 -1.2461675018e-01 -1.3226245270e-01 -2.3682945782e-01 -9.4697603786e-02
-2.9258290886e-01 -1.3121364338e-01 2.6686924694e-01 1.3059208765e-01 -7.8513312756e-02 -1.3219929629e-01 1.1553059437e-01 6.0566746849e-02 8.8800604133e-02 3.3711448900e-02 1.1270161320e-01 2.4792946444e-01 3.0601631296e-01 2.2396885326e-03 7.8315269237e-02 -3.0302317703e-01 -2.9644839780e-01 3.3291689806e-01 1.0735845796e-01 2.8544980769e-01 -2.9994081831e-02 3.2840707423e-01 -9.2937574048e-02 -3.9994823629e-02 9.8160169326e-02 3.6289024005e-01 2.9062893255e-01 -4.8045438278e-02 -3.2552125568e-01 -4.9834787957e-02 1.4718499471e-01 -1.2186757512e-01
6.6633881343e-02 1.2656176033e-01 9.0048103304e-02 2.1610332027e-01 2.8852299971e-03 -3.1212919389e-01 -2.0881553433e-01 -1.3880135494e-01 8.9319802600e-02 1.8048456505e-01 -2.2380370561e-01 2.8655578427e-01 -1.8540593042e-01 -8.2849062073e-02 -2.8080546047e-02 -1.8301425444e-02 1.5998245955e-02 4.7563438497e-01 -1.5120151085e-01 1.5773377362e-01 9.8462507756e-02 7.3504206882e-02 -1.7897288820e-01 2.9212076568e-01 -8.9540979262e-02 2.2729001711e-01 -1.8319711558e-02 -2.1402555980e-01 -1.2835088219e-01 4.6288647794e-02 3.4861323864e-01 1.5061939970e-02
2.9902837972e-01 -1.3631920279e-01 1.9131670464e-01 -4.0358840596e-01 1.7188059746e-01 -1.1376279521e-01 -3.3557945209e-01 -1.8189768599e-01 -6.0126905979e-02 -1.3132955363e-01 -5.0515696916e-02 -6.4869076248e-02 -1.0324230919e-01 -3.9423414798e-02 -1.9972784324e-01 2.3818383565e-01 -2.0486104263e-01 -8.5936537186e-02 3.2195534969e-02 -3.2672302693e-02 -1.8865897245e-01 2.7910110638e-01 -2.6372816564e-01 -1.2620656139e-02 6.2964926936e-02 -9.3370402358e-02 -1.7599187684e-02 2.3727870459e-02 -1.2271169308e-01 1.3179709382e-02 -2.2795068485e-01 -1.9697577136e-02
-1.4222774341e-01 1.6942196434e-01 1.9563521521e-02 4.0360793943e-01 -1.4130851729e-02 4.4839878327e-02 -8.0735003641e-02 -2.4103709401e-01 3.2792088224e-02 -6.1586235022e-02 2.6754505805e-01 -9.8429452178e-02 6.8211834332e-02 2.8444960005e-01 -1.3057157279e-01 -1.9895299653e-01 -2.0393651754e-01 1.4889700755e-02 -8.7098074276e-02 -2.6398753719e-01 -2.3356798070e-02 1.6973761246e-01 2.0841970002e-01 -1.7736668349e-02 1.3676572149e-02 1.1336216830e-02 2.0458910680e-01 2.7766578305e-01 2.5668171687e-01 -6.7037711140e-02 8.4874625127e-02 4.2161068631e-02
-1.0477049646e-01 -3.4119181214e-01 1.9845530769e-03 2.7980526050e-01 -2.8395174099e-01 8.8279523939e-02 2.3564229984e-01 -6.4922203454e-02 -8.8266413134e-02 -9.1480047750e-02 -4.8352531440e-01 -4.8306965048e-02 -8.3217381383e-02 -2.3627243419e-01 6.7717220372e-02 -1.8744544990e-01 -3.7739336647e-01 -1.9212736811e-01 6.1689194483e-03 1.5002895713e-01 -1.2194180848e-01 1.2833619910e-01 8.3969949167e-02 -1.6062251035e-02 1.6099441801e-01 2.6156981294e-01 -1.0476222357e-01 -1.5826746867e-01 -3.1701289182e-01 2.6524696010e-01 1.0158811745e-01 -1.9949405817e-01
3.6741966167e-01 -2.2185792788e-02 1.0468399078e-01 2.4886867140e-01 -5.6812309768e-02 -1.2369036429e-01 -2.5714472331e-01 -4.8567511475e-02 2.1932895505e-01 4.5004202629e-01 4.2172112560e-01 -7.9031215773e-02 8.6399140329e-02 3.1774616326e-02 1.9949078482e-01 1.4405205119e-01 1.1034138236e-01 2.8551829155e-02 2.5685932199e-01 1.0941938295e-01 9.3803297645e-02 1.7075905057e-01 2.1000875930e-01 -3.2941065825e-01 5.4338501686e-02 2.3761848124e-01 -1.0757661219e-01 -2.2430748317e-01 4.1067589619e-01 2.2710570407e-02 2.0856569709e-01 -1.4293225166e-01
8.7493597696e-02 -1.3919707455e-01 1.1820183278e-01 2.9212217147e-01 -3.5844430319e-02 -1.6457073041e-01 -4.4707531151e-01 -2.1089993194e-01 2.1009252090e-01 8.9293892724e-02 -1.6765336209e-02 1.6275710240e-01 1.1820499771e-01 1.2406562591e-01 -1.3501128705e-01 -1.8925268753e-01 2.9971772190e-01 -3.7106180127e-02 2.1272052948e-01 -1.8263921565e-01 -3.1639916635e-02 -5.0588873213e-02 1.9360483923e-01 3.7378952051e-01 -4.5545076422e-02 2.3134897141e-02 -9.9244856973e-02 2.1006769298e-01 -2.5246928392e-01 -1.1425382956e-01 -1.0330702386e-01 1.6218428824e-01
-2.7528189445e-01 1.9467309203e-02 -2.7431483560e-02 -8.3787992833e-02 -2.3768424190e-01 -1.8167377463e-02 1.9763287972e-01 -2.4018917937e-01 -2.9796059572e-01 2.6262649204e-01 2.2638514499e-02 1.2073254372e-01 -1.1919671357e-01 3.3891876420e-01 -2.1341129201e-01 -7.2443168765e-02 -1.4086339671e-01 1.3993250249e-01 3.3118239967e-01 -1.9053189771e-02 7.4418794584e-02 2.5123828410e-02 5.3441232494e-02 1.0731957487e-01 -3.7465731209e-01 -2.5086984413e-01 -2.3519855550e-01 1.1394837411e-01 -1.5733965088e-01 2.4008404931e-02 9.9083877308e-02 -8.4001661828e-02
5.4416658729e-02 1.2730176266e-01 -3.0149151133e-01 -6.2015014747e-02 -2.3856262436e-01 -1.4102498812e-01 7.2711668542e-02 -8.2115924057e-02 -2.6329269297e-01 3.2661486909e-02 2.0473881077e-01 -7.1134712224e-02 -9.9314705515e-02 5.5020115999e-01 1.7183189861e-01 3.7356233687e-01 2.6634090338e-01 -3.7313901909e-01 -5.1730372797e-02 -3.5520633613e-01 -1.5118907570e-02 -5.9503559012e-02 1.7096670538e-01 2.8002830408e-01 2.3616106758e-01 -3.2375810999e-02 1.6831030222e-01 -4.6512068376e-02 -1.1612383167e-01 -1.0930726101e-01 2.3550917333e-02 -8.9127062995e-02
1.0517007373e-01 -8.5495777378e-02 -3.1785257414e-02 2.1436063814e-01 -3.1075670610e-03 1.1996447706e-01 1.3520091476e-01 5.5419717837e-01 1.5834033951e-02 2.3991456055e-01 -2.6969071237e-01 1.1479945675e-01 -1.4761964982e-02 -2.2501421599e-01 3.3091645783e-02 1.5811697958e-01 -1.8188224419e-01 -2.8369066677e-01 3.8124091600e-01 3.4880372009e-02 2.2972213244e-02 1.4271232818e-01 4.3925825336e-01 3.3233580346e-01 -2.5507347824e-01 1.0298427586e-01 1.2966989828e-01 -1.7370365422e-01 2.1228658110e-01 2.7181903494e-01 8.1868593870e-02 -2.3577623943e-01
6.1091942280e-02 -2.1099152342e-01 1.0819237404e-04 -9.8858005932e-02 -4.0263699314e-01 -1.0588404949e-01 7.0197199539e-03 6.4766028303e-02 -1.9944215697e-01 -4.5339153247e-02 1.8587363816e-01 2.4032905896e-01 1.4425112046e-01 -1.5834337177e-02 -6.0753792127e-03 -2.9891306330e-01 1.5420337754e-01 2.8522210759e-01 3.5445079219e-03 -1.4628205218e-01 -2.7796837830e-01 -9.0659078543e-02 7.3254997468e-02 -3.3941126501e-01 1.8405266721e-01 -9.1650079834e-03 2.3761173793e-01 5.0785422074e-01 -1.2909895136e-01 -2.8402451106e-02 -1.0738761172e-01 -2.9535615795e-02
5.5117426668e-01 1.5218291349e-01 -1.8714919793e-01 2.4979864128e-01 -3.9690960898e-03 -7.2602957720e-03 1.0130473127e-01 -2.6778674042e-01 -5.1963597099e-02 2.6145851526e-01 6.3576618838e-02 1.2644038939e-01 -4.4257898550e-02 5.8601986752e-02 1.5772045509e-01 2.2091688620e-02 6.9446086489e-02 -1.3727762547e-01 2.4589920035e-01 -2.3651597550e-01 -3.8926291560e-02 -9.8204376195e-03 9.7799030210e-02 2.3552891886e-01 -1.1378672807e-01 -3.1568474579e-01 7.2351618612e-02 5.3705753250e-02 1.2483271055e-01 -5.9933607215e-02 -1.6023178352e-02 3.6622695412e-01
-1.4956715852e-01 2.1536846291e-01 1.9906148351e-01 -6.3508047622e-02 1.1768466790e-01 8.4052669895e-02 8.3453537717e-02 3.6600270873e-02 2.6394203324e-01 -3.5222916668e-02 -1.0755738892e-01 1.5008845942e-01 -3.0240847245e-01 -1.6037573396e-01 -2.0461535798e-01 -3.6152859041e-01 9.1501070235e-02 1.2235139176e-01 -4.0105395668e-01 1.1825900099e-01 9.1845318802e-02 -6.1122322534e-03 -3.5306675756e-03 1.3918171345e-01 1.4417857317e-01 -9.3321577733e-04 -2.3258854694e-01 2.9226708382e-01 -1.2835160036e-01 5.7622979262e-02 5.0463824165e-03 -1.9309480400e-02
-3.1075005494e-01 1.3847489488e-01 9.2197759020e-02 8.7069697884e-02 1.6509589223e-01 6.8125751566e-03 8.0185687147e-03 5.3178489659e-02 3.5737046113e-01 1.3601614606e-01 2.8866661767e-02 2.3717702236e-01 -2.2539243305e-02 1.2073313339e-01 1.4945129832e-01 3.0776892581e-03 1.7520980773e-01 -2.8885331402e-01 -1.4289658370e-01 -1.3910004894e-01 6.8118772218e-02 -3.3119834434e-01 8.0442559546e-02 2.4046963029e-01 -1.2720619616e-01 2.4293130420e-01 7.4123119240e-02 -7.4176094887e-02 -5.7474553415e-02 2.1129888883e-01 -2.0151981587e-02 -2.1393593734e-01
-7.7994454256e-02 -2.6726839282e-02 -8.6537609044e-02 -9.7366007206e-02 -3.5588153502e-03 2.6294471547e-01 -2.3507314193e-02 -2.4384847319e-01 -1.1763315203e-01 1.9713038076e-02 4.5667224942e-02 1.4332006853e-01 9.6039062386e-02 8.4071172420e-02 5.3760704331e-02 -1.7810987952e-01 -8.4539392510e-02 7.4993063272e-02 -7.3596918010e-02 -3.6963798375e-02 -2.0933690897e-03 -1.3004606532e-01 1.4863304062e-01 2.1168710112e-01 2.8294974150e-01 -5.8852715659e-03 2.2712676394e-01 1.8962161751e-01 -1.2354260195e-01 1.5833633661e-01 7.3100431080e-04 3.5602807430e-02
2.1864420473e-01 1.3307430413e-01 1.2272288431e-01 2.0607608951e-01 -4.7955460626e-02 -1.5709962095e-02 -2.2349616954e-01 -2.4729909052e-01 -2.4154996862e-01 -7.5948937604e-02 2.7833272686e-02 -1.5363413252e-01 -2.1143925961e-01 -2.6365420691e-01 -9.3808097387e-02 1.7451247451e-01 -4.8262817066e-01 1.2526941603e-02 -1.2240744126e-01 -6.7462016214e-02 -2.1158460341e-01 -1.9046183048e-01 -9.6986130022e-03 -1.3935711006e-01 1.1885241810e-01 8.2916896855e-03 -1.6277686981e-01 -8.2501184143e-02 1.2544396968e-02 -2.6980870125e-01 -2.2586630023e-01 2.8190279096e-01
