5.9390970882e-02 1.9880851465e-01 -1.2273034705e-01 -5.3659938177e-02 2.6074244704e-01 -2.2649001148e-01 2.0826621755e-01 3.4728111071e-01 3.6552105459e-02 -2.8195758998e-02 -8.1982796208e-02 -1.3839667782e-01 1.4286866618e-01 -8.7324177865e-02 2.1494007919e-01 3.6473970251e-01 1.9792515693e-01 -6.2602704057e-02 -1.5994352418e-01 4.0747511710e-01 -1.3992885794e-01 -2.9979128470e-01 1.0601331439e-01 5.3726774789e-02 1.3477477717e-01 1.7246170100e-01 2.1712023608e-01 -4.2707065246e-02 8.0087814138e-02 1.2403215066e-01 -3.5573136690e-02 -5.1457845786e-02
8.6513276986e-02 2.8894158220e-01 -1.8759331321e-03 5.5824004440e-02 -3.0955694219e-01 1.7944058594e-02 -1.1577927074e-01 -1.9999589517e-01 7.2575728602e-02 2.2310058295e-01 -2.5995821737e-01 -2.7039049560e-02 1.2433151487e-01 2.3364824502e-01 -5.3416995497e-02 5.9679753685e-02 1.2926238776e-01 1.5658771623e-01 -1.9745786577e-01 -7.7081965303e-02 -4.9382902010e-02 2.3946141608e-01 1.9083657914e-01 2.8125787572e-01 -2.3078799713e-01 2.9969642770e-01 -2.7671096111e-01 2.7183685304e-01 6.3727461535e-02 5.4285349394e-02 6.5932062614e-02 2.9592243642e-02
2.4259873986e-01 -1.5977195538e-01 -2.6108693165e-01 -1.2301871752e-01 -1.3966750801e-02 1.2263276041e-01 -3.2447788084e-01 -2.9822219080e-01 3.6022228819e-01 5.1639329200e-05 4.2126672143e-02 -5.6534335259e-02 7.9121552376e-02 -1.3101373166e-01 -6.8331328816e-02 1.4617515829e-01 3.6008965740e-01 -1.2071407839e-01 -1.9872432409e-01 4.6452426864e-02 -1.3152688486e-01 -1.4397759279e-01 1.0949644661e-01 4.3800597561e-01 3.6147507456e-01 2.3710166445e-02 1.1227276856e-01 -2.0104238710e-01 -2.7254366153e-02 2.6709681951e-02 -4.5227864998e-02 -2.4689264343e-01
-2.5595141166e-02 -1.4620648485e-01 9.0251250237e-03 -2.0869895002e-01 1.9196580290e-01 4.1515937512e-02 9.1795784556e-02 -1.3016654819e-01 -2.7323192328e-02 7.8949353602e-02 8.4726401936e-02 1.3846084094e-01 -1.6493541422e-01 -4.7321808254e-02 -8.4295443677e-02 -2.5464416493e-01 -6.1309869668e-05 -2.2874815209e-01 5.2126301682e-02 -3.0276880202e-01 -7.6688125918e-02 7.3728846979e-02 4.2378161357e-02 1.2562394560e-01 -1.7891062897e-01 3.3049394041e-01 7.6544161796e-02 -2.5747246407e-02 1.7035668698e-01 -7.4099844896e-02 -3.2410175414e-02 8.1403636393e-02
1.3567537101e-01 1.0724294106e-01 7.2037549005e-03 3.0757830624e-01 8.0654860674e-02 -3.3151580323e-01 -1.2941590190e-01 5.0287608882e-02 3.5073167556e-01 -3.9738723486e-02 -8.9891657107e-02 3.6745422817e-02 -4.4552673752e-02 1.6131126842e-01 1.7653288107e-01 3.5800320312e-02 -4.6453824337e-02 -1.1539930631e-01 7.4213776921e-02 7.4699717677e-03 -2.1558601108e-01 5.7893756730e-02 -3.7409098961e-02 3.2720969523e-01 -3.1067309134e-02 -2.0088824608e-01 3.0564547939e-01 1.3681165057e-01 5.0395010026e-02 2.0924327517e-01 2.3851479082e-01 -1.8088510129e-01
1.8483992553e-01 -3.2914928883e-01 1.1419217913e-01 1.0580272156e-01 -1.7372559839e-01 3.3131967336e-02 6.7944119729e-02 1.1316673092e-01 2.0073249680e-01 1.1554421786e-01 1.6111253681e-01 1.9070302423e-02 1.6431037319e-01 1.0104717128e-01 1.0759299111e-01 8.8761881164e-02 -1.9969937104e-01 -2.0517860642e-01 1.6342697132e-02 -3.0051373853e-02 1.7958515165e-01 -3.5395806101e-02 1.0367344470e-01 5.2804681158e-02 -1.6389825179e-01 3.2815995563e-01 -1.4276657905e-01 -5.2957971553e-02 -4.9910468539e-01 -3.1291771361e-01 8.6304495681e-02 2.3591200747e-01
-4.3923503984e-01 -3.3594320160e-01 -2.9202063755e-01 -1.2953323591e-01 -1.2229016497e-01 1.3255630605e-01 -1.3946682577e-01 1.9863036008e-01 -1.4699196545e-01 -3.5518283825e-01 2.1328195813e-01 -3.5843424412e-01 -6.8015413042e-02 -8.0223848157e-02 -2.5318621748e-01 1.1875021383e-01 -3.9046358940e-03 1.1465333819e-01 1.5480070621e-01 -3.1929382499e-01 -6.5965055531e-02 -1.9415861635e-04 1.1377683371e-01 1.7255045052e-01 -1.8037243796e-01 4.7154288849e-02 -6.9139902694e-02 -1.1906245543e-01 -3.4502785780e-02 -3.9415007091e-02 1.0330509930e-01 -3.5202385409e-02
3.4440437983e-02 2.3231645766e-02 8.3347381351e-02 9.5021181821e-02 -2.6701275878e-01 -7.4589588756e-02 1.5084864050e-03 -2.4049979986e-01 8.6341689064e-02 2.5784951105e-01 -2.0216052815e-01 6.0950325125e-02 8.3243532663e-02 6.3484607721e-04 9.9107227224e-02 1.4621040679e-02 5.9008792074e-02 -2.2092742183e-02 1.6813456762e-01 3.5842038037e-01 5.9061034979e-02 3.6833012118e-02 -2.3721926867e-01 1.4475711411e-01 6.5498361607e-02 2.9675542458e-02 4.9974508573e-02 1.0002019435e-01 2.5289462551e-04 2.6568028419e-01 -2.4827195354e-02 1.1594954756e-01
-1.9519706251e-01 3.3190446539e-02 -4.5591699017e-02 -1.2470984448e-01 2.3553071966e-01 3.5276573884e-04 1.2047357143e-01 3.7109435529e-01 8.0186788053e-02 -1.5134631659e-01 -2.6514761076e-01 3.2858055381e-02 2.6765466564e-01 -1.0553719868e-01 -9.5625547144e-02 3.1503621448e-02 -1.5767643846e-01 4.1968022800e-02 -3.0676490132e-02 7.9278521062e-02 -1.3939131482e-01 -2.0170424078e-01 -5.9300824132e-02 -7.0184275891e-02 7.3052751275e-02 -4.7255811442e-01 -1.5027870408e-01 6.1090706914e-02 -2.9882790325e-02 1.5907792793e-01 -1.7085806364e-02 2.6250723685e-01
9.9455132953e-02 1.9774843938e-01 -1.2833598084e-01 -1.1967057592e-01 8.0543163996e-02 3.1660077186e-02 2.7479087235e-01 1.4446472909e-01 3.4112039630e-01 -4.0553293405e-02 3.0723746640e-02 5.2881252594e-02 1.3714324007e-01 1.9171438695e-02 1.6764938970e-01 -2.3689424184e-01 -3.1890770406e-02 -7.5623173010e-02 3.9873274270e-02 -3.2724925925e-02 2.4118082000e-01 3.8579565462e-02 1.7774930578e-01 6.7919633757e-03 -9.1930899544e-02 -1.0971879822e-01 1.8149223491e-01 -2.2540651810e-01 -4.1540476606e-02 -4.7554454237e-02 9.9113250766e-02 -2.5013427966e-01
1.9583928330e-02 8.2204520635e-02 -8.6575811456e-02 2.4952713238e-01 -2.5704552510e-02 -8.0755470484e-02 -5.3500099881e-02 1.2540996983e-01 2.2447759146e-01 3.5971498348e-01 -3.9808785142e-01 6.1870413834e-03 5.5328313540e-02 -6.5609755365e-02 1.7668090388e-01 -1.7140912549e-01 -7.3356734020e-04 2.0781060876e-01 -1.0620713310e-01 -7.7554450313e-03 1.0396699606e-01 -3.5669870373e-01 -1.6479230280e-01 2.4942790993e-01 2.4642798731e-01 -2.4703938343e-01 7.8123171417e-02 -4.5170655404e-02 -2.7958544266e-01 -3.0906338576e-01 -2.9229126766e-01 -2.7343037867e-01
-3.0522701695e-02 1.9281862118e-01 2.2815025571e-02 1.0234522805e-01 1.6818122522e-01 -3.1157616037e-02 -1.8498453878e-01 2.1978355835e-01 -4.0866364820e-02 1.1742922952e-01 -1.6510488556e-01 9.0757164537e-02 -2.4438776869e-01 -2.2724220950e-01 4.0867314778e-02 -1.4736007928e-01 -3.5604453099e-01 1.3997812133e-01 -4.0659262687e-02 -9.2777480788e-02 1.6718810038e-01 1.3810686474e-01 -9.1638278578e-02 -3.6591548995e-02 1.1679796728e-01 3.4242488675e-01 -1.3532642608e-01 -2.1489276637e-01 -3.9958943277e-02 8.2134013850e-02 -2.0546493554e-01 2.4928784823e-01
-2.9164599554e-01 -8.6735940764e-02 2.8069311143e-02 -1.8196534343e-02 1.9601068934e-01 4.0238499987e-01 3.0372737124e-01 1.2242024451e-01 1.1140111989e-02 6.3196629622e-02 -6.1368408135e-02 -3.2147344293e-01 -5.6299971884e-01 1.7049783460e-01 -8.8992484864e-02 1.0873033148e-01 -1.1940111234e-01 -5.1236977730e-02 -5.4397699288e-02 2.5136391593e-01 -4.0511009436e-01 -1.0878318519e-01 -1.0134947348e-02 2.4460461611e-02 -9.0031816915e-03 -2.4095567683e-01 -1.5341070886e-01 -9.8900778408e-02 -5.5807274417e-02 1.7729347621e-01 6.4119370072e-02 -3.0620730481e-01
2.4614883839e-01 8.3957438939e-02 -3.4674181607e-01 7.6594136718e-02 -1.4551899650e-02 3.9552265274e-02 1.8997844536e-01 -2.1959159021e-01 -8.8236276261e-02 -1.6636120236e-01 -1.7325624053e-01 -1.9951274006e-01 6.7175390113e-02 5.9603647925e-02 7.1764977244e-02 3.4087177120e-01 2.7496663560e-01 6.9107057432e-02 -1.4138433445e-01 9.4097695823e-02 3.7159174013e-04 -1.2551487060e-01 -1.9710215489e-01 -1.2028846482e-01 9.4117981863e-02 -1.1752448059e-01 -5.4222967444e-02 -1.2306027649e-01 1.4173574023e-01 -1.3562078237e-01 -1.3350382319e-01 -1.8939746089e-01
-1.9557121053e-01 -1.3978210771e-01 -2.0288337675e-01 3.4876506921e-02 -2.4941088854e-01 -2.9933248825e-01 -2.8836154525e-01 -9.3313227303e-03 -1.2498525499e-01 -2.4058403838e-01 -6.4949667915e-02 -4.7594122561e-02 -1.3432543354e-01 3.1705271913e-02 2.5121336825e-01 -1.2554695920e-01 -1.6428465946e-01 4.8368056530e-02 6.3936609426e-02 -3.2135561254e-02 -4.8946034099e-02 -5.8924895147e-02 -5.7181791038e-02 2.5508513843e-01 2.6739839830e-01 1.9060041470e-01 -1.7458616586e-01 -1.4855246417e-01 1.8462296068e-01 2.2046595092e-01 -8.4268868768e-02 2.1726308978e-01
1.9317324893e-02 -3.7266696392e-01 -1.5750478802e-01 -1.0137192617e-01 9.9828364089e-02 -1.3207416274e-01 -4.7230136272e-02 -6.6061763830e-02 6.1813685271e-02 -3.0088482229e-01 8.0495543750e-02 1.0437965128e-01 -1.8609117922e-01 5.1626800375e-02 7.3401619541e-02 -1.9451073159e-01 1.0580445560e-01 -1.1151042824e-01 -1.6662961729e-01 8.7302097116e-04 2.8037492499e-01 -9.5697406418e-02 9.5247634460e-02 8.7725864333e-02 -6.1845377230e-02 1.3208631339e-01 1.7235783549e-01 -2.8353508457e-02 2.3486466647e-01 6.3558176106e-02 3.7552050847e-01 2.9892646210e-01
5.0135278431e-02 -3.7268920944e-02 4.4181507916e-02 2.7184247997e-01 -3.9124769702e-02 -9.6563229457e-02 7.9191836223e-02 -1.2578422490e-02 2.7079997342e-01 -2.8276788379e-02 1.9077340450e-01 1.6619248347e-02 -3.5737400235e-01 -1.3141517930e-01 3.2263802155e-02 -1.6170885984e-01 -5.7775856589e-02 -1.6575726578e-02 9.5387519913e-02 2.7557164429e-01 -7.2631577049e-02 8.7463453651e-02 4.9257822432e-02 -1.1138749374e-01 -3.1413268694e-01 3.6149099285e-02 -2.0632705301e-01 3.4640015942e-01 8.7543876558e-02 4.2787891508e-02 2.4910599819e-01 3.3333001651e-01
1.5996601032e-01 -1.9149636419e-01 -3.8266050529e-02 2.2240416690e-01 3.3313479335e-01 1.8889174310e-01 -6.6354044069e-02 -1.0416516330e-01 -7.2967479615e-02 3.8217633890e-01 4.6622770555e-02 -1.3242136871e-01 -1.0583306511e-01 1.3316784196e-03 -1.0367805850e-01 -1.9696194521e-02 -2.5498316839e-01 5.5761510569e-02 4.7269542817e-02 5.6323123456e-02 -4.3955679010e-02 -6.7265372490e-02 -2.9775410859e-01 5.5908182106e-02 -3.3826222158e-01 -2.9839481654e-01 1.5256947080e-01 5.0139701141e-02 -3.6227735398e-02 1.4153365639e-01 -1.4141720474e-01 2.7412014712e-01
1.4674254464e-01 2.5251582431e-02 -1.8754591364e-01 1.1995336123e-02 -6.2391843377e-02 1.6726039417e-01 -7.0476476104e-02 1.4690092549e-01 -5.9684087853e-02 2.5515867908e-01 -1.5376822578e-01 -3.7637318876e-02 1.9683254329e-01 -2.6256741981e-01 8.5146282250e-02 4.7466768747e-02 -3.8711304476e-02 1.5222474825e-01 -2.9392830292e-02 5.0333500124e-02 4.3493307868e-01 -1.7005078466e-01 3.4102578814e-02 -2.0098944191e-01 7.7627867895e-02 -9.2057622948e-02 7.4365901949e-02 -1.2369912089e-01 -1.7845221832e-01 -1.6599104801e-01 -1.8493622699e-01 -2.1851661961e-01
7.1767819017e-02 -5.9022224188e-02 -2.7011117460e-01 -2.1836455241e-01 -9.3747329250e-02 -5.5531280316e-02 -1.8282790370e-01 7.2952481632e-02 3.7988812742e-01 1.4476800440e-01 1.0393226191e-01 -1.8424737746e-01 2.9664639626e-02 -4.3019155696e-01 -2.5580639178e-02 3.3055456943e-01 1.1079905403e-01 2.4359810247e-01 7.3607573693e-02 -1.7048119474e-01 -2.3972190031e-01 9.0055521927e-02 -2.8729310397e-01 1.0457755769e-01 -2.5698488074e-01 -5.5027970354e-02 -3.9446400041e-02 -8.4353144134e-02 6.4543977054e-02 1.2377937125e-01 -7.9910356950e-02 1.7853948592e-01
-2.9658444332e-02 8.8466101565e-02 1.2420372720e-01 2.2560114357e-01 -1.3254674502e-02 -8.1676649638e-02 -1.6620688607e-01 -1.6989878537e-01 7.9850914769e-02 -1.5131048736e-01 1.6181042748e-01 -2.2128859931e-02 -1.3507840706e-01 3.9359265618e-02 -1.6113671650e-01 -3.3317814320e-01 -1.5206537974e-02 3.3225743235e-02 2.8286852249e-01 7.8660067799e-02 -3.6896628129e-02 1.4703689424e-01 9.6051924667e-02 -1.9462146416e-01 1.5240055727e-01 1.0596666009e-01 4.3941171482e-01 7.7803508489e-03 7.4295457790e-02 -2.7061065518e-01 1.9241784053e-02 -2.0669081400e-02
1.2184539208e-01 -9.3303815065e-02 -2.3564028362e-01 1.6286197410e-01 -8.5115574758e-02 4.0413497876e-01 2.3883966138e-01 8.5933191728e-02 -1.1799381775e-01 2.6223955817e-01 -2.0083946568e-01 -1.3495179289e-02 1.3314163791e-01 2.9292641747e-01 1.9110034663e-02 1.6718795729e-03 -1.4203464992e-01 -7.6384170128e-02 1.5796881389e-01 -4.3435148646e-02 1.1263515498e-01 -1.3707317435e-01 6.8161531273e-02 -9.0935022396e-02 -2.1073636025e-01 -2.3005467847e-01 -2.4223583457e-01 -2.8106576672e-01 9.8367385408e-02 -2.6188674985e-01 2.0065684397e-01 2.8941064421e-02
6.4264596273e-02 -7.5428476986e-02 1.2004488356e-01 1.2317618841e-01 -1.9422376993e-01 -6.4230199891e-03 -2.5438147470e-01 2.8055151544e-01 -1.0916572980e-01 6.8255839084e-03 -3.6899247645e-02 3.4284630631e-01 -6.0174129673e-02 -2.4469411072e-01 6.7220289727e-02 -3.0839956619e-02 -2.7594448601e-02 2.6940584636e-02 1.7166771957e-01 1.5636814611e-01 2.7203413324e-01 1.3255944346e-01 5.3560994120e-02 3.0915748546e-02 6.9834134364e-02 1.1333233393e-01 2.4734722338e-02 2.2130216512e-01 -3.4057125550e-01 -5.6897893096e-02 5.7982114143e-03 -1.5444281920e-01
3.6991447721e-01 2.6337387709e-01 -1.0857899049e-01 1.5670631188e-01 1.7952506110e-01 1.1689666027e-01 -1.4716880790e-01 -1.5518321035e-01 -1.4254705323e-02 4.8538676674e-02 4.3800092427e-02 -2.2492781642e-01 9.7615222387e-02 -6.6560940123e-03 8.0722226441e-02 2.0443902762e-01 1.4887310538e-01 3.7333423414e-02 -9.8061022158e-02 9.8768906716e-03 -7.7851056982e-02 -1.8698260834e-01 -3.2678952602e-02 1.0175179729e-01 -9.2379019826e-02 9.7501215085e-02 -1.1514461156e-01 1.5390095736e-02 1.7950630358e-01 2.6701263569e-02 -1.0435865671e-01 -6.2331206871e-02
-1.3677501072e-03 -9.0530607300e-02 -2.7938898271e-01 -1.3067390325e-01 -1.7819274156e-02 -1.6755953325e-01 -3.6331472411e-01 -1.9510218968e-01 1.8052708722e-01 -1.2423562621e-01 -3.0275109539e-01 2.5158900284e-01 4.2582447970e-01 1.9448769646e-01 1.9900233520e-01 -1.0235745939e-01 6.2705217616e-02 2.1888013914e-02 8.7554768153e-02 1.5762770646e-01 -2.9754514603e-01 -1.5995863052e-01 -7.7585037641e-02 2.5956260048e-01 -3.9095451608e-02 -3.4129606284e-01 -2.6597071062e-01 1.5925313418e-01 -3.4740823458e-02 2.6842057128e-01 9.8951757550e-02 -2.1876857129e-01
1.2648900528e-01 -5.3192367631e-02 8.7749857146e-02 -2.6874499141e-02 -2.4394679361e-02 1.3368588587e-01 -1.0648036737e-01 7.6698576623e-01 -1.0014280458e-01 1.9295248036e-01 2.4129786988e-02 3.8035322633e-02 2.8647504264e-01 1.9410076997e-01 -3.3305903368e-01 -1.3005023110e-02 -7.2613746108e-02 3.0693449409e-02 2.3017403093e-01 -2.1773693930e-01 9.1256663499e-02 -1.5584793976e-01 -3.3180761717e-01 2.0287680567e-02 -4.3997293691e-01 6.5381760716e-03 1.4796321365e-02 9.8377868252e-02 -1.2004769481e-01 -5.5379791725e-02 2.4991732063e-01 2.3706034842e-01
1.3005098523e-01 1.6961001971e-01 2.8546177675e-03 8.3916280844e-02 4.8328416759e-02 1.7648942535e-01 1.7900467128e-01 -3.1669544600e-01 -1.8651984511e-01 2.7640714111e-01 -2.0531702649e-02 -1.7233033417e-01 -8.0379499721e-03 -2.9730469461e-02 -1.8731487185e-01 -1.4783450987e-01 -9.6714479867e-02 -6.6637950967e-02 -3.8283265311e-03 -1.2208757751e-01 -1.2312783716e-02 9.3067372257e-02 9.1195390061e-02 1.6479626701e-01 2.2380181305e-03 5.1188488020e-02 7.7085421494e-02 -1.8421114107e-01 -2.8576469542e-01 1.6325543562e-01 -1.5674824900e-01 7.3383130334e-03
-1.2258846917e-01 1.2409112614e-01 -2.2174182668e-01 -1.6157678587e-01 1.3622935975e-01 -3.6137009851e-02 -1.9447062257e-01 1.3077876003e-01 -6.9620592479e-02 2.7288242050e-01 -1.6676130316e-01 -1.8168490286e-01 -4.8128414709e-01 2.1656757176e-02 1.9848487145e-02 -3.1932013577e-01 1.1102152680e-01 8.0633369566e-02 1.2731057885e-01 -1.5227213857e-01 9.7678929304e-02 -2.5749832956e-01 -1.1056921422e-01 -7.4484951120e-02 6.2554191593e-02 -2.1371780361e-01 -1.5252515224e-01 -2.9794144144e-01 -1.0573434129e-01 -2.2886425612e-01 4.4777455186e-01 -4.2213871741e-01
-1.4264487933e-01 -6.0656948212e-02 1.5522700594e-04 -1.8458808568e-01 -3.0541799116e-02 1.8413677409e-01 1.6524657614e-01 2.5267981643e-01 -1.0004836610e-01 2.0157303589e-01 -2.1279838121e-01 -3.6744478871e-02 1.6063751129e-01 -1.4507101270e-02 -4.0493997266e-03 7.4617236760e-02 1.2379045483e-01 9.3975188912e-02 7.0655488174e-02 -7.5548662638e-02 -8.9603949684e-03 2.0274353644e-01 1.4692769636e-01 3.4223055921e-01 8.8304106304e-02 -3.8254132572e-02 -3.5909738238e-02 -9.5589628641e-02 8.1587366713e-02 1.6430198336e-01 -1.8614744617e-01 6.6006230113e-03
1.3184886665e-01 1.0292691464e-01 1.2427284560e-01 -3.0398913900e-02 1.3004887444e-01 -2.0725961873e-02 2.3467500387e-01 -1.1939755396e-01 -1.6832436093e-01 -2.9222026705e-01 -2.1588480637e-01 -1.0400544862e-01 5.2548436010e-02 6.8140396985e-02 -2.6828516042e-02 -1.1986303833e-01 -2.6077270161e-02 -2.1807300334e-01 5.0082205246e-02 -2.5890719808e-01 1.0163486092e-01 -2.1433137563e-01 6.9599425893e-02 1.0910946104e-01 -1.2398056505e-01 -2.8798464643e-01 -2.1117332987e-01 2.7275070794e-01 1.9464031542e-01 3.3097753525e-01 3.7095742767e-01 3.9852419469e-01
2.9025278442e-01 -4.0132502720e-02 2.5596700428e-01 1.5223056774e-01 2.5227240212e-01 -1.4664924987e-02 3.0047300465e-01 -7.5698457257e-02 -3.3482965211e-01 2.3184170884e-01 -8.9621484515e-02 1.6203667190e-01 -1.3549866197e-02 -2.4148687131e-01 7.6171962806e-02 -1.2927519784e-01 -5.2230467686e-02 5.5541794199e-02 -7.0594479207e-02 8.1858285686e-02 8.4750558502e-03 -3.7750379905e-02 -9.2345486619e-02 1.1573854327e-02 2.4954039870e-01 6.9644159031e-02 2.2679344228e-01 4.5136315986e-02 -1.2400845579e-01 -3.4397732532e-01 -2.5854242512e-01 -4.1103205539e-03
-1.6798838242e-01 2.1745117413e-01 8.5241524903e-02 1.3995746803e-01 -4.5190512296e-02 1.4818238128e-01 2.6952857410e-01 2.2206504418e-01 1.5856539072e-01 4.8204229693e-02 -1.6921205962e-01 -1.9295154382e-02 -1.9862956718e-02 9.7722093480e-02 3.5942264351e-02 2.1180163510e-01 -2.9480674149e-01 2.9293056039e-01 1.2917563777e-01 1.8580569118e-01 1.4771321124e-02 3.9313724363e-02 1.2791641079e-01 -2.7011281271e-01 2.4533492570e-01 -1.3846733533e-02 1.3847831628e-01 -1.7291977766e-01 3.7531699512e-02 -6.6059086621e-02 1.3597427337e-01 -5.6649842787e-02
