7.6489734329e-01
-1.4154442531e+00
4.0465665762e-01
5.7367648149e-01
1.0759769098e+00
1.6988383965e-01
1.6172946098e+00
5.4221405001e-01
-2.0343511838e+00
7.7112648238e-01
-2.0617081493e+00
-5.7762971975e-02
-2.4456530434e-01
-3.1475770682e-01
-1.2648133772e+00
8.9110520945e-01
-7.6710389991e-01
-6.8524870432e-01
-9.6786767921e-01
-1.8700238110e+00
1.2594011565e-02
-6.5510588306e-01
1.0231810073e+00
5.5608723059e-01
-6.1588029137e-01
-3.5071599558e-01
-1.0001968323e+00
2.3120183218e+00
-1.5195455599e-01
8.5576165829e-01
-1.7022723444e+00
1.0063805209e+00
