3.8255400980e-02 -1.2824539994e-01 -2.7482228257e-01 -2.5349722102e-01 -1.6412033975e-01 -1.2104693064e-01 2.3061395210e-01 4.9522334240e-02 7.8031498243e-02 6.4198923312e-02 -8.4281753740e-02 -1.2120995367e-01 2.4708393487e-01 1.3367466509e-01 -1.9940471646e-01 4.6634584225e-03 1.7893387790e-01 3.0029682800e-01 5.2336259666e-02 -6.0127007863e-01 -4.3613219944e-02 2.3065000788e-01 2.8403358445e-02 -5.5092631336e-03 -1.5665543159e-01 3.7616042275e-01 -1.8581647605e-01 1.9764999513e-02 -2.2153094453e-01 3.4969435117e-02 3.7759443911e-02 -1.5478988856e-01
6.7422921535e-02 9.3314521733e-03 -1.4820958453e-01 -1.2766826387e-02 -8.9914799260e-02 -9.6470530639e-02 -2.0225261963e-01 1.0436992683e-01 -1.8564259159e-01 2.3553286861e-01 -2.8388830364e-02 1.3078873580e-01 -1.2213760386e-01 -2.1457725030e-01 1.4892170602e-02 1.8676115824e-01 -1.6844150314e-01 -2.6871449847e-02 -1.5130543838e-01 -1.4277007831e-01 3.3295761574e-01 -8.9148813489e-02 7.4514094624e-02 -6.1665024157e-02 -6.3244299418e-02 7.7105319438e-02 -2.9404115159e-01 3.2052613347e-01 -3.7655820984e-02 -9.3028127196e-02 3.9585908632e-01 7.3584193290e-02
1.2519347507e-01 -2.0290388930e-02 -2.8465623469e-01 2.5020939015e-02 1.1950584601e-01 1.7413146064e-02 -2.0312897929e-01 1.6758266265e-01 3.1320244007e-01 -1.0919685282e-01 -1.2115619308e-01 -5.0163716300e-02 -1.4520417430e-01 1.5298707123e-01 3.7825491211e-02 -3.2025846726e-01 1.2715329415e-01 2.0293744587e-01 9.6932233764e-02 -2.2472197992e-02 -1.4203700934e-01 5.2093021402e-02 7.5759380582e-02 1.4734373749e-02 -1.9043887608e-01 1.9193647613e-01 8.2192895640e-02 1.5199507359e-01 6.8974491655e-02 -6.6684367145e-02 -2.7657307498e-01 -1.8405238250e-01
4.0504960230e-02 4.4930636018e-01 2.0225213323e-01 9.7987563280e-02 -4.1510570143e-02 1.1850219769e-01 -2.7333519579e-01 4.8802710768e-01 1.9222950566e-02 2.0259392989e-01 3.2267990103e-01 1.8643028067e-01 1.1367382537e-01 1.5806987016e-01 2.2195334949e-01 7.2381574582e-02 2.1630687459e-01 -1.3864481122e-03 -3.5634978341e-03 6.5003215713e-02 1.9504479201e-03 8.7336809399e-03 -9.0426446071e-02 -3.0570332791e-02 1.8951236475e-01 7.6948584323e-02 -1.1017733966e-01 -2.1381946100e-01 -3.3701112665e-02 1.3299332298e-01 2.2300381157e-01 6.9370402639e-02
-2.1253586660e-01 -2.5062687864e-02 -1.0808446832e-01 -9.5915828060e-02 -5.3962985711e-02 3.5678490527e-01 -4.0846333082e-01 -8.8991798517e-03 1.2179212231e-01 -1.8467777927e-01 -2.1969494236e-01 1.0291404940e-02 7.4457030219e-02 -2.7568919540e-01 -2.8086895317e-01 7.0964645226e-02 -1.3739336039e-01 8.3043943915e-04 -2.2717713470e-01 -2.3067823435e-01 -1.3469733764e-02 -9.3455025953e-02 6.5082920208e-02 3.4704288660e-02 -3.8937254507e-02 1.3015839225e-01 -2.4370395461e-01 -1.0035395373e-01 -2.8281447827e-01 -4.4412825610e-02 4.5658271472e-01 -2.3058929257e-01
-1.0532073116e-01 -1.5306511469e-01 9.4399012581e-02 -5.2305267237e-03 -1.0458214921e-01 -2.8550342420e-01 -7.9322205284e-02 -1.1818841475e-01 6.7874258552e-02 1.4940266786e-01 -4.3702611266e-02 -1.9786990694e-01 -2.0648479199e-01 2.3947901881e-01 2.4398922875e-01 -6.0137817037e-02 -2.8706841847e-01 1.8079099104e-01 -1.9280247511e-01 -1.7356479884e-01 -3.4345467921e-02 -1.3861994804e-01 -1.4666774446e-02 9.6982942092e-02 -1.3147945219e-01 -1.7466026591e-01 -6.8985609922e-02 -2.2181602422e-01 -2.1419264309e-01 1.1737193311e-01 -3.8973559363e-01 7.0602349843e-02
-4.3346719710e-03 1.4924692809e-01 2.2609558694e-02 2.9270000499e-01 2.7960184563e-02 -3.2999294250e-01 4.7164245586e-02 3.7050297453e-02 -6.9466102176e-02 -2.2621922367e-01 2.8365546552e-01 -3.0214551901e-01 4.9864850922e-02 1.4427040981e-01 3.9398145927e-02 2.7678665363e-02 -1.6827193091e-01 -1.3146005759e-01 -3.1452164718e-01 -2.9838593907e-01 1.5034348064e-02 -1.9016016272e-01 8.2248054735e-02 -2.2134043067e-01 -3.2385268544e-01 6.3377777236e-02 -1.0776692693e-01 -1.6858067881e-01 9.6418473613e-02 3.7167680374e-02 -2.6114649775e-02 -3.1319082978e-01
-1.7004406610e-01 -5.6410532814e-02 1.9553926264e-01 -1.3025617067e-01 9.2263636413e-02 -1.1325350335e-01 -2.9924901100e-02 2.3831575293e-01 -3.2001448239e-01 -1.0139419282e-01 1.0375268463e-01 1.2360861318e-02 3.0442856945e-01 1.6869048932e-01 -4.1664948793e-02 -2.3349552947e-01 -2.6474524168e-01 1.3959054060e-01 1.2530628185e-01 -4.1384833644e-02 -6.9250238085e-02 2.1894174095e-01 -2.0118534651e-01 6.5830698600e-02 2.3195371900e-02 3.4057908480e-01 -7.7158088783e-02 1.0862000738e-01 1.3002412732e-01 -5.5201560639e-02 -2.0982958271e-01 3.6176312766e-02
5.3910399952e-02 -1.3896488803e-01 5.6309919933e-02 -1.6527592601e-01 4.1556667810e-02 1.2656731024e-02 -1.0764497124e-01 3.2877983879e-02 -2.6102214352e-01 2.9141340373e-01 1.5786689741e-01 -6.1942985722e-02 -1.8913290150e-01 3.6446735042e-01 -8.6457791513e-02 3.3386167710e-02 -6.4185515114e-02 -6.8970500145e-02 2.7015945722e-01 1.8877350017e-01 5.5727087607e-02 5.0238704267e-02 -3.5639931196e-01 3.7449969835e-02 1.2883259069e-01 -1.0499139524e-01 2.7663655576e-01 -6.5635068774e-02 -1.6634536315e-01 3.6756683815e-02 -2.2398165071e-02 -1.1547845336e-01
2.3338229380e-02 1.0069697562e-02 -8.8779774451e-02 1.8742369522e-01 -1.0960546497e-01 2.2011992167e-01 -2.5513503206e-01 -1.4152442423e-01 1.2537640910e-02 1.6397335066e-01 1.1475255743e-01 -1.8850204837e-02 -1.6014952578e-01 -2.1824084420e-02 6.7696346020e-03 1.1319012338e-01 -2.6502000643e-01 2.0413233889e-01 -1.6294542085e-01 6.2464601022e-02 7.9747173320e-02 9.7897723835e-02 -9.6006685017e-03 -1.6089735135e-01 -2.5229683269e-01 -9.3783455406e-02 2.2124271556e-01 -6.8003551960e-02 -9.6062289503e-04 2.4668488453e-01 1.2369454767e-01 -2.2407769958e-01
3.6289393577e-02 -8.5853204428e-02 1.0431794555e-02 8.3879742570e-02 7.2031336182e-02 1.5975761381e-01 -2.9786190918e-01 -2.4236393148e-02 7.4888306752e-02 6.3831132644e-02 -1.7465076417e-02 -9.4727784167e-02 7.6231570678e-02 6.6406476139e-02 -1.6919316617e-01 -1.5788458753e-02 -6.2089060837e-02 -6.9016005552e-02 -1.1490959564e-01 -1.6739231214e-01 -9.2450770489e-02 -8.6662862834e-02 -1.6984157984e-01 1.4234058938e-01 9.7335431840e-03 -1.4882428169e-01 -1.1460923863e-02 -2.7860689257e-01 1.7623000652e-01 -4.1463618943e-01 -9.6624003028e-02 -4.2597336595e-03
-8.2746515366e-03 9.6798699402e-02 -9.3979018841e-02 1.7931629682e-03 -1.0578801030e-01 1.3513894715e-01 -4.6105679322e-03 1.3041108022e-01 -2.2980410510e-01 -2.8981682451e-01 -8.8097670354e-02 6.3357761647e-02 -3.6225216086e-01 -4.7071264219e-02 -2.3112771475e-01 6.0873461602e-02 3.0649675460e-01 -1.9284988047e-02 -3.2780787137e-02 -7.7784761047e-02 1.3075735741e-01 -7.4248952104e-02 2.5062413020e-01 3.1439870528e-02 6.0449799919e-02 -1.6025518892e-01 -1.3492877875e-01 1.0653102053e-01 -2.9303722693e-01 -1.8162907799e-01 -3.0943206476e-01 2.4573781691e-01
2.3063644430e-01 -5.1546749071e-02 1.4060267403e-01 7.5583943579e-02 -2.0513997790e-02 -2.4879388407e-01 -9.4455925946e-02 2.6341316606e-01 -4.4465925349e-01 3.4881888752e-01 9.1371848493e-02 -9.2214583607e-02 1.9753363706e-01 -9.8278178396e-02 8.2460796062e-02 2.6347505609e-01 1.2313087537e-01 -9.1593960190e-02 1.7715290918e-01 2.2584840410e-01 4.9315883023e-02 1.2440098645e-01 -1.4668041725e-01 3.2683039052e-01 5.7814685125e-04 -1.3228802096e-01 3.6779143176e-01 2.6566319575e-02 -3.3731405716e-02 -2.3904452103e-01 -1.9921226604e-01 -9.9387018943e-02
1.5143415648e-01 9.3674872712e-02 1.2559393766e-02 -8.8367362267e-02 -2.3430712931e-01 2.4302057705e-01 1.4019712258e-01 -1.8048287471e-01 -6.4115937406e-02 -1.2100144971e-02 2.0322872971e-01 -2.6582852631e-01 1.7324739254e-01 9.9361171417e-02 -3.7703400329e-01 2.1123871336e-01 3.2967707167e-01 -1.3368509264e-01 2.9006610679e-02 -2.0965769364e-01 -2.4870345884e-01 2.0625907722e-01 6.0282649175e-02 -1.1320847440e-01 -1.3807270020e-01 -1.6638467626e-01 1.8014655895e-01 1.6697144525e-01 5.2857411402e-02 1.3734658953e-02 6.8098620229e-02 -1.5330869993e-01
-3.7887480754e-02 -1.3368397752e-01 -1.7848021754e-01 3.7782172494e-02 -1.4873600308e-01 4.7322967021e-02 -3.3813793231e-01 -1.1103518096e-01 2.2576462127e-01 -1.2696731266e-01 9.6174281291e-02 -4.7999235176e-02 1.1153396864e-01 1.0369635080e-01 1.1937796412e-01 2.5553348572e-01 3.3778734942e-02 1.6992155925e-01 -3.0127728860e-02 -1.9991205183e-01 3.8368968659e-01 -2.7777407724e-01 1.0621892438e-01 -8.9103992294e-02 -2.8876533136e-01 1.0103423271e-01 -3.4023232620e-01 -3.8648390817e-03 2.3020833856e-02 -2.0087169426e-01 1.3725709349e-02 -2.9884739098e-02
2.2628746756e-01 -2.5553359612e-01 2.3149672431e-02 -2.4030990831e-01 -9.8516422085e-02 -9.9889103522e-02 1.3044368853e-01 -1.0720742758e-01 -3.1025723659e-01 -1.4254980683e-01 1.6383142337e-01 1.9814996316e-01 -8.5521992141e-02 -6.0878251160e-02 1.6129289012e-01 -7.6215499733e-02 -1.9992074032e-01 3.2942144398e-02 -1.2440178069e-01 -1.1617739191e-03 -1.7290938577e-01 -2.3760699129e-01 1.3311751354e-01 -2.2455796012e-01 -3.7512391066e-02 -1.2876433157e-01 2.3063251201e-01 -3.5793397062e-01 -5.0442589756e-02 -1.0509157394e-01 1.4193469847e-01 -1.9345739201e-01
2.2795591896e-01 1.6991837746e-01 -1.4865682490e-01 8.4392015441e-02 -7.6887542152e-02 2.2939464973e-01 3.4063345240e-02 -2.6213837787e-03 1.5157889619e-01 -6.5846037697e-03 1.1513962465e-01 -6.2064216978e-02 1.7487182779e-02 -4.9147230618e-02 -2.5137827302e-01 4.3758207510e-01 1.3705203087e-01 4.8272825120e-01 9.0456564059e-02 -1.7936156592e-01 7.9879596135e-02 2.2413869322e-01 5.1756476126e-02 2.2153051143e-01 -2.0103226497e-01 9.9057624572e-02 -9.4439848949e-02 -1.5692443563e-01 7.7663942874e-02 -6.8584918732e-02 -4.8322295516e-02 1.7627336116e-01
-1.0034268957e-01 4.7034040741e-01 9.4786839977e-02 2.2882780881e-01 -1.0444363271e-01 -3.1055617681e-01 4.0788607566e-01 1.5468203710e-01 2.8685883085e-01 6.2510221774e-03 -2.1459541766e-01 1.9265193125e-01 2.2828653560e-01 -2.0782028230e-01 -1.3202120271e-01 2.3782197532e-01 8.7476813892e-02 -1.9127634064e-01 8.9650393025e-03 -1.8731706417e-01 6.1924587081e-02 -9.7349039024e-02 2.2210233893e-01 -1.0736649264e-01 -2.9419063190e-02 1.7297115642e-01 7.2458872472e-02 1.5622373618e-01 -1.2189873381e-02 7.0842065339e-02 1.2421334628e-01 -2.8684768042e-01
-1.3621540329e-01 1.7595461412e-01 -2.8572428476e-01 -3.1415343652e-02 -7.5970932154e-02 -1.2822076381e-01 -2.6754891394e-01 -2.3088185917e-01 1.5316749742e-01 1.8368720937e-01 -4.8871822595e-02 -1.4085539717e-01 4.9783925171e-02 -8.9395684820e-02 8.9684501634e-03 1.2454232663e-03 7.8596569051e-02 5.5744350690e-03 -6.6260867799e-02 -2.3879338014e-01 -7.9213113255e-02 1.8142928019e-01 -2.1663298485e-02 3.5433730473e-02 1.2411186453e-01 -6.6633886452e-02 5.0779886537e-02 -7.5356270029e-02 9.1478544703e-02 -3.6486556234e-01 -1.0596825000e-01 -5.1399981110e-02
-9.3542167653e-02 -9.5014969915e-02 -1.5635943344e-01 1.1497841326e-01 -2.6755708580e-01 2.4070711089e-02 3.9014303381e-03 -1.1026134128e-01 3.9566895263e-02 1.2127897448e-01 3.4727444269e-01 -2.3908075608e-01 -1.0518716422e-01 3.6841779545e-02 -1.7734687516e-01 4.9337077036e-02 -1.4592810302e-01 7.7015776749e-02 -1.0499083365e-01 -1.8973114228e-02 9.5441665647e-02 2.8834868619e-01 4.7852206679e-02 1.3960313186e-01 2.6385344815e-01 -8.7929945877e-02 2.0303312699e-02 -2.7724001103e-01 1.6479269279e-01 -1.6926550302e-01 1.1725110855e-01 1.6891527431e-03
1.1629561031e-01 -1.7401272711e-01 -3.2003868690e-01 7.6785770089e-02 2.5960349442e-01 -1.1698926615e-01 -7.1838307291e-02 8.4821600216e-02 -1.3032952651e-01 1.4580095315e-01 -3.2276737921e-01 -1.3656064805e-01 -3.1981828732e-01 1.2410059346e-01 -3.4715340414e-02 3.7992151826e-02 4.4139437907e-01 -3.2364215213e-02 -1.5202895329e-01 2.4776352423e-01 -2.2527883539e-02 -9.5195358571e-02 1.6436402301e-01 -4.4562056596e-03 -1.0885541435e-01 -1.9613253536e-01 -3.1014866029e-01 -9.0744867970e-02 2.4602976764e-01 -5.2116992786e-01 2.8003562281e-01 -2.3696238788e-02
3.8549980844e-01 1.3132734723e-02 5.8501306951e-02 1.4277654267e-01 -4.7417271779e-02 -1.5429083523e-01 -2.8459239503e-01 -9.6359607458e-02 3.2541532141e-02 3.9361173391e-01 -1.2300591377e-01 -2.5047697565e-01 1.0121795259e-01 1.1956833465e-02 -1.8566429246e-02 -6.1006396395e-02 9.6176925934e-02 -1.4767086505e-02 -3.0529257314e-02 -4.2436750674e-02 -4.0118506976e-02 1.1668097061e-01 -4.1459684658e-02 -2.9979164752e-01 -1.1614569259e-01 -2.5178339916e-01 5.1053462504e-02 1.1667322700e-01 -1.5219199898e-01 -3.6381586769e-01 7.2669684872e-02 -2.5553407565e-01
1.3972487546e-01 -2.2564453494e-01 -1.8526126077e-02 -5.4712771432e-02 -4.0036446317e-03 1.4296890547e-01 3.0617283220e-02 5.3616384355e-02 -1.7431918442e-02 -4.7106798585e-02 -2.8264007936e-01 -4.3087368537e-02 -4.6188677721e-03 3.0255374418e-01 8.4548348729e-02 3.5221192790e-01 -9.2228146984e-03 3.3894571988e-02 4.7198179403e-01 -1.6625080230e-01 -5.2656396486e-02 -1.4701503616e-01 -3.9216865677e-02 1.7090684393e-01 6.2422775719e-02 1.0033809433e-01 -7.2934892966e-02 9.3986990237e-02 3.3307453797e-01 -7.5992171663e-02 -6.7978043789e-02 -1.2587016046e-01
-8.3174642726e-02 -6.5966191755e-02 -7.4038142710e-02 -2.1940951499e-01 -1.1274791969e-01 2.6673263093e-01 8.7690003830e-02 2.2348854718e-01 4.1444990081e-02 2.5092303995e-01 -2.2103440372e-01 -2.9065040936e-01 2.4199326760e-01 4.7892700754e-02 -3.2394525306e-02 -4.2405472827e-01 3.5969760899e-01 -2.9932742853e-01 1.3699527767e-01 -4.2983437166e-01 1.9797805087e-01 1.0855820685e-01 1.1548590350e-01 -1.2161045346e-01 2.9328785850e-02 2.8868994616e-01 -7.4057654045e-02 -1.4872248062e-01 1.9264760613e-02 4.7634246734e-01 2.5079664362e-01 -2.3035545044e-01
-2.4470397124e-01 4.3039063092e-02 -2.5569151729e-01 -1.9917470717e-01 -1.4653958093e-01 -1.9210921358e-01 3.9110226719e-01 1.0002427756e-01 9.0616969777e-02 5.2660772505e-02 3.4219066275e-02 -1.4916640587e-01 -3.4952974812e-02 1.8592677429e-01 4.9402444457e-02 2.2597018339e-01 -2.6698039803e-01 -2.5382014709e-01 3.7445563027e-02 -2.4771108833e-01 -1.3606726022e-01 -1.9468392734e-01 2.8407833877e-02 1.4171269241e-01 2.8351740771e-02 1.0091139575e-01 1.2411015042e-01 5.7201176105e-02 1.3020029973e-01 -5.2201310219e-01 2.1468748439e-01 2.6099201111e-01
-2.7527051609e-01 -2.2239602717e-01 -4.1449662483e-01 -1.0218921328e-01 1.0068831692e-01 -9.0691527458e-02 -8.3793569442e-02 -5.4472743212e-02 2.4662406767e-02 6.4837087229e-02 -1.3506251245e-01 -1.9644104633e-01 1.2026478641e-02 1.3884768694e-01 -1.0758830845e-01 -4.0817645610e-01 -6.4007165748e-02 1.9681587624e-02 -9.7531549476e-02 -9.4877369843e-03 5.4669571107e-02 1.1376267122e-01 -3.7062884072e-01 1.8295234678e-01 -1.4414650315e-01 4.5861257781e-02 6.1413385141e-02 2.4274422294e-01 1.6940788735e-01 3.5235120131e-03 2.9815223199e-01 -2.6815655419e-01
3.2908732001e-01 4.9462962305e-02 1.3648739043e-01 -1.2424810820e-01 -1.3136041797e-01 -7.2920799196e-02 9.2246778971e-02 -8.2738476063e-02 5.7426534758e-02 -1.8989474041e-01 -4.8799032572e-02 1.9580588366e-01 2.6000495889e-01 -4.1540164810e-01 1.2341864602e-01 2.5334368207e-01 4.8959261886e-02 5.9811364884e-03 -1.7613233191e-01 -1.5023782000e-01 1.1210061357e-02 1.1393034026e-01 -7.5998713269e-02 2.1417663370e-01 3.4236061072e-01 2.4058304887e-01 -3.6834075933e-01 1.0779535081e-01 -5.6163239585e-02 1.3213508964e-01 -1.2175540444e-01 -2.8992271728e-01
-4.0086526887e-02 2.4312513409e-02 8.1126195578e-03 2.4547425641e-01 1.6060305799e-01 1.2896478665e-01 -6.9736693160e-03 -1.1068267097e-03 -4.0088242650e-02 1.1635220074e-01 -1.1452071620e-01 -8.1813562148e-03 3.6614852293e-03 -3.0550960056e-01 1.5698054875e-01 3.4286220622e-01 3.4150750713e-01 3.3261501698e-02 -6.5671617882e-02 1.7718123612e-01 -3.5876606695e-01 -1.8271362852e-01 4.5132564906e-02 -1.7104028207e-01 8.3890756535e-02 -2.7561498424e-01 1.4701197530e-01 8.8908199649e-02 -2.8280583742e-01 -4.9028788404e-03 -3.4060601323e-01 -3.8617549986e-02
-2.3901098110e-01 -9.8302005986e-05 -1.3458092569e-01 -2.4422824061e-01 -2.7494975870e-01 2.5702271395e-01 1.4329329988e-01 -8.1645931349e-03 2.6051920424e-01 -1.0833291491e-01 -1.8613483384e-01 -4.4827087646e-01 1.1040640395e-01 -7.0927655995e-02 3.7721905191e-02 -1.3087342893e-01 -1.7617722780e-02 -4.8673513223e-02 -1.9312404673e-01 1.0549452161e-01 -1.1000696572e-01 -4.0459967728e-01 -5.3027419816e-02 1.7703370864e-01 5.9631232981e-02 -1.5988878565e-02 -2.9307972783e-02 -1.6075355885e-01 -4.7111964317e-02 -1.8686940676e-01 1.5133977343e-01 -9.1259556093e-02
-1.4219074356e-01 -3.7611206370e-02 -1.1574034335e-01 2.7571816808e-01 4.5032238964e-02 -9.0127674490e-02 2.3255130061e-01 2.9706899599e-02 2.3022232399e-01 9.9414636814e-02 -1.1126789737e-01 9.4996967789e-02 6.8894139262e-02 2.9997173260e-02 -1.7820745306e-01 -2.7794544243e-01 2.1322428249e-01 6.9597619828e-03 5.7815606306e-02 -2.8591890464e-01 -9.1827341464e-02 5.8685004118e-02 2.2444438921e-01 -6.2926150254e-02 -8.6011624860e-02 -1.0829208684e-02 -1.0802896223e-01 -4.3458139623e-02 -2.1917359860e-01 -1.2059834278e-01 1.1370784319e-01 -3.6183699726e-02
1.1680653022e-01 -4.0006969775e-03 9.9391171461e-02 1.3409042355e-02 9.4003455417e-03 -2.0846925388e-02 -2.2811686951e-01 7.8653753359e-02 -6.5978959099e-02 -8.0491604841e-02 1.5776514127e-01 -6.6712110034e-02 1.4813906925e-01 -1.6546529265e-02 6.5228446417e-02 -1.0406321908e-01 3.2949942062e-01 2.7015040660e-01 1.2250740455e-01 -1.4426654790e-02 7.8758012385e-03 2.5556413932e-01 6.9806736962e-02 -7.2915498055e-02 -1.6628454529e-01 -3.4087514646e-01 -2.8179186889e-01 -3.2952294627e-01 3.6726659244e-04 1.6894254477e-01 -2.2693054933e-01 -2.3394580792e-02
-2.3654861480e-01 -8.1475085401e-02 -4.5366084450e-02 -9.8060696104e-02 -1.3684838434e-01 1.2360696714e-01 9.1043606853e-02 -6.8819758566e-02 5.1758180408e-02 2.0761180076e-01 9.3907800105e-03 -6.5211873613e-02 -2.3946999902e-01 -1.4632445617e-02 -5.1109175362e-03 2.5858685198e-01 1.6763471506e-01 2.1583447715e-02 2.6896210248e-02 4.7800839299e-02 1.4538112436e-02 -4.1233279270e-02 2.8483680757e-01 -4.3006426284e-02 8.1260220859e-02 6.1390481401e-02 1.0431022890e-02 1.2008747895e-01 3.2217480078e-01 -4.3081933340e-01 3.1063791025e-01 -2.1850196391e-02
