-2.7108920866e-01 8.0512469450e-02 2.8967467870e-02 6.2355917072e-02 -1.3855397426e-01 7.9999879655e-02 -1.9379040039e-02 -2.9268580762e-01 -2.2741362225e-01 8.4784876804e-02 1.7714079061e-01 4.0011859562e-02 8.3127497156e-02 5.4554264550e-02 -1.6498323199e-01 -2.7132952713e-01 -2.0041002140e-01 2.6003689578e-01 -3.5100018696e-01 9.3272391001e-02 1.7098015915e-01 3.0166359312e-01 1.4266146492e-01 -3.8568294467e-02
-5.3468282868e-02 3.6101710151e-02 -2.6708600193e-01 -1.7608151828e-01 -1.7106796947e-01 -3.8197047129e-02 3.2483790828e-01 -1.4382127179e-01 5.4780340356e-02 -1.3628790642e-01 6.7989996389e-01 2.0990600139e-01 1.7178467425e-01 3.1901917189e-01 8.6085854538e-02 1.4087778804e-01 -2.0752579184e-01 -2.7424845095e-01 8.7629854308e-02 2.5834293474e-02 -1.5611957274e-01 1.8217204260e-01 1.1178410116e-01 8.9021825100e-02
4.2749160291e-01 2.0399076930e-01 -3.4490688214e-01 1.7737125940e-01 -1.8654427318e-01 7.9541873703e-02 -9.5456411301e-02 1.9830411525e-02 4.6854117448e-02 5.6075018665e-02 -1.4252202528e-01 -6.4171775439e-02 1.2857591907e-01 -6.6050604499e-02 -9.8756173366e-02 -4.4939321909e-03 -5.8260121325e-03 -1.3390763833e-02 2.1952577848e-01 1.7434441893e-01 6.5149691727e-02 3.4316819320e-01 2.7055378940e-01 -3.2627562208e-01
1.4470396303e-02 1.9001646615e-01 -5.0638923421e-02 3.4597539875e-01 1.4204452390e-02 4.3664959501e-02 -2.1837581961e-02 4.3212436343e-02 -8.4079659121e-02 -1.2003145224e-01 -1.2752676492e-01 -5.0309039124e-02 -1.8377477834e-01 -1.3166693147e-01 -1.1835693878e-01 -1.4889902159e-01 -3.2836158017e-01 1.9971014011e-01 -2.7101727904e-01 2.0110349822e-01 2.7326614249e-01 -2.9811897874e-01 -1.7604108070e-01 1.8094691043e-01
4.5689736142e-01 -5.3637899807e-02 2.2265705870e-01 1.7217355494e-01 3.5155497391e-01 -4.6613055221e-02 2.3836275694e-01 -2.3935360026e-01 -1.5391317133e-01 -2.3471828705e-01 -3.2739943387e-01 -7.4684931756e-03 -1.3970079730e-01 -1.6032111543e-01 -8.2691991222e-02 -1.1274217564e-02 -1.2457625922e-01 -1.5930409880e-01 1.0393187989e-01 5.3993063770e-03 -1.0696972482e-02 -2.4201403084e-01 -5.8440713453e-02 2.6044988410e-01
-1.8380209039e-01 -2.2848402068e-01 -4.4970391891e-01 1.6356471551e-01 1.0389872074e-03 -2.1976198976e-01 -9.7529361412e-02 -1.2568617589e-02 -2.4784382039e-01 -7.7328881279e-02 -2.8361055616e-01 -2.6875383055e-01 2.9090216964e-02 3.6400685085e-02 9.8130296569e-02 -2.5622070192e-01 -1.5714387862e-01 8.1003700677e-04 -7.2130658071e-02 -8.8728928485e-02 -9.5163208932e-03 -1.0287148311e-01 -8.5150370536e-03 2.2087661016e-01
1.1994650012e-01 8.2984337319e-02 -5.9165719718e-01 2.8751739229e-01 -9.1347721368e-02 2.4067098468e-01 1.9321185977e-01 -3.9608846686e-02 -1.9693056977e-01 2.5075018836e-02 1.7264886600e-01 5.2797082823e-02 -4.5181910844e-01 4.6982183454e-01 -1.8413657891e-03 -1.4189785108e-01 1.4990928272e-01 4.2859154965e-01 1.6211132172e-01 2.7070457388e-01 -7.3058313399e-02 -2.0773275962e-01 -1.9124748062e-01 1.8905973259e-01
-2.0633900962e-01 -1.4910220505e-01 5.1688089995e-02 1.8019240938e-01 1.1469010670e-01 -2.6710826681e-01 -1.5047012345e-01 -1.8590251055e-02 -5.5443145031e-01 1.3531946069e-01 3.1588838471e-01 -9.8307640278e-02 -2.5931860802e-02 -5.6736047894e-02 -9.0029675383e-02 -2.8202190390e-01 3.0347554624e-02 2.5893007818e-01 2.2860320968e-02 -1.8412315573e-01 -3.0886423012e-01 -3.0656375278e-02 6.2868830844e-02 -1.0704066614e-01
-2.8851531351e-02 -1.9766441912e-02 1.7268196199e-01 4.5191030810e-01 -3.2203067120e-02 -3.6869569679e-01 2.1695607434e-03 -9.2487912171e-02 2.2546604141e-01 -9.2346252127e-03 -1.3299923833e-01 1.3069969666e-01 -6.4466566433e-02 6.6976155746e-02 -2.7600712239e-01 -1.3242170665e-01 2.0886112091e-01 9.2103688865e-03 -4.1019043193e-01 -2.2125565367e-01 8.2102664550e-02 -3.4410697074e-01 3.7085621806e-01 1.8772147261e-01
-2.3365728702e-01 4.3952751801e-02 1.4013369251e-01 9.4157963171e-02 -1.1283441931e-01 -4.1557336579e-01 -1.7791689567e-01 9.8186460359e-02 -2.2168807961e-01 4.8971919843e-02 -1.5134557539e-01 2.1793988228e-01 3.2196749088e-01 -3.1149920029e-01 -1.1253156047e-01 1.7152703656e-01 -7.6406604775e-02 3.2658372777e-02 -1.1901906910e-01 -4.7420197226e-02 -6.0027276676e-02 -4.5426632399e-01 7.5332189528e-02 1.5382200469e-01
-3.3717398217e-01 -5.0104505540e-02 3.3131121471e-01 6.6031780582e-03 -8.6350592093e-02 -7.5971227435e-02 -7.3319443779e-03 -2.6967684917e-01 -3.0056138087e-01 5.0960336666e-02 2.6147505408e-01 -1.7843960667e-01 7.8003043760e-02 -7.8921046615e-02 -1.1755099094e-01 3.7100353391e-01 -1.0246753158e-01 3.8167905791e-01 1.0493055401e-02 -9.7306668674e-02 1.7146693242e-02 -2.6275735709e-01 -5.4059283061e-03 5.9978803414e-01
-3.1789773429e-02 3.0119099504e-01 1.0687347050e-01 -4.5420965065e-02 -3.6351526209e-01 -1.6714130589e-01 -2.8067834145e-01 -6.3001943025e-02 1.2670378084e-01 1.0191738400e-01 -6.1916636232e-02 3.9878986740e-01 -3.7449507416e-01 -5.0069301904e-01 -2.0092749630e-01 1.4877676871e-01 -3.8283437365e-01 -1.0604925073e-01 2.4867287068e-01 -1.0511873363e-01 -1.1876855844e-02 2.3787508615e-01 2.5564751311e-01 -2.7853097886e-01
-1.6612745032e-01 8.4979892012e-02 3.7071224895e-01 -4.8033033552e-01 -4.2308631435e-02 -1.7342738071e-01 3.9924813638e-02 -7.3816377630e-02 -5.3318512640e-01 8.1016960763e-02 2.5546121037e-02 -1.7463374260e-01 1.4039772479e-01 -6.1110048182e-01 7.3817819082e-02 -3.4530775605e-01 2.2871039579e-01 -2.3239613388e-01 -3.5373719372e-01 -2.0055535922e-01 -9.2031164899e-02 -3.2728072269e-01 -6.7818635357e-02 5.5709626490e-01
2.5803697816e-01 2.9749196417e-01 -1.0691623143e-01 -3.0731853631e-02 -2.4107407942e-01 1.4772278394e-01 -3.2101571849e-02 9.4455587607e-02 1.1583218240e-02 -1.9323029059e-01 4.9186727229e-01 2.9249591868e-01 1.5630905579e-01 -5.0009633316e-02 -1.1936822220e-01 6.2371962845e-02 -1.2015131947e-01 3.4827149369e-01 -3.0410394187e-03 2.8995566036e-01 -1.0064537775e-01 2.2847762859e-02 9.2985192129e-02 3.0987543026e-01
-1.3553370602e-02 2.6948511388e-01 5.5461968102e-02 2.4748077414e-01 -2.7558628787e-01 2.2299299056e-01 -2.5212775903e-01 1.0086175735e-01 -4.6818070995e-01 4.0634286958e-01 2.2079220596e-01 3.3304449767e-01 -2.0971309818e-01 7.4835647472e-02 -2.4271688527e-01 1.4034040134e-02 1.8688809604e-01 -1.1883741898e-01 -9.1584149467e-02 2.8105714094e-01 4.8024269615e-01 -2.4883894603e-01 -2.6195293296e-01 -3.4129294216e-01
1.5228774606e-01 -1.4151407711e-01 -2.6490890477e-02 -1.8196345712e-01 -3.1046826511e-02 1.3006246922e-01 1.7327516201e-01 -3.4534761230e-02 4.3875615819e-01 -2.0328297378e-01 -4.1253904793e-02 2.3190413979e-03 9.7616518368e-02 2.0824734805e-01 -8.6452868794e-02 -2.1518195087e-01 -1.0316825028e-01 5.1533739560e-02 -5.7825923149e-02 -7.4210200860e-02 -6.3439424429e-02 -6.4453540204e-03 1.3700679804e-01 2.8203436677e-01
1.3046857927e-01 -1.0702396007e-01 -9.4236224278e-02 -3.2816257313e-01 -1.2679279822e-01 -3.1989603602e-01 -4.4243153274e-02 -1.4023498343e-01 1.7264944573e-01 2.5577925682e-01 -1.0272637801e-01 4.4553270284e-02 1.9191535671e-01 1.9317966950e-01 -1.7706538728e-01 -2.7421119882e-01 8.7949186533e-02 -1.4501152730e-01 3.0128363870e-01 -2.1435783853e-01 1.8105792624e-01 -8.7395425601e-02 -9.6712351262e-02 -1.9452403372e-01
-2.3138027546e-01 8.5374044799e-02 8.6836905605e-02 -3.3903836398e-01 4.5707048101e-02 -1.9552163240e-01 -1.1256310425e-01 -9.5816189003e-02 2.3747383680e-01 -1.3971986460e-01 -2.5868375997e-01 3.5138115495e-01 6.9078279429e-02 -2.2528426457e-01 -9.4390238418e-02 -7.6281191490e-02 9.8193875339e-02 -1.7878899351e-01 4.3728317057e-01 -2.9998737491e-01 1.6452762138e-01 -1.3297596029e-01 1.1907013332e-02 -4.0371740032e-02
1.2810334706e-03 4.3029069136e-01 -1.7499594082e-02 1.8443337349e-01 1.4440994956e-01 9.8867270538e-02 2.4393382279e-01 2.5974451219e-01 -1.4433683083e-01 -7.7091452502e-02 -5.2754799377e-01 1.8590454540e-01 4.0157892125e-01 2.7380244265e-01 3.5535259556e-02 -1.8963361516e-01 -3.6466968433e-01 -1.1492288188e-01 -2.1837732803e-01 -4.7355352946e-02 -3.5122931105e-01 -3.9159709885e-01 2.8616928507e-01 -1.2644474657e-01
-7.3293945674e-02 7.6808821837e-03 -1.8263182694e-02 1.0826861801e-01 9.6644380138e-02 -6.4874104564e-02 -2.5080657268e-02 6.1215810159e-02 -1.3256116331e-01 3.2102808775e-01 -3.1218031260e-01 1.2605161076e-01 -2.9038763435e-01 -3.4606564393e-01 1.1174366357e-01 -2.8127686545e-02 -3.5110809780e-01 2.0002190734e-01 1.2642020521e-01 -3.0526612285e-01 1.4909111760e-01 2.1017670022e-01 1.3004260650e-01 2.9948961233e-01
1.8593758163e-01 1.7323780493e-01 5.0000549485e-02 2.3129255526e-01 7.3683353440e-02 8.6883552979e-02 -1.4200222975e-01 3.2332452264e-01 -7.2619533415e-03 -2.5046198795e-01 1.2632027976e-01 1.3729759329e-01 -1.4051881751e-01 -1.7737804793e-01 -3.7061415699e-01 -2.3388119952e-02 -1.0955614761e-01 -2.3970931459e-01 4.2442789410e-01 3.6309883647e-03 2.8659662982e-01 -1.0372801951e-01 -2.7843292789e-01 -3.5193841903e-01
1.0656217603e-01 -1.3218730550e-01 -2.3511816425e-02 3.3910092793e-01 -4.9155367379e-02 -1.1026922321e-01 4.4791017267e-03 1.1883674439e-01 -4.9167165785e-01 -9.3193244645e-02 2.4191525515e-01 3.0153102364e-01 -3.0349780235e-02 -3.7029219650e-01 -1.2634939152e-01 -4.6252565656e-01 -1.0767750162e-02 -1.3846150468e-01 -1.1188513973e-01 3.3217383889e-02 3.8070821505e-01 1.7189040888e-01 -1.5963360255e-01 -1.3963763041e-01
4.4641960363e-02 1.0126758397e-02 -6.6346722476e-03 -3.3699044218e-01 -1.0523300522e-01 4.8592090182e-02 2.0870148849e-01 -6.3617030528e-02 1.6756523880e-01 -4.6488334122e-01 -6.1196151017e-01 2.0061618031e-01 4.3712107984e-02 -4.2947049650e-02 2.8207580718e-01 -1.2454171919e-01 -1.6527524987e-01 3.0072907994e-01 3.1996890970e-02 1.8812859785e-02 -5.1947215083e-01 1.3641110561e-01 -2.7500580873e-01 2.4343903071e-01
2.8202807614e-01 7.0388742572e-02 -9.6731911028e-02 6.1686563720e-04 -2.3870365948e-02 7.9061521001e-02 -2.2634331022e-01 -1.8735826658e-02 -2.0097118309e-01 1.1300092062e-01 -4.2421279093e-01 1.3853471436e-01 -7.3075079017e-02 2.8465049738e-02 8.4768776017e-02 -2.5255285966e-01 -2.8526591008e-01 2.9704214949e-01 -1.6469829245e-01 -5.5583799796e-02 4.6203047290e-02 -3.0468706225e-01 3.1212570543e-02 1.4354447404e-01
