-9.8694375012e-02
-2.3825311951e-01
8.8878519561e-01
1.6630200908e+00
1.4021371493e-02
-7.6590233797e-01
-4.1505155717e-01
-9.2023045511e-01
2.8853808957e-01
-5.2478850165e-01
-1.6266569726e-01
2.9714596288e-01
-1.1103913482e+00
-5.3508973750e-01
1.1960187481e+00
5.0642138171e-01
-6.0797112362e-01
7.6728977040e-01
-2.2910093895e+00
6.2736963462e-01
-4.6195283633e-01
1.6002169536e-01
-9.7694025909e-01
-3.8116238850e-01
1.3503626770e+00
-6.2996944985e-01
-2.8872853861e-02
-1.5110515393e+00
-2.0131032369e-01
-3.8013532985e-01
1.5568765468e-01
-1.7534738016e-01
