-9.7897508001e-01
1.6589236563e-01
6.9389316201e-01
-1.7339642393e+00
-7.5931263140e-01
-7.8263448977e-01
3.8441236931e-01
1.2472460469e-01
-2.8842549480e-01
-4.0935795287e-01
-1.0725312459e+00
3.6918908190e-01
3.6165840503e-01
-8.2791251140e-01
7.0530697987e-01
-2.9449319075e-01
-7.8443599331e-01
9.6605940572e-01
1.1917829428e+00
-1.0076173837e+00
2.2367728400e-01
-4.0670276221e-01
1.4449973386e+00
-8.3790253015e-01
4.1235998669e-01
3.0694486039e-01
-1.5323211641e+00
-5.3995405612e-01
6.5826246637e-02
-6.4690866330e-01
2.9563918018e+00
2.6332250583e-01
