2.4628973584e-01 -4.9722821736e-02 2.3775714968e-01 9.8066857730e-02 -2.3921466411e-01 -2.6453670433e-01 -7.5426485562e-03 -4.3231304342e-01 3.0302124855e-01 9.2006658955e-02 2.7907568505e-01 2.3556812757e-01 2.8253639870e-01 1.4465544825e-01 4.1229505353e-02 -5.1724249399e-02 3.5400795741e-01 -1.3051328103e-01 6.5596111306e-02 1.2996422945e-01 -2.1862212702e-01 1.1895011023e-01 -2.2267428974e-01 1.2850529547e-01
1.6580323338e-01 1.0891260600e-01 -2.2460327691e-01 3.8847105501e-01 3.9727528786e-01 -3.7653428558e-02 -2.6244360847e-01 -1.8861624255e-01 4.0538314402e-01 7.4337405967e-02 9.0921406510e-02 2.1237271942e-01 -7.2591000182e-02 -3.3675376655e-01 -2.5804237922e-01 -1.3783396207e-01 -3.1291478516e-01 -1.8131820448e-01 -1.2204800083e-01 2.2709703100e-01 2.3965915012e-01 -1.0429865806e-02 1.5789509855e-01 2.9828181136e-01
-4.0552196045e-02 3.0753874862e-01 -2.3233662338e-01 6.9054855908e-02 -1.1633477763e-01 -5.6534044083e-02 9.3521165001e-02 9.2435611675e-02 1.4094326430e-02 -2.6501815993e-03 -1.2950922130e-02 1.8251897537e-01 2.7650804597e-02 -1.3926014886e-01 1.4325785355e-01 7.2712751878e-02 9.0990709274e-02 8.6724576325e-02 2.5365245300e-01 2.1854736041e-01 -9.5045959645e-02 -4.4977684384e-01 -3.3430231230e-01 -8.7195189793e-02
-2.8168093801e-01 1.4015460388e-01 1.7818896871e-01 -1.6338045610e-01 3.8793235903e-01 -1.2832998852e-01 2.3022230072e-02 -1.5395273840e-01 -7.3786960662e-02 -1.1076309564e-01 6.8535068001e-02 5.3931943270e-02 5.7215556574e-02 -8.4044754350e-02 -4.9119593261e-02 -2.9506326223e-02 -1.7095669291e-01 2.9155128789e-02 -4.6208564094e-01 -1.1136803654e-02 -1.9201859331e-01 -1.6707484405e-01 9.9597169571e-03 2.3056831825e-03
3.2465770468e-02 7.5502791731e-02 -4.8311380532e-02 -5.0734004289e-02 4.3888508609e-01 -3.2515542197e-02 5.6184959056e-01 2.5395091063e-01 2.1831393232e-01 1.0284502701e-01 5.2380854248e-02 -1.9988224109e-02 1.1505221380e-01 -3.2688710332e-01 -1.9644858278e-01 -8.4724441383e-02 1.0374493643e-01 -1.1315227957e-01 -8.3315676574e-02 -2.9659456345e-01 -2.1544538866e-01 9.2639438754e-02 2.9939405615e-01 1.5387909712e-02
7.3008827230e-02 3.5627915244e-01 -1.4585828993e-01 3.5059570462e-02 -3.1220963415e-01 -5.5523459534e-02 -2.7681676937e-01 -1.0122114086e-01 2.2864890644e-01 -1.2139905227e-01 -6.7783624218e-02 1.3527982861e-01 -2.0312941182e-02 -1.1107015047e-01 -2.0911841376e-01 -7.3741090793e-02 2.6440598804e-01 -5.5927784912e-02 1.7567117119e-01 1.2485152370e-01 1.1880219525e-01 3.2650832773e-02 -4.0220286593e-01 -2.2147545887e-01
-1.2561262826e-01 -4.0434623683e-03 -3.9437342445e-01 -6.6713097470e-02 1.4066235682e-02 3.2178560492e-02 -1.1343228790e-01 7.8975162017e-02 -9.8979199445e-02 -4.9138586751e-01 -2.5122495554e-01 -2.9035054680e-01 4.1052824593e-02 -1.1846480612e-01 -7.0817280016e-02 -2.9189422071e-01 -2.0442925154e-01 -1.9588295246e-02 -2.6821597816e-01 -1.7970165728e-03 3.0658173821e-01 -7.4127136618e-02 2.1142217205e-01 -1.9664071283e-01
-3.5560754403e-01 3.7331867550e-01 1.1768985762e-01 1.5658074454e-02 6.1869681759e-02 -2.2888339476e-01 6.6852660074e-02 -3.5345177414e-01 2.6759897951e-01 8.0036888727e-02 4.3072347884e-02 6.8596083884e-02 3.5049909553e-02 1.9096265455e-01 1.8200365528e-01 9.8802735174e-02 -3.5267669610e-02 1.0303112808e-01 -2.9163868464e-01 5.8001372933e-01 -1.7378967761e-01 -5.4519261815e-02 6.2681697300e-02 4.6003007070e-03
-9.8024668904e-02 -2.0269717258e-01 -1.5643761199e-02 -4.1324802942e-01 -1.0431493135e-01 1.7999281739e-01 -1.1571938830e-01 -1.4351712022e-02 -1.7808616554e-01 2.5166977228e-01 -1.2658358000e-01 9.8992003730e-02 2.5619532358e-01 -7.2684354985e-02 1.8742401885e-02 1.4994211058e-01 -6.0404060451e-02 -3.6983523085e-01 4.6917614130e-02 6.7885791155e-02 4.5436015084e-02 -1.2015637771e-01 -4.7835196393e-01 1.7391452528e-01
-1.2330935817e-01 5.5829786665e-02 3.1612425176e-01 2.9246002669e-01 -1.5966148166e-01 -2.9603958964e-01 2.7986507103e-01 1.8442342743e-01 -1.9443580296e-01 3.5102591483e-01 -3.3501728118e-02 2.4897717510e-01 1.8702843513e-01 1.7513402948e-01 1.3066504679e-01 -1.9990166138e-01 -1.8704352463e-01 1.0780261005e-01 5.1738337618e-02 -1.2749658424e-01 -5.0601858994e-01 -9.2392206030e-02 1.8707121895e-01 -2.4276466545e-02
-5.0889568199e-03 2.2074161788e-01 4.4355011280e-01 -2.1181059967e-01 8.2597505430e-02 -2.0407480973e-02 1.4861984742e-01 9.8341624066e-02 9.7753452455e-03 2.1346648461e-01 -1.5500362259e-01 4.2144965381e-02 3.2600828471e-01 -2.7480801501e-01 1.2390428107e-01 1.6410662614e-01 5.6217416263e-02 -6.5603100123e-01 1.4158870924e-01 -2.1784011709e-02 2.3253503636e-01 -1.5380881032e-02 2.0339441813e-01 2.1506743224e-01
5.3267706396e-01 1.5010392855e-01 -2.0838577802e-02 6.0014267263e-02 -1.3201523150e-01 5.4605829790e-02 2.8820850824e-01 -8.5688266594e-02 -1.2820652115e-01 7.9885982392e-02 -1.8750905071e-01 -3.4568085341e-01 -1.6429037116e-01 -3.2498820185e-01 8.6704387051e-02 2.2672568705e-01 2.8905813968e-01 2.3256870370e-02 5.4690057583e-02 2.2291740664e-01 -1.6232304315e-01 -1.2470015832e-01 4.3968794390e-02 -1.6706297291e-01
1.5270499940e-02 2.3814017427e-01 6.6832476059e-02 -1.7376166076e-01 -5.2075260783e-02 8.7999567161e-02 -1.8188045363e-01 5.8770898931e-02 3.3663830933e-01 -1.8527064266e-02 7.0820759312e-02 5.1356975348e-02 -8.3994163445e-02 -2.8163653392e-01 -5.2918569322e-03 5.3449209429e-03 -1.9617206666e-01 2.2609806181e-01 -1.5361499805e-01 -2.0769456773e-02 2.8838596730e-01 4.1214251300e-01 8.2618750122e-02 2.2858876828e-01
1.7313510021e-01 2.2412803803e-01 7.3085313365e-02 3.1150075415e-01 8.6470083669e-03 -2.4675323343e-01 1.1216916495e-01 -4.7386394409e-03 1.8948915552e-01 -4.4668254722e-02 4.3003450992e-01 -2.3360598105e-02 1.8513562043e-01 -2.1306540435e-01 -1.2134287923e-01 -1.0784523331e-01 -2.3532956101e-01 1.7876242491e-01 2.1868070239e-02 -6.6615442817e-02 1.5361252836e-01 6.7151124664e-03 -3.8583153843e-01 -2.7682972439e-01
1.9174132108e-01 -3.6415482784e-01 -3.5897105947e-01 5.8287187279e-03 6.0844458616e-02 -5.0686355468e-02 -2.9556501694e-01 -4.0317825924e-01 -2.0209837261e-01 -1.5883568119e-01 -1.1540802466e-01 7.6231457953e-02 4.9326931325e-02 6.1187727883e-02 3.4983210442e-01 2.3720301784e-01 4.6540525533e-02 -1.7792042432e-01 -1.7152975794e-01 6.7791322180e-02 1.2130278735e-01 2.0169387921e-01 7.6038567602e-02 9.5559655434e-02
-2.8668292214e-01 4.9465444395e-02 -1.6472080667e-01 8.9857990809e-02 -5.7148047267e-02 4.1218283557e-02 -3.0029765395e-01 7.9696060941e-02 3.4965718804e-01 -1.4821991468e-01 2.7761050578e-01 -2.5551262793e-02 1.4251533499e-01 9.9532264219e-02 1.0020252078e-02 -2.1113252823e-02 -2.8941221116e-01 8.3540844102e-02 1.2438116423e-01 1.3740929132e-01 -1.3361121591e-02 -1.1319739427e-01 -2.9674201565e-01 -2.2893362320e-01
-2.6182966038e-01 -2.2540429632e-01 -8.9705429339e-04 -2.1288267715e-01 2.5881459967e-02 -1.3177354762e-01 -4.2936535441e-01 -1.0971204444e-01 1.9562940984e-01 -3.3435995702e-02 -2.9558420938e-01 2.8602986894e-01 -1.1742074748e-01 7.1011987890e-02 2.6754852223e-01 3.1614328386e-01 -4.2783836392e-01 -3.4920001913e-02 -1.6405326981e-01 8.2934405639e-02 1.5395784355e-01 -3.7146404737e-02 -1.4661344922e-02 2.4342131343e-01
-2.6192762280e-01 8.0692102532e-02 -1.0372926516e-01 6.4097223304e-02 4.9443814075e-03 8.0297825429e-02 2.8889988736e-02 4.8255022510e-02 -1.2538900339e-01 -2.0439602152e-01 1.3998573758e-01 1.0423690488e-01 9.1486324067e-02 3.7233590312e-01 3.3883360219e-01 6.9309997332e-02 -6.2471602010e-02 -4.4736435503e-01 2.2960423756e-02 -3.7278387411e-01 -4.2861921536e-02 4.4041292083e-02 -3.1280645181e-01 -8.5982478360e-02
-2.2651191238e-01 1.8126950651e-01 -1.4748590407e-01 2.2380362977e-02 1.9634695457e-01 -7.2489874152e-02 -9.5986736033e-02 -1.2835314929e-01 2.4604004347e-01 4.5072458315e-01 4.3695048032e-01 1.8600015699e-02 -1.8423017875e-01 1.0509020897e-01 -2.0714561118e-01 -4.6326935524e-01 -2.5652321670e-01 -1.7700452542e-01 -9.5917923133e-02 4.1676362509e-02 1.6597683777e-01 -1.2291990835e-01 1.2464709776e-01 5.4677280971e-01
-9.0852368822e-02 -2.3431020233e-01 -1.6359908759e-01 1.1714954239e-01 8.1133064116e-02 1.1250015064e-01 -1.5899652530e-01 -1.6057676276e-01 1.6314317096e-01 2.5894124738e-01 3.3973943020e-01 1.8434015534e-03 2.8225831537e-01 2.7387318803e-01 2.7576580030e-01 5.2485165201e-02 -1.7160812629e-01 2.1688517324e-01 -6.4306539788e-02 3.5079729267e-01 -1.1993167847e-01 -9.4213562241e-02 -3.3089085475e-01 -1.1576121764e-01
-1.2124342023e-01 4.5656723101e-02 -7.2794133287e-02 1.5659113618e-01 -3.5170797886e-01 8.9315815670e-03 3.4578378596e-01 -1.9069450831e-01 -5.6268531307e-02 -2.6203797183e-01 3.3795693364e-02 6.5234713964e-03 -4.2561040040e-01 -4.4827244136e-02 1.6841424020e-01 -2.2441110759e-01 -2.4707130307e-02 4.3962588658e-02 1.8059014496e-01 1.1150646422e-02 2.7899929719e-01 -5.6635879781e-01 -1.0736045743e-01 -2.5870987587e-01
-4.1087140214e-01 1.4811985400e-01 -3.0812570019e-01 -5.2277734809e-02 -1.5232498364e-01 -6.4322819338e-02 2.1256277287e-01 8.9038260573e-02 1.8852570492e-01 -2.0611557819e-01 2.0775848632e-01 8.5760433869e-02 4.4117426132e-02 -2.0650489593e-01 1.0201322617e-01 3.2002326370e-01 -2.6646789259e-01 3.2743452682e-01 2.3645085244e-01 -9.3018998175e-03 -9.6561496806e-03 2.8769768311e-01 -1.4944341314e-01 2.1925971108e-02
-5.0612981826e-02 2.0039371416e-01 -1.3683399834e-01 1.2714745752e-03 -2.3509970307e-01 1.7714813178e-01 -1.2400980851e-01 1.5800816328e-01 -2.5819720263e-01 -1.6251681363e-01 -5.0175830320e-03 -1.2869257488e-01 1.8384623122e-01 1.0681346264e-02 -8.8535375126e-02 1.9374627332e-01 -3.4353163617e-01 4.7367073310e-02 1.2361643342e-01 2.4559885810e-01 -4.1905422600e-02 8.0027291478e-02 3.0475319074e-02 -1.2938562577e-02
-1.0379036540e-01 4.0504310473e-01 1.3386298885e-01 3.8826675721e-02 1.8290476925e-01 2.8864532610e-01 -8.4236855733e-02 1.7473197444e-01 -2.6980101857e-01 -2.1936386194e-02 -4.0337763806e-02 -2.0586933788e-03 -1.9311786976e-01 2.4475894063e-01 7.3509104110e-02 2.4313830328e-01 1.7708950107e-03 -5.6273261901e-02 -3.9374218705e-02 4.6210605733e-02 2.3299369486e-01 2.1073550981e-03 9.5009136248e-02 1.6775814474e-01
