8.7245706855e-02 -2.0578560514e-02 -1.5045317454e-01 -1.6171279288e-01 -4.9950153683e-01 1.9745991637e-01 2.5967762362e-02 5.2634678371e-02 -1.9243506564e-01 4.5309788685e-01 4.8439054336e-01 1.7324711124e-01 3.1225946353e-01 -2.5350489488e-01 1.8932982306e-01 1.3484957904e-01
5.0262975244e-01 -5.6922519760e-01 1.2002770448e-01 -1.1564705397e-01 -3.7211712059e-01 1.3477052007e-01 1.2946034497e-01 3.1963896370e-02 1.4149214845e-01 4.7544923657e-01 4.0391338954e-02 5.6428549200e-02 5.2426168108e-01 1.2220005297e-01 -5.9284191521e-01 3.4760313078e-01
2.1377478955e-01 1.6399905988e-01 1.0052360124e-01 3.5720697891e-01 -1.7990789490e-01 6.9630477338e-02 2.0029368662e-01 -4.8733192618e-01 2.7470311841e-02 5.7769243127e-02 6.2797014097e-02 -5.8013698505e-01 2.1850084931e-01 3.6177809808e-01 1.6643831217e-02 6.7354844857e-03
-3.4026211210e-01 5.6945687593e-01 1.6948718539e-01 -3.8946216840e-01 2.1031748449e-01 -4.4592378433e-03 3.3901336273e-01 -5.8920491860e-01 5.2682126757e-01 -1.4367257652e-01 2.6979388596e-02 2.8983279320e-01 3.6420423945e-01 1.1311831087e-01 1.9964083384e-01 -8.5752440398e-02
-4.0468296174e-01 -1.1660233993e-01 2.8145366665e-02 4.9454400047e-01 -6.0007534421e-03 2.4171217751e-01 -2.4057847700e-01 -4.0458881135e-02 -2.9680104217e-02 -7.6560908037e-02 7.5642698106e-01 -3.9975224079e-01 4.2888255042e-02 -1.4698393061e-01 1.3300338038e-01 -2.8199451304e-01
3.7164142293e-01 4.6851849838e-01 -1.8699366936e-01 5.0512956925e-03 -2.1303772467e-01 3.5832343008e-03 -2.5055659178e-01 -2.7913573104e-02 1.1534068350e-01 -3.1663373892e-01 9.3153390632e-02 -4.9334142276e-01 8.6271822518e-02 -6.3783948735e-02 -5.8830781579e-02 1.6069377866e-01
3.2537937246e-01 7.1401975708e-02 2.7246270047e-01 -5.1013028904e-02 2.2767724019e-01 1.9070841201e-01 2.9045072196e-01 5.3103878885e-02 -3.9642348240e-02 1.7932724624e-01 2.9482232776e-01 4.5094691478e-03 -1.0398476682e-01 6.7814130922e-01 2.1065262404e-01 8.3803582423e-02
-7.1814961459e-02 -1.1043398199e-02 6.3033699628e-02 -1.0550340015e-01 -3.6604827918e-01 3.1102514450e-02 1.7939199893e-01 -3.4832369650e-01 -1.8953230177e-01 7.6169668803e-02 1.4292881366e-01 5.9086754671e-01 -4.6716854149e-01 2.1479647568e-01 -4.2944591669e-01 9.4244268834e-02
-3.1134606399e-01 3.0757617363e-01 8.3813742784e-02 6.1161078228e-02 -2.1843594661e-01 -6.5044644482e-02 -1.2871532408e-02 8.1404190114e-02 2.4272047457e-01 1.4831010338e-01 -7.0245637450e-01 2.0028839932e-01 3.4569458019e-01 -1.1867550337e-01 2.4721079463e-01 -6.1312937621e-02
1.2545362199e-01 -1.9092100915e-01 5.7134296726e-02 -5.8336446829e-02 -3.5092901081e-01 2.3504237400e-01 1.4590609604e-01 -6.4712317209e-03 -6.3785317998e-02 6.5855690227e-01 -5.3220512481e-01 -8.9063002004e-02 -3.7543262622e-04 -2.9872433896e-01 -9.0640583710e-02 2.9671584725e-01
-4.5996377532e-02 1.0251568241e-02 2.4501583127e-01 -3.5163586110e-01 -9.6825979326e-02 -8.8846893156e-02 8.6544742927e-02 5.0439030549e-02 -4.0734814443e-01 -3.0292017264e-02 2.0617836099e-02 -2.4205937945e-02 -3.3453709819e-01 -3.5533613992e-02 1.1174050190e-01 -5.5580691920e-02
2.2905705242e-02 3.4676950855e-01 -1.0953808057e-01 -7.0600340542e-02 -2.7944532056e-01 1.8872343007e-01 -4.2904055754e-02 2.0783597022e-01 1.7724117656e-02 1.4008849354e-02 5.3119878114e-02 -2.9033414989e-01 4.3211366415e-01 5.5722205332e-02 -2.4817685796e-01 -1.4046375691e-01
-5.0311673393e-01 2.9508558662e-02 2.7341172643e-01 -2.5583832367e-01 2.0436879923e-01 -1.6000132920e-01 4.7160948524e-02 -2.2306462923e-01 4.5953410140e-01 -1.9379929532e-01 2.8293011777e-01 4.7862215089e-01 1.7690420826e-01 9.8020166628e-02 -8.6691330525e-02 7.9514069986e-02
-1.6192525507e-02 6.8952690249e-02 -3.5080966998e-01 -1.5956190064e-01 7.2470612988e-02 3.8509223796e-01 -4.4120689257e-01 1.8707096670e-01 5.1164194581e-01 -1.8353725472e-01 -4.4623850148e-02 2.3561608772e-01 6.7856773370e-01 -5.9619201699e-02 -2.0743686490e-01 2.8251489462e-01
8.9276565767e-02 -2.3926944064e-01 -2.7624849847e-01 -7.6198767793e-02 7.5076015154e-02 4.2283223502e-01 1.6867529282e-01 1.7114799622e-02 3.8806867526e-01 -2.7889284129e-01 -4.6456686130e-02 3.4940185938e-01 -3.8694450447e-03 3.3500046802e-01 -1.4357524139e-01 -6.6605921433e-02
2.1505891955e-01 1.8769218113e-01 -8.3283718487e-01 -5.4716941044e-02 2.2876742726e-01 -1.5792730026e-01 -2.0007037012e-01 1.5308792451e-01 4.5982731858e-02 -3.4453089170e-02 -2.2110788552e-01 2.1393156062e-01 -1.0101468743e-01 -1.5062589027e-01 -8.1351543415e-02 -1.9920613613e-01
