5.0645985308e-02 6.7732613222e-02 1.0354509703e-01 2.0589631056e-01 1.3240853009e-01 4.7765840752e-02 8.9885492543e-02 -1.1790793180e-01 -1.2282971018e-02 7.8540149065e-02 -1.7907627393e-01 -4.6286226400e-01 -2.5168645790e-01 -9.5023926094e-02 -1.7897514610e-01 -3.6243074463e-02 4.8075564851e-01 2.8809780238e-02 1.1169702471e-01 2.6345015845e-02 6.7819486792e-02 -2.3191204316e-01 8.8755721487e-02 1.0933511827e-01
-1.9127816332e-01 1.8572311358e-01 -3.9441016145e-01 1.9607521789e-01 2.4107034804e-01 8.2315676971e-02 -3.0949307233e-01 4.7665034355e-02 1.4431399007e-01 6.6588710401e-02 -1.1068756946e-01 4.5255959358e-02 2.1364486739e-01 1.7724152901e-01 3.7383724517e-02 -1.0606227984e-01 9.8545206051e-02 1.6904803201e-02 -2.1321371974e-01 -4.0372515257e-01 2.9579376716e-02 3.8871686733e-03 1.5727213910e-01 -5.1141487232e-01
-2.7964129245e-01 -2.2560198706e-01 1.0088139646e-01 4.1844209559e-01 4.2983427425e-01 -1.6799151925e-01 -1.7294717792e-02 4.8711593209e-01 6.8092813159e-02 -3.0840054886e-01 3.6029266152e-01 3.2623282101e-01 -3.0757272993e-01 2.4577104763e-02 -5.2215496744e-02 -2.4941627142e-01 -1.7766580240e-01 1.4711759114e-01 -5.6422254037e-02 -2.1850390421e-03 -3.4333753731e-02 6.0602483368e-02 4.2723838075e-01 -3.4900108057e-02
-3.3945170581e-01 -3.8673951825e-02 3.3606869501e-02 -3.1427730999e-01 4.0663350997e-04 -3.6536855483e-01 -2.8775866672e-02 -1.7004283446e-01 1.8921945340e-01 -3.1592812221e-02 -1.5893887011e-01 1.0639160615e-01 3.0766411263e-01 1.8522747530e-01 -2.7319889183e-01 6.6473614047e-02 1.5276721693e-01 -1.2287663877e-01 -1.6595734691e-01 -7.4472675686e-02 -1.2590082572e-01 9.3062262994e-02 7.5510219531e-02 3.2401131078e-02
2.1927916797e-01 2.1466905537e-01 -1.5816770270e-01 7.9004271930e-02 2.9360697970e-01 -3.2520283969e-01 -3.7581062817e-01 -1.1365603715e-02 1.7507590286e-01 -7.7223578482e-02 -9.3798627877e-02 -1.8885255894e-02 -5.4083624660e-02 -2.5855096251e-01 2.0445182655e-01 -3.4920629986e-01 8.9382967923e-03 1.8077650411e-01 -3.8227073776e-01 1.0675757177e-01 5.1337617537e-02 -2.3539699037e-01 1.5635409298e-01 3.4376937086e-01
1.8304883050e-02 -4.1035687447e-02 1.1120591042e-01 2.8044631810e-02 2.5048920267e-01 1.7019668795e-01 -1.8584735186e-01 1.8372399183e-01 1.9920645519e-01 -1.1758624418e-01 -4.3888871990e-02 -2.7163581615e-01 -4.2416040548e-02 3.9469427834e-01 2.0875886240e-01 -3.6696860035e-02 3.0920303387e-01 3.0534853003e-02 -1.7060536309e-01 2.1937383631e-01 -7.7521904983e-02 -3.9909276974e-02 -1.4000563232e-01 2.3745395226e-01
-1.9791136841e-01 -1.7083470454e-01 -3.8008334122e-01 1.3305636808e-01 -2.9952907783e-01 -1.6587929553e-02 -2.4155315781e-01 1.4162117563e-02 3.7626268088e-02 1.0432405497e-01 -3.3465262934e-01 1.9725394603e-01 2.6494793027e-01 3.2561830223e-01 -2.1166400464e-01 -1.0475969630e-01 -1.1057792774e-02 5.2190267837e-01 -4.2599957595e-01 -2.5907544901e-01 2.5657427924e-01 1.6895801051e-01 -4.5498711062e-02 -1.2800295062e-01
3.5136586643e-01 -5.8198163305e-02 1.4419867944e-01 2.3908556986e-01 2.1226308381e-01 -9.4745424943e-03 -1.1901079475e-01 -1.5578251123e-01 4.3650928559e-01 -3.0704391942e-01 -6.2261854877e-03 1.3052727009e-01 3.3055579382e-01 -1.0831460286e-01 4.8777469921e-02 -3.4107386149e-02 -2.3096981755e-01 1.3589464339e-01 3.8929604590e-01 1.4842400054e-01 3.7510540772e-01 -1.3377036588e-01 1.2625858929e-01 -2.0400923915e-01
8.6346764567e-02 2.9216110550e-01 -2.8496715471e-01 -1.7358769372e-01 -3.5692682964e-01 2.1471653700e-01 1.7062044087e-01 -1.4999792622e-01 -5.6179758609e-02 -1.1419359315e-01 7.1061400526e-02 3.9272142792e-03 3.9741620988e-01 -5.5316644880e-02 6.4085523589e-02 -1.0124421745e-01 2.9670504079e-01 -5.2090322398e-02 3.0854596143e-01 -1.1233022535e-01 -1.1797006467e-01 3.2435209937e-02 1.2657186997e-01 1.1367720834e-02
-6.0783570496e-02 4.7577805360e-02 1.0807289282e-02 2.1055750956e-01 -3.6419176192e-01 -2.8366049701e-01 1.6320663600e-01 1.3724871603e-01 4.5049487407e-01 1.6622289578e-01 -1.2414427028e-01 -3.5472781680e-02 -2.4387601080e-02 -1.5772601042e-01 7.6420011335e-02 -9.4544503209e-02 -3.1755837094e-01 -5.0006489647e-01 -1.1845280920e-02 -2.5464408269e-01 1.8051596291e-01 2.8898304659e-04 6.4202474764e-02 -2.1534096536e-01
-1.6307563130e-01 4.1219851222e-02 9.7455127442e-02 -3.7463821834e-01 9.1358028817e-02 -2.6995331354e-01 -2.7470156878e-01 -1.4885212925e-01 1.3191497072e-01 -8.7127232525e-02 1.8325984843e-01 2.8952833216e-02 4.8667546575e-02 2.1987934809e-01 3.6925448526e-02 6.9853131118e-02 1.2508524835e-01 -3.2568301071e-02 -9.2796164298e-02 -8.9272087716e-02 -2.4885593511e-01 1.6312260954e-01 2.9589465372e-02 9.5390229888e-03
2.7366976800e-01 -1.4332843022e-01 1.2493614832e-01 -7.7329537400e-02 -9.1100415480e-03 -2.9756167240e-01 -1.9108708715e-01 3.0257391697e-01 -1.5007202722e-01 -2.6209023211e-01 3.9194058233e-01 7.2408313401e-02 -1.0411761635e-02 2.2864242126e-01 -1.1948771238e-01 -3.0902506534e-02 4.0764733854e-02 -3.3370240081e-01 2.6699811601e-02 1.4126807647e-01 -1.9027360799e-01 -3.5291931852e-01 1.4680251743e-01 2.1828512422e-01
2.6500584794e-02 4.3952798954e-02 -4.8718735063e-01 1.2827464494e-01 -2.6709570602e-02 1.7588342698e-01 -8.4734589926e-02 1.3197319302e-01 -1.0396780250e-01 2.9917152552e-01 -8.8171986975e-03 -2.0493324420e-01 -3.3878172034e-01 -1.5708772378e-01 -7.4387519830e-02 3.7911670020e-01 -2.2690668589e-01 3.6117207423e-01 -1.5060357569e-01 2.2960205784e-01 -8.6179818499e-02 8.7532954220e-02 -3.4085420028e-01 -1.7581185540e-01
1.6918409701e-01 -1.6418781755e-01 4.4725809720e-02 -2.6248183112e-02 1.9086440841e-01 3.9466115135e-03 2.7512540107e-02 7.6206595284e-02 3.0924636323e-01 1.2761566881e-01 -2.9933752907e-01 -1.6462115226e-01 3.5517578923e-01 1.9268781440e-01 -4.8509309340e-01 -1.1555689327e-01 2.1872903151e-01 3.0554372340e-01 1.2306631529e-01 4.4230176956e-02 -3.9565157049e-02 4.5870742481e-01 3.9650083893e-01 -2.1681213442e-01
-2.6058483090e-01 -6.0913824935e-02 3.3520822710e-01 -3.3399032210e-02 -9.4173990624e-02 9.3943870472e-02 2.9939254442e-02 1.9528322834e-02 -3.4262697604e-02 -1.1187418049e-01 2.4597516713e-01 -5.6350728284e-02 -1.8307574809e-01 -5.4640778998e-03 5.9148879047e-02 1.6726390485e-01 4.6638332708e-03 -2.8437404416e-01 1.8488240205e-01 1.8156023101e-01 -8.4343173761e-02 -1.0300521302e-01 9.1036950183e-02 -9.3023661751e-02
-1.1902784080e-01 4.7035397509e-02 1.4483603617e-01 4.2735453268e-01 -2.9136794040e-01 7.2380031074e-02 1.9312756068e-02 -1.6141989811e-01 -1.1062875249e-01 -3.2628592632e-01 -4.3030758778e-01 -9.8431494777e-02 1.0209968604e-01 1.3755645602e-01 -6.2641285376e-02 -9.0349950292e-02 -2.1225778895e-01 -4.7432144725e-01 8.2640573548e-03 3.1551477038e-01 -1.0767063302e-01 2.0015375059e-01 9.7205767390e-03 4.2192735765e-01
1.4942350355e-01 -4.1141387394e-01 -2.9794998147e-02 -2.8464846758e-01 1.6002420982e-02 1.2058459744e-01 2.0790010832e-01 -1.8085942213e-01 2.6418670703e-01 2.5995642239e-01 1.1775155378e-01 1.3009286298e-01 1.7005567233e-01 -3.7391090034e-01 -2.4538051799e-01 3.4341442862e-02 -4.0390744897e-02 5.9421124723e-01 -6.8854926773e-02 -1.4724921763e-01 8.8536882899e-02 4.9002443305e-03 -1.0468017399e-01 3.0325850731e-03
3.4760229536e-01 -1.1506866171e-01 2.5893730655e-01 5.8980384035e-01 -1.6474930648e-01 -1.9645864161e-01 -1.7828465687e-01 -3.4803523531e-01 -1.9670018772e-01 -6.8446182773e-02 1.4614311023e-01 2.5527048278e-02 3.8268145863e-02 -4.3067405460e-03 1.3237157623e-01 4.0834593263e-01 6.5189817546e-02 1.5378259443e-02 -3.9211985043e-01 1.2437051613e-01 1.1164075196e-01 -9.1788318339e-02 1.1442738966e-01 -7.4190279879e-02
1.0759427897e-01 2.4659842788e-01 4.7719623883e-01 3.8573809516e-01 5.4915936162e-01 4.5452337823e-01 1.3632828436e-01 -1.8564313959e-01 1.3502880674e-01 -7.0911448163e-03 9.0504232122e-02 1.5452285462e-01 -2.0879403423e-01 -1.0425414095e-02 -1.2273715562e-01 3.2668628971e-01 -1.7100208811e-01 -3.2678354515e-02 -9.1641790231e-02 4.3085393459e-02 -2.2926082727e-01 3.7625663465e-03 -5.4645551642e-02 -1.1268776741e-01
1.7842068359e-01 -1.5862854927e-01 -1.4901497040e-01 1.4101503121e-03 1.4008053404e-01 -5.8240205356e-02 -2.4862204324e-01 6.2173382327e-02 -2.8098806856e-01 -1.6972800007e-02 5.7315123594e-02 9.4017519995e-03 8.5394418857e-02 -1.7289779050e-01 -1.2788430304e-01 1.5004629472e-01 -2.4474245060e-01 -1.0461260498e-02 1.3527194974e-01 -9.9260613685e-02 -3.1178583914e-01 -4.6966383021e-02 1.4310011805e-01 6.8199114561e-02
-1.7490724322e-01 2.4254061055e-01 3.9502840497e-01 -1.9468739114e-01 -2.8790082489e-01 -2.9992363802e-02 -2.5039473196e-01 -2.2806174474e-02 4.5471827068e-02 -6.5848234588e-02 -3.8308307810e-02 2.4856726545e-01 -3.2870709982e-01 2.8648215862e-01 2.8917107469e-02 -2.2476512882e-01 5.3839933514e-02 7.4062728292e-02 1.2438324415e-02 -1.1791124523e-01 2.1910453582e-01 1.9954349523e-01 1.9340186731e-01 -1.3894940919e-01
-4.9763936796e-02 2.0613923662e-01 7.3256736966e-02 -2.7077892327e-02 -2.4426676769e-01 1.7630562195e-01 -2.4341801806e-01 2.0116645781e-02 -3.1361008790e-01 -9.2728992963e-02 8.9628407481e-02 -4.6358036792e-02 8.1888994524e-02 4.8413940377e-02 2.9907235435e-01 4.2074633306e-02 3.3573826854e-01 7.5063263618e-02 3.2890332537e-02 5.6136518614e-01 1.0345522682e-01 1.9238933894e-01 -1.1541892813e-01 -2.2807861698e-01
-8.1363766256e-02 1.0636750174e-01 -2.9802848565e-01 -1.2003199292e-01 -2.5630355075e-01 2.6896812658e-02 6.6374753227e-02 -3.4577388675e-02 2.8431549285e-02 -1.1952128968e-01 -1.0578501860e-02 -1.5056258470e-01 -2.9895140385e-01 2.7051621654e-01 2.2070366745e-01 -2.0237200732e-02 1.1864145633e-01 4.7998575295e-01 -1.7988269320e-02 -1.0140346899e-01 5.6394384203e-02 -2.5679641687e-02 7.4222764824e-02 -3.7716130240e-02
2.0375195955e-01 -6.6797114998e-02 -2.6408826945e-01 6.9346719810e-02 -1.7953092431e-02 -2.0237888026e-01 -1.3627289664e-01 -4.0697900241e-02 5.7616105744e-02 -1.9196288710e-01 8.0446249209e-02 -5.1195343809e-02 1.0776349573e-02 -3.0849472775e-01 3.0134558797e-01 8.2444576798e-02 -1.1722547830e-01 1.0924978549e-01 2.4379465017e-01 1.6241472106e-01 3.6840283675e-01 -9.6483839460e-02 1.4776283968e-01 1.0332352260e-01
