3.6288019055e-01 1.7049038448e-01 -7.1001747113e-02 8.6385562108e-02 4.2499723260e-01 1.9471460513e-01 5.2636842710e-02 -1.5488211945e-01 1.4233895690e-01 1.3781986292e-01 -2.8279738044e-02 -1.4639617154e-01 -2.4138081142e-01 3.9745811390e-02 5.0658224814e-02 6.2713911909e-02 1.4519120058e-01 1.3146723344e-01 -1.1385081154e-01 -1.7242855660e-01 -3.8652712325e-01 1.2619864328e-01 2.2453513517e-02 -8.0855009461e-02 -1.9337791533e-01 1.5875122009e-02 -6.5458848306e-02 1.6962648627e-01 -4.0463902270e-03 8.7756767098e-02 -8.4118513336e-02 -5.2706601528e-02
-8.3564271013e-02 -1.1157193153e-01 -2.4386240759e-02 5.8667140972e-03 1.9110856438e-01 3.9066537643e-02 1.6657147117e-01 1.4325318299e-01 2.3863215936e-03 1.5567224803e-01 -3.0415454304e-03 1.3767767178e-01 -3.3774349773e-02 9.7231905082e-02 -4.2422608353e-02 4.2016690753e-02 -1.7801974143e-02 -1.1310572917e-01 9.9700628577e-02 1.2061869055e-01 1.8285282995e-02 -1.9173861290e-02 -1.5785861389e-01 -1.7786728250e-01 -1.0354346055e-01 7.1455663799e-02 -8.3897397413e-02 -6.0671114133e-02 8.4969138803e-03 1.2304416467e-02 -2.6076036366e-02 -1.3374479137e-01
-5.7680454649e-02 4.7291849332e-02 1.1694598435e-02 -9.4063096699e-02 -5.4761752334e-02 -9.3296741526e-03 -2.0358519570e-01 -1.9962521842e-01 4.9224319511e-02 2.8438213607e-01 -1.4709784445e-01 8.9383653838e-02 -1.3219974803e-02 -7.1459220471e-02 -2.0811539055e-01 -1.0317492770e-02 1.2649275829e-01 1.0496502115e-01 4.1979059370e-01 2.6355491690e-01 5.6754095129e-02 -4.2298859524e-03 -4.8001416818e-03 -1.0315486373e-01 3.2899758662e-01 -7.4583015585e-02 -7.4599624935e-02 1.2511846503e-01 -2.1071983976e-02 3.5170726704e-01 -2.3992825327e-02 1.1014673247e-01
-3.1810684269e-02 6.2090929418e-02 1.6943046125e-01 -2.6806898633e-01 1.3684004831e-01 -2.0310682946e-01 -2.7014775631e-01 1.8679053545e-01 3.1284994550e-01 -6.6114286211e-02 -3.4050316456e-03 5.9882586953e-02 -2.5075641735e-01 -1.1335506188e-01 -1.8700076675e-01 9.9699292484e-02 -1.7047282306e-02 -2.2110309870e-02 -7.6401681263e-02 3.1815900680e-02 1.6350136036e-01 1.7349338808e-01 9.7393617935e-02 -7.3566298909e-02 1.6193213112e-01 1.7257159369e-03 -2.6092640664e-02 -2.0457047234e-01 1.1289714048e-01 -3.4197259983e-02 -6.5842732258e-03 -2.9402611786e-02
1.2566711710e-02 -1.8422221992e-01 -2.3208792427e-01 2.6298944839e-01 -2.1683840864e-01 -1.8925628681e-01 -1.4912920943e-01 -5.5272275877e-03 -8.4122101577e-02 8.3872520071e-03 4.7687014691e-02 -1.7757590478e-01 -3.1107196411e-01 -5.8677162700e-02 -3.2536580485e-01 -1.6117641456e-01 6.5496841111e-02 -2.5053268569e-01 2.8049843203e-01 1.7726844220e-01 5.6270762894e-02 1.0444682130e-01 2.0446183910e-01 6.8078587286e-02 4.3422042674e-02 4.2748716626e-01 -6.9807139640e-02 3.1413397895e-01 2.1484539792e-02 1.6847894541e-02 -1.1450594371e-01 3.3504733951e-02
-1.2240352532e-01 1.4747001653e-01 -4.7068788472e-02 -4.2309274915e-02 2.9493269423e-01 7.2734090890e-02 1.8593545901e-01 1.0239292293e-01 -1.0537700314e-01 1.1034865110e-01 1.9059925862e-01 4.6905265636e-02 8.3407020438e-02 -8.9415930816e-02 3.1204584436e-01 -8.5396478429e-02 1.1359033736e-01 3.8673127678e-01 -7.2380005336e-02 -1.1897314166e-01 -1.7453815879e-02 -7.7793913752e-02 6.6517285401e-02 -2.1051272855e-02 2.1770554962e-01 -3.9450548971e-02 1.2184751204e-01 -2.1659500801e-01 5.9174897425e-02 9.2023062648e-03 1.9431049158e-01 -7.8443971070e-03
2.6133311541e-01 3.5095060314e-01 1.8458490717e-01 2.0148579197e-01 5.2986846158e-02 -1.5764296986e-01 -9.3963147750e-02 -5.8384351976e-03 2.2248598442e-01 -1.1723330635e-01 -1.6052141936e-01 1.1840225632e-01 -3.1467955423e-01 8.7009331486e-02 -5.1496612703e-02 3.1499212491e-01 -2.7050859419e-02 3.7394931650e-01 -1.2981143712e-01 2.4032613138e-01 -3.1976967749e-01 -4.0614214609e-01 1.9427648089e-01 3.6944410886e-02 1.6051728013e-01 9.1078072801e-02 -1.9316116252e-01 1.0458945747e-01 1.5641359942e-01 -4.4965277667e-02 -1.2000255200e-01 1.8366026457e-01
2.8622807066e-01 1.6508261443e-01 3.8897829720e-02 2.8389808255e-01 2.1322725529e-02 -1.3832212529e-01 -8.5064851983e-02 -5.9758528137e-02 -1.4461992723e-01 -8.1975576574e-02 2.9721986099e-01 3.0535571672e-01 8.2754980853e-02 1.3546868418e-01 -4.1924233105e-02 7.4615040215e-02 -6.4277402141e-02 1.0477268314e-01 1.3576032858e-01 -5.3894392618e-02 -5.1139040921e-02 -2.0692656979e-02 -2.8033996164e-01 -3.6219619230e-02 -3.0031303766e-01 2.4784556077e-01 -3.7641961785e-01 1.8450658896e-01 2.3952932214e-01 -4.4341850568e-02 -1.0615654378e-01 2.2524105448e-01
-1.6149094970e-01 1.2097277839e-01 1.7653604186e-01 -8.4398019397e-02 -2.0244124811e-02 3.5832086643e-01 2.5575128816e-01 4.0464962441e-01 -6.5111943815e-02 -6.2370815764e-02 1.1995468128e-02 -2.1906795705e-01 4.2963255462e-01 -1.9433734891e-02 4.7528896466e-02 -1.8522684805e-01 -1.0706947615e-01 -2.2402871453e-01 3.0022800821e-02 -1.9853693601e-03 -2.2950421614e-01 -7.5446928599e-03 -4.3504256324e-01 -1.6147648512e-01 -2.8754293088e-01 -7.4502963926e-03 -4.1527483722e-02 -3.5677087635e-01 2.9262998545e-01 -4.8526930872e-03 2.0961035941e-01 -2.5551852993e-01
-1.5002471228e-01 -3.1635910328e-02 2.9412532098e-01 -1.8249858077e-01 2.0201784631e-02 -6.2525315199e-02 8.5038719837e-02 5.4423997717e-02 2.5289214443e-02 1.7757466721e-01 -1.6462555567e-01 3.1858591301e-01 -1.1433384211e-01 1.5072374562e-01 -1.6394717417e-01 2.3094336352e-01 2.6266497999e-01 1.0948040727e-01 -1.6258529997e-01 -8.5645645889e-02 2.2220260633e-01 9.0297701502e-02 -1.2987006646e-01 8.2817772311e-02 4.7634420482e-02 -4.9367776709e-02 3.0707936491e-01 -2.4745624965e-01 1.1567612717e-01 1.3677263340e-01 -1.1280569084e-01 -1.4406389646e-01
1.6209614687e-01 -2.3001925342e-01 6.5760158628e-02 8.3893043868e-02 1.6464464202e-01 1.2467418854e-01 9.7656125951e-02 -7.8076492879e-03 2.2070834045e-01 1.1511368540e-01 -1.7034488101e-01 2.9602104669e-01 2.1797724852e-01 2.4148670614e-01 2.3752781481e-01 1.2715030870e-01 1.1366208446e-01 -3.1852998721e-01 1.9203578107e-02 -1.0892443700e-01 3.3851811862e-01 1.4471370052e-01 9.0509182629e-03 1.8351495114e-01 7.4269002035e-02 -5.1325821014e-02 -7.6805579927e-04 -1.8913719346e-01 7.5579854821e-03 3.7755813101e-01 1.7866338741e-01 1.7875095052e-03
-9.2493724206e-02 1.4062619810e-01 3.2994498463e-01 -4.5652095892e-02 -1.9000067397e-01 3.2153059327e-01 1.1435665396e-01 3.3800356872e-02 -1.4540450248e-01 -8.1047364496e-02 -8.6388592065e-02 2.2185730962e-02 1.9825252409e-01 2.5180982133e-01 3.2228389086e-02 7.3177131982e-02 -2.0031086317e-01 -2.0777471152e-01 7.4528100542e-02 -9.1758742623e-03 1.5478831709e-01 2.1863140293e-01 -1.7055385588e-01 1.0968799903e-01 6.4732151015e-02 5.3696283480e-02 -2.2185570356e-01 1.3765316656e-01 -3.6403304174e-02 9.3074304996e-02 -2.8169992879e-01 -9.7002740269e-02
-2.1418029860e-02 -3.5705548632e-02 4.1167656631e-02 -2.8316651962e-01 -6.7803106614e-02 -3.7155263144e-01 -1.3215123248e-01 -1.6618265325e-02 -9.9844491439e-02 1.7800512758e-01 1.4208005409e-01 4.7459012913e-03 -2.5707598503e-01 1.3496233103e-02 -7.5971367583e-02 -1.8389475626e-02 -2.8544918182e-01 2.4236389527e-01 1.4145048852e-01 -4.1039306412e-02 8.8109033777e-02 -1.6641026136e-01 7.8493653107e-02 -2.0363815025e-01 2.8410227400e-01 -3.0996598924e-02 -4.0232282532e-01 3.0748108291e-01 -1.3903751250e-01 1.0464561281e-01 2.3373745598e-01 1.5675624433e-01
-7.5987568775e-02 -2.0460246269e-01 -2.2996296508e-02 7.7320677753e-02 -1.1172015708e-01 -1.9352121075e-01 1.5040202303e-01 -1.5612330797e-01 -4.6941040218e-01 1.3709229483e-01 1.3146490863e-01 1.2717653082e-01 -1.0474079896e-01 3.7789346237e-02 3.5129543202e-02 -4.6445787478e-02 6.9498744334e-02 5.0057731590e-02 -5.7959554843e-02 -9.3861409478e-02 -1.6309061052e-01 -2.5790663872e-01 -1.7636085791e-01 1.2764836043e-01 -5.3583730557e-02 -4.0343564706e-02 -6.7861102795e-03 4.7730977463e-01 2.5090182366e-01 2.2029892357e-01 -9.7050290228e-02 -1.4162235980e-01
-1.4685194854e-01 1.6894136378e-02 -1.2424690708e-01 -5.4521919428e-02 -3.3633364310e-01 -5.4490127456e-02 1.7451856220e-01 3.7653452438e-03 -8.5679427309e-02 7.5112878868e-02 -4.7581475608e-02 -1.0971541907e-01 1.3625694832e-01 2.3327549386e-01 -2.3148607854e-02 9.3730452017e-02 -2.2694580319e-01 -9.6764967537e-02 -1.4768484013e-01 6.9207181648e-02 1.5501591378e-01 4.2099162368e-02 -2.0403687576e-01 -5.4825401035e-02 -6.3569042881e-02 -2.0330644250e-02 -1.2861952521e-02 1.8134994919e-01 -1.1099938310e-02 -9.5710253028e-02 -4.0547530878e-01 1.4975195783e-01
3.0164250196e-02 -3.8565002325e-02 1.8473997576e-02 -7.4864118870e-02 -1.2999532394e-01 1.2621749779e-01 1.1134159129e-01 -2.3415703398e-01 2.2068556557e-01 -1.9700732824e-01 1.2658384165e-01 5.0872332775e-04 7.6538743783e-02 3.9875850531e-02 1.8394316499e-02 2.9112883218e-01 -2.4487270899e-02 6.0502025031e-02 -2.3629881340e-01 3.1480068301e-02 -1.2753210769e-01 -2.1896829967e-01 -1.5647177297e-01 -4.2164720087e-02 -2.2510958759e-01 2.0696976325e-01 -4.2723075674e-02 -7.9021321583e-02 3.7797640433e-01 -4.5363746066e-02 -9.7973360222e-02 9.9416420917e-02
1.6329877074e-01 3.8113216496e-01 1.7816851899e-01 -9.0104829980e-03 2.2992363984e-02 -2.3736423408e-01 1.9944591301e-01 1.0491227400e-01 -1.0309008040e-01 4.1680775656e-02 6.8246386290e-02 1.5185259350e-01 4.8589220468e-02 -2.7595349866e-02 -1.0173438238e-01 1.6833766679e-01 -1.4889001818e-01 -2.1628339916e-01 1.7806430574e-01 -7.7171627361e-02 -2.4095838862e-01 1.2061428269e-01 -1.7568326880e-01 7.7338199856e-02 -1.0310770056e-01 3.3299008280e-02 -7.4204052099e-02 -3.4018774916e-02 -4.6866142037e-02 -3.6722682740e-01 1.5994193070e-01 -7.2259674712e-02
1.7509656487e-01 -1.1254796353e-01 2.7047187535e-01 1.7126730889e-01 2.5013727374e-01 -2.0787786837e-01 2.5845822707e-01 -9.8501166176e-02 1.1047676736e-01 1.7767941118e-01 -1.1672893166e-01 -1.2550484461e-02 5.9095315695e-02 4.5281762453e-01 -6.8054101429e-02 -1.8489503262e-01 -3.6342492348e-02 5.1817353225e-02 -3.6612063990e-02 7.5514568129e-02 -1.6099037569e-01 3.3954226524e-01 -2.0242205226e-01 -3.0584461284e-01 -5.7663641157e-02 2.5187100306e-01 -1.6725259341e-01 4.8996725112e-01 -5.2790507163e-02 -5.8796919469e-02 9.0574652187e-02 1.5294943050e-01
-2.3640631375e-02 3.5066208827e-02 1.4744409087e-01 1.4403652729e-01 -1.0037098156e-01 5.8853402016e-02 8.7670972143e-02 -2.4579248471e-02 3.7662337818e-02 -2.9439068855e-01 4.5923045303e-01 -1.2517087276e-01 1.9039954210e-01 2.3406262121e-01 -1.8449988354e-01 -1.1173512450e-01 4.2895088272e-02 -5.4860643733e-02 7.4388147236e-03 7.8635671359e-02 -7.3095262734e-02 3.1004396665e-02 2.3697716862e-01 1.7509329508e-01 -4.5869800280e-02 -1.7991688294e-01 5.7333274534e-02 1.8019235517e-01 7.1589501733e-02 -1.9216975143e-01 -7.1605657272e-02 9.9626612594e-02
4.4236973327e-02 -1.0523599371e-02 -3.8480429915e-01 -2.9118840923e-01 8.3264792905e-02 -3.3693400637e-02 2.9289973233e-02 -2.9202699165e-02 9.7490559225e-02 5.7708706664e-02 -2.1397806753e-02 -2.1322075083e-02 -1.6082098627e-01 6.3201205969e-02 2.3176579083e-01 1.4516140404e-01 1.9316168911e-01 -2.9461703088e-01 5.8635431667e-02 -2.0952325781e-01 -1.3051647690e-01 -2.0613399420e-01 -2.2709786654e-01 2.3556625101e-01 6.3618918704e-02 -1.3984607849e-01 3.2682074397e-01 4.2243399462e-01 4.3093155714e-01 6.0482502871e-02 -1.7181333467e-01 -2.1711044405e-01
1.8570508763e-01 1.4261113920e-02 -5.3863105813e-02 2.4964992430e-02 -4.3602176643e-02 7.0324385861e-02 -2.7670056301e-01 2.8158605824e-02 1.2785997651e-01 2.9585622559e-01 -7.3111659884e-02 -9.1586277958e-02 8.9782710435e-02 1.2427797578e-01 -7.3149168731e-02 -2.6838767131e-01 -3.1227462666e-02 -6.3888214139e-02 3.2325890291e-01 1.1762102126e-02 1.2282592438e-02 -1.2225356950e-01 8.2644451404e-02 2.2563992861e-01 8.7533181533e-02 -7.8171985011e-02 -3.3798942192e-01 -3.7691843418e-02 1.4008980179e-01 -3.3609177220e-01 3.2877763786e-01 6.6766680160e-02
1.6932804351e-01 2.7604316653e-01 1.2164745950e-01 1.2377979887e-01 9.0537413007e-03 -1.1151331705e-01 8.7298466155e-02 -3.2376621229e-02 2.9729731455e-01 -5.8117792821e-02 -8.0634579534e-02 2.8900405862e-01 -2.2027831968e-01 2.0972733594e-02 9.9294252793e-02 4.5984364736e-01 -4.3458354796e-03 1.2657578318e-01 8.8022108910e-02 -1.1376929814e-01 -1.7278362085e-01 8.7636714232e-02 5.6661438626e-03 3.2884496740e-02 5.0134709401e-02 7.2651372687e-02 6.4314483655e-02 1.3032607472e-01 1.1211570731e-01 2.4628010979e-01 -1.9580494446e-01 9.4258088657e-02
1.0872063443e-01 2.9009055182e-01 9.7855854722e-02 -2.0071961248e-01 -1.1468871426e-01 -1.4985254709e-01 -1.6957535823e-01 7.4866694863e-02 -1.8881077252e-01 2.4287566733e-01 -7.0556714565e-02 -1.0298552114e-01 -5.4448478725e-02 1.2122492652e-03 1.5667418671e-01 -1.7088966869e-02 -2.8567891279e-01 1.7227280751e-01 -1.6771784005e-01 -1.0757166128e-01 -3.9565018338e-01 -1.3954422693e-01 3.3770882524e-01 2.1009222027e-01 4.9391902018e-01 -8.2418220126e-03 1.4185198849e-02 5.1289847268e-02 -1.8429561651e-02 2.3017683835e-01 1.7952740054e-02 -2.2117064315e-01
-2.3046677390e-01 -4.8334008409e-02 -2.0193041019e-01 2.1237221243e-03 1.4932908058e-01 1.3677751532e-01 7.3347518350e-02 -4.0961405903e-01 9.2755109744e-02 6.5348373346e-02 2.7279913889e-01 -6.2368179139e-02 -2.6903423681e-01 -1.0026343772e-01 -5.4832955722e-02 -2.2368950087e-01 -8.2721483091e-02 -2.2951629931e-02 2.5340594619e-01 1.6314410079e-01 1.0854505423e-01 -2.1080900513e-01 -1.4579666962e-01 -6.6040963996e-02 5.0398905619e-02 -9.9191655432e-03 -1.8615723866e-01 -1.8848931126e-01 -9.8531449980e-02 3.7249562264e-02 -1.7174372703e-01 1.1402225039e-01
-2.0977969130e-01 -6.6066265274e-02 -1.3064775394e-01 -1.9686085788e-01 3.9128630308e-02 -3.8069294691e-02 2.5691634148e-02 5.5445233783e-01 -9.9068873263e-02 1.5181702661e-01 -2.4006183830e-01 1.8785747209e-01 4.0168783843e-01 7.8595509587e-02 9.1705487223e-02 -2.0381705663e-01 1.2032703159e-01 2.7443480153e-01 -9.1960533723e-03 1.8675105469e-01 3.7223943101e-02 -2.1042609206e-02 -3.2964987384e-01 2.6258596767e-01 9.8831424932e-02 5.2855984096e-02 1.3850839860e-01 -2.1668871104e-01 -2.9753542208e-01 3.9363218723e-01 2.7420579601e-01 -1.4407628546e-01
-3.5279381885e-01 8.1369499200e-02 -1.1935484481e-02 -1.1265469696e-01 2.6168500427e-01 -5.0050804256e-02 1.2773568071e-02 1.3078720086e-02 5.3538667366e-01 4.8988678632e-02 2.1391745968e-01 8.2194394238e-02 -4.1703560645e-02 6.0940344283e-02 1.8591430215e-01 1.7491421270e-01 1.0903046532e-01 7.4912159203e-02 -1.3558732974e-01 -1.2463440323e-01 -4.2553098038e-03 -1.1899046869e-01 -1.2808110674e-01 4.5270798348e-01 -2.4576201427e-01 -1.4487783216e-01 -8.3327235611e-02 2.0352381872e-01 2.6958424025e-01 2.2640909361e-02 3.7197766703e-02 8.3441271221e-02
-1.0227053126e-01 -1.3078792197e-01 -1.4264768052e-01 -2.6465736870e-01 -7.6157956429e-02 2.4122332565e-01 1.9952246105e-01 2.5217370548e-01 1.7554495520e-01 1.8567483025e-01 -3.3772743290e-02 -3.3163088878e-01 1.6978500199e-02 -1.7717354467e-01 8.4319905520e-02 -1.7805206840e-01 1.1618625480e-02 -2.2934061926e-02 1.1234626357e-01 -1.7432116856e-01 -3.3536173142e-01 6.8631251461e-02 -4.2494908364e-02 2.3179302625e-03 1.0291272226e-02 -2.2493786425e-01 -1.5356775497e-01 -1.4074940528e-02 -2.1523750917e-01 -1.8230615131e-02 2.0797977864e-01 -1.0710223544e-01
-2.3297238186e-01 8.6506562034e-02 -1.0378939233e-02 -9.2593849076e-02 -2.2449129389e-02 -4.1938892540e-01 -3.7519406514e-02 -6.5052797281e-02 -7.2270883204e-02 -3.0986389835e-02 1.4813877495e-02 2.5122815283e-01 -9.9924756641e-02 3.1955896794e-01 1.0064073796e-01 1.6212024740e-01 -1.6544002298e-01 -2.3039001361e-01 3.0827441111e-01 -5.6151968102e-02 -1.0603441990e-01 -9.9473262984e-02 -7.3449457445e-02 1.6535899351e-01 -3.7941553277e-01 -2.8013892247e-01 -1.5582714005e-01 -3.4292228756e-02 -2.9678445372e-01 -1.1274937512e-02 -1.8503655758e-01 -1.2508580361e-01
8.1847069903e-02 -1.5849005409e-01 -6.8969432092e-02 2.2680534562e-02 1.4458228707e-01 1.2571911684e-01 1.6672774798e-02 -8.1233650324e-02 -1.4803649792e-02 1.8438251776e-01 2.0279567147e-01 3.2625058596e-03 1.0823312005e-01 1.7244805650e-01 1.0010084793e-01 6.5820530174e-02 -1.3281182563e-01 -4.6250017180e-02 3.2462883887e-01 -2.3191964665e-01 2.8411861632e-02 -7.3319639149e-02 4.2900762023e-02 9.0132430446e-02 -5.9384738072e-02 1.5296681240e-01 3.0726615871e-01 8.5315891578e-02 4.8263262889e-02 -3.0975509804e-01 -6.8987565257e-02 -1.2512984415e-01
6.0334687184e-02 3.7460330845e-02 1.5676882217e-01 1.3559201553e-01 2.6870771248e-01 -9.3054107415e-02 -2.4902291418e-01 -7.3267242788e-02 -1.4229944791e-01 2.4661892301e-01 -2.2409649234e-01 1.8777570332e-01 6.8696227492e-02 -1.2349518976e-01 -1.1396142913e-01 3.6700659227e-02 -7.4993762018e-02 1.5283408274e-01 -1.5324847320e-01 -4.1942941610e-01 9.4499566126e-02 2.9987661652e-02 9.5516614611e-02 -8.8311480041e-02 2.2434963281e-02 -2.4743715567e-01 -2.5123244150e-01 2.5945228541e-03 5.2579059424e-02 -1.8975153158e-01 -9.4591729431e-02 -1.6790835580e-01
-7.0215880809e-02 -4.7590309686e-02 -9.0729803577e-02 -3.8428166757e-02 -9.3683891978e-02 -3.3445329308e-01 2.3860826325e-01 1.0498857612e-01 -6.1695655609e-02 -2.8341507223e-01 -2.7829798625e-01 2.6291369304e-01 -2.1716665439e-01 -7.3976701551e-02 3.9397424835e-02 3.1257555729e-01 2.7124259268e-02 3.3449139624e-01 -6.8337381456e-02 2.4160335264e-01 -1.4819549810e-01 -1.3070321297e-02 1.3514934777e-01 5.9577591958e-02 1.7255978966e-01 9.7467736577e-02 1.2363918082e-01 2.1814735877e-01 -3.1674381319e-02 -9.7375927670e-02 -8.8604582061e-02 -6.1879949327e-02
-1.0921577859e-01 2.8198274423e-01 1.2512610932e-01 -2.1891866419e-01 7.9937911285e-02 2.2279460519e-01 -1.7800792957e-01 -7.2486909637e-02 1.4295658936e-01 -3.0201410558e-01 4.6685222005e-02 6.7951397756e-02 -1.6603613879e-01 -4.8721674502e-02 -1.5631212224e-01 -2.6302287699e-01 1.8439000049e-01 -1.6143220606e-01 7.4039090636e-02 6.8323487076e-02 -2.7109047094e-01 -6.3631783844e-02 6.2741990199e-02 -2.1400075051e-03 -2.1909449515e-01 -1.2441767513e-01 -1.8932856073e-01 6.5758992614e-01 1.1452766164e-01 -1.0870020949e-01 -2.4023886676e-02 7.2942635734e-02
