-1.3399124786e+00
-1.4878462266e+00
1.0027631888e+00
-3.9101502043e+00
-1.2866485619e+00
-1.2457983042e+00
-6.5049819661e-01
5.8026579391e-01
-6.2082654951e-01
8.8243109827e-01
1.0264256859e+00
1.8482469012e-01
1.0786620774e+00
-8.4187796398e-01
-9.0762347356e-01
-1.1836110464e+00
-5.9089301095e-01
1.8965926733e-01
-7.2971020954e-01
-1.7829450121e+00
-1.9203590801e+00
3.6606943892e-01
-3.0517905928e-01
-1.6970140061e+00
1.1112224112e+00
-6.1936562316e-02
4.2855138512e-01
-3.7538883223e-01
-1.7794589951e-01
-7.0145294824e-01
7.5853093629e-01
-1.3502536807e+00
