9.1656492469e-01
-1.5663345496e+00
1.1380171160e+00
-7.8535948372e-01
7.2711072807e-01
9.3440793175e-01
-5.8807057785e-01
1.7082204985e-01
1.2775481300e-01
1.6101451641e+00
5.9974335694e-01
-1.1588725691e+00
3.8470015799e-01
-1.1562644561e+00
-4.3683533688e-01
-8.5979326983e-01
-1.1575363194e+00
1.1295532949e+00
2.2733237801e+00
-7.2694466839e-02
1.5994233298e-01
-1.1834041173e+00
2.8613180748e-01
9.6562074164e-01
-4.5588249869e-01
-4.2878924740e-01
2.6773790288e-01
1.2373197870e+00
2.8485676082e-02
-7.0546983273e-01
-1.9418726824e+00
4.8240663085e-01
