8.8855530284e-01
-3.0774521474e-01
1.7252752153e-01
-8.7038092180e-01
8.3747350205e-01
4.3012250274e-01
-1.1017661908e+00
1.0073565804e+00
7.1135927489e-01
-2.4156117029e+00
8.0903240319e-02
3.3787352329e-01
8.3974206072e-02
7.1421178300e-01
-1.6740430741e+00
-4.6398566275e-01
-3.8271984181e-01
6.3252244385e-02
1.0406240580e+00
7.9618293304e-01
5.3891048321e-01
1.8232134616e-01
5.3647356775e-01
-1.1945291477e+00
7.2922402807e-01
1.1676272100e+00
-1.6153489208e+00
3.2109549029e-01
1.9863984198e-01
-1.2304808236e+00
-5.4431459894e-01
7.3076590873e-01
1.7814175672e+00
1.0784335643e-01
2.2846929625e-01
4.8946333970e-01
-1.0762486773e+00
2.9020482202e+00
1.4909859227e+00
-7.9878651496e-02
2.3420282400e-01
-1.6342292135e+00
4.0096273267e-01
-8.9159816028e-02
-8.4893237232e-01
-5.3079890955e-01
1.2487471392e-01
-3.6243869747e-01
1.3010146116e+00
-2.1488417990e+00
1.0633024398e+00
-7.7471504260e-01
-1.7384790689e+00
1.0879783874e+00
-1.1874200606e-01
-1.9038986958e-01
-7.9007732551e-01
-2.6459986012e+00
1.8006304962e-01
8.0674067721e-01
-2.8904026067e-02
-3.8213302816e-01
5.2276900897e-01
3.7163767669e-01
-1.7913911972e-01
-2.3273881671e-02
-1.9036590513e-01
4.9575373838e-01
2.9686403965e-01
-1.3711338303e-01
