2.4970764728e-01
1.0374143698e+00
5.1450297763e-02
2.1626691066e-01
5.5444176885e-01
-9.2347004812e-02
3.8012300633e-01
-1.4461647029e-01
1.7886317829e-01
4.1238805740e-01
3.7947814335e-01
2.3125911137e+00
-3.0451789276e-01
-2.0935907632e-01
-4.2009947106e-01
5.6153283748e-01
2.9529627725e-01
-2.6343252339e+00
-4.9407489703e-01
-4.7170218725e-01
-7.0873104389e-01
2.1166983107e+00
-9.9066814829e-01
1.7261381196e+00
-3.9557357559e-02
1.7707312824e+00
-4.4645025475e-01
1.3199538129e+00
9.1215217095e-01
-2.4461593519e-01
1.9872203648e-01
-9.4030603518e-01
-7.2191617267e-01
-2.7613126054e-01
5.2024654942e-01
2.2405145403e+00
6.6089321213e-01
1.1197395525e+00
-1.3660958300e-01
1.0918759912e+00
7.5152803059e-02
-5.7642036866e-01
-3.8369313690e-01
-1.7739526049e-01
1.0382543749e+00
3.3911711471e-01
-8.9239729543e-01
-3.0012809455e-01
-6.4185686889e-01
1.3205364899e+00
8.1085615860e-01
-5.8092303504e-01
1.4295744788e-01
-1.3356756919e-01
5.0143196194e-02
6.2286744386e-01
1.6220299884e+00
7.2301210585e-01
-1.9301888479e+00
2.5813046691e+00
-6.2562448676e-01
-1.0243940093e+00
5.6290824333e-01
1.5724798052e+00
3.9806487945e-01
8.9892022240e-01
-4.1420040804e-01
-4.1559063639e-01
-1.2971721415e+00
-3.7679381584e-01
