2.2303198945e-02 -1.5095972858e-01 2.3310230769e-01 2.4780189684e-01 2.1355754679e-01 -6.3100486944e-02 -2.7162388017e-02 2.6764210815e-01 -1.1157627744e-01 -1.0279729406e-01 -3.8863424229e-01 3.8459220813e-01 -4.0292749964e-01 3.8800263657e-01 -1.8879631147e-01 6.9047944562e-02
1.2483138508e-01 -4.5641841911e-02 -1.5371471317e-02 1.1028928720e-01 -3.1086926786e-01 -7.4303898088e-02 -2.0205386257e-01 8.2842034794e-02 2.0159928743e-02 6.6490244752e-02 2.8445814117e-02 -1.5160550757e-01 2.3891556027e-02 3.8925802154e-01 -3.3156431916e-01 -8.0469105079e-02
-2.5110502752e-01 -1.6736685832e-01 -1.6637477046e-03 6.4840808984e-02 -2.5303337976e-01 2.2104813707e-01 -2.2994297218e-01 2.7696591977e-01 -1.2760534559e-01 1.9840021626e-01 -3.7210161614e-01 2.8656689617e-01 -1.9231744963e-01 -2.0716338425e-01 9.2806011884e-02 -2.8732301393e-01
-5.3705601523e-02 -8.9048506484e-02 -1.2541706627e-01 -1.1853456108e-01 -4.2936543386e-01 -1.1697283808e-01 -5.4060498351e-02 -1.1416122974e-01 1.5013693259e-01 2.2471386258e-01 -1.4518431036e-01 -6.6453806895e-01 -2.0765785619e-01 3.1493413423e-02 -1.5930963720e-01 -1.3293108800e-01
-4.2295166310e-01 -9.6680483093e-02 1.5883130529e-02 1.3957235127e-01 -2.9123796898e-01 -1.7660624254e-01 4.7371406881e-02 2.5584062447e-01 -2.4039349314e-01 -3.2096062054e-01 -4.1269949407e-02 -5.6599034389e-01 2.5735029213e-01 -2.2211162046e-01 -2.7472055099e-01 1.4311394582e-01
-1.2922012032e-02 -8.5243074280e-02 2.6164770361e-01 3.5433953060e-01 -2.0661060361e-01 1.6788090002e-03 -1.6829413876e-01 1.1084841058e-01 -2.4644170277e-01 4.1917867141e-02 8.7960254543e-02 2.9286312144e-02 -9.1579576224e-04 -1.3182812536e-01 -2.9423454305e-01 -1.5022240026e-01
9.0488384534e-02 4.2353082855e-02 -9.5933826755e-02 -8.2232562381e-02 -7.9108651170e-02 9.5905226248e-02 7.2184010402e-02 8.2213674492e-02 5.8372467614e-02 3.1610249110e-01 7.1776201841e-03 2.0602154473e-01 8.2935330125e-02 2.8831381811e-01 4.8098836993e-01 5.9222044635e-01
7.2391523673e-02 1.3328108850e-01 3.6971747197e-01 2.3267399130e-01 -2.4264616864e-01 2.3710206691e-02 4.0403116320e-01 -2.9985300066e-02 -2.1869108052e-01 2.0020028630e-01 -5.1788896321e-01 -5.2000131879e-02 6.1455864260e-02 3.8793559745e-01 5.9855720502e-01 4.9622242404e-01
2.9001636948e-01 -1.1568514334e-01 -8.3288477816e-03 -8.5630835565e-02 -2.2067762117e-01 -4.6577537029e-01 -1.7994617911e-01 -1.3883776032e-01 -1.2730424292e-01 -2.4044089768e-02 -4.3483248695e-02 -6.3250236300e-02 8.7940360498e-02 -6.7283126505e-02 -8.3740127937e-02 1.0335986375e-01
4.9830671372e-02 -1.7807372585e-01 1.0107176631e-01 -2.1299146347e-01 1.0477695778e-01 1.3142662494e-01 -2.3489407963e-02 2.3021836876e-01 1.1104228847e-01 -1.9595378177e-01 -3.3684471119e-02 1.8094272191e-01 1.2264595036e-01 1.4279204442e-01 -8.3503146947e-02 2.7802840562e-01
-7.6876965662e-02 -2.6970837750e-02 1.7022310133e-01 1.3185160350e-01 -6.6523228950e-02 6.9524523568e-02 2.6026499631e-01 -1.2835439990e-01 -5.5396871560e-02 1.4890464524e-01 9.3280734660e-02 3.8041267932e-02 2.0730937841e-01 1.6063799811e-01 -4.0430214337e-01 1.4215223231e-01
-4.1328533885e-01 -2.1668952794e-02 -1.5198310470e-01 1.1745900312e-01 -5.4620005806e-01 5.5493003687e-02 -3.2553395893e-01 4.9460144160e-02 1.0601615074e-01 -4.6577993696e-01 -2.7202905085e-02 8.0729079906e-02 2.7944236773e-02 -2.8992434995e-01 -2.1140260838e-02 3.1214578029e-02
1.6846304420e-01 -1.1745503352e-02 -2.0314560379e-02 -5.2462417030e-02 -2.9205777077e-01 -8.0676689282e-02 1.8399990299e-01 2.3176119075e-01 -5.2294420668e-01 1.9474338377e-01 -2.8455169981e-01 3.3753916000e-01 -2.1703480055e-01 -1.1206154094e-01 -2.3148953799e-01 -1.5128561586e-01
7.2892727183e-02 2.7705841735e-01 1.1142014737e-01 3.2653087777e-01 -2.3449242099e-01 -2.9696535148e-01 -8.4730519329e-02 2.4884278637e-01 5.0696615645e-02 2.0529053457e-01 3.7324738380e-01 -2.2631479691e-01 1.5880991673e-01 2.4955852630e-01 6.6375714340e-02 4.5238673970e-01
-2.0539516164e-01 1.9879590675e-01 1.0892170202e-01 -2.5283802383e-01 -1.2181547060e-01 -3.1330182107e-01 -2.1317724019e-01 -6.5649179853e-02 -4.7561296012e-01 4.1305622601e-01 2.0381222654e-01 2.1823528739e-01 7.6393088987e-02 -3.5365714347e-01 2.5783136206e-01 -1.3341931009e-01
5.7547611183e-02 4.3474654170e-01 -5.7736138701e-01 -4.7867291908e-01 -2.4008198603e-01 9.4475173458e-02 -2.2024457417e-01 -1.8346679579e-01 2.1307285979e-01 -1.9009818270e-01 -9.0155988275e-02 -1.6372543447e-01 3.4318305214e-01 -4.2903251209e-01 -3.5061567462e-01 2.3961059960e-02
2.8010986868e-01 -5.5666585621e-01 -4.2307367628e-01 9.1946023868e-02 -1.4790527662e-01 4.4859501615e-01 5.5539350627e-02 6.1081248262e-01 2.7061491807e-01 -4.8057862551e-01 -2.1413518788e-01 -3.2901759400e-01 -1.4034208852e-01 3.6551881554e-01 -3.5940573895e-01 4.8558254363e-01
