-1.0801699368e-01 4.4329799747e-01 -7.4821968298e-01 4.4650574818e-01 3.5762257942e-02 9.1642787669e-02 1.8871252995e-02 1.3547365920e-01 1.5559831944e-01 4.4450069782e-02 -1.1104376811e-02 3.1907233761e-01
2.9469501729e-01 -1.0942994663e-01 -5.6656635071e-01 6.1954854728e-01 -5.3726340058e-01 1.5980097234e-01 -3.8603343756e-01 2.7826038219e-01 -3.9386146795e-01 -3.5373640585e-02 4.3219738523e-01 -3.9916346112e-02
5.9169452956e-02 3.8276112367e-02 1.0277886960e-01 4.2844389352e-01 4.2917809708e-01 -1.0968436163e-01 7.1952793692e-02 -3.8163562286e-01 1.6892041656e-01 7.0693025598e-01 6.7286743274e-01 -1.7062326260e-01
-2.6647805591e-01 7.6559779348e-01 1.1221501533e-01 7.6168213665e-02 -5.6933765069e-01 5.3852314583e-01 -6.5080948496e-02 1.4864507991e-02 3.6665016258e-02 3.9624771774e-01 2.0270102205e-02 3.5993458389e-01
-1.7814964633e-02 8.2006499564e-02 -1.8985223509e-01 -8.0550794577e-02 1.5756739586e-01 3.4322749912e-01 -2.9998194301e-01 -5.5500498432e-02 -1.0877857033e-02 3.3080900783e-01 -2.0875820850e-01 -4.0507504799e-01
-3.1275979769e-01 -2.2189944377e-01 -4.5427126733e-01 -4.4135526850e-01 1.8906529421e-01 4.5975167346e-01 -1.5291606145e-02 2.1757247327e-01 2.8581134984e-01 2.4988928398e-02 1.1438800524e-02 3.0293030615e-01
-5.0474119348e-02 3.5933235983e-01 2.3556102689e-01 -4.4042786673e-01 -6.4712164746e-02 -2.8548349749e-03 -3.8492673874e-02 -1.7598078933e-01 1.7139640665e-02 -1.2888322946e-01 -5.6657523977e-01 1.1898963073e-01
6.4341218783e-01 -5.1016301514e-01 4.0957109842e-01 -5.5889310989e-02 -4.3061551641e-01 -2.0010097760e-01 7.1941999037e-01 -1.3321046799e-01 5.4981874794e-01 1.5022778359e-01 -8.2859464393e-03 -8.9975691362e-02
7.9793290238e-01 -4.6491984638e-02 -3.3155648469e-01 9.3486969263e-02 3.7724055696e-01 -1.4168115465e-01 -1.4051798972e-01 -3.2074935464e-01 4.1298378390e-01 6.9785080613e-02 -1.7731458444e-01 -6.6342451581e-01
-1.5957207430e-01 -1.3274023593e-01 2.7397010398e-01 2.3634561822e-01 2.7391184757e-01 1.2341887892e-01 9.2066997571e-02 -2.3871800687e-01 2.9746225626e-01 -3.1256453918e-01 -4.8057825621e-01 3.8081214635e-02
-4.4189756302e-02 -2.3982054974e-01 -3.1692287488e-01 4.3808502134e-01 -2.4126316266e-01 -1.1176218927e-01 -2.1362095914e-01 2.6393020548e-01 -1.3331476152e-01 1.6606822130e-01 4.2507361500e-02 2.2982309006e-01
4.8130761440e-01 8.0866885035e-02 -6.0528090500e-01 -3.6988114362e-01 1.8927192198e-01 -1.1140763388e-01 -5.0914247323e-05 -1.9631215999e-01 -1.3368509421e-01 2.7480333546e-01 2.0668912184e-01 -1.0905728134e-01
