-8.5116744544e-02
3.6238945867e-01
-3.3445957570e-02
1.6587164312e-01
-7.0501913876e-01
-1.7160786291e+00
9.2473125253e-01
-8.1395029770e-01
6.6378823318e-01
3.1946856899e-02
-4.9033616939e-01
-2.4350984198e+00
6.9122995833e-01
2.2431232349e-01
9.4820836966e-01
3.1253896098e-01
-4.2590721242e-01
-1.5074870271e+00
-3.3021280488e-01
5.6315119820e-01
-9.0411810323e-02
1.6514165211e+00
5.8689052602e-01
-9.0640344283e-01
6.9390325773e-03
7.9168103835e-02
3.1534559911e-01
-1.8722067586e+00
-1.3776602460e+00
6.0608469294e-01
1.8078025914e+00
-2.2994018364e-01
-2.7448291596e-01
6.6963218576e-01
-1.2059181188e+00
7.3533423446e-01
-3.2559326514e-01
-6.4368886027e-01
-8.1766270364e-03
-9.5982381523e-01
-1.6863188492e+00
-1.2650914063e+00
-2.5767779793e-01
-2.4793581411e+00
1.2079908433e-01
-6.9303914174e-01
2.1249413238e-01
-2.9380594274e-01
-1.4110142788e+00
-3.0976614638e-01
1.5102134992e-01
1.1634742727e+00
-1.0289770413e+00
7.4590226966e-01
-5.9337186837e-01
-1.3880260971e-01
-1.0667557427e-01
1.5144889636e+00
6.6023703117e-01
-7.9326130933e-01
4.6673679000e-01
2.1185982079e-01
3.7778352626e-01
9.3305007112e-01
1.1232567166e+00
-4.9058934022e-01
4.8070649638e-02
8.8151057729e-02
6.9154704593e-01
4.5400523701e-01
8.5760715713e-01
-1.2628518171e+00
2.0468145975e+00
4.1650349273e-01
1.6903922670e-01
5.3827045800e-02
-8.8899941108e-01
-3.3412551308e-01
4.2666450889e-03
-4.2640764946e-01
8.7232260560e-01
-1.4704428385e+00
1.2699239248e+00
1.5236685329e+00
-6.3444070648e-02
-5.7523408243e-01
-3.6627763090e-01
5.7879627197e-03
-2.6157880460e-02
-5.7766265775e-01
-2.1482534915e-01
-5.2647375385e-01
-2.2317381696e-01
9.8328214087e-02
-4.4407496250e-02
-1.3597101870e+00
3.0838120160e-01
-4.1975364297e-02
-2.9505966657e-01
6.4188347266e-01
