8.5441407067e-01
-1.3363869948e+00
1.2627398703e+00
-1.7573587565e+00
-7.9468329268e-01
-2.3438817820e+00
7.3964858946e-01
1.2153402332e+00
1.6820006061e+00
1.2329956007e+00
-2.7417477471e-01
5.1578946557e-01
1.4630801755e+00
-1.1542535920e+00
-9.9558002795e-02
-1.1015441220e+00
9.3804851206e-01
9.4017699907e-01
-2.5223786946e-01
2.1055021165e+00
1.4696903625e-01
1.1317384898e+00
-1.4631320894e+00
-7.5449351204e-01
1.1850840832e+00
2.5909509257e+00
9.1838585383e-01
4.0683100605e-02
1.2661793402e+00
-8.9891610319e-01
-4.3306847749e-01
7.5217858667e-01
-1.0382702401e+00
8.8936676154e-02
2.0820868268e+00
8.1844036738e-01
7.8681349310e-01
1.8422439089e+00
5.6686182902e-01
-1.1149387818e+00
1.2084395583e+00
6.5395554915e-01
-1.5135999056e+00
-6.9366885585e-01
1.4435394609e+00
1.9806360198e+00
9.8150248002e-01
-4.8117652340e-01
5.8752506807e-01
-7.5290990297e-01
1.0306185861e+00
7.3096145116e-01
8.9404997269e-01
1.5190201711e+00
1.7171633433e+00
2.0321654100e+00
5.2689455889e-01
5.2643529859e-02
1.0534809706e+00
-4.0622079595e-01
-1.0319197074e-01
-1.3044555236e+00
-1.2173414953e+00
-7.7151962197e-01
2.4164331258e-01
1.5152141545e+00
-2.2593648862e-01
5.7924114396e-01
-2.9524833389e-01
-2.9483722355e-01
