-2.2447718458e-01 -3.3117912907e-02 5.9260959533e-02 1.8137337871e-01 1.2535561187e-01 -2.2174725666e-01 -5.7179748191e-02 1.7594952875e-01 -9.5848908745e-02 3.1751053706e-01 -4.4095440346e-01 1.5086747144e-01 4.1596411191e-01 2.9651734362e-01 -1.5883888689e-01 -1.7941379921e-01
-1.1820162016e-01 1.0965510327e-02 6.6742862541e-02 5.0976308408e-02 -5.3803179877e-01 -1.3826294858e-01 -5.3021265443e-01 -1.9166314525e-01 2.4975543610e-01 4.3605354643e-01 -5.1185658547e-01 -2.8828254322e-02 6.1812437060e-01 -1.9464811982e-01 -9.3204412019e-02 -2.1343901062e-02
-6.2655724832e-02 1.0761527101e-01 4.3351975942e-01 1.0728493675e-01 -8.4890891104e-02 -5.9067023759e-02 -4.9560270806e-01 -3.4476496544e-01 -6.0423409497e-02 1.3209723453e-01 -5.1646044241e-01 -3.0344339895e-01 -1.8231022810e-01 -4.0024511678e-02 -1.2672566188e-01 -5.3745394452e-02
-1.7156192064e-01 -1.1882632173e-01 -1.4815381028e-01 9.1713808297e-02 6.7271606099e-02 1.2315750586e-01 1.2544226410e-01 -1.2714220237e-01 -1.7923794306e-02 4.9928899515e-01 -2.0440877874e-01 1.6391211384e-01 2.3286826658e-01 -3.8466876516e-01 -2.2391482637e-01 -1.4381266219e-02
3.4850319851e-01 2.1355220890e-01 1.2288699175e-01 2.0207466213e-01 -2.5583031445e-01 1.2291793645e-01 1.5058257938e-01 -3.1841445531e-01 3.8882485008e-02 2.1026552403e-01 8.6945279238e-02 1.5313685972e-01 -2.1851174138e-01 -1.7472286891e-01 2.5375599187e-02 -1.0592376936e-01
1.5282493560e-01 7.6166915435e-02 1.0743076479e-01 -1.3040533482e-01 1.0334658463e-01 9.1183940079e-02 -1.6760995664e-01 2.0636733107e-02 -2.0357170021e-02 -2.9869009169e-01 1.9224389619e-01 1.2525646234e-01 1.5933260443e-01 2.2942035197e-01 9.1728135217e-02 3.8206510705e-01
-1.7133767816e-01 -1.8560565071e-01 -2.4850331235e-01 -2.5336182449e-01 5.7815842482e-01 -3.6698915107e-01 4.1012390354e-02 8.3811554348e-02 -1.1024557396e-01 -4.4562863363e-02 -3.3574412104e-02 1.2135050327e-01 8.8521355615e-02 8.7878801704e-02 -7.3520652807e-02 1.0471565581e+00
6.6722224588e-02 6.4302275060e-02 -4.3130252810e-01 -1.8166242231e-01 5.3063455381e-02 -3.3653073529e-01 -3.9499534045e-01 -1.6081238458e-01 -1.9062436130e-01 3.8424256353e-01 3.9845322570e-03 -2.2185784434e-01 -5.2154818347e-01 -3.4379361396e-01 -6.1014895944e-01 2.1456943660e-02
7.3342845313e-02 -3.0540513742e-01 -4.0836323975e-01 7.2991080142e-02 -3.8781000007e-01 3.0004561363e-01 3.5925500643e-01 -3.3930383017e-01 6.0916651713e-01 -3.6838860712e-01 2.6160193449e-01 4.8343877491e-01 6.6615476774e-02 1.8036120443e-01 9.3592601031e-02 2.5455530379e-01
-2.6122346551e-01 -2.9353200373e-01 -3.7066554840e-01 1.1525151560e-01 9.2841722872e-02 -9.4691083666e-02 7.8496013365e-02 -1.5894252661e-02 -2.2959188353e-01 4.0589249138e-01 4.2721863320e-02 -2.1291062064e-01 1.4675065690e-01 5.7473067038e-02 3.5922215671e-01 -2.0944610171e-01
-2.5366118997e-01 -9.1910770935e-02 -1.9469654703e-01 -8.1436107433e-02 -3.3802273650e-01 -2.5138733808e-01 -3.6110620892e-02 3.3336229887e-01 2.7226160517e-01 4.7213783490e-01 -1.9278214000e-01 -3.0702112879e-02 -1.4254277468e-01 5.2779090470e-01 3.1958977543e-01 2.5385714479e-01
7.3595262384e-01 1.3770584052e-02 2.4111041059e-02 -1.2825208873e-01 1.7989852039e-01 1.6323953911e-02 -9.3778892597e-02 8.6155567064e-02 1.9814603695e-01 -1.1436250774e-01 3.5278967018e-01 -1.6985522905e-01 -5.2946064220e-02 -3.0503979859e-01 -6.8163631926e-03 -6.0784759596e-02
2.4410749293e-01 2.2097731968e-01 2.5557961008e-01 1.5315312485e-01 8.9448920391e-03 -3.6542233523e-01 -1.3167320414e-01 2.0645376254e-01 -2.2454863217e-01 1.6068489641e-01 -4.6041120678e-01 -5.3179186396e-01 -3.4380706396e-01 2.4634006843e-01 2.3171649696e-01 -4.3417670660e-02
4.9201249116e-03 -1.9332565174e-02 -2.5479533132e-01 -2.4978738682e-01 5.4054157837e-03 6.6484013402e-03 1.4651141432e-01 -1.5059680193e-01 -3.1022209127e-01 1.4880679244e-01 2.4811083217e-01 6.5050402216e-02 1.5944701544e-02 1.8864161392e-01 1.1224949496e-01 -1.0853035338e-01
-1.6563013395e-01 -1.2934354678e-01 7.7132258561e-02 6.3430081478e-02 1.9080802166e-01 3.2129021390e-01 3.5459015921e-01 -4.4155510663e-02 -6.0502573769e-02 1.4251082284e-01 -2.5490415588e-01 -3.9488051922e-03 2.2557653642e-02 3.7217870621e-01 -2.8885041815e-01 -2.5933481185e-01
4.5907387953e-01 -1.2236465835e-01 2.4326329267e-01 3.5547364912e-02 -3.3900795649e-01 -3.8665186875e-01 7.2598085111e-02 -1.5253913253e-01 -5.4869178813e-02 -1.6309465864e-01 1.4496277754e-01 -1.3449648943e-01 7.9978527859e-03 6.9843530900e-02 1.6781540492e-01 -6.1429818430e-02
