3.1355478731e-01 -1.8658328878e-01 4.1153121233e-02 8.2178831445e-02 2.0867608434e-01 4.1378564254e-02 6.1914178356e-01 7.1116102237e-02 2.1471363393e-01 -4.7465655479e-02 -3.1741298892e-01 2.6813174301e-01 4.4004069545e-01 -8.9015458534e-02 1.6736719819e-01 -1.2125626553e-01 -2.1282834994e-02 -4.6870822303e-01 2.3737636852e-02 6.5604291136e-02 4.2387998756e-01 1.2747233060e-01 1.7092957594e-01 2.2828271326e-01
2.7661252619e-01 -3.8340975400e-01 1.3276607953e-01 -1.1711946598e-01 1.3121013989e-02 1.4035895357e-01 4.3730774402e-01 -1.6120238039e-01 -3.8598634269e-01 -1.9618628354e-01 1.8934569985e-01 1.8905416660e-01 -1.7381581369e-01 -1.5039433305e-01 2.4771873734e-01 1.3325182290e-02 -1.9984283449e-01 -1.2246468441e-01 3.7862139553e-02 -3.9548147619e-02 -6.7059815782e-02 -1.0526980986e-02 -1.1070119558e-01 -2.5558787919e-02
-4.6756248200e-01 1.0832032951e-01 -5.7177351411e-01 1.7131923581e-01 4.0655512235e-02 2.1745907976e-01 8.0828336302e-02 2.3106264528e-01 4.5147059695e-01 2.6879277044e-02 -2.2799505587e-01 9.4505220505e-02 -2.1326670812e-02 -6.3082238238e-02 -1.2868168366e-01 -2.9313231657e-02 4.6131267784e-02 1.9710642392e-01 -3.2431556858e-02 1.3603423784e-02 8.3229722850e-02 4.6364690643e-02 2.2090562169e-02 -2.8324385947e-02
3.1052844034e-01 -1.9564760506e-01 -1.2387761905e-01 5.0713846213e-02 1.1918956236e-01 1.5012353235e-01 7.4088303332e-02 -5.9807202542e-02 3.0903722482e-02 -5.9093214989e-01 7.9206250914e-02 3.0714059484e-01 -1.0803401462e-01 -1.6901482055e-01 -1.3794207372e-01 -3.3311861623e-02 -2.5764624526e-01 -1.6157015200e-02 4.0930252120e-01 2.6020355638e-01 2.6116375078e-01 -3.3566065292e-01 1.5632392292e-01 3.7454054972e-01
-1.5674657294e-02 -9.9311178007e-02 -5.2208239520e-01 5.9293178841e-02 2.4325681482e-01 3.1838809922e-01 4.4974325168e-01 -1.6455297092e-01 6.8741243422e-02 -2.9751182084e-02 -5.8905138678e-03 -1.3983513708e-01 2.4920196119e-01 -3.1743135869e-01 -1.4596935151e-01 3.0426756986e-01 -1.6310226033e-01 4.0716060260e-02 4.7731140088e-02 6.4996512416e-02 1.4990373013e-02 1.6883434434e-03 -2.1061272134e-01 1.9902719661e-01
-9.7137435556e-02 1.5850768018e-01 -1.3476843281e-01 6.3410565769e-02 2.6044475401e-01 -3.0933792199e-01 1.7282350851e-01 5.5695457048e-02 1.0690678436e-01 -2.2987873541e-01 -1.4486773681e-01 -1.4423448649e-01 -1.9511772449e-01 -2.0388667859e-01 1.9796923703e-01 2.9304612375e-01 -1.2391230156e-01 -7.0207925320e-02 -2.4671002760e-01 2.1146216356e-01 1.3903631322e-01 3.2496347212e-02 2.7018069860e-02 -3.8386856527e-01
-2.3748672621e-01 -4.5125424135e-01 -1.2685459051e-01 2.7215885512e-01 1.2256059111e-01 -1.7033272178e-01 -2.5926900549e-01 3.9988785576e-01 1.5716065409e-01 1.4914011539e-01 2.0884536069e-01 -4.9690888337e-02 -2.8143139907e-01 -1.0393294032e-01 -9.4104565467e-02 1.4962877180e-01 8.1391757805e-02 2.3022694673e-01 -3.7009814563e-01 -1.6788332089e-01 -1.0092968514e-01 2.1846993122e-01 5.2330318614e-02 -1.7579603167e-01
1.6812649504e-01 -1.1225833422e-01 -2.5463819342e-01 1.0024898395e-01 1.2554274570e-01 -4.4486887165e-01 -4.1216849283e-02 -5.5158600693e-01 -9.5540465216e-02 1.6122604835e-01 -2.5762264259e-01 1.9743942503e-01 2.8481706777e-01 -2.2400673292e-01 -4.9094428786e-01 -3.1963835593e-01 6.8434740688e-02 -6.5627478829e-01 -1.6479673154e-01 1.8709332978e-02 2.0955003559e-01 1.5072430488e-01 -3.4040470161e-01 2.8191477947e-01
1.3763683983e-01 3.3285403084e-01 9.3438468703e-02 -9.8062231390e-02 9.0599259245e-02 -9.2304238333e-03 1.8683903485e-01 -7.7047253113e-02 4.2616410530e-01 2.7608691957e-01 1.3652969320e-01 1.6852082047e-01 3.3039473626e-03 1.1412696537e-01 -8.0855738085e-02 2.8601024054e-02 -6.2394161826e-02 -3.3934865244e-01 1.9238674568e-02 -2.2485068856e-01 3.8657501467e-01 -2.1828168749e-01 -6.8414289345e-02 1.4065396597e-01
9.1366049586e-02 -2.0570290368e-01 -1.0504850286e-01 4.5723670662e-04 1.4995170679e-01 2.1564071381e-01 3.0612653252e-01 -1.0820544469e-01 1.8425878163e-01 -8.6661357124e-02 2.2598130620e-01 1.5574992126e-01 1.6401335936e-01 -3.3364692100e-01 -7.5206445000e-02 6.5989094399e-01 4.0378819801e-01 -2.1246884713e-01 1.7377095502e-01 -1.0900075656e-02 2.6596138978e-01 -3.3046114327e-01 1.3911828709e-01 -2.5464738131e-01
-9.5978224934e-02 -1.4306274240e-01 3.0703375732e-02 4.3361639125e-01 -1.6416561660e-01 -1.6384749542e-01 -1.1835348176e-01 -3.9796115632e-02 2.2200037428e-01 9.5554788726e-02 1.9118462993e-01 -6.5211021420e-02 -1.0869708852e-01 -1.5747071589e-01 -1.3757476147e-01 -8.0206498033e-02 6.3430039875e-02 -9.8913391406e-02 4.1373965524e-01 1.4231594456e-01 2.5722176578e-01 -9.8784519952e-03 1.5631779447e-01 1.0619243162e-01
-7.6340965435e-02 -3.2260697505e-01 -3.8519701007e-01 1.1800585968e-01 8.6523626828e-02 4.7293628163e-01 -8.1022720944e-03 -2.3402671515e-01 1.6296018453e-01 -1.3205765656e-01 -3.8825427361e-02 1.8667523612e-01 7.8480865257e-02 -5.9909338223e-02 1.1797031273e-01 -1.3278838484e-01 -1.3560671759e-02 -2.7058433857e-01 1.4258079495e-01 -1.2421410386e-01 -3.6818493054e-02 8.3620692857e-02 8.9688446845e-02 -1.4086076783e-01
4.5410197561e-02 4.1140317099e-01 -2.8508865324e-01 2.0339906937e-01 3.5435145108e-02 1.8243808886e-01 -9.0052621323e-02 8.5748189720e-02 2.5803220362e-01 7.2225113781e-03 -7.1925221229e-01 -3.2648108031e-02 -2.3779047915e-01 1.9241057376e-01 -1.4858567863e-01 -9.4718466468e-02 -2.7008976027e-01 2.2987993696e-01 -2.1330123056e-01 -4.7730510590e-02 -1.6753121042e-01 1.3042447247e-01 2.4109603596e-01 4.4165313689e-02
4.5545509098e-01 3.1031314771e-01 2.8773035185e-01 2.0341118980e-01 5.2218650936e-02 1.6141995014e-02 3.6503478826e-02 3.0697464359e-02 -1.6050587752e-01 1.9771102561e-01 2.2761882568e-02 -2.5605594849e-01 -2.2650285228e-01 -1.1248458232e-01 2.7649139072e-02 1.3127147905e-01 -2.4181734858e-01 3.4665586999e-01 -1.4813496941e-01 -2.1913173633e-01 5.8295153278e-02 -9.5209217251e-02 3.4737773805e-01 1.5512145429e-01
-9.3872927828e-02 -9.9516257184e-02 1.0193649667e-01 2.1059414961e-01 1.2666772189e-01 -7.9925099285e-02 -2.7275817864e-01 -2.1313430995e-01 9.2346236000e-02 4.0828097094e-02 -1.7789840060e-01 -3.7570769711e-02 1.4134357142e-01 -2.8639821505e-02 -1.2342643801e-01 6.2175901924e-02 1.4184678361e-01 -2.2056405576e-01 1.5484978577e-01 -6.7689004878e-02 4.2223486084e-01 2.8589678454e-01 -9.3928346891e-02 -1.8552304681e-01
-1.0763051539e-01 -2.8426905615e-01 -2.7699619997e-01 -2.2778762339e-01 -2.6964695555e-01 1.3719899199e-01 2.1936002817e-01 -1.4103299309e-01 -9.4194851605e-02 -1.0568038549e-01 -2.3436901606e-01 1.7299244445e-01 -1.2293222957e-01 -2.7488167711e-01 -4.1101618551e-02 1.6672586148e-02 -2.6024832562e-01 5.1189400664e-03 -1.7150318338e-02 2.0307726665e-01 -7.3829775312e-02 1.1280927057e-01 2.0982941806e-01 -2.4165724288e-01
5.7986277156e-02 -9.2375466072e-02 2.9822733744e-01 2.9667436264e-01 3.1639252560e-01 -1.5184513222e-01 1.0653382367e-02 -6.2010906981e-02 -2.7888345639e-02 1.2919339071e-01 -2.1632772816e-02 1.5676475162e-02 3.8459432046e-01 -6.2965022769e-02 -2.0064112477e-01 -2.1208494591e-01 -3.7539393703e-01 -1.0737424210e-02 1.4288618152e-01 -7.3835674922e-02 9.6847747325e-03 6.5954057346e-03 -9.2483193371e-02 2.5988438233e-01
4.1531113058e-01 6.5355411914e-03 4.8613684687e-02 8.8123306393e-02 -1.1381440912e-01 7.9977853378e-02 -3.9045390252e-02 2.4032326585e-01 -1.2149450623e-01 -1.5102840772e-01 -6.4300230827e-02 -1.7458016219e-01 -2.0793598782e-01 -8.5834440172e-03 1.2968716202e-01 -8.8025407936e-02 4.5126782473e-01 1.8646730903e-01 -1.3946740500e-01 -9.3380188252e-02 -1.7467598640e-01 5.1770378212e-02 -1.1509213781e-02 2.6766506256e-02
3.7580018750e-02 -1.3756267130e-01 4.9947372440e-02 2.5748555839e-01 1.0241865725e-01 7.3100288002e-03 1.2227763136e-01 -2.2081878203e-02 -1.5154423712e-01 -1.5762166195e-01 1.6262674320e-01 -2.8686487503e-01 -8.9786812649e-02 -8.3782941233e-02 -5.9972273929e-02 -1.9699356021e-02 6.2947595494e-02 3.9233683508e-01 3.8160685753e-01 3.9664241393e-02 -3.3903726881e-01 2.0326803271e-01 -5.5167311608e-01 3.0353174964e-01
1.8288874532e-01 -3.2943961174e-02 -2.5981947995e-01 2.9076535491e-01 9.8366427987e-02 -2.6510227753e-01 3.3536477352e-01 8.2023578828e-02 9.8163919663e-02 -1.2565211489e-01 4.6420640708e-01 -4.3274579438e-02 3.5646991278e-02 -4.7233001473e-01 -9.0188314239e-02 2.6788515357e-02 5.3704932424e-02 -2.8612014110e-02 5.1309530815e-02 2.0319319594e-01 -4.3595568097e-02 3.1263513505e-02 -7.9027954493e-02 -5.3985020917e-03
-4.0020804727e-01 1.6798972191e-01 2.3391680762e-01 -7.9044396093e-02 -3.3354666139e-02 -1.0460469325e-01 4.7665762607e-02 -4.4201099534e-02 -2.4348613464e-01 3.5600415195e-01 2.3351006121e-02 -2.1852738426e-01 3.2437441199e-03 -5.3876009523e-02 -2.8751783397e-02 3.3333400376e-01 2.9169467161e-01 4.3933882547e-01 -4.2921427546e-01 2.7815559001e-01 2.2268175225e-01 8.9714392229e-02 7.4438124761e-02 -4.1098495056e-01
-1.3173273706e-01 -1.1437414711e-01 -9.8603049798e-02 -3.1376531308e-01 -3.8336573760e-01 1.9255450453e-01 1.8336215720e-01 3.7264546216e-02 -1.5276125060e-02 1.4356567587e-01 2.9767335958e-01 -1.9403393260e-01 -1.9178199724e-01 6.5935299783e-03 1.2698994465e-02 -7.0333551755e-03 2.2179029709e-01 1.2025856966e-01 1.3081417921e-01 5.4870100867e-02 8.6384973248e-02 -2.1210461756e-01 -7.6387335176e-02 -2.3562015156e-02
-1.3053723316e-02 9.7126535408e-02 -7.5803952801e-02 -4.0457608843e-01 7.0503884642e-02 -1.3107629462e-01 2.6137126966e-01 -1.2325757173e-02 2.2242073530e-01 1.4589689284e-01 2.1614075084e-01 2.3530537670e-02 -9.8478632482e-02 1.3102154368e-01 -3.7867966703e-01 -3.7608661854e-01 -5.0303112830e-02 -1.2027011288e-01 -3.1282486722e-02 2.8164356152e-01 7.8114391565e-03 -6.7854878413e-02 2.3508715034e-01 -6.3536531944e-02
1.1873767552e-01 3.0246247260e-03 7.6271528112e-02 1.7244090873e-01 -1.4347723795e-01 -3.3471541651e-01 -3.3719115578e-02 4.7512782691e-02 1.7704378267e-01 -6.2714759055e-02 -8.5806556928e-02 -2.7357278818e-01 2.3850484027e-01 5.3754915945e-02 -3.7991196219e-02 -1.8027440977e-02 1.4252697330e-01 -8.4474914157e-02 -2.2752888639e-01 6.3304730203e-02 2.6411158954e-01 -3.7228008401e-01 4.8052296916e-01 -1.0789757502e-01
