-3.1467503750e-01
1.0540536574e+00
-3.8568198886e-01
9.2860187233e-01
3.4202575558e-01
4.7312708503e-01
-5.3598230932e-01
-1.4695766281e-01
1.2752163321e+00
2.3049352866e+00
1.0385774665e+00
-1.8692499046e+00
2.3548147625e+00
2.1274964675e+00
-3.5552777107e-01
-8.2338649100e-01
-7.4564044271e-01
1.7693967018e-01
-7.2799186863e-02
-5.6161912770e-01
-8.8381359469e-01
-1.6020061329e+00
1.8462430174e+00
-7.1702215053e-02
-6.8149652618e-01
-4.7190594022e-01
8.4987127545e-01
2.0333206168e-01
-2.1285799483e-01
8.7976747114e-01
1.2672661876e+00
4.2096040546e-01
