6.9056998057e-01
1.8965002283e-01
-8.1557273133e-01
1.5958153968e+00
1.0116918058e+00
9.6993997565e-01
-3.5701207459e-01
-1.6612824185e-01
1.2859551663e+00
-5.6152752269e-01
-1.1600807739e+00
-2.3832197826e+00
-3.9860141328e-01
-6.1361906831e-01
-9.1824120575e-02
-1.5649478270e+00
-1.0832438051e+00
4.9549576058e-01
6.0910540427e-01
6.3723857076e-01
-7.5801806140e-01
9.1006863551e-01
-1.4225923825e+00
-4.3051684018e-01
-3.0773195732e-01
-9.4993049182e-01
2.0802424200e+00
-4.5005320466e-01
-7.5976062598e-01
1.4674158137e+00
2.4245115024e-01
-2.9588756709e-01
