-5.8097131865e-01
-1.4259188783e+00
-1.5132497256e-02
-6.7294859189e-01
1.9593341970e+00
1.3212780593e+00
-1.3266705498e+00
-4.3944288440e-01
6.5672287909e-01
5.2484219644e-01
2.7047814546e+00
-6.5004589304e-01
-3.2737846598e-01
-1.0941108288e+00
9.5795145108e-01
1.1669879052e-02
5.7521432624e-01
-2.4358334977e-01
-4.0878428883e-01
-1.6362511392e+00
1.3528022611e+00
-2.8833628353e-01
-1.5145809153e-01
1.1781645437e+00
1.0786658282e-01
-4.4438446711e-02
3.0812209483e+00
1.8012279991e+00
-1.4477602788e-01
9.6575164196e-01
-2.3873506718e-01
-3.2991725118e-02
