-1.4662116838e+00
5.7164740437e-01
-1.8158834043e+00
-3.5258296189e-01
-1.8047204692e+00
1.5714525266e+00
-2.5277594283e-01
-2.6567988698e-01
6.5159236946e-01
9.1329907293e-02
1.1805772562e+00
3.7731644214e-01
4.3912444586e-01
1.3044750127e+00
-1.0480875329e+00
2.7042739156e-01
-9.2577046836e-01
7.8634666340e-01
9.8053253476e-01
3.6766005997e-02
6.4680107463e-01
5.5143467250e-01
1.9050803194e-01
-2.7582091200e-01
-6.2349527555e-01
-3.9472598944e-01
-2.3934304851e+00
-3.5172477217e-01
-3.1085331879e-01
-7.1839994079e-01
1.3582558606e+00
1.3354129536e-01
