3.9927765206e-03 -4.2958316222e-01 -2.1317925357e-01 9.4921455331e-02 -3.3437470874e-01 1.2877230921e-01 3.7551551546e-01 2.3027292299e-02 3.0457991649e-01 3.9941774540e-02 1.8371726524e-01 9.4603470190e-02 -2.9209456460e-01 2.6767198458e-02 -4.3797916289e-02 -9.2452526031e-02 8.4990937408e-02 -2.2572546877e-01 -1.5062302311e-01 -1.9528424512e-01 -8.5709125628e-02 1.1696275366e-02 -2.9974459696e-01 -5.9156173471e-02 1.2714333155e-02 -1.6659076941e-01 1.3890030097e-01 2.0332582541e-01 2.2341305978e-01 3.1001456357e-01 1.7864315476e-01 -1.2923520167e-01
3.7237304858e-02 -1.1421878166e-01 1.9030863750e-01 8.6138377171e-02 3.6721882750e-01 1.6321661273e-02 2.6317575830e-01 4.3905569708e-02 3.7868497240e-01 2.3760356178e-01 -3.8580217220e-01 2.8365193313e-01 -5.8607959851e-02 -9.4285786968e-02 -1.6479234414e-01 1.7932652782e-01 -5.1372105053e-02 -1.7967107363e-02 -1.5346951839e-01 -1.3603037591e-01 3.7363098097e-01 -2.4966360764e-02 -9.0393257980e-02 -1.1702837245e-01 1.5545465238e-01 1.8499765618e-02 -1.9550973316e-01 6.1097084508e-02 4.5732746644e-01 4.8414315757e-02 -7.0379859493e-02 -1.2511726318e-01
1.8002684412e-01 2.5480979053e-02 2.2571800735e-02 -2.2641146080e-01 -8.4142461318e-02 1.2932559656e-01 1.6679579556e-01 3.0174971134e-02 1.0697571837e-02 3.1525497513e-02 2.9338971836e-02 -2.0607961197e-02 -5.4845633293e-02 -2.7075944498e-02 1.2468733300e-01 -1.4539077924e-01 5.0116568646e-02 -3.5704496354e-02 5.9680628764e-02 -5.1920740929e-01 9.9343297641e-02 -2.2927792568e-01 -1.1082440413e-01 -1.8465116054e-01 1.6978032799e-01 -3.7685206570e-01 4.2447142879e-03 -2.7629877812e-01 -1.0206155206e-01 -1.2358801655e-01 -1.1575254174e-01 -9.6895457826e-02
-1.5421956636e-02 -1.1688255676e-01 -6.8350491296e-02 -8.2539409956e-02 5.7710200691e-02 4.8658807197e-02 1.4342454088e-02 -2.8379918360e-01 -6.3392981331e-02 -1.3115287293e-01 1.2681623399e-01 5.8141996915e-02 3.0681381683e-01 -2.1972872998e-01 -3.5812495889e-02 -1.3906533132e-01 -2.0159610818e-01 5.1221417303e-01 -1.0988185129e-02 -7.8946135065e-02 1.3327570961e-01 3.2420653201e-01 1.1365136096e-01 -6.3297328550e-02 -4.2785211168e-02 -8.4393741116e-02 6.9023895106e-02 -2.0611982179e-01 -6.9736197319e-02 2.0494838181e-01 7.3426877438e-02 -1.6477883777e-01
-3.1493756944e-01 1.8307993232e-01 -2.7270857109e-02 -3.9192995865e-01 4.6844816173e-02 -8.8523492397e-03 -7.1782384473e-02 -1.8086559118e-01 3.4107627259e-01 -1.6491545257e-01 7.1351856913e-02 -3.4215580434e-02 -1.5363820364e-01 1.1006313696e-01 1.7643662676e-01 1.5295244575e-01 2.6092504958e-01 -2.4369256688e-01 -1.2159024808e-01 1.7617459948e-01 1.5248140218e-01 1.5457431982e-01 -2.0852414712e-02 4.3872425992e-02 -1.3931567514e-01 -9.2623227951e-03 -3.5040708870e-02 4.5241544403e-02 -1.8398893643e-01 3.4951855683e-02 -2.3325025718e-01 -1.3529869174e-01
-1.3774788481e-01 -1.1680237957e-01 -3.1785180630e-01 2.3122275688e-01 4.6672041713e-02 -2.0770083412e-04 6.1366856874e-01 8.9023964697e-02 -1.6499854929e-01 -5.6034568891e-02 -6.3779303836e-02 -1.4646457370e-01 1.6064699237e-01 -2.4533900996e-01 -4.5531904180e-03 -2.2416592943e-01 9.2016638008e-02 -2.1346339189e-01 2.2600038465e-02 9.2955736950e-02 4.0288658496e-03 2.4932251532e-01 -2.8145506187e-01 4.3092540199e-02 -4.1078850333e-02 -6.9660780457e-02 -1.9088233796e-02 1.7983676232e-01 1.5575760103e-03 2.4985399343e-01 -4.6396465804e-02 -5.0121227072e-02
-8.0419379221e-03 -1.4655454064e-02 1.6648556283e-01 1.2855391134e-01 -3.0946971665e-01 6.6842416493e-02 2.2678281714e-01 -3.3426291045e-02 2.7766397932e-01 -1.8807742178e-01 -1.1316602178e-01 -2.5180923309e-01 -1.1820178880e-04 -2.6007283024e-01 1.4672818237e-01 -6.1321149218e-02 1.5580577039e-01 -4.4914852005e-01 2.0084389043e-01 -1.4791476894e-01 -6.8345175087e-02 -1.1210038172e-01 -2.1483368697e-01 3.3403350503e-01 2.0951635071e-01 1.5668902818e-01 -3.3544498278e-01 1.1261610022e-01 1.6297761691e-02 -1.5876723622e-01 -2.2578130441e-01 -2.0860479000e-01
2.1015578526e-01 2.4829912935e-02 -5.3896737194e-03 -1.9878046754e-01 -1.7674618308e-02 -7.2886134618e-02 3.8674535612e-02 2.3637690841e-01 -1.4906358780e-01 -4.3031754588e-02 -4.6848823748e-02 2.3675960951e-01 1.1442680394e-01 1.2628640046e-01 1.4527085083e-01 2.4744732574e-01 6.2653530675e-02 8.9281236573e-02 -6.1255289114e-02 -6.1205221391e-02 3.9066981949e-01 9.4706258070e-02 -7.7154518444e-02 -3.2351913690e-01 -8.9707159310e-02 1.4683960973e-01 3.8720349482e-01 -9.3957098074e-02 -4.2122740389e-01 1.8424079403e-01 -1.7111621055e-01 -5.0488275092e-02
1.9296213577e-01 1.2581473671e-01 -1.2311261165e-01 -1.0905922534e-01 -1.1359070590e-01 3.8389172328e-02 -1.6929409937e-01 -1.7780491358e-01 2.8957151519e-01 -5.1689305083e-02 -2.1283999025e-02 -1.4505713937e-01 5.0761311985e-01 -1.4121884557e-01 -5.4516960662e-02 2.8027372554e-01 -2.3273958425e-01 8.1395404319e-02 -3.3498967768e-02 1.7398030029e-01 -1.7875363114e-01 5.9912901724e-02 -3.5669146064e-01 -1.8765367393e-02 2.1899594542e-01 -1.3012350100e-01 -1.9774688467e-02 1.8730410671e-01 -7.8191737010e-02 6.2897172358e-02 5.5441531465e-02 -3.4792656855e-01
1.3037459020e-01 6.2961018309e-02 -1.0437537775e-01 1.2317933727e-01 -1.6267971122e-01 8.3189380384e-02 -1.5530337454e-01 1.6530453822e-01 -2.6663210289e-01 -2.9581372492e-01 -6.8438806603e-02 1.6381074166e-01 -1.4626449939e-01 8.4150601439e-02 2.0467960741e-01 -3.2020848914e-01 1.3252688582e-01 2.1641763763e-01 3.9096673080e-02 2.6444064043e-02 1.7680654755e-01 -9.4366957723e-02 -1.9059921904e-01 -1.8843695428e-01 -1.8161872465e-02 -2.2186147505e-02 -2.0404654963e-01 -2.6817423601e-02 -9.0464251956e-02 2.6801974486e-01 -1.8760614073e-01 3.8765962756e-02
-5.3378799221e-02 2.4979043341e-02 6.8747336207e-02 6.8566701058e-02 1.5446901995e-01 -1.5468683570e-01 6.0785691980e-02 1.2307686854e-01 -3.2315758635e-01 -2.4633114943e-01 -1.1496209581e-01 -2.2230506015e-01 1.7630054801e-01 2.8853158064e-01 1.9319747431e-01 3.9642150076e-02 -3.3114593423e-02 2.1669737965e-01 2.3573693268e-02 6.0804629305e-02 -1.4249920307e-01 -7.1008159327e-03 -1.2475275088e-01 1.4064081876e-01 8.4187475799e-03 -6.7821590863e-02 2.6242126343e-01 1.8868561653e-01 1.7117696594e-02 6.2326601597e-02 -1.6567306001e-02 1.5082776300e-01
2.2386900491e-02 2.5935657050e-01 1.9571844470e-01 -8.8989797944e-02 3.6804762628e-01 3.7314344934e-02 -1.2626038005e-01 2.0286156754e-02 1.9084482031e-01 2.3569735354e-01 1.2052387237e-01 -1.5229761640e-01 -6.3032247292e-02 -3.5279062112e-03 3.2324221567e-01 2.1385999031e-02 -8.3552942574e-02 1.4325252131e-01 1.0317973570e-02 -6.4947051277e-02 4.4898703026e-02 -5.4702024783e-02 -7.9103312888e-02 1.6389680799e-01 2.0628104836e-01 -1.4964325781e-03 -2.5957358346e-01 -9.9406527028e-02 -1.5064191081e-01 9.7682916984e-02 1.3627783475e-01 3.1472578631e-01
-9.5033650206e-02 1.1449418730e-01 9.6090898140e-02 2.7040742712e-01 -1.4170238137e-01 5.6029918534e-02 2.1152896052e-01 -1.4646248836e-02 1.2561683043e-01 -1.1459022144e-01 -1.5236201326e-01 -1.2108363567e-01 1.5677662722e-01 -1.8491932578e-02 -2.2267730880e-02 -3.2122259575e-02 4.8371831109e-02 1.7905476831e-01 2.0665606788e-01 1.4010608049e-01 -1.9327478153e-01 2.0393772659e-02 2.6062701528e-01 2.3352101474e-01 -4.2929911171e-02 5.3613407350e-02 -2.5547699989e-01 1.2310217239e-01 1.7048930398e-01 -2.4189224458e-01 -1.5987299166e-01 -8.8434180727e-03
-9.3701689409e-02 1.8950957947e-01 -5.7308425442e-01 -9.1761407213e-02 -8.3446826238e-02 1.3828152828e-01 1.3437583048e-01 -7.2346052246e-02 -1.5796286621e-01 -3.8193170150e-02 -1.2960039441e-02 -4.0653904354e-02 1.6413974717e-02 8.8418384280e-02 -1.0980591526e-01 -9.8624301882e-03 1.3265511994e-01 -4.5092441554e-02 -1.2706803967e-01 1.1358137797e-01 -4.1544688262e-01 1.0766029274e-01 -2.4555778690e-01 -8.0514898831e-03 2.5898726681e-02 -1.9772025927e-01 -1.5825690264e-01 2.6053324123e-01 -1.3321215063e-01 7.9654473954e-02 1.2676448375e-01 -1.6780983017e-01
2.6853593220e-02 2.4858081999e-01 -2.6546812135e-01 4.2949355110e-02 4.0399739477e-01 -7.2162358550e-02 -1.4788226708e-01 1.9108656587e-01 1.0706154947e-01 -4.5324320593e-02 -2.5126549027e-01 -1.1037737327e-01 -1.2837439697e-01 -1.0839987395e-01 -4.9888507434e-02 -9.1952143924e-02 -1.4415909066e-01 -1.1987081982e-01 3.4578143079e-01 7.5605292078e-02 -5.3017209844e-02 -5.5074573485e-02 1.8062866987e-01 1.5432997913e-01 1.5936828348e-01 -4.9689384774e-02 -3.0823063047e-01 2.6546169534e-01 3.3726298569e-01 1.9169710137e-02 -2.2224475132e-01 -1.2895427843e-02
-5.2427664076e-02 -7.2152381531e-02 1.0492340090e-01 -1.3697384002e-01 1.3578777966e-02 1.7600495216e-01 7.2355513322e-02 1.0839462369e-01 1.3923426149e-01 -8.4653747581e-02 2.0367856423e-01 -2.3375431161e-02 -1.5817277749e-01 -3.0558837337e-01 3.5948110237e-01 1.6975721452e-01 1.2572153788e-01 5.7088839648e-02 -1.4669103802e-01 5.2927506696e-02 -3.8074502512e-01 4.8755282112e-02 7.5421543739e-03 -9.1354255740e-02 6.6952057938e-02 2.1139343747e-01 9.2225461765e-02 -1.3962146837e-01 -7.6342586745e-02 4.9064887633e-02 2.0084949040e-01 -4.4507897370e-01
-2.7180016847e-01 -3.1836444533e-01 1.1002045618e-01 -1.0564951592e-01 -1.4795940152e-01 -2.2726610453e-01 -1.5534744508e-01 -1.3307210295e-01 1.1264938402e-01 6.6676220036e-02 -5.6104980481e-02 2.7669494561e-01 4.7567463281e-02 -2.7304080713e-01 -1.1949519121e-01 1.3443744661e-01 1.1568900075e-01 -3.5047636536e-02 -3.0027712607e-01 -3.7958106408e-01 3.4934911990e-01 3.0135407883e-02 3.4387151045e-01 -1.2114863793e-02 -2.6025816035e-01 -2.2018827087e-01 1.4171681074e-01 2.8495768752e-01 -6.6307939284e-02 2.6555847088e-01 -1.6168208033e-01 -1.4020190167e-01
1.9469640389e-01 4.1422030642e-01 2.5916796314e-02 -3.6712118862e-02 -9.5388050417e-04 -2.8016003422e-01 1.3121380974e-01 1.1999791675e-02 -2.2935467594e-01 1.6677806940e-02 -5.3567161155e-02 -1.6985093828e-01 1.3078962804e-01 3.3838623758e-01 2.0445313936e-01 1.7249294577e-01 -8.6977694218e-02 2.7717159727e-02 9.0949257646e-02 1.4003811172e-01 1.8296727879e-01 1.8360773032e-01 1.4411442803e-01 -7.9751306723e-02 2.8682452127e-01 8.8452014040e-02 7.6041587303e-02 1.1895861085e-01 -1.8175501491e-01 4.6062745219e-02 -3.3107627018e-02 1.4401390623e-01
8.8212368134e-02 2.1364009711e-01 -8.9086025956e-02 3.5324737796e-03 9.6773947991e-02 9.7774354305e-02 -1.7439262191e-02 -3.2200841741e-01 1.0590578953e-01 -2.0923300799e-01 -2.8798182390e-01 2.5400408390e-01 1.3432704978e-01 -8.8365827755e-03 1.2023557675e-01 -7.4301482071e-02 3.8222125080e-01 1.5693408359e-01 -1.8313690107e-01 -3.0005173707e-01 -6.4020879530e-02 5.9250714524e-02 1.3372189752e-01 -1.2695594302e-01 2.0590376769e-01 1.2242395305e-01 -2.2547642246e-01 -6.2456807771e-02 -2.9071367334e-01 -1.1114004739e-01 -7.5886906140e-02 1.5138897382e-01
1.4221954849e-01 -1.4646308825e-01 -2.8012586500e-02 -8.7455904776e-02 2.0410554790e-02 1.0887580888e-01 -6.1755231096e-02 -3.7264115478e-01 2.7020227022e-01 2.6090040259e-01 -1.3753912711e-01 -1.4381192942e-01 -1.6500214166e-01 -6.2386783345e-02 -1.5484742773e-02 9.7364557103e-02 1.4056149514e-01 -3.2718268402e-02 1.2576602296e-01 2.1171621948e-01 1.2615565438e-01 -2.4000451675e-01 -4.5606150878e-01 2.0591931042e-01 -3.1351962790e-01 -2.8652261412e-01 1.8368385702e-01 -8.4196047696e-02 1.4684619124e-01 2.8527235688e-01 -1.1813554563e-03 3.3259875233e-01
-1.1245489605e-01 -3.6513137975e-03 1.3616364963e-01 1.0340144995e-01 2.7518813100e-01 8.4439129725e-02 1.0363994741e-01 4.1838659574e-02 -3.6742383772e-03 2.7132073929e-02 3.8980338811e-02 3.3035155430e-01 -2.0680989254e-01 2.4485306300e-01 1.7612494505e-01 -1.2836786897e-01 -1.2934294038e-01 -2.7947075981e-01 -1.5732402227e-01 -1.0190252229e-02 -1.5569370467e-01 -1.2701611162e-01 1.3536697642e-01 -9.9550535162e-02 -7.0452217308e-02 1.2443554079e-01 1.1663218511e-01 3.6564844808e-02 2.0049399639e-01 2.9164864481e-01 3.5395969609e-01 -1.2799439447e-01
3.0544146965e-01 -1.1623614622e-01 1.7337645168e-01 -1.5497464437e-01 9.1913597385e-02 -8.1586505182e-02 1.8132891992e-01 1.9313362219e-01 1.5538971981e-02 -1.6852286466e-01 1.2451441206e-01 7.7744532202e-02 3.7215546377e-01 6.3050567825e-02 1.0465182253e-01 -2.3997998925e-01 -7.8763668159e-02 -1.0616129360e-01 3.2704116257e-01 1.1439596924e-01 1.3833439041e-01 -2.9809302668e-01 8.3850664241e-03 -1.0861348259e-01 -1.0099816629e-01 -9.9698821229e-02 -8.0810148056e-02 -1.8968535704e-02 -1.8393269691e-03 9.2022848566e-03 -1.0971235846e-01 2.5605045366e-01
3.9383185916e-03 1.9295777758e-01 -1.2088075590e-01 2.3755293467e-01 -1.9952621993e-01 -2.1104471819e-01 -2.2946494946e-01 -4.3405088528e-01 -3.1638333205e-02 9.2101126739e-02 1.0565226996e-01 -2.8896413287e-03 -1.5980252800e-01 -6.9470150758e-02 -1.7877806317e-01 -1.2258534293e-01 3.4994945431e-01 1.7926405361e-01 -1.4584357971e-01 1.9345968127e-02 1.3127879840e-01 2.0705213322e-01 3.2696292689e-01 6.6323922792e-02 3.0026090620e-02 -2.1127632123e-01 -9.4855431141e-04 3.5560143272e-02 2.6629939419e-01 -3.6767105717e-01 -1.2986275801e-01 -1.4026027792e-01
3.3772695561e-01 2.2108894595e-01 1.6985705264e-01 4.2632027364e-01 -1.1852380707e-01 3.1236611737e-01 4.0747970925e-02 -1.6895756532e-01 1.2930162997e-01 -1.9751700919e-01 -9.2113393385e-02 -2.8226479570e-02 1.2525112549e-01 2.0502188963e-02 2.9212535676e-01 -2.1709048337e-01 1.0715434526e-01 -3.1532811755e-03 1.9430309313e-01 -1.0348732100e-01 -1.0409923560e-01 -5.2210404654e-02 1.1731054392e-03 2.0693131577e-01 6.7869481751e-03 1.1192442647e-01 -2.1111600022e-01 1.9646658621e-02 8.7204441416e-02 1.3201140370e-01 3.1414553263e-02 -6.1896393418e-03
1.9342731447e-01 7.5900825350e-02 2.1229231312e-01 2.1366059430e-01 4.4009924984e-02 -8.7682962076e-02 1.6010179595e-01 6.3329596607e-03 1.9477765568e-01 -2.7225333285e-01 -2.2549046337e-01 2.6594425191e-01 -3.4241464448e-02 6.5545137355e-02 -2.3047487368e-02 2.7614001030e-01 1.5643497793e-02 -8.1040529774e-02 -2.8384648869e-01 -5.4753855439e-03 -4.5136202887e-02 -2.9380700818e-01 -2.4524108493e-01 -9.6246166129e-03 2.5791823285e-01 3.2491141663e-01 1.3496228927e-01 -2.1332469018e-01 1.8821570150e-01 -2.7300254217e-01 7.0973902154e-02 9.3520908639e-02
-1.1463068079e-01 4.2392835430e-02 -2.1911089862e-01 -8.2873393670e-02 -2.8116544656e-01 5.2216100808e-03 1.0105342316e-02 6.2978352584e-01 2.7777812160e-02 -1.1819461293e-03 -3.2505784588e-01 -1.9173475617e-01 2.1964031010e-02 3.1490372314e-01 -6.9829668080e-02 7.2779709278e-02 7.7052861598e-02 -1.3732213824e-01 7.9566521510e-02 1.5713539765e-02 -1.7268424631e-01 4.1926866693e-01 -1.6738997336e-01 8.9193328121e-02 1.1933821422e-02 2.5722829556e-02 -9.2898119300e-02 -2.3261573475e-01 -2.7172466439e-03 -5.5106129071e-03 -1.1136024004e-01 5.4243766754e-02
2.9378078954e-02 -1.4344355956e-01 1.1541597132e-01 -1.3849085947e-01 2.7007736045e-01 2.7729753707e-02 -2.6807551039e-01 6.8133173884e-02 1.7139744578e-01 -2.3143450003e-01 -5.2678653457e-03 1.7209824546e-02 3.3788195516e-01 -2.7814568974e-02 3.3502217640e-01 2.1925635978e-01 -8.5206047956e-02 5.0521594650e-02 1.2948334315e-01 -9.4203515852e-03 2.4325105326e-01 -6.9482603817e-02 1.5738791912e-01 1.2156358303e-01 -4.4317208042e-01 1.9944531441e-01 -2.1479663625e-01 3.0133745274e-01 1.6224967032e-01 -4.1123167886e-02 -2.7996384234e-02 -2.3654591612e-02
-3.1529603680e-02 2.8956340238e-01 6.3111128332e-02 -1.5614703602e-01 1.0776756831e-01 -1.5286570206e-01 -1.2656354717e-01 -4.0302747629e-01 1.8215436800e-01 1.1010776693e-01 6.1272329975e-02 2.9578375015e-02 -2.0790702018e-01 -1.8091630030e-01 -1.2744877870e-01 -1.6923927351e-02 2.2730985607e-01 3.6249593548e-02 -1.6449377550e-01 6.8249931391e-02 1.4870991181e-02 1.6495788742e-01 2.2201489750e-01 3.3776330858e-01 2.5874831010e-01 -7.5755812496e-02 5.9926965659e-03 9.6264728690e-02 -2.7373807249e-01 -2.5576540079e-01 1.9697355033e-01 -2.0360528830e-01
2.3444690886e-01 1.5529507713e-01 -4.2225628685e-01 -4.6732168057e-02 -1.9994462509e-02 2.0802307260e-02 -1.6844403564e-01 3.2592511589e-01 -6.4125754708e-02 3.1594577775e-02 -2.6504224004e-01 4.3363011650e-02 -2.8219900545e-01 -1.1993645859e-01 1.7865758616e-01 3.7918336064e-01 -1.4229263891e-01 -4.9590618872e-02 -8.6438841971e-02 -7.9000886332e-02 1.1999806157e-02 1.3136727012e-01 -4.6404568174e-02 1.8173195848e-02 -3.0436278779e-01 -3.9483448825e-02 5.3743131082e-02 1.9009021137e-01 -2.6998569372e-02 -1.0025796187e-01 9.5637325657e-02 2.2750737731e-01
-2.9513863199e-01 -1.0135477784e-01 4.5657135371e-02 1.0839532145e-01 -7.9366545211e-02 -9.0531472499e-02 -3.3329191221e-01 3.6053151140e-02 2.4884805799e-01 -1.2162313134e-01 -1.1437935530e-01 4.4471430843e-01 -3.4697364450e-01 -3.3074149616e-02 2.4148602791e-01 3.8686170730e-01 6.8415049357e-02 -4.4994683344e-01 2.5748739463e-02 -2.8882369384e-01 2.1048488884e-02 -5.4449615346e-02 -1.8743218660e-01 1.4959309196e-01 -1.2728402590e-01 -1.8232292677e-02 2.0047928022e-01 -6.5307995744e-02 -3.6261333556e-01 -8.6728765426e-03 -1.3633687266e-01 -2.8148568396e-02
-3.1429906654e-01 -7.0018160034e-02 1.3444715494e-01 6.6797132414e-02 1.2508742493e-02 -7.5859572570e-02 -9.4000043916e-02 -2.1236893336e-01 2.0788279024e-01 1.4917855589e-01 6.9033750402e-02 7.7800056290e-02 -6.0335603603e-02 8.9837880590e-03 -3.4256125371e-01 -2.4602009673e-02 1.5640968503e-01 -6.0963155455e-02 1.2389876986e-01 -3.0610138725e-01 -3.0668081132e-01 1.5447770365e-01 9.8778056066e-02 -1.7068979149e-01 -6.1996838273e-02 -5.0447127226e-01 -1.1337975288e-01 2.8730089302e-02 1.2528725390e-01 1.0115512957e-01 -2.1183151349e-02 5.2458943116e-02
-5.0214832023e-02 -2.0778268527e-01 8.7522855865e-02 -7.5031298946e-02 2.3106357751e-01 -2.3753279829e-01 1.3521093119e-01 -9.8800537898e-02 4.7776879214e-02 1.6340627320e-02 7.3552933994e-02 -6.8053041178e-02 9.1440060456e-02 -7.6130084929e-02 2.1437420440e-01 1.8850819166e-01 1.2877120399e-01 1.0657882049e-01 6.2408624645e-02 3.4329253768e-01 -1.1078237868e-01 -5.4720321028e-02 3.5568480880e-01 -3.8250912863e-01 -1.0995474379e-02 -5.0872033667e-02 7.2795975108e-02 -9.5047773319e-02 1.9921784321e-01 -1.7746879309e-01 2.3260379510e-01 -1.5889664198e-02
