2.1015920152e-02 -2.7727278295e-01 1.1228517844e-01 -9.2697278136e-03 -5.4142629550e-03 3.1665503190e-01 -4.0999178329e-01 5.4560429779e-01 4.2427392604e-02 -7.4583229616e-02 -1.6382168169e-01 1.0292004998e-01 3.0451708313e-01 -1.1368750945e-01 2.2770146029e-02 -2.4777105859e-01 -3.3518314708e-02 -1.8926859922e-02 -2.8970620069e-01 2.2088695549e-01 1.5531404014e-01 1.2148064750e-01 -7.0021322425e-03 -3.1506414280e-01 1.6918589803e-01 -1.7256984402e-01 5.6910838079e-02 1.0710943883e-01 -2.7617206824e-02 -1.1881963531e-01 3.7890919896e-01 6.9146697556e-02
1.4563526379e-01 -5.9980462206e-02 -8.6909142298e-02 -4.6158043264e-02 -3.8906278052e-02 -2.1303246449e-01 -1.4411054283e-01 1.4221378444e-01 2.5963895609e-02 -1.4983609762e-01 -2.4202589433e-01 -5.1402373961e-02 -8.8197540580e-02 1.1324451098e-01 1.5964336002e-01 3.6039238569e-02 -1.5282477944e-01 2.4771150317e-01 5.2672218588e-02 -7.3519490954e-02 1.3278141323e-01 1.0703363077e-01 1.0163867835e-01 2.1409257666e-01 1.2893979455e-01 2.3815369186e-01 -2.2635364787e-01 1.0213776665e-01 -6.8260762249e-02 -1.8455800249e-01 3.4053395223e-01 1.6236003097e-01
8.1582461787e-02 -5.3725807045e-02 -3.1008433999e-01 -2.5110947494e-02 -2.8698971189e-02 9.3860104217e-02 -4.2488258622e-02 6.2499698692e-03 1.6234137474e-01 -8.7582763045e-02 8.7757727014e-02 2.3494868560e-01 1.2357270334e-01 1.2220123421e-01 2.8516143062e-02 1.3621235913e-01 -2.2266096408e-01 2.3807249519e-01 1.2283633685e-01 -1.1930719952e-01 1.8458358138e-01 2.1204356116e-01 4.2983014213e-02 1.1318511190e-01 5.2460460783e-02 4.4795666571e-02 -3.2955680763e-01 1.7970433790e-01 4.2509266713e-02 1.7239234205e-01 -1.0352494595e-01 2.2865577569e-01
-1.6613372302e-01 1.6513572204e-01 -3.2146952986e-01 -5.5543128620e-02 3.0844440598e-03 -1.5211359840e-01 -4.0291460810e-02 -2.8901716325e-02 1.4272036882e-01 -2.7044519197e-01 1.4233501404e-01 2.7205046924e-01 5.2330549010e-03 -2.9638550387e-01 -1.1784226454e-01 2.0341952902e-03 1.2340756060e-02 -1.9829672371e-01 -3.7221852670e-01 -1.8108684043e-01 7.8101652407e-02 -2.2562844973e-01 7.6891240101e-02 -3.2957606517e-01 -2.6168906070e-02 -2.5432797471e-01 1.7485910039e-01 -1.7232268244e-01 -7.0711256017e-02 3.3868532115e-01 -1.4353262761e-01 3.1338033183e-01
1.2087396183e-01 -9.0194606229e-02 3.8176832790e-01 -1.5827467304e-01 3.6196894398e-01 -6.5898984652e-02 1.1509118621e-01 -6.5359295827e-02 -1.4161768095e-01 -1.5611462588e-01 -7.6720494724e-02 1.5347830417e-01 1.4899935480e-01 -2.2415272808e-01 5.5751202828e-01 -5.2033421996e-02 1.7776754570e-01 -3.5069353687e-02 3.4895047701e-01 -2.3236106845e-01 2.5507510671e-01 -1.8600528837e-01 1.4865012409e-01 8.8239565983e-02 -2.0164698176e-01 -9.8765553762e-02 1.1290538486e-01 2.1868070020e-02 -1.3194670776e-02 -3.0926981932e-01 1.1984557577e-01 6.1600859342e-02
6.8985363175e-02 -2.0186274915e-02 -1.8543907481e-02 6.1726049555e-02 -1.9543262138e-01 -2.2152369721e-01 -2.9236250898e-02 8.0369399863e-02 -5.0860528551e-02 1.0683077828e-01 -1.8794668077e-01 -3.5353986931e-02 1.7094003735e-01 -4.3311088361e-01 -1.5945065534e-01 -3.6939350788e-02 2.1012205820e-01 2.0092570597e-01 -1.9734183277e-01 -1.0022234016e-01 -3.5640430481e-01 2.8230031415e-01 3.8512025517e-02 -1.1790773936e-01 -7.5368978571e-02 -3.5269366602e-01 4.0198239722e-01 -5.3734324859e-02 -2.8162720622e-01 3.5625261713e-02 -1.4879152428e-01 1.9984743241e-02
3.4349989124e-02 7.2984568975e-02 1.6363388353e-02 4.6066816880e-03 -1.2244529408e-01 1.5037938622e-01 7.6345860645e-02 1.4988325762e-01 1.6331667370e-01 2.3769434916e-01 -2.9350331241e-01 1.4862410093e-01 3.3039327438e-01 -3.2673562190e-01 -6.6107599073e-04 4.0583225387e-01 -1.6598245571e-01 -4.9322059915e-02 -7.2633760017e-02 1.1592761730e-01 3.0509874501e-01 5.3799147857e-03 2.9413622152e-01 -1.2534596342e-01 -8.6040697018e-02 1.0147420510e-01 2.0414745871e-01 -7.9757882285e-02 -3.5629086077e-01 1.4789569117e-01 1.7015514625e-01 2.0968282593e-01
2.9962008735e-02 8.2214820085e-02 1.7995917912e-01 1.3465016372e-01 -1.7549674466e-03 5.2834655238e-01 -2.4157544174e-02 7.9777492912e-02 -4.0096650657e-01 7.9018160656e-02 2.0161449331e-01 1.8448293840e-01 4.2871177284e-02 -1.2512490626e-01 -2.1508732927e-01 1.6568934502e-01 8.2017656832e-02 -1.9157611299e-02 3.4093193713e-01 6.2870475349e-02 -2.3600476743e-02 -1.9731804995e-01 -1.4056745456e-01 -2.2127125155e-01 -1.6462044970e-01 -1.3106631840e-02 2.1153265282e-01 1.1361152359e-01 3.9695335427e-01 2.2271352950e-01 9.4576120012e-02 -2.2692717644e-01
4.2575269118e-01 1.7980575882e-01 -2.2706665796e-01 -2.9089140774e-01 -8.6157674401e-02 -7.1614467984e-02 1.2879078371e-01 -1.1797450559e-01 4.0624441246e-01 -2.8079561507e-01 5.8474590347e-01 6.0466866570e-02 1.3136653185e-01 -1.8173230959e-02 3.5894405733e-03 7.0925429058e-02 2.5344054493e-02 -1.2756033262e-02 -1.4992729001e-02 4.8809119164e-02 -1.1763051318e-01 5.4700240773e-02 -5.4831407964e-02 3.0310116614e-02 3.2674431218e-01 7.2096630603e-02 -3.8883240164e-01 -7.6259029527e-02 3.3494379770e-01 -1.1649515998e-01 3.2045066411e-02 -3.0726383338e-01
-1.1598627598e-02 1.6825893421e-01 -4.2430674189e-02 -3.8350557556e-04 6.9143958368e-03 2.0375392220e-01 1.0614493158e-01 4.0587167479e-02 -4.2220236957e-02 -8.6974603507e-02 2.6912440490e-01 -1.4324309039e-01 -2.0380937566e-01 -1.9706969077e-01 3.2087122004e-02 -1.3843762322e-01 -1.8121125145e-02 -1.6095871026e-02 4.2292207527e-01 -1.9293369964e-01 7.8004321969e-02 -1.7595829002e-01 2.1400350283e-01 -3.9704428267e-01 5.5948071654e-02 -2.3099682215e-01 9.4731405395e-02 1.3687151211e-01 -1.6361563553e-01 2.3583045037e-01 1.9287233934e-01 -9.2151122306e-02
-5.3099659248e-02 4.9993682457e-01 -9.6923729033e-02 2.7097377899e-02 8.5338483716e-02 4.1333663806e-02 1.5693761940e-01 -1.4923586999e-01 -1.6655990276e-01 -2.9186038858e-01 4.1113649423e-04 -3.4485785740e-02 -1.1530881204e-01 9.0421043462e-02 -2.5957586246e-01 -8.9424963314e-02 -4.3380767501e-01 1.1684101691e-01 1.3744781691e-01 6.0068740819e-02 -1.0916738196e-02 1.8077198074e-01 2.4216311479e-01 -2.1817240663e-01 -1.4122798173e-01 -3.0833574695e-01 -4.6569581881e-02 2.6789727011e-01 7.6110354499e-02 4.0721579856e-01 -3.4584129278e-02 2.0805282012e-02
9.6602903145e-02 -2.6615926897e-02 3.6793580400e-01 -2.0434975078e-01 -1.4545089511e-01 -5.4978428054e-02 1.2390496555e-01 1.1286897951e-01 1.3109304800e-01 6.8408940472e-02 4.0086022869e-01 1.3148424237e-01 -2.1163465731e-01 1.2658733477e-02 -3.6479423374e-02 -4.6003386582e-01 9.8684615062e-02 1.6943920910e-01 4.8624817028e-02 -1.3610519525e-01 7.7967130447e-02 2.5673458060e-01 -1.4177820639e-01 1.7014553438e-02 -9.1527991074e-02 1.7684781316e-02 2.9113692722e-01 -3.3762463147e-01 1.7021924703e-01 -7.0368846655e-02 6.5121705343e-02 -1.9528265188e-01
-1.6671156408e-01 1.4045476740e-01 1.3018882772e-02 3.6176460472e-01 7.8998301418e-02 1.0495896349e-01 1.9641046034e-01 2.7753201676e-01 -2.6592233088e-01 -2.7283291390e-01 -3.0119410708e-02 1.2819172996e-01 1.3051648531e-01 1.7202816538e-02 -6.4130919439e-02 -7.7755979459e-02 7.7599434796e-02 -3.4429703367e-01 -2.9543949803e-01 4.3465921951e-01 3.0365899770e-01 -1.4384386766e-01 2.6393322065e-01 3.8374905792e-01 2.7163942119e-01 2.5727410964e-01 -1.9821325166e-02 2.0677620428e-01 -7.9306859265e-02 2.3361247661e-01 9.9355076463e-02 5.5007313852e-03
-5.7537569954e-02 -9.2144870912e-02 6.1357749636e-02 -8.8808483518e-02 3.2139308704e-02 1.6295880319e-01 -7.2188911380e-02 -4.2680521201e-02 6.5854344243e-04 2.4508439459e-01 7.9634999334e-02 1.2090803163e-01 3.5036811725e-02 -1.5118877947e-01 2.7570353151e-01 -1.8280074399e-02 -1.7928003863e-01 -1.2416551711e-01 -1.4702862434e-01 2.4517023450e-02 3.3727924960e-01 -2.9025711250e-01 5.3911050115e-02 -7.7322254022e-02 4.5700076858e-03 -2.0465767884e-01 2.1777909180e-01 4.9721843957e-02 3.1859236537e-01 1.2509576432e-02 -3.7525504198e-02 -2.6183004124e-02
2.2634537871e-01 -3.1194815182e-01 5.8766469727e-02 7.8321823087e-02 1.0506556091e-01 6.5541849452e-02 -5.5323871481e-02 -1.2276046371e-01 -2.3944703861e-01 -2.1484948733e-01 -1.3582055139e-01 1.7418087711e-01 2.4391567920e-01 2.1587141816e-01 -1.6869749793e-01 -1.7320413987e-01 1.3862110065e-01 1.3165335220e-01 6.8280261729e-02 1.6192134085e-01 2.7843384622e-01 -4.2865098220e-02 -3.1602428237e-01 2.1533981975e-01 -6.2494303810e-02 -7.5706274106e-02 1.2161044325e-01 1.4087072909e-01 -8.0032167351e-02 1.4977893402e-01 -1.9176095026e-01 5.5484794135e-02
1.4305883945e-01 -1.3841209070e-01 -2.0759724988e-02 -8.7973559250e-02 1.1637950402e-01 -7.7994643647e-02 3.3874547266e-01 7.1101163124e-02 -9.5172687081e-02 -1.0726030958e-03 1.4776762213e-01 -2.8214834970e-01 -1.9763865441e-01 3.3987607201e-02 -9.3490795614e-02 -1.7148499110e-01 4.9120013734e-03 -2.2423767908e-01 -2.7411436920e-01 3.0523842943e-02 1.1058076314e-02 1.1800008134e-01 3.9082487701e-02 1.3278561223e-01 1.2170495513e-01 -1.9166606133e-01 7.9504028953e-03 -1.2158632134e-01 2.2529370294e-01 -3.4849330235e-01 -5.3173357372e-02 6.7179748590e-02
-4.7655323352e-01 1.0803174972e-02 6.2389678428e-02 -8.7338643461e-03 -2.5224084654e-01 3.9354990878e-02 -1.0029379548e-01 -2.2348455004e-02 -1.5997179448e-01 -2.4925762692e-01 -9.2599744790e-02 4.8822770753e-02 1.4632978440e-03 2.2031772085e-01 5.4459601831e-03 -7.4272513128e-02 -2.4017318934e-01 -2.7094428533e-01 1.9744401738e-01 -8.2841051621e-02 4.0777101355e-02 1.0179791879e-02 -1.2679487422e-01 -7.7756263699e-02 -2.0671866624e-02 1.0013955126e-01 6.3523340319e-03 1.1948639695e-02 4.4651227343e-02 2.0094640394e-02 2.1389554998e-01 1.2209892074e-01
-6.3551152983e-02 3.2909888872e-02 6.1228366231e-02 9.1632937925e-02 -1.1830178816e-01 -1.5993117820e-01 9.6832632521e-02 2.5812215208e-01 -1.3735098836e-01 1.3843501585e-01 -3.2609266000e-01 -8.4116799269e-02 1.7695395492e-01 1.8484683807e-01 2.2405439576e-01 1.2849787697e-01 -8.3429155569e-02 2.0714488187e-02 2.8239991039e-01 1.1742689656e-01 -1.0135173184e-01 1.0562530616e-01 1.9793512452e-03 -1.5542483415e-01 -1.5891783586e-01 -4.8214160087e-02 -4.8365571176e-02 -1.2908007397e-01 -2.8567069454e-01 -5.3055586851e-02 1.4899485849e-01 -7.4113436695e-02
1.0138351673e-01 -5.9119564020e-02 1.5446581617e-01 -1.1101304161e-01 -2.7814826404e-01 -2.4832880117e-01 -2.0272114901e-01 -1.0896373889e-01 -1.3906171900e-01 -1.0336536586e-01 1.0786716442e-02 2.3949834640e-02 -3.6836351838e-02 -1.1190094132e-01 1.2122097337e-01 -3.2033928271e-01 1.6002505347e-01 -1.6205383868e-01 1.4358436108e-01 -1.0286400571e-01 1.0356877176e-01 -2.4633510991e-02 -6.8887947163e-02 -1.0317034180e-01 3.1241664544e-02 -1.2353652337e-02 -2.3203562363e-01 1.8583324407e-02 3.6674884114e-01 -7.7900718669e-02 3.1432472733e-02 4.4891783178e-01
-6.3326366640e-02 8.4456896004e-02 -3.5127516464e-01 2.6085952809e-03 8.5346394303e-02 -1.6934881168e-01 1.1453332255e-01 -1.5070174448e-01 4.0811739257e-03 -1.6311537244e-01 1.5708094913e-01 1.6261841637e-01 1.9180451950e-01 -1.4352889914e-01 -8.6965224321e-02 -1.7401163693e-01 -5.7297929871e-03 -5.1332692943e-02 2.1229501081e-01 3.1929236159e-01 -2.6104543427e-02 1.3783896910e-01 -5.6534674230e-02 -1.0794777462e-01 2.6459416987e-01 4.7319840636e-02 1.4513472961e-01 -1.6478735815e-01 2.2947129907e-01 7.3097706306e-02 8.1178084210e-02 -9.3546046870e-02
1.4294766435e-01 -2.0878942125e-01 3.8056775957e-01 -8.6479450792e-02 4.7705836510e-02 -8.5101609381e-02 -7.0115069209e-02 -2.0998702214e-01 -1.4139168090e-01 -2.2025908141e-01 -1.8780209561e-01 -6.5004786134e-02 1.4217938961e-01 1.3465098271e-01 6.9985977692e-02 -5.4297981987e-02 1.3790208387e-01 2.0752076974e-02 -1.2847433863e-01 1.4414601433e-01 -1.4287507279e-01 7.9975825432e-02 -1.3636264137e-01 1.1556513155e-01 1.9444562770e-01 -8.1271763011e-02 -4.1376360188e-02 -1.3999606502e-01 2.1456336466e-01 4.0324798186e-02 3.1125279821e-01 -2.0884534297e-01
-1.7194078095e-01 -1.3491816749e-01 -5.4242060319e-02 1.0106282696e-01 1.9613254399e-01 -2.6569236105e-01 -6.6121728140e-02 -3.7707222683e-01 2.5127260849e-02 3.1727244856e-02 -2.7366314163e-01 2.6447294252e-01 -9.3519305231e-02 -2.8903684973e-03 3.0128745258e-02 1.2909839295e-01 1.0682793390e-02 2.3560504134e-01 1.3777846232e-01 -2.5723905466e-02 1.1609828850e-01 1.6563776895e-01 1.5117216435e-01 -3.0195460662e-02 1.1968065995e-01 2.8402526187e-01 2.1206076338e-02 -3.4654608172e-01 1.3372751547e-01 2.6589714029e-01 2.0051355705e-01 3.1419218060e-03
2.2579447338e-01 2.9374298725e-01 -9.4823748041e-02 9.0289949960e-02 2.2587750312e-02 6.1749485362e-02 8.9342276793e-02 2.6728500568e-02 -3.9237096442e-01 7.8187743869e-02 1.4618877323e-01 -2.4752030206e-01 -9.1990103536e-02 1.3133548294e-01 1.5388471180e-02 -2.2482353429e-02 -1.2764276139e-02 1.8092354199e-01 -1.6321307409e-01 -1.9728258776e-01 -2.0259068937e-01 -1.8407238880e-01 -2.0866872402e-01 2.6580379277e-01 -1.0547604101e-02 1.6576571361e-01 -7.4772839043e-02 2.0864822821e-01 1.1050098809e-01 -1.0631282132e-01 -5.5497355333e-02 -1.5644835740e-02
1.0260160771e-01 -1.2470415870e-01 -2.9421286021e-01 2.4694086704e-01 1.8531990872e-01 2.8800183922e-01 7.1779462894e-02 2.7206485981e-02 -2.2113562259e-01 1.3673968205e-01 -1.2244341734e-01 1.6994352394e-02 1.5212161520e-02 6.3757318467e-02 -1.7222277791e-01 -3.8417423382e-02 1.5772497467e-01 -6.6350473620e-02 8.3363516989e-02 -2.8415184711e-01 1.4897910419e-01 -9.7544490318e-02 -6.4231756412e-02 -4.6022274725e-02 -1.0112492426e-01 2.5581059299e-01 -3.0649859816e-01 -3.6398057532e-02 9.1222568753e-02 1.6258133346e-01 -8.2035152368e-02 1.1678234209e-01
9.2343667853e-02 -2.1270786657e-01 -4.8510066776e-01 3.1304022050e-02 3.7110156150e-01 -1.0653737418e-01 -1.2931789600e-01 2.7357625024e-01 1.9576327350e-01 -2.0090726477e-01 -1.4019317037e-01 3.2956122543e-01 1.7242842980e-02 3.3602830966e-02 3.0375256614e-01 1.4596188700e-01 -2.1049824707e-01 9.2589385668e-02 2.8060034192e-02 8.3663539662e-02 -1.6482561592e-01 2.2574650238e-01 2.1168493022e-01 -1.2141720762e-01 4.7605153649e-02 -5.7981347241e-03 -7.8079204970e-02 -1.2492734306e-01 -2.1026566194e-02 -3.4977813535e-01 5.7241247590e-02 -2.7431033293e-01
1.1854200772e-01 5.3304141375e-01 -1.9276803381e-01 -2.6416164723e-01 -2.3621115490e-02 -4.7338762848e-02 9.4790710719e-02 -9.8015294608e-02 -9.5279007688e-02 -2.0197689800e-01 -7.0789594313e-02 3.9906953315e-01 -2.2603260840e-01 -8.7329174142e-03 -2.6484336709e-01 -3.0722224130e-01 3.6761174614e-02 -1.9407462149e-01 1.6972482081e-01 -1.4943971953e-01 -6.9541210058e-02 2.3075493792e-01 3.1728616690e-02 2.7974592639e-01 -1.9578404249e-01 -1.7147029853e-01 8.7816999876e-02 1.4738140452e-01 -8.7829401630e-02 -4.1584319995e-02 -1.0749979794e-01 -8.0393916715e-02
-4.8803376417e-02 3.3202869917e-02 7.5199980122e-02 2.7134626268e-02 -8.3992858625e-02 6.4893995407e-03 -8.2569102006e-02 8.3435255563e-02 1.4627138233e-02 -2.1230508563e-01 -3.5603026865e-01 -6.7844641235e-02 -1.4718256228e-01 1.1649492198e-01 -1.1007850665e-02 -3.9579119925e-02 -6.4813100283e-02 -6.9620898675e-02 -1.9883604561e-01 2.1444408268e-01 1.7725192178e-01 7.3862067159e-02 3.2524507351e-02 -1.3719855055e-01 -7.9238069246e-02 -1.9325345451e-01 1.8101915736e-01 -2.7816775584e-02 8.6789760712e-02 2.9334078884e-01 1.8110566019e-01 -9.9299884053e-02
3.2310092034e-01 1.6548021666e-01 2.2542829897e-02 1.3734285403e-01 9.1771126765e-02 2.2041603419e-01 -2.4225460557e-01 -5.8087797880e-02 -2.0933178162e-01 9.2268795907e-03 9.3044359148e-02 -1.6811575239e-01 5.7101620308e-03 2.1366536850e-01 1.7379566063e-01 -5.1225634915e-02 5.3229899094e-02 -3.1900290963e-02 -4.4434982915e-01 -1.5347779070e-01 2.1800484549e-01 2.1145061819e-01 1.1236538912e-01 -2.1645227936e-01 -1.2824148011e-01 -1.1994371374e-01 -5.9220654205e-02 -1.6188252811e-01 -1.0683485437e-01 -1.0024660914e-02 -1.8860054223e-01 -1.1032321789e-01
-2.6583891265e-01 3.1841064346e-01 8.8604768316e-02 -1.2285878410e-01 2.9177562028e-01 9.7950791920e-02 -1.8771618731e-01 9.2802188125e-02 -1.1291418018e-01 -1.6879647245e-01 -1.5715272536e-01 3.2704867240e-01 1.5610331628e-01 -1.4120447078e-01 -2.5093499100e-01 -3.1471367289e-01 -2.0855899549e-01 5.3346235304e-02 2.0916905170e-01 2.0450867901e-01 9.4058621687e-02 1.4911213427e-01 -2.1449459018e-01 1.6529597746e-01 3.9821704055e-02 3.6011437400e-01 1.5214812731e-01 -1.0639723046e-01 -9.0220296407e-02 -2.5903959675e-01 3.8139412014e-02 -5.9437305786e-02
9.8964564051e-02 -3.8780740666e-02 1.2154058498e-01 -1.1407483271e-01 4.3978216477e-01 2.4050684386e-02 -2.8521873524e-01 -3.4245723490e-01 -2.3531319365e-01 -2.0529219606e-01 -1.9903622960e-01 2.4594045673e-01 5.3416555964e-03 -2.1404244935e-01 -1.5157357256e-01 5.8812543134e-02 4.3570543457e-02 -8.7741236165e-02 -9.2946147167e-02 6.0427349909e-02 -1.8325310241e-01 -2.3906105176e-01 -3.9168867780e-02 -1.2383081455e-01 -5.7236964834e-02 -1.5655121694e-01 3.4820902730e-02 -2.4565693408e-01 2.8273493375e-02 -1.4899772190e-01 -2.3747397369e-02 -5.1710158838e-01
-2.8913854564e-01 -7.0207509384e-02 1.1499477843e-01 1.4559213277e-02 -2.2856582343e-01 -9.8601968828e-03 8.0963918637e-02 -1.5169225893e-01 4.0928809656e-03 2.1127856178e-01 -1.5673602722e-01 3.7617680857e-01 1.7901753843e-01 -1.2716858519e-01 -1.5806654712e-01 4.1214094930e-01 -6.0960558075e-02 1.7088075610e-01 -2.1399869417e-01 -1.4035173507e-01 2.2580668313e-01 -4.5853528648e-02 -3.5074166337e-01 -5.9055488482e-01 6.7880435628e-02 6.9706279235e-02 -3.1692948983e-01 5.5256757302e-02 5.4452407093e-02 1.1883176216e-01 -1.0782951373e-01 7.5626867577e-02
1.2532908074e-01 1.5465338799e-01 2.2750423230e-03 -2.5776715930e-01 -2.0631006772e-01 7.1563301157e-02 -1.5960305780e-01 6.3607881764e-02 7.3481958161e-02 -4.2193488166e-01 1.1754647855e-01 -9.0016682848e-02 -3.6495018555e-01 -1.2649732744e-01 -4.8425637689e-02 -2.9357016132e-01 3.3527363233e-01 2.0169838885e-01 -7.8323555890e-02 -2.2608149175e-02 1.3618874024e-01 3.4681730267e-01 1.3594639763e-01 3.1339137483e-01 1.4619554515e-01 7.1616511706e-02 -9.5968522027e-02 -2.5358936834e-01 2.5387912430e-01 2.7391969758e-01 -1.8590677170e-01 -9.4946132970e-02
