2.8960138583e-01
-4.9599555427e-01
-1.2541627848e+00
3.9756126934e-02
1.0694585112e-01
-4.5757379935e-01
-4.9819604100e-01
-9.9411715070e-01
-3.9463278519e-01
-6.2405507740e-01
-7.1885111125e-01
-1.3779465456e+00
1.3484629112e+00
1.0040924377e+00
-3.7157835782e-01
-8.2480365384e-01
6.6403241706e-02
3.5932430619e-01
8.7672524337e-02
-9.9415912497e-01
7.5255948059e-01
1.3282196641e+00
1.7614039763e+00
-7.9878590066e-01
-7.3898504848e-01
1.1228007362e+00
-5.4814844325e-01
3.3479991548e-01
-8.8517417492e-01
-6.5467631967e-01
-1.1480091566e+00
5.0194198041e-01
