-2.1253305207e-01 -2.6167128715e-01 9.9603590060e-03 1.3997490068e-02 1.8451258688e-01 -2.1022726810e-02 -2.2174863138e-01 1.5756203961e-01 7.9448390134e-02 5.5206297410e-02 -3.9162015798e-01 2.0490236855e-01 9.8286591288e-02 3.1775743097e-01 5.0452616208e-02 2.8746437614e-01 -2.3529793231e-01 -7.7292596536e-02 -3.4441276075e-02 2.0382846473e-01 1.9774471701e-01 -6.7314583697e-02 -1.8872450242e-01 -4.8164166993e-01
1.1877363248e-01 -1.1388397581e-01 -1.6958881015e-01 4.7193801194e-01 1.4917207685e-01 2.7130553318e-01 -2.2125503520e-01 6.7309018444e-02 1.5241257093e-01 -2.0432555311e-01 1.9788369968e-02 -5.6658818798e-01 -1.5761225261e-01 -5.5149911109e-02 7.0558763209e-02 -7.4100142963e-02 1.3290903331e-01 1.4448954276e-01 -1.0646530781e-01 -1.3987346935e-01 -1.6456233660e-01 3.9442860527e-02 1.0388007266e-01 4.1984740805e-01
4.6075734293e-02 3.2026230694e-01 5.4399446479e-02 4.8802659234e-03 1.5546688132e-02 2.7849320082e-01 8.8343281576e-02 -1.8211795665e-01 -2.3850216356e-01 2.4229253303e-01 2.0828687649e-01 1.2036084790e-01 -2.0283809597e-01 -1.0925507373e-01 1.1196393372e-01 -5.6811418193e-04 1.5789387663e-01 1.3559567985e-01 -9.6282360575e-02 -3.9432694186e-01 -4.4694429674e-01 1.6989174201e-01 -2.1054272615e-01 6.9538824772e-02
-1.4943257002e-01 1.0231994714e-01 -4.0569752114e-02 -4.5017870140e-02 4.9521155343e-02 -2.0666936990e-01 -2.2940936365e-01 1.4204452552e-01 -2.7183769183e-01 2.7968591150e-02 -1.4166734127e-02 -1.4992771937e-01 1.4806250115e-01 -1.0018336593e-01 -6.2149592621e-02 5.5538889868e-02 1.0807038614e-01 -4.0097612701e-02 1.0773625001e-01 9.8037416412e-02 -6.3655203341e-02 -2.4149256619e-01 -3.5720133869e-01 4.8749940501e-02
-6.9125802496e-02 -2.5763582237e-02 1.4500064293e-01 -1.0840572504e-01 3.8053229759e-01 1.1009796831e-01 8.8265241907e-02 -1.4890879839e-01 -2.7301781536e-01 -2.6968696719e-01 -3.3305804440e-01 -1.6030147435e-01 3.5388477771e-02 2.2207226673e-01 2.3798103875e-03 2.0789311766e-01 -1.4879339635e-01 2.5627945546e-02 -2.8098387019e-01 -7.5442350734e-01 4.1996726017e-01 -4.7981532630e-01 1.6143120589e-01 -2.0013500839e-01
-1.4228532104e-01 2.6083362656e-01 -1.4680091915e-01 2.6229562661e-01 -5.8985099271e-02 -1.0708169869e-01 1.3317163413e-01 1.4170153844e-01 -3.6846963519e-02 2.3529857516e-01 2.9070674256e-01 2.5997528119e-01 -3.1500523427e-01 1.5003590136e-01 -6.7474594763e-02 -4.1049007311e-01 6.2395360547e-02 1.8881808588e-01 -4.2700708671e-02 -5.1290575017e-01 1.1776190711e-01 -6.3508235545e-02 3.7075498258e-01 2.9343557101e-01
-1.9425728382e-01 -5.9194903226e-02 -2.5614182448e-01 -1.0382212378e-01 1.5141792675e-01 1.0979633948e-01 7.8706764932e-02 2.6053103013e-01 -1.8352569478e-01 6.5607027047e-02 -2.5324919432e-01 -8.5399354799e-02 2.1968287552e-01 1.4250183621e-01 -2.5630420986e-02 -3.7062412850e-01 -5.2521279039e-02 4.6496489844e-02 -6.0784694025e-01 -2.8584923088e-02 1.9872411418e-01 -3.1441874872e-01 6.7049682722e-02 -1.6032667135e-01
9.4417809584e-02 1.1816888509e-01 -1.2817655277e-01 1.3465570158e-01 2.2465377095e-01 -2.6540759185e-01 2.5893192562e-02 1.4516549748e-01 2.8882114699e-01 -4.7272339809e-01 -4.7033182318e-02 -1.1785086102e-01 -9.1193335897e-02 -2.9458660489e-01 1.1535700380e-01 -1.9434109458e-02 9.8058286137e-02 3.2318247353e-02 -3.6098589042e-01 1.4065455870e-02 -3.1772293271e-01 -2.3658728488e-03 8.9686988827e-02 1.6336391307e-01
-2.1045412305e-01 -1.2745092449e-01 1.8203169081e-01 -2.9978712184e-02 4.4248695456e-03 1.1839505736e-01 -1.8783070475e-02 -3.7667416800e-01 2.8416333831e-01 -2.4445670128e-01 2.6488311963e-03 -1.3608738840e-01 6.8611943155e-02 -2.2444213344e-01 -1.1069791126e-01 1.2555060815e-01 6.7348514371e-02 4.7989976278e-01 3.6333600821e-01 -1.1799854708e-01 8.3501550809e-02 2.0087286555e-01 2.0608868346e-01 2.7154351717e-02
-1.8292418993e-01 3.5496391133e-01 -1.0475195706e-01 -2.6102254706e-01 -8.3457005606e-02 -2.0586696448e-01 6.4182645364e-03 -2.3137164516e-02 2.0951715950e-01 -1.4942826864e-01 2.2205540908e-01 8.9123711787e-02 3.1870142344e-01 1.2250360655e-01 1.8866714614e-01 -4.7330757825e-01 -5.0012250315e-02 -5.4981644824e-01 6.9184247000e-03 5.2455239092e-02 2.0040069311e-01 -1.7557397329e-01 2.7972774314e-02 1.4876159409e-01
1.1818574280e-01 -3.4713540058e-02 -5.2678537878e-02 -3.2606620840e-01 1.6645000560e-01 -2.7760093802e-01 -1.6406657514e-03 -1.5884210435e-01 -5.8546593518e-02 -1.3062647978e-02 4.4881028751e-03 1.2158761654e-01 -6.5120096369e-02 -9.2935167858e-02 2.5015983015e-01 1.0455918607e-01 5.0507153445e-02 2.9335985115e-01 2.2864825416e-01 -6.7859259572e-02 -2.3518446124e-01 9.7703449988e-02 3.8769512059e-02 1.6019782165e-01
2.1774838191e-01 -2.0501193398e-01 2.0718570315e-01 -2.0149978661e-01 -1.7802559666e-01 4.6304933895e-01 1.5174938027e-01 -2.2539716920e-01 4.6872368270e-02 2.7989152917e-02 -1.1863083399e-01 1.0891491357e-01 -2.4645317408e-01 4.3031802133e-02 -2.9555631991e-01 1.8288681735e-01 -2.8222512105e-01 -7.6395696576e-02 -2.8057145592e-02 -2.3780401846e-01 1.4622811356e-01 -4.5263610917e-02 1.1851485706e-01 3.4703246083e-03
-4.3265208822e-01 1.2189986380e-01 -2.4908800913e-01 -1.2948595231e-01 -4.8633777875e-02 1.0519086288e-01 3.4259570316e-01 1.2017167153e-01 -4.2547704081e-02 6.3841966353e-02 -8.0359553412e-02 2.5847892182e-01 -3.0511493014e-02 -5.2745870661e-01 -1.2429748187e-01 -2.7160466669e-01 -1.5392252845e-01 -3.5818838157e-01 -6.7788826067e-02 -1.4277401589e-01 1.8093292620e-01 -1.4942534545e-01 -1.8087852682e-01 9.8544538686e-02
-2.1926940432e-01 1.6264943557e-01 -5.9032919189e-02 4.2663529653e-01 -3.2260605815e-02 -2.8497063493e-01 -2.2129725121e-01 1.7628505973e-01 -1.9334233104e-01 1.2132112739e-01 -4.7215633803e-01 2.2390180826e-01 2.3986239179e-01 1.3264364322e-01 1.3984466186e-01 -6.6750094909e-01 -7.9140569803e-03 2.9123904350e-01 -1.6634632709e-01 -3.4294956378e-02 1.2879047216e-01 1.4321091552e-01 -4.1566477010e-03 3.7921796643e-02
-4.2277811862e-01 -1.4395640142e-01 -4.8358245996e-02 -1.6070415019e-01 -3.5396901174e-02 -5.6068642562e-02 3.1049563692e-01 -1.6771081482e-01 -3.9046203110e-01 -9.1813398798e-02 -6.7827750188e-02 -1.3451144913e-01 -1.2264990644e-01 -2.5823774920e-01 -9.6086733732e-02 -1.9864434267e-01 1.4093613938e-01 -1.9654290484e-01 2.5036596287e-01 1.8989305654e-01 -4.6136432303e-01 3.7643382804e-01 -3.7292872619e-01 -2.0778454065e-01
-1.2356465057e-02 -2.1126621513e-01 -1.5487024931e-01 7.1347542124e-02 6.9355715960e-02 3.8589316283e-02 4.0748068721e-02 3.2259244041e-01 1.9835980936e-01 4.4511746285e-02 1.1309533106e-01 -3.0113833232e-01 -4.0110526976e-02 2.0532585767e-01 -1.9889528548e-01 1.4405204150e-01 2.3970450220e-01 -6.0350482545e-01 1.4831189622e-01 1.8387329641e-01 -1.2129296293e-02 1.1098275129e-02 2.2571197724e-01 -1.5008373318e-01
7.5717694448e-02 1.0038569875e-01 3.0347993236e-01 3.2503017870e-01 3.1236709867e-01 1.5064260732e-01 1.6859482283e-02 4.2451403732e-02 -9.2170812533e-02 -8.3095145791e-03 1.3753628573e-01 6.8426454584e-02 1.9787360833e-02 -4.0215320208e-01 -5.1228025702e-01 3.7612289343e-01 2.8354730365e-01 1.5837061108e-01 1.4367568436e-02 -1.2836761782e-01 -2.4033139279e-03 5.5510486523e-02 3.2673425789e-01 -1.7950269348e-01
-3.8794077537e-01 2.3406282055e-01 -2.5973938710e-02 -1.5624120250e-02 1.2898105973e-01 -3.3026163557e-02 5.4552635499e-02 1.6596328455e-01 -1.5162668658e-01 3.1642516688e-01 -2.3287581725e-02 -2.7356376658e-01 3.0029039372e-02 2.1709212323e-02 3.5235410415e-01 8.8772658619e-02 2.4216260347e-01 -3.1303693110e-02 3.0008453009e-02 -2.5100536735e-01 7.8893243830e-02 2.0466373560e-01 -1.3862324306e-01 -8.5709495833e-02
-1.4009279375e-01 -2.2996698106e-02 -1.5046209212e-01 2.8748960819e-01 -2.5555196261e-01 -2.1953722589e-01 -2.3641203425e-01 1.0167594112e-01 -1.4648945560e-01 -2.0315081067e-02 1.5626932430e-01 -3.6716475623e-02 -2.1616484641e-01 5.8591199213e-02 -2.4209263343e-01 3.2695726018e-01 1.3437133224e-01 -2.3098898975e-01 2.3980638998e-01 4.2478231942e-02 -5.6162711999e-02 9.1958374284e-02 -3.7756504312e-01 -1.2111773336e-01
3.2183156755e-02 -1.1748624687e-01 -2.7185806312e-01 2.5043577221e-01 -1.6678390759e-01 1.2408869578e-01 1.6287756988e-02 -5.5519419166e-02 -2.0260763135e-01 4.5176482213e-01 1.2406631933e-01 -2.0832546018e-01 -2.5701090027e-01 -1.6803960451e-02 6.3893581528e-02 5.9821878703e-02 4.6115462031e-01 7.5091672170e-02 3.3113245693e-02 1.0510516458e-03 -7.6066624630e-02 -8.2351477481e-02 -2.6765734173e-01 -3.8523043362e-01
-1.9842557870e-01 6.3156439752e-02 4.2659432663e-01 -7.5086380642e-02 1.9250945764e-01 7.4272723020e-02 -2.2595704584e-01 -3.4132374617e-03 -1.0863506802e-01 1.0437259716e-01 3.4491512597e-01 1.1544298991e-01 7.7036215410e-02 -4.6227808179e-02 7.6252371689e-02 3.4435433136e-02 -7.8989993741e-02 3.5448179254e-01 9.8490677244e-02 -5.4721394722e-02 1.7641442126e-01 1.9909994065e-01 -2.1381399133e-01 2.9195731721e-01
-2.0835812361e-01 2.7303082639e-01 1.5663734338e-01 3.0937833738e-01 2.4962423225e-01 -4.3118789664e-01 -1.5918666538e-01 2.5075542425e-01 6.9878801761e-02 1.3557329028e-01 -1.4135520747e-01 -2.3406665187e-01 4.8641966972e-03 3.5960606988e-02 1.5808487812e-01 -1.7088737970e-02 2.1928978876e-01 -1.9235461692e-01 -2.0441685050e-01 2.4483156131e-01 -2.5619946671e-01 2.0557750611e-01 9.4920548945e-02 -3.2494894481e-01
8.8206696984e-02 -1.2620158295e-01 -1.0073653790e-01 6.8969362139e-02 -1.0410402163e-01 -4.0674385360e-02 2.7852758751e-01 6.3502819551e-02 -1.7234911708e-01 -2.7083017258e-01 -1.5434195906e-01 3.0050226693e-01 1.8986444135e-02 -2.5983884490e-01 -1.5983378562e-01 -1.6756445323e-01 2.2603302784e-01 -1.9656450843e-01 3.0603725903e-02 -1.4534950139e-02 3.5714969777e-03 -1.3817868370e-01 1.7454204998e-01 -1.6979204414e-01
-1.8099478567e-01 2.0765893215e-01 4.2969039351e-02 -8.5238494503e-02 -3.2832019230e-01 3.4852038668e-01 4.8632026980e-02 -5.4114740222e-03 2.0724609284e-01 -1.0055848996e-01 1.0082374264e-01 -1.9399129154e-01 1.6400216184e-01 3.8635657618e-01 -5.6956799562e-02 2.5610699508e-01 4.2226273193e-01 1.9933803750e-01 2.6406760581e-01 3.2511023290e-01 8.3203636160e-02 1.2538629575e-01 -1.2982852277e-01 -1.3759276256e-01
