-3.0409039155e-01 1.1898128249e-01 -1.4430359034e-01 3.2792008993e-01 -1.4640802781e-02 8.1624317099e-01 -2.0443138112e-02 2.0414535737e-01 2.0135579256e-01 5.7880696965e-02 -1.8983517884e-01 4.5486878228e-02 -3.5649824834e-02 -3.6972602690e-01 2.1667028550e-01 -3.0367707333e-01
4.2961130551e-02 -2.7473140382e-01 6.6333133170e-02 -1.3094288692e-01 4.6428675989e-03 3.0905058450e-01 -2.0781425253e-01 1.1114418476e-01 -2.4797005301e-01 -3.8957992683e-01 4.3785705977e-02 3.1875860045e-01 -1.2540798752e-01 -1.5632821572e-01 -1.9445146227e-01 -2.8355189131e-01
-2.6909975439e-01 1.6999060636e-01 1.6491423934e-02 3.3504125151e-01 -2.0219034214e-01 -4.8134425591e-01 4.2964537696e-02 -3.0675610741e-01 4.5358954745e-02 -2.2871709917e-01 -2.1381412101e-02 1.5922148640e-01 -2.6812872564e-01 1.2630416612e-01 2.7080731917e-01 -1.6177564773e-01
3.9701225280e-01 3.7069702534e-01 -6.6446764717e-01 6.6974576252e-02 -5.9725161207e-02 -4.8018584158e-01 2.6106425530e-01 1.7840709211e-01 -1.5327688021e-01 -9.5420105645e-02 7.9849381932e-02 1.2930057857e-01 -5.7713980170e-01 -1.0953220841e-01 -2.7553985359e-01 7.0195640090e-01
8.5760763689e-02 -1.5457565371e-01 -1.7577860078e-01 3.2217922252e-02 6.8344524214e-03 -3.5020857313e-01 4.6004414200e-01 -1.7005484722e-01 5.4543203304e-02 3.2696493685e-01 -3.5545370671e-02 3.4058063976e-01 -4.7786882512e-01 1.6263138054e-01 -4.4124817292e-01 -5.2104908000e-02
-2.4590604788e-01 -4.8581822341e-03 -3.8909611514e-01 1.1094215003e-01 -6.8323087480e-02 -8.6824185107e-02 -5.3615510278e-02 1.8970823418e-01 -1.2958980875e-01 -6.8895672552e-03 6.9516836143e-02 2.8446374038e-01 -4.7132535385e-02 1.2802983149e-01 3.4329251385e-01 -3.5139576338e-01
-9.1225221525e-02 -2.3992859733e-01 9.4379777141e-02 -5.2737370077e-01 -3.3521326530e-01 -5.0133249352e-02 -1.3645760077e-01 4.1379045385e-01 -5.4909638933e-01 -4.4804209305e-02 1.4943869457e-01 -2.2998947946e-01 -5.3722838125e-02 7.4203984138e-02 -1.6647026372e-01 1.9009977462e-02
2.4318114553e-01 9.1899731473e-02 -6.3477537157e-01 -1.4454578979e-01 4.0257876313e-01 -4.2592446637e-02 1.0429892612e-02 6.7363005953e-02 -2.1611604395e-01 3.1413042445e-01 -2.4089496538e-01 -3.8458729557e-01 1.4441910576e-01 8.8554453072e-02 -2.0826891270e-01 -6.6813050387e-03
4.2310065515e-01 1.5219806221e-01 2.2962221076e-01 -7.2322754888e-02 4.0064651203e-01 -3.9767504947e-01 2.9683660857e-02 -2.3592609682e-01 2.5354020707e-01 2.7186627421e-01 1.5806187150e-01 -5.0635281255e-02 3.9287135773e-01 1.7854357293e-01 2.0408048740e-01 -6.1201004776e-02
2.6232780229e-01 -2.9260263270e-01 1.0364252296e-01 -3.5776788141e-01 -1.2292939276e-01 1.0729853627e-01 -4.3636674710e-02 -3.5109468826e-02 -3.4103133581e-01 -2.0549535204e-01 -1.3200173280e-01 -1.2373769829e-01 3.8241955004e-02 -2.8655869589e-01 1.8382926379e-01 1.4083083593e-01
2.4527402552e-01 3.0667262252e-01 9.0026600456e-02 -4.3747701300e-02 -1.4401331610e-01 9.4274802954e-03 -3.3043543748e-02 1.1307527027e-01 -2.3531674314e-01 1.6786139417e-01 -1.1020236498e-02 8.7237213420e-02 2.8923904904e-01 -1.9246995219e-02 2.5662418038e-01 3.3859763431e-02
-1.3715951855e-01 3.4499789746e-01 -6.9888611701e-02 -2.6632699502e-01 -4.5935060646e-02 -7.7578210295e-02 5.5085736175e-01 -1.2796134750e-01 5.2040116891e-01 -2.6429923327e-02 1.0813506792e-01 -1.3072232863e-01 1.3809918045e-01 6.2341083633e-02 1.4216563616e-02 3.1127188524e-01
7.8268929914e-02 -3.9747782754e-01 -2.4043834456e-01 5.2669972617e-02 -1.4968744224e-02 -5.9186450808e-02 1.2529625389e-01 -2.5376749201e-01 -1.4776815408e-01 2.0045934077e-01 -1.5887946552e-02 6.1619104828e-03 1.4145683127e-01 -2.7101587305e-01 -3.7463174466e-02 2.3551664640e-01
-1.0791283487e-01 3.4443140429e-02 -7.9690526160e-02 -5.2220601774e-01 -3.7391870274e-02 -2.3047600427e-01 5.6134736561e-02 8.2053040530e-02 -7.6871452801e-02 -1.1699861742e-01 2.7521299698e-01 -2.6519655626e-01 -2.7842618672e-01 9.6708047578e-02 1.1923824885e-01 -4.5504759838e-02
2.2940135855e-01 2.7314138537e-01 6.2429783135e-02 -7.0829176292e-02 -1.9352535083e-01 -1.0302396822e-01 5.1158555536e-02 6.4864863620e-02 3.4614635413e-01 -2.8895520589e-01 -5.1386072209e-02 -4.3103185783e-01 1.2964861967e-02 -2.5932095235e-01 7.2825821421e-02 1.3570890148e-01
6.6439425728e-02 -1.4871345805e-01 1.4725048229e-01 -3.6006802697e-01 -2.2966411353e-01 -2.0094053918e-01 -2.2743160335e-01 -5.5471496243e-01 -2.6421867439e-01 2.1145844561e-01 9.8487515501e-02 -1.0214513626e-01 -1.5401886798e-01 3.9007356278e-01 -1.5721611386e-01 -2.2591782471e-01
