5.9589615382e-01 1.5322296950e-01 4.4341042898e-01 -2.7304954407e-01 9.5647789801e-03 1.7401922817e-01 -2.4369842687e-01 4.5257338793e-01 -1.5352371454e-01 -4.6670020289e-01 1.9575793238e-01 -2.9365340944e-01 3.8396424370e-02 7.8761220456e-02 -6.9226677803e-01 -1.0595924438e-01
3.6544622380e-01 3.8607123513e-01 1.9357036926e-01 -4.4144734816e-02 1.5831749942e-01 2.8080155265e-01 1.5792071334e-02 -7.3403801816e-01 2.2682240821e-01 2.0820395914e-01 1.7353567398e-02 3.5964713014e-01 -4.3478937380e-02 -2.3948444461e-01 2.2224060980e-01 -5.1366757810e-02
2.4455947994e-01 -4.6819612080e-01 2.4670289533e-01 -1.5676648379e-01 -1.4316462040e-01 9.8523154709e-02 -2.5880980663e-01 1.2747871188e-01 3.1375501891e-01 4.5839821806e-02 -4.0704267529e-01 -5.0234030562e-03 -2.9791806017e-01 2.6877105397e-01 2.2902913358e-01 -2.7542153967e-02
-3.8433594536e-01 7.5769187884e-02 -3.8319240712e-01 1.1705372572e-01 2.6914833098e-02 1.7877274790e-01 -4.3658644686e-01 1.1620907486e-01 4.3088450972e-01 -7.0451886384e-02 1.4386081634e-01 5.2940280148e-01 -1.7813750265e-01 -6.1734321356e-02 3.3739103580e-01 3.6095366911e-01
6.9908740171e-01 -1.1299690317e-01 4.4822378761e-01 -6.6844315108e-02 -7.3547618023e-03 -4.4607525953e-01 8.3895595030e-02 2.9174806228e-01 1.3879171792e-01 -4.4828985392e-01 6.7397844138e-01 -1.9462035117e-01 -2.5706504052e-01 -2.7002754730e-01 -2.0402631805e-01 2.5976738293e-01
1.7452088950e-01 -1.6330322443e-01 -1.3949766436e-01 -2.4622236001e-01 -2.6777228530e-01 -2.9248214256e-01 -1.6875176768e-01 -5.0474549240e-01 2.3351569191e-01 -8.7208521042e-02 -5.4842261405e-01 -5.0339568833e-01 -5.3520396431e-01 2.0422977801e-01 1.8482330463e-01 1.0307196871e-01
1.2494811493e-01 2.2314981050e-01 1.4152691645e-01 4.7342826903e-02 -2.8195372185e-01 -2.7942378059e-01 2.0035454756e-02 -2.7213536415e-01 1.1577234883e-01 -5.3472164843e-01 -3.0576460775e-02 2.2778380349e-02 -2.6023277884e-01 3.5156512407e-01 -4.2189435960e-01 -3.4836249201e-01
-2.4173797631e-01 1.8879125587e-01 9.6686931069e-02 -4.8253414707e-01 -1.5113338465e-01 -1.2079355182e-01 2.5494578101e-01 8.1291586604e-02 -1.4502547158e-01 3.0578864274e-01 -1.3186011050e-01 2.4346510106e-01 -1.6669238546e-01 1.7800490280e-02 1.2944721715e-01 -1.3239311854e-01
4.5405893615e-01 -1.0487545557e-02 -4.8070020518e-03 -1.9813547513e-01 -5.0496085143e-02 2.8081246680e-01 6.2185586962e-02 6.2793480347e-02 -4.3001597480e-02 -1.9007059787e-01 2.6444549951e-01 1.0231986271e-01 7.7428101423e-02 -3.7105202810e-01 -1.8773791100e-01 -1.9208183110e-01
5.7053589920e-01 3.5264837974e-01 1.4163714250e-01 -2.4921478410e-01 -2.2117868269e-01 -2.9502355019e-02 -4.0569278555e-02 -2.9714189534e-01 3.8511945656e-01 4.4530201403e-01 8.6985312408e-02 1.2340477009e-01 -1.4725834507e-01 4.0408153856e-01 -3.1268043035e-01 1.2260474410e-01
-2.1448143625e-02 1.0672237942e-01 1.1782673602e-02 3.2088479885e-01 -6.6808295307e-02 4.5042236767e-02 -2.6411278194e-01 6.1463551007e-01 2.1414402248e-01 2.9030915370e-01 -5.1214354540e-03 7.5937776163e-02 -6.5717701889e-02 -2.8806394766e-01 1.5596396520e-01 -1.3093789916e-01
9.6425481644e-02 5.0139928401e-02 -1.5284280300e-01 1.8922978887e-01 -2.1577172042e-01 1.4413917969e-01 2.2634911094e-01 -2.8145749461e-01 2.4309342258e-01 -1.5828929386e-01 -6.9645511955e-02 1.3876434275e-01 -6.0175759832e-01 -1.4827449170e-01 2.8023109345e-01 -3.8282718030e-01
5.4187289779e-03 7.1817942619e-01 2.8428661454e-01 -2.0568833586e-01 -6.3656771277e-02 6.2981814584e-01 8.8500512657e-01 -1.7759336288e-01 2.7635283049e-01 2.3865086248e-01 6.1189728163e-01 -6.8212162734e-02 -2.2586746208e-01 -4.0163672298e-01 -4.6243780079e-01 5.9103006671e-01
-1.9012487909e-01 1.2360962182e-01 -2.5057663821e-01 4.0601620709e-02 -5.2192353384e-02 -1.2078701078e-01 -4.1094126617e-01 8.5001632864e-02 -2.5979550213e-01 1.0145173391e-01 2.2254653837e-02 -7.3120769747e-02 -4.4018062847e-01 -6.8538240067e-02 -1.7586756593e-01 -6.7937123202e-02
6.6136938849e-02 9.6248653160e-02 -8.2495951246e-02 -6.1693307401e-02 -1.4707838281e-01 -3.4652421231e-01 5.4782902063e-01 2.5991900816e-01 1.6044621637e-01 5.4450527313e-01 8.4009279301e-02 1.0546028006e-01 -3.0175123284e-01 2.3475466048e-01 -4.0768780405e-01 -1.9921498533e-01
1.6837395987e-01 -2.4810375879e-01 1.6037948405e-01 2.4077472253e-01 9.8384784473e-02 6.5365528586e-02 3.0597810123e-01 -2.9780351182e-02 -2.6208153302e-01 6.9288608465e-02 2.5216871025e-02 -2.8672466847e-01 1.6832571326e-01 4.9379969745e-02 4.8920277775e-02 1.9280906856e-01
