3.0216533251e-01 4.9909288801e-01 6.4649609957e-02 1.3496222277e-01 -1.1417715976e-02 1.8309837057e-01 -1.3328102060e-01 1.8495647588e-01 -3.3145342448e-02 3.1915150774e-02 2.4580880956e-01 2.7980956473e-01 -5.4795986845e-01 1.9952178434e-01 -3.7536382178e-03 -4.1936893833e-01
-1.3383708985e-01 -2.7730810343e-02 6.5977370219e-02 2.7818302542e-01 3.0356157187e-01 3.1904942262e-01 2.1346728183e-01 2.7663452696e-01 1.3514947826e-01 -4.5124420544e-01 -4.0554251304e-01 -1.0824812233e-01 -1.0591259485e-01 2.6645048873e-01 3.7233965073e-01 1.3510835285e-01
-5.3496622173e-01 2.5340023394e-01 -2.1324977476e-01 5.4469888873e-02 4.5472872646e-01 4.0120356107e-01 5.8083761216e-01 -1.0647606397e-03 -2.1980544176e-02 -3.0416614719e-01 5.3443115050e-01 2.7241330756e-01 -3.2846960896e-01 -8.8313039859e-03 -2.2674307498e-01 -1.3947410790e-01
-1.7597137066e-01 -1.7616110406e-01 6.3401579287e-02 -3.4465344534e-01 -3.3558341153e-01 -1.5245543685e-01 -2.9576008129e-01 1.5462443492e-01 1.6615283562e-01 -9.4764892334e-02 -1.6660098312e-01 5.3541714130e-03 1.1969049866e-01 -3.0922095410e-02 5.7090867228e-01 2.6151689465e-01
-1.4379093108e-01 3.5483284601e-01 -1.8012771504e-01 -2.9748973785e-01 2.0369593491e-01 -2.1955045853e-01 -1.2681098636e-01 -3.2351689214e-01 1.1338652231e-01 3.2605983172e-01 3.7299752420e-01 1.5723070839e-02 -4.0581399963e-01 4.4930181235e-02 -2.6090962059e-01 -3.0779268279e-01
6.3841069052e-03 8.5500218574e-02 5.3361436412e-01 -1.2634797899e-01 1.7035499593e-01 3.2402144367e-01 -2.3994996506e-01 4.0809958077e-02 -9.9507266155e-02 3.2380051558e-01 1.2610866106e-01 3.3919055316e-01 -5.0527099346e-01 2.1146642295e-01 1.3442730787e-02 -2.5841067615e-02
2.7582506763e-01 -5.0874034588e-02 -1.6373675531e-01 -2.9585122491e-01 1.8788674983e-01 -3.4100348499e-01 1.9340116291e-01 1.5652464913e-02 -3.2297192114e-01 -3.4572066969e-01 -1.9330679903e-01 -1.5940991409e-01 2.9929628568e-01 -4.6716621714e-02 1.8351837235e-01 9.1644269133e-02
4.1225125930e-01 -2.6583691316e-01 -4.8287667861e-01 9.0879652337e-03 -2.0014169387e-01 -4.9524427658e-01 -3.5229699534e-01 2.6232798014e-01 -1.0665192442e-01 -3.3891387644e-01 3.4130753511e-01 -1.1590531147e-01 -3.2838751467e-01 -2.1534587450e-01 1.7481295338e-01 2.4817635658e-01
2.5650626523e-01 -9.0638827326e-02 2.4724175173e-01 5.5770894927e-02 -5.4726502895e-02 2.6810663062e-01 -1.0206051887e-01 1.2779872420e-01 1.0753612525e-01 7.5740970011e-02 -4.0927664121e-01 -5.0083949640e-02 7.0442360951e-02 4.1345968132e-02 -5.6335671329e-01 -1.6707234087e-02
2.8139789820e-01 1.0957811206e-01 -1.0133940677e-01 -5.0418166477e-01 -7.8599317011e-02 -3.3070735454e-01 9.3557154823e-02 -2.2464684761e-01 -9.2383037258e-02 5.4338492031e-02 1.0324914152e-01 -1.6109941440e-02 -7.5348206360e-02 1.4890077094e-01 -1.0005416702e-01 -9.9952203595e-02
1.7782906738e-01 1.9306540337e-01 2.4588900459e-01 1.2192817293e-01 -3.4274830409e-01 -8.6798145193e-02 2.1078947492e-01 -1.9222968851e-01 -1.0482374521e-01 6.3787634822e-01 -1.0745074838e-01 -4.8162137236e-02 -6.7336650115e-01 2.0921486260e-01 -6.5752529688e-01 -3.5528870604e-01
3.8893133883e-01 -2.3775316478e-01 8.8510606203e-02 2.2367599010e-01 -3.4446507464e-01 6.6737072867e-02 1.9236679394e-01 2.7382786755e-01 3.2289389302e-01 1.4986041709e-03 3.9809531933e-01 -2.4981113155e-01 -1.8045732309e-02 3.7919926974e-01 -3.8870694006e-01 -3.8386494662e-01
-5.8108020315e-01 -1.1754265387e-02 1.7523323056e-01 5.1487297694e-01 -1.8886442583e-01 2.9051256372e-01 1.8620436693e-01 -2.9539546644e-01 -1.7556631478e-01 -2.2804184987e-01 -1.7588586831e-01 -6.1308318360e-02 8.3399186196e-02 1.6871510858e-01 -3.6038948693e-01 7.3512535464e-02
-5.1730346420e-02 -4.6741691811e-02 7.5666537764e-02 -1.1864160808e-01 -8.2652283612e-02 1.7829554594e-01 1.2538474240e-01 -3.0622128429e-01 3.3726746527e-01 -2.5037726562e-01 3.3146166522e-02 1.1297737188e-01 8.6884412931e-02 9.8968202049e-02 -3.7064960161e-02 3.6479573643e-01
-2.9952368349e-01 7.4807677238e-02 -2.5005656367e-02 -2.8076488153e-01 -6.1669698009e-02 1.5087268949e-01 3.9779450530e-01 2.4955409819e-01 -1.8517637442e-01 -8.2292771736e-03 5.0145856746e-02 -2.7300646027e-02 7.3214796343e-02 5.8697131198e-02 1.8780866476e-01 -8.4003897336e-02
-4.3741920825e-01 8.5802347320e-02 -2.9674567267e-01 6.3212749757e-01 -4.6218945189e-01 -2.5702432390e-01 3.3316842951e-01 9.6939868852e-02 2.3462711891e-01 -1.2393214883e-01 -4.0207963836e-01 4.1491978586e-01 -2.2130792006e-01 -3.6192867489e-02 4.9999465444e-01 2.1241888320e-01
