-4.2426061222e-01 4.6084427053e-01 -8.7302823773e-02 1.6345837212e-01 -2.3138624755e-01 -3.3880182780e-01 1.7330583065e-01 -1.7098626220e-01 7.9922280668e-02 -1.1954221566e-01 5.9591805534e-02 4.4635197919e-01 -1.8634172161e-01 1.6235545927e-01 -1.7019604754e-02 6.9702829245e-02
-1.4307572563e-02 1.3716788673e-01 -2.0203236106e-01 1.9515363551e-01 2.5327629583e-01 -2.6329014961e-01 1.4371707683e-01 -5.4160621042e-02 2.1504049696e-01 -1.5515835519e-01 -1.5599905986e-01 -1.9159832170e-01 1.9924523671e-01 3.3083103867e-01 -1.9302508088e-01 -7.8508736927e-02
-2.9938567383e-01 -2.8347704670e-01 2.1556426817e-01 7.8468464133e-03 -2.9874707288e-01 6.0611577137e-03 1.2347606060e-01 -1.7777419192e-01 -1.9280568581e-01 -1.3078302505e-01 1.9553244011e-01 5.2456739175e-01 -2.4636089949e-01 1.9891296616e-01 3.1048111152e-02 -6.8928625943e-02
-2.5260828430e-01 -2.2812866130e-01 -4.5548064227e-01 9.9970223695e-03 -2.4993207502e-01 -3.7284304188e-01 8.1107184411e-02 2.1722689755e-01 3.5607753366e-01 -3.5842769022e-01 4.7715617074e-01 -1.7696442729e-01 -2.2879925218e-02 -7.2289898380e-02 -1.8697038201e-01 1.4072768396e-01
-1.9303093291e-01 3.7412984477e-02 -5.0223214865e-02 -1.3942291076e-01 -2.8183866451e-01 3.4116800463e-01 -1.8707203337e-01 -4.8140000087e-01 -2.7404476429e-01 -3.1966519793e-01 6.7271867750e-02 1.0958708763e-01 -9.0279494769e-02 2.6786751218e-01 -1.1921857476e-01 2.3560602104e-01
1.9438385756e-01 -9.0399568088e-02 -6.7122968634e-02 3.8077619570e-01 -2.1105002916e-01 -2.2689659920e-02 9.8517156671e-02 6.3203454357e-03 8.3177622224e-02 -1.6325264928e-01 -7.3251937675e-03 -3.4538081141e-01 1.1822811422e-01 1.0983420760e-02 1.4567597682e-01 1.8586772046e-01
2.4288751316e-01 -1.8654258735e-01 2.0988324338e-01 -6.9398429171e-02 -1.5184347030e-01 -2.0606533602e-01 2.3831484780e-01 4.5625628097e-02 8.2589612680e-02 6.4822232662e-02 -3.9029553112e-01 1.8799494696e-01 -2.9217148001e-01 1.1563677185e-02 -3.6109104031e-01 1.1791996382e-01
2.6328220100e-01 3.2751829019e-02 3.7284563235e-01 -1.2369724605e-01 -4.2357256839e-01 -1.5331172876e-02 5.3881608355e-02 -3.2066328034e-01 -3.5860574172e-01 4.0093196884e-02 2.2349737658e-01 -3.5932073106e-02 -3.8392594792e-02 1.7549711096e-01 -1.9093953934e-01 -4.1510162250e-02
2.1947796449e-01 -1.9176869925e-01 -1.6973492050e-02 1.7698125715e-01 -1.4288788836e-01 -1.1377114779e-01 -3.1399948307e-01 -1.3954979776e-01 8.1851558820e-01 5.6048449332e-02 2.0178121442e-01 -9.9639613269e-02 -5.6070436440e-02 -4.5922191555e-02 -2.3232734511e-01 3.7511099529e-02
-2.0486960637e-01 -1.5614388584e-01 -2.0736591775e-01 -3.8835313387e-01 -1.9579318185e-01 1.2516251562e-01 7.2974910775e-02 2.4586758746e-01 1.4873373226e-01 1.6778441642e-01 1.4154001933e-02 -1.2000188643e-01 -1.8778845597e-01 -1.0763451158e-01 1.7952629418e-01 1.8736797984e-01
-5.7824068957e-02 8.8285807228e-02 -1.4804690174e-01 -3.4143910921e-01 -3.3637829964e-01 2.0613105019e-01 -4.5094523265e-01 -2.9231807726e-01 2.2324755803e-01 1.8217138802e-01 1.0694951137e-01 -4.3338778208e-02 -7.2281723526e-02 -4.7316766579e-01 -2.7156037804e-01 3.6092183444e-01
7.9111088236e-02 -7.1657913423e-02 -1.0087568037e-01 -2.0290628968e-01 -1.7083432252e-02 8.5028740943e-02 9.4264811789e-02 1.9968700976e-01 3.4155802583e-02 -3.3802111764e-02 -6.0938782671e-03 -5.7604942863e-03 -1.3201841895e-01 -6.6711519752e-01 -6.9303273244e-02 3.3231078952e-01
-4.2849443383e-01 9.6189011599e-02 -1.5911894961e-01 1.8822281283e-01 3.5861208435e-01 7.2193271750e-02 -1.5066864370e-01 2.2363004245e-01 3.1878159022e-02 -4.5523155835e-01 -1.1526230602e-01 -1.7797270518e-01 -2.8752166907e-01 -2.7583810647e-01 2.5450119918e-02 -2.7628789347e-01
-2.8899106444e-01 3.7373449353e-01 -4.0704362373e-01 -1.4122383406e-01 -1.5887793692e-02 1.2274588227e-01 -2.6246058577e-01 3.1935647384e-01 1.5014426312e-01 -5.2903893420e-01 2.1812968750e-01 -2.1788406244e-01 1.5116823811e-01 -1.5296245573e-01 -2.0917096369e-01 8.3629401905e-02
-3.0076260194e-01 -5.9613425184e-01 2.9009062149e-01 -5.6811504137e-01 -1.9708523556e-01 5.4409381621e-02 4.6289310047e-01 -2.2824926414e-01 4.7602943696e-01 -2.6515013671e-01 -1.8095583640e-02 -1.5415686136e-02 1.8021581604e-01 -1.7710207404e-02 1.0874978041e-01 -1.7901088401e-02
2.9596506683e-01 -3.6166489731e-01 2.5443262046e-01 1.6640009638e-01 -1.9476659523e-01 4.0241642074e-01 -2.4143422608e-02 8.2762504565e-01 4.6399827235e-01 6.1365157071e-01 5.6704943980e-02 -1.4481736665e-01 1.1142785154e-01 -8.2723699845e-01 3.1951655510e-02 -5.0102785116e-01
-1.3429831322e-01 3.8028683776e-01 3.3496098584e-01 4.6103806882e-01 -1.8470680819e-01 1.4709309539e-01 -1.7923387385e-01 4.9299596595e-02 4.6840914338e-01 -2.5556517835e-01 -2.8888179873e-02 -4.2784903115e-01 1.5764483329e-01 -9.8895408274e-02 -1.4033107137e-02 -5.0577541404e-01
