4.8605772424e-01 -3.7841110481e-01 1.4788493974e-01 -1.9044546657e-01 4.3296216978e-01 7.0127985995e-02 -5.2275505069e-01 -2.4985198919e-01 3.7895657493e-01 2.4339361295e-01 3.0222811046e-01 -3.1748311677e-02 -5.8090247244e-01 -1.7783870215e-01 2.4406919323e-01 6.0206986062e-02
-2.1941989945e-01 -3.0743028299e-01 5.4766093642e-01 3.0409852899e-01 -2.5755888309e-01 -3.7817616509e-01 -1.5710991536e-01 -4.6487767966e-01 1.6036342698e-01 4.3330858201e-01 4.9577747276e-01 -3.2285480944e-01 -2.7889288720e-01 -1.3790651381e-01 -1.3432442780e-01 1.7317034747e-02
2.6794789250e-01 2.0147305576e-01 3.6805450161e-01 -7.8083079242e-02 2.6709177520e-02 1.3369654206e-01 2.5638654337e-01 -3.4018488202e-01 -3.3272911108e-02 1.5764949698e-01 4.6773554515e-01 -9.2743787342e-02 1.1849762666e-01 -2.6982268915e-02 -3.6508419301e-01 -1.4097964967e-01
-4.1146836965e-01 -1.2244815129e-01 1.3128121852e-01 3.8423693157e-01 3.0347917053e-01 -3.4303551034e-01 -2.2456130276e-02 -1.4582920821e-01 -2.0922997190e-01 3.3786084912e-01 -3.2544794988e-01 -2.5734765204e-01 2.9713120304e-01 -1.3919362973e-01 -1.5078642936e-01 -2.8332110090e-01
6.9937870544e-01 2.5561186088e-01 -2.4871887023e-01 2.2143484365e-01 4.4236911265e-01 3.7344568618e-01 9.1085994977e-03 -3.0540758015e-01 4.1379211883e-01 2.1594475146e-01 -3.6670991309e-03 -2.8187987284e-01 -5.5986513755e-02 1.3076252366e-01 -1.8375269614e-01 4.7278478799e-01
8.8187572753e-02 -1.2347175066e-01 1.4840008743e-01 -3.1432856904e-01 -3.1819962548e-01 1.0486270631e-01 9.8741262467e-02 -1.2552185864e-01 -1.2089810014e-01 -1.5434652928e-02 1.5959562146e-01 -2.3723269962e-01 -4.6641366887e-01 -7.5464669274e-02 -3.1724617388e-01 -4.5828345881e-01
-3.5515630629e-01 -8.2180410804e-02 1.8017594174e-01 -8.7349023368e-02 -4.6046107148e-01 -5.2143899326e-01 2.2747532311e-01 -1.7626013016e-01 -4.2648268319e-02 -1.1823787938e-01 1.5176431294e-01 6.7499805526e-02 -5.6613155935e-01 4.5858888550e-02 2.3090530273e-01 -1.8640054720e-01
-3.9401321033e-01 1.4380026123e-01 8.5650110446e-02 -4.0079156780e-01 -3.5851361638e-02 -1.1668660803e-01 3.7057288274e-01 -1.8716487651e-01 -4.8219001826e-02 -1.6899249854e-01 -2.4758257304e-02 -5.9751652057e-02 -2.9013880187e-01 -6.1128973592e-02 1.2976236544e-01 1.5953872236e-01
-2.2413397872e-02 9.4533701572e-02 -3.0928797666e-01 1.8515908676e-01 -5.8351764405e-01 1.4105543261e-01 -1.8131147056e-01 -8.9913577332e-02 -2.4685777477e-01 1.2309601097e-01 -1.7764421933e-01 1.1200843165e-01 -2.8765540044e-01 2.4863236536e-01 -8.0933604993e-02 7.6299766746e-02
-3.1110302623e-01 3.4496423419e-01 -5.8137628792e-02 -2.4908703096e-02 -3.0536077647e-01 4.9759551607e-01 1.1123943470e-01 -1.8233143458e-01 -2.7108085939e-01 -6.1340295431e-01 -9.3941024667e-02 1.6395045906e-01 1.7042443094e-01 -4.4751335967e-01 2.5764855297e-01 -4.7609259839e-01
1.9661979734e-01 1.2947734459e-02 -3.1527507641e-01 -6.0067495066e-01 1.1922177921e-01 -2.6408604397e-01 2.0699525447e-01 2.6395398414e-01 -1.0288452543e-01 7.8293996747e-02 2.7805961453e-01 -1.1720324364e-01 4.9421361390e-02 1.7324405281e-01 7.3776294236e-02 3.7331085392e-01
-1.5002097195e-01 -1.7666459760e-01 -3.6228587397e-01 3.1600515001e-01 -1.6271436481e-01 -2.1966633254e-01 -1.9824410702e-01 -4.3552573412e-01 5.6530956375e-02 -1.6045788634e-01 -4.8062733623e-02 -1.4943917652e-01 8.0423097943e-02 3.8402031161e-03 1.6731355051e-01 -4.5222380300e-01
3.7729128348e-01 -5.3004199132e-02 -1.2618318629e-01 3.1634335153e-01 2.5638141368e-01 -2.4678378218e-01 -3.6524793997e-01 4.3891869561e-02 2.3474566797e-01 4.4258612240e-01 -5.0195893517e-02 -1.0830060997e-01 -2.5685246851e-01 3.8568943803e-01 -4.3835184622e-01 3.9187088259e-01
-2.1567825742e-01 5.2786799945e-02 -2.1434934347e-01 1.4047852854e-01 -2.9081461446e-01 4.1836155893e-01 1.9478458431e-01 -7.3157696136e-02 1.0592253214e-01 -3.4801282342e-02 1.2125358894e-01 -3.1816659870e-01 -4.0653766747e-01 -2.3506902529e-01 2.2214839413e-01 -2.1951591872e-01
-4.6523957939e-02 4.6503688188e-02 -3.3969497148e-01 8.9012637156e-02 -2.5532561177e-01 6.7591360342e-01 2.2116491078e-01 4.7017848362e-02 9.0517033368e-02 5.5158342910e-03 -2.4824388810e-01 -1.9708791897e-01 -1.4781532165e-01 4.5314338442e-01 1.2562443685e-01 1.1573322647e-01
-3.1901583832e-01 -1.2968621970e-01 3.0374639713e-01 -4.5868643175e-01 4.6286179885e-01 -4.1071915820e-01 3.0453622595e-01 2.5999068557e-01 -4.8547789939e-02 -3.4803824840e-02 -2.1172674035e-01 3.7776604725e-02 -4.0250480415e-01 7.3002777542e-02 2.8137528803e-01 4.4539684234e-01
