-9.6918687954e-02 -3.0480978302e-01 -7.2570541757e-01 3.3691608596e-01 -1.9102771098e-01 1.2394339597e-01 1.4506978503e-01 -2.8593346883e-02 4.9441673183e-01 3.2947390592e-01 -1.7128619844e-01 -1.7361908509e-01
2.0278664649e-02 -8.8540985388e-02 -2.6202689917e-01 1.9037149641e-01 -4.0118741763e-01 4.4139926705e-01 -1.7327847479e-01 -8.2730158874e-02 6.2196991770e-02 -1.3499215916e-01 7.9501044057e-01 -1.7950579626e-01
1.2713602226e-02 -1.3762980460e-01 2.6181476269e-02 -1.4477702114e-01 -3.8181907609e-01 -2.1321498340e-02 1.9598218261e-02 1.3089487888e-01 -2.5513215858e-01 2.6895649775e-01 7.0800588976e-02 -1.5239247240e-01
-3.0625024319e-01 -3.3138631010e-01 -6.5289488388e-02 3.2987739925e-02 1.7614855425e-01 1.1942146815e-01 6.0320147413e-01 1.9337497753e-01 -3.8440200132e-01 7.2521182471e-01 3.0019302487e-01 -7.3433749508e-02
1.1737057347e-01 -4.2182542354e-01 3.3395325850e-02 -4.5418775841e-01 -1.8413208692e-01 4.0246106818e-01 3.6867631835e-01 2.2337152274e-01 2.4178240468e-01 -1.9902422225e-01 4.2427462727e-01 1.3784880463e-01
-2.7956821835e-02 -2.7108445279e-01 4.7555759429e-01 -2.7864931116e-02 3.8525006895e-01 -1.1120765585e-01 4.5186530346e-02 2.9507327343e-01 -7.8759666731e-01 2.7226501677e-01 2.3613370633e-01 3.5872689340e-02
-6.6569656058e-02 2.5593434712e-01 -2.2499161487e-01 3.7250404647e-02 1.0359194123e-01 -3.9853883219e-01 4.9445238738e-01 -8.2060264036e-02 3.0442452714e-02 6.7286374221e-02 5.9479101433e-02 -1.1928610126e-01
-1.6205399445e-01 -8.3132337852e-02 -5.7024105109e-01 -2.3839451284e-01 -2.0396595153e-01 3.4359727850e-01 -3.6272698168e-01 -3.0406270263e-01 -2.0257879970e-01 -1.2505310391e-01 -5.0675758213e-01 1.2285266870e-01
-8.3423044259e-02 -3.3259638318e-02 -5.8610769560e-02 -2.6578651482e-01 -2.8488162305e-01 2.7668169792e-01 -2.8118869327e-02 -4.5713151935e-03 5.6272988579e-01 -3.3913764773e-01 2.1965560470e-01 2.7101905058e-01
-7.3490603423e-02 -8.1541022437e-02 5.5316160523e-01 2.5916909406e-01 7.6699989887e-01 -1.8393117408e-01 2.7467931534e-01 6.9109729286e-01 9.1340979965e-02 -7.9613920578e-02 1.1813482349e-01 -2.4123090650e-02
-3.1695121503e-01 4.6127273582e-01 -3.3894092938e-01 1.3146678261e-01 -3.7900737095e-01 3.2658227403e-01 -1.5730972030e-01 -7.0147735803e-01 -1.8556344000e-01 2.1554036670e-01 -2.7823238919e-01 -1.1792201760e-01
1.9717763290e-01 -3.1344922135e-01 2.0246946104e-01 -3.8233982471e-02 -3.9765357845e-01 -4.1486758326e-01 5.1968615521e-01 -2.5258588916e-01 7.6785794407e-02 -1.5905145066e-01 1.3672614774e-01 1.6977574340e-01
