-4.6114148121e-01 -2.2054488489e-01 2.0043505685e-01 -4.7410940113e-02 -6.3894264378e-01 4.0980341188e-01 1.1684675519e-01 -2.4552023434e-01 -6.0064786168e-02 -6.9887492384e-02 -6.4521005866e-02 2.0393501655e-01 2.9587769058e-01 1.4786285914e-01 1.6655226044e-01 -6.7056472807e-01
-1.6794440042e-01 3.5239739691e-01 -5.5279471148e-01 -1.7539009314e-01 3.6252719313e-01 -1.6343927272e-01 4.5767352868e-02 -2.7800934513e-02 1.2444958523e-01 -3.3119394580e-01 -3.8754503021e-01 -1.5187380354e-01 -1.5657218483e-01 -1.8229426978e-01 -5.6430244185e-01 -4.5694105934e-01
-1.7808199031e-01 -2.7789692453e-02 2.1514279495e-02 9.7727322378e-02 1.3072437035e-01 -7.1862732883e-02 -2.1795936636e-02 2.6133483987e-01 -4.6215955657e-01 -1.8941559109e-01 -2.5049795439e-01 -4.3489576292e-01 5.0471866825e-01 1.6083569520e-01 4.4395926224e-01 -8.7997178422e-02
-3.7167744891e-01 1.3397133036e-01 -7.5756923686e-03 3.2163373765e-02 -2.5454852525e-01 2.0742399935e-01 3.0294527818e-01 -1.6893264449e-01 4.5452788467e-01 1.9339764347e-01 4.1225702162e-02 6.1120740288e-01 -3.8731410433e-02 -4.2945751305e-01 2.4575236805e-01 1.5255387815e-01
1.1479719423e-01 -5.0253842209e-01 -3.3291884319e-01 5.9649092782e-02 8.2921843301e-02 4.1069520191e-01 7.6385950798e-02 -1.2585797766e-01 -3.8676841496e-01 -5.9890001975e-02 -3.5875126641e-02 -4.1905847474e-01 -1.1212675826e-02 6.4017703147e-02 -4.0431539432e-01 -5.9389708823e-02
3.8439492096e-01 -4.2495094948e-01 1.2060177073e-01 3.4982485396e-02 -4.7746279131e-01 -1.8666968748e-02 2.3826902427e-01 4.3554421316e-01 -5.2440470284e-03 4.3486634215e-01 2.0096557137e-01 1.1835709374e-01 -5.5541790899e-01 1.6913283876e-01 4.2383424016e-01 1.5791480037e-01
-5.8982028028e-01 2.0537667408e-01 -1.1685787810e-01 2.3462471402e-01 4.4653570154e-01 -1.0467495223e-01 -2.8886431378e-01 -3.4877246898e-01 -1.3059996788e-01 -4.3295728701e-02 1.9147994443e-01 -1.8999526256e-01 3.2146326606e-01 1.3974705954e-01 3.3469851561e-02 -4.7112767980e-01
-1.4225735969e-02 2.7007197471e-01 -1.8904136360e-01 -6.0729135819e-01 2.8533436818e-01 -2.2919372265e-01 2.6647193790e-01 -2.6847146466e-01 -3.0360132777e-01 -2.4537911980e-01 -1.9564630467e-01 6.8993970310e-02 6.5778357366e-02 -6.5218318758e-02 4.2730506700e-01 4.8650557826e-01
9.2169437528e-02 -4.6544098827e-01 9.3236876497e-02 5.1376488921e-02 6.7581353849e-02 -1.6603438977e-01 -3.9345036418e-02 4.5755803625e-01 6.2892460220e-02 4.1520875301e-01 1.3607863439e-01 -5.7114608294e-01 -3.7041729141e-01 -5.1973967840e-02 5.7739555088e-01 2.3387716389e-01
2.5863080601e-02 -1.0605996082e-01 -3.6954762463e-01 -4.3784694524e-01 -1.7060325028e-01 -2.4082421821e-01 1.2148603232e-01 -3.8579190362e-01 5.4636093801e-01 -5.7139116324e-01 3.5837794557e-01 -7.7594007210e-02 -1.9365122645e-01 -3.4448883530e-02 4.5631784906e-01 1.0741757324e-01
-2.2399974288e-01 2.6920467249e-02 1.2793500486e-02 -6.7049115389e-02 1.9207400050e-01 -1.2109610019e-01 -4.1865968510e-01 -4.1424672049e-02 4.1761514031e-01 1.7818137715e-01 -7.9434505370e-02 -2.6986181622e-01 -1.8309239658e-01 1.2854566287e-01 2.3070517026e-02 2.8111898633e-01
1.4419902381e-01 -1.8098725649e-01 4.8230442954e-01 -4.7669231742e-01 -6.4897080290e-01 -5.7485981385e-01 -6.7315878397e-02 4.2819958502e-01 -8.7805028610e-02 5.3474306601e-02 8.9542512046e-02 1.0908292943e-01 -1.6412054009e-01 3.4077569148e-01 4.0861681725e-01 1.4167092547e-01
3.7635743265e-01 -1.3647780401e-01 1.5035427596e-01 -2.1871922117e-01 -9.3311283844e-02 -3.7821786416e-01 4.2695402481e-01 3.9771745582e-01 4.1277330508e-01 4.4450652770e-01 7.1908009201e-01 1.0992972358e-01 9.7074323009e-02 2.4321763716e-01 4.6788769397e-01 1.6011955210e-01
-4.6022299170e-01 1.9806524672e-01 -1.2216506907e-01 3.1980515299e-03 6.3242250491e-02 -1.4535243288e-01 1.3168207080e-01 9.2604606475e-02 -3.8241365907e-02 -2.5545036929e-03 -2.0953580051e-02 -8.6578727842e-02 4.3675152840e-01 -4.4577095981e-01 -1.7173657608e-01 7.1045087670e-01
3.6525394557e-02 5.3421262339e-01 1.1390809394e-01 3.4729682130e-01 2.7340612641e-01 -2.2122774893e-01 -7.7730131242e-02 1.9063447060e-01 -5.5329144234e-01 -1.3417214663e-01 -4.2075830517e-01 -4.5243522336e-01 -1.3989749922e-01 -1.0872737822e-01 -7.6438230231e-01 -4.1898395609e-02
9.4171829792e-02 -2.2435547803e-01 3.7148295888e-01 -3.5106093291e-01 1.7997759488e-01 -5.2187550652e-01 1.3741362157e-01 -5.0344660687e-02 2.0808039408e-01 -3.0690113422e-01 1.5944905653e-01 7.7090131560e-01 -4.3644449502e-01 9.3822066738e-01 1.3458861741e-01 -1.5575288030e-01
