-1.3555405615e-01 -2.6388790603e-01 -1.0209551459e-01 1.4944414839e-02 4.5035768819e-02 1.6301043303e-01 6.3148977372e-02 -2.9931579477e-01 -2.4059266838e-01 -7.2038026092e-02 6.3318129837e-02 6.2973806748e-03 1.8189278700e-02 3.3081330304e-02 4.5042485953e-01 -9.3193684346e-02 6.8420955048e-02 2.5951343561e-02 1.2523438362e-01 -1.0552354870e-01 7.1284492564e-02 -1.1939019909e-01 -2.9525771485e-01 2.0966459396e-01 -6.3758389761e-02 -1.4664648902e-01 2.0830390856e-01 -3.2262247874e-02 1.0009593989e-01 2.5024829341e-01 2.5054796705e-01 -1.8814203115e-01
-2.3786251304e-01 -1.4087833880e-01 3.2158948158e-02 2.4708699514e-03 6.2161077064e-02 1.2309735026e-01 1.5240251762e-01 2.5429586513e-01 -2.9286419943e-02 9.2096693850e-03 -3.2622816467e-01 1.1854140045e-01 -4.3896109268e-02 1.8427896113e-01 3.0558981743e-01 1.8668544222e-01 -2.0985387762e-02 -2.7664150213e-02 -1.2872923066e-01 -2.7278427980e-01 -1.6345641561e-01 -1.3129738871e-01 3.3028271217e-02 2.6907321941e-01 -1.7664354579e-01 3.2271089576e-01 -4.1603087414e-03 4.5899256049e-02 9.0223252207e-03 2.0760153001e-01 -2.9149924745e-02 8.8168487980e-02
-2.2530781197e-01 -6.6878503671e-02 -4.0275943448e-01 -4.4067901004e-03 -5.3804806743e-02 -3.2474841344e-03 3.2320875878e-01 -3.1175213845e-01 -2.0338703750e-01 -4.0302989593e-02 7.9361211499e-02 1.4055258326e-01 -3.9133875618e-01 -2.6985663492e-01 -1.8097028250e-01 -1.5945014540e-01 -1.1879673181e-01 1.6243784362e-02 1.5833632330e-01 -2.9755033719e-02 -2.7230402981e-01 5.5713744174e-02 -7.0898095589e-03 2.0184061145e-01 2.1205496232e-01 -1.0680281826e-01 -1.7591433011e-01 1.1798064701e-01 -1.4059065536e-01 -1.3495126581e-01 9.6533335101e-02 -2.4106422506e-01
-4.9965294953e-02 2.6368754913e-02 -2.0490320080e-01 -3.8368587350e-02 6.1837856117e-02 -2.8250526502e-01 -2.4371766064e-02 -6.0825650206e-02 1.4060211945e-01 3.6523966497e-02 -2.0979443566e-01 4.5295556866e-02 1.8077583384e-01 -4.2439389521e-02 -5.4071859120e-01 4.5829922360e-01 3.9798716379e-01 -1.3056451162e-01 9.3807010971e-02 -1.9081989064e-01 -1.4335746723e-01 6.4212062802e-02 2.8621555590e-01 -3.4898645521e-01 -1.8182765702e-01 1.7041122700e-01 1.8252945214e-01 3.0860623052e-01 -1.8130305652e-01 1.7617048391e-01 -1.1424496544e-01 3.1451475805e-01
3.9437503698e-01 2.4764972795e-01 -2.7614643672e-01 4.2930865052e-02 -2.4033750090e-02 1.2501351681e-01 -2.0267731762e-01 -3.3509537940e-02 1.4964262591e-01 2.2347590414e-01 -1.0503174244e-01 4.3354009016e-02 5.2959803182e-02 -3.1612488490e-01 -3.3013121664e-01 2.0524179586e-01 2.6511369698e-01 -4.1393879114e-01 -6.7011886071e-02 1.3027249073e-02 -1.5917385004e-01 -3.5743794526e-01 -3.0706460715e-02 1.4853022636e-01 -2.6680531353e-02 -1.4268383662e-01 3.9518463263e-01 2.3212848049e-01 -3.5225412069e-01 -5.7103202146e-02 4.0436332621e-02 -2.0576759752e-03
-2.5057276327e-01 -8.5253819134e-02 -1.0658312296e-01 -2.2428003205e-01 6.7169003951e-02 -1.0024422949e-01 -4.3876383457e-02 -2.4683884669e-02 -1.5511666521e-01 1.0128932845e-01 -7.5381991988e-02 1.2577725188e-01 -1.5554177437e-01 -1.0508881487e-01 -1.5985279644e-01 3.0584405016e-02 2.2234146333e-02 -3.6818147199e-02 1.2064251814e-02 4.4069119936e-02 -1.9612149853e-01 -1.2391466618e-01 -1.9232830125e-02 2.6734326969e-01 1.4205900819e-01 -1.4071063188e-01 7.0549974600e-02 -1.3558388890e-01 -1.8313654595e-01 -1.0483596420e-02 -1.5179434392e-01 9.5426211216e-02
4.3457261554e-01 3.4986461364e-01 -1.0397603411e-01 -1.4340987101e-01 3.2150152445e-01 -1.9976362889e-02 -6.3694512546e-02 -2.4879512361e-01 2.7826875001e-01 1.9407573832e-01 5.8718508675e-02 -2.4449553268e-01 -1.3437518437e-01 1.4191018318e-01 -1.7980632561e-01 1.4777255944e-01 3.1438350869e-01 -2.7844502340e-01 -9.0366892550e-03 -1.0657248805e-02 -4.3215876185e-02 7.9665316404e-02 -9.9223885643e-02 -5.7374412178e-02 -3.4766074951e-02 3.0118823558e-01 2.0166600347e-01 2.2735786466e-01 -1.2298619565e-01 6.7905613590e-02 7.1376158992e-02 -3.3841385174e-01
4.2735171296e-02 9.9046386179e-02 4.8478274856e-02 -1.6200777148e-01 1.4510736573e-01 -1.1991644329e-01 -4.3267829532e-02 -1.3907953366e-01 1.3615281364e-01 1.5557150389e-01 1.3558350344e-01 1.1453949494e-01 1.1696661753e-01 1.7172224365e-02 -1.1762907805e-01 5.5676415198e-02 3.1285146825e-01 -1.6258431129e-01 2.5492655991e-01 -1.2337288848e-02 -2.9306889477e-01 -4.1002821450e-01 -1.6958445377e-01 1.1724194916e-01 -1.4170995925e-02 -1.3328352494e-01 8.1077600239e-02 4.6393544446e-04 -5.3770577177e-02 -1.5612038337e-02 -2.9961228193e-01 -6.8157606245e-02
1.4202041011e-01 5.1505019097e-03 2.6510171179e-01 1.5707143880e-01 -8.5112809561e-02 2.6889581560e-02 2.0157523069e-03 1.1735039054e-01 7.6665437953e-02 -1.1794374777e-01 2.9040904875e-02 4.8229105929e-01 2.3376200274e-01 1.5216993957e-02 3.0961592713e-01 3.6522705628e-02 -2.1891661756e-01 4.2205655019e-01 2.7662930716e-01 -2.0180223123e-01 -1.2215225726e-01 2.0603614124e-01 3.4457369504e-02 7.8912169724e-02 1.8825524935e-01 -1.9321766014e-01 -2.5280410924e-01 7.8244702215e-02 1.0999592507e-01 1.1385277005e-01 2.5639139817e-01 -7.1302054852e-02
-1.0459731492e-01 4.3623676444e-02 9.1910991926e-02 6.1388912743e-02 9.0633305348e-02 1.9894897296e-01 -1.3231400006e-01 1.2185367684e-02 6.4783481663e-03 2.0172935720e-01 1.3614718614e-01 1.8012751732e-01 1.2646530208e-01 -2.8698784747e-02 -1.3006557840e-01 1.3831447877e-02 4.2853936035e-02 -2.8053013082e-01 -2.4117576574e-01 1.1199688527e-01 -1.5625441913e-01 -1.7453922467e-01 2.0750318021e-01 1.2180142240e-01 4.5515834124e-02 3.2956898774e-01 2.4121280603e-01 -1.5447054081e-01 -1.8714744249e-01 -5.1559306534e-02 -1.4644733714e-01 1.4333797038e-01
2.8847183567e-02 1.2652621556e-01 2.0561741581e-02 1.5295146163e-02 1.7739488363e-01 -4.0518472498e-01 -1.1544537692e-01 3.3035240496e-02 1.1783405606e-01 -7.4130035684e-02 -4.2648093374e-01 -2.5776572533e-01 -2.8359147056e-01 -1.3771006496e-01 6.3629839927e-02 1.6757373424e-01 -1.0370786761e-01 1.1128251210e-02 -1.4740196906e-02 5.2072019270e-01 2.0638713360e-02 6.3560197043e-02 -7.2251759694e-02 -3.4648108158e-01 3.2982590890e-01 -1.6664759917e-02 1.3759827445e-01 1.5129200648e-02 -7.0073962205e-02 3.7332868054e-02 1.7093913256e-01 -2.6058619141e-02
1.8105044300e-01 -1.8217813638e-02 3.6866492955e-01 2.1256350682e-02 1.0885567014e-01 -6.8485984621e-02 -3.1601329528e-01 2.9073658320e-01 -1.9825431024e-01 1.4812354794e-01 -4.1416531057e-02 -1.0289541627e-01 -2.4718514306e-01 1.9985729306e-01 7.0589354920e-02 -1.3220102472e-01 -6.5457654711e-02 1.4428158182e-01 2.2324635542e-02 -4.5002504295e-02 -2.1090909708e-01 9.4985446470e-02 -3.3007412115e-01 -6.6579589169e-02 1.5705860794e-01 -1.5866062232e-01 -1.5744795696e-02 -3.6830931224e-01 -1.4057177691e-01 4.0620073288e-02 -1.0217386102e-01 -2.8028964421e-01
2.3596009206e-01 1.4258544012e-01 -1.5640350694e-01 2.3322115304e-01 -1.7723196627e-01 1.0856718081e-01 3.2683753923e-01 -1.6485251175e-01 -1.7398414462e-02 -8.8864002619e-02 -1.3116527617e-01 9.9316935562e-02 9.2473109075e-02 -4.6396528746e-02 9.8848367617e-02 1.8887516300e-01 6.9192976658e-02 9.1389680939e-03 -1.7195447358e-02 2.2761427843e-01 1.1709577306e-01 -2.1872737212e-01 -2.3348368086e-01 1.8386466932e-01 -2.9099636443e-01 6.3648339966e-02 -1.4319140613e-01 5.6712693394e-02 -2.0892450934e-02 -8.5723808719e-02 1.1039376202e-01 3.6110069043e-02
6.5180871390e-02 1.5175239160e-01 -3.1840901207e-01 -1.1944287946e-02 -3.1710363259e-01 1.8341943833e-01 -1.9188021706e-02 -3.6415532210e-01 -1.2784177622e-01 2.0569279691e-01 -1.1043879282e-01 3.2600526652e-01 -1.2372667806e-01 -1.5774967325e-01 -4.5530165381e-02 1.7401881164e-01 -1.7847241036e-02 1.1973835124e-01 -9.3790628072e-02 5.1490082817e-02 -1.3287915773e-01 6.9684888055e-02 1.9900966285e-01 1.1285280101e-01 -1.1533008100e-01 -1.9022067590e-01 -2.9150186229e-01 -2.6615239972e-01 -2.0552599126e-01 -5.7894712593e-02 5.1591854770e-02 -1.5575744718e-01
2.2025063834e-01 9.8327969429e-02 8.6227705778e-02 3.8952755907e-02 7.6884336695e-02 -1.5619053724e-01 3.3120710413e-01 2.5230173096e-01 4.4591986874e-02 7.5663603062e-02 4.8803901448e-02 -6.4732842049e-02 1.3385819996e-01 -6.1037454557e-02 -5.3929749434e-02 4.3519691313e-02 1.7905810222e-01 3.2971838087e-02 2.6633226641e-01 1.6436334505e-01 1.7882395115e-01 -1.5622436069e-01 9.9276552383e-02 7.0866738223e-02 -1.7766262039e-01 -4.1233615215e-01 -2.6165386840e-03 1.2031244696e-01 -4.6641174045e-02 1.0819622935e-01 8.3960161624e-02 3.2201114608e-01
-3.0339555538e-02 3.4941718058e-01 -2.4070987162e-02 -2.1470369322e-02 7.8276836270e-02 -5.7660375086e-03 -1.2190949352e-01 -1.6073603033e-01 1.7083209206e-01 -2.8797130309e-01 5.9139085141e-02 1.6023989765e-01 2.2933599961e-02 3.1298583736e-01 -2.0720554189e-01 1.4662389129e-01 7.0225160212e-03 -9.7529623089e-02 7.6483596701e-02 6.0434860891e-02 -5.9820631467e-02 1.3776906381e-01 2.6610240881e-01 -1.1448563991e-01 -2.0810854209e-01 -3.4064294842e-01 2.2324976515e-01 -1.1397348959e-01 -1.4171207089e-01 -3.3504669944e-02 -1.6190291405e-01 -2.7436204607e-01
-2.1875950720e-01 -7.1652486774e-02 3.7801369926e-01 9.1366195360e-02 -3.8976582983e-01 9.4757738320e-04 -1.6135928386e-01 8.4636028754e-02 1.8960842792e-01 -6.1364487398e-02 2.1935425230e-01 -3.2606740546e-01 6.4066202273e-02 4.1043205373e-03 -2.0549956715e-01 -2.2168314892e-02 2.9013052426e-01 -8.6674986415e-02 4.3569867445e-03 -1.7340391039e-01 9.5461208687e-02 2.8186366823e-01 4.9470566643e-01 1.2388534817e-01 -2.4651433418e-01 -4.5294475912e-02 -3.2679720145e-01 -1.7105787136e-02 -1.3265549245e-01 -1.0671314966e-01 8.6047950030e-02 1.8156348801e-01
-4.4491323004e-03 -5.5206647610e-03 1.0108031067e-01 -3.1364642422e-01 -1.6306393237e-01 3.6410398666e-02 -2.5083575553e-01 -1.5087236156e-01 1.0275415246e-01 1.0054316247e-02 6.7923339703e-02 1.4600651304e-01 3.1846641814e-01 2.3528028636e-01 1.8657323628e-01 3.2022288014e-01 1.9004694565e-01 1.9079699586e-02 2.8323258010e-01 -3.0862755992e-01 -6.6099333234e-03 -1.0586383557e-01 -6.3157358424e-02 -2.2777908497e-01 -1.6214709116e-01 -1.8696228454e-01 2.7302367347e-01 -2.4272733023e-02 5.1413435737e-02 -1.2188207312e-01 -2.3927072196e-01 1.3006073024e-01
1.5710478462e-02 3.4082741566e-01 -1.2636203964e-01 -1.1688794310e-01 1.0903461839e-01 -1.4887181137e-01 -1.0688924665e-01 1.7235792410e-02 -1.5017406778e-01 2.0866750650e-01 4.1248362242e-01 1.8601892188e-02 1.9014255446e-01 1.9633972493e-02 -9.7561142169e-02 -2.0654382966e-01 5.6947801619e-02 -1.0652907104e-01 1.5378317703e-01 8.6232824587e-02 -8.9359104537e-02 -3.0835969543e-02 -3.2227041306e-01 -2.7768257463e-02 -4.2440479264e-01 -1.5012573867e-01 1.4979815132e-01 -1.6256362144e-01 1.0431558040e-01 -4.2149700444e-02 -1.8988942340e-01 -1.2041800658e-01
-3.0078704863e-03 -2.6525741746e-01 -6.3329290646e-02 2.2633952472e-01 -6.9804186785e-01 1.2443689017e-01 -4.5591788893e-02 -6.2687876399e-02 -6.5453257572e-01 1.9248974807e-02 -2.4370022593e-01 -3.2047492269e-01 1.3429633106e-01 2.0219789852e-01 -2.3232774589e-02 3.8362602524e-02 5.4741764841e-02 2.3282838235e-01 -2.2201960979e-01 -5.2515407676e-01 1.8928305738e-02 6.0369692777e-02 -2.3331081663e-01 1.0752845196e-01 1.5143398162e-01 -8.9896409677e-03 -8.0243234697e-02 -1.0048060968e-01 1.1430303187e-01 -1.3254106265e-02 1.6501721176e-01 -8.5160919122e-02
3.1941461151e-01 -1.4732489160e-01 -2.7839748843e-01 -4.5428560135e-02 -1.4918554288e-02 2.0957608723e-01 1.3843438929e-01 6.9219485472e-02 -1.0638786318e-01 -3.6214002714e-01 8.2057147578e-02 -9.3525369844e-02 2.4085014208e-01 -1.4325199643e-01 -3.3079209809e-01 9.5994542120e-02 -2.3005735242e-01 1.2889691362e-01 -1.4092791611e-01 2.0760599802e-01 1.4213142229e-01 1.3457914743e-01 9.6025194180e-02 2.1722555089e-01 -8.6934339993e-02 2.2287427913e-02 -5.0606191140e-02 -1.7999134572e-01 -2.0367905844e-02 -8.0643014715e-02 -2.5251474425e-01 -1.3428823397e-01
8.0403382713e-03 1.7381735108e-01 7.6620306170e-02 2.1600605132e-01 -1.5949354708e-01 -1.0779452397e-02 1.3520866338e-01 -6.8724625772e-02 1.5781668314e-01 -6.2266870049e-03 -3.4940241343e-02 -6.8347247385e-02 -1.3343513687e-01 -7.1305349542e-02 -3.4594734927e-01 3.0492244482e-01 1.2052385120e-02 -1.2631887725e-01 2.2276187998e-02 1.2857520435e-02 -2.3590312536e-01 1.4298695830e-02 -7.6751727570e-02 1.4221732256e-01 -5.3297089327e-02 -5.9767216798e-02 2.0064346612e-01 6.2294292377e-02 -3.1574122620e-03 2.2342307068e-03 -2.0532547831e-01 -9.4838235698e-02
-1.2721385855e-01 -1.7174390860e-01 -3.3324779868e-01 2.5863894962e-02 1.0798872107e-01 2.0733151193e-03 1.4319320682e-03 -9.3192662080e-02 2.7181498566e-01 8.5888688101e-02 1.5766174539e-01 8.8471878065e-02 -1.7909473190e-01 -1.0609581064e-01 -1.3612890069e-01 3.7952376086e-01 1.1903814809e-01 -4.6188521643e-01 -1.6281676638e-01 1.8722867363e-02 2.9373731451e-01 9.9634835113e-02 -9.0840586025e-03 5.5444541042e-02 -2.8193827204e-01 -1.5404364623e-01 2.4221426712e-01 8.0606882357e-02 4.0521677498e-03 -4.9801284803e-02 -1.1460791589e-02 -8.6338138027e-02
3.2879442815e-01 6.4818852176e-02 1.5229354643e-01 1.2435713772e-03 4.3080597415e-02 1.1524723576e-01 -1.8144976277e-03 -3.5998032013e-02 -2.1227207718e-02 5.4339209430e-01 1.7010143409e-02 2.7889828206e-01 -2.3391506201e-01 2.0684470475e-01 -1.3513968898e-01 1.6362744155e-01 1.9411513704e-01 6.8262430012e-02 5.3356913860e-02 5.9266331930e-02 3.1158788358e-01 4.1167571623e-01 -1.1243271212e-01 -1.0896310364e-02 -2.2266700302e-01 -4.7044366492e-02 9.6095456143e-02 9.3480927668e-02 2.9725389861e-02 2.6210876736e-01 -1.8768786935e-01 1.1365287975e-02
1.6305819572e-01 3.0624909459e-01 1.8360455651e-01 9.2672298198e-03 -7.0896656609e-02 1.5208211224e-01 -9.1957466142e-02 -1.1843147645e-02 -7.1389319958e-02 2.6239662275e-01 -3.3921171560e-01 3.0301097382e-03 1.0901986114e-01 -2.2742008729e-01 -1.1853702441e-01 -2.3673336883e-01 2.3693578481e-01 -2.3117973993e-01 2.3726931407e-01 1.3982312276e-01 -8.0892633243e-02 1.4599757760e-01 9.3715999398e-02 -2.5783440273e-01 -6.7014131679e-02 -7.0158111731e-02 1.6497350360e-01 1.8167786072e-01 5.0633687444e-02 2.5075448165e-02 -4.2096028918e-01 -5.7819722985e-02
-1.1488577054e-01 1.4764037801e-01 1.0175221047e-01 -9.2066426016e-02 1.4299307007e-01 -9.5282910877e-02 -9.3469712114e-02 2.0200653492e-01 3.0275892758e-01 1.8990614038e-01 -5.4447698433e-02 4.7558503634e-02 2.0592589035e-01 4.8278196746e-02 2.4994821352e-01 4.6153297275e-02 2.4798454628e-02 -9.9296905499e-02 -2.3955427676e-01 -1.1807287758e-01 -2.4489828190e-01 9.3837478030e-02 2.9742198443e-02 1.0246248223e-01 -2.3051770059e-01 1.9595848002e-01 -2.7027533083e-01 8.2662830854e-02 -5.8443820210e-02 -2.7134100285e-02 -2.6391463844e-01 -1.3724451657e-01
5.9035990867e-02 -2.5409180895e-02 5.6117136568e-01 2.4116077890e-01 -1.3095336622e-01 -2.3901256028e-01 -1.4091569579e-01 -1.4364946518e-01 2.6521040233e-01 -1.4857019171e-01 -1.7383153472e-01 1.1547272533e-01 1.4839760570e-01 -4.4663563489e-02 5.3056474404e-02 -2.4784178040e-01 -3.6663342037e-01 -1.7127759879e-01 2.0916874957e-03 -3.5962047425e-02 -4.1135709707e-02 6.1834830335e-02 2.4060127397e-01 1.0462108103e-01 2.0365108103e-01 1.6006502436e-01 -6.0719777263e-02 1.0967876570e-01 1.6250912867e-01 3.7699852458e-02 -2.3208024542e-01 -1.5462755117e-01
-8.7943908836e-03 -3.3034150324e-01 -1.7819223785e-01 2.0963029139e-02 -6.3100805338e-02 2.4340080936e-01 -1.7671040390e-01 8.7976257859e-02 5.2769752692e-02 -2.1002611231e-01 -3.2729593574e-01 -1.2157747136e-01 8.1602308920e-02 -2.1214299597e-02 1.1457241789e-01 -2.8487921004e-01 -1.3848823860e-01 1.7659015977e-01 3.9238538401e-02 -9.4418567810e-02 -4.2807420775e-02 2.3125816076e-02 4.6681611146e-01 3.7618599610e-02 4.4257465456e-01 -2.1818821411e-01 -2.4564875597e-01 1.8569355428e-01 -1.6323581071e-01 3.0088656940e-01 5.7000921489e-01 -1.0222284314e-01
-1.1776881595e-01 -7.4179734403e-02 -1.6798226902e-01 2.7087830186e-02 -2.1068898485e-01 2.4047055462e-01 2.0146121335e-01 -1.1005335085e-01 1.7802245997e-01 -3.0922438958e-02 1.8634018488e-01 1.2586859448e-01 -7.6690784379e-02 -1.5728117705e-01 -2.6764073335e-01 2.1397818882e-01 1.0376354155e-01 -4.9220040158e-02 -1.8648697778e-02 -3.9082342848e-02 -2.2200794039e-01 -1.6731270733e-01 -1.3696361527e-01 -3.0487451259e-01 1.1170896495e-01 1.4638229219e-01 -8.6095848794e-02 -1.1739105676e-01 5.9764068449e-03 4.7474176539e-02 -1.8323705355e-01 -5.3171220212e-02
1.8123895782e-01 2.1991582649e-01 -6.4016871254e-03 5.9697284517e-02 9.5189587557e-02 -1.5289236367e-01 -1.0476692663e-01 2.5043826568e-01 -2.5653840853e-01 -4.2952146406e-01 1.4046108708e-01 1.2179927643e-02 -1.8716871915e-01 1.1128128642e-01 -1.9873039190e-01 2.5006037394e-02 -1.5005735498e-01 -2.4487903333e-01 -1.0983099290e-01 -1.3797040899e-01 -3.0419037720e-01 3.0648954515e-02 1.5491575631e-01 4.3235476877e-01 1.6536919764e-01 -1.2369653422e-01 1.5103624374e-01 -1.2172766636e-01 -2.9154541107e-02 -1.0091064966e-01 -1.0326876018e-01 6.6574598063e-02
-2.0395323305e-01 1.7923319694e-01 2.5062994447e-01 -2.7391281132e-01 -3.0660741334e-01 -2.2506436904e-01 -1.5967873567e-01 -2.9583398801e-01 -8.4447057025e-02 2.6067585710e-01 1.4657977059e-01 3.0630861907e-01 -4.0712279693e-02 1.0995366240e-01 -2.5595196689e-01 -1.7084611985e-01 7.0738823222e-02 6.7733550616e-02 -1.2412732002e-01 -2.2175181293e-01 -2.6367664567e-01 -1.8183922445e-01 -3.5443055096e-01 -6.5804356334e-02 5.9306578874e-01 -5.2347927276e-04 2.7358208367e-01 8.8198851627e-02 2.2733339001e-01 2.1758159764e-01 -9.0500154376e-02 3.5348470370e-01
8.0110424930e-02 -7.6735820215e-02 6.5053054127e-03 1.0973775560e-01 -1.6651420926e-01 2.5031386971e-01 4.6071261904e-01 4.9357546844e-02 1.5109277493e-01 -2.6734071108e-01 -1.3356539997e-01 3.4893817617e-01 3.7902035489e-01 -3.0134922486e-01 -1.5740224603e-01 -1.2015509597e-01 3.2782733625e-02 -9.6116423304e-02 2.2828569481e-01 9.5115781773e-03 -2.6157771875e-01 5.7646936013e-02 2.2068729002e-01 -2.8902197153e-01 -1.7882660311e-01 1.6618694595e-01 -1.2310789998e-01 1.0702214044e-01 4.3758389463e-02 5.6194088113e-03 9.2571022156e-02 -4.1850629897e-02
