8.9157784610e-01
-6.7064856034e-01
2.2069733459e-01
-1.1457793613e+00
-1.2671576465e+00
-2.8645310954e-01
-1.5693708580e+00
-1.4717964328e-01
1.7522630722e-01
-6.9858612107e-01
-5.8165432753e-01
-4.6000260471e-01
-6.8331799748e-01
8.5928415361e-01
-5.4237023197e-01
1.8694173165e+00
-1.2765185278e-01
-4.9587306477e-01
-1.2128137941e+00
5.9736760437e-01
-2.1715918929e+00
4.7329672207e-01
-3.3188155431e-01
-4.7297551968e-01
-2.2188053782e-01
-7.8534008768e-03
-2.6917278700e-01
9.7461331628e-01
2.3185592590e-01
1.3622980893e+00
-5.3965995242e-01
1.1079009663e+00
