2.0334870126e-01
-4.4524698029e-01
-2.0712154996e+00
-7.3769961846e-01
4.7321501433e-01
9.8242751551e-01
-2.0568696942e-01
1.8339821190e+00
-5.3070759125e-01
1.1107031984e+00
-2.4330337003e-01
-1.7706396456e+00
1.9243044305e+00
-6.6745510873e-01
-5.6882491792e-01
-7.7704513526e-01
-4.8612947793e-01
-1.0075909326e-01
5.6853929760e-01
7.1393999773e-01
2.0172482012e+00
1.1061842000e+00
2.7907776519e-01
-1.1521087426e-01
4.2089078136e-01
4.3389494181e-02
5.5216048603e-01
2.5825616863e-01
-6.0719739109e-01
1.7249224854e+00
5.8989120687e-01
-3.5306199508e-01
