8.1207091034e-01
1.2175107849e+00
-6.8872846387e-01
1.0015549947e-01
1.1470753861e+00
-6.9993984571e-01
-1.1318656214e+00
3.4865543362e-01
-1.8930094562e+00
2.5960817636e+00
9.1723221088e-01
2.0443729674e-01
1.0452829682e-01
4.8337838231e-01
-1.8427955383e+00
-1.1864535443e+00
9.9576330062e-02
-1.2747809480e+00
-1.5376630905e+00
4.4823118469e-02
6.1985667883e-02
1.3473479614e-01
3.0745481915e-01
1.0634256940e+00
-2.3230442767e+00
-4.2696466867e-02
-1.4857366927e+00
8.7119552912e-01
1.9454312904e+00
-2.9104272999e-01
-1.4844248498e+00
-1.3041909009e+00
