-6.2811581637e-01
-4.2148147151e-01
1.8640400814e+00
-7.1816531920e-01
8.1683199519e-01
-5.9702333217e-01
6.1380203555e-01
-2.2079023829e+00
3.7055995326e-01
6.0986861476e-01
-8.0509196195e-01
-3.8185127675e-01
1.9519717831e+00
1.4026462120e+00
-4.3895634474e-01
5.6613313407e-01
7.7672396691e-01
4.5465099326e-01
4.3150317111e-01
-3.4812642555e-01
2.7809349164e-01
-1.7594820474e+00
-3.0923067175e-01
3.3508854281e-01
4.3774029468e-01
5.0840285131e-01
5.9662278254e-01
1.6789866475e+00
-7.2537031347e-01
-7.7910966285e-01
-1.7095795896e+00
1.7739902570e+00
-6.1765272346e-01
2.1220919761e+00
-1.8398426383e+00
-6.4693644099e-01
4.1089606235e-01
-1.8189888990e+00
6.3515770849e-01
-7.8611660820e-01
-2.0737581348e+00
5.0469320866e-01
-5.9064610803e-01
-1.4420416642e+00
1.7330320393e+00
3.5862367104e-01
3.9033996063e-01
-3.8146000105e-01
1.7328312135e+00
-1.1528428464e+00
-4.6511771734e-01
-1.6245985165e+00
1.5345488323e+00
-1.7543923101e+00
6.2643776156e-01
4.9631391286e-01
4.2559997150e-01
-1.5877893911e+00
5.8825398939e-01
-1.9601726946e+00
7.8753712768e-01
-3.7756541097e-01
-2.0104597275e+00
-1.8477053120e+00
8.5635497881e-01
7.7169046607e-01
8.4737542119e-01
-3.1075777186e-01
-1.6939756747e+00
3.4795656359e-01
