-5.0106818676e-01
5.2317252077e-01
1.9419690395e-01
9.2888276555e-01
-1.2631807201e+00
7.5448696360e-01
-2.3869932098e-02
-1.2194176052e+00
2.2707703171e-01
9.7848782288e-02
8.7608909932e-01
-2.5698728144e-01
-1.1496001068e+00
-1.4208375976e-01
4.5910431913e-01
5.0187564774e-02
7.2834082345e-01
-1.2408345952e+00
4.9596414417e-01
-7.9494823490e-01
1.4890423800e+00
-1.5923571416e+00
-1.1511503415e+00
-9.7650624966e-01
-5.5327521137e-02
-4.2974464494e-01
9.8273903680e-01
-6.9357893199e-02
-1.6666182750e-01
-4.9622680959e-01
5.0648678492e-01
1.2787672703e+00
1.1259243415e+00
6.6628473686e-01
-4.8265840182e-01
-2.6095604819e-01
5.2037914590e-01
1.0475749740e-01
1.2365321416e-01
4.4441706018e-01
4.2166018325e-01
2.9004173020e-01
-4.6192168517e-01
2.6872275500e-02
-1.6798887476e-01
-1.6815066365e-01
1.5074852837e+00
1.1281968000e+00
9.1291857379e-01
-1.8407022348e-01
-4.1970390184e-01
-1.9292017228e-01
2.7926493840e-01
-3.6254224342e-01
3.8526250195e-01
1.6717745475e-02
-8.7551933635e-02
-1.0635374990e+00
1.9558186395e+00
-3.0073244285e-01
-3.8489793376e-01
2.6589060512e-01
3.9475847178e-01
9.6389032522e-01
-3.5772364392e-03
4.4717416057e-01
1.7032415217e+00
-1.0779740604e+00
-2.9057100213e-01
1.3195341006e-01
-4.7562751617e-01
-2.3103713379e+00
-3.2931821444e-01
-3.0738139793e-02
4.6129633355e-01
2.1065870447e-01
-6.5101902721e-01
6.6112053026e-01
1.5266135019e+00
-8.9151425784e-01
1.2301927879e+00
-4.6238001630e-01
-2.5625132214e-01
9.5443287880e-01
2.5229816870e-02
-6.4277027861e-01
-1.6620015023e+00
-1.3453379349e+00
-2.4091052435e-01
3.7024733616e-01
1.1892667385e+00
1.0625832240e+00
-1.6538612609e-01
-1.3692515803e-01
-1.0939715961e+00
-4.4484163792e-01
1.5702130546e-01
1.6379050190e+00
-3.2968434389e-01
-8.5303528944e-01
-2.8636075967e-01
-4.2751899968e-01
8.3705326070e-01
2.3388797939e+00
-1.3735866719e-01
-1.0452876209e+00
4.6254960147e-01
1.4465769151e+00
-1.2341107596e-01
6.2066141852e-02
-5.5456711122e-01
1.3659912236e+00
2.4632925268e+00
2.5850912706e-02
-4.8682904839e-01
-1.3987242629e-01
-1.8816297049e-01
4.2593212314e-01
8.2895911922e-01
-9.1685136546e-01
-9.9023062045e-01
9.2346303239e-01
-2.8749740615e-02
5.5576064658e-01
-9.9882456957e-01
8.6165763111e-01
-7.3954588385e-01
-5.8049533982e-01
-2.3530295782e-01
-2.2617871369e+00
5.3342262643e-01
-7.3346116322e-01
-1.3663018300e+00
-9.1510703133e-02
2.0857757781e+00
6.9763344998e-01
7.5102247944e-01
-1.0174858054e+00
-8.3837288400e-01
-6.4104805935e-01
2.2216107723e+00
5.7238809666e-01
2.6282628653e+00
1.9988511279e-01
-2.0188024678e-02
-3.7283884199e-01
3.2191856089e-01
-5.7247426226e-01
4.6802823577e-01
1.4244931521e-01
-3.3168114697e-01
6.2564213383e-01
-1.1027154352e-01
-6.2639304420e-01
-2.0803173467e-01
1.6861557777e+00
2.7588468341e-01
1.0660948471e+00
-4.4415869287e-02
-1.8805635200e+00
2.6415280515e-01
1.2372718015e+00
-7.0950567527e-01
1.6949389105e+00
1.1935930394e+00
1.9693031169e+00
-1.6991725099e+00
2.1834984205e-01
6.2992559019e-01
-1.9167068709e-01
-2.9665306021e-01
6.4837875927e-01
-8.2104808424e-01
1.9085565320e+00
5.2790461744e-01
-1.0073306612e-01
-2.5082861578e-01
-1.7951719809e-02
8.6877082313e-01
8.0707570491e-01
8.0499687916e-01
-1.0071009712e+00
2.0168259543e+00
-6.2134703086e-01
1.0041042962e-01
-4.2997547700e-03
1.3157923892e+00
4.5842497678e-01
2.1497772367e-01
-9.1724147171e-01
-1.0751764006e+00
3.3482048862e-01
-3.9871889332e-01
4.2799708314e-01
-1.8220958777e+00
-1.4405111026e-01
-1.0752886467e-01
-1.0067850437e+00
2.2640556989e-01
-3.9310946498e-01
4.6317747479e-01
-2.1634235667e+00
2.1097012903e-01
-2.3498911268e+00
3.6750603509e-01
6.3741650907e-01
1.2099952320e+00
5.6598746090e-02
-1.4226141127e+00
5.1009619467e-01
2.4272688597e-01
-1.2509639211e+00
1.9485718144e+00
-1.5520844566e-01
4.1606062961e-01
4.3135081152e-01
-5.0230558656e-01
-1.4065308115e+00
-1.3909735435e+00
-1.2419492403e-01
3.2227178973e-01
-1.3754146127e+00
-9.9535530981e-01
-9.5789313385e-01
1.6957234020e+00
-1.2627572887e+00
4.7194202024e-01
-1.2208439707e+00
7.1725856868e-01
-8.8968520682e-01
7.7594797393e-02
2.6169715036e-01
9.6775445799e-01
-1.2499951717e-01
2.6118775812e+00
-8.9835834761e-01
2.2655658470e-01
7.4335594455e-02
9.4811784417e-01
6.7599725290e-01
-6.9903246260e-01
1.6444874851e+00
5.7049678043e-01
-4.0155082635e-01
1.1201949901e+00
1.7575446236e-01
-1.7141506656e+00
6.3401106200e-01
-1.4915334853e-01
-1.8209503536e-01
1.5461632527e+00
2.0014629093e+00
-2.5622161348e-01
-2.7331351198e-01
-2.6948306024e-02
-2.1130754045e-01
2.7613802753e-01
1.7486769366e+00
-2.7542127047e-01
-6.4849388130e-01
-1.6897087104e+00
-5.0841617036e-01
-1.0003659734e+00
-1.8271653709e-01
-9.0752670942e-02
-2.7607089138e-01
-7.9049251044e-01
-7.2801579824e-01
-3.0173824584e-02
-2.8123747983e-01
-1.1401141350e+00
-2.8954709583e-01
3.9682689459e-01
8.0301249244e-01
-2.0667992632e-02
6.4150354905e-01
1.5953947114e+00
8.9341517129e-02
-1.4273093857e+00
-7.5576388361e-02
1.0442427498e+00
1.4490187966e+00
-2.2598347971e-01
-1.3644935631e+00
-6.9208630107e-01
-3.4992698520e-01
2.1148819957e+00
-1.6238511275e+00
-4.8883469034e-01
-5.7144004425e-01
-3.1614123534e-01
1.0622860785e-01
-5.9363711923e-01
3.5963519912e-01
5.9782646418e-01
2.6473285165e-01
-1.1839064547e+00
-8.5149605239e-01
-1.8066730940e+00
-5.7729499106e-01
