1.0788817210e-01
-5.9041625514e-02
1.7572780316e-01
1.6032728399e+00
-1.3467147252e+00
-1.3963396142e+00
4.3780777506e-01
-5.6368704707e-01
1.3216832210e+00
4.6981194971e-01
-6.6842518130e-02
-2.2266071421e-02
-3.4843514208e-01
4.7420770360e-01
6.1900344639e-01
-7.5814690751e-01
1.5531825730e-01
-2.3670456786e+00
9.1806403203e-01
2.5250443649e-01
3.4236098000e-02
8.5836969181e-01
4.0052427421e-01
-7.0701889275e-01
1.2837585245e+00
2.0533540443e+00
-6.3221368382e-01
-5.3138706181e-02
-8.8762305998e-01
-1.1214066211e+00
-2.2857069452e-01
-7.1785681518e-02
8.6579899742e-01
-7.6125212962e-01
3.0464545568e-02
2.2004159914e+00
5.5897700903e-02
-1.0760811852e+00
7.0745430107e-01
2.2170565975e-01
4.6122860928e-02
-1.4927699659e-02
4.5989881114e-02
3.3738038451e+00
1.2907847316e+00
-2.9787333390e-01
-1.1120111815e-01
-1.9891585879e-01
1.1861172877e-01
-3.2104423909e-01
2.4148960616e-01
1.5321997950e+00
4.5879564554e-01
2.3315840195e+00
-4.0423966784e-01
1.5195305992e-01
-1.0100644188e+00
-4.3367318754e-01
-8.4821735223e-01
-6.8405696947e-01
9.9549421464e-02
-6.7759690547e-01
-2.4774459221e-01
-6.4901888181e-01
-3.5638647391e-01
2.9828265370e-02
7.0946392299e-01
-1.7281571914e+00
-3.5096451862e-01
-1.0982382270e+00
1.6471308567e+00
1.1982012414e+00
4.9014370836e-01
-6.0877578081e-01
-5.7631561964e-01
8.2058773754e-02
8.5910923545e-01
1.2993546177e+00
-2.1961448911e+00
4.1393244013e-01
-1.1060774757e+00
-5.8058151055e-01
1.2778389373e+00
1.0209135348e-01
4.0387364555e-01
-5.7736456820e-02
-2.6575320111e-01
-8.7683179041e-01
1.4988854501e-01
-2.1113730032e+00
-1.6444761727e+00
4.7939876342e-01
4.9998391594e-01
-4.3333177055e-01
1.0626770108e+00
5.2270359570e-02
1.4508331477e+00
5.4569820592e-01
-9.6586140325e-01
8.8495902552e-02
6.3184550670e-01
-5.3507981659e-01
-1.3962771886e-01
9.8049355678e-01
6.9135726809e-01
-1.6306031932e+00
-4.3468801461e-01
-5.6598705563e-01
1.6585032491e-01
2.4380364775e-01
6.8835417452e-01
-4.7563801177e-01
4.0954603895e-01
4.1035601290e-01
6.4647434281e-01
3.6015682061e-01
-7.4132104405e-01
-1.3427212915e-01
-3.6174982999e-01
-3.9148454980e-01
1.1987369990e+00
-7.7068982362e-01
2.2551640238e+00
-1.6785205417e+00
1.3303608974e+00
-7.9107416988e-01
-2.5140848406e-02
-1.4838716459e-01
-1.2512592203e-01
-7.8818713990e-01
-1.4116164487e+00
1.7464751942e+00
5.7394022311e-01
2.0657102557e-01
-4.3430506069e-01
1.1492602899e+00
-1.5368562069e+00
-2.3934660070e-01
-2.1122061227e-01
1.9345859567e+00
1.0221683745e+00
-1.0194207570e-01
6.5423466944e-01
6.3377497609e-01
2.8657893653e-01
-2.5246843775e-03
1.2581857618e+00
5.4381266971e-01
-8.9932754505e-01
-2.4273391632e-02
