1.7012477359e-01
5.3401359489e-01
8.1309000661e-01
3.0663319744e-01
-3.7855062801e-01
-2.0660217124e+00
-7.6991507495e-01
-8.8075370441e-01
-5.5454738591e-01
-1.5435072439e+00
-3.2091006349e-01
1.0051990297e+00
-1.4574757046e+00
-1.5106342363e+00
-1.9927178496e+00
-1.5111103837e+00
-5.5415608298e-01
-9.1526576229e-01
2.5641630015e-01
1.8020102919e-01
-2.4224261262e-01
4.2521518357e-01
1.5643642582e+00
6.7491214536e-01
6.9012967312e-01
-6.4369609050e-01
-3.9257831814e-01
-1.4983062717e+00
-9.8055511396e-01
-2.9992984491e-01
1.6636691068e+00
6.8105855298e-01
1.5058395983e+00
5.4270555132e-01
-2.6665168980e+00
-1.1395958877e+00
2.9097375029e-01
2.9506545977e-01
1.4539383936e+00
-2.6274014061e-01
-1.4764506797e+00
2.7111636805e-01
4.2444524714e-01
-1.1315292360e+00
-5.8792947300e-01
-3.8562069611e-01
-6.9730723881e-01
-8.3964912168e-02
-1.7975065500e-01
1.3791595520e+00
6.7598625925e-01
6.9625054229e-01
7.4344123027e-01
-1.5181221551e-01
-9.6987381956e-01
1.5618091297e-02
-6.2350891245e-01
-1.7497745242e+00
-1.1618899243e-01
1.9849831235e-01
-8.3462716624e-01
-1.1631366207e+00
-3.6408061265e-01
-1.3829859403e-01
4.5342965544e-01
-5.9092243967e-01
-9.8493702849e-02
-1.0628847307e-01
-1.5434879314e+00
1.0011747058e+00
6.1221217216e-01
-4.9217572538e-03
-3.3292249179e+00
-3.3281079549e-01
-1.2649496232e+00
6.6369256652e-01
-4.7425589758e-01
-1.3026705660e+00
1.8522605399e+00
-1.2687996899e+00
1.4495080893e+00
-6.6350306638e-01
-1.9793738814e+00
-1.6218246743e+00
7.8025123266e-01
-2.4457533134e+00
9.0306660231e-01
-1.3949036505e-01
1.1316713915e+00
6.7146089039e-01
-1.3910995039e+00
-1.4779093674e-01
-1.3406051065e-01
-5.9671101103e-01
-8.6043339645e-01
-5.9265050000e-01
2.6220131483e-01
1.6815974162e+00
1.4012112836e+00
-6.6073849525e-01
-1.2848486758e-01
1.0324546150e+00
-6.3014184528e-01
2.9657100646e-01
1.5366594333e+00
-1.2315495991e+00
-2.2236484298e+00
3.3943311510e-01
6.4039785226e-01
-6.8295866286e-01
-6.5580144497e-01
-7.3910302308e-01
-4.5003439428e-01
4.7037345288e-01
3.0998728993e-01
-6.8513055543e-01
-4.8353281644e-02
1.6828738840e+00
4.9861130155e-01
-9.3792478861e-01
-1.5417695828e-01
-2.8255869905e-01
2.7705637351e-01
1.3160641347e-01
8.3418595919e-02
1.7263892558e-01
-2.3799666230e-01
1.0810576946e+00
-5.0920152192e-03
1.2735799219e+00
-3.4598483290e-01
-1.1250228343e-01
6.1906733905e-01
-2.8156363677e-01
-1.3177974787e+00
8.4039982228e-01
7.0988699647e-01
-5.6625551873e-01
-8.7904333533e-01
5.2516056209e-01
1.5686407902e+00
7.9119743914e-01
-7.5735369348e-01
-6.8287655671e-01
6.4063129536e-01
-5.8242330483e-01
-9.2406425163e-01
1.3100880186e+00
-1.2893435828e+00
1.2632014181e+00
-1.1183895190e+00
1.8415301638e+00
-8.9717120194e-01
2.9326454025e-01
-1.0156477324e-02
-2.2964023526e+00
9.9900593013e-01
1.9935031922e+00
5.6156042242e-01
1.7817171190e+00
5.8677886289e-01
-7.9388015269e-01
1.3629707353e+00
7.4901313596e-01
-9.9354817932e-01
-9.0520786221e-01
1.0870042571e+00
6.6427508419e-01
-1.3634924364e+00
1.5906146741e+00
-6.7792705937e-01
-3.9818428360e-01
1.2525898109e+00
-7.3683071105e-01
7.9775441835e-01
-1.2173007651e+00
-3.9197498172e-01
1.0594092279e+00
6.3123900735e-01
8.8031426446e-01
-1.9089869404e+00
-5.0873096179e-01
4.5170854678e-01
-1.4526619967e+00
-1.0218300967e+00
-8.5608599633e-01
9.1028308505e-01
1.3124163323e+00
-2.7640150324e+00
-1.4963590532e+00
-4.6900937675e-01
-6.6271896694e-02
-4.2906842203e-01
1.8231078350e+00
6.4628731274e-01
5.9833455748e-01
1.6860545937e+00
-1.1175890437e+00
-1.0194766708e+00
7.5735401063e-01
