-9.7123782271e-03 -3.6158844380e-01 3.7396800806e-01 1.8273306998e-01 1.8444750080e-01 5.3091494066e-02 2.7052195947e-01 1.4757814085e-04 -4.9625310140e-01 1.1957551064e-01 -2.9182365963e-01 8.4799225584e-02 -2.5060771592e-01 3.8557055449e-01 2.8256295626e-01 -2.5130896041e-01 1.2319041770e-01 -3.5775366619e-01 9.0738964007e-03 -2.3319899494e-01
1.9145898397e-01 -4.8979251710e-02 -1.1873028847e-01 -6.9153521831e-02 -1.1253670523e-02 3.3771005814e-01 -1.5291541728e-01 -1.0379991722e-02 -2.8015719829e-01 1.9997628933e-01 1.2097302771e-01 -3.3113813531e-01 1.6063182818e-01 -2.7443130534e-01 -3.7814675703e-01 1.8406819762e-01 -4.9658193877e-01 7.6008457400e-02 -5.3255217856e-01 1.1354125637e-01
-4.3829250382e-02 9.7773721156e-02 2.8405593858e-01 3.2999076564e-02 9.1330780345e-02 -2.5727632925e-01 2.9974032739e-01 -2.8086388110e-01 1.7114122211e-02 -5.8492976302e-02 -2.1598694619e-01 1.2246629506e-01 2.6183290887e-01 -9.7183563893e-02 3.4675491216e-01 -1.5969065575e-01 1.3434727624e-01 -2.6256130408e-01 1.6602079674e-01 -4.1019788615e-02
-3.0768410964e-01 -1.2388141959e+00 6.0016401375e-02 8.6821782593e-02 -1.9145505349e-01 -6.3091246331e-03 5.2569689617e-01 1.5189615355e-01 -1.2753404021e+00 7.6024962947e-01 -2.4180217037e-02 -1.0131588365e+00 -6.1279788843e-02 -3.1908488143e-01 1.0976888350e-01 5.0140545124e-02 1.5695436310e-01 5.0653561041e-02 1.2365507442e-01 -3.9891844553e-01
4.2718792654e-01 1.3067677418e+00 -5.9530135860e-01 -3.3981824320e-01 -6.8837132522e-01 8.5573106377e-01 -2.7625819075e-01 1.2234350605e+00 1.6928034688e+00 -4.6119789500e-01 6.1176034678e-01 5.7688012580e-01 3.8011253456e-01 -6.7731592985e-01 -6.5800082753e-01 6.3223292945e-01 4.5208760923e-01 5.4676220520e-01 -4.5735647119e-01 1.5140527945e+00
6.8041025203e-01 -6.5759189698e-01 -3.5689394966e-01 -1.8991003933e-01 -2.5734524005e-02 2.1070786710e-01 -2.2983158298e-01 1.5676846174e+00 3.4850151817e-01 3.0961796127e-01 1.8302246524e-01 -1.7411870002e-01 2.5269656272e-01 -3.2012167431e-01 -1.4640584597e-01 1.3971337207e-01 1.2823679385e+00 2.2303878988e-01 -9.2403328608e-02 1.2950578036e+00
7.8812390659e-02 4.1937411815e-01 -3.7758302433e-01 -1.3843808738e-01 1.5095236399e-02 6.3486914508e-03 -9.0180822160e-02 1.4333799460e-01 3.2705323686e-01 -2.7648614110e-01 1.7661364717e-01 1.2068109492e-01 1.3697701057e-01 -2.9318378266e-01 -7.2113488729e-02 2.5856918586e-01 -1.1355208726e-01 2.3841540773e-01 3.2191954401e-02 3.5718631929e-01
4.0268917231e-01 9.5888761101e-02 -2.3758975550e-01 -4.5494561458e-01 -4.1336292569e-01 5.0499850574e-01 -5.0576933236e-01 -2.1074927463e+00 -1.4528692441e+00 1.8147739021e+00 2.2093525032e-01 -2.0211521379e+00 6.7757185623e-01 -5.3832015416e-01 -7.7364732365e-02 3.4211412009e-01 -3.5533701384e+00 3.1378402544e-01 -5.6694844796e-01 -1.1852072090e+00
1.0813720198e-03 1.5715962335e-01 -3.9685084470e-01 -4.8796222095e-01 -3.5451443978e-01 -2.5097107294e-01 -2.4967262060e-01 -2.7385593383e-01 -2.9141282362e-03 -4.6429512389e-02 -2.5552670046e-01 -1.4294790278e-02 -3.6081541351e-01 -5.3361114755e-01 -1.0490042269e-01 1.6347817388e-01 -4.4348646295e-01 5.2938229839e-01 -1.3056402152e-01 9.9848473469e-02
-8.3305867908e-02 6.7332731874e-02 9.1304214521e-02 3.3694238928e-01 6.9004330905e-02 -4.8878768876e-01 1.1259818412e-01 -3.3605156315e-01 -6.1699320766e-01 -3.2788101546e-01 4.6926714533e-01 2.7495175171e-01 -1.1559540829e-01 3.1043503154e-01 1.8554680826e-01 -9.8908668747e-02 7.7540309860e-02 -4.5773749640e-01 3.5610423111e-01 -3.7257560476e-01
-8.1859071053e-02 1.7511213139e+00 -8.5035619301e-02 -6.0985772219e-02 2.6713024124e-01 -5.4036873437e-02 8.9890132869e-02 1.4400337533e+00 3.5109837076e+00 -1.4870353512e+00 -2.1424216512e-01 1.6608095913e+00 -4.9922236460e-02 -1.1415169464e-01 2.5469257756e-01 -3.5937310317e-01 1.1340598431e+00 1.1184322130e-01 -1.0046911571e-01 2.2334396170e+00
4.1935923681e-01 9.3862874022e-01 -3.8562449659e-01 -2.6163173541e-01 -6.8649667737e-01 -1.6316563348e-02 -2.1360150922e-01 1.1868690755e+00 1.3856339328e+00 -6.5789146067e-01 2.8497525313e-01 7.8563129326e-01 3.2141007809e-01 -4.4410969372e-01 -4.2922832228e-01 2.8875128836e-01 7.4974156632e-01 1.4754489333e-01 -4.7062941126e-01 8.2368698613e-01
-1.8257823550e-01 -2.0022238091e-01 -1.1243597292e-01 2.5581355499e-01 3.1381264193e-01 -1.5729886108e-02 3.4917246595e-01 2.8639370775e-02 -1.8646826543e-02 -4.3534229062e-01 -2.8105623556e-01 4.6491758212e-01 -1.7729171117e-01 1.3025814238e-03 2.5912252774e-01 -1.1332521655e-01 4.2638426786e-01 -4.7782241816e-01 1.8790712484e-01 -8.9215686641e-02
1.1009337342e-01 -3.1243767368e+00 -2.2316003584e-01 2.5283556617e-02 -9.2103310176e-02 -1.6739894862e-01 2.5037839544e-02 1.8280794433e+00 -2.0788043336e+00 3.0704201904e+00 1.2141613164e-01 -2.8373543331e+00 7.8117863269e-02 -4.7748090835e-02 -2.3307187615e-01 1.8617858503e-01 1.5727882667e+00 3.6499171743e-02 -1.5218815274e-01 -3.1918810881e-02
-3.3120094153e-01 2.5214652307e-01 1.6021883610e-01 1.2832973618e-01 1.0032107951e-01 -2.2825944771e-01 -1.9257197777e-01 -5.9104738475e-01 7.6668722013e-02 -4.4344538217e-01 2.5134489428e-02 5.5802309046e-01 -2.7738978334e-01 5.4391867974e-01 4.0267606816e-01 -2.0960457747e-01 -3.9404934321e-01 -4.8113502171e-02 1.0819682426e-01 3.9079255951e-02
-3.7084744936e-01 -7.9347230189e-02 7.3362445482e-02 2.6142885144e-01 4.3082186689e-02 -2.7711863060e-01 3.2955659679e-01 -6.7002836912e-01 -1.7698015191e-01 -6.5018136172e-01 5.1072923985e-02 9.5902996856e-02 -1.9927476905e-01 -9.6444148214e-02 -1.2735963436e-01 -3.2749838174e-01 -2.2797235978e-01 -1.8691313603e-01 1.5565805882e-01 -4.6982402465e-01
1.5053383076e-01 -4.6000646549e-01 -5.2552874284e-02 -1.4876032410e-01 -1.6945708373e-01 1.9920665969e-01 2.5598856215e-01 -1.2178639668e+00 -1.4372621795e+00 6.9466479352e-01 -3.6217867506e-01 -9.9318489775e-01 -1.3599509036e-02 -4.4224670797e-02 1.7723423577e-01 7.7290132282e-02 -1.2383424340e+00 1.3262436534e-01 2.9436175380e-01 -1.1603814063e+00
5.2416866466e-01 2.8286955003e-01 -1.8850161807e-01 -3.6908806438e-01 -3.2590828864e-01 3.5666807852e-01 -6.0978889330e-01 -3.1111935168e-01 -8.0173294037e-01 1.1749058673e+00 7.6741734450e-01 -9.8021328500e-01 5.6353944147e-01 -5.2288665928e-01 -5.7963798010e-01 3.9435239314e-01 -1.2346571125e+00 2.4170053624e-01 -4.3568244933e-01 -3.5400113651e-02
9.4300835930e-02 -1.0653900893e+00 -6.6501968245e-01 1.2167818396e-01 1.2813421943e-01 2.5404475976e-01 -8.2608814571e-04 -3.0331285502e-01 -2.0471437438e+00 1.3609131731e+00 -3.9854693321e-02 -1.2978110086e+00 -1.3919288224e-01 -6.2246478722e-02 -1.0577148618e-01 1.1804460704e-02 -1.5363248505e-01 3.3894888380e-01 -2.9502774511e-01 -3.7240149892e-01
1.4357696723e-02 -4.6054733318e-02 -3.6955525020e-01 -2.2362665544e-02 -2.9084574601e-01 2.7654054543e-01 2.1873849508e-01 -1.7562061260e-01 -2.6956551792e-01 3.5632953990e-01 3.3652665453e-01 -4.0536462086e-01 -7.1631565235e-02 -5.7240615926e-01 -2.3000789740e-01 3.4931499807e-01 -4.8959112590e-01 7.0578017268e-02 -5.6557925200e-01 -4.9172285083e-02
-4.0057400070e-01 -2.0952357105e+00 -3.2478675217e-02 1.9223128559e-01 2.8133872061e-01 -5.0479761569e-02 1.8594478342e-01 1.0086973324e+00 -1.8970444708e+00 1.2475267073e+00 3.5447062884e-02 -1.3029993627e+00 -1.6733690688e-01 1.8852254140e-01 -1.8282230480e-01 -3.0292915537e-01 1.4149477271e+00 -2.2104678277e-01 2.4799595403e-01 -6.3924705391e-01
8.1948008901e-01 2.5718402452e+00 -7.2667832561e-01 -4.9814631719e-01 -5.3740952589e-01 1.4286855338e-01 -7.9769521506e-01 -1.9781038310e+00 5.7719994636e-01 -2.3175933581e-01 6.5916676384e-01 3.7483723487e-01 2.0075423999e-01 -6.6355581636e-01 -6.3161757942e-01 5.7016347889e-01 -3.1124851170e+00 6.9880200849e-01 -5.9331167785e-01 -4.3740108484e-01
1.0398770770e-01 1.0169470822e+00 -6.9169088643e-01 -1.3625767762e-01 -3.5750456497e-01 3.7110390612e-01 -5.1499849471e-01 -2.0115543689e-01 9.7319652214e-01 -2.5557463190e-01 3.8928476808e-01 1.9519279857e-01 1.9201109480e-01 -4.5971261934e-01 -5.2665531916e-01 2.6094168039e-01 -7.3445738194e-01 2.3402345381e-01 -3.8858361262e-01 3.4355803695e-01
2.1114864355e-01 -4.8733022122e+00 -1.4681458509e-01 -5.3913362605e-01 -1.8784251874e-01 -2.5064621864e-01 -2.8817525769e-01 4.1717635875e+00 -3.5180348896e+00 5.2012865213e+00 5.0348234905e-02 -5.1321612987e+00 -3.8771225937e-01 -1.0691481326e-01 8.6702213527e-02 3.7745629661e-02 3.7137171439e+00 1.0770250081e-01 -5.6339999504e-02 5.2395685172e-01
2.8624931423e-01 2.5910612587e-01 -1.4163845810e-01 -1.0161237702e-01 3.0915766207e-02 2.0371766618e-01 7.0114263064e-03 -8.3403594859e-02 1.2552382636e-01 3.0439903111e-01 1.1403106247e-01 9.8245577637e-02 5.4113373660e-01 -1.9039285995e-01 -4.6030133887e-02 4.3303956462e-01 7.3276174924e-02 1.3192726026e-01 -2.6105075128e-01 4.6373510812e-02
-2.9076120694e-01 5.8156597790e-01 2.7359789789e-01 1.8668859599e-01 3.6259307329e-01 -9.4535747196e-02 2.7231462954e-01 1.9082116041e-01 4.8080577420e-01 -1.4688018543e+00 -7.1501544040e-02 1.5889557488e+00 -3.5536319345e-01 2.9700399398e-01 3.0882289335e-01 -1.1150131494e-02 6.7478936775e-01 -1.9541028199e-01 4.5528404543e-01 2.5628974463e-01
2.3451828918e-01 -1.4640714035e+00 -2.8526025285e-01 1.9092246273e-02 -1.1392840415e-01 9.8404814629e-02 -4.1356463007e-01 1.0181031653e+00 -7.3400229943e-01 9.9362666758e-01 2.4682268341e-02 -1.6008518312e+00 -8.8577570232e-02 -2.3371278185e-01 -2.9865309125e-01 -1.4285502612e-02 1.1165629360e+00 5.9157828315e-02 -1.0660812874e-01 3.9889246459e-01
-2.5927608432e-01 -1.8358658878e-01 2.1587561878e-01 2.5651019116e-01 4.2830739886e-02 -3.6645984223e-01 -1.6600901218e-01 -5.2395688212e-01 -4.6828541822e-01 1.6749717176e-01 -7.5558531759e-02 -5.0906717543e-02 -5.5789402985e-01 6.1435437128e-02 1.3333345895e-01 -6.1866671846e-02 2.4544554915e-01 -4.4914261376e-01 3.5919120135e-01 -4.6958774604e-01
2.1107910463e-01 7.9998534174e-01 -2.0086904746e-01 -6.9123503189e-02 2.5758011701e-02 2.2613690543e-01 -8.0040282046e-02 3.1246137968e-01 4.5718199677e-01 3.1586962155e-01 6.3756578430e-01 9.6233311185e-03 3.7455346459e-01 -4.4511116356e-01 -1.5716627384e-01 3.7170314943e-01 1.7471718126e-01 4.2046174589e-01 -2.6396026357e-01 2.6986271058e-01
2.2660598091e-01 -8.8378825052e-01 -1.3849465308e-01 -2.7444773011e-01 -5.6844059989e-01 2.3653113533e-01 -7.4031240173e-01 1.6331854983e+00 3.2809993818e-01 1.0611567827e+00 5.4565164919e-01 -1.2608252769e+00 4.6277668377e-01 -6.3429425830e-01 -3.6094417750e-01 5.7088563259e-01 1.2810726456e+00 5.4257238494e-01 -6.7805169547e-01 9.7418127942e-01
