-1.4566812593e+00
-4.2900833283e-01
4.2447564699e-01
1.5523125787e+00
1.3258814894e-01
-2.5493466546e-01
1.9518832212e-01
-3.6756452522e-01
1.1194611132e+00
2.0220571718e-01
-1.3782716823e-01
-9.7837386130e-01
-1.8811634195e-01
3.8172155832e-01
1.8469515881e-01
-2.8039158533e-01
-2.1565795419e-01
-2.0672396280e-01
1.1777405550e-01
1.1236299603e+00
4.0578516080e-01
6.2639624255e-01
2.5374378874e-01
4.6237905011e-01
2.9739668785e-01
-1.6481716157e+00
-7.9036444048e-02
1.3231489701e+00
1.2211390616e+00
5.7720325686e-01
1.3853796751e+00
1.0096707333e+00
-1.1779593562e-01
1.6281073028e+00
4.0949294800e-02
4.2110003240e-02
-1.1164562222e-01
3.2664493771e-01
2.2860004404e-01
8.4009210859e-01
8.3431663960e-01
-2.2295952395e-01
-2.6846886269e+00
-2.1006522333e+00
-1.1812405258e+00
-2.9379985375e-01
3.3867243863e-01
-1.4196107146e+00
-1.8093667333e+00
-5.6489808283e-01
-3.4182788120e-02
-1.8746509662e-01
7.8524126943e-01
-1.6476884337e-01
-1.9785867290e+00
6.4286632896e-01
2.0934556813e-01
2.5683390196e-01
1.8634683948e-01
-2.7504525222e+00
2.7423924579e-01
1.4431743433e+00
2.5315781858e-01
-2.4706771723e-01
1.3902542941e+00
-6.7139416498e-01
3.0517823800e-01
4.9450326798e-02
3.0289581248e-02
1.3619586374e-01
1.0457403487e+00
-1.1702384840e-02
3.1962543793e-01
2.6632980986e-02
4.2599755713e-01
2.9140746543e-01
-1.5873948324e+00
6.7256696250e-01
4.1787035525e-01
-8.2467573322e-02
7.8193011816e-02
-1.5157080001e+00
1.8012115438e+00
-4.1150109473e-01
5.4463604062e-01
-5.3159778444e-01
-9.5024846743e-01
9.4570399756e-01
-1.0777749160e+00
7.3011946485e-01
-2.0356322360e-01
1.2808550601e-01
-1.4201178371e+00
1.7197274093e+00
1.4451271358e+00
-1.5512612261e-01
-5.4587618104e-02
-1.9999042728e-01
-1.1904874024e-01
5.6167099401e-01
9.6272696336e-02
-2.4055379357e+00
-7.8561461003e-01
-1.0693574461e+00
7.2435394880e-01
-5.3590010032e-01
-2.2128395845e+00
-5.1757204941e-02
-8.0533845792e-01
1.1654472021e+00
-1.5104453164e+00
-9.6785581645e-02
1.4481687393e+00
-1.5921392309e-01
3.3259662434e-01
1.2194266525e+00
1.3996020340e+00
-3.8597741508e-01
1.0509694541e+00
1.4205437188e+00
1.4297826456e-01
-6.2575585551e-02
3.7357741473e-01
-1.6238985847e-01
4.2045654256e-01
1.6421038565e+00
-7.6785039198e-01
4.2894956884e-01
-2.8679766644e-02
1.7053716140e-01
-1.1221426257e-01
-7.7351129255e-01
-1.7019380696e+00
-7.7891319445e-02
1.2762425033e+00
8.7721763399e-01
2.2258008703e-01
6.1458745323e-01
1.0386468223e+00
-1.0834144646e+00
-2.9395224677e-01
6.0971719398e-01
7.4864898411e-01
-1.9454860603e+00
1.4073681348e+00
2.9628141543e-02
-7.2742746563e-01
3.5425114547e-01
1.2291577372e+00
-3.6282355847e-01
