2.1139350797e+00
-7.8938509328e-01
5.0208294906e-02
-4.8394550829e-01
-1.7640358493e-01
1.5889873039e+00
4.6573966980e-01
-1.6100277409e+00
-4.0525975696e-01
5.7612628820e-01
1.8860458840e+00
-2.3161536721e-01
1.8104870607e+00
-2.9833637065e-01
-1.9856560112e-01
-5.7678229287e-01
1.8337880955e-01
-2.9752693492e-01
1.8570334209e-01
8.3163606457e-01
1.6163926599e+00
1.1537541724e+00
-7.9725302982e-01
6.2259881128e-01
3.5569094960e-01
2.0216629625e-01
-1.0611423090e+00
5.2988015221e-02
-1.8490996756e-01
1.9808864578e+00
4.6176146448e-01
7.1989701706e-02
1.1335655677e+00
-5.6323967393e-01
1.0689471677e+00
1.3116604248e+00
-5.0458927532e-01
7.5475543718e-01
8.3282142640e-01
-6.7534123942e-01
9.6021275172e-01
-1.5412382298e+00
-9.5829867193e-01
-1.4621457570e+00
-2.5197007272e-01
9.7877389468e-01
-2.3739252108e-01
-1.6150696856e-01
-3.5902128464e-01
-3.4699325950e-01
2.1610756423e-02
-2.1265748613e-02
3.1776781544e-01
1.7454669554e+00
-1.0579771630e+00
1.6875692781e+00
-7.3765503551e-02
-1.1580960944e-01
1.2208050703e+00
2.0999476003e-01
1.0598177989e+00
-1.4306905891e+00
-7.4594010600e-01
1.5719971704e-01
1.8132718308e+00
-1.1050363863e+00
-1.0815505118e+00
-1.3661260894e+00
4.0707292274e-01
6.8649584876e-01
4.5732513259e-01
2.8929878357e-02
-1.8134301550e-01
-2.5074633668e+00
4.6601961984e-01
4.2032164728e-01
-4.8631475503e-01
7.7409237452e-01
-7.9682693782e-02
-3.8631952998e-01
-4.6992058890e-01
5.4760405809e-02
-1.3662874819e-01
-6.3271525588e-01
7.1425044107e-02
1.0843069086e+00
3.2885310684e-01
-1.7955485258e+00
-6.7715047318e-01
2.5162617001e-01
-1.8410162001e-01
1.1680253909e+00
-4.4514627922e-01
2.2231378928e-01
2.2964711976e-01
1.3185801528e+00
-8.1945007468e-01
-4.9388616778e-03
9.8377852833e-01
-5.9619649459e-01
