-1.1929633088e-01
-2.0137364291e+00
9.3958343897e-01
-5.4454433037e-02
1.1646789924e-01
1.2306114228e+00
1.4085502637e-02
-6.5157243072e-01
-1.4498289185e+00
-3.2133522631e-01
-1.4403633904e-02
-1.0885229064e-01
6.9158852519e-02
-7.5154232328e-01
7.3479819863e-01
2.6120040011e-02
-4.8038839594e-01
4.4065984218e-02
8.5499895885e-01
-9.8775875160e-01
9.7223492058e-01
-7.8652185938e-02
2.1643750694e+00
-7.2875172180e-01
-8.9961421665e-01
3.1744815606e-01
1.9474434218e-01
-9.8616215422e-01
-1.2957094619e+00
2.1193867968e-01
3.8876408526e-01
-1.0766286038e+00
3.3523995598e-01
3.7255520067e-01
-1.7618595519e+00
-1.5961063059e-01
-2.6658526631e-01
-7.9698995390e-01
8.5722575738e-01
-9.5649716957e-03
-8.9637917118e-02
-6.5137809570e-01
-1.7620542234e+00
-3.8030968577e-01
3.4598193818e-01
-1.8280136843e+00
-8.5647272868e-02
1.2726981998e+00
1.5139013160e-01
1.8123478549e+00
