-7.8727835191e-01
9.5327517876e-01
6.8987786234e-01
-1.0576411593e+00
-1.5353813098e+00
3.8123366258e-01
-3.1252127156e-01
6.3138797061e-01
7.6362876431e-01
1.0072067517e+00
6.0405427206e-01
2.5696559353e-01
-7.3011619248e-01
-2.5941986127e-01
-8.3686906189e-01
-3.6450747537e-01
-1.0897174848e+00
1.2285047247e+00
2.3229240284e-01
2.2580248449e-01
-2.4773474171e-01
6.6147143887e-01
2.4449540838e+00
5.6113496733e-01
4.7481078811e-03
1.1596021519e+00
-9.4460059448e-01
-2.9451708247e-01
-2.7832940730e-01
-9.0060904007e-01
2.4739719450e-01
9.5166577851e-01
2.7882591358e-02
8.9049235957e-01
7.2283960474e-01
2.1816442093e-01
2.1627495106e-02
4.9898305113e-01
-6.1091450758e-01
2.3242828991e-01
-1.2086720255e+00
5.7240413624e-01
1.0724352380e+00
2.9171473174e-01
1.7724771434e+00
-1.1201193051e+00
-7.9698805114e-01
-5.2272795342e-01
-7.9394674196e-01
4.6893331939e-01
