-1.2039712159e+00
6.1204604417e-01
-2.9750441394e-01
2.0935408352e-01
2.0818573535e-01
2.9434551134e-02
-1.3976074238e-01
8.8387040036e-01
9.0026025358e-01
-1.7067776374e-01
2.1514112592e-02
-5.9684014784e-01
4.9975223055e-01
3.4591881747e-01
1.3780665579e+00
-5.2205574248e-01
-2.0479231139e+00
-9.6380148447e-01
8.1096719359e-01
6.7964693399e-01
2.4297043884e-02
5.9350278268e-01
1.5462078113e+00
-3.0573037707e-01
-8.4549832933e-02
-8.9430970630e-02
-1.0359967116e+00
-1.0935210677e+00
4.8269638436e-02
1.6563018264e+00
-3.3424470859e-01
-4.0413562446e-01
3.4600364337e-02
1.0191637280e+00
1.2264264821e+00
-2.2335053412e-01
8.5356895994e-01
1.2042646496e+00
4.0796984544e-01
-1.6330633177e+00
1.5606354210e-01
-4.3124125008e-01
5.9671588500e-02
8.0148785857e-02
-2.4326937126e-01
7.0923023774e-02
-9.2217737100e-01
2.4695961918e-01
3.9190801024e-01
7.6154927029e-01
-2.2873888342e+00
-1.1193576261e+00
2.0070240399e+00
3.5927549904e-01
4.2070833924e-01
-7.6801345586e-01
3.5831909314e-01
1.7321098730e-01
-1.5948557649e+00
-1.9902842258e+00
1.5776605343e+00
-8.1377901038e-01
-1.3387753263e+00
-9.8839132953e-01
1.1526497793e+00
6.9847714755e-01
-2.4935489044e-01
-9.6469227778e-01
1.0452846204e+00
4.0641742810e-01
2.1256542894e-01
-1.6830540572e+00
2.1950046246e-01
-2.2100152996e-01
1.0086249663e+00
-1.7899688012e+00
1.8346167961e+00
1.2550932238e+00
-8.2758491231e-01
3.7379309655e-03
6.8184186034e-01
4.8958536568e-01
6.3638397337e-02
1.4593647696e+00
-1.7224481350e+00
-6.9052426475e-01
-1.9055687829e-01
7.9887309779e-01
-2.4174358509e-01
-5.5218701726e-01
-1.8854400768e-01
1.7043004211e-02
8.6297551168e-01
-3.6428195373e-02
-4.3874520526e-01
6.8393370609e-01
1.7052308770e+00
-1.2609184258e-01
-4.9444033679e-01
6.4676826590e-01
3.4535892215e-01
-1.8499989575e+00
-7.0486910568e-01
1.1606639630e+00
2.0038449035e+00
4.3557430694e-01
-3.9455987959e-01
-6.4662423104e-01
-2.8311486491e-01
1.0231752573e+00
-2.4831279815e+00
-5.2873726440e-01
-1.2699720093e+00
1.1611837097e+00
8.3220924492e-02
-6.6345321570e-02
8.2041313956e-01
1.8278640431e-01
1.5448777334e+00
-6.4103245299e-01
4.4951892604e-01
9.6534941193e-02
-8.1513812794e-01
6.3236641848e-01
5.9565181232e-01
1.7468651528e+00
-5.6127607431e-01
8.5277297819e-01
-3.2717735313e-01
2.0376107667e-01
-3.2892595454e-01
-2.8308343852e-01
1.6829158571e+00
-5.9298624706e-01
4.1430409452e-02
1.2265547020e+00
6.8392967873e-01
-1.9541769941e+00
1.0149272293e+00
-2.2541344508e-02
-4.8520011844e-02
-9.9542498567e-01
-5.1699437388e-01
1.9867604157e+00
7.9895162109e-01
-1.3690371738e-01
1.4650189778e+00
-1.2910166510e+00
-3.6068907604e-01
9.5058310078e-01
