-2.3017421389e-01 4.7773094988e-01 2.6265210288e-01 1.4997422366e-01 2.3941172369e-01 2.1359736900e-01 -4.3455005309e-02 1.9723921381e-01 4.1676260079e-01 8.0976498758e-02 -6.6902051107e-02 -1.6494350894e-01 2.1591051901e-01 -1.2967602523e-01 1.1770770558e-01 9.7452492153e-02 -1.5219145784e-01 1.8777839420e-02 -1.5998425377e-01 1.2300403247e-01 1.3183178111e-01 -2.6728027827e-01 -1.8125143167e-01 -1.4552101368e-01 1.7934497623e-01 -3.7336832025e-01 -1.2623772735e-01 -3.8064589980e-01 1.0017345595e-01 -1.2962152158e-01 1.8209323349e-01 1.6800598749e-01
9.6173302530e-02 1.1856002367e-01 -8.0851943434e-02 -2.4829805911e-01 9.5379384417e-02 1.4314772302e-01 -3.4115514284e-01 1.2383465142e-01 1.7907967827e-01 1.0274985743e-01 3.0087859537e-01 -1.8264798259e-01 1.8646558170e-01 -2.0440218219e-01 6.1942091591e-02 -2.8625620111e-02 2.2305089089e-02 2.1401007677e-01 1.0190061120e-01 -7.8454387659e-02 -6.1031367689e-02 -1.9401620369e-01 -1.2125006924e-01 -4.2699231987e-01 6.0340556264e-02 -1.4633322136e-01 -3.2038476846e-01 2.8013272073e-02 7.3867892160e-02 -6.7772980568e-02 2.5155549223e-02 1.0668721592e-01
2.1199072779e-01 2.3562155193e-01 6.6901623044e-02 2.0509207421e-01 2.0191268093e-01 -1.3163427806e-01 1.5693651299e-01 -2.3367333484e-01 1.0035153311e-01 2.1521024565e-01 -3.8578430901e-02 -1.8147451758e-01 -2.6265977873e-01 -6.8837750082e-02 2.7899201568e-01 -2.2493919293e-01 -3.2164093162e-03 -1.2667848573e-01 -2.0635424659e-02 1.3235613083e-01 3.0689133940e-02 1.6297367532e-01 1.5045524928e-01 -6.6610628870e-02 -2.0128562292e-01 1.6585753841e-01 2.7226465853e-01 9.3815880181e-02 2.1644850919e-01 7.8475260546e-02 -2.8806547579e-01 -3.0383615532e-02
-2.0859402733e-02 2.6141274681e-01 1.9266657907e-01 -1.5085032357e-01 -4.2498540718e-01 4.3895855064e-02 -1.1627218109e-01 -1.6118309762e-01 -4.0509494824e-01 5.5333484992e-02 1.2382836773e-01 1.1863384718e-02 5.8799683804e-03 2.0961394251e-01 2.9492990422e-02 -1.4554448459e-01 -3.0927460459e-01 6.4675477854e-02 2.2269378790e-01 -2.5086516585e-02 -1.0545219235e-01 9.5593252762e-02 1.4863078961e-01 -8.5834058385e-02 4.1933109499e-02 -1.2489062221e-01 5.5093113133e-02 1.8474505954e-03 3.6894033865e-01 -8.4757045652e-02 9.2171840571e-02 -1.6243388267e-01
2.7708182325e-01 2.4514706297e-01 2.3194568774e-03 -1.2546519728e-01 -4.5289800185e-02 -2.2172898258e-01 -1.3011876224e-02 -1.7139173208e-01 -1.9320751569e-01 -1.2456020574e-01 -1.1768380874e-01 2.3353412787e-01 -6.0005926235e-02 -2.2067647945e-02 -2.4510432110e-02 -2.5690003671e-02 3.6961419464e-01 1.4397066373e-01 -1.6625043935e-02 1.2778773142e-01 2.7961216859e-01 -8.4869817611e-02 2.6365808021e-01 5.5661455024e-02 3.8542689779e-02 2.3119521012e-01 1.4547366208e-01 7.9551951317e-02 5.2031183792e-02 -9.2552294738e-02 3.9226589041e-01 4.7339615529e-02
-6.5449060432e-02 3.3798344784e-02 9.1065172877e-02 -1.3658622905e-01 2.0129856791e-01 1.7901940127e-02 1.1251573125e-01 1.5355134926e-01 -9.2407845525e-02 -1.4583123037e-01 7.0589056966e-02 -1.5476003812e-02 1.7893031582e-01 2.5792687608e-01 -4.6021007260e-02 -2.8936542872e-01 2.5163822779e-01 9.2981767593e-03 1.9959367949e-01 9.6020751163e-02 -4.9901356156e-02 8.4683134057e-02 -2.4890809997e-01 -2.1656556074e-02 2.2024218913e-01 -1.8054736746e-01 2.7640931077e-01 3.8173543526e-01 2.0770489089e-01 8.8997194551e-02 -3.4494499241e-02 2.6829673925e-02
-3.7334787341e-02 1.5136502929e-01 -2.7165478826e-01 2.4992266992e-02 8.1973644466e-02 -2.8460846259e-01 -2.5659105795e-02 1.8270695176e-01 1.1703635677e-02 1.4613760906e-01 -9.7156799823e-02 9.8164362055e-02 -3.3612625179e-02 3.2479762557e-01 -3.1880106450e-01 1.2160485744e-01 6.4552055006e-02 6.3979807797e-02 -2.8962043240e-01 -4.6408718254e-02 -3.9876541866e-02 -1.0652173668e-01 9.7042938486e-02 -3.3562093813e-01 4.5742535519e-02 1.6583647173e-01 4.9879221333e-03 2.4270529897e-01 3.2503974992e-01 -3.2492085800e-02 2.6873876098e-01 -2.2606209173e-01
4.6586594299e-01 -1.6124192200e-01 6.4338908181e-02 4.0623029860e-01 7.5041232846e-02 1.2163967719e-02 -4.3475220467e-02 -2.0565140709e-01 -9.0855030360e-03 3.7826300839e-01 -4.9274287469e-01 2.5504997816e-01 -1.3882959343e-01 -2.4300588887e-01 7.6025867057e-02 1.3410682500e-01 -2.7835642869e-01 1.1034284387e-01 4.5355095113e-01 -1.0746713223e-01 3.3169863889e-01 2.9565702828e-01 1.1121908658e-01 1.6315065947e-01 -5.8707860409e-01 2.6788035442e-01 -1.4681318175e-01 -2.0753793029e-01 1.5426456712e-01 -2.9979605921e-01 5.6259656727e-01 -3.5408388908e-01
1.0930300625e-01 3.0751543032e-02 -1.8309006405e-01 3.0841954329e-01 -1.7929244171e-01 2.5065208594e-01 5.1502572478e-04 -1.5728530832e-01 -4.3659006017e-02 3.3853384817e-02 2.0488928227e-01 -2.3643770487e-02 1.5655950706e-01 5.0280594996e-01 2.4670309800e-01 1.4611957054e-01 9.7588264084e-02 -1.0762894151e-01 3.0618433757e-01 -1.9196581610e-01 6.3531532572e-03 5.3996839897e-02 -8.5727257703e-02 -1.1667030061e-03 -4.0646897798e-02 -2.8114823409e-01 1.1830526480e-01 1.9728099092e-01 -1.8468228098e-01 8.1809816431e-02 -3.3525473238e-01 7.6896415135e-03
-1.7531570413e-01 -1.2379426627e-01 -2.2621032541e-01 7.4285330007e-02 -2.9570033120e-02 -1.8571590361e-01 6.1049240348e-02 -3.7857874089e-01 -7.4585454376e-02 3.1506992752e-01 1.7536420960e-01 -5.3241767430e-02 1.4803718770e-01 -3.0157295501e-01 7.7465090838e-02 4.3372717782e-02 -8.3355925128e-02 -3.2845543148e-02 8.6149814402e-02 -2.1450320091e-01 -1.2256299711e-01 -3.1584052668e-01 -2.9346778583e-02 -3.3027103407e-02 1.9702762278e-01 1.2547988854e-01 2.5280435083e-01 1.6335807469e-01 -4.7362303716e-02 1.6999891050e-01 3.8773154505e-02 1.6926188678e-01
-2.1215705768e-01 2.2237490890e-01 -1.6371569293e-03 1.8265953609e-02 3.0291942304e-02 2.5781263011e-01 3.6046654199e-02 2.4445965206e-01 -2.5794328280e-01 5.5244828095e-03 -1.6090381944e-01 1.0780850145e-02 -8.6540568232e-02 -3.9529676378e-02 1.0000625378e-02 -3.0661284487e-01 9.5752386940e-02 2.0124273978e-01 2.5565606050e-01 6.4235252687e-02 -1.2980894487e-01 -1.2925379475e-01 3.5525066376e-01 1.3137112420e-01 -5.0138171383e-02 4.1816417490e-02 -7.5995224811e-02 3.1927922365e-01 3.8457125138e-02 -6.5167486158e-03 3.1180390042e-02 6.9767020654e-02
-3.4339989351e-01 -8.6090700879e-02 -3.1358730779e-01 1.2310295215e-01 1.3311229489e-01 -7.3119072296e-02 6.8631583654e-02 -2.1667682077e-01 1.1084666941e-01 4.5235389398e-02 4.4795436125e-01 7.0859416086e-05 -3.5342063374e-02 -6.1358660562e-02 1.9160766886e-01 1.3687103257e-01 -2.3936548381e-01 8.8387871069e-02 -3.6341067128e-01 -7.7947525300e-02 -1.7621477119e-01 -1.4526986272e-01 5.2030782088e-02 8.2663598002e-02 3.5125168884e-02 -2.7874529014e-01 -1.6485823397e-02 1.5087126115e-01 9.7624893003e-02 1.5022434777e-01 -2.4069198423e-02 -3.7686733410e-01
1.8927935833e-01 3.2114878583e-01 4.9539261005e-01 -3.3826361335e-02 -3.0073602244e-01 2.2588980365e-01 -5.3858199120e-02 -8.7472681997e-02 -2.0023664052e-01 1.1972978711e-01 3.0989586211e-01 3.9149212091e-01 -1.7110278256e-01 6.3587612442e-02 -5.7382457043e-02 -4.4314244014e-01 -5.9548943419e-02 -1.6031481549e-03 -7.3218339931e-02 -7.7265893369e-03 2.9137817396e-03 -8.2141963509e-02 9.8196841425e-02 -6.4198756802e-02 1.4473526244e-01 1.3809190451e-01 9.3637394867e-02 3.0847018108e-01 3.3229648479e-01 5.1504721966e-01 -1.3691669382e-01 3.7942112175e-01
-4.2364321076e-01 8.8461764307e-02 -6.3677113345e-02 7.3275428931e-02 1.1263886771e-01 1.0864597166e-01 1.5850457197e-01 -3.0286268432e-02 -3.7958764010e-01 -4.4448031935e-02 -1.4905275812e-01 -5.8640146638e-02 2.8863303445e-01 -1.5422716805e-01 -2.3205040271e-01 -8.3823805869e-02 1.1500456170e-01 2.3422041205e-01 -5.7728167064e-02 3.1830579916e-02 -8.0936088224e-02 -1.7062763276e-02 8.3659546642e-02 -3.7644513203e-01 2.6391493844e-01 3.7637254969e-02 5.7329627754e-02 4.3540448323e-02 -1.2014923986e-01 -3.9304254772e-02 -2.6782848416e-01 3.9988905695e-02
7.0415268436e-02 -2.8369947614e-01 -1.4323161641e-01 5.8425141089e-02 -5.3587431551e-02 1.1834719311e-01 -2.1102298883e-02 1.6133635109e-01 9.7830047971e-02 -7.9894068280e-02 1.2310109754e-01 2.4774040676e-01 -1.0245348123e-01 3.8411254605e-01 -2.3081090364e-01 -2.3620139840e-01 -2.0784919247e-02 -1.2161163831e-01 -1.2378108172e-02 -1.1759612174e-01 1.2456367127e-01 5.0646148699e-02 -1.7232838869e-01 -1.1346921475e-01 -1.8367826233e-01 8.1445758975e-02 -3.6678890677e-01 -1.9327661855e-03 -3.8307652304e-02 -3.0522330981e-01 -2.5910213702e-02 -2.7367245478e-01
1.2045377362e-02 -7.9148589889e-02 1.5587321757e-01 -8.1947258261e-02 5.1396902350e-02 -1.1688258097e-01 4.0124147498e-02 1.5521269169e-01 -5.4000589711e-01 -1.2749639498e-01 1.8442286333e-01 1.4860872708e-01 4.1301867275e-02 -7.0137292673e-02 -3.2921310186e-01 1.8910534684e-01 4.0629498364e-01 7.9448701917e-03 -4.9095070151e-02 5.4743634594e-01 2.4153057006e-02 1.2857983960e-01 -1.4650326278e-01 1.0896965335e-01 4.1118858397e-02 1.8652577183e-01 -1.1401273611e-01 1.8759650098e-02 3.3426532788e-02 -5.0838287356e-01 -1.9830395372e-01 -9.4032008692e-02
9.9198581596e-02 -1.0590222532e-01 -2.3444424626e-01 -2.0804379554e-01 2.4248019449e-01 7.2640477253e-02 -5.1517978102e-01 5.4184466598e-02 2.6739077962e-01 -1.3407594016e-01 2.2505310770e-01 -8.5703542120e-02 -2.2992628817e-02 -2.0024996905e-01 -1.3970901203e-01 -1.8360001322e-01 -1.3610110200e-01 1.6808811914e-01 1.6170040056e-01 -1.6866473008e-01 2.9759142942e-01 -3.0066219954e-01 -9.5623731335e-02 1.5374454150e-01 -1.8943049738e-01 -1.3810598898e-01 -3.5277803769e-01 1.0946699723e-01 -2.5775395185e-01 9.5425899338e-03 3.7584673784e-01 -3.1135233434e-01
5.5109323880e-02 2.7643440042e-03 -1.5439975688e-01 1.6125548079e-01 9.7361176087e-02 3.0909396624e-02 -1.8377682359e-01 -1.7100700796e-01 1.2166095457e-01 -1.1948098560e-01 1.2945651424e-01 -1.7726228379e-01 1.2052825401e-01 -4.8899795053e-02 -1.0720788725e-01 3.1412086096e-02 -2.7950636328e-01 -8.5184874961e-02 -1.2548412285e-01 -1.7609021190e-01 -1.1852047542e-01 -2.0275655922e-02 -1.0401197245e-01 -9.9689363303e-02 1.4566836444e-01 -3.7506610587e-01 1.1705535888e-02 1.5330326532e-01 2.0020793339e-01 -1.0384928674e-01 -1.7186550483e-01 2.3212944542e-02
-1.8957589452e-01 -2.7727667886e-01 1.4317270422e-01 -4.8738102659e-02 -1.0037151134e-01 1.5316440827e-01 -8.8656332624e-02 3.5039676871e-01 -1.0136569520e-01 3.1646448645e-01 -2.5959442408e-01 -1.7772890290e-01 -2.6708590369e-01 -2.6434324340e-01 -2.1611890743e-01 1.0617742142e-01 -5.6405076007e-02 2.3138882150e-01 3.9424148665e-01 2.6247455100e-01 1.7243449111e-01 1.1028188182e-01 5.7091796496e-02 -2.1159291016e-02 9.5161405694e-02 -3.7132930114e-01 2.7212109210e-01 9.8184949526e-02 1.9263399660e-02 -1.3275753194e-01 2.6891705729e-01 -2.4448736370e-01
3.8989197247e-01 7.3234427002e-02 1.7336307338e-01 1.6227960222e-01 -6.3380124180e-02 -3.5732346403e-02 -2.5212747639e-01 4.1697072416e-02 -4.7729672278e-02 2.3910369051e-01 -9.2330384045e-02 -4.6517687671e-01 -1.9108204458e-02 2.2915542320e-01 7.2924287898e-02 4.8814209289e-03 7.6674975035e-02 -2.5906252405e-03 7.7548768419e-02 -2.1769654093e-01 -1.8248175842e-02 -2.0842112350e-02 1.1964988776e-01 -2.3415696906e-03 -1.0860414917e-01 -1.3980057138e-01 3.3144322139e-01 -2.7865444597e-01 3.9871731076e-01 -1.4053677193e-01 1.4125678416e-01 -4.3598501036e-02
2.8001184679e-01 -2.6926821315e-02 -5.3426751288e-02 -2.7752263765e-01 -5.0924028813e-02 -6.4893071848e-02 6.3930888629e-02 2.1537371070e-01 7.5956527143e-02 5.8737444154e-03 1.4809675694e-01 -1.0294336906e-01 -3.8802363251e-03 3.4835624233e-01 1.6085562286e-01 -1.8488347879e-01 -1.1380210539e-01 1.1481272038e-01 -2.8433832889e-02 -1.0639013168e-02 -5.6037272726e-02 3.8573449279e-01 1.6387152048e-01 7.9738951590e-02 9.1682673490e-02 -3.7675466842e-01 9.2292223120e-02 1.4485403146e-01 8.0579278532e-02 -2.1741349871e-01 -6.1747074567e-02 -2.1161501638e-01
2.7831893572e-01 1.2849651404e-01 4.5176173186e-02 1.7417668684e-01 -7.0609707875e-02 -3.1256352794e-01 9.7788043839e-02 1.4575826174e-01 -1.6552646505e-01 -1.7568329698e-01 3.3675721060e-01 -3.1734943693e-01 -2.4361941398e-01 -3.4685354810e-02 8.6011218859e-02 6.1424119698e-01 -2.6720357877e-01 -3.4108056680e-02 -4.1722902634e-04 -6.5928290251e-03 2.8447149315e-02 -1.1973711165e-01 3.2182866145e-02 -1.0494088064e-01 4.4313887897e-02 2.1861281956e-01 8.0678322793e-02 -3.1134434768e-01 -3.8557212562e-02 1.2939965785e-01 -2.9408683458e-01 7.5754563497e-02
-8.4005979304e-02 -8.1086328384e-02 -1.6566669450e-01 -3.3192635289e-01 1.5255487604e-01 3.7051590982e-02 -5.7568588147e-02 -7.2697135056e-02 -2.2997769356e-01 -2.4703327952e-01 -1.2642383579e-03 1.4878550168e-01 2.7294831476e-01 -9.6667833448e-02 -1.0803717496e-01 1.0003831417e-01 -2.3284353041e-01 -1.1594036781e-01 1.2251538229e-02 8.3383470894e-02 2.3168474531e-02 1.2248225729e-01 -1.9905357729e-01 -2.1032815679e-01 1.3103161798e-01 -3.1846522571e-02 1.9629692448e-02 -8.8744673148e-03 2.3297876393e-01 5.0827736982e-02 -4.7496681006e-02 -2.6120445637e-01
1.4006909048e-02 -3.6717302871e-01 2.9179081785e-01 -2.0324338184e-01 -1.6964446318e-01 6.4439893552e-02 -3.1657073924e-01 -9.3469309030e-02 1.5266070773e-01 -2.3621881283e-01 -6.5824765111e-02 2.5192712522e-02 1.0043437911e-01 -7.7644207856e-02 -2.6449517388e-01 9.7194084625e-02 3.0241927415e-02 1.6982333199e-01 1.2414612487e-02 -7.0431298982e-02 -1.2853478627e-01 7.7596942791e-02 -1.9668915560e-01 2.4947457146e-01 2.0903169350e-01 1.5929097210e-01 -3.0719640447e-01 -1.0100908343e-02 1.4503299893e-01 1.7865215969e-01 -1.3387088716e-01 -2.3987148764e-01
5.0890809138e-02 9.5898674442e-02 2.8293024982e-01 1.0088845519e-01 1.4729574888e-01 4.1969243459e-01 -1.3040319493e-01 2.5491408340e-01 -6.9148114529e-02 -4.9852006550e-02 6.7209045596e-03 3.8740785221e-02 -1.8599468081e-01 -3.3538307328e-02 -1.3816221399e-01 1.4754089114e-04 2.0350694296e-01 1.4856386627e-01 1.4725265917e-01 2.4108838339e-02 -3.0045079351e-02 -1.7166947425e-01 -5.8358627270e-02 -8.4821222930e-02 -7.9985332712e-03 2.6137508291e-02 -2.3469457472e-03 1.0653966264e-01 4.1885830088e-01 -2.7645154898e-02 7.4160858378e-02 -1.4512504595e-01
-2.6413240816e-01 9.5047048332e-02 -4.8777651406e-01 6.1432919967e-02 2.6833543214e-01 -7.8146312900e-02 1.8697363422e-01 6.6976472324e-02 6.7385840888e-02 -1.8856776166e-01 -1.9058382940e-01 9.4575767816e-02 -1.3563231659e-01 -1.6419956002e-01 -1.1836237955e-01 -1.7748234824e-02 3.3298066157e-01 -1.0078675294e-01 -8.9662228276e-02 -4.4883579813e-02 -3.3914140002e-03 -5.7425267998e-02 1.9990556386e-01 4.7057609646e-02 1.6100749361e-01 -2.6695330137e-01 3.2486564221e-01 4.5641772908e-01 -2.4043359185e-01 1.4582092913e-01 -3.3533291365e-02 7.2010378753e-02
3.9725471247e-01 -7.9641987317e-02 1.7186344585e-01 1.9871717875e-01 4.9156563300e-02 -5.8566438286e-02 -1.3737417499e-01 3.5766341275e-02 -4.9739043906e-02 2.1012640273e-01 -1.7776910053e-01 1.2219768532e-01 1.0569210384e-01 1.1135611275e-01 1.2092746945e-01 -5.9381130552e-02 8.9992183008e-02 -1.2090324876e-01 1.2242492707e-01 -4.5258914096e-02 8.7462059653e-02 -5.2124550025e-02 -3.7746813233e-02 -9.1159677023e-02 1.7366047856e-01 1.3407635836e-01 -4.2798399269e-02 -6.6580108489e-02 -9.1433932876e-02 -3.8628257516e-02 8.7613742901e-02 -1.2308851338e-01
1.6767946476e-01 -1.6137602083e-01 2.9267528314e-01 1.7490218973e-01 1.6675191194e-01 -2.6772154755e-02 -1.9592639600e-01 -2.2790316901e-01 3.1851194990e-02 3.8857524699e-02 -1.1333926707e-02 4.5870943336e-02 -2.1986042733e-01 -1.6270361780e-01 -5.4571486873e-02 -1.3041769262e-02 1.4314187410e-01 4.2234041963e-01 6.7909258115e-02 -7.3460542402e-02 -3.1773582870e-01 -1.0145699289e-01 -9.7107109911e-02 9.1602811167e-02 3.1916059972e-02 2.0391298875e-01 -9.2757411956e-02 4.3519091504e-02 -9.9219787980e-02 2.1775669959e-02 -1.6166107760e-02 2.9446422103e-01
2.4210225374e-01 7.6232220753e-02 6.5973173322e-02 -1.1196891466e-01 2.5694329612e-01 -1.1553162726e-01 1.0771935521e-01 -2.1346938278e-01 -1.7568331476e-01 -1.2196971414e-01 5.5289593818e-02 -3.9604949026e-01 3.2760616750e-01 3.5429669807e-03 -2.5598165125e-01 1.7143214627e-01 -9.9757302787e-03 -5.1697441446e-02 -5.9088792791e-02 -2.1866178641e-01 3.5719228636e-01 2.9592370343e-02 -8.5116389989e-02 -2.2771391026e-02 1.5951111525e-01 1.7171786452e-01 -2.0386550543e-01 3.1482692618e-01 -1.0420231418e-02 -9.6851168670e-02 6.0564221459e-02 -5.1787174418e-02
5.7304513097e-02 1.6329229434e-02 1.2486300188e-01 -2.3866753027e-01 7.3550619760e-02 -3.6204509462e-03 -7.8034383769e-02 -3.5981648294e-02 -4.1747262912e-02 2.7892802195e-01 -7.5119166141e-02 1.1639036553e-01 -2.2714759413e-01 1.0523263487e-02 1.4559592604e-01 2.8251928439e-02 -1.3030289746e-02 -1.5265483832e-01 -7.2669544811e-02 -7.7882709115e-02 1.2338441120e-01 -5.9100745891e-03 2.7318347925e-01 2.4483664800e-01 -5.4760238234e-01 2.9104044349e-01 -8.5499537796e-02 -4.3437491197e-01 -3.7275922870e-02 -1.4489213911e-01 1.1741212865e-01 5.6033128494e-02
1.7296042161e-01 -6.5740953767e-02 1.8912543522e-02 1.3754490382e-01 1.2418375569e-01 6.0607060161e-02 -7.2315329680e-02 -1.4338081114e-01 9.3146948439e-02 1.5129620738e-01 -2.4385102706e-02 -2.7080787406e-01 -1.4254910647e-01 -2.1386641847e-01 -2.1489746018e-02 -3.5966184057e-02 1.1798667050e-01 -2.2611972439e-02 2.5645302546e-01 2.0632888757e-02 -1.1154327968e-01 -3.9936397858e-02 -9.3035544732e-02 1.8285917209e-01 1.0605414080e-01 -2.2217018745e-01 6.2483438753e-02 -4.2583957770e-01 -2.9920450240e-01 -3.6640053598e-02 1.7657090097e-01 -2.4785689254e-01
-1.9324737668e-02 9.7299211183e-02 -3.9327667142e-02 -1.7082488399e-01 -2.6978513200e-02 8.2638886641e-02 1.0529615367e-01 7.7800383871e-02 -1.3949162314e-01 1.9984960531e-01 2.3533970003e-01 -2.2726282730e-02 5.8898209030e-02 3.2783273803e-01 -1.3565480051e-01 3.3298056711e-02 -3.6058633170e-02 8.1520341493e-02 1.6528151250e-01 5.5304035816e-02 -2.5625838594e-01 -1.2647130263e-01 8.7395633582e-02 -3.0709348232e-02 -3.5290426883e-01 -9.0030414864e-02 -1.1306324509e-01 1.7292910370e-01 1.3642831887e-02 2.7534485082e-01 -2.8978397689e-01 -1.4355560261e-01
