2.3539118001e-01 1.0080800556e-01 -1.7955623722e-01 1.9926835288e-01 -1.2561520251e-01 2.5432333155e-01 3.2935266102e-01 2.1689585954e-01 1.3817369564e-02 2.3698720955e-01 -4.4251067713e-02 -2.1650325722e-01 -1.1054182511e-01 -2.6448715739e-01 -5.2526767809e-02 2.1061036707e-01 4.1330096249e-01 7.7169708896e-02 -1.2101252045e-01 7.8078085298e-02 -7.5247536038e-02 1.7982293320e-02 6.9552170195e-02 1.5865627891e-01
-7.5173784527e-02 2.2030466000e-01 -5.9018974795e-02 -9.8311647417e-02 7.4646817965e-02 -1.0691619311e-01 -3.1869894300e-01 9.1484837465e-02 1.8960845240e-01 1.4305428463e-01 -5.3669937045e-02 -2.3861829914e-02 -5.5023227789e-03 3.5167959224e-01 1.6323457578e-01 1.7268746022e-01 -1.9810124350e-01 2.1790406708e-01 1.2904175442e-01 2.6153906735e-01 -2.1016933391e-01 -5.2512379250e-02 1.2468860133e-01 -2.8067050187e-01
1.1066082058e-01 -1.2563135795e-01 8.9553569449e-02 1.1282385130e-01 -2.0267142222e-02 -1.2128041255e-01 3.8462683981e-01 8.7599705010e-02 -3.1397906880e-02 -3.3682633910e-01 3.9481845421e-01 3.2441534879e-02 -2.5019900391e-01 3.2567966693e-01 5.4608061141e-03 1.8541390957e-01 -2.1931995229e-01 -4.9026184103e-02 2.8794949672e-01 -3.9634490568e-01 3.8474252574e-01 -2.8932345911e-01 4.8420406959e-01 9.8974156311e-02
-3.5810241477e-01 -1.3689132427e-01 1.3368522715e-01 -1.3160173512e-01 1.4516671855e-01 3.2805255453e-01 -1.7785755031e-01 1.2150320084e-01 -7.2242178422e-02 3.0565557974e-02 1.0235073738e-01 -2.0637500606e-01 -1.3266166013e-01 1.7300120748e-02 -4.7444429299e-01 -2.4252679908e-01 3.2074160090e-02 -8.3129708930e-02 4.3676820180e-01 -3.2449611622e-01 -1.1760823905e-01 2.8131527298e-01 -1.2665400162e-03 -6.5222924558e-01
-9.5600948601e-02 -1.3831368624e-01 -1.2305898721e-01 -2.6428392888e-01 1.1924392923e-01 1.0052867114e-01 -1.8073719253e-01 9.1849782924e-02 1.2640836642e-02 -3.2754994119e-03 -2.8216693275e-02 1.5217856884e-04 3.7183556884e-01 4.5833198534e-02 3.4706330849e-02 4.2510089303e-02 -8.9380490055e-02 7.4347019782e-03 -2.9177155966e-01 2.4788388646e-01 -4.0183098714e-01 -2.2210999621e-01 -1.4084557955e-01 1.2467565361e-01
2.2858070116e-02 2.0878506735e-01 -3.2517788752e-01 -1.1517966302e-01 -2.5331808456e-01 2.3803983019e-01 -1.4579493876e-02 4.5944916447e-02 1.8195782803e-01 1.9498804667e-02 5.1610865458e-02 -2.0957153928e-01 -3.6281473859e-02 3.8003384209e-02 2.8244353914e-01 -2.1328279624e-01 -2.3238573965e-01 1.6513275322e-01 -6.2085095484e-02 -5.4081759217e-02 -3.9202912136e-01 -1.6516419106e-01 7.7018485027e-02 -3.0647497583e-01
-7.9897157722e-02 1.1676012420e-01 1.6299609205e-01 9.0989629848e-02 -2.9726381745e-01 -9.9850170852e-02 1.3975770021e-01 1.7083976421e-01 8.5326198422e-02 3.8224563710e-01 -2.5167438199e-01 1.6992397096e-01 -3.3429513276e-01 4.1643436727e-01 1.9024997273e-02 -3.3151339675e-01 -3.6037386466e-01 3.0221971808e-01 -6.1835165821e-02 -1.2674054688e-02 2.7622928042e-01 -2.6279564471e-01 2.0000500458e-01 1.5717938201e-01
-3.3193778975e-01 2.7118433435e-01 8.1240240205e-02 -2.7460397917e-01 -2.7807724012e-01 -2.6582694409e-02 3.8769542401e-01 3.9335721853e-01 -1.5851839788e-05 -1.8540561191e-01 -2.0151964450e-02 1.3198514742e-01 -3.1705621041e-01 -1.1142027212e-01 -3.3158864618e-01 3.3797746123e-02 3.5410429508e-03 6.2147111424e-02 -2.1197090049e-01 -4.9306603765e-01 -2.9318011166e-01 1.9927315310e-01 4.1864992095e-02 1.3640087395e-01
-1.3612332730e-01 -1.3848422218e-01 6.7614751167e-03 9.8987841713e-02 -1.4658791405e-01 -2.0857156605e-01 1.6523039014e-01 3.2474976895e-01 3.8108192781e-03 -3.0200686027e-01 -4.7010681924e-01 5.5729895080e-02 -6.4453952971e-03 -2.4309691759e-02 -1.6176716919e-01 5.0709029754e-02 9.8195643011e-02 2.9195186950e-01 1.0070490627e-02 -5.3628160999e-02 1.8477725400e-01 6.3350314891e-02 1.5138537975e-01 1.0628515147e-01
1.2643446641e-01 1.3201196963e-01 -3.0847638525e-01 -7.9205689595e-02 -9.5211100675e-02 -1.1609085464e-01 5.0864543673e-01 -4.1931384235e-02 5.7550236732e-02 8.6089029064e-02 2.3438745536e-01 1.3036106950e-01 -2.3739725377e-01 3.3453873146e-01 -1.9449408512e-01 -1.1880637212e-01 -2.7570253438e-01 1.0131771033e-01 2.7904875817e-01 1.1962025905e-01 -1.9496498062e-01 -8.1847907306e-02 -3.5508040117e-02 -1.3015103563e-01
-3.5094595909e-02 -2.7133059606e-01 -2.4274576913e-01 -1.2334437687e-01 4.2214968218e-01 3.1664588816e-01 6.5531740490e-02 2.2875795148e-02 -3.3353901169e-01 2.2859000530e-01 -9.6908040775e-02 -2.9451771385e-02 -1.2362474601e-01 -4.6175559159e-02 -4.8675805445e-01 1.3084051544e-02 1.4230396651e-01 2.3248417424e-01 -5.1137761540e-02 1.7541832640e-01 -3.3674636032e-01 -5.6016847503e-02 -1.0352429345e-02 2.0610332087e-01
-2.6441016082e-01 2.0706392511e-01 -2.3011890542e-01 -7.9277747600e-03 2.1522583222e-01 -1.3969980585e-02 -2.0559130729e-01 -6.8909174393e-02 6.5368171402e-02 2.8666632406e-02 -3.8946707864e-02 2.6989285662e-01 1.5312766741e-01 6.9178448285e-02 1.9763800665e-01 2.3785108527e-01 -1.7825322125e-01 2.0297781217e-01 -6.9077594611e-03 1.6743377703e-01 -5.4678606779e-02 -1.6359223729e-02 3.4037471077e-01 9.1646033763e-02
2.8578461769e-01 4.5718194068e-01 2.9034704477e-01 -3.2401231623e-01 -2.0925818632e-04 2.3844564475e-01 3.7578554259e-01 9.2565793670e-02 -3.4184705956e-01 -1.2175196494e-01 -1.1659355538e-01 1.1918580323e-01 1.9813012419e-01 -6.7394459854e-02 -2.9436625201e-01 -5.8314963103e-02 1.1789127663e-01 -1.1413684927e-01 -1.2717954972e-01 -4.8005505041e-01 2.4237414416e-01 -2.7617470642e-01 1.6480162303e-01 2.4306223640e-01
8.3851957212e-02 -1.2185873374e-02 -1.6098862224e-02 -2.8808684300e-01 -6.3224104381e-02 5.6932692404e-01 -3.9808582203e-01 9.4779691568e-02 -8.8569045847e-02 -2.2221304926e-01 -8.3584366142e-02 -2.0747541770e-01 -2.0792484988e-01 -2.4464499170e-01 -3.9163290319e-01 4.0627446374e-02 -2.6070374354e-01 -6.7466669910e-02 1.9622202923e-01 -2.2309185956e-01 -5.3257507050e-02 9.1361367548e-02 2.0008843670e-01 -2.3480780235e-01
3.7111715277e-01 -1.0012907013e-01 2.7212799452e-01 -1.8928618089e-01 1.0456326633e-01 -2.4297945628e-01 -4.1787874624e-01 7.1083297948e-02 -1.7916472814e-01 2.7223655261e-01 1.2434809401e-01 3.2623669370e-01 1.9336039390e-01 -2.5575232091e-01 -1.6323916167e-02 -9.6050298144e-03 3.2817523815e-01 -2.4914213348e-02 -1.2168252550e-01 -1.8104101223e-01 -3.1125784777e-01 -2.8831498518e-01 5.3158007992e-02 2.2755968847e-01
9.6329966556e-02 3.8904197549e-01 4.2385907080e-02 -6.6825741269e-02 -2.3898052010e-01 1.2908980633e-01 -3.8437513797e-02 -1.8986659137e-01 -3.4862483178e-01 -3.5377018919e-02 6.1702733228e-02 1.5604743139e-01 -1.2084398251e-01 1.5318115489e-02 4.3077422971e-01 -2.0513314480e-01 -1.5576877998e-01 2.9187332406e-01 -1.4676981686e-01 -1.7581191936e-01 1.8737770765e-01 -2.0794201861e-02 -2.9866944075e-01 -3.4561467608e-02
-3.2372580654e-01 -9.9928926650e-02 3.0674176502e-01 1.5201110084e-01 3.0065087317e-01 -8.0932899601e-02 2.0105663182e-01 -2.8167244689e-01 2.0638510589e-01 1.8521873856e-01 1.6811129789e-02 -3.5278209807e-02 2.8636965735e-01 -1.1312577423e-01 9.1031006475e-02 1.5571398645e-01 -2.7586046152e-01 -5.2136909921e-01 -1.2144797201e-02 -9.4485777044e-02 -6.4362058745e-02 4.6359768373e-02 7.7510775356e-02 2.3294525325e-01
6.7394522157e-02 1.0059192643e-01 -7.2830590355e-02 -1.7071968307e-02 -1.9381358427e-01 -2.7533449258e-01 -1.0484950054e-01 -5.1747817226e-01 8.9893806636e-02 -3.7833816418e-01 1.7486804174e-01 -6.5785900228e-01 -8.8560447878e-02 -2.7532850365e-01 -1.3896899203e-02 -2.8108532490e-02 -2.6160780715e-01 -2.8853746007e-01 -1.1735779515e-01 3.0563042201e-01 2.8430189421e-01 6.0461756485e-02 -6.4177079297e-02 1.0691921416e-01
2.3524455570e-01 6.8098091057e-02 -4.6636889351e-01 4.1771935686e-01 6.6892721042e-02 1.9035684397e-01 -2.0194783886e-01 1.5557481783e-01 7.2430936051e-02 7.5827695808e-02 1.5617123052e-01 -8.0523031752e-02 1.0852304142e-01 5.5870092143e-02 5.3342667441e-02 1.5402083475e-01 -4.1338337018e-02 1.3715528136e-01 8.8353899595e-02 4.8604677181e-02 -6.3359441764e-02 3.3055961034e-01 2.4508457644e-01 -1.3143000057e-01
1.0311320075e-01 1.1032264882e-01 -1.1125487122e-01 -1.0303627198e-01 -5.3497329543e-03 1.9493562927e-01 -3.3018885580e-01 -4.1811643859e-02 -7.6316010858e-02 1.0908872056e-01 6.0247134617e-03 3.5036793624e-02 1.7733706784e-01 -1.1010056429e-01 -3.7931693137e-01 1.4528582860e-01 4.2000112898e-01 2.9159778071e-01 5.9343831694e-02 -9.4260772487e-02 -8.4364137537e-02 1.7957243899e-02 1.2360377134e-01 9.8689776687e-02
-2.8432780654e-01 1.1347318305e-01 -1.0157160298e-01 2.2471857121e-01 2.3002500099e-01 -8.6151725361e-02 -1.1598613743e-01 -1.6196801905e-01 -9.8141584939e-02 -3.1856654658e-02 -2.8598320545e-01 -3.2356890015e-01 1.4756818753e-01 4.6648957430e-02 -1.6237729459e-01 6.8962832497e-02 8.0585377230e-02 1.1648128585e-01 5.2735529304e-01 -2.3003442175e-01 3.2260994687e-02 -5.2176959145e-02 -5.6687000738e-02 4.4527951085e-01
-1.5597970989e-01 1.5063166015e-01 8.3903009673e-02 -1.4768725384e-02 -3.0488423363e-01 1.2175051581e-01 3.0656861663e-02 -3.0198549824e-01 -8.3700159285e-02 1.1041629221e-01 -4.0325035897e-01 -2.1495020971e-01 -2.2506912610e-01 1.6364856546e-01 2.5302809830e-02 1.3872316942e-01 -1.4113926425e-01 1.2932451964e-01 2.6097821127e-02 1.2507457267e-01 -5.6043608057e-02 9.7719449818e-05 2.3567333896e-01 2.6058064206e-02
1.8493937281e-02 6.1909455859e-01 2.6469039382e-01 -1.5531789741e-01 1.5519820221e-01 4.4247940419e-02 -5.2905179800e-02 9.3338499941e-02 1.6933392526e-01 9.6378286913e-02 1.7786239212e-02 4.4169921019e-01 -2.2644537196e-01 1.2316909284e-01 -1.1287404452e-01 1.7537284613e-01 -1.6159057472e-01 1.6496897818e-01 -9.4576549663e-02 -1.2655386252e-01 -1.5749641089e-01 -8.0707376238e-02 1.8721202062e-01 -2.4525367615e-02
-3.0210008860e-02 2.2584966127e-02 1.1039808843e-01 1.2312000991e-01 -8.9418192606e-02 -2.5163454931e-01 1.4745446973e-01 1.4870845563e-01 -5.3779444848e-02 -8.2827181016e-02 -7.5837317974e-03 2.8918264767e-01 -2.9265836630e-02 2.1068173622e-01 -3.2404413321e-01 6.5801498237e-02 -1.3914748311e-01 -1.2490911084e-02 -9.9438797484e-02 -1.8174328994e-02 -2.3934434326e-01 -3.5642178448e-03 -2.1440932503e-01 -1.1712856694e-01
