-9.1737646653e-02 -6.4570050912e-02 2.0669660336e-01 3.5395774854e-01 2.8402788303e-01 2.9693893465e-01 2.2365097597e-01 1.7328940089e-01 -1.3790695326e-01 7.0361100919e-02 -3.6538890540e-02 -2.5684288801e-02 1.9205847236e-01 5.2287437523e-02 1.0415900609e-01 7.6725511155e-02 3.7348719832e-02 9.1607358997e-02 1.0617710727e-01 2.1068395994e-01 -1.0180354491e-01 -3.4932080160e-01 -2.4215655101e-01 2.2454406802e-01 3.5329267591e-01 -2.9630481474e-01 2.0494255980e-02 1.6651041841e-02 3.1577941308e-01 -3.7985993319e-01 -1.9296958903e-02 -2.8984128209e-02
3.8108653302e-01 -1.3881844236e-01 2.5149664180e-01 -1.2994794892e-01 1.4712877621e-01 -2.6576755755e-01 -2.3522395588e-01 -5.1736696901e-02 1.6055834913e-03 7.9357209017e-02 1.8405582268e-01 2.1490818004e-01 -4.2561370692e-03 3.5585024621e-01 3.4309027323e-01 -1.2370553679e-02 -1.0846419609e-01 1.9091117361e-01 2.1509798441e-01 2.2100636035e-02 5.6875151017e-02 -1.3707020702e-01 -2.9472158479e-01 6.3221278535e-02 3.2665041155e-01 -8.7589885330e-02 7.0896412313e-02 1.7054985690e-02 3.7026833080e-01 -3.5667437489e-01 -3.1188549393e-02 -5.5806999839e-02
-2.6790037346e-01 -1.9060268449e-01 -7.8058579674e-02 1.0794033688e-01 -2.2584754030e-01 1.0613315634e-01 1.7883566547e-01 7.2350512549e-02 3.7547213904e-01 -4.1886891665e-01 1.9733791169e-01 -1.4035989653e-01 1.7424362163e-01 1.8169493575e-01 1.7712939100e-02 2.5393951052e-01 -3.9510488727e-01 9.1449816587e-02 -4.1821191705e-02 1.0485156268e-01 2.3321796271e-01 3.3992715626e-01 -5.5475670582e-02 3.9306414476e-01 -1.8093635267e-01 -1.5997610185e-02 1.3960379488e-01 2.9992307500e-01 -4.2457437089e-02 -1.7547755744e-01 -3.9882482684e-02 6.2092765909e-02
-1.2381417235e-01 3.9599151349e-03 -6.7324267384e-02 2.7498269851e-01 -1.8460097018e-01 3.5178561133e-01 -1.7682510427e-01 -1.7029142637e-01 -7.2696121850e-02 -1.4161281245e-01 -2.9013418101e-02 2.1201481746e-01 -9.7638766190e-02 -1.3788452952e-01 -4.4658729690e-02 -5.2897653536e-02 1.0198078608e-01 -1.1180242135e-01 1.9362348552e-01 -8.0907895865e-02 1.7174612166e-01 8.7096159102e-02 -1.4510454119e-01 1.3088855206e-01 -1.4919729908e-01 9.7700052447e-02 -2.4999335973e-01 2.9419321287e-01 -9.4053827255e-02 -2.5526370092e-01 -3.4063512375e-01 8.7380839884e-03
-1.3411530518e-01 -1.5991667766e-01 -2.1456010808e-01 4.9917963696e-02 8.8794180920e-02 2.2727906840e-01 1.2186914594e-01 -1.4458347589e-01 -1.6620979828e-01 1.0049507415e-01 1.2253569061e-01 -8.7751242750e-02 -3.0539971315e-01 -4.5777579006e-02 -1.3506828768e-01 2.4357282473e-01 -6.6163203070e-02 -1.7111627795e-01 -1.6924611887e-01 1.1693983285e-02 -3.9568231210e-02 7.0456189215e-02 1.6432168028e-01 -1.4232995426e-02 -2.2000540996e-01 5.2654760960e-03 1.6682523215e-01 9.5377794744e-02 -1.1533026990e-01 -4.6697794158e-01 -6.2928620060e-02 -2.2168703018e-01
-1.1436827482e-01 -1.9179161391e-01 -8.1479092839e-03 -2.5740804926e-01 3.9332999021e-01 8.6455443745e-02 1.3369341637e-01 -8.0869194176e-02 9.8406019616e-03 -3.9076678464e-02 2.5480163757e-01 5.9318182091e-02 -4.1060511443e-02 -3.6402373536e-01 1.1702073991e-02 -9.7084378545e-02 1.4624083524e-01 -7.1911848518e-02 4.8740193906e-02 1.5049118886e-01 4.3792333341e-02 -2.3191699945e-03 -4.9630382170e-02 -1.5869899353e-01 2.6976692834e-01 -1.4195285334e-01 1.5532237379e-01 -1.2114184008e-02 -6.2521878433e-02 2.1558829793e-01 8.5039028435e-02 3.5629620795e-01
1.0793220726e-01 -2.9127609638e-02 5.1697998982e-02 -2.1351097296e-01 -1.9799690868e-01 -1.6784338833e-01 -5.7242584154e-02 -9.3097631708e-02 -5.0866944247e-02 1.4269454365e-01 6.4373824360e-02 3.9539149470e-01 -5.0752255075e-02 1.0006974061e-01 9.2689813599e-02 -8.6325796774e-02 4.7849261799e-01 -1.7788059299e-01 -5.5419960044e-02 1.5960715787e-01 9.4392058470e-02 1.3568222217e-01 -1.6166809445e-01 -1.6075740335e-01 -2.8742589453e-01 1.1979315063e-01 -3.0557669133e-01 1.6491688832e-01 -2.7774380656e-01 2.1632385806e-01 5.1601704674e-02 1.1136232698e-01
-1.4188247848e-01 -1.9214875491e-01 -2.0589579972e-01 -5.0397298047e-01 1.9416945209e-01 2.4264688844e-02 3.0504878758e-01 2.1619656689e-01 -1.6072497017e-01 -1.9717721127e-01 1.2535397958e-01 2.9056003768e-02 1.3880027376e-01 1.3237752012e-01 -1.6015141462e-01 -5.8142484151e-02 1.7812129891e-01 -6.4943879011e-02 1.0297211064e-01 -3.7834300966e-01 -1.9616691563e-01 -3.4921126395e-02 -5.4513173603e-02 -5.5017083571e-01 5.8608567686e-02 2.2950815980e-01 -8.1620224216e-02 4.2542881598e-01 2.1528755322e-01 4.3280256740e-02 -3.6048113561e-02 -1.8610085677e-01
-4.7013651456e-02 2.9851530794e-02 -1.1841670625e-01 -3.2276992025e-01 -2.2789572269e-01 -9.8653672156e-02 -1.0202330842e-01 -6.5282859486e-02 -1.6112797579e-02 2.4077106222e-01 2.8738391453e-01 1.2906429908e-01 7.8087954982e-02 -3.8886697074e-01 -1.5918162219e-01 -9.1732894246e-02 7.4150903712e-02 3.1400824114e-01 2.7135161637e-02 -7.9686429866e-02 2.1160250196e-01 -1.5873704878e-01 -2.4364231804e-01 -6.8317228850e-02 -2.1753745921e-03 -1.0504365422e-01 -3.8436683110e-01 1.9266129373e-03 -5.6040387221e-02 3.3424793833e-01 6.1923999257e-02 2.2674077848e-01
-4.2596388186e-02 2.1215772060e-01 -1.1864021487e-02 -2.9431655144e-01 -2.6961635969e-01 3.4163716268e-02 1.4901589112e-01 -1.5801178294e-01 -2.3060435501e-01 -2.8922304214e-02 2.3656735867e-01 -1.0924222269e-02 3.3401597010e-02 2.4290677532e-01 2.0899702540e-02 -2.1680597010e-01 -2.1600215414e-01 -1.8025562582e-01 1.0687543305e-01 1.5889471508e-01 9.5149623935e-02 3.6419517678e-01 -1.7123527197e-01 -5.4809278541e-02 1.8449155948e-01 1.3864513502e-01 1.6558086505e-01 -1.0496651696e-01 2.1100874142e-01 9.9190929287e-02 -1.4340883091e-01 -8.1772442894e-02
-4.5669875780e-03 -3.0020261308e-02 2.0834192428e-01 1.0856664777e-01 7.1466231953e-02 1.4404978706e-01 2.0277242268e-01 1.0533331871e-02 3.8443394027e-01 -2.2163558556e-01 -1.6296311849e-02 -9.0682145629e-02 -3.2505684288e-01 2.6989276694e-01 4.3989791524e-03 -8.9339744306e-02 -5.6697689270e-01 -2.9677498540e-01 -1.2009358783e-01 4.1787275247e-01 -3.1111091639e-02 -2.9524210774e-01 -1.9243011982e-01 2.6396136594e-01 -5.3150453526e-03 -7.2166731468e-02 -1.2737799165e-01 1.3102472655e-01 1.1172912481e-01 -1.7911835466e-01 -1.1999612763e-01 -1.5042795137e-01
2.0700819480e-01 2.1585507266e-01 -3.3205553998e-01 -1.4536368893e-01 3.5482214461e-01 9.5056856408e-02 -2.4528644593e-01 -3.7263505466e-04 -1.7073861759e-01 -3.9968192875e-01 3.5208848856e-02 -6.9716899116e-02 4.6963626255e-02 -1.6011771927e-01 -1.1855628751e-01 1.6381933203e-01 -8.5779745802e-02 -2.0943552269e-01 -2.2148150722e-02 -1.9056881159e-02 2.7820160230e-01 -3.7559971600e-02 -2.0848354125e-01 -5.1730136834e-01 -3.5515618433e-03 1.1670826332e-01 -3.1159745955e-01 7.6010411501e-02 1.0744916154e-01 -1.7529214258e-01 3.7593909410e-02 2.5397344893e-01
-5.0263979416e-02 1.6468157749e-03 5.7083522153e-01 1.6137734376e-01 -1.2154338133e-01 8.6698889125e-02 -2.9737584791e-01 -1.2824718059e-01 1.8981707144e-01 8.2524009315e-02 -8.8379926578e-02 -4.9488179307e-02 -1.2717755109e-01 -1.1710267918e-01 -6.6639157301e-02 3.0483817238e-01 -4.8502180325e-02 4.0579498816e-02 -1.0419925454e-01 2.3661898377e-01 -2.1292618426e-01 1.6909737941e-01 4.8317427742e-02 -2.1318520545e-01 -7.8647004668e-02 3.4233839473e-01 -3.3189110978e-02 3.4598036187e-02 -2.5795604046e-01 -1.7394112171e-01 3.0274383058e-01 -5.0382128323e-02
-1.6465663972e-01 -1.3745770034e-01 2.2177388607e-02 2.6698513706e-01 7.6910495470e-02 1.1553745760e-01 8.0315447474e-02 -1.0054049135e-01 -1.6561435381e-01 -2.6967263935e-02 -6.4476449952e-02 2.6714891855e-01 -2.1704287048e-01 7.1436255526e-02 1.5479673109e-01 7.0730986497e-02 1.6390486224e-01 -7.7933959915e-02 -1.9219811707e-01 -7.6998767687e-02 5.9426832336e-02 1.2443656431e-01 -1.6750378168e-01 7.7426194723e-02 1.3921300607e-01 -3.7841517017e-02 -2.3078025133e-01 1.3704586141e-01 4.7849624590e-02 3.0169633360e-01 2.8368748630e-01 -3.2104361311e-02
3.6598890193e-01 8.5134961188e-03 1.7200456708e-01 9.5924922428e-02 -3.6516094881e-01 9.5338805699e-03 -8.7908837218e-02 3.7955669281e-01 -1.7549698274e-01 -2.0521454532e-01 1.8803359585e-01 -1.7820078405e-01 1.7486658980e-01 2.1148769874e-01 -3.2833660162e-02 3.1426806569e-01 1.3268495592e-01 1.1831415506e-01 1.9268859986e-01 -3.1540514991e-01 -3.1268695173e-01 4.4832831386e-02 -1.3661702759e-01 1.6230873374e-01 1.8715273487e-01 1.7427381707e-01 -2.6357642041e-01 -2.3003178111e-04 2.9369264724e-01 6.8452298344e-02 -1.1798487885e-02 2.2218807943e-01
1.9630320716e-01 -2.8264227665e-02 5.2471349285e-02 -4.8943382723e-01 -9.5932794010e-02 2.8102720897e-02 -1.1585006216e-02 3.8541506299e-02 -6.1910593459e-02 3.0205475989e-01 -1.4890350287e-01 -7.3621034599e-03 1.3676604874e-02 -2.8129547039e-01 -1.0932038739e-01 -3.7391117463e-02 2.0493846154e-01 1.3452947473e-01 1.6128621599e-02 1.3280606637e-01 -1.4756547939e-01 -1.3460176468e-01 1.7050488404e-01 -3.3301952989e-02 2.0884691095e-01 1.4979544119e-01 -3.2476183239e-02 2.6162065989e-02 6.5410097355e-02 -8.2512204968e-02 -1.2398424520e-02 -2.9540061566e-02
2.7737417800e-01 -7.0795468260e-01 -5.8364462153e-02 1.0926628527e-01 4.2381878885e-01 -3.3575662299e-02 -3.9762106621e-01 2.4827862706e-01 2.5572425859e-01 -1.5519912046e-01 -5.7528283533e-02 1.5739117607e-01 4.8070707114e-01 -1.1222577384e-01 -5.2221301701e-02 -5.0340865263e-01 1.3044897059e-01 2.2833965135e-01 1.5885470445e-01 -7.6602482496e-02 -3.4042308890e-01 -2.8041969884e-01 3.2430645418e-02 -2.4852363440e-01 8.6999626958e-02 -8.2322411035e-02 4.4323844510e-01 5.4545151500e-02 1.4079620224e-01 1.4811356724e-02 2.9103384742e-01 -2.0448147303e-01
1.6496258529e-01 -1.3404835782e-01 2.5814877386e-03 -3.6311417615e-01 6.7945381241e-02 1.0141490705e-01 -1.4450243458e-01 -2.9596801163e-01 1.0396923272e-01 -8.5855762306e-02 -2.4722553426e-01 2.2174360739e-01 -2.0335494842e-01 2.9161510401e-02 -1.2230420579e-01 9.5469073509e-02 2.7635781343e-01 2.8074964506e-02 1.3700071961e-02 -2.3770646145e-01 2.5794278252e-01 -1.9016221684e-01 8.6628168176e-02 -1.2764499767e-02 2.6778585062e-01 2.8921970433e-01 -1.4677972806e-01 8.7368519926e-02 3.6171129099e-02 -5.2928337869e-02 3.7488438924e-02 -8.5830090168e-02
1.8959731381e-01 1.0051290123e-01 7.1535761870e-02 -2.1552203278e-01 -9.3305707355e-02 -1.1166481042e-01 -2.6539045915e-01 -9.3293856542e-02 -4.9215381255e-02 -3.1828296467e-01 -1.5657057167e-02 2.7547534212e-02 -2.4263560888e-01 8.5302213459e-02 -2.6503298653e-01 2.6615438019e-02 -5.5007116946e-02 -1.0615693133e-02 -1.0517627766e-01 2.2161425436e-02 -2.6418909242e-01 4.0988489299e-02 1.7094833939e-01 1.2442043659e-01 1.7153540183e-01 -7.8008498488e-02 1.7725962568e-01 5.7576848850e-02 -4.7474143446e-02 -2.6509824032e-01 9.9545877561e-02 -1.1307238549e-01
-6.3907966533e-02 -1.7641667196e-01 -2.1311890378e-01 -2.1483583082e-01 -3.0078187772e-02 -1.6542152570e-02 1.9905324747e-01 -4.1262509126e-02 -1.4553842271e-02 -2.3216746103e-01 1.3154004631e-02 2.5304242560e-01 -3.5037595190e-02 1.5379075771e-01 5.8214068981e-03 -1.8284696182e-01 1.6890649471e-02 1.5049970171e-02 -3.5986189224e-02 1.5125138791e-01 -4.9380135621e-03 4.7465503036e-02 -7.7284299035e-02 2.5782758466e-01 1.0781807490e-01 -3.9287727754e-01 -2.7103343544e-02 -5.9841563587e-02 -2.4114206458e-02 -1.5170060356e-01 1.6370897424e-01 -8.8698076145e-02
-2.9722295188e-01 2.8969878888e-01 -1.1543292836e-03 -4.0630650291e-01 2.3620557520e-01 1.7414495153e-01 -4.3543343583e-01 -1.5813392043e-01 4.5568403445e-02 -1.6017661011e-01 -4.9502595010e-02 -1.2463087545e-01 -1.3361736228e-01 3.0401804989e-02 -4.7876091072e-02 1.0642978361e-01 7.3609559019e-02 3.1593639504e-01 6.2855397573e-02 1.3419193188e-01 2.7221977860e-02 8.9435479422e-03 -2.2313819479e-01 -3.3448601218e-01 1.8160776159e-02 -1.1730518639e-02 2.8358231907e-01 -2.2688478658e-01 -1.3891126969e-01 2.3203512652e-02 -3.0224973266e-01 2.7812952807e-01
2.7949695083e-01 -2.2312877568e-02 4.8922409475e-01 3.1241293983e-01 4.4814897208e-02 -1.1293034835e-01 -3.5539555166e-01 1.9763374040e-02 -4.1410214699e-01 -3.4508368597e-01 -1.6335415252e-01 -3.4527193533e-01 3.3181178119e-01 -8.4386817196e-02 1.5502333202e-01 1.9638918529e-01 3.6983571203e-01 9.7135035952e-02 5.6168177078e-01 -1.7327585038e-01 -3.7582034254e-01 -4.5022417360e-01 -2.9126065661e-01 -2.7893313255e-01 -9.1979279632e-02 -2.8031035659e-01 6.2342558844e-01 -3.4901894826e-01 3.5100169587e-01 5.7121851674e-02 1.8505913242e-01 2.9315413680e-01
6.5738513489e-03 -2.4456278634e-01 1.6479098772e-01 1.2461453835e-02 -3.8775869998e-01 1.8710163656e-04 -9.0634959782e-02 -9.6372262424e-02 2.5384121371e-01 -2.5563388514e-02 2.2749738126e-01 -6.6368837253e-02 -1.3640926951e-01 -2.3536309626e-01 -4.0286026420e-02 1.0951944066e-01 -7.7962619717e-02 -1.3058459501e-01 5.2386966051e-02 3.2362583826e-01 -2.6996936349e-01 2.6901168589e-01 5.1492955698e-02 9.1718371106e-02 -3.6766293066e-01 6.4020384047e-02 -1.6340452163e-01 4.9629218102e-02 1.1655462196e-01 -1.6729498222e-01 2.2254592585e-01 5.5271502174e-02
-1.6913980077e-01 -8.5706778812e-02 3.9297822378e-02 1.2711212737e-01 1.0857574399e-01 1.8929519046e-01 9.7421468340e-02 -2.6239924344e-03 -8.2935576390e-02 -4.8094739441e-02 -2.2937813657e-01 -1.3345874753e-01 1.7228180276e-02 1.6337103628e-01 1.7170647125e-01 1.3475187993e-01 9.8080325819e-02 -1.0105923180e-01 -9.6657047574e-02 -5.2398224451e-02 -2.0695842352e-01 -2.9844389338e-01 -2.3145058791e-01 -3.2426507976e-01 2.1317118243e-01 2.8969029907e-02 1.1926215282e-01 -2.1011851102e-01 3.8446516506e-01 1.7673370364e-01 2.1113786488e-01 1.8317719183e-01
3.9427140291e-02 -6.6955711737e-02 -1.3733863857e-01 1.0699182193e-01 6.5899312025e-02 6.8244815912e-02 3.4981515841e-01 -2.5037769245e-02 -1.4286727348e-01 4.5684097278e-02 7.7967453980e-02 1.3223122476e-02 2.8396932027e-01 2.8992511412e-01 -8.0189861157e-02 -2.3339538171e-01 1.2552706353e-01 1.4386476940e-01 -4.8343427303e-02 -6.8108847590e-02 -9.9703641319e-02 -1.2487135287e-01 -1.9811028557e-01 2.1253609635e-01 -5.4550046589e-02 -1.3449906065e-01 -3.9409385073e-02 3.1918164195e-01 -1.7991184776e-01 -4.3971410462e-02 1.3071915376e-01 -3.3821084341e-01
-2.7227165598e-01 1.8354247175e-01 -2.1518130438e-01 9.6736446732e-03 3.0810463417e-02 2.7424714292e-01 -1.7449617319e-01 -1.0697728131e-01 3.1910581271e-02 -1.0605134714e-01 -8.1422552690e-02 -2.3031974170e-02 2.5834507515e-01 -4.7108769974e-02 9.7092081940e-03 9.1477710782e-03 -2.5077474675e-01 1.7078569479e-01 1.6821369981e-01 2.6264560229e-01 -1.1099389784e-01 -1.9466319534e-01 -9.8818316806e-02 3.1987333054e-01 -2.2605084858e-01 -8.3039647780e-02 1.0041195941e-01 1.9434293901e-01 -2.9338712128e-01 -3.7685449991e-01 4.9199512911e-02 -2.2371451574e-02
1.7256736745e-01 2.7084461751e-01 -2.5507061042e-04 3.2467120815e-01 4.6062236601e-01 -3.0413751221e-01 -2.2316424104e-01 1.6995171330e-01 -9.8166851816e-03 -2.2055375375e-03 3.9721906510e-03 -1.8991234142e-01 1.7408810894e-01 2.7206327983e-01 1.3273289496e-01 3.7716409710e-02 3.5273710566e-01 1.5688745751e-01 4.8158134039e-02 1.8925885095e-02 3.7513076483e-02 1.5797414101e-01 -4.6035590638e-01 -2.8194211513e-01 -2.1109137294e-01 2.2260340921e-01 -2.5185871190e-01 -1.2103019820e-01 -1.6684203501e-01 -1.3242028438e-01 -1.8679231204e-01 9.9219923478e-02
-3.3572100913e-02 1.1888726315e-01 9.4732939753e-02 4.1952663376e-02 1.4547321722e-01 -1.6798804676e-01 3.9144630304e-02 -4.0121623518e-02 -2.8046458879e-01 -1.8416840949e-01 -5.6220328249e-02 1.3574792477e-02 -5.1011399921e-02 4.1591615340e-01 -3.8253039494e-02 2.1915269776e-02 -4.1775223131e-01 2.6391733087e-02 -9.3540848076e-02 -9.8249710287e-02 2.7056562749e-01 -2.5152239870e-01 1.8038087250e-02 8.4055050771e-02 -9.1726013130e-02 3.7514777338e-01 2.1686135129e-01 -4.8722795845e-02 -2.7915475592e-01 -1.1459419078e-01 -1.1420932785e-01 1.0013218892e-01
-5.9906517868e-02 -4.6026199415e-02 -1.1038618458e-01 -2.4902277755e-01 2.0373492826e-01 -1.8110472447e-03 2.8964681226e-02 1.9717485476e-01 3.9384935278e-01 2.8007507013e-01 1.8975428612e-01 1.9796261925e-01 -5.2681246776e-02 -5.0844414584e-02 9.8987345301e-02 1.0582337407e-01 -3.1507780145e-02 -1.0644133008e-01 1.5319886554e-01 -9.8290881168e-02 -1.9306430119e-01 1.6047340978e-01 9.4421505259e-02 -2.3552876219e-01 -2.6995463494e-02 -6.2709145924e-04 -5.6215961470e-03 2.2039785983e-01 2.4294289530e-02 -9.0976091216e-02 4.6289505756e-02 3.5537350954e-01
-4.4784260082e-01 1.8459181003e-01 -3.9135866272e-01 -2.8408090766e-01 -3.1796697503e-02 -1.2315156764e-01 -4.5204125207e-02 6.8494470677e-02 1.0226775523e-01 1.9055584412e-01 5.7873473779e-02 7.3094000447e-02 -6.6871445442e-02 -2.0432546816e-01 -6.9828719422e-02 -1.4666554173e-01 2.5688168866e-01 -4.7697726764e-01 1.5408387717e-01 -1.0726567411e-01 -2.8676605788e-01 1.2928579786e-01 2.5036852574e-03 1.1390838166e-01 4.7430622283e-02 -2.1370167854e-01 -2.2916069983e-01 2.5211533507e-01 -1.4648452978e-01 -1.3130984221e-01 5.6842300830e-01 2.3817428528e-01
1.1829509020e-02 8.5084371174e-02 1.7819426228e-01 -1.2084455316e-01 -1.1469936802e-02 -2.0905511195e-01 1.9465022348e-01 -2.4209781153e-01 -4.8877663552e-02 1.0854746888e-01 5.4816779347e-03 -6.2202717069e-02 1.1304520514e-01 -1.8874175467e-01 -9.8988336401e-02 -7.8454902534e-02 -1.2329462528e-01 2.2317184683e-02 -1.5651882040e-01 1.6867539805e-01 1.2227189673e-01 -1.3248425956e-01 2.0849592715e-01 -1.3035474128e-02 -2.8552523387e-01 3.0703055036e-01 -4.9718709603e-02 3.6246276890e-02 -8.4053723548e-02 3.8373326821e-01 -2.1550748699e-01 -1.1178424094e-01
6.2729035362e-02 -1.2773393870e-01 1.4827810781e-02 -2.6427059282e-01 -1.4584917644e-01 2.1240597270e-01 -3.1219860057e-01 1.0290515257e-01 -2.3987374862e-01 2.5656687386e-01 1.9527215857e-01 -3.5058546905e-01 6.4579929549e-02 5.6349262763e-02 -1.8212445001e-01 2.4378768100e-02 -1.3254095896e-02 -2.9060879805e-02 9.7192893279e-02 -1.6984338396e-03 -3.9613766234e-02 -4.3303536613e-02 -3.0282811888e-01 -1.4848512790e-01 5.7755734861e-02 -3.9358906208e-01 1.0130779829e-01 -1.4325121666e-01 -3.2856112871e-03 5.2031687887e-02 -2.8901330472e-01 -2.0221328258e-01
