1.6971345608e-01 3.0478448922e-02 -1.1917444559e-04 2.2105145892e-01 2.3998543479e-01 -1.1749465023e-01 -3.9734399992e-01 1.5292524663e-01 5.6843318198e-01 3.1758384839e-01 2.8414500440e-01 -1.8607458674e-01 2.6385902755e-01 2.0273063179e-01 -6.5913663987e-03 2.0343032282e-01
2.1612210638e-01 1.2415127185e-01 -5.9332408067e-02 -3.8190627589e-02 7.9211305703e-02 6.6683802741e-01 -2.3495792361e-01 4.2711309070e-02 -1.8633536336e-01 -1.1987733247e-01 -2.1576793339e-01 1.2784887055e-01 -7.7233533381e-01 -4.1720462468e-01 5.2594534987e-02 3.4243041608e-01
-2.8570816979e-01 -3.9983213768e-01 3.8725704349e-01 -3.6112921927e-01 1.5649547231e-01 5.7275127540e-01 2.3164395195e-01 7.2261599743e-01 -2.6097830175e-01 3.4801751404e-01 5.1479948132e-01 -3.3518337514e-01 5.6634762913e-02 2.3982770783e-02 2.8839502909e-02 -2.1422811524e-02
2.3057143499e-01 -1.3068163900e-01 -7.4828437847e-01 5.0172238931e-02 -9.5638724986e-02 3.9262396896e-01 -2.8195944030e-01 -2.4487765304e-01 1.2700279568e-01 -5.1485746529e-02 4.1299452699e-01 -2.0504009800e-01 -5.1472164549e-01 -3.4316548118e-01 2.1568156895e-01 3.3365714309e-01
-3.4258931847e-01 2.9216035017e-01 -6.4033627641e-02 -9.6803989620e-01 -5.2979708861e-01 -3.7299155914e-01 9.6190055508e-02 1.0204005872e-01 4.2602451938e-01 -3.2443232905e-02 1.2280912607e-01 -1.4033041358e-02 1.9499668290e-02 8.7677593936e-02 -2.6690206148e-01 -1.3385328047e-01
-3.0321820838e-01 2.8073469176e-01 -6.6462539179e-02 4.2843272649e-01 3.9423937481e-01 -2.1897872260e-01 -3.9457180581e-01 3.8990354405e-01 -3.1489404176e-01 -1.7358822887e-01 2.7799019007e-02 9.3972289244e-02 -1.7704953359e-01 -6.6725145522e-02 4.3174795026e-01 1.3002811273e-01
-2.3150824576e-01 -7.3353376446e-01 5.0268010015e-01 -2.6751328504e-01 2.6849205421e-01 -1.2280919165e-01 1.8857453359e-01 4.9246986247e-01 4.1848837740e-01 1.3431657648e-01 8.5455842903e-02 -2.0661471911e-02 2.6118794792e-01 4.8421561473e-03 -1.6665540814e-01 -3.0313104348e-01
2.1307999620e-02 1.0467505813e-01 -6.4829512818e-01 9.8096329917e-02 3.6505438560e-01 -1.7239668185e-01 -2.8186721099e-01 -2.2836516294e-01 -1.5579021577e-01 -7.1424183879e-02 -2.7115849598e-01 -1.7871928200e-01 -2.6674975583e-01 7.1994026459e-02 2.1484955630e-02 -5.6524810744e-02
-4.3184735800e-01 4.4845034828e-01 -2.9162967014e-01 4.1144698533e-01 -3.2341268798e-02 1.0555105101e-01 7.8300531073e-02 1.5809522314e-02 1.6838549419e-01 -8.3511100689e-02 -9.0913123454e-02 2.6203626256e-01 -6.2933768580e-01 6.3810818525e-02 3.1722835135e-01 7.1695572009e-02
1.2881462433e-01 4.2063144503e-01 -2.9193179700e-01 1.0465783910e-01 3.2863283244e-01 -4.1925792453e-02 9.5559646702e-02 5.7398246716e-02 -4.3496421614e-01 -4.1429311688e-01 -4.9679432123e-02 -2.0513323691e-01 -3.0354814127e-01 -4.8731532922e-01 2.2584308506e-01 1.6121437616e-01
-3.9643315597e-01 -1.7495547872e-01 2.0460345171e-01 1.0940317916e-01 5.5075558861e-01 -1.4881026055e-01 3.6767120754e-01 -2.5133572627e-01 -8.4127291476e-02 1.0353785098e-01 -8.0318067771e-02 -1.9280205107e-01 1.5103016380e-01 -4.7593213070e-01 2.0929412539e-01 -3.0260020110e-01
-3.2508730197e-01 1.0134922282e-01 1.0333077345e-03 2.8370917238e-02 -1.0777086877e+00 -1.2928496796e-01 -2.6349910127e-01 4.6242631319e-01 8.5448563742e-02 7.7996755659e-02 7.4186718180e-02 -4.9837762003e-01 1.1246784501e-01 5.6013093112e-02 1.9700136246e-01 2.2598916683e-02
-6.5464677234e-02 -5.1326439003e-01 1.7886748009e-01 -2.3353618774e-01 -2.2372696907e-01 1.4127362539e-03 1.2649184210e-01 2.7921488573e-01 2.0269704333e-01 2.8936147018e-01 3.3911901236e-01 -6.1051674027e-01 -1.0044822980e-01 5.4384408127e-01 -5.6783139657e-01 -6.2169531790e-01
4.0104481668e-01 1.6164253741e-01 -2.3968279249e-01 2.5839600394e-01 2.5900136533e-01 -1.8389830551e-01 1.0498591723e-01 -1.8531399767e-01 6.9332501390e-02 -5.3760145940e-01 -2.6713765400e-01 -3.8394479896e-01 -8.9237321319e-02 -2.8495466829e-01 7.2696628981e-03 1.1354199421e-01
1.7676135600e-01 3.2439677292e-01 -4.3175564550e-01 3.4078321218e-01 1.6275677309e-02 3.1128388553e-01 -3.1637426329e-02 3.7137222244e-01 -1.4596663448e-01 -1.6073292384e-01 -2.9719399128e-01 3.4652086396e-01 2.1744101874e-01 1.3262457885e-01 -1.7063921919e-01 -5.7823602408e-02
-2.3433133388e-01 -1.9289211380e-01 5.4224181283e-02 -1.0323648962e-01 -5.5847273819e-02 -4.6325733605e-01 4.8434395359e-01 3.4843404607e-01 2.2060587213e-01 1.7637098516e-01 3.9848540740e-01 -5.7227458138e-01 6.7296936839e-02 1.5079604141e-02 -1.9687866791e-01 -7.3503801581e-01
