4.9949740664e-01
1.0969335683e+00
-8.1512566865e-01
5.0623056922e-01
8.1142366719e-01
-1.3691473605e+00
-3.6837456991e-01
2.3377979127e+00
6.0510703675e-01
-1.0698626389e+00
1.7179584234e+00
2.1870678466e-01
-7.2787311025e-01
-8.5993625477e-01
3.0207107750e-01
4.9779265432e-01
2.5048215155e-01
-5.2748941260e-02
1.2264598293e+00
-9.7368888373e-01
-1.1212116718e+00
-1.4181282012e+00
-3.5466859296e-01
-7.7436614761e-02
1.5616005138e-01
-1.4315789788e+00
-1.0219222174e+00
3.1412962567e-01
-8.3007229783e-01
6.4864087554e-01
-1.1898801623e+00
1.4133948438e+00
