8.5273468589e-02 -1.3324510087e-02 5.0588395498e-02 -1.1327071189e-01 8.1605399001e-02 -4.4008294482e-02 4.8664168724e-01 -4.0128184765e-02 4.5804660773e-02 5.4358360418e-02 -1.2007615535e-02 -3.8186720581e-02 3.3828817828e-01 -4.5106922461e-01 1.1936168029e-01 -7.5472459082e-02 -3.1457029389e-01 1.5434852240e-01 1.9609865567e-01 1.5651972134e-01 5.4884997965e-02 3.7809491012e-02 -3.4541742523e-02 -3.3735329285e-02 1.8715043258e-01 -1.8198550099e-01 -3.2010983873e-01 2.5756037881e-01 -7.3862944649e-02 -6.7882188647e-03 4.3836599111e-02 5.3937082122e-04
4.4544980264e-02 -1.9975944884e-01 -2.3966622353e-01 -5.4599193492e-03 -4.2922341578e-02 -1.2256716693e-01 -2.2319914369e-01 -5.7774991608e-02 -3.1569288717e-02 2.4498286229e-01 -3.2118713449e-02 1.7529053016e-01 -2.0828478276e-01 1.6652526167e-02 6.4611618593e-02 7.6992193277e-02 2.5432673205e-01 -6.0714227753e-02 1.2615876144e-01 -1.8230393255e-01 -8.5231416374e-02 -3.5163430174e-01 2.4502652313e-01 7.2079289716e-02 -3.9822123329e-01 -5.1600777257e-02 1.8348388556e-01 6.3640494293e-02 2.0649021672e-02 -2.5447386843e-01 1.5396524644e-01 1.1106939101e-01
7.2893873624e-02 -5.0474731929e-02 -3.3466360170e-02 2.0670966680e-01 -1.9092620149e-01 -1.3852999067e-01 1.0491038402e-01 1.3779620234e-01 -1.9165595779e-01 -2.9455132139e-01 -5.9057531980e-02 1.1831781611e-01 -7.3377801887e-02 -1.0257494661e-02 1.4333488894e-01 -4.7528442369e-02 1.1513990024e-01 -1.7636893599e-02 2.5315002314e-01 4.3123434641e-01 7.5009404394e-02 -4.2527848725e-02 -5.3881064255e-02 -2.8610719046e-01 8.7805177042e-02 -1.8084753377e-01 2.8616838701e-01 1.8642586561e-01 -1.5104271901e-01 3.6115150755e-02 1.2668777241e-01 -1.3421737750e-01
1.4832743291e-01 7.3369736255e-02 3.2405705713e-01 -6.5230414712e-02 2.0073758743e-01 5.2749576207e-02 -2.8749636210e-02 1.4619697451e-01 -1.9791540704e-01 -2.8142628668e-02 1.3499251460e-01 3.3709568986e-02 1.9047882769e-01 5.0278999750e-02 -3.9688672357e-02 1.1498851736e-01 6.8652557565e-02 1.5814892684e-01 -1.8137198771e-01 -2.3122137185e-01 1.8207407216e-01 2.2409956514e-01 7.4829941206e-02 -2.8322081604e-01 2.3981097782e-02 1.0072675031e-01 -1.3607094228e-01 -2.3871329488e-01 -1.4519218561e-01 -1.7584831146e-01 -2.5734543586e-01 -1.6257304736e-01
-2.1618926357e-01 1.0310955372e-01 8.7492421045e-02 -1.9360239821e-01 1.5668531444e-01 -8.3485478218e-02 1.6743702186e-01 -3.5908428530e-02 1.0371820842e-01 -2.3886693539e-02 -8.3880745133e-02 2.5811283209e-02 -1.9635020513e-01 -5.2446065426e-02 1.0806841996e-01 -4.3441771970e-02 5.4180248880e-02 -9.8022174845e-03 1.3761028677e-01 5.2018070048e-02 2.7519364623e-01 1.0835200559e-01 1.3440457291e-02 1.2101676835e-01 -2.3928205175e-02 -3.3647328180e-02 -1.5533110249e-01 1.1607239274e-01 6.9140461715e-02 1.8916617593e-02 7.6003730994e-03 4.2483082593e-02
-1.2625346330e-01 -1.7105370255e-02 -3.2196587889e-01 1.0740547606e-01 -3.5891694807e-01 -2.6556763563e-01 -2.5547125286e-01 -1.5795729552e-01 6.8628305032e-02 6.6569059148e-02 -3.7674747957e-02 -1.0432468366e-01 -2.7066977796e-01 1.1337439933e-01 3.5545617444e-02 2.3799138363e-01 -8.1571636279e-02 1.5190523741e-02 -4.7868733906e-03 1.6016121004e-01 -1.2604180334e-01 -1.9681801384e-01 4.4093282532e-02 2.0335834990e-02 -1.5988289887e-01 -2.0800134540e-01 2.1408766602e-01 2.8620700612e-01 1.4045291474e-01 -1.7014440776e-01 -1.9397857857e-01 -8.9730478165e-02
5.9196813229e-02 -3.3643554037e-02 7.2504033469e-02 4.7226991897e-01 3.3755927581e-02 -3.9824848935e-02 1.4988441374e-01 3.0219343950e-02 5.1144422246e-01 -8.4307709204e-02 3.9099089674e-01 -6.3107140935e-02 1.9599155711e-01 2.7666632002e-01 -6.1919607834e-02 -2.6081196646e-01 1.5661278507e-01 2.2033348598e-02 4.8107497223e-02 -9.5848163271e-02 -1.8760010769e-01 -1.2534068067e-01 3.9746651807e-02 1.3043759310e-01 5.0360599454e-02 2.9315521185e-01 -1.7769324637e-01 2.2921421217e-01 -1.2181027239e-01 8.6068756170e-02 1.1517082918e-01 1.2018589620e-01
2.5072512465e-01 -1.3270498474e-02 -4.3740880083e-02 -1.7265124984e-01 8.3565377824e-02 1.2105447474e-01 3.4722586815e-02 1.4796412656e-01 1.5950122234e-01 -8.6265571349e-02 8.4592813215e-03 1.1819627004e-02 1.8540274338e-02 -2.7319502709e-03 2.8729045129e-01 -1.5510544787e-01 4.5451159466e-01 1.3172228962e-01 1.9167062234e-01 -2.2834818809e-02 -2.6583125566e-01 3.8470065588e-01 -2.8543450270e-01 3.5556164931e-01 7.6261337750e-02 -2.2561346250e-01 -3.2540278362e-01 1.1165444095e-01 -2.6843762451e-01 -6.4337023174e-02 -2.9033011712e-01 2.4025172014e-01
4.8680828733e-02 -1.2576948028e-01 9.7097969972e-03 -1.0621091015e-01 -8.6066834192e-02 -5.1946217280e-02 -1.2157552245e-01 -1.8131623203e-01 2.1215298618e-01 1.6065441139e-01 -1.7890576885e-01 -1.5907554201e-01 3.0178754268e-01 -1.1092133583e-01 -5.0386242730e-02 2.9514142401e-01 -5.6815574637e-02 -3.8158487892e-01 -1.4615286490e-01 -1.6942057498e-01 3.1472283384e-01 2.0214015110e-01 -9.0089162257e-02 8.9527001462e-03 2.6424434854e-01 3.4716887756e-01 1.7648510297e-01 1.5384330996e-01 -5.8576909819e-02 1.7214570734e-01 -7.9697836413e-02 -3.9717234065e-02
3.8391725833e-01 4.8346307802e-02 2.9754118444e-01 1.4533283289e-01 1.3965961714e-01 -3.9450013061e-01 2.3323542274e-02 -3.8856667333e-02 1.4546077275e-01 -3.8298577315e-02 5.0769458902e-02 -9.7977907053e-02 1.6165502894e-01 1.9778128208e-01 -7.6463924723e-02 2.8429840858e-01 1.6533149542e-01 1.0352612381e-01 3.0603330951e-01 -3.1506905131e-02 -2.7984493121e-01 2.8632362780e-01 -6.0823053498e-02 2.2378190273e-01 3.3326272016e-01 6.0668460323e-02 -1.1822395704e-01 5.3647351104e-02 1.5693054932e-01 -7.5621358200e-02 -2.7210547904e-01 5.0029463822e-01
1.3933237411e-01 -3.9176348927e-03 3.3147602275e-01 1.5178228511e-01 6.2359094171e-02 1.2094244817e-01 3.1147372408e-01 -3.6945455909e-03 1.2931196486e-01 -4.7711880926e-02 1.0931031073e-01 3.7159963958e-02 1.9940450997e-01 -3.8623244959e-02 -3.6843548588e-01 4.1213419054e-01 4.1088496730e-02 1.3519128513e-01 -6.6815169277e-02 -2.0142645639e-01 -2.6750501559e-01 -1.2768429548e-01 -4.3916276165e-02 2.9447435361e-01 -2.1817739861e-01 5.7681611848e-02 -2.0055019839e-01 4.8150427585e-01 8.0812585219e-03 1.4081057352e-02 9.8031784510e-03 -1.5722667129e-03
1.6062004843e-04 -1.2050684402e-01 -2.2172135785e-02 -1.3381163010e-01 -1.7326809983e-01 2.9362598459e-02 9.8141869580e-02 2.2957004391e-02 -2.4503069432e-01 2.4466433288e-01 -3.7953402428e-02 -1.0686397815e-01 7.3842699389e-02 -9.3853643722e-02 -3.4897981310e-02 1.2896780533e-01 -1.2084657725e-01 -4.4429125244e-02 6.5596660101e-02 2.7795812595e-01 -4.5507741275e-01 3.6636504419e-01 3.4024812745e-01 -5.3920521524e-02 1.4803853129e-01 -2.2215071785e-02 -3.9619683940e-01 2.7305927318e-01 6.3885262967e-02 -4.1158973464e-01 2.6859927855e-01 8.0663529291e-02
-6.8928461771e-03 -2.6431856938e-02 -2.1062548384e-01 -1.2699026966e-01 3.1178220184e-02 1.3506694802e-01 -1.2908485568e-01 -6.4367839957e-02 -1.7068758519e-01 7.2389018855e-02 -2.6422307701e-01 3.1071541022e-01 -1.0531255015e-01 2.6315397883e-01 -4.4245927166e-02 -7.8810249838e-03 1.9159142022e-01 -3.3210568772e-01 -4.3829181899e-02 -2.1479775663e-03 1.7003110278e-01 4.8780171337e-02 1.9317363847e-01 -2.4208502127e-02 3.4401261297e-01 -3.4047280027e-01 -5.9890657207e-02 -1.6943083501e-01 1.5004311285e-01 -3.5165831097e-02 5.1280514662e-01 -1.9199143251e-01
-1.7635043430e-01 -1.5899251613e-01 -1.9116453582e-02 -4.0240337294e-01 3.1398474934e-01 1.9421164094e-01 1.9537897503e-01 -5.2863574008e-02 -1.0761392246e-01 2.4181582265e-02 -2.6193229435e-01 -2.7721073363e-01 -1.6529550289e-01 -2.6698642163e-01 -2.1423221818e-01 5.5090308619e-02 3.4186746128e-01 1.6215870434e-01 -2.1077237046e-02 3.4938895580e-02 -1.4404789777e-01 1.4768465340e-01 1.2314398263e-01 1.2676113177e-01 8.4537439366e-02 -1.5423359049e-01 9.0205642627e-02 8.0468230356e-02 2.0630553061e-01 -3.7277077709e-05 -1.9122725525e-01 -1.7358172860e-01
-1.6085441886e-02 1.8892532517e-01 -1.2193358987e-01 1.9401876246e-02 1.5911596764e-01 1.5972963351e-02 2.0204824294e-01 3.7028650300e-01 9.7756880811e-02 2.6685212762e-01 -5.4187841471e-03 1.5871660382e-01 2.1765471536e-01 9.8390350437e-02 -5.2776956479e-02 4.0574820227e-02 3.0624801984e-01 1.6194878803e-01 -1.1216192735e-01 6.0513895860e-02 2.5731634121e-01 1.4011400140e-02 6.5834593140e-02 2.4006118784e-01 1.4928651130e-01 -5.8607974383e-02 -2.4187550037e-01 7.6512651670e-03 -2.0334123812e-01 3.2326341164e-01 1.8469321518e-01 -4.8406218921e-01
-2.9469536646e-02 -2.3188024465e-01 3.6141194169e-01 1.3140215566e-02 1.4216397418e-02 9.6298863820e-02 -1.1328462888e-01 -1.1120635023e-01 -5.5787778268e-02 2.7264208089e-01 1.7779012054e-02 -4.1817778734e-02 -1.4721830691e-02 2.9744912149e-01 -1.7721683151e-01 -3.4403508785e-02 -2.6489497536e-01 1.9643780228e-01 -3.1049800256e-02 -3.7632513496e-02 1.2147772627e-01 -4.9829480092e-02 -1.4784386516e-01 1.5754333889e-01 -9.7048434051e-03 2.2446872704e-01 -7.2066417862e-02 -2.9174449345e-02 2.7398812918e-01 -3.4252810348e-01 -1.4501604622e-01 -3.5789242434e-01
1.9138376370e-01 4.9805711767e-02 6.7285378179e-02 -3.1146073441e-02 -3.9256707180e-02 -2.5098206977e-01 -1.4861412008e-02 1.6397687456e-01 -3.5854143167e-01 4.8594841865e-03 -4.8850362050e-02 -1.2541267129e-01 1.3519106346e-01 -1.4535749030e-01 4.0787989517e-02 -7.9771931634e-02 -1.4638779692e-01 -2.3251072325e-01 -2.1753075951e-02 -6.7429832565e-02 -1.2969506415e-01 1.5663094869e-01 -2.3361625945e-03 2.3974298106e-02 2.0851673611e-01 -1.0267103518e-01 -8.2960749059e-02 1.3791384974e-01 2.9449664722e-02 3.7023491917e-01 -1.8017643165e-01 3.5816777134e-02
-8.5017493971e-02 -1.6352863858e-01 4.0220526500e-01 -1.5063042214e-01 1.2303616906e-03 -2.3926239930e-01 5.7844962085e-03 5.9479638901e-02 -2.8574394059e-01 -2.7468818514e-02 8.7370070239e-02 1.2278180796e-01 1.2710785499e-01 -5.4301051582e-02 1.0055297722e-01 1.7384113649e-01 2.1918244718e-01 -2.0758366612e-01 -3.2404559088e-02 -8.8995169556e-02 -8.7001916811e-03 4.8185804153e-01 -1.0433578146e-02 -5.2934546334e-01 -4.6367846311e-02 -5.1162308805e-02 -7.7405425462e-03 2.6152796090e-01 1.9647923705e-01 -2.1286263690e-01 1.1359036941e-01 -6.3994304921e-02
1.8673035039e-02 2.8064886196e-02 -4.3137110164e-02 1.1913917892e-01 3.1651419091e-02 -2.8289942558e-02 1.7780420656e-01 -3.3837793238e-01 -1.6826531311e-02 -1.9099777140e-01 6.7429367065e-02 1.9111417896e-02 -1.3516790296e-01 4.4255699414e-02 4.2470106111e-01 1.1608820664e-01 -1.2512556967e-01 7.2647754646e-02 -2.3828513722e-01 -2.0766018907e-01 -3.1996408254e-02 1.3574964005e-02 -2.7890424047e-02 6.7188555814e-02 2.6326924242e-02 1.8624354121e-01 -1.7125582364e-01 5.6009570875e-02 -2.9731988269e-01 -3.1516236386e-01 3.5101272491e-02 -6.8960395663e-02
-2.2257468936e-01 -2.3885683111e-01 -9.2453553021e-02 1.8531476364e-01 6.5638423349e-02 -1.1433368467e-01 1.3130728585e-01 1.6543883387e-01 -2.3184508967e-01 4.8090229497e-03 -1.1652062070e-01 9.7222315403e-02 -3.9621415334e-01 3.0345885023e-01 -1.4599002540e-01 -1.5936712244e-01 2.4343435788e-01 -2.0508938055e-02 -1.9596538210e-01 2.6412730106e-01 1.5890826237e-01 -8.4370408877e-03 4.3030563714e-02 4.1912355173e-01 -1.1214235987e-01 -5.4167311886e-03 -1.3268425152e-01 -1.2044437313e-01 2.7893396988e-02 -5.7949850814e-03 1.8516612249e-01 1.4551657573e-01
-2.6895415846e-01 1.7807749579e-01 1.3720641079e-02 -9.3407305819e-02 7.3753103154e-02 6.8823167625e-02 7.0362040393e-02 -7.6884381048e-02 6.3657914717e-02 3.3338873590e-01 1.7631715498e-01 -7.3353298855e-02 3.6851763728e-01 -1.9477571766e-02 -1.7816519207e-01 -1.9550331098e-01 -2.0471514219e-02 2.1318956865e-02 8.1272838026e-03 1.9341027311e-01 -9.3426053616e-02 -2.0386322304e-02 -2.4344778773e-01 8.8550039845e-03 -6.6464993522e-02 -1.6644371031e-01 -2.5959837478e-01 4.2346431158e-02 -1.8101937861e-01 3.5054460511e-02 2.0482990904e-01 1.5424437922e-01
7.6041242967e-02 4.4489081036e-01 -1.1550944141e-01 7.2503299974e-02 -1.6604823821e-01 -1.7753951110e-01 -3.3758632924e-01 -9.4042586709e-02 -2.3093356209e-01 -1.1384368955e-01 -1.4631488859e-01 2.2331831099e-01 -1.1935722347e-01 -5.1260078896e-01 -4.3173939411e-02 2.5582104862e-01 9.9570144144e-02 -6.2523062923e-02 -1.7322652355e-01 1.6976374622e-02 -3.5135819342e-02 1.5906786887e-01 -1.1606315762e-01 5.0118807691e-02 3.3658438074e-03 -1.4973771018e-02 2.2159890074e-01 -1.1709548827e-01 4.6030501246e-01 -3.0147619802e-01 -2.4171223207e-01 1.6677689913e-01
-7.8626969304e-02 -2.1890090871e-01 -4.0433164986e-01 -8.4571687211e-02 1.7688244989e-01 -1.8177805297e-02 3.1166844834e-02 1.0881589813e-01 1.9053235864e-01 -1.7613029892e-01 9.7092749016e-02 -4.5214632049e-02 -2.2207304462e-01 -1.6874599251e-01 7.3269952936e-03 -1.3643034809e-01 1.4969603661e-01 -1.4628649768e-01 1.0882539691e-01 1.9236865090e-01 -2.3258283374e-01 1.0889546589e-01 1.3775636389e-01 -3.3725138991e-02 -1.4854814081e-01 1.3236155588e-01 -1.5096906616e-01 1.1254996091e-01 -1.0434373061e-01 1.8250183295e-01 9.7737690920e-02 1.3790642197e-01
3.4356930289e-01 -3.9567021941e-01 -8.6021860007e-02 -1.1979923142e-01 -1.9156494242e-01 -1.5244126871e-01 3.2647354720e-01 1.4488059329e-01 -6.5382365668e-02 -1.3696468126e-01 -1.5627688519e-01 1.6129016901e-01 -9.4794502428e-02 -1.8691818092e-01 2.3303786787e-01 -1.9603970565e-01 2.6322598610e-01 6.4971686680e-02 -2.2725003088e-01 1.2623651728e-01 2.1329181917e-01 7.4699910906e-02 1.3357838376e-01 -6.6524846595e-02 -1.2896990944e-01 2.3374544074e-01 1.5258154583e-01 -8.8201276762e-02 9.1469914643e-02 -1.5857578590e-02 1.6676209157e-01 -7.5677287695e-02
7.4166219173e-02 1.3879120580e-01 1.9300946293e-01 2.8788966494e-01 -2.4476817129e-02 1.9453709199e-01 -9.5718374625e-02 1.3456970298e-01 -2.5992497851e-01 1.0325590912e-01 -1.0822832428e-01 4.4035620768e-02 6.9521682853e-02 1.0969875271e-01 -5.8066759211e-02 8.6418141947e-03 -7.1020088044e-02 2.1944359209e-01 1.9137685154e-02 -1.1772161601e-01 1.1825434435e-01 -2.3835857840e-02 4.5999285379e-02 3.6972115345e-02 4.2134603703e-02 -8.8161685488e-02 -1.1140919018e-01 2.9977403001e-01 -1.7634883499e-01 -2.5124461401e-01 -1.0493016329e-01 -2.0356188241e-01
8.8003025049e-02 4.1190858252e-01 1.1699332495e-01 1.0285635243e-01 1.1536525845e-02 -2.3195564870e-01 1.1936522623e-01 -6.9358341653e-02 2.5269127017e-01 6.7372410491e-02 1.9348004544e-01 -1.5192436204e-01 -2.9185324834e-01 1.8810915125e-01 -1.9259245251e-02 1.5107363548e-01 1.4720685979e-01 1.6193271984e-01 5.8056429900e-02 2.9164595388e-01 3.4640674786e-01 -1.3276919160e-01 2.1851369469e-01 2.4652201379e-01 -3.3089450340e-01 8.0222850208e-03 -4.3720379422e-02 -3.4359873855e-01 -1.7922441049e-01 -8.3208472818e-02 3.2001714664e-02 9.2068705873e-02
1.6502158835e-01 -1.5490357573e-01 1.0005900987e-01 3.3279078712e-01 1.4258214158e-01 2.2851021295e-03 -6.3975277085e-02 3.5732997958e-01 -2.7278167122e-02 -1.0868567269e-01 8.4034330110e-02 -7.6403472274e-02 -3.8851914472e-03 -1.7158073702e-02 3.7848204876e-01 7.3224343695e-02 3.2750927388e-01 1.6874857401e-01 -4.8128768181e-02 7.7615323450e-02 1.7565029422e-01 -1.8167469892e-01 7.7134962471e-02 -2.5781817279e-01 -2.0910477505e-02 1.3400262740e-01 1.3936317470e-01 1.8046947096e-01 2.2358820440e-01 -4.5943543920e-02 -9.3127106886e-02 -7.5756300246e-02
6.5842078054e-02 1.8652728999e-01 -2.2439933499e-01 -1.4658498222e-01 1.2598856706e-01 -2.0060323036e-01 -2.4334617875e-02 -2.4499466409e-01 -3.6380951402e-02 -4.6656187016e-02 -3.5089168492e-02 -5.2102306617e-02 3.5862295806e-01 1.0412632502e-02 -9.6190916321e-04 1.1570923010e-01 -8.4670789975e-02 -3.7000479013e-01 4.0981419514e-03 1.6548712992e-01 -8.6452692295e-02 1.0628111867e-01 2.8854872141e-01 3.2393864923e-01 2.3742522973e-01 -5.9222293338e-02 -2.1383970622e-01 8.1732122118e-02 -7.0066490128e-02 1.0818556699e-01 -2.1143440225e-01 1.3010382506e-01
-2.1984797457e-02 1.7181476431e-01 4.6019563887e-02 2.1516706150e-01 -8.3695739829e-02 4.6506685369e-01 1.7537502550e-01 -1.5617319475e-01 -1.2114811514e-02 -1.9157699749e-01 -4.2231227359e-01 -1.0675602285e-01 2.0320824403e-01 -3.3625993447e-01 9.5662101734e-02 1.9215792536e-01 -1.9981909716e-01 2.3030474276e-02 -1.2611063932e-01 -3.4641743370e-02 7.2615770105e-02 -3.0298629982e-01 -1.5635399706e-01 -1.0321423693e-01 2.4502757570e-01 2.2385499257e-01 -9.7871942356e-02 -8.8460073931e-02 -3.8128017231e-01 8.2349009409e-02 5.3751388367e-03 -2.8944357781e-02
-2.6212056012e-01 -2.5164258581e-01 1.4611715580e-01 -2.6225173970e-01 2.9824941629e-01 4.2815447791e-01 -4.6406780051e-01 -3.2258343613e-01 -6.3882405584e-02 1.9213386946e-01 -1.6481533762e-01 2.0837688518e-01 -1.2737712189e-01 2.5556844440e-01 -3.6779512382e-01 -2.7189769490e-02 -3.6733235227e-01 1.0405862525e-01 2.5862046660e-01 1.5043573670e-01 -1.5787390196e-01 -8.2900815232e-02 -1.9807754036e-01 1.5653574674e-01 1.4072923677e-01 1.4674127637e-01 4.4433307813e-02 -1.3624251827e-01 -4.8314995691e-02 1.1280682582e-01 6.7872342963e-02 7.4341398167e-02
-1.6368597064e-01 -3.8930334343e-02 -1.3886295030e-01 9.4601788385e-02 -1.4230892180e-01 9.1374320688e-02 -2.1176599018e-01 -4.6783951107e-02 -3.1452380244e-01 -4.5992305414e-02 -5.1986889353e-02 -7.4677650393e-02 -3.2474782074e-01 -6.9683977829e-02 -8.1783279162e-02 2.3427518165e-01 2.6694067450e-01 1.3506395442e-01 -9.0575420236e-02 2.1685998974e-01 1.0275297876e-02 -2.6511659390e-01 -3.2865776360e-02 -1.3790890669e-01 -3.1682815489e-01 -4.0230212530e-01 4.3446820670e-02 -9.7842826426e-02 2.0670083396e-02 -9.3621100664e-02 6.2404706590e-02 -7.2426068677e-03
-1.2093403684e-01 -2.2534167387e-01 -7.0730275887e-02 1.8400701072e-02 7.9906310483e-02 -5.2504711889e-02 -1.9619538112e-01 1.5261722708e-01 -3.1693338526e-02 1.8730260039e-01 -1.3838999968e-01 -1.7446315322e-01 8.1282814284e-02 2.2892247254e-01 5.3850957207e-02 -3.0166703346e-01 1.3406231929e-01 8.3888795259e-02 1.7003649017e-01 -7.3796023825e-02 -2.4078765437e-01 1.2988434729e-01 -1.3998401334e-01 -6.9099497997e-02 -1.5188587497e-01 8.3050784152e-02 5.9668988461e-02 -1.6398409537e-01 2.1621911909e-01 -2.9761001350e-02 1.4360125724e-01 1.9801318896e-01
