-7.1197716815e-02 -1.5162814103e-01 1.6056411960e-01 -6.9667361140e-02 4.0985958502e-01 1.4199999455e-01 -1.9438015480e-01 2.8467637932e-02 1.6489773837e-01 -2.3027714209e-01 -2.0082659826e-01 6.4399451860e-02 5.0234081869e-01 -2.9035509781e-02 1.8443439032e-03 1.1527677346e-01 2.4234706446e-01 -1.1212860642e-01 -8.1850850814e-02 -1.7632318151e-01 1.8812779011e-01 -6.3737758612e-02 3.6237179394e-01 1.1198539975e-02 -2.7358535873e-01 6.0471011456e-02 2.3761497340e-01 -2.0006282068e-01 4.8973162450e-01 -2.2412624156e-01 2.9951128976e-01 -7.7052823774e-02
-1.1590659839e-01 2.4695656292e-02 -3.3544219673e-03 4.5947176495e-01 -7.3978629769e-02 -2.1341067431e-01 -2.3665656896e-01 -1.3052562347e-01 -1.3601158981e-01 -3.4346311099e-01 1.9952950164e-02 -2.1418692189e-01 3.5320960394e-02 -2.1945990349e-01 6.8678593955e-02 1.3454349705e-01 -2.0415367994e-02 3.7991431516e-02 -7.8932296121e-02 9.8815958094e-02 7.2886192425e-02 4.3801928770e-03 -1.3713531003e-01 1.3500775615e-01 2.6467912346e-02 -1.1090856963e-01 1.4455135252e-02 -2.6339042461e-01 6.5005006447e-02 -9.6989352925e-02 3.0240874193e-01 2.5677811234e-02
-1.2958600946e-01 -1.2458955767e-01 -5.3743732133e-01 -3.7098388646e-01 1.9612498003e-02 -1.5025262298e-01 -3.7411042243e-02 3.1131680481e-01 5.8359680934e-01 -2.0128232004e-01 6.7170968596e-02 -2.3756242429e-01 -5.8047602822e-02 5.5830718690e-02 -2.5377293142e-01 2.1436841308e-01 1.2029728686e-01 -5.0967238884e-01 1.3529843473e-02 -2.3315639925e-01 -2.1956920706e-01 -2.0809504245e-01 4.0537400561e-01 -9.7756156784e-02 -3.9907070736e-01 2.6767022767e-01 -1.7202977708e-01 -1.9839965484e-02 2.0357174901e-02 4.2054886292e-01 1.8786340173e-01 4.0488756959e-02
-1.3402783187e-01 2.9659905612e-01 -1.4622695006e-01 -3.4126709988e-01 -1.0616209628e-01 1.9891870512e-01 9.3985092359e-02 -2.5427387343e-02 -2.1437800577e-01 1.3437243102e-01 4.1686174055e-01 2.5626672214e-01 1.8572983410e-02 1.3596239712e-01 -2.4309190041e-01 -7.6264023042e-02 3.5002247589e-02 1.1039693518e-01 2.6652558914e-02 -1.2486066013e-01 3.3900987003e-02 -1.3432866710e-02 -4.1845284238e-01 1.1052042148e-02 -2.9163217924e-01 -2.4568638956e-01 4.2170942237e-01 5.3638321123e-02 -2.1891910277e-01 8.1331564841e-02 -2.8951573295e-01 1.3550247578e-01
3.8792917067e-01 -2.9436522467e-01 -2.6518250834e-02 -2.3239807964e-02 -1.7789703058e-02 2.5659484033e-01 -6.5784746697e-02 -8.6696923293e-02 -4.2489516445e-02 -2.5008334631e-01 -1.9535479360e-01 7.5498018029e-02 -1.2221905652e-01 -1.1473606344e-01 1.6882820896e-01 1.5675231340e-01 2.6125175815e-01 1.7329339841e-01 -1.1553250188e-01 -4.3602703586e-02 2.6689757651e-01 1.6553822557e-02 -1.9552224201e-01 -3.3785544009e-01 8.6150739799e-02 -3.7389387859e-02 -8.1779919660e-02 1.0892361774e-01 -9.4276200560e-02 -7.5892630746e-02 -1.8932303208e-01 -1.7155488435e-01
2.1594720610e-01 1.6495954715e-01 1.3537220862e-02 -2.0724025612e-01 -3.3843273754e-01 1.3343973641e-01 2.1226107973e-01 -3.8841696082e-01 -1.9895131357e-01 -9.7197574764e-02 4.3729008831e-01 -1.6167099307e-01 -1.6017488225e-01 -1.6729937930e-01 -1.7188766012e-01 5.9762599583e-02 -9.5164839640e-02 -1.3176789654e-01 -2.3235269352e-01 2.2009779084e-01 -1.7553359707e-01 2.0417327470e-01 1.5700959013e-01 1.9705360970e-01 -4.5404455579e-02 -4.3976433319e-01 -2.2746446141e-02 -2.9183621317e-02 2.6125694369e-01 3.1863341948e-02 -1.0478866721e-01 -1.0717197524e-01
-7.6673828353e-02 -1.7065995060e-01 -7.1681323827e-02 -2.2623882313e-01 -4.4592140225e-02 -1.6236432165e-01 1.6070489095e-01 2.4504866141e-01 -1.8103766659e-01 -1.5160260310e-01 7.2092505342e-02 3.5147723271e-01 3.6923983651e-02 -7.0596777932e-02 -1.7450076960e-01 3.5586714744e-02 1.9041896329e-01 -1.0450928494e-01 -2.2568009739e-01 -9.4792186022e-02 9.2820325479e-02 -1.2858591790e-01 1.2865685118e-01 2.2846697479e-01 -1.0568193240e-01 2.4567865065e-01 3.1067821073e-01 2.7407641052e-01 1.8303916245e-01 4.2620252340e-01 1.3110792322e-01 1.6968949658e-01
-1.9507044332e-01 -2.0980897100e-01 -6.3375396781e-02 1.1453200697e-01 -9.6172770682e-02 -3.0873843469e-02 1.1920261932e-01 -2.3827614025e-02 4.5174977315e-03 -2.4851108133e-01 6.2011239037e-02 -3.2660852627e-02 -9.8512104549e-02 2.3409491567e-01 4.3097038222e-02 -6.4520013828e-02 -1.2972740775e-01 -8.9872390080e-02 -1.1066480384e-01 -2.1761487297e-01 2.3017179522e-01 3.9044956725e-02 6.6787793983e-02 1.8152224178e-01 -1.5289788693e-01 -1.4687638111e-01 5.8983562581e-02 1.7921315957e-01 -7.4318620325e-02 1.4548244970e-01 -3.4682806955e-01 1.6932621403e-01
-2.1591380140e-02 -2.8641643890e-01 3.8022602935e-02 -3.4491905715e-01 -3.3316610713e-01 2.7310603087e-01 -4.4759359353e-01 3.7461569579e-01 6.6452099776e-02 -1.6700835162e-01 6.7184139920e-02 -1.2950263823e-01 7.1008973889e-02 6.0966552941e-02 -1.2137149866e-01 -1.8066083210e-01 2.4504189622e-02 -2.6697587047e-01 -9.3825820786e-02 5.0604006085e-02 -4.5058807835e-01 -6.8206736276e-02 2.0287124416e-01 9.0665291758e-02 1.6493596254e-01 -1.1418177618e-01 1.5179151782e-01 -4.4345683021e-01 9.3727300013e-03 -6.3635567097e-02 -2.8439826598e-01 -2.8338831797e-02
-7.1374611878e-02 -1.3822931088e-01 -1.0175889316e-01 5.8510685021e-02 1.2438346744e-01 -5.9643381360e-02 -1.6160692639e-02 4.3849144160e-01 5.9188313695e-02 2.1347154435e-01 -2.9268918150e-01 3.4909695494e-02 7.3043046488e-02 4.8297070011e-01 2.8656884102e-01 2.2782748973e-01 -1.1962921090e-01 3.5296851750e-01 -2.0594478481e-01 -1.1089598689e-01 -1.5154696662e-02 -3.8180123270e-02 4.6698775201e-03 -2.3643951035e-01 -2.6810678089e-02 1.5423517020e-01 -6.5310145905e-02 2.6605810855e-01 -8.8262083420e-02 -1.2870089146e-01 3.6623679247e-02 -9.5918684979e-03
-2.5658141974e-01 2.9088812315e-01 -3.6299796973e-01 -1.4682252407e-01 3.2470298250e-02 2.4043871885e-01 -2.1236117322e-01 -1.6310442187e-01 5.4818060734e-02 -1.6318419451e-02 -2.0819739897e-02 -9.6561429925e-02 2.2338050642e-01 -8.4360491835e-02 7.6153209684e-02 1.4400605359e-01 -1.1087072880e-01 -2.2767412202e-02 -2.5264102729e-02 7.7798100798e-02 8.6744402080e-03 -2.2170972557e-02 -1.2737176836e-01 1.8095308679e-01 -2.2639903229e-01 1.8777400616e-01 -3.6963909734e-01 -1.2857732191e-01 -1.3339385590e-01 -1.4381043778e-01 -1.9526797783e-01 1.6208346284e-01
2.3497261212e-02 2.3678392020e-01 1.9947653229e-01 -2.4495684768e-01 1.7695952953e-01 -1.5808484824e-01 -1.0076699268e-02 2.5476437069e-01 8.1017519367e-02 -2.8200051447e-01 -1.7081700087e-01 5.6720882815e-02 2.6055927692e-01 1.4189860311e-01 -1.9458874061e-01 -2.6515247437e-01 9.5099287703e-03 -5.9350185386e-01 -1.8630198923e-01 7.5463140609e-03 7.1953636193e-02 -1.2722940515e-01 4.9226486423e-02 1.2096234024e-01 -1.6544937966e-01 1.4705714035e-01 2.5794626828e-02 5.5760949342e-01 2.2188402771e-02 -1.1051717941e-01 -2.3691172331e-01 -8.1698180502e-04
4.1368450584e-01 -2.9827038363e-01 -7.3059181755e-02 1.9866124960e-03 -3.0221634057e-02 -2.3999867075e-01 2.4699693301e-01 -2.3213170093e-01 1.4108673190e-01 -2.2016890504e-01 -1.1576704790e-01 -5.2840817123e-02 -5.6856502615e-02 3.2768230875e-01 -1.2246793602e-01 2.4205710100e-01 -1.6797359963e-01 -5.7950846098e-02 2.0177790993e-01 -2.1094650702e-01 1.2216322438e-01 -9.6229369022e-02 -1.3331695338e-01 1.8719877184e-01 -3.1471175318e-01 4.0330806119e-01 -3.2195020091e-01 -1.5516947416e-01 -3.3541380671e-02 -2.0949101638e-01 -2.3678964092e-02 9.1415074221e-02
-9.8706352064e-02 -9.7152295571e-02 -6.9571629042e-02 3.3398691447e-01 -4.2195172826e-03 2.8837457377e-01 -1.0131329135e-01 2.3457925201e-01 -1.6234426025e-01 -2.3365611536e-01 3.9751034895e-01 -7.4753298967e-02 -2.6433447329e-01 -3.4220059013e-01 -1.3571781396e-01 -1.4047895737e-01 4.1435375510e-01 -8.2310755237e-02 -1.3432142435e-01 -2.3348107962e-01 9.4975362056e-02 1.3112730239e-02 -1.5715546663e-01 -1.3031407431e-01 1.2460557541e-02 -1.9640110344e-01 2.5121485794e-01 4.1447294033e-02 -1.3839625403e-01 2.4754884797e-01 -2.2078579168e-01 3.2571848194e-01
2.8880526542e-01 -1.4905003467e-01 1.4767912363e-01 -6.1101180178e-02 -1.4608859017e-01 3.5193108685e-01 1.8839978720e-01 1.5954528552e-01 5.4823674050e-03 -5.9781851610e-02 1.4593968963e-01 -1.9388451755e-01 9.4350794010e-03 -6.9111850198e-02 2.1642095980e-01 -2.9047949900e-01 1.4503122932e-01 -2.1645326078e-01 3.0735469082e-02 -3.2260387056e-01 1.3159684868e-01 -1.5178632852e-01 1.8080654660e-01 -1.1941122546e-02 8.4003092132e-02 2.1677975538e-01 2.3905102826e-01 -5.6429849215e-02 -1.1049629677e-01 -1.5692553226e-01 -1.0132414998e-01 -7.3586662428e-02
1.0346557823e-02 -1.1892661042e-01 -2.3478172490e-01 3.9930649272e-02 1.2927555434e-01 -3.3834036206e-01 1.0218505784e-01 2.8995140214e-01 2.5507057516e-02 1.2442525509e-02 2.4292923621e-01 1.2374085051e-02 -1.1342494897e-01 -1.2361168100e-01 -1.4370910369e-01 -1.9138663221e-01 1.8927499426e-01 3.5457447065e-01 -9.0616408812e-02 -1.8297427442e-01 1.5875895495e-01 -4.3372304360e-02 -2.4306483666e-01 2.0113924737e-01 1.0903970897e-01 -8.6946212959e-02 3.3906021844e-01 8.2817410199e-02 1.1652709800e-01 1.5002458504e-02 -3.6535897767e-02 1.6906946151e-01
-8.2527529688e-03 -9.6743610955e-02 -4.2395711602e-01 -2.5127692481e-01 7.3191880300e-03 4.9366806905e-02 -5.4038300177e-02 -1.7258122182e-01 1.7023680045e-02 6.2015210528e-02 -7.9588160162e-02 -4.7296496206e-02 -1.1528323981e-01 2.3773042663e-02 -5.3528262869e-02 1.8644507267e-01 -1.0729344050e-01 -8.1761528436e-02 8.0738665280e-02 4.3917531138e-02 -6.2653683160e-02 5.2487824404e-03 1.0082218433e-01 -2.7042708297e-01 -1.1782123327e-01 -4.1856515605e-01 3.2040115538e-02 9.0839915846e-02 7.7710501479e-02 1.6310428765e-01 3.8302985125e-02 1.4721471735e-01
-1.7903430653e-01 -1.3513944550e-01 -4.9755747029e-02 4.4354305866e-03 2.6111598947e-01 -2.2544943761e-02 5.0496636897e-02 -2.2615039077e-01 -6.2834562362e-02 2.4721820079e-01 -1.3381190743e-01 1.2158175307e-01 9.0348373905e-02 2.3446692190e-01 -6.4477484393e-02 4.7406409245e-02 -3.0598029203e-02 -8.9115102793e-02 -3.9156236176e-02 8.0742863999e-02 -4.8798763101e-02 3.0139434432e-02 1.6192942034e-01 1.2527093721e-01 -3.0769146478e-01 -5.4154946981e-02 -8.5091926239e-02 -1.5757192143e-01 -1.0840000036e-01 -1.0069690737e-01 -1.3931951965e-01 1.6169706134e-01
1.4835264583e-01 1.0264380363e-01 -6.4741451891e-01 -1.7357887706e-01 -1.2814438985e-01 3.5640743969e-01 -1.1640615548e-02 7.2306642421e-03 5.4278978726e-01 3.2625492887e-02 -4.8283253920e-02 -2.4100123668e-03 1.9091592923e-01 2.3701322032e-01 2.1293909133e-01 -1.1020667758e-01 -1.8959342678e-01 -1.0631105665e-01 1.9675718739e-01 1.2952729607e-03 -3.6137007383e-01 -1.4639586684e-01 1.7831487941e-01 1.8088384271e-01 -6.6937246022e-02 -4.1192557673e-01 1.8077644546e-01 -3.9285892492e-02 -2.8526058606e-01 2.3679060984e-01 -1.6842089450e-01 -3.5465073595e-01
-4.3662229712e-02 5.5186278085e-02 -6.0315402614e-02 1.0315300339e-01 2.7258913878e-01 -5.1032019328e-02 -1.2331691021e-01 -2.4945758713e-02 1.3542660540e-01 1.9052173492e-01 1.3900088430e-01 -4.8653378392e-02 -1.0414559516e-01 -1.5665738050e-01 -5.3858166566e-03 2.8234503913e-01 1.7975796950e-01 2.2293269708e-01 -1.5463213385e-01 -7.0156407258e-02 7.6732032898e-03 8.1032342504e-02 2.5269675864e-01 1.5957700998e-01 4.6082733830e-02 3.4753827455e-01 -3.9773653919e-01 -4.3302439367e-02 2.3128233405e-01 2.4185799402e-01 2.3804911001e-01 9.6021782717e-02
1.2923160273e-01 2.3498098519e-01 -6.9996982836e-02 3.5442978450e-01 -4.1458446911e-01 1.1471982246e-01 -5.9378090852e-02 -1.6434726583e-01 5.4106845559e-02 2.2846756975e-01 -3.4263876605e-01 -2.4143647815e-01 1.9387927082e-01 -2.6361069944e-02 -7.6576440162e-02 -4.3418765122e-02 -2.3845343970e-02 -5.8632555306e-02 1.7523301215e-01 -4.3366231016e-02 -1.8494070879e-01 2.4731846256e-02 5.8907384298e-02 -3.0255436002e-02 7.1622598434e-02 1.9205530459e-02 -5.7008040140e-02 -2.1852582520e-01 -2.3256835465e-02 -9.2336981240e-02 -1.7101602985e-03 1.1919285384e-01
2.3547471431e-01 -1.9592425501e-01 -3.2791010893e-01 7.7598267178e-02 1.9270415893e-01 1.6046489800e-01 1.6855573391e-01 -3.9576680788e-02 1.2877214347e-01 5.4929729907e-02 -3.2137960997e-02 -2.3434355715e-01 2.3566677507e-01 -1.1898599209e-01 1.7799919663e-01 3.0852334210e-01 -1.0907412880e-01 2.5765719097e-02 1.7913264074e-01 2.5936759996e-02 1.1131156534e-01 1.2555876887e-01 -6.1952604398e-02 -5.1268437732e-02 1.0759637817e-02 1.3797278424e-01 -1.0594896193e-02 -3.0770197660e-01 1.0661499855e-02 9.6085208450e-02 2.2540250925e-01 -1.7650931701e-01
-1.8103547661e-01 4.1817111143e-02 1.9818807782e-01 -1.5564936347e-01 -2.3878519879e-01 -1.2693025369e-01 -1.4809852823e-01 -1.0866133872e-01 8.7496541248e-02 -2.3455186165e-02 2.6566847577e-01 -1.1107506303e-01 -1.5685938581e-02 2.1108342275e-01 2.2092598265e-01 8.2515703269e-02 -3.3783090699e-02 2.8960535229e-01 -1.7140898677e-01 -1.4976236137e-01 1.7120042653e-01 1.2757456880e-01 2.9236485471e-01 2.3078778133e-01 1.7520142974e-02 3.9743199729e-02 -8.3401194635e-02 9.8024237594e-02 3.5013129942e-01 -3.8162727544e-02 -8.5084755619e-02 6.4452148982e-02
-2.1008058561e-01 -4.8427666890e-02 -3.5329314374e-02 6.4421088952e-02 1.9971775435e-01 -2.2244294929e-01 6.1990507674e-02 -2.7818173614e-01 -7.7749898839e-05 3.7390371261e-02 -2.9230963886e-01 -1.6466086485e-03 -8.5068631341e-02 2.2131879189e-01 -8.9383290127e-02 -1.9091708787e-01 -2.8997977074e-01 1.9890017821e-01 -3.1928070537e-02 2.1623628637e-01 -2.1561475437e-02 -1.3042596972e-01 -6.7076299641e-03 2.8707005073e-01 3.4199863384e-02 -8.8084625662e-02 1.4216597193e-01 -4.2878197985e-02 8.3354840230e-02 2.1553835147e-02 1.2184634153e-01 2.6873191583e-01
2.6578428144e-01 -5.9887653562e-02 -1.5292898582e-01 2.2483972344e-01 -1.7931413853e-01 2.7880454345e-01 -1.3738603663e-01 2.9418015345e-01 8.0360687574e-02 -5.3824307488e-02 6.4294164960e-02 -1.1787362343e-01 -9.9508989123e-04 2.6027496449e-01 1.4008761780e-01 1.8409901511e-01 -3.5656876211e-01 8.8825459393e-02 -4.6396132230e-02 -1.3110285652e-01 -2.7086578114e-02 -5.3449340669e-02 -2.4675313563e-01 1.2878979955e-01 -4.3253861529e-02 1.1228057153e-01 2.7608087901e-01 2.1888201178e-01 2.6610230486e-01 1.4492406785e-03 -1.0493061701e-01 -7.6191751220e-02
2.4577309481e-02 -1.4584750793e-01 -2.7896050431e-02 5.7153538834e-02 8.2460350711e-03 -4.2574453622e-02 3.3513149485e-01 -1.2847647402e-02 1.5858190575e-02 -2.2288308281e-02 1.0332526183e-02 1.6399041941e-01 1.1633827166e-01 -1.4681807249e-01 -5.3715272057e-02 -1.8063894327e-01 1.2439811785e-02 -1.9139156704e-01 -5.6472713965e-01 1.5011443974e-01 -1.7717580640e-01 -1.8941911477e-01 -8.1184674255e-02 1.4687834346e-01 -3.2166291639e-02 1.8693648619e-01 2.2302119451e-01 -1.6255293614e-02 -3.1942587528e-01 -1.9581134757e-01 1.9237315288e-01 -1.8120028605e-01
-1.2431628014e-01 1.5792873502e-02 3.6834945852e-01 2.6353616818e-01 2.8183149125e-02 -1.3466134379e-01 -1.4155542296e-01 6.3459234753e-02 7.5280722001e-03 -3.8045282336e-02 4.0002315968e-01 5.0366448940e-02 -2.0680672475e-01 -1.3494695656e-01 -4.0795174506e-02 1.0591820505e-01 -4.4045387031e-02 9.5417529120e-03 1.5936955858e-01 -2.6652740271e-01 6.4599716926e-02 -5.0792797110e-02 -3.0721231761e-02 5.0974096989e-02 -1.1706045020e-01 2.3884775526e-02 -9.3063556480e-02 7.2359989264e-02 -3.2513571030e-01 -9.4476591023e-02 1.8761704990e-01 1.7363957090e-01
1.6501631788e-01 1.3438150417e-01 -5.3603111296e-02 1.6276618373e-01 2.7045618091e-02 2.4111304274e-01 4.7084807005e-01 -1.4506756967e-01 -4.0927532195e-01 5.3298862187e-02 2.9072458495e-02 3.5744159433e-02 1.2298753225e-01 -5.9334620663e-02 1.7785902525e-01 4.1931287490e-02 -6.9367158696e-02 5.2308847726e-01 2.8108675909e-01 7.1746049105e-02 8.9316656398e-02 -2.0487356634e-02 -8.9907228997e-02 -1.2259382205e-01 1.7900965647e-01 1.3778172557e-01 5.2806695418e-04 1.5378016264e-01 3.9997256772e-02 9.3919895559e-02 -7.5038861841e-02 -9.9405997608e-02
-1.1649901744e-01 3.4945741900e-01 -3.6745715607e-01 -3.6673865145e-01 -1.5846977706e-01 -4.9877757045e-01 -2.1729698016e-01 8.3728129737e-02 3.0574156296e-01 4.9987745882e-01 -3.4498283444e-01 -6.7926646162e-02 1.7490843336e-01 3.7064325870e-01 -1.9711158332e-01 2.3951284555e-01 -2.4373264703e-01 1.7023835257e-02 -3.8537222055e-01 -2.5487823492e-01 4.6668785456e-02 -3.2020542638e-01 1.8890808376e-01 -1.0179992015e-01 -2.9402531735e-02 -1.5320593708e-01 5.6705439490e-01 -7.6003971791e-02 5.3484944510e-01 2.1339422514e-01 3.4493677073e-01 -2.1835273698e-01
-1.8612861581e-01 -5.1748696078e-02 2.4457273837e-01 -1.2629711628e-02 -1.2019618739e-01 -4.9169733058e-01 -2.1975544194e-01 3.7140245229e-01 3.2737883454e-01 3.7327154323e-01 -1.7592903902e-01 -2.8501035098e-01 4.1672146497e-01 2.2234772645e-01 -1.6353446439e-01 4.8843623739e-02 2.1132730808e-03 2.3547130880e-03 1.6072317784e-02 -1.7651748884e-01 -1.8243528719e-01 -3.3166668278e-01 4.1148525774e-01 1.2514111605e-01 -3.4504998135e-01 2.0215634198e-01 3.2392162937e-01 -2.9634943499e-01 2.5482162307e-01 2.8906943549e-01 3.6179375025e-01 6.9429685359e-02
1.1128444179e-01 -9.5822064416e-02 -1.9063657410e-04 -1.3428631892e-01 -8.6406733052e-02 -3.0854390743e-01 -2.1488566181e-01 -5.8293817419e-02 6.6981570071e-02 -9.6862653237e-02 1.2585201261e-01 -3.3266677058e-02 -3.7686073630e-02 7.9160511002e-02 1.2008445879e-01 -3.4232053435e-01 3.7338343380e-02 1.2787917239e-01 -3.6292265402e-02 1.5875265716e-01 2.4893175133e-03 -2.8924794260e-01 -1.4355630892e-01 -5.7382805143e-02 -2.9523376520e-02 -1.2743291095e-01 1.9194239317e-03 1.5424871659e-01 -1.0544511322e-02 -3.1869876816e-02 1.6584943588e-02 1.3303424930e-01
2.1425338393e-01 -1.5366440094e-01 8.2091789375e-02 1.4440669159e-02 1.3926415798e-01 -7.8495951900e-02 3.8912577237e-02 -1.2925562914e-01 1.6593957916e-01 -5.8579260439e-01 -2.6795915270e-01 -4.5942611540e-03 -4.3956250750e-02 1.3160654347e-01 3.3927412361e-01 -7.8521749607e-02 -4.1098714167e-02 -5.1227577116e-02 -2.4596819397e-01 1.6452198396e-01 7.2422863952e-02 -1.2929595964e-01 2.2957999956e-02 -1.4901449312e-01 3.6925715045e-01 1.9492977388e-01 8.7016965949e-02 4.2611744538e-01 6.1983039563e-02 2.3111321346e-02 -1.0703922599e-01 -1.1376316647e-01
