-2.3226256638e-01 -3.1742913591e-01 -5.5876697405e-02 1.2827989690e-01 -4.2067220950e-02 -4.0918712936e-01 -3.3550660591e-01 5.6262022792e-02 -4.6653777173e-02 -4.2273807246e-01 -1.4156594268e-01 -1.8106673211e-01 5.1158474958e-02 2.4358724154e-01 -1.2147515044e-01 2.5816812694e-01 -1.0215599611e-02 6.4692787543e-03 4.0354666736e-01 5.1274122507e-02 6.5131677552e-01 3.5959160326e-02 -1.8351439387e-01 -9.5682428154e-02
3.7220221400e-01 4.9973868617e-02 1.0777253889e-01 -1.7549219049e-03 1.9061007903e-01 -1.9104153034e-01 -3.1043898202e-01 1.3210926157e-01 -6.3286048796e-01 3.4610361319e-03 3.7910345997e-02 -1.2219459764e-01 1.3018210820e-01 3.1944444577e-03 -3.6181888263e-01 6.2824011010e-02 2.0067590153e-01 -1.2733684680e-01 1.2532336058e-01 -6.0512574822e-02 6.0097282812e-01 6.8361185289e-01 8.6838062213e-02 -6.2496013759e-02
-2.7508150714e-01 -6.6144857003e-02 8.3078135032e-02 -2.7898434365e-01 4.6911840855e-01 -1.4743568995e-01 4.1816564580e-02 -6.4468857114e-02 2.6196414791e-01 2.0945225866e-01 -1.1109399869e-02 8.0418719887e-02 2.8669857622e-01 -2.3228944804e-01 1.3197525397e-01 -1.8775832808e-01 -2.0825473477e-01 -3.0342950272e-01 1.0786792890e-01 2.1406314849e-01 2.6188672246e-01 2.8801612646e-01 -2.1595206912e-01 1.6343857880e-01
7.0419669533e-02 -1.4160180334e-01 2.0874960422e-01 3.3755560135e-01 -1.6014044972e-01 1.5171435605e-02 5.2668608438e-02 2.5846413490e-01 6.9168367202e-02 3.2200272028e-01 1.5933239812e-01 3.8341441349e-01 -1.4546610827e-01 -4.6524952187e-02 1.6870650428e-01 -3.2501430487e-02 -2.3830001328e-02 2.3375058137e-01 -1.7549156015e-01 1.4427636448e-02 3.1195895470e-01 -7.3992676162e-02 -2.6880764018e-01 1.7792550179e-01
8.9394153587e-02 9.2730413788e-02 -1.9122926660e-01 -5.7585839402e-02 -1.2632160559e-01 -7.5717555268e-02 1.6851143425e-01 -3.9428435413e-02 -3.1814122071e-02 -2.3386710713e-01 2.6899271369e-01 1.7665738419e-01 -6.0231604601e-02 3.2734849691e-02 5.7912514978e-02 -3.8702485144e-01 1.1613242647e-01 2.9617755888e-01 -1.5127940469e-01 4.4359632704e-01 -2.3277147526e-01 2.7487897132e-02 3.3301127727e-01 -1.1294691923e-01
-3.1099898286e-03 9.8902500320e-02 5.2882411741e-01 1.4001375708e-01 -3.4831275529e-01 1.8807120561e-01 -1.5959543386e-01 -3.9976822310e-02 2.3010275132e-01 5.1449690813e-01 3.8746899239e-02 -7.0270165486e-02 1.0732943247e-01 2.1275117885e-02 5.4751802997e-02 1.1870551470e-01 8.8780378908e-02 5.3238708015e-03 4.2429678591e-02 2.0491762556e-01 -2.6338338019e-01 2.3010853898e-01 1.6398294775e-01 -1.4106731588e-02
-1.6817370096e-01 -8.4020094002e-02 -2.0302367239e-01 1.9165671456e-01 1.1775088109e-01 -1.0155423843e-01 4.8271354991e-02 -5.5423202122e-03 -1.3000530716e-01 5.9155315336e-01 -2.6705038938e-01 -4.9844586814e-02 -2.8965342682e-01 -2.1989345055e-01 2.2296478514e-01 1.6853029968e-01 -2.5291166397e-02 -7.4425187764e-02 5.0256551232e-02 -1.7611763463e-02 -3.6136323183e-01 -1.5626690391e-01 2.6682051271e-02 -1.7209518910e-02
-8.4322884619e-02 -9.1314188283e-02 -1.1201407536e-01 -4.1274885583e-02 3.2196025331e-02 -3.6581863259e-02 -2.5923738295e-01 -1.5782329407e-01 -3.1160964037e-01 -7.5913066800e-02 9.1435338713e-02 -9.7685555064e-02 -2.4909994694e-01 -2.4262638636e-01 6.0480639712e-02 -2.5613756697e-01 9.2260438229e-02 -1.7077374691e-01 1.4011529157e-01 1.6598817871e-01 -6.2001941606e-02 2.1858120773e-01 2.4787124043e-01 -1.3328732869e-01
7.6737331973e-02 -1.5858338252e-02 2.2571788546e-01 7.3157749195e-02 1.7350719975e-01 -6.3454546102e-02 5.0934661323e-02 -6.1053958920e-02 1.7597738686e-02 2.7809302906e-01 -9.3697096916e-02 1.9655935123e-01 6.6041355601e-02 -1.7422926229e-01 -5.4958246671e-02 -9.0828286097e-02 1.2664645921e-02 -1.1834662032e-01 2.0703371470e-01 -6.3585175155e-02 -4.3450154840e-01 1.8936597314e-02 -2.3022189140e-01 3.0912402032e-01
-3.3565308699e-01 1.5195533674e-01 1.0858744994e-01 -1.8899097285e-01 3.5487700647e-01 2.1381521685e-03 -3.8102135926e-01 3.4398516813e-01 9.4328822002e-02 -2.1366345069e-01 -2.5139508865e-01 4.5110985996e-01 -6.9512654741e-02 -7.1777497758e-02 -7.1491704254e-02 6.5420090158e-02 4.2894923579e-01 6.6999830616e-02 7.3483198202e-02 -9.7210923592e-02 1.1140967219e-01 -3.7777592057e-02 1.4611982377e-01 -5.6720111733e-02
1.7721992038e-01 1.4818111868e-01 -2.3323743269e-01 -2.8793089608e-01 -1.8291250542e-01 1.5461512260e-01 -3.7439623898e-01 3.3976386362e-02 -3.6382531166e-01 -3.2218420244e-01 -2.3813161677e-01 6.3995825176e-02 1.0933939639e-01 1.4654972123e-01 1.2966778876e-01 7.7798148099e-02 1.5969070063e-01 -2.3969754393e-02 5.8524730798e-02 -3.3617994992e-01 3.1921863896e-02 2.2173758635e-01 -3.6913817831e-01 -1.7864590281e-01
-2.0111059778e-01 -1.6673412780e-01 1.3818867086e-01 -1.1932823816e-01 -3.0384545227e-01 -1.1770156679e-01 5.2167702726e-02 1.8263677314e-01 -1.9067351211e-01 -9.4412808375e-02 -1.9403180190e-02 -1.1957457930e-01 1.1330708446e-01 -1.3385796484e-01 1.3019573476e-01 4.1056917749e-01 3.9838196605e-02 2.2184195935e-01 3.3032933893e-01 -1.3873173930e-01 -7.8643887564e-02 1.8909710743e-01 -3.9940392707e-01 4.5329583633e-02
-1.2025072353e-01 -2.6808611357e-01 1.8562685211e-01 3.2202522375e-01 -2.4273514324e-01 1.0872450519e-01 5.8434097732e-03 -1.2220306492e-01 2.9452963568e-01 4.0833639685e-02 2.6957003708e-01 2.3893353102e-01 -1.6368939302e-01 -8.1839653441e-02 7.8190328083e-02 -1.8784294015e-01 1.3139494998e-01 -7.7096960379e-02 -3.5571215283e-01 5.5659397387e-02 -2.0870160673e-01 -1.8728284301e-01 3.4957323185e-01 -6.8045870954e-03
-2.5984462705e-01 1.1270609264e-01 3.1815148366e-01 -3.9770224504e-02 2.1967075346e-01 1.2582988359e-01 1.1125731920e-01 1.8575150277e-01 -2.7280838495e-01 -2.8344107075e-01 3.2438486994e-02 1.0757078268e-01 1.0206662057e-01 -3.6651820524e-02 3.6821798390e-01 4.4045425596e-02 3.3050479074e-01 2.5695207382e-01 -1.0176536816e-01 4.3997743263e-02 4.0202867487e-02 4.3906493143e-01 2.6265556043e-01 -2.8858469925e-01
-1.2775352039e-02 -4.6276440966e-02 5.6020977564e-02 1.2543841415e-01 1.2356202035e-01 2.6868261857e-02 5.5293655988e-02 1.4490475670e-01 -3.8030583676e-02 1.7135136318e-01 1.1491884492e-01 -2.7824212734e-02 -4.3553093594e-01 1.2101544542e-01 9.1837325339e-02 4.3007199879e-02 -1.4914009800e-01 -3.3632265361e-01 3.8328899070e-01 1.0181676257e-01 1.7520233475e-02 7.8102779231e-02 2.5143572790e-01 -3.1260494137e-01
1.4918010036e-01 -5.4261699627e-02 3.1261123884e-01 -3.4892719493e-01 -5.1659593594e-01 2.5873028544e-01 4.2617553036e-01 -1.1742298196e-01 -2.2319135233e-01 1.4697884710e-01 5.9806735442e-01 -1.3665627451e-02 3.2669197827e-01 -1.0238673685e-01 9.6063572339e-02 1.7972512194e-01 -2.3322235752e-01 -1.8186670485e-01 -1.4101657418e-01 -1.3746183161e-01 -2.2606583196e-01 -5.8323289156e-02 -8.0364057271e-02 -2.3809201400e-01
1.8790407769e-01 -3.7507557330e-01 5.8426200311e-02 -1.5211400530e-01 2.5404627004e-01 1.3390644981e-01 -3.4110688692e-01 -7.5036267359e-02 1.7733094328e-01 3.2440078157e-02 -2.5773204170e-02 7.8735368236e-02 2.1430951536e-02 1.2526676852e-01 1.8078907673e-01 -2.3936270632e-02 5.8711058586e-02 -3.5551032550e-02 -1.1884059022e-01 -3.4578858260e-01 -3.8775123883e-01 1.6908652672e-01 -4.6464526235e-02 -2.8183212479e-01
-7.4737880185e-03 4.6699464033e-02 -1.2864776513e-01 -1.9931400847e-01 3.7566669529e-01 -3.3768905907e-02 -1.0112890576e-01 2.6562362729e-02 2.8829329644e-01 2.5608669036e-01 -3.6717739096e-02 -5.0975005120e-02 1.4329744206e-01 -3.4112822393e-02 -6.7078454182e-04 -9.9312480938e-02 4.2462197755e-02 1.4366857069e-01 1.0076147928e-01 1.5605935041e-01 4.9118397813e-02 4.3744934376e-01 1.8310890486e-01 3.8277438268e-01
-3.1344221775e-02 4.0501557048e-01 7.1055916685e-02 -3.7655314683e-02 1.5751251414e-01 -1.8758314034e-01 1.0563556791e-01 1.1887663284e-01 4.4776726285e-03 -1.7934770903e-01 -1.1696442111e-01 2.4402478915e-01 1.1566587544e-02 -5.9885990205e-02 -1.7562720795e-01 -2.7626841837e-01 3.4820633472e-01 2.1686062763e-01 1.6138764630e-01 -1.7107470720e-01 -2.6204641672e-01 1.6727166919e-01 -1.0396567803e-01 -3.4370229716e-01
-1.5798128485e-01 -1.9067301869e-01 -1.0740462989e-01 8.1539769036e-02 5.4764354952e-02 4.0452793001e-01 -1.6157259457e-01 1.2428059160e-01 1.5357116375e-01 -5.0492800154e-02 3.3357318903e-01 1.6662112790e-01 -1.0538549750e-01 -1.9049543256e-01 -4.8205857309e-02 4.2764295021e-02 -1.8330525691e-01 -6.3749348053e-02 -3.3526183529e-02 4.0605035669e-02 5.9428470321e-02 -3.3334339020e-02 -2.4852511456e-01 -1.8315380818e-01
1.3799506253e-01 -4.4152893599e-01 1.6602854673e-02 -1.3945336215e-02 -3.6463175167e-01 -1.1453986729e-01 8.9378334102e-02 1.2669370701e-01 1.5506845786e-01 -8.8270053738e-02 9.8653182043e-02 1.1529980433e-01 -5.1050009502e-01 2.3396026389e-02 -4.9894054869e-02 2.6455855329e-01 2.7939701507e-03 -1.8059283756e-01 8.7916423634e-02 -1.0957074766e-01 2.7933607719e-01 8.4037397201e-02 -8.2976802243e-02 1.8085240369e-02
-1.7813909165e-01 -1.0669852888e-01 -6.2033306294e-02 6.0597424605e-02 -2.3334075139e-01 1.7232116434e-01 -8.8638537671e-02 1.2634475827e-01 -8.7311499556e-02 8.2295140452e-02 1.7733758617e-01 5.8334784248e-01 6.1190180284e-02 -3.5717153488e-02 -7.6379645249e-02 -5.2845164241e-02 -1.5330793287e-02 5.8940493782e-02 2.4891050827e-01 1.2364666349e-01 -1.9941215704e-02 -1.8824471880e-01 2.2521210010e-01 2.6698793654e-01
8.7650467216e-02 2.1938225729e-01 -3.2406817488e-01 -2.0225751433e-02 -7.3884826918e-03 -1.7295276430e-01 -4.1162287838e-01 6.8929554009e-03 7.7729304126e-02 -2.1493631789e-01 -5.8011558757e-01 3.6718024427e-01 3.1220286223e-01 2.9047123603e-01 -6.6056686028e-02 7.6307747982e-02 -7.2068727189e-03 -4.0411784672e-02 2.0155477037e-01 1.7977289822e-01 1.1800686044e-02 1.1156213492e-01 -4.5502049508e-02 -2.0412598973e-01
1.5187058494e-01 -2.9337318027e-01 1.2374358074e-01 -2.3408967510e-01 7.8752237754e-02 -1.5187160626e-02 5.3341523815e-01 -3.1948988909e-01 2.7230133730e-01 3.0031947387e-01 -2.4762772669e-02 5.3838345551e-02 1.0286591201e-01 6.2942751992e-02 -6.2103465187e-02 -2.3510036671e-01 5.0583095833e-01 -1.4320510882e-01 4.8368834710e-01 8.8581860680e-02 1.7724149686e-01 -2.9114605240e-01 -2.0501010597e-01 1.0422997615e-01
