-4.5985393328e-01
5.6047600105e-01
2.7387811329e+00
3.4918738022e-01
-2.0388473659e+00
-1.4966049950e-01
-1.1032998131e+00
2.0172137753e+00
4.4464057096e-01
-1.1983380614e+00
-6.5971288641e-01
-1.3396771919e+00
-4.0020467250e-01
1.5549450951e+00
1.6883503551e-01
-3.9317072804e-01
-5.4338704192e-02
1.9274945416e-01
1.5214295313e+00
-2.3418641724e+00
-3.6847116997e-02
-2.2492439882e-01
2.3333309049e-02
-6.0775526574e-01
1.3915280085e+00
1.4261295629e-01
4.4739930800e-01
-2.5997244185e-01
1.4347206774e+00
1.7809499347e+00
-1.1802103338e+00
-1.8932903551e+00
