2.1446509397e-01 1.0611954532e-01 -3.0703112257e-02 -5.8148139736e-03 1.4466776948e-01 -1.4154807778e-01 -1.3452430818e-01 -4.3649277058e-01 -3.7581524590e-01 9.4026715216e-02 2.8310490501e-01 2.1214272899e-01
4.7349990580e-01 1.1332275479e-01 3.1876339640e-01 -3.5656995301e-02 1.5093826949e-04 2.1003547924e-01 1.3383458587e-01 1.5413397627e-01 5.1477019914e-01 1.4761462246e-01 -2.7541988508e-01 1.3204728703e-01
2.8538441316e-01 1.0842819518e-01 2.4301475985e-01 2.2409813962e-01 -3.8173696459e-02 -4.3806318754e-01 -4.6928033689e-01 5.3436602654e-01 7.8578957654e-02 8.4983921678e-02 -4.8135075672e-02 -1.9695410310e-01
3.4371086837e-02 5.8958766539e-01 -2.8148528080e-03 -3.3679722197e-01 -1.1876524956e-01 -3.9343558150e-01 2.3267262732e-01 8.2098948013e-02 -3.7349532865e-01 -5.2400358296e-02 -5.5810870154e-02 6.0114344128e-01
-1.9108195988e-01 1.9576893543e-01 1.5299225338e-02 -4.6287339473e-01 1.5232201199e-02 -5.1788267116e-01 -1.4372670993e-01 7.9793943824e-02 -5.8239653547e-01 1.7894078853e-01 2.9775974033e-03 -1.8284320905e-01
-1.0524231375e-01 -2.2150656952e-01 1.9022267858e-01 6.2137225822e-01 -3.2017010573e-01 6.8821737170e-02 -1.3189423851e-01 2.3340692973e-01 1.5243442243e-02 3.8268637086e-01 -1.1755849279e-01 2.3508712511e-01
-1.4606874960e-01 -4.8133375015e-01 -7.1843269280e-01 1.5610500668e-01 8.9072186039e-02 1.2487852750e-02 -2.1339807237e-01 2.0393942551e-02 -7.9447337687e-02 1.8947577996e-01 1.2117058567e-01 -3.5217827813e-02
3.3943388839e-01 -9.8025379946e-02 -1.0549449256e-02 -2.2668079685e-01 -4.8415029822e-01 2.2114362640e-01 -5.8825947352e-02 5.9499890776e-02 2.8999136642e-01 -6.6536356890e-01 -3.8795416228e-02 2.7471667094e-01
8.8655327238e-02 3.4196862059e-01 3.1505447033e-01 -5.7777963649e-01 1.5374669745e-01 2.1288475699e-01 3.6377873032e-01 8.5914362620e-02 -3.1124639981e-01 -1.5125963253e-01 -1.2976381681e-01 1.1894369855e-01
-5.4408189881e-01 1.6493078985e-01 -3.4819451020e-01 8.6877621415e-02 -1.7849684811e-01 1.0290299899e-01 -6.0395960912e-01 -8.9282826766e-02 -8.8924749532e-02 -2.2201658180e-01 2.9095085510e-01 -2.6287744096e-01
-2.3375509194e-01 9.7284898124e-02 2.6001908461e-01 1.2245165050e-01 2.9984816001e-01 2.3252130396e-02 4.0219316986e-01 -2.5524619781e-01 4.9736567889e-02 -6.3991985448e-03 -2.3579552279e-01 4.4649113885e-01
-8.5279213975e-01 -9.1437393076e-01 -5.6041082279e-01 2.9021618330e-01 -4.3700388660e-01 4.2726854778e-01 -8.3146692554e-01 -2.9632604152e-01 2.9231584012e-01 -1.1866735795e-01 -3.0173577181e-01 -2.3518324542e-01
