6.3854420743e-01 1.9812277125e-01 -4.4367604932e-02 1.0357135563e-01 -2.5086681532e-01 8.0174339552e-02 -2.1674588596e-01 -1.4825955586e-02 8.3768740241e-02 -4.0496962315e-01
1.0672979389e-01 2.2867437517e-01 -9.4934335828e-01 6.7910180682e-01 4.7118417459e-01 8.4004604059e-02 -7.9467544958e-02 -9.0300262078e-01 1.4998829348e-01 -5.1961772639e-02
6.4349647186e-01 -7.0743003098e-01 4.4310616924e-03 1.5270992893e+00 6.3647281594e-02 5.7714315299e-01 -5.3435500344e-01 1.8441787506e-01 1.3011027337e-01 2.6593888430e-01
-1.5952572112e-01 -3.8150166086e-01 2.1548204139e-01 1.2964101293e-01 -2.1301570700e-02 5.5648481929e-02 5.2027633327e-01 4.2037676124e-01 -3.3540204874e-01 6.8893452067e-01
-2.1112149745e-02 5.2042096945e-01 4.1677449715e-01 -5.8007009896e-01 2.0396807673e-01 -4.4399742980e-01 1.2406291098e-03 1.7744876412e-02 2.7561257921e-01 -3.5035620548e-01
-8.1188217929e-01 -2.9729173671e-01 -1.1867915991e-01 4.8631204884e-01 3.6076876100e-01 -2.8420966917e-01 5.6362799141e-02 -1.3921126624e-01 2.3455079937e-01 4.7377021891e-01
-7.6961454936e-01 -5.8425915858e-01 -1.2920283114e-01 -5.2448028465e-01 -5.9110212574e-01 -6.6850060947e-02 4.8766637342e-01 -3.5721364744e-01 2.7173812766e-01 2.5185690544e-01
-5.7532734685e-01 2.9596923212e-01 4.0109501967e-01 -8.0638469775e-01 1.3224444584e-01 -6.7694195901e-01 4.9936755664e-01 4.6719858637e-01 -7.6988455203e-01 4.6986020170e-01
-3.7493758080e-01 -4.5761531505e-01 -2.5063824054e-01 2.3245015476e-01 1.7022561149e-01 3.2697626837e-01 1.9956534117e-01 -3.5699217165e-01 6.9483917109e-01 -1.5860790647e-01
-1.1315421941e-01 -3.2152639615e-01 3.1275637064e-01 3.2856213956e-01 -8.4096854250e-02 -5.4378643233e-01 3.8554871344e-01 4.2225765470e-01 -1.3259226955e-01 6.8128918380e-01
