-9.1655549019e-02
-1.4449864800e+00
-5.2099400125e-01
1.4899947533e-01
-2.7766356040e+00
5.7791708205e-01
-2.1531675277e-01
-1.3128477607e-01
-1.7744203194e+00
-1.9330733771e-01
1.4380724789e+00
-4.6746099704e-01
3.9168850795e-01
1.4342137502e+00
3.3384580381e-01
-5.3861229427e-01
-1.7010655784e-01
1.5783291310e-01
1.8987063120e+00
-2.2670816731e-01
1.1917920902e+00
6.8884853875e-02
1.0411801109e+00
-4.8874887319e-01
1.4982975733e+00
9.2811784296e-01
-2.8372974061e-01
2.4987601506e+00
8.2624745166e-02
-2.4323540842e-01
-1.0802210396e+00
2.1393687101e-01
5.2851416302e-02
-5.1756129353e-02
2.5417246150e-01
3.7643468505e-01
2.7285483386e-01
-3.2295606512e-01
-1.5886524326e-01
-6.3835634099e-01
1.2945081214e-02
1.7606768451e+00
-5.0452722250e-02
-1.5501694605e-01
-3.9697295352e-01
-1.0425309733e+00
5.0123305014e-01
5.6570560592e-01
2.4070763518e-01
-1.0276766911e+00
-6.2959796865e-01
4.0858167043e-02
9.3604736156e-02
8.5684993728e-01
1.1820065609e+00
-1.3019502201e+00
-8.2844118428e-01
-5.8284143440e-02
8.8348740973e-02
2.4267556955e-01
1.7789515599e-01
3.3069284341e-02
6.8867674715e-01
3.7295779994e-01
7.2924171756e-01
-1.4757230286e+00
4.5089849930e-01
1.3683038306e+00
-4.1877031201e-01
1.8867791158e+00
-1.3557080676e+00
-4.0358963277e-01
6.3237866469e-01
4.0596212188e-01
-3.6191918880e-01
-1.6504995832e+00
-3.3611960888e-01
-3.2187667339e-02
-2.9848585201e-01
-4.2446717317e-01
8.0741578270e-01
1.0310640077e+00
-5.4677622288e-01
1.8158802132e-02
3.9047394473e-01
1.9136524763e-01
6.8427678509e-01
-3.9917176945e-02
-3.2742239192e-01
-4.0152073895e-01
7.8336910035e-03
2.7067495426e+00
-8.9361707719e-01
-8.5469747872e-01
7.1689497300e-01
3.7095056659e-01
2.8703154718e-01
1.3253324357e+00
-1.1796124783e+00
1.3379659833e+00
-4.6004553568e-02
-1.7279890483e+00
-5.0438563235e-01
2.3440744210e-01
-8.9274033463e-01
-6.8227796799e-02
1.8505822719e-01
1.0081278427e+00
1.0669186579e+00
5.1755474526e-02
1.1432433835e-01
1.7724481431e+00
4.0487820360e-01
-6.3371344755e-01
-3.9982994055e-01
1.2900798229e-01
7.4201349329e-02
3.5281875913e-01
-3.9537356715e-01
1.1276826340e-01
-1.9154591494e-01
-5.0560549520e-01
-5.5763253535e-01
1.1352988088e+00
-1.1737591865e+00
5.2769757622e-01
7.4854467454e-01
1.7611024169e+00
8.6581429421e-01
-1.2263501931e-01
-1.0936163430e+00
-7.1447895016e-01
-1.8491731334e+00
9.7885007228e-01
1.1832627374e+00
-1.2080482547e+00
-7.0843037891e-01
-1.0504914507e+00
7.7587468275e-02
-1.1922346403e-03
2.5666012819e-01
-7.1494947127e-01
-2.1084070162e-01
-1.3321497665e-01
-1.5881800109e-02
-1.1178892299e-01
-1.5111437826e+00
2.0895507578e+00
-3.6737318094e-01
-1.4942158050e-01
