7.3748577653e-01
4.6005249850e-01
-4.3001740008e-01
-4.5958922784e-01
-9.7513375390e-01
8.3338726171e-01
5.1602810545e-01
-3.7661539345e-01
4.7337888391e-01
-4.3923490846e-01
8.5119283285e-01
-5.4626589149e-01
-1.0460034768e+00
-7.3286390021e-01
-3.9109434736e-01
-4.3183788300e-01
-4.1681821683e-01
6.3086314888e-01
-5.8690081205e-01
4.1380654464e-01
9.8311571098e-01
7.5217797934e-01
-3.6764597644e-01
8.6127415996e-01
-3.7938851820e-01
-3.9589344681e-01
8.1667174086e-01
-4.5811397975e-01
4.7032367405e-01
9.5267677745e-01
-4.1382719357e-01
-4.2576596398e-01
9.8249281808e-01
-4.7233331643e-01
4.0146314051e-01
4.0306600096e-01
4.4702231148e-01
4.6445459835e-01
6.9636334970e-01
8.6716274109e-01
3.8621921572e-01
8.5521868714e-01
3.8157925816e-01
5.1356518336e-01
4.5414909169e-01
-1.0294691310e+00
-1.0188611347e+00
1.0016579070e+00
4.9332401612e-01
9.2989090719e-01
-1.0067683166e+00
-5.0247336422e-01
-9.3214853424e-01
-3.8644316494e-01
4.0958359130e-01
-3.8488569879e-01
8.5302609798e-01
-7.7661935023e-01
-5.1368050446e-01
-7.1324054324e-01
-8.9510937884e-01
1.0403710126e+00
-4.2983547276e-01
-4.8233496623e-01
8.8596368791e-01
4.5408503684e-01
1.0482289751e+00
-4.2954249376e-01
-6.1586141778e-01
-4.6523106926e-01
4.3622739051e-01
-9.0507594707e-01
-9.1807389507e-01
-4.7010391619e-01
-9.6561655509e-01
-9.8548411117e-01
7.9667220848e-01
5.6065239212e-01
8.7431597614e-01
-8.6883302254e-01
9.9127595139e-01
-3.8798192212e-01
-7.3849777299e-01
9.5323877041e-01
1.0328376751e+00
-4.4508618557e-01
8.9650773393e-01
-4.5175977807e-01
-4.2620293324e-01
-9.7317835405e-01
4.4203201344e-01
3.8929171408e-01
-9.4480352931e-01
8.8148589496e-01
-4.3258730337e-01
-9.9383117769e-01
9.5187312829e-01
-9.1402085018e-01
-5.0184623867e-01
4.0830752347e-01
-6.9699913374e-01
8.7676481752e-01
-5.1221446022e-01
9.2133853449e-01
-4.6640744112e-01
-7.1543453853e-01
7.9348419398e-01
-5.2331351534e-01
3.9309502205e-01
-4.1824389643e-01
-1.0410575136e+00
-1.1118563727e+00
-4.4751718659e-01
4.6312885586e-01
-9.0018513286e-01
-7.9717640332e-01
-3.7740097419e-01
9.9931080193e-01
5.1897383171e-01
5.0400625786e-01
-5.0110817666e-01
8.5862200844e-01
3.7640663382e-01
-1.0554636141e+00
5.2637307068e-01
4.4743379113e-01
-4.2401547526e-01
-7.6089602173e-01
9.2787752332e-01
9.7383901197e-01
-9.2712624695e-01
-9.0844125904e-01
5.3762159822e-01
4.8792651569e-01
4.4477670008e-01
-3.8750837282e-01
-4.6250021537e-01
4.4029662151e-01
-3.8376418664e-01
-4.2601847124e-01
8.9847257388e-01
-7.0048195668e-01
9.0586679940e-01
-4.0319327638e-01
4.5616842244e-01
-8.0419591150e-01
7.0337316761e-01
-9.0222087681e-01
-4.3337712260e-01
3.9500266507e-01
7.7613524622e-01
8.7797557679e-01
8.0565404262e-01
1.0219293594e+00
4.4617430142e-01
1.0588516773e+00
9.2436676221e-01
-3.7421172159e-01
-8.3157218662e-01
1.0634229949e+00
-9.0683567674e-01
4.7519628303e-01
6.0395682104e-01
-4.0800702422e-01
1.0052442497e+00
-8.9922539861e-01
5.1257161079e-01
-9.1662262731e-01
7.1125355516e-01
-7.2014677548e-01
4.4710914674e-01
9.9564011942e-01
4.2417283503e-01
-9.8592282191e-01
-7.3737480415e-01
9.3392657509e-01
-4.1651052927e-01
-5.1296345944e-01
9.2939762583e-01
3.9313546030e-01
-4.5754134545e-01
7.1820706860e-01
-4.5503198247e-01
-4.0448921048e-01
1.0186667038e+00
1.0071829114e+00
-1.0699457993e+00
-3.7633976116e-01
9.4891844526e-01
1.0091599978e+00
-3.8861477712e-01
9.4881328599e-01
9.5587473755e-01
7.2786000794e-01
-4.4410944850e-01
-4.0104723478e-01
9.9702817138e-01
-1.0208771157e+00
-4.9522872043e-01
1.0111737450e+00
