-1.0276095142e+00
2.7768466355e-01
3.8827865266e-01
-7.7948613695e-01
2.7769217228e-01
2.9539494633e-01
-8.2802662365e-01
7.8566401520e-01
6.2479722057e-01
8.3710528544e-01
-7.7530359993e-01
-5.3766085446e-01
-6.8555038947e-01
-5.3203786518e-01
-6.4195883640e-01
-3.7560546568e-01
-5.0070218310e-01
4.1420977734e-01
-6.9586613698e-01
-3.8998264898e-01
-7.6206985315e-01
-3.8632156195e-01
-7.7335147239e-01
3.5732281888e-01
1.2878709398e+00
8.1022820353e-01
-8.9217745099e-01
-3.7903476817e-01
-9.7394599707e-01
-7.3741864890e-01
8.7706325465e-01
3.1094673798e-01
-1.0714636788e+00
-1.2650635591e+00
-4.7461115720e-01
-6.4706610582e-01
-1.1262967359e+00
-4.7935534003e-01
-2.7022292402e-01
5.7732698277e-01
-5.2309111143e-01
-8.6437475348e-01
-8.3320881130e-01
2.5942083496e-01
3.9033945065e-01
8.3935543102e-01
8.8191836496e-01
7.6760754071e-01
4.6539220365e-01
-7.4917088937e-01
3.6651628911e-01
-3.6483588908e-01
3.5763054218e-01
7.0883721258e-01
7.9158647940e-01
3.6413651145e-01
8.2731101309e-01
-4.0880867026e-01
2.7070859808e-01
-7.8707619980e-01
-5.0364869193e-01
-8.7307147403e-01
3.5179102652e-01
4.0979754477e-01
2.8406454793e-01
-6.8183842694e-01
5.2854049109e-01
3.6379316621e-01
7.9369062493e-01
-7.2890221036e-01
