4.9705425410e-01
6.2579773765e-01
5.3785002861e-01
-4.5943748494e-01
1.5645823147e+00
-9.5059622699e-02
1.6899973882e+00
2.6683430557e-01
-1.1680368625e+00
3.3790545480e-01
-7.7433651330e-01
-3.9761711263e-02
-1.0380616138e+00
9.0757634943e-01
7.4416059788e-01
2.1237830390e+00
4.7358496874e-01
-2.1143573577e-01
2.0341561570e-01
-1.8681479176e+00
2.9552109288e-01
3.5615009789e-01
-1.8096010241e+00
-1.3693150932e+00
-1.4551307218e-01
-1.4761740064e+00
3.7543535595e-01
6.6854593133e-02
6.7809959871e-02
-3.7785732506e-01
-5.3483580075e-01
-1.5702589873e-01
-6.4430977441e-01
1.2634067811e+00
-7.3735930639e-01
-1.8289390878e+00
-6.3398061707e-01
3.3695721513e-01
-1.1628873391e+00
-3.3526661566e-01
-2.2154145117e+00
1.6936861331e+00
1.0745798793e+00
1.2210381364e+00
4.9748467375e-02
-1.6540238801e+00
-1.0436186066e+00
-1.3069330239e+00
3.5615287897e-01
3.3019979126e-01
