2.1571999465e-01 7.7046573869e-02 -2.6620373190e-01 -2.9090421903e-01 5.3018226540e-01 -2.3544162902e-01 -3.8171157968e-03 -2.8879001992e-02 2.5019931068e-01 5.4785759167e-01 -1.5301250534e-01 2.4906475432e-01
-1.0644962012e-01 -3.5491650417e-01 -1.9002176174e-01 -5.2726336232e-02 2.6856375034e-01 -4.0335514585e-01 -2.5109807583e-01 -1.7532959110e-01 1.0466747044e-01 2.7568624703e-01 1.4298647098e-01 -6.6893347244e-03
3.9798866504e-01 -3.0523825226e-01 -1.2955907630e-01 1.8438801495e-01 1.7149258739e-01 9.6411039851e-02 1.7841025280e-01 -1.2189547776e-01 -4.2076813774e-01 1.3549087955e-01 -9.7247218025e-02 2.9831331154e-01
3.0209341365e-01 -1.3560715613e-01 -7.6848235510e-02 -2.9897133357e-01 1.8096564884e-02 -2.5044203656e-01 -1.6622571503e-01 2.1580051531e-01 1.9914770672e-01 -2.5254810011e-01 1.2803022114e-02 2.7272920688e-01
1.3063209978e-01 3.9194751919e-01 1.7315388210e-01 8.4991119099e-02 -5.2680127611e-02 -1.9942016632e-01 2.6137067913e-01 -3.3517235368e-01 1.4319715886e-01 2.0339599753e-01 3.6208574724e-01 3.6462994403e-01
8.7712571630e-02 -3.1009749434e-01 -4.8874998265e-01 -1.7464696082e-01 1.5204254808e-01 3.0531382247e-01 1.7379422390e-01 3.9198340467e-01 -1.9230050306e-01 -3.0605094113e-01 2.0838972965e-01 -2.9499715859e-01
2.8895991182e-01 3.7498868471e-01 -2.2303149201e-01 6.7519999268e-02 3.6511516055e-01 1.5281013176e-01 -2.6133033718e-01 1.3475431805e-01 6.0714953445e-01 3.7938223893e-01 -7.1155338224e-02 2.9197947328e-01
-1.9020712150e-01 1.7280159768e-01 2.8557615540e-01 -3.3663148578e-01 1.1967506198e-01 1.8005192636e-01 3.3573549442e-01 -1.8079477694e-02 6.9675026101e-01 1.6008850171e-01 -4.1552862859e-01 -1.1583635449e-01
8.8185939496e-02 -1.5301970643e-01 -2.7667206720e-02 -2.4310782972e-01 4.7774643092e-02 -8.8637638366e-01 2.9261510909e-02 -2.3818894522e-01 -5.0103086360e-02 -5.6888277513e-01 -3.4093918555e-01 -1.7317809803e-01
3.3957888981e-01 7.2904668547e-01 3.1399598329e-01 -5.1323124459e-01 2.3338701088e-01 2.6335272445e-02 4.3300628140e-01 -5.9448353585e-02 7.0981132224e-02 2.0752808159e-01 -1.7453310030e-01 2.1098109752e-01
-5.4685062774e-01 -4.0581374843e-02 -2.4282566824e-01 4.6665336492e-01 -2.7880805976e-01 -4.2617447594e-01 1.6483078428e-01 3.2877662749e-01 -3.9228568723e-01 2.5878288672e-02 -2.3287635799e-01 -7.5022813044e-02
5.0908227931e-01 -1.0513994374e-01 4.9552154712e-02 -5.9825528373e-01 3.6364347311e-01 2.4558778014e-01 5.6063774927e-01 -4.0662410632e-01 4.6543173087e-01 3.0394935287e-01 -2.4274581315e-01 7.5881103937e-02
6.8975571962e-02 1.8796184894e-02 2.3333983744e-01 1.6513960578e-01 2.3987747684e-01 1.1706310089e-01 2.5520982862e-01 -1.3909149207e-01 -1.2289877494e-02 7.4270856448e-02 -1.0968569811e-01 4.2304516574e-01
-6.8518015875e-02 -2.8956709880e-01 -1.7484714952e-03 2.6270392563e-01 8.7957356036e-02 1.5306758603e-02 6.9690872011e-01 3.3269960794e-01 -1.4002196164e-01 -2.4931823343e-01 4.2009529907e-01 -1.4830183444e-01
-5.1606146135e-03 -3.2886321655e-01 -2.3794206022e-01 -3.8748945685e-01 -1.8310884719e-01 -9.7558324780e-02 -3.8107324142e-01 -1.5991104596e-01 -6.8965143076e-01 -1.4053071266e-01 1.4166892701e-01 -3.0106231221e-02
-3.1504101893e-01 4.6438566869e-01 -3.6563267870e-01 8.0690011534e-02 -1.7123386005e-01 -2.8836178828e-01 1.2320801805e-01 -1.1135730165e-02 3.5604041532e-01 -2.2007543790e-01 -1.3755499688e-01 -1.6508599469e-01
