-2.0849244030e-03 -1.0471354743e-01 1.3925023141e-01 1.5366612967e-01 3.3507896076e-01 7.9038792997e-02 -3.0627467337e-02 1.1743474121e-01 -2.0395861075e-01 -4.2284277154e-01 -2.7716683361e-02 1.8453308378e-01 1.9432053015e-01 2.4221742930e-01 4.1545637031e-01 1.5459947244e-01
-1.6606420767e-01 -2.4343697597e-01 2.5442877325e-01 -4.7547683256e-01 3.1644220464e-01 -3.2595303473e-01 1.4745058756e-01 -2.1295364315e-01 -4.0913693192e-01 -2.8299276660e-01 3.0354160919e-01 -1.8792639808e-01 -1.2999193843e-01 6.1837411872e-02 3.0017867088e-01 2.0107316367e-01
-7.2199766292e-02 3.9737567245e-01 -7.1427573098e-02 1.6613140836e-01 -1.8831509845e-01 2.6644017068e-01 1.6189128289e-01 -2.3453061704e-01 -3.0852932977e-01 1.0990242019e-01 3.4768897213e-01 -3.1422486679e-01 -4.3004248243e-02 9.2679285094e-02 -6.2934667005e-01 1.7332245477e-01
-3.2022854871e-01 -8.9340182938e-02 -3.0886498047e-01 -1.7758162811e-01 8.3725492618e-02 -1.1118919617e-02 1.2564592752e-01 3.9518145921e-02 8.8786263162e-02 3.0061120998e-01 3.2588719499e-01 -3.6618394200e-01 -5.4702655153e-02 -1.9177777719e-01 1.2143251113e-01 -2.9140263858e-01
-7.3654165938e-02 9.2094769511e-02 4.1260878341e-02 2.1460102983e-01 -1.8484659499e-01 -2.2613783658e-01 1.7330484235e-01 7.9965161878e-01 -1.2690666401e-01 1.0536052511e-01 -4.5939200345e-01 -2.7315103329e-01 3.4298587866e-02 2.7766194963e-01 1.1782202146e-01 4.4661002496e-01
3.0022328998e-01 5.7224288708e-02 -3.0129531810e-01 4.2622236885e-01 4.4786195037e-01 8.0171324590e-03 1.0188384409e-01 -3.1574737485e-01 -2.8700157757e-01 3.4930217706e-01 4.4986318039e-01 2.2755936296e-01 -1.5541067859e-01 8.7752364988e-02 3.1411222936e-02 -3.5634084637e-01
-2.9200091670e-01 -4.3048217169e-01 3.7023516273e-01 -1.4207463853e-01 -2.1348831544e-01 2.1000730699e-01 -1.0394207473e-01 3.1822762795e-01 3.3395748347e-03 -6.7502984900e-02 -2.5962645180e-01 4.1392799485e-01 -8.0931640985e-02 1.6546370978e-01 4.0074120849e-01 -8.3432196904e-02
-2.3919716553e-01 -1.5626013856e-01 -3.5838629003e-01 -5.6952615669e-01 -7.5135370393e-03 -6.4277532038e-01 8.8131942185e-02 -1.5965943502e-01 -4.6142185158e-01 -8.2944060097e-02 5.4289368178e-01 -1.9582348651e-02 -3.4682984505e-02 8.6296543139e-02 7.4275903878e-02 2.1168513635e-01
1.8499830297e-01 -3.0348414753e-01 -1.2318458490e-01 -5.2674925472e-01 -1.4398463455e-03 6.0986664283e-01 1.4936136257e-01 -2.8789780813e-01 3.5064219559e-01 1.3450445919e-01 4.5461698882e-01 1.6457878519e-01 7.6174122662e-02 -1.0503940585e-01 5.8628367061e-02 -3.4671372554e-01
-2.2877063358e-01 2.9302327679e-01 3.0564377741e-01 -5.1200185231e-03 1.0006082531e-01 -5.2940577674e-02 2.1010868603e-01 4.8630104672e-01 -6.4073651887e-02 -7.6856714232e-02 -1.0509209679e-01 -1.1968282326e-01 2.6036658170e-01 2.9299376380e-02 3.2464912941e-01 -3.4273893362e-01
-1.0385549290e-01 6.0244543801e-02 2.4015107793e-01 5.6991358547e-01 5.1133081060e-01 -1.2135801912e-01 9.4986387560e-02 3.2574644683e-01 -8.8169050360e-02 2.0481967616e-01 -5.0231239788e-01 -1.7740660950e-02 4.2298263212e-02 1.0325513627e-01 7.4741569887e-02 1.0834627731e-01
8.1020245352e-02 -1.3382972269e-01 3.7928309243e-01 2.6377718785e-01 -2.0003011971e-01 1.3263281840e-01 -4.4591341820e-01 -2.3124126055e-02 1.0401809780e-01 -2.2227545722e-01 4.4459231362e-01 -2.1619627797e-01 -4.7135590136e-01 -1.4868810767e-01 8.7211187679e-02 -2.0345028916e-01
3.1104233092e-01 2.0673999484e-01 4.3956725501e-01 1.7132866643e-02 -1.9824299277e-01 -2.1017137956e-01 -5.1685338934e-02 -3.0188436567e-01 4.0747221246e-01 -2.4462390120e-01 -6.1246721091e-01 3.3476607591e-01 3.4983082067e-01 2.6153852160e-02 -1.6792001208e-01 -1.4279479165e-01
-3.2322665287e-01 2.0781915023e-01 5.5878508430e-02 5.5381381821e-01 4.7736791295e-01 2.4394642769e-01 1.4457339971e-01 1.7324838392e-01 1.2468789555e-01 -3.4720890811e-01 6.5891924400e-02 -1.4908602247e-01 2.0257905047e-01 2.0324154437e-02 5.0572320440e-02 1.6335831953e-01
-1.1271020881e-01 3.1111773524e-01 -4.2423628688e-01 -3.6583581390e-01 1.0113037874e-01 -3.1062737872e-01 -2.0133014510e-01 -1.9646849317e-01 6.1140362327e-02 -1.2515688436e-01 3.0627603359e-01 -1.5134923649e-01 4.8438380988e-02 -2.0568151301e-02 -1.3712558129e-01 -1.8758750126e-01
3.0881476901e-01 2.8708027674e-01 -2.0177147067e-01 7.3896904009e-02 -2.1791302374e-01 -1.7868593475e-01 -3.7251971804e-02 -1.8620855816e-01 1.8932695377e-01 1.5437559877e-01 1.8772748197e-01 2.8596608158e-02 3.1653540732e-01 -1.7613397693e-01 5.9190479260e-01 4.2033673457e-02
