-4.3081507279e-01
-9.8954655732e-03
2.4417350802e-01
3.9225387333e-02
3.1448699035e-01
1.4711714408e+00
-1.3212864130e+00
1.7528924651e+00
-8.3937287918e-01
-5.6805842355e-01
-1.9472118308e+00
5.4389542093e-03
1.1179613094e-01
-5.9642295175e-02
3.6523726110e-01
7.3508617595e-02
2.2342941176e-01
-1.3964443886e+00
1.3144949699e+00
-1.0825333564e+00
-1.9958179276e-01
6.6036576975e-01
-8.9385453881e-02
-2.0145511409e-01
1.0064213624e-02
7.3919286594e-02
3.0187206099e-01
-6.2649122725e-01
1.3246600547e+00
-1.9524695629e-01
8.1062543296e-01
6.9335848277e-02
2.4664418674e-01
-4.5511150884e-01
5.4294038153e-01
-4.8291032378e-01
-1.0593863038e+00
2.5200342437e-02
-2.0513413719e+00
-6.0960154015e-02
-5.0519792717e-01
2.0541780623e+00
3.0940248546e-01
6.6596703307e-01
-4.3144666793e-02
-1.0068382598e+00
-7.5872308833e-01
-1.2368784311e-01
-1.6082241887e-01
-4.4143902436e-01
