5.7467376145e-02 3.6961722784e-01 -8.1545219050e-02 2.5737566677e-01 2.2457621368e-01 -2.7921456275e-01 1.3125714200e-01 6.0441791368e-02 -2.7033816070e-01 -4.4535440434e-01 -5.2932993649e-02 -3.7345895519e-01 -2.8341117566e-01 -1.1181591340e-01 -2.7237542432e-01 4.4519641722e-01 8.5473804573e-02 9.8875532853e-02 5.8757905430e-02 1.8744220734e-01 6.4217752185e-02 5.2052556729e-02 7.6550838020e-03 -2.4395257388e-01 3.7440854113e-01 2.6823316479e-02 2.9510773289e-01 -1.9557072088e-01 5.5390351217e-01 9.0797191691e-02
4.2250745367e-01 4.8977515876e-01 -1.7030023816e-01 -3.3698492533e-01 3.3157986110e-02 -9.3964496606e-02 5.4548584402e-01 -2.9490114725e-01 8.8984319765e-02 1.5349358324e-02 2.0769244901e-01 -1.2325067899e-01 2.3049645381e-01 -3.9110061599e-02 -2.3766611962e-01 5.0260260291e-01 -1.2271411832e-01 2.1525747931e-01 3.5720006463e-01 3.8311350959e-02 -2.2493787554e-02 3.1387180748e-03 5.7023444852e-02 1.8054040656e-01 -7.2811234137e-03 1.2831566954e-01 4.2062563855e-01 5.4439699449e-02 -4.5785975069e-02 -2.3919102933e-01
9.2550057622e-02 1.6381679301e-02 3.2045083681e-01 7.6256408332e-02 7.0385396017e-01 -1.3352546966e-01 2.3404925266e-01 1.5706501866e-01 -2.8632322678e-01 2.4641778704e-01 2.0471871469e-01 -2.3609770359e-03 1.9650384069e-02 -6.7832794645e-03 2.3679426156e-02 2.1233882277e-01 3.7870033659e-01 2.7613566892e-01 4.0849615229e-01 -5.3173384188e-01 2.2433304232e-02 -1.6167554741e-01 2.7700490242e-02 -1.3272107381e-01 4.7072207135e-01 -3.5288886146e-01 1.3709997222e-01 -1.8138167273e-02 3.5125415566e-01 -3.7701208669e-01
3.3612669550e-01 1.8880151800e-01 3.5052858335e-01 1.2410095064e-01 2.8139648943e-01 9.7944526522e-02 -2.3522509516e-01 5.5154054523e-02 7.4784510508e-02 5.8951700494e-01 9.3697443160e-03 -4.7542914803e-01 2.7605426250e-01 -3.6371181620e-01 1.8422250548e-01 6.5795841513e-01 -1.8207918264e-01 4.2934807311e-01 -1.4751821477e-01 -4.4864502744e-01 -2.1312144728e-01 2.5837519947e-01 3.6333989829e-01 -2.9911215450e-01 -1.5630999781e-01 -3.9740937758e-02 5.0564599743e-01 4.4750998637e-01 1.1820028019e-01 4.3548071601e-02
-5.3290712506e-02 7.4227959616e-02 -5.6244016671e-02 -3.7932032993e-01 4.5690284929e-01 4.0647995022e-01 5.9341312577e-02 2.5172113245e-01 -3.3344783869e-02 1.5207679802e-01 -7.6127696782e-02 -1.6140267040e-01 1.4309683757e-01 -4.9165364741e-01 -2.2677477103e-01 -3.0815000260e-01 -2.8608190065e-01 6.0715687639e-02 6.3151152719e-02 -2.4441537044e-01 -9.0110679005e-02 -2.8234575069e-01 3.9192706517e-02 6.4339810151e-02 2.9077375413e-01 -5.8595954473e-01 4.3600194343e-01 1.5735931096e-01 5.2108764347e-01 -1.8749090880e-01
1.0825256161e-01 1.2746172377e-01 6.0251663648e-01 -2.3219700308e-01 -2.0186574502e-01 -2.2355754562e-02 3.3636773881e-03 -1.7141340686e-01 -1.8449391424e-01 -1.3380537519e-04 1.7147986800e-01 -8.9144406736e-03 5.4350939135e-02 -1.0982611298e-01 8.9857010930e-02 2.3729695888e-01 -1.2901136573e-01 -6.1200742096e-01 4.1156262449e-01 -2.2105190408e-01 -2.2550514962e-02 -1.2653129690e-01 -1.1926529169e-01 4.4518194205e-01 -1.2125455010e-01 -4.9135772739e-01 -3.2299866528e-01 5.8386218595e-03 1.7682315270e-01 -1.7692630263e-01
-1.5049778327e-02 6.5483951439e-02 1.7545312342e-01 -2.7874205505e-01 -6.3740745315e-02 -1.4922123502e-01 6.7765796915e-02 2.9068845352e-01 8.8909033205e-02 1.8061955935e-01 -2.7042990854e-01 -2.2241650554e-01 -5.9371636358e-01 -3.5214533784e-02 4.0820553237e-01 -5.8382231043e-01 -3.3968733472e-01 -1.8759703200e-01 -2.0677869675e-01 -2.8762445920e-01 1.2819820805e-01 4.3828796569e-01 -1.2998078084e-01 2.1663311881e-01 3.9835867198e-01 1.6312655844e-02 -9.7812209925e-02 5.4330121777e-03 1.9575880173e-01 5.2356899134e-02
2.9133088172e-01 3.3592154403e-02 5.4419466380e-02 5.4960424673e-02 2.5076916671e-01 -1.2077107775e-01 1.3190579055e-02 6.8495081329e-02 -3.4555143935e-01 4.4995778648e-01 4.6109093408e-01 3.6371943329e-01 1.6833984158e-01 5.5078772104e-02 -6.3528411218e-01 8.9749118053e-02 1.4429613876e-01 -2.6024394145e-01 -9.7903941730e-02 6.9360569267e-02 -3.4224996385e-01 1.0949492605e-01 1.5136844790e-01 4.3068379865e-02 -5.6117073468e-02 2.9042431746e-01 1.9680001041e-02 -2.8942656294e-01 2.1214040300e-01 -1.7749319392e-01
-2.5035853797e-01 -4.6664379209e-01 5.1353728355e-01 9.9403063153e-02 4.8755184014e-02 -1.4420226411e-01 5.7755305954e-02 -7.1325686203e-02 -1.9333074274e-01 1.7530447847e-01 3.6952240445e-02 -2.9882493438e-01 -6.4608988425e-01 2.4262811531e-01 5.0080150629e-01 -7.0099529924e-02 5.8042618026e-02 -7.1661904250e-02 1.8855481684e-01 3.8399994180e-01 2.2944651122e-01 2.1624781341e-01 2.0422725338e-01 6.4379481319e-02 2.6120060991e-01 -3.0812854704e-01 -1.6191518874e-01 1.9404058968e-01 -3.6840738067e-02 1.8273378802e-01
-6.6454209012e-02 1.3623657656e-01 1.0381476372e-02 -5.7870521873e-01 -1.4121527420e-02 1.7955804238e-01 -1.0087747406e-01 2.1413833151e-02 4.5637305297e-02 -2.3597210311e-01 1.2943870061e-01 3.2434718251e-01 -3.9340228744e-02 2.2629631996e-01 1.6311700978e-01 2.7390698707e-01 -1.9756213535e-01 -9.0715753795e-02 1.5006069456e-01 1.1507465260e-01 6.3108832940e-01 -1.3970486563e-01 9.3501797965e-02 2.3865977243e-01 6.7228987501e-01 -3.7627743717e-01 -2.3164777673e-01 5.3360746854e-02 -2.0807966296e-02 -3.8971536076e-03
-4.2767162878e-01 -4.2039930697e-01 4.4198155867e-02 2.5674942325e-04 2.9697836848e-01 4.7392351147e-02 1.5203070952e-01 -2.6180809098e-01 -2.8188996092e-03 -1.0779266376e-01 3.2710247151e-01 4.0031178187e-01 1.2097205969e-01 -3.5555533602e-01 1.3491669803e-01 -2.1788903566e-01 2.8348157166e-02 -4.9733372467e-01 -3.2410420578e-01 1.1104670348e-01 -1.9224638289e-02 -2.0009878868e-01 -1.7367705442e-01 2.7824436031e-02 -6.1982897140e-02 -6.4729256902e-01 -2.5072092461e-03 4.0865989237e-01 -2.4213516730e-01 4.9106611689e-01
-6.8331722678e-02 -2.8773980366e-01 -1.4280022608e-01 3.3721331462e-01 -1.4615800847e-01 -1.0070987029e-01 -1.6328619559e-01 1.6214824745e-01 2.8807348567e-01 -3.4831505917e-02 1.7957403978e-01 1.2366446867e-01 -1.0314132622e-01 2.3492153770e-01 8.5759878753e-02 -5.0251500950e-01 5.5900906651e-02 -7.9122636961e-01 3.7355250740e-01 2.1173271594e-01 -4.8677197537e-01 -4.2588610407e-01 -8.5838245252e-02 1.7268507853e-01 -2.0498499213e-02 -2.7150634470e-03 3.7048362437e-02 -2.6552657441e-01 4.4142340837e-01 1.7034448833e-01
1.0396946039e-01 2.4623496966e-01 6.1430609296e-03 6.9114198213e-02 -3.4936693644e-01 1.9970526058e-01 -2.2994005200e-01 -3.2431700522e-02 2.4824522348e-01 1.6597163712e-01 2.6490213429e-01 -2.8027486198e-01 -1.7253323516e-01 -6.8986936016e-02 -4.9411029850e-02 1.1766436144e-01 -1.7686400315e-01 2.9813874454e-02 -3.7977647022e-01 3.1480948412e-01 1.4653828561e-01 3.0312330454e-01 -9.6820597619e-02 2.5067637230e-02 5.8259369644e-01 1.5129497996e-01 -1.0084284523e-01 -3.7168504966e-02 -7.0659571235e-02 3.3716794570e-01
-3.6758457333e-01 -2.9673990211e-01 -1.9936342821e-01 -1.8629092887e-01 1.9278941136e-01 -3.3281722483e-01 1.9448384933e-02 1.9033972722e-01 3.2583741564e-02 -4.9836374708e-02 2.9489612844e-02 -1.2534184583e-01 -2.7310142615e-01 3.1131823386e-02 -8.9066628455e-02 -2.1720138149e-01 -1.3592076680e-01 -1.7369067444e-01 -3.8015643873e-01 -3.1032465503e-01 2.5930534037e-01 -2.4121567782e-01 -2.7157051698e-02 -2.8540020494e-01 -3.7229555137e-01 -2.9600595557e-01 -2.1776623413e-01 2.6617409433e-03 -2.0054109372e-01 -2.2016518304e-01
3.6578367401e-01 1.6699348436e-01 -1.8837088294e-01 4.2198225777e-01 -4.1970140076e-01 -2.3581751060e-01 2.7014350607e-01 -2.3823954442e-01 2.3078204271e-01 -3.1314967788e-01 -4.1097521518e-02 3.7736716131e-02 4.9726205670e-02 6.9532867146e-02 -2.7620803593e-01 9.0218080958e-02 -6.8194840665e-01 -4.1609525203e-01 -1.8567863030e-01 -6.0095574716e-01 2.5255862442e-02 4.4139772277e-02 -1.1652975238e-01 -5.0667719308e-01 5.6801200103e-01 -1.1448301365e-01 3.8206081914e-01 -2.4528417315e-03 -1.8348722101e-02 1.1208113250e-01
-4.9304855844e-01 -4.8887833516e-01 -1.4725984941e+00 7.1156431222e-01 -1.2160859274e+00 -3.0408525950e-01 -5.5539596199e-01 -2.7120993573e-01 5.1030495304e-01 -1.0235329060e+00 -9.6514990903e-01 7.6290166542e-01 -4.6797854683e-02 7.0783690640e-01 7.9359317601e-02 -1.2024606578e+00 -1.8286021971e-01 5.1756039651e-01 -5.9788865640e-01 5.5907588047e-01 -4.1329399380e-01 -2.4268279835e-01 2.2620804777e-01 3.4836838764e-01 -4.8077280057e-01 1.7016709429e+00 -6.6539048139e-01 -4.5156230721e-01 -8.4563791474e-01 6.8951228724e-02
9.2289483404e-01 1.5426404091e+00 -2.5511365017e-01 -1.3738304172e-01 1.1733752551e+00 2.4615234351e-01 4.4666141485e-01 3.0211222353e-01 -6.5720875864e-01 2.1763122637e-01 -7.4617803245e-01 -9.9465636624e-01 6.5604233730e-01 -7.0683058834e-01 2.0632600752e-01 1.3624508296e+00 -5.0072791845e-01 4.5594879677e-01 1.1821575399e+00 -3.0541831023e-01 -6.4385593549e-02 2.3976080600e-02 -9.7429512393e-02 -1.3150845810e-01 -7.1707172290e-01 1.2567164210e+00 1.0788453042e+00 -3.7093102942e-01 -4.1411972159e-01 1.1316099383e-01
