2.5394205063e-01
-4.6398317098e-01
5.7534396648e-01
2.6362471930e-01
9.1339317425e-02
-1.7347793859e+00
-1.0317224635e-01
-2.9126906727e-01
3.6644930118e-01
-1.5006820616e+00
-8.7315866513e-01
2.0579276589e-01
2.3293572959e-01
-1.2877205763e-01
-2.4972475017e+00
3.3738608030e-01
1.4508563195e+00
2.7539594192e-02
9.8096521204e-01
1.2179874528e+00
-2.3226088359e-01
1.8017272653e-01
1.0201349391e+00
3.3709881880e-01
8.8296894153e-03
4.4821780716e-01
1.5089292067e+00
1.4429051994e+00
2.5663947750e-01
-4.0568349520e-01
2.2250100860e-01
2.5736541587e+00
9.8566930517e-01
1.5406305059e+00
-1.3804637568e+00
-3.3152374779e+00
8.1380502712e-02
-1.3498931277e+00
2.0511608745e-01
4.5867857995e-01
-1.0031825921e+00
1.5340610109e+00
-2.0792151263e-01
2.4126012974e-01
-5.1055230059e-01
-1.1163034114e+00
5.3802003917e-01
-8.0802729225e-01
2.6452453660e+00
-1.0475895137e+00
-3.0717416752e-01
-7.0961532904e-01
2.7544978333e+00
1.0209043459e+00
1.1140252473e+00
-3.9618224209e-01
4.2077739075e-01
1.1941374300e+00
-4.2601076762e-01
1.0600272115e+00
-2.3464882449e+00
1.1358844848e+00
1.5547994379e+00
-5.6181521981e-01
1.8758794158e+00
1.6449618450e-01
-8.9979562747e-01
2.8539537939e-01
2.3620940967e-02
-4.4624963086e-01
