6.2464712810e-01
-2.5832880943e-01
5.1536048675e-01
-1.1710879629e+00
-1.3145277893e+00
-1.0090835017e-01
-6.7162657118e-01
3.5350061326e-01
9.1703287532e-01
-4.1330546811e-01
-4.2419308505e-01
-4.5491731294e-01
1.5035186667e+00
1.9443029187e-01
6.3547039661e-01
1.1599680546e+00
1.3440587999e+00
9.6141283929e-03
-3.2451314316e-01
-9.4091291778e-01
-3.6818585785e-01
4.5034258210e-01
1.9654009465e+00
-1.5116467812e+00
1.1834771844e+00
6.3689386516e-01
-6.4485417266e-01
8.4125107742e-01
1.2664497815e+00
-7.0334387132e-01
-7.9908599365e-02
6.2387214917e-01
1.7399731047e-01
-7.6092263788e-01
2.5450657452e-01
-5.6262263507e-01
-1.5935190421e-01
8.8707161875e-01
-8.1031801893e-01
1.3067470487e+00
-5.4051172959e-01
-8.9635894275e-01
7.1937915433e-01
8.3817180018e-01
3.5684510109e-02
-2.3881456944e+00
-8.0483163397e-01
9.8507103685e-01
-8.6955991215e-02
5.9025218877e-02
-1.2681074332e+00
3.2621389905e-01
-4.5268267640e-01
-1.4175572038e+00
4.8516362304e-01
3.2120860676e-01
4.4966248433e-01
-1.1348379807e-01
1.1105141786e+00
-2.4645188446e-01
9.4384017225e-01
1.2635226818e+00
-1.0093435216e-01
-1.0929324533e+00
3.0635626604e-01
-1.1233783714e+00
5.8402572935e-01
1.7691942860e-01
-7.0323269205e-01
1.0791283326e+00
