3.0589643366e-01
4.7038715744e-01
-4.7607129265e-01
1.0724888112e+00
3.9060344619e-01
1.8637983399e-01
6.0252549112e-01
1.1052721393e+00
-1.0576364514e+00
7.0691691669e-01
-8.2894710045e-01
1.3881364984e+00
6.8279017609e-01
-6.1410987497e-01
-1.5759440843e-01
-8.2757694878e-01
5.1152799381e-01
7.9504513786e-01
-8.3607551885e-01
-7.6215354566e-01
-7.3864685044e-01
-8.0459315650e-01
1.5772610269e+00
1.1259145327e+00
9.6628917014e-01
5.4411606899e-02
5.0869602389e-01
6.6054424391e-01
-4.9507779129e-01
-1.3678631334e+00
4.6390337327e-01
-1.2238650862e+00
