3.6050966474e-01 -1.7041629708e-02 -1.5004897878e-01 3.5960457496e-02 -1.8845630080e-01 -1.6840775656e-01 -1.0035961838e-01 -2.5861612153e-01 4.1312640504e-01 8.3457503749e-02 2.0524454269e-01 1.7047311032e-01 6.7183240841e-01 1.7996772425e-01 -1.6423117630e-01 1.1054785574e-01 -3.0932611145e-02 -3.4561808352e-02 4.1511762227e-02 4.1278017574e-04 5.6205796906e-02 1.3127294986e-01 6.0076879232e-01 -6.6696344002e-03
-1.0253748490e-01 -1.3116213653e-01 -2.4012400298e-02 -3.8731454542e-01 -4.5159266032e-01 2.5876262972e-01 3.4491732389e-02 1.4128310653e-01 5.3129868219e-03 1.0822492793e-01 -2.1920857480e-02 -1.3498731433e-01 -1.9026161786e-01 1.3282003014e-01 -1.7339222274e-02 -2.4597900243e-01 3.2201101932e-01 8.1454950152e-02 -3.3789630002e-01 2.9427655102e-02 -1.2024117165e-01 5.2637672332e-02 2.2603609703e-01 1.0279847422e-01
1.5503106936e-01 3.0294598337e-02 -1.0148472061e-01 1.6080955762e-01 2.9948017688e-01 -2.2238089877e-02 8.7058147252e-02 -3.8327869193e-01 -2.8393147854e-01 8.8616014290e-03 6.7305786183e-03 -1.1074363543e-01 -2.3063615810e-01 2.8042960660e-01 -1.1198067011e-01 3.0162856742e-01 1.6354983930e-01 2.9838031330e-01 1.8058905978e-01 3.4494834845e-01 -3.1990063672e-02 -6.3811978731e-02 -1.5000598697e-01 5.7537693785e-02
8.8657183196e-02 -1.2406679751e-01 -6.0118516052e-02 -2.6053321753e-01 -1.3618305709e-01 2.0695043963e-01 -3.8993713755e-01 2.1702872862e-01 2.7736543791e-02 -7.0370473621e-02 3.7033558500e-02 -2.9484006052e-01 -1.6414314107e-01 -2.8892713889e-01 7.6472106897e-02 -1.6278905826e-01 2.4326486924e-03 2.8573933830e-02 8.8880430846e-02 1.7709521634e-01 -5.5108605194e-02 6.9865029794e-02 1.2809407974e-01 3.6711521241e-01
1.8860421302e-01 -2.1773515858e-01 2.8415079292e-02 -6.6281249215e-02 -2.3489975231e-01 -3.2349692859e-02 2.4769101094e-02 -1.2209302246e-01 3.6889321769e-01 -8.7362895594e-02 -1.8248429565e-02 3.7529575109e-02 -2.3042323392e-01 3.1433105960e-01 2.1235992210e-01 -6.6298559365e-02 4.5604271861e-02 1.3571279803e-01 -7.8885560776e-02 1.3945413223e-01 2.8076906663e-01 -2.4268300681e-01 -1.0606351321e-01 -1.7602084655e-01
2.6858126914e-01 -9.7017151822e-02 2.4502910842e-01 3.6822312599e-03 -1.1247849254e-01 1.4403326036e-02 -1.8895506739e-01 4.3607797138e-01 8.1629496293e-02 -2.4441552533e-01 -4.5584189450e-01 2.7242755242e-01 8.1700733527e-03 4.0528469352e-01 -1.7822285694e-01 -1.2168953063e-01 -2.6886640964e-01 6.4111456506e-02 -1.7506897768e-01 7.4961367565e-02 -8.2755200459e-02 -1.7402328728e-01 -6.8256130255e-02 -3.9724187109e-01
-1.0723151590e-01 1.7059767315e-01 -1.7593559901e-01 2.9488413956e-01 -2.2986038795e-01 -4.3916553294e-01 2.1749280974e-01 -5.0004497602e-01 -4.3413027285e-02 -8.4686588019e-02 -4.3443188455e-01 2.1940742914e-01 -2.2531531866e-01 -1.4737847457e-02 -1.0740841350e-01 -1.2741299938e-01 -3.5286858915e-01 -1.6383920896e-01 6.3702875101e-02 9.9545990104e-03 1.7439630013e-01 5.6108608301e-02 6.3892807367e-02 -1.7884588734e-01
8.8105057693e-02 -7.7230107241e-02 2.6566248556e-01 -9.3660582343e-02 1.8540526584e-02 -5.6039584102e-02 1.1104780929e-01 -2.5081363963e-02 5.1517643645e-02 -3.3547517455e-01 -3.1138865253e-01 3.1229518591e-01 9.9510307123e-03 3.3605810281e-01 1.3718253099e-01 1.6364844920e-01 -1.5821315891e-01 1.3671685116e-01 1.6789641252e-01 -9.6620002597e-02 9.1510727121e-02 -1.8711874880e-01 1.9710752141e-01 -1.5463397327e-01
-2.6308489723e-01 -5.5916003833e-02 -2.8741650430e-01 2.2631191699e-02 4.4700958339e-02 -4.7863503522e-01 1.3240773170e-01 1.5073062825e-01 1.0879025773e-01 -2.6949293216e-01 -5.8636295896e-02 -4.2687757028e-01 -1.1452549941e-01 -1.2822105673e-01 -3.0726684661e-02 -3.1668011355e-01 -3.0771785265e-01 -1.0159353052e-01 1.4137985738e-02 -2.0015760702e-01 -1.3687403831e-01 -6.7555330434e-02 -1.6446516764e-01 -1.7353374444e-01
-1.3184489291e-01 -1.5689028106e-01 -1.3878404269e-01 -1.3010133008e-01 -1.1580718773e-02 1.6577620122e-01 3.3466051215e-02 3.1954422919e-03 -2.1216504498e-01 1.8462265888e-01 -2.2930376154e-02 2.5165419536e-02 3.9115404176e-02 1.7038814997e-01 1.3372351532e-01 3.3065417292e-01 1.6726290225e-01 -1.7742722659e-02 -1.9294991885e-01 -2.0490201225e-01 -2.2579823400e-01 2.4955843565e-01 -1.2430368185e-01 4.7971496265e-02
3.3232485141e-02 1.9691640500e-01 -7.4111737285e-02 -1.0516717705e-01 -1.3998637950e-01 -4.3518770757e-02 -1.1463868706e-01 -1.0912266899e-01 -1.9412991577e-01 3.9805258269e-01 -5.4773141550e-02 -4.3119613997e-02 -1.1598211950e-01 -1.6949389714e-01 1.7186969790e-01 2.4694217592e-01 3.1543367861e-02 2.2744901971e-01 6.3915352388e-02 -1.5695349048e-01 2.4154692216e-02 -1.5820046169e-01 2.0661201410e-01 -3.7363343660e-01
-1.1813186855e-01 -2.2593835911e-01 3.0744710716e-01 -1.3543206538e-01 -8.4013685691e-02 -2.5303564667e-01 -2.4737059679e-01 3.2267200588e-01 3.0948538543e-02 -1.6567612843e-01 -4.2191279412e-02 1.6526364308e-01 -3.9155856975e-02 1.9907205259e-01 6.6851490121e-02 2.7418486573e-01 2.9151913855e-01 -5.0831011376e-02 -5.7577340958e-02 -7.8503112045e-02 -1.2987824556e-01 3.4293616297e-01 2.8664980315e-01 -4.3701156362e-02
-5.1220821337e-03 -2.7849107867e-01 9.3345028906e-02 -1.0247200554e-01 -5.9098595663e-02 -2.0146958653e-01 3.9542384237e-01 2.3246455438e-01 -1.1501530628e-01 1.9756919675e-01 -5.5132643450e-02 7.8993851181e-02 1.4941302648e-01 1.0485624639e-01 -9.5818827130e-02 4.7983822797e-01 -6.8949920151e-03 -1.9306275921e-01 -4.2610055242e-01 7.0400142571e-02 -4.0915465078e-01 -9.9282740098e-03 1.0178930834e-01 1.4455475642e-01
1.0423821212e-01 -6.9075345877e-02 3.0861303661e-01 8.7600117166e-02 1.4231521186e-02 -2.2842160578e-01 -5.5346234104e-01 2.0313755640e-01 2.0922121311e-01 -1.0002684201e-02 -8.4790527391e-02 4.7293316418e-02 -3.3256120934e-02 -4.1277526487e-01 -1.7702139793e-02 -2.7830876860e-01 -1.2260306263e-01 -1.0110436781e-02 2.9209910618e-01 3.0628909429e-02 -2.4733306491e-02 2.5197342667e-01 8.5344615833e-02 -5.0321148162e-01
-2.3872883999e-01 1.0266750498e-01 -8.6924031274e-02 7.0787666134e-02 -1.0809943498e-01 3.3471082218e-01 -7.5091471207e-03 -5.8985407314e-02 3.6462874131e-02 5.0759251669e-01 -1.0304892472e-01 8.0663883906e-02 3.0083976186e-01 6.4855601424e-02 -3.4350232526e-02 -3.6416952174e-01 -1.5760892222e-03 -1.8887648827e-01 -5.3560128179e-02 4.0380063429e-01 5.9284201960e-02 -2.2599014491e-01 -2.1770977721e-01 -7.4496532649e-02
2.0117717109e-01 1.0006526995e-01 -2.2397961296e-02 -9.6751816469e-02 -2.2448880380e-01 7.2707070167e-03 1.0305569303e-01 -3.9458130125e-04 -1.2378662070e-01 8.1255050484e-02 -1.2745841182e-01 1.0579056231e-01 -4.3367123377e-02 3.6784540685e-01 -1.7755282349e-01 -2.6469429545e-01 -4.3256841370e-01 -1.2243099033e-01 -2.2018498907e-01 -1.9055209871e-01 3.2554480412e-05 -2.7900009940e-01 -9.9214031276e-02 4.1053128507e-01
8.0043595217e-02 -1.7314579991e-01 -2.1863051799e-01 1.2208230308e-01 -1.4401437581e-03 -3.7426336932e-01 9.6304527059e-02 -6.6471520368e-03 1.5188157039e-02 3.1140036666e-01 -4.4104510400e-01 -4.4701075137e-02 3.2638539031e-02 -3.2704823544e-01 -5.6327157936e-02 8.5725787618e-02 -8.7714445550e-02 -8.2011479996e-02 5.0118680771e-01 -1.2953129054e-01 -1.2277489480e-01 3.8425968631e-01 -1.2590502889e-01 -2.5590454258e-01
2.7923163364e-01 -1.8175303815e-01 1.1166624503e-01 -1.2187015944e-01 -6.7702460231e-02 -2.7582695142e-02 2.4104236687e-01 -4.0793920626e-02 2.1809582897e-01 -2.0885073347e-01 2.2333589080e-01 2.5927447473e-01 -9.9532536355e-02 1.5465975786e-01 3.0928428792e-01 -1.0740136357e-01 -5.5932144552e-03 -3.0695918940e-01 3.4561292316e-03 -1.4943721017e-01 8.5522067755e-02 -5.5220941795e-02 -8.5534499781e-02 2.1021404518e-01
-1.8553974311e-01 2.7027242554e-01 2.6959854020e-02 -2.1291013858e-01 2.4807662035e-01 2.6835768928e-01 2.4745205215e-02 9.1814382925e-02 2.5135071843e-01 8.3247567377e-02 -2.3337848155e-01 5.5732759057e-01 1.1789150322e-01 -5.1235367158e-01 -1.1179801474e-01 -6.4505216806e-02 3.2953801984e-01 1.0058506981e-01 1.7054906875e-03 3.8931094231e-01 -2.6287257622e-01 4.6481631401e-02 -7.4153347035e-02 2.5385768789e-01
-5.5284127622e-02 -1.1441532715e-01 1.9696672969e-01 6.8384485961e-02 -1.4637508648e-01 -1.4988894808e-01 -3.6960156824e-01 -1.7203478817e-01 -1.4456827170e-01 3.5729433755e-02 1.3546708288e-01 9.6014299104e-02 -3.5779214160e-01 1.3144509419e-01 -1.2701845847e-01 7.3472105844e-03 1.4664980610e-01 -6.7967628424e-02 -3.5404702535e-02 5.2202249616e-02 -4.9966329842e-03 2.5439345685e-01 -2.0829959802e-02 7.3646500593e-02
2.1345150325e-01 4.3545786109e-01 -1.4941113116e-01 -1.4473770123e-01 1.6129531886e-01 -2.1526310467e-01 5.7318075620e-02 1.0802936641e-01 -3.8561113272e-01 5.6738961699e-02 -6.1387936009e-02 5.9033505896e-01 -2.4041812997e-01 6.8329095393e-02 2.1868975228e-01 -3.3895148933e-01 -1.8694313712e-01 -3.3002946678e-01 3.1136688681e-01 -7.8144107628e-02 1.6234771723e-01 1.1011981645e-01 -1.0913615988e-01 -8.4414551243e-02
6.5293763499e-03 -2.7867365133e-01 -2.4825654398e-01 6.7836927438e-02 2.7186468582e-01 1.9314721561e-01 1.3158521164e-01 4.8295422118e-02 -1.0766602210e-01 1.8305585897e-01 8.3074264647e-03 -3.1207116391e-01 -1.8543364110e-01 1.4146440640e-01 -1.8792198050e-01 -4.0780497163e-01 -1.3662820195e-01 2.5191116705e-01 -7.6449865277e-02 3.4581569420e-01 1.2906538671e-01 -5.1243729252e-02 5.2040202826e-01 1.3442316352e-01
-3.5842327474e-01 5.0323937833e-03 2.4810952147e-01 -2.2622751801e-01 -8.3419794973e-02 9.4460526799e-02 3.2102897816e-02 1.4952106582e-01 -2.0358610181e-01 1.4108513396e-01 2.1490706489e-01 1.0096553356e-01 2.1053187227e-01 -1.0797873746e-01 -3.2642217418e-01 4.7855420254e-02 -3.3303954099e-01 -5.1611866674e-02 -3.2219909982e-01 -2.9541526879e-01 2.5531850271e-01 5.9709694863e-02 -9.1952098854e-03 -1.1230404328e-01
-1.3338057863e-01 -2.3351435518e-02 1.0607386698e-01 5.5402281385e-01 4.2498975315e-01 -5.0940438331e-03 -7.0775774989e-02 1.6793997451e-01 -2.2049772281e-01 -3.9281065089e-01 8.8769491068e-02 2.5322810341e-01 -3.0814251356e-04 3.7249916261e-01 -2.8804119663e-01 1.9041243716e-01 -1.4986207420e-01 -6.4472350437e-02 -1.6731650101e-01 -1.3508788866e-01 1.0388229327e-01 -1.1898437612e-01 1.1070186236e-01 4.6656200841e-02
