-4.8147188655e-02 2.9397222341e-01 1.8275832618e-01 -3.6087306263e-02 3.9629452921e-01 5.9138329921e-01 -3.1690316468e-01 2.4190768658e-01 2.0954831047e-01 -4.5980107420e-02 7.8139510161e-02 -4.7420995109e-02 -1.2210318858e-04 -1.9560197871e-01 -2.8211345465e-01 -3.8485348551e-04 -2.0016374093e-01 6.7965900136e-02 2.8650108517e-01 6.5077796182e-02 3.0868395603e-02 -1.5870074668e-01 -8.3074265403e-02 2.6457924058e-01
3.0928572397e-01 1.7424901907e-01 -1.0604328134e-01 -2.3764202757e-03 -4.0011093439e-01 -1.1075421679e-01 8.8716514882e-02 1.4384974827e-01 -1.9437302722e-01 -2.1549859342e-02 2.7765897342e-01 9.9438301595e-02 4.1714610206e-02 -9.1725278025e-03 -1.9059900050e-01 3.2174721868e-02 3.4496190877e-01 -2.2910193989e-01 3.6135228834e-01 -2.6678728501e-01 3.3139643305e-01 7.1985329863e-04 -6.5139440519e-02 5.9512085054e-02
-8.3469799883e-02 -1.2024565519e-02 3.3544299425e-01 -2.0813196254e-01 -2.3222078577e-01 5.6875626168e-02 -4.2488981944e-02 4.1816074592e-02 6.6433151740e-02 -3.1317353085e-01 1.4907351171e-01 1.3885435158e-01 8.5527483310e-04 6.5206958308e-02 2.7335177246e-01 -6.7967445462e-02 3.0921642526e-01 -2.0295735587e-01 -5.2986109311e-02 -2.8404941168e-01 2.0852331805e-01 -1.8020160206e-03 -3.1777950614e-01 2.6350389205e-01
7.1547864041e-02 1.5462722411e-01 2.8016368991e-01 6.8507931629e-02 3.3814617083e-01 -1.9608050341e-02 -4.2270828368e-02 -1.7434197041e-01 -1.9358790101e-01 2.3831378033e-01 6.0183206776e-02 2.2152291612e-01 -7.6918059095e-02 2.0524727985e-01 2.3129691033e-01 3.2854432138e-04 4.0936913276e-01 3.2408497749e-02 -1.8072882596e-02 9.1503490962e-02 2.6861646206e-01 6.6225201748e-02 2.1706168914e-01 9.4711307774e-02
1.3275467261e-01 1.5761211584e-01 -5.3826015548e-02 -1.0506174485e-01 -1.3413951174e-01 -3.1938056660e-01 -2.7969970549e-02 3.6454088381e-01 -1.3634751409e-01 -1.1394066904e-01 -3.3314395200e-02 2.8755666852e-01 3.7267442214e-01 3.4346240429e-01 -8.4018980360e-02 -6.4477195072e-02 5.8799814788e-03 1.0842508855e-01 -3.1725639006e-02 -3.9146036089e-03 2.3750321584e-01 1.1835621493e-01 -3.7368651955e-01 -2.0787054247e-01
6.5105098504e-02 1.9964573268e-01 -6.5900006945e-02 -1.1470042676e-01 1.1534793579e-02 1.4806506001e-01 -3.1240905158e-02 -1.3850807455e-02 -1.2731154491e-01 -9.5138938072e-02 1.6391918618e-01 5.0470838429e-02 2.1273193223e-02 -7.6351153642e-02 2.1420775747e-01 -6.6391807238e-03 -3.0359740802e-02 9.6043763504e-02 -7.3480046930e-03 -2.1174504676e-02 1.2396920665e-01 -1.3736357210e-01 1.0389149061e-01 -1.7291112573e-01
7.3357775926e-02 9.4242792896e-02 -7.3890247456e-02 2.3573572087e-01 2.4519839352e-01 -4.0108868605e-01 -1.1390616979e-01 9.5541753689e-02 9.8727914271e-02 2.8935777181e-01 -1.6685782822e-01 1.7976084993e-01 9.9391257453e-02 -1.4654017469e-01 -2.0462441812e-02 -7.0508637836e-02 -1.8038513015e-01 -4.1287285988e-01 1.1002927462e-01 2.5493820635e-01 2.6420793327e-01 -2.7130747828e-01 2.4214354488e-01 -2.1627549713e-01
-4.1616779271e-02 3.4150392415e-01 -3.0072019418e-01 -2.1376657400e-01 2.8499316174e-01 7.3486156838e-02 -4.3959439989e-02 -9.7932731101e-02 -1.9231457918e-01 3.2129605900e-02 1.4920885505e-01 -5.9546321249e-02 -5.6813132827e-02 -1.9964920617e-01 2.7349507989e-02 -9.4176789383e-02 -2.0214894033e-01 -3.8536115187e-01 3.2580373499e-01 -3.5588526378e-01 -6.2558309546e-02 -4.8050663774e-02 -2.5820813520e-01 -3.3878107246e-01
6.1008002329e-02 -1.2989026440e-01 -4.1224268017e-02 1.1423264154e-01 -1.2675226567e-01 -2.0252106131e-01 -6.2142382098e-02 -1.4234894630e-01 -1.2271109135e-01 2.3949393644e-02 1.3175417616e-01 -1.4031842520e-01 -2.6974966608e-02 -3.7332116669e-02 2.1322215671e-01 1.4696642721e-02 1.4053149435e-01 1.9580303185e-02 -3.3742288255e-02 2.7097601398e-01 -9.0272548535e-02 4.6292419938e-02 -2.0637504864e-01 3.5922606650e-03
-4.2750141510e-01 -3.9035926874e-01 1.9630170080e-01 3.6615735476e-02 1.9640398161e-01 -9.9644177301e-04 -3.2880934626e-01 1.2766341664e-01 -4.2805248864e-01 4.7392977301e-02 1.4471963317e-01 2.4476233790e-01 -8.4866335530e-02 -1.6667191817e-01 4.8232561352e-02 1.4025328150e-01 3.0509653141e-01 1.0124408443e-01 -1.4243447664e-01 3.4013770997e-01 9.1308157081e-02 -5.9703498554e-02 -2.5842205675e-01 3.4460611167e-01
-2.4015947432e-01 -7.4231312668e-02 3.3599142908e-01 5.1274206711e-02 -4.5276099872e-02 2.4476224155e-01 3.7590839949e-02 2.7742579562e-01 -2.9258656208e-01 1.1044920918e-01 2.0414487307e-01 -8.5458077855e-02 -9.2893774305e-03 4.1625428937e-01 -6.9973488292e-02 -2.2360499868e-01 -4.6131886216e-02 -5.2411803353e-02 3.3962104849e-02 6.2751915720e-01 3.2314221615e-01 -1.6505891038e-01 -6.6858201001e-01 2.2704009799e-01
-1.9120551407e-03 -2.9010900468e-01 2.2934808306e-01 2.6889795599e-01 -1.3114300635e-01 -6.2803544098e-03 -5.3967726889e-02 -1.1742583050e-01 -4.0275660731e-02 2.4510853507e-01 1.8236807194e-01 -3.1810577047e-01 -1.3513300901e-01 2.7758132223e-01 1.2050521950e-01 3.2378073538e-01 -1.9012300708e-01 1.8176252196e-01 -5.9319230797e-02 -2.4127105137e-01 -3.3358909959e-01 5.8769502308e-01 3.5362759233e-01 -7.4676176625e-02
2.9201081162e-02 -8.0980225133e-02 -2.8101810466e-02 3.0558036797e-01 1.3358219512e-01 1.9167339469e-01 1.4401855871e-01 -3.9929510284e-02 -1.0902173010e-01 -1.3542827348e-01 3.0202389061e-01 -3.5611375009e-01 -1.3426788499e-01 4.6128951899e-02 3.1836439901e-01 -6.2856368389e-02 -5.6366928939e-02 2.1063115493e-01 1.6996975898e-01 -8.4788284951e-02 -7.3215887752e-02 4.4998064727e-01 -1.7834072889e-01 7.1291535055e-02
-9.1494211800e-02 -1.7754707065e-02 2.0530791957e-01 6.3278136166e-02 -2.3477413233e-01 -8.6098924740e-02 -9.2714903634e-02 -6.2737218348e-02 -4.7655910266e-03 -1.4377664966e-01 -4.2216600212e-02 2.0906880935e-01 -5.6985032740e-01 2.7107941976e-01 2.1404647505e-01 2.5154070601e-01 -6.3477741161e-02 5.5886337510e-01 1.4169378910e-01 -6.9630938840e-02 -1.8984826620e-01 -2.9423764095e-01 -1.7985573548e-01 1.6264803328e-01
-3.5090400935e-01 -3.0405061784e-01 8.0662126218e-02 2.7799602649e-01 1.0669783557e-01 -5.0831260452e-03 2.0041842034e-01 1.3755030999e-01 8.0924388405e-02 1.5507761599e-01 -9.0127333534e-02 -1.2548221009e-01 2.5840516039e-01 1.7159222548e-01 1.7203876937e-01 1.0693554854e-02 1.3138232214e-01 8.3815063583e-02 -6.4871944671e-02 -1.5258122299e-01 1.3443235178e-01 6.0171095693e-03 -2.7826828113e-02 -2.6917072293e-01
-2.3799711976e-01 3.2135075706e-01 2.2094969228e-01 2.3730845686e-01 3.0616395933e-01 2.2401496716e-02 -9.0201467526e-02 -3.2261409996e-01 -1.0068718704e-01 1.4667639874e-01 9.3118409679e-02 8.5358454463e-02 -5.6196028019e-02 -8.5992107684e-03 9.2915103972e-02 1.9009370930e-01 7.9563754469e-02 -1.7246601703e-02 1.9716229226e-01 -2.9763859361e-01 -1.5448879526e-02 2.0926330422e-01 -2.7562294461e-01 3.1623248906e-01
2.0800393747e-01 -1.9884652804e-01 2.0411802022e-01 3.4923576945e-01 9.8925995773e-02 3.8961335421e-02 3.0206195348e-01 -2.9309230905e-01 2.2666594280e-02 -2.6114938784e-01 -8.4365071526e-03 -5.7166513387e-03 -3.5442349056e-02 1.4368013915e-01 2.9029719772e-01 -1.2075104550e-01 3.0292056055e-02 2.1628452077e-01 1.2678480704e-02 3.7276713539e-02 -3.1887793126e-01 2.5731167571e-01 1.8858645741e-01 1.5992991525e-01
2.0198901752e-01 2.1029158568e-01 -7.8188000355e-03 1.4373501153e-01 1.1493471161e-01 -3.6749736458e-01 2.5546008179e-01 -1.6945271769e-01 -7.1046857720e-02 -1.5835858659e-01 -1.6398136379e-01 3.7065556159e-02 -4.2131897916e-02 5.6005522866e-02 -8.8797967392e-02 -1.5224317774e-02 -6.8480232469e-02 -2.9348302194e-02 -6.8952264013e-02 1.1793402568e-01 2.7735779264e-01 5.6069826651e-03 1.6712106502e-01 1.6026787848e-01
-2.8860278697e-02 5.4674680019e-01 2.1161753338e-01 -3.3685539283e-01 -3.9038598176e-01 -7.9756457512e-02 8.5964775297e-02 -3.0678656898e-02 1.4107766208e-01 2.0906537726e-01 -6.3756481057e-04 7.2540304594e-02 9.2382601186e-02 -3.7888593999e-02 7.2308166521e-02 -1.0903311952e-01 -1.7630862825e-02 2.7118491392e-01 -2.4146403885e-01 5.3177527119e-02 1.2388415007e-01 2.1206432648e-01 1.5785830042e-01 7.1690958674e-03
3.5375168007e-01 -1.1869162677e-02 -2.2288064272e-01 -1.6143500312e-01 -1.7939957719e-01 3.1933680437e-01 -2.6650255789e-01 1.6926903987e-01 -7.0891726311e-03 9.3822151815e-02 2.0937308004e-01 -3.8316667847e-01 1.8142401022e-01 4.0225695904e-02 1.3505815452e-01 -6.4077983720e-02 1.5308887294e-01 1.6049845625e-01 -2.1514343086e-01 -6.9888494895e-02 -2.8362175633e-01 9.5119414532e-02 -3.1035052503e-01 4.2538597783e-01
1.9419583665e-01 1.2201525810e-01 6.2199706681e-03 6.8893056527e-02 -1.0919385540e-03 8.0170885014e-02 -1.6177879554e-01 -1.6231379859e-01 2.1671532390e-01 -4.6180681050e-01 8.0461560145e-03 1.4882191218e-01 -1.0741474106e-01 -1.7911486453e-01 -2.4170939909e-01 -8.1581564476e-02 7.2706698950e-02 -3.5126454921e-01 -2.3338663154e-01 -5.5120223443e-02 -2.0360010072e-01 -1.1712620146e-01 9.6231383796e-02 -1.0674448328e-01
7.3530167899e-02 -1.4753806697e-01 -2.3153570195e-01 -9.9484486285e-02 3.4525438792e-01 5.8759847180e-02 1.1496347647e-01 1.3175203746e-01 1.8190933758e-02 -4.4966645710e-01 -2.2947175257e-01 -6.4452682456e-02 -9.7698656286e-02 -1.6203864590e-01 -2.6734910155e-01 -1.1499554344e-01 -1.4725767481e-01 2.6364003975e-01 1.9032851683e-01 2.1254832294e-01 -2.5373147845e-01 -1.9269939399e-01 -1.1172482991e-02 -4.6638585912e-02
-3.9567292594e-01 2.3587286775e-01 -1.0186841933e-01 2.3508006637e-01 -2.4083915785e-01 1.3938739440e-01 1.7452494111e-01 1.4505745939e-01 3.1327772001e-01 1.7536686192e-02 -2.0924986528e-01 1.5684831431e-01 -5.5711094345e-02 -1.0702912371e-01 1.6798572178e-01 2.7335156427e-02 2.0117158729e-01 5.5636752292e-01 -9.2964951659e-02 1.9400642724e-01 3.0596806849e-01 3.6762018050e-01 -3.5939855211e-01 -2.6390666383e-01
1.5179325055e-01 -4.1509706995e-01 7.1498756052e-02 -3.2656133969e-01 1.7968398207e-01 1.6178611300e-01 1.6084166847e-01 -8.9072537090e-02 1.2496230433e-01 1.0311396129e-01 1.8708325500e-01 -8.5052116101e-02 1.2675310466e-01 -2.2417347135e-01 1.6750741913e-01 1.5966872762e-01 -4.6558990684e-03 1.9851797726e-01 1.4679869992e-01 3.6603022743e-01 -7.1646320588e-02 1.4868816289e-01 -1.7749843512e-01 1.5562669105e-01
