1.3808479185e-01 1.6860082398e-01 5.2757814614e-03 -1.5051734021e-01 2.4941996993e-01 1.3075524811e-02 -3.4326487227e-01 -1.0916497237e-01 1.8439824906e-01 -2.0048754631e-01 -1.7117112801e-01 1.5679031796e-01 8.4443065010e-02 -4.8898576705e-02 2.1552599098e-01 -1.6720616364e-01 8.9030978383e-02 -4.5774751439e-01 -7.6253266396e-02 3.1177163577e-01 5.5767861919e-02 -1.7069729348e-03 -8.0770061122e-02 -1.5724567519e-01
9.7985070297e-02 -8.4334596402e-03 1.7280112463e-01 -1.3849026830e-01 7.7090784858e-02 1.0378615661e-01 1.3832440022e-01 -2.0767528412e-01 -2.2746680102e-02 3.9620972615e-01 3.2087179020e-02 1.4435738899e-01 -2.8542738182e-01 -1.9557488698e-01 -2.1908638067e-01 2.7122064632e-01 1.7663593315e-01 3.0921097488e-01 2.1290105832e-02 -9.1959007508e-02 1.9918931709e-01 1.6090441398e-01 2.7831601075e-01 1.2073034183e-01
1.3666859913e-01 2.6383458101e-01 -1.6095985862e-01 -3.8766274100e-02 1.3299405384e-01 1.4310945295e-01 -2.2054198415e-01 -9.2588309365e-02 2.1263548911e-02 1.2746223958e-01 1.3614043189e-01 -1.2305164551e-01 -4.0955270211e-02 -7.4299363575e-02 5.1172694857e-01 1.7746923480e-01 2.2067932312e-02 -9.0338014970e-02 -5.0457509936e-02 2.5129679648e-01 8.9906209449e-02 2.0766059385e-01 -3.4894745505e-02 -7.4638008626e-02
2.9077566367e-01 -1.6714926822e-01 -4.1326791279e-02 1.1215776598e-01 9.1575257569e-02 -5.5284837274e-02 -6.1090647813e-02 1.9643941530e-01 1.7284536609e-01 7.0347966819e-02 1.7391911777e-01 9.2142927772e-02 1.3028028903e-02 -1.6877436458e-01 -2.2692612820e-01 -2.6195849850e-01 -1.1604308774e-01 6.1526305662e-02 -5.7778228899e-02 8.5811961920e-03 -2.2243488211e-01 -1.3318236057e-01 -5.7503497640e-02 2.6418682482e-01
-3.3108200251e-01 3.9247060985e-02 2.6794828687e-01 3.9517227414e-02 3.3180272311e-01 1.4410427649e-01 -8.1269506835e-02 -1.6207175425e-02 -2.3186328236e-01 1.1428960791e-01 3.7063804936e-02 3.6673286657e-01 3.4741051503e-01 2.0955523619e-01 -3.8044189569e-01 -1.3857934504e-01 1.6544877688e-03 7.0478108205e-02 2.2260816766e-01 1.7860402715e-01 -3.4209266057e-01 -2.3515808970e-01 -6.2721294906e-02 -2.7912400247e-01
2.0449455395e-01 -5.1847840165e-01 1.9807624217e-01 1.1978878968e-01 -5.8831959515e-02 -1.7184534833e-01 -2.0543657459e-01 6.5953151323e-02 -2.0698427115e-01 -2.3057155820e-01 4.5460680706e-01 1.1689702357e-02 -4.0268191593e-01 1.8831914421e-02 7.0531952896e-02 -4.1363420085e-01 -3.0568329180e-02 -1.1949836117e-01 -3.4094864381e-01 5.8518070093e-02 1.5138140314e-01 -3.0347156647e-01 -1.3612017851e-01 1.9377269353e-03
-3.1705857694e-01 1.5512158163e-01 -1.1149822683e-01 -3.2389761841e-01 -4.6838404866e-01 -4.3525162638e-01 -7.1243433366e-03 3.6913283991e-01 4.8773549440e-01 -1.4961882505e-02 3.3529367114e-01 -1.8127246157e-01 -3.2568971627e-01 1.6592244480e-01 2.1069873525e-01 4.0202124490e-02 -6.7717956745e-02 2.9337719133e-01 3.6306414428e-02 3.3790724177e-01 1.4038298459e-01 -9.3403546323e-02 -7.1102973711e-02 -4.3740532735e-01
1.6115565650e-01 1.0183320943e-01 4.2677592087e-01 2.3544582860e-01 1.6248035288e-01 -7.6938799675e-02 1.0101647313e-01 6.0905074925e-02 -1.2371630100e-01 1.2127282967e-01 -1.6506428878e-01 -1.7014683732e-02 -1.0689019756e-02 8.4289999206e-02 6.0864008013e-02 -2.1039749268e-01 1.4308510119e-01 1.8624257292e-01 7.7327993354e-02 -2.3663636590e-01 -1.7444114686e-01 2.1588124094e-01 -1.4208656580e-01 -4.1414188825e-01
9.0264544814e-02 2.3840357382e-01 3.2140029904e-01 4.0300137538e-01 -3.6964623212e-01 4.0974833182e-02 -5.7814530719e-02 -3.9936925641e-01 -1.4790427394e-01 1.6610417255e-01 1.9487155759e-01 1.4061173044e-01 1.2682940047e-01 1.8263569713e-01 -1.3593649091e-01 2.3856748299e-01 -3.6558525332e-02 5.3123530520e-01 -4.9772433021e-03 4.2962366333e-01 -5.0489593500e-01 -3.1889067491e-01 6.9473657851e-03 2.4869650068e-01
2.9208556467e-01 1.2088503898e-01 4.5524873398e-02 2.9552433603e-01 1.2666071256e-01 8.4074344006e-02 -1.0242676896e-01 -2.4921785483e-01 7.0168956137e-02 -3.3653095582e-01 1.0102177345e-01 -2.8546033986e-01 3.3948124471e-01 2.0155048302e-01 7.8564061575e-02 5.4007765287e-01 -2.4873111818e-02 -3.3851055533e-01 1.1522240982e-02 -8.8258292194e-02 -1.0505355213e-01 -1.3803428714e-01 6.6951096942e-02 -1.7332877158e-01
1.2836182013e-01 -9.9342851737e-02 -7.8949223907e-02 9.4686274259e-02 -2.8218156560e-01 -6.8176781566e-02 4.6166114441e-01 -4.4191237931e-02 -3.9148778609e-02 1.4799718991e-01 -2.2111887149e-01 2.1204177903e-01 1.6935219385e-01 -5.4060639553e-01 -2.7507494636e-02 2.2239579645e-01 1.6206939806e-01 -7.0975445358e-02 -2.3015390731e-02 3.1705803283e-01 4.2393512069e-02 -8.7468636432e-02 1.9699690803e-01 2.2262057416e-01
2.9676143684e-02 4.9218158323e-01 2.5757886058e-01 7.7712926816e-02 2.2459157900e-01 -1.0621129294e-01 -8.3895604997e-02 1.6713623223e-01 -2.0458874612e-01 8.1042812987e-02 1.6950751360e-01 -3.0455914846e-01 -2.8181720509e-01 1.7558800396e-01 1.9480406859e-02 -1.5949243393e-01 -2.3353011086e-01 -1.8750814627e-01 -1.4603439082e-01 1.2523171866e-01 8.1099339120e-02 3.6885330826e-01 -2.0596235685e-03 -5.0573443927e-02
2.4444942109e-01 -3.2921763001e-01 2.6129164884e-01 2.2328214312e-01 -3.7248308467e-01 2.2298521375e-01 7.9243298323e-02 4.1711266248e-03 1.5506918205e-01 -1.5843575802e-01 -3.3638500287e-01 -3.3947518786e-01 -7.3653120575e-02 -1.5455916174e-01 3.0287972781e-01 -1.7168932826e-01 -2.7815352341e-01 1.5072866249e-01 -6.9473161125e-02 -4.4173337285e-01 -1.4345903726e-01 2.2050163044e-02 -9.5839486487e-02 2.9411643122e-01
4.2368124592e-01 -3.1365633671e-02 -3.4774343147e-01 -3.6996886096e-02 -2.5388677146e-01 -1.0016196951e-01 9.1597514278e-02 1.1842733855e-01 1.9296146420e-01 -3.2769629680e-02 -2.2908910278e-01 -2.2813712784e-01 1.4451997195e-01 1.9578490863e-01 -2.3146057486e-02 -1.1350279631e-01 1.2190904755e-01 8.2350281918e-02 -3.0828732659e-01 -9.4569451426e-02 2.4744007558e-01 -1.7374919114e-01 3.6203161989e-02 -1.3967874090e-01
1.1503464699e-01 9.6133423075e-02 -1.5893568670e-02 1.3409260216e-01 1.5391569430e-02 -3.1631790299e-01 -9.7335067937e-02 1.7109290069e-01 2.1051891135e-02 6.0790309269e-02 -3.3802586146e-02 -2.3734471104e-01 -9.4125072513e-03 3.4420471922e-02 -5.1464262043e-01 -1.0739176292e-02 -2.1779464457e-01 -1.3359226627e-01 -1.1722693839e-01 -2.3085781713e-02 2.8492351203e-01 4.3962773791e-02 -2.9060415695e-01 1.5607238869e-01
-2.6061093856e-01 -5.3118810799e-02 2.5571674514e-01 2.7867758957e-01 3.9676216481e-02 3.6176889571e-01 2.3913474361e-02 -4.0915012838e-02 -1.4206984208e-01 1.5247548382e-01 1.1137254455e-01 -1.8782306961e-01 -8.1300250174e-02 -2.9491970190e-01 -3.3392356079e-02 1.1181104659e-01 -1.5154906374e-01 -1.2483174249e-01 1.7152638885e-01 -7.4719980519e-02 1.6928711076e-01 2.7365379497e-01 -1.9269809245e-01 2.3326196168e-01
-1.2332714527e-01 1.7100471581e-01 2.7029647999e-01 1.2587946095e-01 -1.4557391710e-01 -1.2028961837e-02 -9.6728592229e-02 1.2930243114e-01 -3.9396595250e-02 3.9218597879e-02 -3.0974727708e-01 5.9441483524e-02 4.7577557217e-01 1.2272586998e-01 -1.0305515752e-01 1.9454740446e-01 -5.9302964454e-02 4.8429516521e-01 -2.1024965211e-01 -2.3731522614e-02 -3.1856977115e-01 -2.6544849493e-01 1.3240667354e-01 1.6479594850e-02
7.1561540434e-02 -3.4818384563e-01 2.7166214720e-01 -2.7104796265e-01 3.9387795853e-02 -7.2618936960e-03 -5.1438271400e-01 -1.5246881848e-02 -1.5580349609e-02 -3.6658958313e-01 -3.9276266313e-02 3.6838332733e-01 1.5124987135e-01 -1.6623853303e-01 -1.4396753124e-01 2.8604100338e-01 5.6518401679e-02 -2.9017581011e-02 1.2115879747e-01 -1.9687294271e-01 1.9915067724e-01 1.4575793087e-01 1.1182669839e-01 -1.3162897971e-01
1.5675578083e-01 2.4127508945e-01 9.6504756049e-02 1.7386869169e-01 9.2602443024e-03 -9.7722789847e-03 -1.1621440822e-01 -3.5641674914e-01 4.2983198496e-02 5.7101684453e-02 4.4847549619e-01 2.7600300235e-02 2.0387013445e-01 2.9953603310e-01 7.1486041298e-03 1.2885999091e-01 -5.6938284733e-03 -1.2354874682e-01 -2.3083543067e-01 9.8398010040e-02 -2.9933927536e-02 -1.2966030400e-01 1.0899835847e-02 1.6095319237e-01
-9.4456750570e-02 2.1736776748e-01 -1.1857894810e-01 -7.8992248490e-03 1.1114387617e-02 -3.2010689731e-01 1.5964434984e-01 -2.4830817035e-01 3.2283014950e-02 -2.8330481391e-01 2.6717895413e-02 -4.6229151783e-02 -1.6252457737e-01 1.9344550422e-01 3.6677288942e-01 -4.4135773751e-01 -4.6275921209e-02 1.5666975602e-01 2.8674028733e-01 -1.0385800939e-01 -2.9232587067e-02 2.4893524367e-01 1.8037182492e-01 -9.2108767397e-02
1.0088077543e-01 -1.9307564872e-01 -3.4396383439e-01 -1.9493320163e-01 -5.3145470517e-02 3.3249436626e-02 2.1102176771e-01 4.5571839903e-01 1.2935977911e-01 1.6394681189e-01 -1.4177763629e-01 4.2219480918e-01 -7.7733299746e-02 1.6241081136e-01 -5.3589056462e-02 2.7182867761e-01 2.3845896722e-01 -6.0077851437e-02 -1.8869418957e-01 4.3010220860e-01 -4.8295038373e-01 7.2785662096e-02 2.3314356541e-01 -5.0629733095e-02
1.3841164692e-01 -2.2877430018e-02 -2.9960158860e-01 -3.6765285821e-02 2.8976773175e-01 1.7309880573e-01 -7.0763677792e-02 2.5892495622e-01 1.7618520793e-01 1.6790677610e-01 -5.0699338878e-01 -4.9003386630e-01 4.8523049321e-01 -2.3392183748e-03 -2.6965519727e-01 -2.7064571691e-02 -1.2880670440e-01 3.4553833359e-01 1.0312123961e-01 -5.9296337313e-01 1.3993840367e-01 2.2110705836e-01 -1.3180491728e-01 1.6187222781e-01
4.6057494406e-02 2.4394606904e-01 -3.0778904961e-01 8.1935085452e-04 1.7290665758e-01 -1.2265790586e-01 -1.4101270304e-01 2.5436043472e-01 -1.0808917920e-01 -6.5636387618e-02 7.7802071646e-02 -8.9212369281e-02 6.4402078717e-02 2.6458174017e-02 5.9374747174e-02 1.7124421502e-02 6.3335317249e-02 6.1484514513e-02 -3.6315779092e-01 2.7697624729e-02 -2.1072729993e-01 -2.0230636567e-01 -1.7574239030e-01 -2.1837491113e-02
2.4588889011e-01 2.8375595218e-01 2.1232996531e-01 -6.1317319036e-05 -2.6962613941e-01 1.7047034152e-01 -1.9250094436e-01 -2.6136742057e-01 -6.9988561235e-02 3.4457737315e-01 7.4651250285e-02 2.1784620879e-01 -9.2620628562e-02 -1.4813792516e-01 -5.6497835747e-02 -1.4777435904e-01 -4.7039856869e-02 3.0119875197e-01 -1.5754824379e-01 -2.0066460778e-01 -8.0988719176e-02 5.6729971746e-02 -1.9641669596e-01 -1.4852642965e-01
