1.8523276445e-01 -3.6254989933e-02 2.5278501637e-01 -1.6402512503e-01 -1.9570699399e-01 4.6451460734e-01 2.1381929145e-01 -4.6261261932e-01 3.0640495710e-02 3.8559094524e-01 1.3978556345e-01 -2.6198133092e-01 -4.1967346602e-02 3.8934946643e-02 1.3972786130e-01 -8.6729898922e-02
-2.3598033936e-01 1.8973699254e-01 -3.1175856980e-01 -2.0900763731e-01 -3.8568203153e-01 4.1677656001e-01 2.3207522357e-01 -2.6781123615e-01 5.4928798321e-02 4.4923045572e-01 -2.0798475500e-02 1.0626707628e-01 5.7333549329e-02 8.4005594811e-02 2.5996145809e-01 -3.2802275711e-01
-3.9590082871e-01 4.2319843636e-01 2.8080192882e-01 -2.4513330555e-01 1.4244980835e-01 -1.1313570438e-01 -4.0549161016e-01 -9.8094599162e-02 1.4290002184e-02 4.3129269518e-02 2.0602886817e-01 -4.5255482608e-01 1.7262507285e-01 -8.4272672917e-02 -3.4677461417e-02 4.4409954614e-01
-1.4468148041e-01 1.2443632021e-01 3.4145730827e-01 5.6889079461e-02 -4.1806071211e-01 1.6325868876e-01 -4.3558793310e-01 -4.0559669800e-01 2.1981120652e-01 -3.1512484966e-01 -7.3077604323e-03 2.2051905240e-01 -6.2367857479e-02 2.0449189010e-01 -1.8413754445e-01 5.1774225889e-01
-4.8871602819e-01 -2.5892066500e-01 -5.3055471578e-02 -6.1266802416e-02 2.1285554638e-01 1.8693967147e-01 -5.2042515404e-01 1.4851312638e-01 1.0386966947e-02 5.3596405362e-01 2.7985411108e-03 -5.9199781936e-01 1.0188761460e-01 5.8537462915e-02 1.8867270106e-01 -2.8280051000e-01
4.5878522147e-02 2.3498403029e-01 7.0193648031e-02 -7.0948406109e-02 -1.8799479615e-01 -2.4220148931e-01 3.0304247335e-02 1.2989066007e-01 -9.3119735381e-02 -3.8643625887e-01 -3.0148654654e-01 1.6373213431e-01 -2.3845137525e-01 -1.6027071796e-01 -1.6495349308e-01 -1.1390444584e-01
1.9393015687e-01 -6.8388809067e-02 1.7546617468e-01 -1.9772844208e-02 1.5792586541e-01 -3.6090677671e-02 -1.1999576499e-01 4.1788180354e-02 1.5913677629e-03 -2.1745715004e-01 -3.9356632102e-01 3.1399217807e-02 3.2286293070e-01 1.2937102124e-01 -2.4518003342e-01 5.3467853794e-01
7.3336331128e-02 8.3230207692e-02 1.2297998180e-01 -3.0795716707e-01 1.8482533781e-01 -1.1373782837e-01 3.6386571300e-01 -3.7604424758e-02 -4.0327792447e-02 8.5117314903e-02 -4.3540594753e-02 5.9214754782e-02 -2.2218317821e-01 -5.6993601096e-02 9.3917416882e-02 -1.5837395479e-01
-1.6027933527e-01 5.0369287036e-02 -7.1591846658e-02 2.9056609609e-01 1.3672396866e-01 3.2969662062e-01 1.4563785496e-01 -3.0166138660e-01 -1.7553145784e-01 -1.4245033830e-01 2.0523463506e-01 -1.8058151565e-01 -6.7135305340e-02 -2.0633809420e-01 1.5276086485e-01 -3.2367329845e-02
1.3177078858e-01 1.4360192411e-01 1.1829489510e-01 -2.4422356863e-01 -4.5229308838e-02 1.5795308497e-01 -2.5795138950e-01 -1.1806730668e-01 -2.0957356436e-01 -1.6767943530e-01 1.5991039048e-01 -2.4544330412e-01 -9.9077898591e-02 1.1910426578e-01 -4.9762282880e-01 -4.9064653985e-01
4.8824389536e-01 -2.1554578656e-01 1.2985982378e-03 8.4344403830e-02 2.7154156905e-01 2.6419856070e-01 4.0402962288e-01 -7.7778799294e-03 2.8050451237e-01 -5.6499557403e-02 5.5314246754e-02 -1.7493101226e-01 -1.6691514887e-01 -1.2073786731e-02 2.0851023440e-01 -1.0124284451e-01
-3.2901023746e-01 7.9709997680e-02 -9.3379564676e-02 1.6839973171e-01 -7.2131558715e-02 -1.6289047924e-01 -1.7057520811e-01 -8.7484002937e-02 5.0738572838e-03 -1.9264121558e-01 1.5839395337e-01 -2.5734305535e-01 -4.6564526628e-01 -2.8427552027e-01 3.7781939490e-01 -3.2867327940e-03
1.5087623890e-01 1.4308674676e-01 8.9914022208e-02 1.8296086864e-03 -1.9888271838e-01 6.0628523743e-02 -5.9038839289e-01 6.9008431477e-02 3.2437025192e-01 1.6541882007e-01 -1.5955558765e-01 -1.9138850941e-01 -5.1259293728e-02 9.9270953829e-02 1.7105842613e-01 1.9255166370e-01
-3.0402556766e-01 -5.6615258986e-01 -1.9394060783e-02 -2.0608564155e-01 -1.0213390000e-01 -5.0493769339e-01 -1.0900094227e-01 -1.1998257713e-02 -2.6866967339e-01 -2.1838601584e-01 2.6524661409e-01 -5.6935915160e-01 3.7711127834e-01 -6.8842432993e-02 2.0504594600e-01 -3.9919759714e-01
-1.9187219087e-01 -8.8897367104e-02 1.2343066856e-01 -1.6520565430e-01 6.2556811123e-01 1.9317985933e-02 2.9828085234e-01 -3.0293056073e-01 -6.3660398712e-01 5.5046710190e-02 -1.3592403486e-01 2.9900279608e-01 2.8101035724e-01 -1.7174948029e-01 2.8248039492e-02 3.6233480025e-01
1.6581161924e-01 2.1370473282e-01 9.0235483550e-03 2.4781730331e-01 -2.4464528868e-01 6.2005946299e-02 -3.3182452004e-01 -2.2075659454e-01 -1.9320783117e-01 -2.6711570131e-02 -3.5051805971e-02 2.5802482776e-02 3.6325868585e-02 -2.5651078925e-01 -2.3076203040e-01 7.9136937665e-02
