-4.7677368996e-01 -1.6084424170e-01 -4.6805534539e-01 -2.5730464979e-02 -1.1910799183e-01 -4.5287760739e-01 -2.7471119109e-01 -3.8552801845e-01 -6.5172609863e-02 -2.1112746960e-01 3.9105618659e-01 1.3687202406e-01 -1.7226808819e-01 2.3063659921e-01 3.1365349833e-02 1.2263935495e-01
-2.9421672831e-01 -6.8199978488e-01 -2.2819701736e-01 -2.2569482279e-01 -2.9237015407e-01 -9.5952475685e-02 -2.2037877249e-02 4.1613915038e-01 2.0170233557e-01 -1.2971078843e-01 8.5302919095e-02 -1.4787070810e-01 3.5862074529e-01 3.0941017081e-01 1.6679727135e-01 2.4064920658e-01
-1.8905349871e-01 1.7507085217e-01 4.9223913273e-02 -5.6279163318e-03 -2.6483991907e-01 -4.4277777119e-01 -3.5114293100e-01 8.8679698803e-03 1.7572824939e-01 6.6834033305e-01 -6.5681519676e-02 -1.3133875985e-01 1.6546359824e-01 -1.6237929748e-01 -1.8914895913e-01 1.4958029219e-01
5.3505292833e-02 1.1584679940e-01 -3.4953297732e-01 3.8460293622e-01 -2.9965149117e-01 -6.1487553250e-02 3.1579306450e-01 1.8396966899e-01 -3.1789280949e-02 -2.4591120912e-01 -6.9366776612e-02 1.9741131855e-02 -1.4578142691e-01 1.0554772603e-01 -7.1259614901e-01 3.4939800952e-01
-8.7283440230e-02 3.2335886735e-01 1.3147089971e-02 -3.0807836352e-01 -6.7268784209e-02 2.1881892295e-01 4.2593717055e-01 3.9725000466e-02 -1.9030384329e-01 1.6015411758e-01 -1.7039891563e-01 2.8465302247e-01 1.2555413474e-01 3.9111052618e-02 -2.0238492903e-01 -1.8447241506e-03
-2.9940611567e-02 -3.8955774212e-01 -1.5868089395e-01 -1.0082839928e-01 -4.3634879463e-02 -3.6001860822e-01 1.8403583704e-02 -5.3694879234e-01 -4.2719131782e-01 -2.9448102446e-01 3.7066066174e-01 -2.7358327052e-01 -1.0869397205e-01 -2.8378515575e-01 -9.4628970004e-03 -1.8204891278e-01
1.3294373457e-01 1.0326461787e-01 1.2053545437e-01 -2.9733000096e-02 2.7189877796e-02 -1.6013337111e-01 -9.0974208976e-02 2.7918634787e-02 2.0470041060e-02 1.2751810830e-01 -4.5794702560e-02 -9.2247253818e-02 4.9104743853e-02 5.6036400537e-01 -1.1700546092e-01 -9.4496931228e-02
-1.5688285123e-01 8.8447832578e-02 2.7846791700e-01 -8.2976298786e-02 6.8085355515e-02 8.3784700321e-02 -1.1273881744e-01 -8.8707528887e-03 1.3997349493e-01 7.0257479814e-02 1.0894744887e-01 -2.7771364592e-01 -9.5034111617e-02 -9.7383501877e-02 3.5161884432e-01 -6.0176420797e-01
-7.6488654512e-02 -3.4407503508e-01 -1.9177770286e-01 3.2896880102e-01 3.1824088783e-01 -3.0191525958e-01 6.2523518386e-02 -5.3437748207e-01 2.4516876740e-01 -6.3542436857e-02 3.5924963186e-02 1.8139008843e-01 -3.1728393843e-01 -4.5648216804e-01 -4.6290645662e-01 1.1538274743e-01
-3.9411535267e-02 3.7893149628e-01 6.2508225736e-02 1.2845771723e-01 -9.7721262456e-02 2.4180788281e-01 9.2941824165e-02 -9.0088617659e-02 -2.8490798670e-02 -2.2322046395e-01 2.8641436873e-02 -4.5751919979e-02 -3.4282425780e-02 -4.7786150099e-01 -3.5046741958e-01 -1.3552889072e-01
9.3321237940e-02 -4.5986958206e-02 1.1655193161e-01 -2.9980648928e-01 -2.9048321126e-01 -3.0954162930e-01 1.0408685011e-01 3.3139839790e-01 2.0867829948e-01 3.5085540496e-01 -6.9884255774e-03 -3.3372820459e-02 -2.9190471843e-02 3.1206036401e-01 -4.3683053379e-01 -1.7248300624e-01
1.4994979087e-01 4.6722801930e-01 1.5271772494e-01 5.6102215866e-01 2.3047341847e-01 3.2130069004e-02 3.3830403673e-01 9.1181975190e-02 2.0643515449e-01 2.6162735204e-01 -5.7488544596e-02 1.7527919703e-01 -1.2100946458e-01 3.0397538232e-01 2.5161669420e-01 1.5591830993e-01
-4.9476379450e-01 1.5417386268e-01 -9.7023044769e-02 -2.7066966427e-01 -1.0794735105e-01 3.8260870449e-01 -1.6978137682e-01 -2.5317314395e-01 1.8791810063e-01 -1.6807519264e-01 1.3562884865e-01 1.5126799317e-01 1.8321973371e-01 -4.3142619369e-02 -2.1605981867e-01 2.6853558290e-01
-4.3561983870e-01 -1.0415729093e-01 -4.5990802217e-02 1.5738525655e-01 2.7550464662e-01 1.2703229583e-01 2.1727204571e-02 3.8554262143e-01 -6.8444718966e-02 -1.4986593417e-01 6.1861129510e-02 2.0837192796e-01 4.6695789207e-01 2.4751335567e-01 3.5998835867e-01 -3.9638220684e-01
2.7904725496e-01 -5.9327014433e-01 -6.7042141545e-02 -6.8273415832e-02 -1.7254712876e-01 -2.6520958087e-01 1.4871322318e-01 3.5750851901e-02 -2.6641584587e-01 7.7004147537e-02 3.7533351612e-02 1.5876378932e-01 3.2329546060e-01 -3.7566031710e-01 -4.5551373790e-01 -2.0354199168e-01
-5.9849489675e-01 5.8940749987e-02 8.0465717130e-02 2.1813541397e-01 -1.2138928732e-01 -8.3395382209e-02 -2.8065367737e-01 3.4536700287e-01 -3.5359784550e-01 2.6552109179e-01 5.5605572115e-01 5.8073060856e-02 1.1101429564e-02 -3.0221377444e-01 -5.9052314879e-02 -4.1916635961e-01
