-8.8004769519e-02 1.6737497366e-01 -2.0623786248e-01 -8.8944068424e-02 1.4619086706e-01 -2.4609666267e-01 3.8187694669e-01 6.0266647512e-02 -5.7396397018e-02 -8.5354013904e-02 -3.6086369860e-01 -2.6568175521e-01 -1.2629895031e-01 -8.5894243725e-02 1.9636224086e-01 2.6534238115e-01 -1.3605917719e-01 9.0360509967e-02 4.0563727296e-01 8.9493694349e-03 4.8389309755e-02 9.0897708442e-02 -7.3986869995e-02 1.6025656736e-01 -1.2128342900e-01 3.7925615368e-01 1.5045395567e-02 8.9673688114e-02 -1.7608566924e-01 -5.0513971130e-01 1.9675398214e-03 8.5053763743e-02
1.4778863615e-02 -1.1510413673e-01 5.6455240202e-02 2.3325835280e-02 -1.5257777041e-01 9.6500586356e-02 -2.8645901633e-02 -7.0023931954e-02 -9.8698969867e-02 1.3466848742e-01 6.9284815168e-02 -1.7903616800e-01 4.6430496435e-02 -3.0230785108e-01 -1.9664556803e-01 2.4115773493e-01 7.2427918155e-02 8.3004343322e-02 -2.6024621260e-01 1.7044116347e-01 4.7437524924e-02 -7.6173368920e-02 -6.8480671994e-02 -2.6623507903e-03 -1.9758923971e-02 4.8095913207e-02 2.6702143241e-02 2.7578094628e-01 3.4899273463e-02 1.7698681484e-01 -1.1150814059e-01 -5.2052266859e-02
-9.7230604575e-02 8.3168853386e-02 2.2027388701e-01 3.6760741946e-02 -1.5780399997e-01 3.9479399573e-01 4.1665311646e-01 -3.7427547380e-02 6.4075835573e-02 6.4117731709e-02 -3.1414446081e-01 -8.1390214285e-02 9.0990236608e-02 1.6237202174e-01 -6.8675672467e-02 -1.6417826340e-01 -6.5175986606e-02 8.7036636162e-02 9.1548020994e-02 1.1532297037e-01 8.7639727407e-03 -1.4884500052e-01 -1.4289605635e-01 1.5069439066e-01 -5.2258234858e-02 -1.7255591756e-01 -3.5147972461e-01 1.3935790625e-01 -5.3728294990e-02 1.7668529141e-01 2.6522030686e-02 2.4930069641e-01
-5.5205621530e-02 2.7755962066e-01 -1.0402477687e-01 7.2181843619e-02 -2.4457297221e-02 1.4447690675e-03 -3.1080406562e-02 -3.9203257318e-01 3.4827563747e-01 1.9131739548e-01 1.0994031581e-01 -5.1604304683e-02 1.5650654326e-01 1.5614817689e-01 -4.9964159668e-02 -9.2692344028e-02 6.5563973780e-02 6.8449389950e-02 1.1158375070e-01 -2.1993112436e-01 -3.3312892286e-01 -2.7937623647e-01 -1.2376196753e-01 2.9156954224e-01 1.7069789335e-01 3.1791914843e-01 1.3081906556e-01 -5.0828313900e-02 5.4457719137e-02 1.0779648707e-01 -2.1501182528e-02 -1.2182430818e-02
-1.1357396023e-01 -6.2450664565e-03 2.1444962564e-02 -5.4505147933e-02 -2.5430614770e-02 1.5049140834e-01 -1.2773461654e-01 -3.4631355537e-01 -8.8597628491e-03 1.4447108493e-01 -2.2676517002e-01 -1.2479037746e-01 2.1004840204e-01 -2.1000329865e-01 -1.0966598986e-01 -1.6615425560e-01 4.5254754149e-02 4.3755823436e-01 -2.4846396722e-01 -1.6546828933e-01 5.7782796739e-02 -1.2518226953e-03 6.3971307186e-02 7.8373819703e-02 3.4311452029e-01 2.4183447079e-01 -1.5699862716e-01 -7.8731828237e-03 1.8349237279e-01 -1.8799655565e-01 -6.5490649499e-02 1.1246094352e-01
-2.9504823538e-01 -1.5117962658e-01 2.2037805315e-01 -1.5490725471e-01 -6.0172382627e-02 -4.5127805494e-01 -7.7654904061e-02 -8.4364996468e-03 9.3218801339e-02 -1.6373630217e-01 3.5293273969e-01 3.1574269789e-02 3.1736031873e-02 -9.5036022686e-02 -2.7587780745e-01 -1.0338174437e-01 -4.8255366651e-01 -9.1818559945e-02 -3.2751945555e-02 -4.0101926288e-02 -2.3536659382e-01 3.8128562975e-02 -8.9595179626e-02 -1.7678296029e-02 -1.1221359612e-01 -2.5379918399e-01 2.6100128139e-01 -7.8761583341e-02 -1.2068748807e-01 -3.3019832067e-02 -1.2473288639e-01 4.2525261774e-01
-5.5561517350e-02 -1.0809565496e-01 4.8368075993e-02 -1.7189473547e-01 3.3776658264e-01 -4.4848826267e-02 1.1209153721e-01 7.8879874958e-03 -6.6231384446e-03 1.4261534890e-01 2.0896635859e-01 -2.0706432997e-02 -6.4963393177e-02 -2.5262457888e-01 6.3260815671e-02 4.4980829714e-02 -6.6590964689e-02 -8.1605012396e-02 -2.8881161544e-02 -8.1787290170e-02 -7.1856225607e-02 3.6888080765e-02 -1.0963279254e-01 1.0123089694e-01 3.6192302820e-02 -1.3793133987e-01 -6.8512558396e-02 -1.4941837028e-01 1.7443491966e-01 -6.6826614928e-02 -1.7322612473e-02 3.7943122709e-01
1.2087467355e-01 3.7248120109e-02 -1.7222393026e-01 -9.5097812557e-02 -4.5855948770e-02 -2.7853641672e-01 2.0652127955e-01 1.5818079930e-01 1.9513583426e-01 1.2488487650e-01 3.1293703357e-01 9.4151629064e-03 -4.4664808663e-02 -3.2077641548e-02 6.1528722659e-02 2.5724887862e-03 -2.1429478771e-01 1.7993263533e-01 6.2849237608e-02 2.6146400337e-03 2.1482090631e-02 -6.2413970084e-02 -9.0963257341e-02 -9.6864681740e-04 -1.3667899932e-01 -1.0855420708e-01 -2.3383279083e-01 7.7873851105e-02 1.2654540966e-01 -5.9186186164e-02 -1.5784276803e-01 1.2564814252e-01
2.2213767190e-01 1.1861631763e-01 -2.1081564557e-01 1.7120019628e-01 5.3995218615e-02 2.6539230003e-01 1.8446851123e-01 -4.4642272315e-02 7.5909674130e-02 3.3984271677e-02 4.3335536458e-02 1.3286860040e-01 2.9142309835e-01 1.9849838865e-01 7.0927758046e-02 -5.1103959062e-02 3.1042204007e-02 -3.8341845372e-01 1.2837442047e-01 -1.3364615630e-01 8.1636587685e-02 1.7879277492e-01 -1.9156756587e-01 -2.8060821021e-01 -1.6753777179e-01 -1.0724717458e-01 2.0122923876e-01 8.4594814425e-02 2.9014990404e-01 3.8310524548e-01 -2.1422422125e-01 1.4302557602e-01
-5.0823843498e-01 -2.8177572695e-01 -9.5581062324e-02 -1.6856020132e-01 1.0869268171e-01 -1.5096002634e-01 1.5807978115e-01 -2.4578690776e-01 -8.6183913711e-02 2.4397520275e-01 -1.7282538300e-01 -1.3625414042e-01 -1.5901514149e-01 -1.5272108226e-01 -4.0679429961e-02 -2.7880659769e-01 1.2439625269e-01 -1.2958560995e-01 -1.6481517278e-02 -4.7203523915e-02 -1.6152510155e-01 -3.6679892669e-02 -2.5122726662e-01 -4.4661544589e-01 -1.5601408588e-01 1.7265658096e-01 1.1616049438e-01 -1.5567491500e-01 1.7968772687e-01 1.0380615910e-01 5.9181882626e-02 1.2439761920e-01
3.7546357703e-02 2.7021762781e-01 -5.4845227105e-02 1.7733923781e-01 -9.0000642053e-02 -1.6312922063e-01 2.9099762085e-02 3.2477535911e-02 3.6165588544e-02 -1.0573431529e-01 3.6764555111e-01 6.9840184728e-02 -2.3366320643e-02 1.7871078601e-02 1.3340092266e-01 1.4572292350e-02 -3.9890699178e-02 4.0789507571e-02 4.7547463864e-02 2.0944174522e-01 -1.1836357524e-01 -1.8402699578e-01 -1.0459363528e-01 2.6402536415e-02 3.3998730995e-02 2.0368937160e-01 -2.7228889220e-01 1.7665005426e-01 1.2672060929e-01 -2.7690541962e-01 -1.3820942812e-01 3.3894042465e-02
1.4083352978e-01 -2.6051848943e-01 -1.9512241638e-01 -1.1069146054e-02 -6.1633900580e-02 9.0700018777e-02 -3.9439927006e-02 -4.2090980651e-02 9.1625314169e-02 5.5357385994e-01 9.7331507215e-02 3.1241900294e-01 2.6402263678e-01 -6.9356231712e-02 1.7688527663e-01 -7.3740542938e-02 1.1583437790e-01 1.2260861084e-01 -1.4510367191e-01 -1.6085817367e-02 -1.9618649184e-01 1.9983872384e-01 -1.9947996701e-01 -3.4081425375e-02 5.2630863535e-01 -1.2962705085e-01 -1.9236304308e-01 2.9997490732e-02 -2.0451341446e-01 1.5221644660e-01 -1.4184786371e-01 -1.4208133689e-01
-5.7658830280e-02 1.9883584130e-01 6.9360009380e-03 3.0660811171e-02 -5.3275357513e-02 -2.8775235658e-01 -1.3881463872e-01 -2.2502246390e-01 -1.3761269447e-02 2.5452487724e-01 -4.6635913711e-02 -3.7793992260e-01 -2.6166930017e-02 3.4323062871e-01 -4.9591642846e-02 -2.7424539300e-01 3.8275044333e-02 2.0045768388e-01 2.7673518641e-01 -1.3316997253e-01 -2.9508742054e-01 -1.9848397337e-01 2.8156546491e-01 -4.2885242962e-01 1.3286941813e-01 -2.3147692962e-01 9.2364220013e-02 -5.0162087226e-02 -4.4762872928e-02 -1.0797931477e-01 1.1153467774e-01 -1.4944884112e-02
2.3794165684e-01 2.1423828352e-01 2.4866071591e-01 5.4556681920e-02 -2.2061462529e-01 2.8214562268e-01 -1.7121907770e-02 -1.9909390748e-01 2.4103938006e-01 -2.2568746300e-01 2.6253026639e-01 5.1660306433e-01 -1.0156143303e-01 1.0736005725e-01 -1.5262695434e-01 -5.4371890080e-02 -1.4368317200e-01 -1.8225189401e-01 -8.4787741285e-03 -1.6184497484e-01 -2.9246633902e-01 1.3088781698e-01 1.1982066080e-02 9.6123465328e-02 -2.4025771245e-02 1.9083396638e-01 1.5128449974e-01 9.0660311615e-02 -4.7802638781e-02 -1.3731981702e-01 -3.2715846313e-02 -4.3568865682e-02
8.1025449722e-02 1.3691939494e-01 3.9724584653e-01 4.9734360594e-01 5.9453139304e-02 1.8096156588e-01 6.8617196878e-02 -1.9495557002e-01 1.2640841766e-01 -1.6543586148e-01 -1.4122791552e-01 -1.6712555300e-01 5.1420392191e-02 6.8454275082e-02 -3.2933052523e-01 2.4409528060e-01 3.2306375369e-02 -1.1063424276e-01 1.5231567688e-01 -1.4793675211e-01 -2.5463210481e-01 -8.2449761993e-02 1.9484954886e-01 1.2238402587e-01 4.9081204142e-02 1.7413046267e-01 -7.6413499735e-02 3.0584806630e-01 5.2014301221e-02 -1.6414705119e-01 5.6729330821e-02 8.7806300160e-02
1.9735669908e-01 -1.7581266541e-01 9.5610485521e-02 -6.0041993491e-02 1.9789295432e-01 -2.6777714917e-02 2.1172772774e-01 -2.0286788964e-01 1.4589520375e-01 1.3524097487e-01 1.7035313439e-01 -5.1250697886e-02 -8.0307204034e-02 -1.0057796184e-01 -2.5725960713e-01 -3.8791749700e-03 -1.3111936717e-01 1.3705738702e-01 1.7712983256e-01 8.1768599194e-02 1.4643565711e-01 -2.2979591334e-02 3.6239117712e-02 -1.9630436850e-01 1.4570206748e-01 1.5202477002e-01 1.2592936740e-01 -1.8695535131e-01 1.9059223072e-01 3.8470402494e-01 3.7432816415e-01 -1.1496291454e-01
1.2895290884e-01 -3.6971221276e-01 1.6363809127e-01 8.6786878668e-02 2.5947095966e-01 7.5467249167e-02 2.7807066320e-01 -9.6674924111e-03 1.0308973606e-01 -8.3243540515e-02 -1.8275974104e-01 4.2173080836e-02 -1.1392310075e-01 3.2893250193e-01 2.3616642689e-02 2.4999431388e-01 -1.7501845419e-01 -1.7944838267e-01 -1.0386287552e-01 -3.2802686112e-01 1.3560148054e-01 -4.5776928806e-01 -3.1775681748e-01 1.2463029513e-01 3.4239124401e-02 -1.2452795244e-01 1.1782926260e-01 1.3888379688e-01 1.0241676598e-02 -2.0795436467e-01 -1.3146756308e-01 2.5799439404e-01
-8.5879789486e-02 -5.1938818137e-01 -1.0368506698e-01 -1.3765394818e-01 4.8800175772e-02 3.6564316157e-01 1.0458068844e-01 1.1076544730e-01 -8.5225472035e-02 1.0212950037e-01 1.3536196863e-01 2.0872258103e-01 5.3760213813e-02 7.5852036584e-02 -7.5204258392e-03 -9.6060254030e-02 -1.4412964876e-01 1.2033467224e-03 3.2726215388e-02 -1.0300832016e-01 2.1579743222e-01 -1.2688154089e-01 6.7349538948e-02 2.7644586468e-01 7.0693895077e-02 -3.7859168808e-02 1.0434399106e-01 -1.2698323987e-01 2.3569931043e-01 1.1461495474e-01 2.2988750406e-01 -1.9385494063e-01
-1.2152966350e-01 3.8727769527e-01 8.4325281289e-02 -3.1883493389e-02 2.1291963666e-01 -2.1997021122e-02 5.3492216374e-01 2.0856524577e-01 1.0998375728e-01 9.2475537818e-03 -9.2267044355e-02 -4.8048846143e-02 -2.7244073153e-02 3.6072926729e-01 3.3478899070e-01 2.6667107145e-02 -5.5658103898e-02 6.4377180325e-02 1.2528367391e-01 2.4999867557e-01 8.3975538023e-02 3.1198401467e-01 -3.8938393118e-01 -2.2725539964e-01 8.5473062408e-02 1.7032439053e-01 -4.8736571998e-02 -7.5181123018e-03 -2.1952727707e-01 1.1812112010e-01 -3.2694803560e-01 -5.5233438850e-02
-1.9130756599e-01 2.3104657360e-03 9.7630385579e-02 -6.5226612916e-02 -5.4354587021e-03 -6.1131421381e-02 1.2349130636e-01 -1.9243309577e-01 -8.0343606952e-02 -7.4134753851e-02 -5.9365489325e-02 2.8934865438e-02 -4.9047218229e-02 3.8008686426e-01 -4.7559942500e-02 -9.7654979887e-03 -2.0599781637e-01 -1.7433659805e-01 1.2363318123e-02 -1.0131856021e-01 -2.6335941425e-01 -5.4026539486e-02 -1.6697665211e-01 1.9667690410e-02 6.3622765595e-02 7.4438489583e-02 2.3791725735e-01 -3.1512512381e-01 -1.4330090727e-01 -1.4693196866e-01 1.8848239294e-01 2.0965580834e-01
2.5251695292e-02 5.4709834137e-02 2.8445007705e-02 4.5328815614e-02 -1.9435806000e-01 -4.2482715111e-02 -5.0420065212e-02 1.6077773290e-01 3.7491247240e-02 2.4505779350e-01 -1.1104482929e-01 1.9462717092e-01 1.9022662467e-01 9.3799020853e-02 7.7909159220e-02 7.9570316259e-02 -1.9097415030e-01 5.9340014475e-02 1.2053548487e-01 2.2148906136e-01 6.3926895690e-02 -1.9197899972e-01 1.2431514631e-01 2.6515803905e-03 -1.2169089298e-01 -3.2103387164e-01 -8.2144457015e-02 -1.4407223333e-01 3.1446285398e-01 1.9677062648e-02 -2.3017037679e-01 -8.3329816056e-02
-1.0437191597e-01 9.7492110807e-02 -8.6894187756e-02 1.6765217999e-01 -1.2847294149e-01 2.8732993837e-01 -3.8928113235e-02 -1.2953945951e-01 3.0303896533e-01 -5.5287927075e-02 1.0435338145e-01 -8.1245876629e-02 2.5638317118e-02 3.3021561308e-02 7.6166858469e-02 -1.5432164057e-01 -7.9275813788e-02 -3.8585143368e-01 -1.6093103546e-02 1.8478355845e-01 1.2344388113e-01 -9.4604800251e-03 1.4389492751e-02 5.1461590750e-02 1.1675109078e-01 2.5688294295e-01 -8.3865996557e-02 3.2322429073e-02 -2.7931061583e-01 -2.7067251028e-01 1.9732707145e-01 -1.1715462264e-01
-3.2852033732e-01 2.9866089757e-02 -2.6799147817e-01 1.3739990788e-01 -1.9328645997e-02 2.2691660845e-01 1.2510874997e-01 -1.6884546381e-01 -4.1621748374e-01 -1.1524455935e-01 2.8755097500e-01 2.0507104673e-01 1.5289841656e-01 -1.5304935985e-01 1.5764566437e-01 2.9504146535e-01 -2.4455802840e-01 -9.2007542271e-02 2.3994257126e-01 -1.6530728703e-01 -1.4525457632e-01 -6.3294813255e-02 2.8091263198e-01 1.8840060240e-01 -2.8388782918e-03 -5.4236107647e-04 1.7637019635e-01 1.1538213059e-01 1.5126466613e-01 7.9044215893e-02 6.2714219097e-02 6.8354292349e-02
9.6442046568e-02 -1.1615747019e-01 -7.3520998344e-02 2.2694018787e-01 -1.8910632910e-01 -4.0529122392e-02 -3.0758232739e-01 -1.5181522373e-01 5.9070108538e-02 -2.4301531870e-01 -7.5233641924e-02 2.6425428296e-01 1.9499030414e-01 2.9024273942e-01 7.1125372697e-02 6.8782885026e-02 -2.8119923087e-02 2.3113674814e-01 1.1337123155e-01 -1.6479716467e-01 1.8811843700e-01 -7.7729885637e-02 1.4655538932e-01 -1.1145675311e-01 -1.4405307219e-01 2.1053006822e-01 -3.5858820295e-02 -5.3832743339e-02 1.8897326530e-01 1.9123773476e-01 -3.5696069109e-02 7.5046839821e-02
-7.2225773101e-02 -7.2861419367e-02 3.4493815232e-02 9.6767073325e-03 3.3534211568e-02 1.5957152775e-02 1.1298012193e-01 -1.0176740510e-01 3.4629909193e-01 1.8861068340e-01 2.2157168042e-01 2.2578259007e-01 2.5691623236e-01 1.7007842682e-01 -9.6259768480e-03 1.6145392637e-01 -2.3154591963e-01 -4.6206109831e-02 -1.7986554077e-01 1.2659721836e-01 8.9920139064e-03 -2.3879667919e-02 4.8691079937e-01 2.6006814609e-01 1.1971375812e-01 -5.6389084232e-02 4.3872736216e-02 2.1203667558e-01 -1.1608422529e-01 1.2312008563e-02 -5.3145010770e-02 -2.5143240924e-01
-6.8937259024e-03 -2.3144685230e-01 1.3075894836e-01 2.9890226108e-02 3.2104959449e-01 -1.3260399460e-01 2.1585159514e-01 3.1175963478e-01 2.8125998659e-01 -1.0072945944e-01 -1.4066496364e-01 -5.1537136065e-03 -1.9094539348e-01 5.5065003233e-02 2.2465401164e-01 2.5713967132e-01 -2.2543716231e-01 2.0195998417e-01 -2.0594994623e-01 6.8271283935e-02 -8.1249409283e-02 -1.7478702561e-01 2.3289907736e-01 -4.1150293135e-01 5.5814493759e-02 1.0207047388e-01 5.0602905767e-02 -2.2920750545e-01 -5.0778594908e-03 -8.5172399203e-02 2.3457003309e-01 -1.7455420018e-01
-4.3548188073e-01 2.0629811773e-02 -3.9295173015e-02 -3.3813970050e-01 1.1956455883e-01 -2.7458519930e-01 -1.4467162720e-01 -7.4123557405e-02 -1.8097053597e-03 1.4890428032e-01 -1.9358422672e-01 -1.5133572193e-01 -1.1418639518e-01 2.3622297281e-01 -2.2449128670e-01 -2.9472955709e-03 1.9847674504e-01 -1.7321173217e-01 2.4913817370e-03 -1.7617459993e-01 2.8102235094e-02 6.0649464815e-01 3.0519208471e-02 -7.0377076755e-02 1.3328421422e-01 -7.1046462334e-02 -4.7096547722e-02 3.3333245976e-02 5.3066974620e-01 1.1180786096e-01 6.4337409229e-02 -1.3216892691e-01
-2.7117961355e-01 9.5862187590e-02 -2.2024625012e-01 2.4736882589e-01 2.4446109478e-01 -1.3980196887e-01 -1.7758508677e-01 -3.7511979232e-02 -4.3681945220e-03 -2.4463769640e-02 -1.5428383148e-01 -1.7508445417e-01 3.2448982664e-02 5.2722142415e-02 -2.5304017204e-01 1.7569629643e-01 -2.3954383313e-01 1.4560126455e-01 6.1503212979e-03 1.5927770323e-01 3.9748211004e-02 -1.9149174166e-01 1.2167296817e-01 1.8966019418e-01 1.4779741205e-01 1.3470773069e-01 -9.2861215731e-02 1.6406858109e-01 -3.3304064880e-02 6.4146764080e-02 -1.0922630438e-01 5.8049075589e-02
6.1254985373e-02 -1.0102316012e-01 -1.2730419553e-01 4.4483166280e-02 1.4896086184e-01 -1.1104682000e-01 1.8095576364e-01 -4.9898916165e-02 1.7082729865e-01 -5.0861947825e-03 -1.5012693528e-01 -2.0626840611e-01 1.7199843492e-01 2.1248885607e-01 5.5668507269e-02 7.8566421906e-02 1.6385278305e-01 4.5400530909e-02 3.4500628230e-01 -6.5895003954e-02 3.3508756381e-01 2.1346089172e-01 -3.1046539743e-01 2.1468045481e-01 -5.0246535855e-02 3.7513943038e-02 -1.4550597944e-01 -1.1805278150e-01 1.8943408931e-01 -8.9463070111e-02 -3.4060706077e-02 2.7674569919e-02
1.7924200578e-01 1.7660472203e-01 -4.9039031237e-01 4.8295364603e-02 -6.7150710386e-02 -2.1290957406e-01 2.6015553497e-01 -1.8107636287e-01 -2.1880077217e-01 -4.9204720531e-01 -5.0171514478e-02 9.0168904171e-02 -1.9615724398e-01 -1.6794222737e-01 -2.0528873668e-01 9.1366993727e-02 2.5677518247e-01 -1.2522997599e-02 1.4274310328e-01 1.5281122389e-01 -2.4569221423e-01 1.8207154397e-01 3.5776700335e-01 -2.1671073945e-01 4.7487546003e-02 2.8020931938e-01 1.4281563179e-01 2.7698306616e-01 -4.5400222110e-02 -9.0143689945e-02 -3.3487537904e-02 1.6595493490e-01
-3.1901145056e-03 1.4846985108e-01 -8.8792386507e-02 -4.8644253935e-02 9.2965167508e-02 -2.4216971773e-01 6.5960276358e-02 -2.0166551454e-01 1.0692852143e-01 6.1201216442e-04 9.4961955838e-02 2.3269970145e-01 -1.0628941344e-01 2.4734387445e-01 -1.2842597231e-01 -1.8988851841e-01 -3.9312832920e-02 6.2680185037e-02 -2.4722786416e-02 -2.5360134489e-01 5.4744762108e-02 1.7233184793e-02 1.5752831349e-01 2.8781591058e-02 -7.9505475128e-02 9.8593987846e-02 4.7829505253e-01 -2.8701362923e-01 -1.1624134370e-01 2.6023836646e-02 1.0181583639e-02 6.6708025125e-03
-2.5689023667e-02 -2.9376302429e-01 -1.4306128228e-01 -1.2962067759e-01 3.0190026172e-01 6.9248408219e-02 3.9453440092e-02 -1.7403516512e-01 -3.1880936954e-02 3.6547064277e-01 -4.5072518793e-03 2.7568016543e-01 2.8809007090e-01 2.5891880916e-01 -2.4894626334e-01 -1.6861180244e-01 -2.0449694621e-01 -3.5565486624e-03 2.8066340133e-01 -3.8911013131e-02 1.0936136044e-01 2.7120411609e-01 2.3123387756e-01 -8.1783847927e-02 -3.5550730240e-01 -8.3652098729e-03 8.6321602042e-02 -5.4053203408e-02 9.4265721429e-02 -2.9004705782e-01 9.6485351365e-03 1.3390724640e-01
