-1.8394984798e+00
7.8407079611e-01
-6.8358760341e-01
-1.7733799162e+00
1.8403393402e+00
5.5788395550e-01
1.0044566165e+00
-6.3543556139e-01
-1.5371921796e-01
-1.0105675353e+00
-1.1354053245e+00
4.9171436354e-01
-6.3663793847e-01
1.6717090492e+00
5.7412767406e-01
2.8205388198e-01
7.1778376696e-02
-1.1802811238e+00
-2.1671186017e+00
6.3220378523e-01
1.1853390770e-01
1.6487833148e+00
6.2213227429e-01
1.9677119869e+00
-1.0821705272e-01
1.0197454704e-01
8.9092483036e-01
7.5620716760e-02
1.9081966799e-03
-4.8513833216e-01
-7.1199247321e-01
-4.4612966920e-01
