1.3908540506e+00
1.2723606300e+00
2.5252844065e+00
-1.3320349369e+00
4.9849497489e-01
-1.5562332776e-01
-5.8480787735e-01
-3.4703366912e-01
1.2837952567e+00
-9.7275252627e-02
-3.6823356802e-01
-1.8099712105e+00
-9.3986580449e-01
1.0122716149e-01
-8.4522979313e-01
7.3290657539e-03
2.2068404115e+00
4.5351308655e-01
-6.4566672861e-01
8.5968062098e-01
-8.9224471201e-01
-1.0055153645e+00
8.3661327124e-02
5.6286685056e-01
-2.8127766748e-02
-1.1021186842e+00
7.2324352401e-01
-1.3337330458e+00
1.1697294861e-01
1.2234470435e+00
-1.3440428430e+00
8.8765138973e-01
