-8.8171110190e-02
2.0094439188e+00
-7.7464812086e-03
-5.9683124146e-01
-3.1877246050e-01
-1.3117594698e-01
-1.5184002823e-01
5.3621057558e-01
-1.2289780673e+00
6.1164725065e-01
1.4583025454e+00
-1.1760412761e+00
-1.6705452665e+00
3.0315805052e+00
-4.3646587901e-01
2.7455131632e-02
-3.6481918167e-01
4.8239821384e-01
-2.1663184503e-01
1.6876129030e+00
3.3322873464e-01
8.4325798821e-01
1.9303782024e+00
-1.5604813246e-01
7.1291452215e-01
-8.8968882705e-01
1.0174756427e+00
1.3309114496e+00
5.2781221479e-01
-4.4281440471e-01
3.9397031312e-01
-1.3500186651e+00
