-1.4939919230e-01 9.8507688895e-02 -4.7988901817e-01 -1.1406193340e-01 2.8268026338e-01 -1.3120702777e-01 8.2198785916e-02 2.3343451885e-01 3.3654016881e-01 1.5076035529e-01 5.4306441005e-01 2.0822665791e-01 1.0773454914e-01 -1.6800835358e-01 2.9139952083e-01 1.6630454190e-02
-1.4700258556e-02 2.7329452320e-01 -1.3317417422e-01 4.6180130397e-02 1.1499559423e-01 -2.1795555032e-01 -2.2420360448e-01 4.5464953641e-01 -3.0741368673e-02 2.3258478703e-01 -2.2105995640e-01 -2.6616919414e-01 -3.1821533770e-01 -5.2806760850e-02 3.7082702441e-02 1.8112754876e-01
-3.3412456506e-01 2.9047236481e-01 2.2359796139e-01 -1.9142089942e-01 -1.1515555532e-01 -2.5167511601e-02 -2.8921899045e-02 -9.8851086461e-02 -3.2928429082e-01 1.3135714970e-01 -2.6172279321e-01 1.0780853298e-01 -6.6431727384e-01 -5.0882595977e-01 -3.4873200964e-02 -2.2395813117e-01
-3.9000550396e-02 -5.5537023186e-01 1.1161634407e-02 -1.2243870480e-01 -2.3987053668e-01 1.4629081973e-02 1.7642733772e-02 -1.0756594421e-01 -7.5902220593e-02 1.1660472398e-01 -4.2952060269e-01 -2.7389572762e-01 1.1413303926e-01 1.2171405219e-02 -3.8170548455e-01 7.4123618636e-02
6.8309923524e-02 5.0608875385e-02 -4.1274596934e-01 1.2450517027e-01 2.9959550203e-01 -1.5290109646e-01 2.2480170105e-01 -2.2471744940e-02 4.1734104136e-01 3.2874069178e-01 4.0569467988e-02 -5.1102617321e-01 -5.1025432534e-01 -2.5083585816e-01 7.5364112055e-02 1.3339861285e-01
-2.8257018511e-01 6.4318928762e-02 -1.9624214476e-01 1.3255306723e-01 5.5767036661e-02 1.5552931768e-01 -1.6530461488e-01 -2.9520648046e-01 -5.3096346646e-02 -3.6354122896e-01 -1.8574469893e-01 3.4207968148e-01 9.3261504698e-03 2.3334539902e-01 -4.4643354433e-02 -1.5254025172e-01
1.7937122611e-02 3.9232591967e-01 -1.8320859435e-01 3.2089670701e-01 -3.6401533502e-01 1.7880912153e-01 -6.3492507183e-01 -1.6627193110e-01 3.2692970486e-01 -1.2136088989e-02 2.0706089717e-01 -2.1580422898e-01 -8.2250980133e-01 -1.2330183905e-01 3.7223841800e-01 -9.0123693213e-02
-3.3805943879e-02 -2.6954669363e-01 1.8729597635e-01 4.8115953106e-01 -1.7973647689e-01 3.0723753074e-01 3.5401919550e-01 -1.5848044237e-01 -3.6863635858e-01 6.9580166571e-02 -3.4956985937e-01 -2.6727934869e-02 -1.0079146714e-01 -1.0351474759e-01 -3.9356741279e-02 1.4310828323e-01
3.7120482684e-01 -3.1682577506e-01 -3.4844833955e-02 -2.3595045122e-01 -2.8822325722e-01 -1.2117878374e-01 2.1218419944e-01 1.3763135094e-01 -9.6510935098e-02 -2.7153509729e-01 -2.4807107013e-01 -6.0492180520e-02 -1.5231852564e-01 4.8448721073e-01 1.5916256056e-01 5.4016886687e-01
2.2879639006e-01 -2.0022130489e-01 -3.5422964736e-01 2.5750578923e-01 1.6050249423e-02 2.8587792669e-02 3.3223537383e-01 -4.6387085245e-02 -1.4582750753e-01 -3.4624230678e-01 -6.4350928905e-01 3.2777387406e-01 -3.8166253568e-03 9.6105419666e-02 -4.6714607901e-02 -1.4008421260e-01
2.1606543448e-02 1.4298944047e-02 6.7137137691e-02 5.8947440501e-02 -2.7040377285e-01 -2.5344951931e-01 1.6122890859e-01 1.0016022628e-01 1.7766212324e-01 2.4430840716e-01 -2.4831158866e-01 -5.1419244441e-01 2.6101864570e-01 -1.9251956166e-01 4.6940253360e-01 2.6815751012e-01
2.2587039282e-01 3.4482169428e-01 4.4649304899e-02 -5.9333697490e-02 -1.1948990607e-01 -1.0731629753e-01 -1.3536694085e-03 -5.2780903504e-01 -1.8485073182e-01 -8.5535603314e-02 9.0033006450e-03 1.9025124900e-01 1.1253298922e-01 -4.8475166473e-01 2.4410199795e-02 3.9266794212e-01
-1.4663095090e-01 2.1601344260e-01 6.0108217427e-02 -1.5962301592e-01 1.5838562213e-01 2.9273834773e-01 3.3345932221e-01 7.1758867995e-01 -3.3428639708e-03 -4.2698307153e-02 2.5458821275e-01 -2.4048609752e-01 -2.9330799998e-02 -3.5831871389e-01 -1.9200863401e-01 3.0150297370e-01
4.2032164491e-01 2.4211276847e-01 1.8409544866e-01 2.4592972701e-01 -1.8849227969e-01 -5.2532651885e-02 2.2479882844e-01 -9.8746122906e-02 2.4752575721e-01 2.1601424111e-01 -1.3163529269e-01 1.6737412051e-01 -7.3372491979e-02 -8.4065151914e-01 1.0673323696e-01 -1.6835093370e-01
-3.0280767572e-01 1.6376210169e-01 2.1468593524e-01 -1.9667409395e-01 2.8038067278e-03 -5.3372247408e-01 -6.9145381522e-01 1.6894025748e-01 2.5590629319e-01 -1.2532135716e-01 -2.8520628910e-02 1.3920722715e-01 3.2700518809e-01 -7.9137813325e-02 4.7599809088e-03 1.0280352518e-01
-5.2599903318e-01 -2.1298391430e-01 1.3892546607e-01 2.9392813072e-01 -3.7273364600e-01 -3.7994916368e-01 -1.3654132582e-01 -7.6683372931e-02 -1.0023421474e-01 4.9390015291e-01 6.7453699907e-02 1.5582110003e-01 -7.2787843422e-02 5.5050234460e-02 -4.7699609853e-01 1.5219657832e-01
