4.2478347401e-01 -1.6976184290e-02 1.3041842452e-01 -2.6835020704e-01 2.7900008531e-01 -2.1060148574e-01 1.2435902776e-01 6.5129073151e-02 6.8974308274e-02 -2.2901287053e-01 1.4537324978e-01 4.2542112540e-01 3.4626407804e-02 -1.8358388403e-01 -1.5673295765e-01 -2.4359977081e-02 3.5412108567e-01 1.4359209223e-01 -9.1985118646e-02 8.7042380290e-02 -3.1870362297e-02 6.2203344488e-02 2.2299543868e-01 -2.5319292487e-01
-1.5177970063e-01 2.7009675099e-02 -1.4176663228e-01 2.5294058731e-01 -4.6922319333e-01 7.2320830646e-02 -3.6367902972e-02 -2.2726063498e-01 -5.2950763777e-02 2.0469926508e-01 -9.9165472248e-02 -1.8364533227e-01 -8.5932847996e-02 -4.5915980082e-01 -6.8939948916e-02 2.6552981805e-02 4.7328854677e-01 -1.0388495106e-01 -7.6126432625e-02 1.0209205821e-01 1.1107788195e-01 -6.5009297796e-02 2.9670086082e-01 -9.2470464871e-02
-9.6482459342e-02 4.2579254822e-02 1.9675968847e-02 -3.4985428540e-01 -9.0125367954e-02 2.5392038870e-01 -2.9427973336e-01 -2.0680161876e-01 -4.3354413793e-01 -1.0245353802e-01 -1.2947511341e-01 -1.8123114171e-01 2.1403613582e-01 1.1950826814e-01 3.9023911291e-01 -6.5781218529e-02 1.2094283860e-01 5.3848427344e-01 1.0434671550e-01 2.0271230364e-01 1.2182335131e-01 -2.2664175393e-01 3.5554744609e-01 -2.6157158107e-01
1.9332236813e-01 -2.0732963288e-01 1.1286423918e-01 3.7966116723e-01 3.7394828727e-01 1.9592093217e-01 -1.3499352767e-01 -2.0456735164e-01 2.8372875600e-01 1.2375748061e-01 -1.6588967517e-02 2.4505196012e-01 -7.3256048251e-02 2.6082943456e-02 -1.8491153042e-01 3.6118684550e-02 -2.8782158340e-01 -9.9216707694e-02 7.5544429871e-02 5.2162827214e-02 7.4520727157e-02 -3.9210767551e-01 -9.9229468476e-02 -2.6038449538e-02
-2.6888838227e-01 1.7164669232e-01 -4.3929514226e-03 -5.6252398078e-02 -2.0653039654e-01 2.3318587892e-01 -3.5288593466e-01 -2.7958426755e-01 2.1053843048e-01 2.4705135089e-01 8.7928560583e-03 -9.3066209927e-02 1.2908649851e-02 -9.0681541810e-02 2.9911643120e-01 -1.6748827484e-01 -1.5831303351e-01 1.3578293134e-01 -2.8047526376e-01 -6.4307426665e-03 -2.0441826135e-02 2.7595063118e-02 -8.1402006006e-02 -2.5831942325e-01
2.5509271363e-01 2.9690292107e-02 3.7303871790e-01 1.0968937459e-01 -2.7405202796e-01 1.2447260695e-01 -1.0718542676e-01 6.1650667311e-02 -3.0771060467e-01 1.3087509147e-01 2.3127326417e-02 -1.2931219903e-01 2.2699161907e-01 -2.1429082239e-01 8.3762236114e-02 2.5608056589e-02 -1.4720874106e-01 -1.1091735908e-01 -4.2651430330e-02 5.1773365642e-02 2.7224143346e-02 -3.8198556663e-01 -1.6283146207e-01 -3.8651388226e-01
1.2527019261e-01 1.2104101227e-01 1.8789191240e-01 1.1738739626e-03 6.7843485058e-03 -1.6001434448e-01 2.2267195457e-01 -4.4211106703e-02 -3.2768155473e-01 7.5585579222e-02 1.2701124110e-01 -9.3378047084e-02 -3.5756738582e-01 -1.2725019643e-02 -5.8589607934e-02 1.7487618701e-01 2.4124359905e-01 -1.3790786134e-01 -1.2469392688e-01 -3.5712405172e-02 -1.8715489042e-01 1.6840736645e-01 6.1407544014e-01 -2.6176757533e-01
5.3777389787e-02 1.1061564909e-01 -9.2005409759e-02 4.5532475495e-01 8.3614585741e-02 1.3464749015e-01 1.7831445364e-01 1.6452720324e-01 4.2274564132e-02 6.8211908379e-02 7.5903343247e-02 -1.4939439936e-01 -7.9608528524e-02 -3.0147362671e-01 2.7859446176e-02 -2.1338634739e-01 -1.0897476869e-01 4.2941143122e-01 -1.9746054946e-01 -1.0340210205e-01 2.1274795795e-01 -2.2146645690e-01 -1.6257971773e-01 2.9732484567e-02
-3.4964297290e-01 -1.9169046643e-01 -1.1458289554e-02 -8.5876816113e-02 -5.2388806759e-03 -2.0356504463e-01 9.2129182810e-02 8.9686196062e-02 -3.5131140946e-01 3.5347594128e-03 1.1537641248e-01 2.5601698473e-01 -2.6009420667e-02 2.7256805776e-01 -7.0554852751e-02 -1.9242878473e-01 1.2358316089e-01 -3.6261704133e-02 2.7352039699e-01 4.1752409410e-02 -7.4853355390e-02 1.7842130577e-01 -2.3957345980e-02 9.6771451256e-04
-3.7605245565e-02 1.1123537588e-01 3.1395312325e-01 3.3861431877e-01 -1.1245388090e-01 -2.1377557826e-01 -1.4706400311e-01 2.7359949258e-01 1.5734542283e-01 4.0263612276e-01 -1.4483125992e-01 2.6814128088e-01 -6.5075543788e-02 8.0565498733e-02 2.6437644399e-01 -4.6288454846e-03 -2.2914794737e-01 2.1693755337e-01 -4.2968461899e-02 1.5543119045e-02 -5.5039396744e-04 1.0792803919e-01 7.4322315968e-02 -2.3225048785e-01
2.1763850817e-01 9.4847936258e-02 1.6353489375e-02 7.1965684990e-02 -6.3398705145e-03 1.2010565859e-01 -1.6965709493e-01 6.3477658534e-02 -2.2132784885e-01 1.9032739849e-01 2.3948591875e-01 1.8208121183e-01 9.7706322684e-02 -5.3087585483e-02 7.8678409435e-03 -3.5872586471e-01 -3.3668240014e-02 -1.3065829474e-01 -2.4758077603e-01 -2.0224249296e-01 8.5177662712e-02 -1.6249915193e-01 -1.3434172924e-01 1.6176887409e-01
2.4437641840e-01 8.7278910753e-02 3.5621122017e-02 -6.9037618351e-02 3.6855711337e-01 -4.8215926627e-02 -1.0482145375e-02 4.7373730155e-01 3.1115249199e-01 -5.1865255531e-01 9.0319098595e-02 1.0797059492e-01 1.2551629557e-01 3.1863796527e-03 -1.6385064394e-01 7.7947082722e-02 -4.9442511005e-02 -3.3890735242e-02 4.7565999628e-02 -1.6308205148e-02 2.2063083775e-01 -1.6371954657e-01 3.3118952719e-01 1.3189401165e-01
-3.0247703942e-01 -3.2257999849e-01 2.6272787543e-01 -1.4440999698e-01 3.6566842981e-01 -2.7836394569e-02 1.1712193349e-01 3.7435897044e-01 -2.6818519695e-01 1.1396980817e-01 -2.0860045908e-01 -3.9911533181e-01 1.7863543016e-01 -1.2566074923e-01 -1.0369640773e-01 3.4069670235e-01 2.5797426652e-02 6.2319862624e-02 -2.4126107606e-01 7.6594798578e-02 -2.2797433381e-02 -1.3296904174e-03 2.0321928113e-01 -1.7878961631e-01
-1.4942224938e-01 5.2175071515e-02 9.1043437590e-02 -3.8227224167e-02 -1.5455044239e-03 -3.4416793376e-01 2.3233845439e-01 2.8952317683e-01 1.4295454327e-01 -1.1933235229e-01 3.3182072060e-01 3.9316141929e-03 2.7368643522e-01 -1.6434987509e-01 1.4897365010e-02 -1.6643063529e-01 -2.9869765191e-01 2.2422269429e-01 -1.4748579322e-01 -1.6912850415e-01 7.5562963546e-02 1.3896423360e-01 2.2271723215e-01 -2.5169468913e-01
1.2894346146e-01 5.5117660339e-02 -2.2408895003e-01 -1.2895597151e-01 -5.8318672555e-03 4.1290727685e-02 1.5945722782e-01 4.3639726914e-02 -1.3993449299e-01 2.9158177424e-01 1.3084284727e-01 -1.0485389885e-01 1.8998288533e-01 1.0903654616e-01 3.4991271866e-01 -9.0325208858e-02 -9.5544886442e-02 -1.8080417010e-01 -4.3995906581e-01 4.1720841709e-02 -1.9763213116e-01 2.1534555413e-01 -3.8796546366e-01 9.0475774260e-02
4.3081070489e-02 1.1007074719e-01 -3.0938333991e-01 -1.5209026556e-02 -7.6206664778e-02 1.9168668140e-01 -1.3482962427e-01 4.0703252814e-01 -2.6699376254e-01 -2.1767771794e-02 -6.7002382646e-01 1.2994442441e-01 -1.8976295462e-01 -3.0392283953e-01 -9.7242842390e-02 6.7958473237e-02 1.7848067553e-02 4.8795223170e-02 4.3278349185e-01 -1.8042394031e-01 -7.3168268862e-03 -3.8809142939e-01 -8.9699620063e-02 1.7712400505e-01
2.4028162795e-01 3.2763367758e-01 -3.5331310404e-01 -1.7214666366e-01 4.5516709284e-02 -2.3068057956e-01 1.1284493116e-01 -2.7755751036e-01 2.0462564664e-01 4.8215884776e-01 -1.6127666279e-01 6.7485146781e-02 4.7380813614e-02 1.4761621193e-01 1.4173813163e-01 2.3082185018e-01 -1.9423836356e-01 2.2170665947e-01 1.0771974205e-01 1.4700708747e-01 -1.9278930667e-02 -1.5058618049e-01 -1.2677278979e-01 -3.0814888182e-01
-1.9721007632e-01 -1.4121367534e-01 -2.6392373176e-01 1.4452351159e-01 1.1483067047e-01 8.3356002809e-03 -4.2656554920e-01 -3.8321988432e-01 2.6204501555e-01 -3.4980460952e-01 -5.0396431484e-02 7.2619250050e-02 9.3296848559e-02 -5.1581600437e-03 -3.4640886408e-01 1.6224227415e-02 4.3229505966e-01 4.1863646010e-01 -2.1487663919e-02 1.3448335314e-01 -2.1845597088e-02 2.5714768396e-02 8.7399250221e-02 -7.4105124085e-02
1.5494737029e-01 -4.2637935448e-02 6.5807543020e-02 -1.4299291895e-01 -1.1201371513e-01 -1.9524682078e-01 2.0973567211e-01 8.9679087880e-02 5.4788157523e-02 -8.9483582778e-02 5.9490930800e-02 -4.4423670653e-01 -1.5857667730e-01 5.3705716779e-02 1.7287932444e-01 2.6210599752e-01 -1.6526165787e-01 -1.6058574216e-01 -1.5965835623e-01 2.4877152139e-01 -1.6525746985e-01 -3.6661616150e-01 -1.5518887105e-01 -2.6110627751e-03
-1.7872713560e-01 -3.7236859154e-01 -2.9261257786e-02 -1.3851895290e-01 7.6582687768e-03 2.5363990143e-01 -3.0977071189e-01 3.3670893014e-01 1.6305873422e-01 1.3121019237e-01 -2.8349979126e-01 -7.3016906738e-02 -1.2682066971e-01 1.0924153135e-01 3.2900009472e-01 2.5793263613e-01 9.3996429942e-02 -2.6682878156e-01 -1.2756967001e-01 1.7483588384e-01 -1.0036179698e-01 2.3054456676e-01 -5.8196674163e-03 3.8111884534e-01
2.1351452569e-01 2.6222563447e-01 8.2095422943e-03 -5.2903903071e-01 3.3783075595e-01 1.8308666960e-01 1.6797015872e-01 -8.3493021717e-02 7.3914425271e-03 9.9410278676e-02 -5.4368870936e-02 -9.2555802822e-02 -1.6460944011e-01 -4.6928429375e-02 1.2794004003e-01 1.3225237556e-01 1.6485972664e-01 7.1568188358e-02 -1.3086507510e-02 4.8040376545e-02 -4.5083948011e-01 2.1777174737e-01 7.2314049557e-02 1.4039649909e-02
1.2184736353e-01 2.9736967778e-01 6.3254090306e-02 -1.0313271705e-02 -1.5526667048e-01 -2.1180472909e-01 -2.5367801240e-02 -3.9329010916e-02 -1.7155071074e-01 -1.1725665049e-01 1.6713317038e-02 -2.8264020731e-01 -1.6288392919e-01 3.6032225223e-01 8.7520276680e-03 2.5878496115e-02 -1.0297885427e-01 4.8636420331e-02 -3.4581969690e-01 -3.5351854195e-01 1.1517201799e-01 6.7142953309e-02 2.7061509926e-02 -4.9192997374e-02
-1.6902151987e-01 -9.1659049437e-03 -2.5023830853e-02 7.6919983852e-02 -2.8582701893e-01 1.4883015717e-01 -3.1438393162e-02 -1.0974403366e-01 -1.7524121548e-01 -1.6159431525e-01 1.4910405098e-01 -1.4287029798e-01 -3.1278246514e-01 1.3480043300e-01 -1.9531636025e-01 1.9066335874e-01 3.2968772604e-01 1.8735407089e-02 1.2008847298e-01 -2.1449629886e-03 -4.2601883594e-02 4.9530043102e-01 1.5606809360e-01 1.0202810197e-01
2.6269481906e-01 -1.5951862892e-02 4.2681676419e-02 3.7696820498e-02 -1.6323858552e-01 -2.5728133443e-02 3.0936535217e-01 1.4512431556e-01 -4.3439070379e-02 1.6544476578e-01 -4.9976115219e-01 -3.2452975964e-01 -6.9880526309e-03 -1.1636844605e-01 -4.0333683486e-02 -3.1253846078e-01 -1.5005368394e-01 -1.0037782640e-01 2.0776720899e-01 -2.6728658940e-02 -7.7160839151e-02 -1.0267616556e-01 -9.7919275895e-02 9.9042231413e-03
