-8.7713854360e-01
1.2723224223e+00
5.5752475710e-01
-8.6932652414e-02
1.1833077338e+00
1.3695171000e+00
5.1420251986e-01
-1.7110302333e+00
-1.5518131322e-01
-1.1854021378e+00
-7.1596806605e-01
9.5629328980e-01
-2.6642865497e-01
1.8503434600e-01
1.1729228272e+00
-1.2232012786e+00
8.5132781500e-01
-6.0606198570e-01
2.2638312108e+00
3.4815232063e-01
-3.5682273254e-01
2.3899161091e-01
1.0130429984e-01
1.8700786659e+00
-6.6632307102e-01
-8.7948662544e-01
5.3423032622e-01
-9.2282872242e-01
1.6162521354e+00
1.9791121767e-01
9.0196488455e-01
-3.9681911371e-01
