2.1331572984e+00
-4.7238211115e-02
-5.3634926335e-01
-4.2454070953e-01
1.9737467498e-01
-2.1280892440e+00
-2.9322604781e-01
7.1989406907e-01
-4.0034796845e-01
4.5977554576e-01
-4.2586256564e-01
-1.3484040195e+00
-1.1617363670e-01
-9.1842388991e-01
4.9426658883e-01
7.1554591762e-01
-9.4070731160e-01
2.9256226819e-01
-5.7127107186e-01
-1.0839872374e+00
-4.2242031626e-01
2.1444168693e+00
-1.0074923524e+00
-1.5041654780e+00
6.3329028164e-01
3.6601615958e-01
8.4299915778e-01
-9.2950033340e-01
3.8398368918e-01
8.6229939074e-01
-1.0315844162e+00
3.4567793584e+00
