-5.8204519373e-02 -1.6922728080e-01 1.8449732548e-01 1.1069844080e-01 -5.9675924713e-02 1.7107767886e-01 -2.7432055734e-02 -8.6604673323e-02 -4.5531554883e-02 1.0100752899e-01 -3.1759393354e-02 1.5709396190e-01 -2.4948360564e-01 -1.6067570213e-02 -5.9529669442e-02 -2.8683023490e-01 3.6961271887e-01 3.2126150704e-02 4.6124945938e-02 3.3650193199e-01 -1.8463858033e-01 4.0552592327e-02 3.7005198906e-02 -4.4366627400e-02
-9.2185579252e-02 -9.3293508280e-02 -2.4161197847e-01 3.0688935931e-01 2.7873517230e-01 2.0651049672e-01 -3.2041703976e-01 1.8540148644e-01 -3.1296117956e-02 7.5492866967e-02 -1.3193500353e-02 1.6854251851e-01 -1.3887106843e-01 -2.7467124882e-02 -1.7653398567e-01 9.8323951997e-02 -2.8949668799e-01 -1.1978834991e-02 -1.8154837606e-01 -1.1660103333e-02 6.7465991770e-02 9.0918333947e-04 -6.2977678587e-02 -1.6543978921e-01
-5.1633054223e-01 -2.1111036358e-01 1.4343023686e-01 -1.9080815411e-02 4.2104442651e-01 4.6611008783e-02 1.3130027441e-01 5.9900672439e-02 -1.1714227335e-01 -2.8269322521e-01 3.5256972568e-01 -1.4560656632e-01 -1.2131884367e-01 6.1388076740e-03 -1.6788218811e-01 -4.9692410909e-01 -4.1974587857e-02 1.0373441350e-01 -1.5382904083e-01 -9.2109557899e-02 -3.2418256958e-01 1.9449643105e-01 4.7002055387e-02 -2.0912628262e-01
-4.0128467057e-03 -3.2295476159e-01 1.9486899821e-01 -7.5361136363e-02 2.6691784606e-01 -7.8483282384e-02 3.8324534685e-02 -3.8955905585e-02 -3.4207550221e-01 -2.9495857456e-01 5.2509973760e-02 -1.4806860880e-01 -1.2377911137e-01 -4.0801286963e-02 2.1075827359e-01 -1.2485196973e-01 1.1573452772e-01 -3.1949208274e-01 7.9589613224e-03 -2.0802338081e-01 1.7751164486e-01 7.0837405586e-02 -1.4050608169e-01 1.2211403829e-01
-9.7075773386e-02 1.2647608150e-01 3.0559508021e-01 2.3359861263e-02 1.5640095532e-01 3.9398818431e-01 5.5242405579e-03 -1.4302093853e-01 3.2812020142e-02 1.2077778685e-01 -4.8835198707e-02 2.2182425779e-01 -8.1302507390e-02 -3.4910723301e-01 -2.5138450802e-03 2.5067134789e-01 -5.6887809772e-02 3.3773130971e-01 -1.4343373599e-01 2.6610332406e-01 -1.0619212016e-01 -1.2307687066e-02 -7.7031182326e-03 1.0883132446e-01
-7.5484877688e-02 1.5244058810e-01 3.0970226005e-02 -2.5127777741e-01 -3.0734051170e-01 -1.4483342594e-01 -1.1748457363e-02 -2.4541435315e-01 2.3303744430e-01 -5.0635012770e-01 2.0757350599e-01 -5.2598463527e-01 -1.1908780298e-02 1.3725983726e-01 3.0082552328e-01 1.0748971376e-01 1.2736543318e-01 1.3022137830e-01 7.8136139553e-02 -6.6177299166e-02 -1.7041559783e-01 1.9889184264e-01 1.1064777197e-01 5.0976858566e-01
-1.1376910918e-01 -3.8666575177e-01 -3.1330547112e-01 -1.6462217813e-01 5.2260673556e-02 1.5965335598e-02 -1.7021827813e-01 2.1203491460e-01 -3.5668536334e-02 -3.2223806141e-01 -3.0012053701e-01 -9.3167371871e-02 -1.0516315519e-01 1.5711373175e-01 -5.4009572518e-02 1.0591871866e-01 3.3290048932e-01 -1.5824668872e-01 3.9207372518e-02 -1.1083431284e-01 -8.2408918848e-02 -5.4922329579e-04 6.5222840738e-02 2.5588626596e-02
9.8251568536e-02 6.1510829922e-03 7.4460061190e-02 3.1262615912e-01 5.4412743437e-02 1.0050444113e-01 -1.1187872229e-01 4.1399316123e-02 2.5018477551e-01 4.2372248771e-01 -1.9994550161e-01 1.4117539716e-01 2.2213341444e-01 -1.1217743297e-04 -3.3096606023e-03 -1.2237772485e-01 -1.1049509819e-01 -1.5752222720e-01 4.7323531411e-02 -2.5993311567e-01 8.9440829573e-02 -1.0786000911e-01 1.3320656418e-01 -1.3952766418e-01
1.4520751015e-01 1.2674045351e-01 6.1225361121e-02 -1.0302321489e-01 -2.3529248327e-01 1.2009595683e-01 -5.0195076245e-02 -3.3359519364e-01 3.7560766520e-02 2.2135004842e-01 6.5879070159e-02 2.9144892662e-01 9.0704688250e-02 -7.2206507276e-02 2.7500434344e-01 8.0125807363e-02 -1.6041972380e-01 -6.4517808716e-02 3.1526837811e-02 7.7758871715e-02 1.1705584890e-01 -5.4765134042e-02 -3.3647930712e-01 1.4146331770e-01
-3.4615979805e-01 4.1280840212e-01 8.4373313759e-02 2.2017212909e-01 3.4437752056e-01 1.0451395659e-01 -4.0301986747e-02 -2.8321807020e-02 -1.4385361255e-01 -4.5535642207e-01 4.9433790249e-01 -9.6790280635e-03 -3.4785858297e-01 -1.8096969923e-01 -7.8255893186e-02 2.0502587955e-02 -3.2108598807e-01 9.5051904290e-02 3.3258128196e-02 9.7319338849e-02 2.9617387846e-01 2.8431082427e-01 2.2901854326e-01 6.2514121388e-02
1.8044133598e-01 1.5422757583e-01 5.0096809184e-03 -1.5268882698e-01 -1.4341507765e-01 -5.7256242014e-04 -3.6610982513e-03 9.0447847728e-02 1.1145743388e-01 -1.6898554997e-02 4.1928574614e-03 -3.5907440051e-01 -2.4787493852e-01 9.4398059887e-02 9.1696467398e-03 3.6799345360e-01 -6.9130913376e-02 -3.4399091144e-01 3.5387755276e-02 8.8965629459e-02 -8.3184389439e-02 -3.3222048097e-01 5.3705506930e-02 2.1984213981e-02
2.0921182558e-01 -6.7062744348e-02 -1.0476454601e-01 -3.0825389393e-01 2.8339943505e-01 2.2391241490e-01 -1.9594536604e-01 1.4352422143e-01 -5.4695338207e-02 1.1335912736e-01 9.4222037291e-02 1.0610311140e-01 5.2346142956e-02 -7.0693550635e-02 3.0819980354e-01 7.2570693535e-03 1.2097070351e-02 -1.7662068859e-01 -1.0975297931e-01 1.0796740455e-02 2.0989816903e-01 1.7793624669e-01 5.4030242574e-01 -1.0864933825e-01
-2.7988342718e-01 1.4621744750e-01 -1.4121281438e-01 2.2847727604e-01 -3.4221331231e-01 -1.1177050489e-01 6.6761930451e-02 -6.7975051122e-02 3.8537131612e-01 -9.3528381935e-02 5.0127760581e-01 4.3354226743e-01 -6.6449906288e-02 -3.1589219194e-01 -1.5740593762e-01 -1.2711515747e-01 3.4349797501e-02 -2.8520590999e-01 -5.6054289286e-02 3.5443507706e-01 -1.5939186916e-01 2.9255840560e-02 -2.6737061161e-01 -3.4681316334e-01
-1.0988358851e-02 -1.3748895664e-03 -3.7532513897e-02 2.7927021493e-01 -4.5102532940e-02 2.8408124801e-02 -2.4763176897e-01 -3.3382489969e-01 -9.3932272850e-02 -1.8827403703e-01 -6.4984040881e-02 3.1867107346e-01 1.6208837556e-01 -3.1493607597e-01 -1.3188794776e-01 8.3455806055e-02 -3.0033323140e-01 -1.9227199215e-01 1.8533103459e-01 4.5628893457e-02 3.2445151914e-01 -4.1513316683e-02 1.2072382795e-01 -1.9788425584e-01
5.8286241306e-03 -7.8937043432e-02 -1.4373681081e-01 3.8604131520e-01 3.1804660484e-01 -2.0586316446e-01 1.0820661797e-01 4.3137878491e-01 2.3260480608e-02 -6.3168461911e-01 -1.6490954309e-01 2.1088972293e-01 -1.4637778978e-01 2.5411803736e-01 8.6838535189e-02 2.0469311306e-01 3.1653974723e-01 -2.5054215384e-01 2.4768065233e-02 -3.3676014935e-01 -5.0951037819e-02 -6.1511856525e-02 -1.9853735619e-01 3.8292243866e-02
1.0103721415e-01 1.0878424108e-01 -1.8104719871e-01 -3.9554684876e-01 2.0754161616e-01 1.1876847146e-02 7.6015851420e-02 -8.3234857683e-02 3.1166341821e-01 -1.1894956630e-01 2.8308572827e-01 5.4841908822e-02 8.6586915100e-02 8.2661200397e-02 -1.1793558013e-01 3.4807906865e-02 7.8739605620e-02 -8.5478726276e-02 -3.6837076177e-01 3.2444627455e-02 -1.9327076265e-01 -1.0254822570e-01 -1.3386499019e-01 1.7277587558e-02
1.0362848638e-01 -5.1186860144e-01 4.7631682668e-01 1.8586561886e-01 -1.8745302085e-01 -1.6584524793e-01 2.2818938540e-01 -8.6260524928e-02 -1.7004816344e-02 -8.8593674133e-02 1.2562502399e-01 -1.1155434103e-01 -2.3642401886e-01 -1.1266905818e-01 -2.8560909672e-01 2.2539453850e-01 7.2493717657e-02 -1.4359418755e-01 -3.9625685424e-01 -1.9505974076e-02 6.2241301762e-02 2.3292683734e-01 -1.9823806048e-01 4.8298300307e-01
-2.5360553219e-01 -1.9507826212e-01 -1.7774621168e-01 2.4107492330e-01 -1.5125591819e-01 2.7281400449e-01 -1.9922011976e-01 1.1497086290e-01 4.6454472410e-01 -3.3221439857e-01 -2.5007340562e-01 -1.9217543921e-02 1.0626064777e-01 7.8719681784e-02 2.4936300796e-01 -2.0765921689e-03 -1.9135175625e-02 4.5844849804e-01 9.0976772904e-02 -8.1825534481e-02 1.7390105712e-01 -3.9396899814e-01 3.7009969833e-02 -2.2007117934e-01
1.0869342208e-01 -6.4304545227e-02 2.8560515483e-01 -4.6298008084e-02 -8.4625149420e-02 -7.1298322248e-02 -9.2113484551e-02 2.4964254887e-01 -1.6284919808e-01 8.9962348397e-02 -1.7395197778e-02 -1.9793778741e-01 -5.5652727683e-01 -2.0386354619e-01 2.2664605473e-01 1.6292524938e-01 -1.3662977925e-01 2.0464586982e-01 1.8674540047e-01 7.8603412110e-02 4.8504709861e-01 3.1320456630e-01 1.5029260077e-01 -1.3762927713e-01
-1.4074999503e-01 -1.4031570244e-01 4.2227440971e-02 2.2021822057e-01 -1.1353506003e-01 -4.6143785917e-01 5.4022202726e-01 1.3858221297e-01 -4.0036252649e-02 -1.0452055463e-01 -6.2901035734e-02 3.9498713696e-01 2.6890542846e-01 -1.3133685256e-01 -7.8877831730e-03 -4.4874182816e-01 -1.6644166528e-01 1.4042992612e-01 3.9905004938e-01 2.9160421543e-01 -6.9603325223e-02 5.9382320263e-02 1.6530387125e-01 -9.9209775423e-02
-5.3610335467e-02 -6.0550853537e-02 4.0135900002e-02 -1.9221467529e-01 2.6438250014e-01 1.0877902936e-01 2.3405220035e-02 -1.1524162799e-01 5.7597002570e-02 -1.7079127721e-01 -2.5956960514e-01 1.5493529518e-01 9.9933729950e-02 -2.1848235925e-01 4.6127424931e-02 -9.0190788251e-02 1.8151597919e-01 -1.8452194909e-01 -5.2086406120e-02 -2.5223087566e-02 -2.9423702081e-01 2.5579081386e-01 -1.5850968883e-01 5.9092162799e-02
3.7097940893e-01 -3.4422050825e-02 2.3957860263e-01 4.8292052814e-02 -2.7488022078e-02 -8.7084268839e-02 -4.1076904205e-02 -3.9943735018e-02 1.7050057904e-01 -8.3535646176e-02 -2.9695581958e-01 3.6874584941e-01 2.4358162273e-01 -1.4065749156e-01 1.5298461469e-01 6.5300863748e-02 -2.4934380282e-01 4.1961978953e-01 -1.3403293449e-02 1.9767051502e-01 -2.7909747845e-02 2.5045521728e-01 -1.5550822124e-01 2.3901645754e-01
2.2838602311e-01 -9.4166787698e-02 -3.1838533417e-01 6.5786737863e-02 -5.1892535899e-02 -1.1125545287e-01 3.6990606153e-02 1.5662210838e-01 2.6502981772e-01 -4.1039831229e-02 -7.4988914305e-02 -5.6169517582e-02 -1.9079608972e-01 1.0892644955e-01 3.0957370280e-02 2.9566281449e-01 2.4620324688e-02 -1.7919999621e-01 -3.1049494816e-01 9.2880261760e-02 7.5559337651e-02 8.7389455244e-02 -7.6836735298e-02 -1.4365793939e-01
1.1127985409e-01 -1.2259035297e-01 -4.1720506343e-01 -1.5421316149e-01 1.5034588581e-01 -1.7146944556e-01 1.8111928701e-01 -2.4190655728e-01 3.8785357827e-02 2.4178909734e-01 -2.2136152580e-01 5.9631050449e-02 -2.1703262154e-02 1.5733052725e-01 2.0308237114e-01 1.7758856238e-01 -1.9515374544e-01 4.5462078876e-02 -1.2811249973e-01 -2.6332204536e-03 -2.3100615758e-02 1.1068356110e-01 1.4259379886e-01 1.4877658655e-01
