1.4589053424e+00
-2.0136352441e+00
9.5112068999e-01
1.3727266986e+00
5.8531899951e-01
-1.3081650385e+00
3.3977094874e-01
1.6190070000e+00
-1.7489419970e+00
-1.3827606195e+00
8.0449606132e-01
-2.6447856946e-01
1.4310449500e+00
1.0297612420e+00
-3.3658039696e-01
-2.4730643776e-01
-1.3639207456e+00
-1.2378135704e+00
-1.4654240382e+00
2.5271077020e-01
5.5388889791e-01
-1.6825325167e-01
5.8617290458e-01
-6.6029198563e-01
1.6869905336e+00
1.3335061957e-01
2.4168896454e+00
-5.6315875803e-01
5.7947340463e-03
-1.3077366091e+00
-5.2252328610e-01
3.3678419351e-01
