-5.4833846455e-01 -9.9274722313e-02 -6.3891831881e-02 -2.7262045278e-01 1.6746377013e-01 -7.6762975020e-02 -4.2095362500e-02 -2.4731297330e-01 -2.8089646005e-01 8.2104929293e-01 8.7467195495e-02 1.1868382243e-01 2.0910710994e-01 -8.3221408650e-03 -1.1969512168e-01 3.3001305897e-01
9.5310213509e-02 -2.8339818369e-01 -5.8268190045e-01 1.0279911704e-01 1.0067376774e-01 3.5426678847e-01 1.2379554974e-02 -2.3408684009e-02 2.7981806204e-01 -3.2618369562e-01 1.6702233792e-01 1.7105507841e-01 -3.3023699128e-01 -1.6429233170e-01 1.7763349742e-01 1.7793268632e-01
-4.0672615394e-01 1.1976910542e-01 1.0406467055e-01 1.6621072252e-01 2.8526659359e-01 9.5060764851e-02 3.6418715195e-01 3.6913528104e-02 -5.4185410066e-01 -3.1141804307e-02 -3.7765240041e-02 -4.5189040428e-01 1.4044093444e-01 2.9823956514e-01 -2.1336828548e-01 -4.8145151734e-01
2.7909185109e-01 1.3110890706e-01 9.1704813159e-02 -2.8423557221e-01 2.7223793054e-01 1.0795339053e-01 2.5007474765e-01 1.9677746036e-01 4.6230327846e-01 8.6325280230e-02 5.2772027928e-02 -3.4021775584e-01 -2.1973480863e-01 -1.3039885671e-01 9.2587003593e-02 -3.4448669308e-02
-5.4042310817e-01 -2.7130439400e-01 6.1315859690e-01 -1.2146310265e-01 7.0045817957e-03 -2.6686542119e-01 -6.4002367518e-02 4.2951618695e-02 -6.2210292770e-02 -1.0779277402e-01 2.3091517989e-02 -8.0743680004e-02 -4.0400044551e-01 3.0171783281e-01 3.7276893727e-02 -7.2232191392e-02
-1.2441188904e-01 -1.8118113224e-01 2.4989280506e-01 1.7057046209e-02 5.7126076646e-01 -1.1245630238e-01 4.2362304162e-01 7.4785527805e-02 7.2230165911e-02 -3.8229332166e-02 -1.7571963684e-01 8.9870515279e-02 -2.1745802005e-02 -4.6095532883e-02 6.9246173171e-01 -4.7055039209e-01
-2.6574722297e-01 1.4485144998e-01 1.6434371891e-02 1.8316492911e-01 -2.3359046828e-01 1.5111385037e-01 2.4665071732e-01 -2.1836661936e-01 3.1621903280e-01 -2.9084880433e-01 3.3439982359e-01 1.0314860010e-01 -4.8773558632e-01 -1.8170483378e-01 1.3948989489e-01 -4.8860976770e-02
6.0262276421e-02 9.8957775042e-02 3.3188866647e-01 1.5222977317e-01 -7.4768796595e-02 5.2120307284e-01 -4.0915754832e-01 -1.5047086033e-01 1.1804948936e-01 3.7205258457e-01 2.7878103080e-02 4.5747814886e-02 -2.3042155434e-01 1.9791191180e-01 -5.0131778871e-01 4.0388506160e-01
2.8749704724e-01 3.4678454066e-02 -5.4257260230e-02 -2.0336044510e-01 -2.4533531957e-01 5.0725777351e-01 1.8759669771e-01 -1.7206452812e-01 2.7498880619e-01 1.2113351899e-02 -5.9607326375e-02 -1.0504099378e-01 -5.8986253992e-01 -3.3054149669e-01 2.5656916565e-01 -7.4702108390e-02
-3.1303776839e-01 -4.6452107604e-02 -3.9927341958e-02 -5.2407751478e-02 -6.0628007383e-02 1.0607577332e-01 -2.4382128336e-01 9.1919029754e-02 1.3183246547e-01 -5.8649583078e-02 -1.0405309927e-02 -1.4258447602e-01 -4.9248248706e-02 -3.0937340666e-02 1.7816890193e-01 1.2435405445e-01
-8.8156321586e-02 1.9314539184e-01 1.9629428454e-01 2.4040143977e-01 4.7277906795e-02 -1.8234220963e-03 -1.3749544118e-01 7.5937952773e-02 1.9952702600e-01 -2.7178968235e-01 2.0235778393e-01 -4.1535681404e-03 -3.0930508495e-01 -3.4850391632e-01 2.1859682225e-01 -1.2467097665e-01
-1.3245115012e-01 -2.9443481644e-01 -3.7687826975e-01 -7.0209406655e-01 1.2515022690e-01 -4.5989296712e-01 -5.3661307787e-01 -3.7725089484e-01 1.6447408135e-01 3.6780800154e-02 -1.2691171127e-01 1.1047614597e-01 -4.1781435345e-01 -1.0792607634e-01 2.2194587989e-01 1.4082346440e-02
5.9565592443e-02 -2.8034817282e-02 -2.5851327876e-01 -3.9890058658e-01 -2.0990411931e-02 -1.9487225972e-01 3.1909208758e-01 5.1784940621e-02 -1.1646786274e-01 5.8771536933e-02 -2.4839613111e-01 -2.6210097200e-01 1.2598541794e-02 4.4786060711e-01 -1.8418988825e-01 -3.7021199214e-02
-1.1006526874e-02 8.3646026245e-02 -2.8651036774e-01 9.0881184925e-04 -3.1690111259e-01 2.8794648335e-01 1.9454962538e-01 -4.3650858921e-01 -2.5146021914e-01 4.4070755099e-01 5.9087924578e-02 -1.5516091017e-01 -8.6513732331e-02 3.8646517304e-01 1.5415826341e-01 5.0558164929e-01
-2.5891088558e-01 -4.2806711698e-02 2.3223188511e-01 -7.7547927594e-02 -5.2944764171e-01 -3.2493720192e-01 -2.8717094200e-02 2.4448554294e-01 -5.7226224613e-02 1.3632565691e-01 -7.0205940089e-02 1.0370546741e-01 -1.8696921078e-02 3.1863099760e-01 1.9729861884e-01 4.5079959692e-01
2.0397576989e-01 -4.5185602455e-02 -2.1303519461e-01 -2.0853060773e-01 -3.4906908228e-01 2.0126797307e-01 -5.4807080396e-02 -2.8850149665e-01 1.0139643463e-01 -3.1099086937e-01 -7.0220289916e-02 -1.8649981078e-01 -1.8662836708e-01 3.2170820258e-01 -4.0085124808e-01 5.9932258893e-02
