-1.2041863521e-01 -1.3826722147e-01 -2.2388986001e-01 -2.6680683255e-01 -2.7755459301e-01 -1.0454932138e-01 -1.8139793849e-01 1.4057044277e-01 1.0833446460e-01 -4.0807270676e-01 1.5535650102e-01 1.3299531254e-01 -2.1761868291e-01 -7.8839782657e-02 -1.8308425667e-01 7.4792478090e-02 1.8080176622e-01 -1.8643826131e-02 3.3504937132e-01 1.2720921349e-01 3.6138639272e-01 2.5251096257e-01 1.6490641944e-01 1.6504264217e-01 -2.5907802442e-01 5.0381631584e-02 -2.3649505633e-01 1.0323391163e-01 -1.2546482014e-01 1.4408594337e-01 -5.5011461070e-03 1.0618068447e-01
1.8506755669e-01 -1.1836822922e-01 -2.9999937610e-01 -1.7863503335e-01 4.0134168016e-01 -1.2130619729e-01 3.1487743641e-02 4.4384237260e-01 -2.0622135949e-01 2.8030836971e-01 1.5921345413e-02 4.5158606384e-02 1.8812357401e-01 1.1508848654e-01 -3.2881183099e-01 1.5566009363e-01 -1.4845427250e-01 4.4402827813e-01 -2.0535361147e-01 -2.1426397614e-01 1.8766190717e-01 -1.6091533694e-01 -2.2345883835e-01 2.2006696376e-01 3.1563903355e-01 -9.0889000872e-02 3.4396517326e-02 -1.7910530986e-01 -9.3887326104e-02 -2.2797646759e-01 2.2010815839e-01 -1.9112127426e-01
6.0947513207e-02 1.2803617788e-01 7.6281454175e-02 5.0196409467e-02 -1.9694957397e-01 1.3987947697e-01 1.8477234641e-01 -4.8740019431e-02 -2.3218640641e-01 -3.3148558661e-01 -1.1846792631e-01 1.3736097615e-01 -1.2415426370e-01 2.3920072130e-02 1.6895065249e-01 -2.8892188813e-01 -5.0138815035e-01 -1.1880872623e-01 2.6170301529e-01 2.2502943022e-01 1.8997124635e-01 -4.0750156946e-01 -1.2204733615e-02 3.3548620263e-01 9.6796928385e-02 6.4797771560e-02 -5.2940590297e-02 -2.5025303200e-01 -1.0847106984e-01 -1.0819130479e-01 1.7426045507e-02 1.2556722154e-01
3.7551833777e-02 1.1743606689e-03 9.4690780584e-02 -6.3179818499e-02 1.0718529768e-02 -2.3868145185e-01 -1.5805258136e-01 -7.5335638271e-02 -6.4872684985e-02 -3.3517051695e-01 3.1903753824e-01 1.3845682892e-01 9.8158265054e-02 -4.0981486473e-01 -4.5788771595e-02 4.9848510018e-02 4.2703230302e-01 -8.7888325417e-03 1.0483912419e-01 -4.6978893575e-02 -6.9668234086e-03 6.8621833456e-02 -2.0736489085e-01 -1.6663718539e-01 -6.1450794735e-02 -1.8182351239e-01 -2.3961958790e-02 -9.9962674459e-02 1.0570453864e-01 -3.8166831954e-03 4.4801452017e-02 -1.4809829776e-01
8.5591345012e-02 -1.8489243112e-01 -5.5892329491e-01 -2.4349184299e-01 -3.9623398447e-01 2.3139939218e-02 9.0528999367e-02 1.9151899281e-01 -2.9346646871e-01 3.4297312825e-02 4.1059650825e-01 -1.7101806666e-01 -4.3671752722e-03 2.1611143822e-01 -1.1665038029e-01 2.8286149256e-02 8.6409141263e-02 -1.6031066423e-01 1.5367838676e-02 -1.8769989178e-01 -4.3167828338e-02 7.9653408671e-02 -2.4429324150e-02 1.2998779113e-01 -2.8058132444e-01 4.6441922756e-01 -1.6079905061e-01 3.2835102188e-01 2.3265432964e-01 4.0761585106e-01 -4.9193355805e-02 -3.1082593488e-02
-1.6925009466e-02 4.0684465946e-02 1.9827819364e-01 -1.0349304504e-01 2.9543048014e-01 -1.2533907278e-01 -2.5300670216e-01 -9.3712529808e-02 -1.2078690840e-01 -1.6890688488e-03 -1.0367694805e-01 2.1341658946e-01 2.9287143601e-01 8.9765925155e-02 -3.8208817814e-01 -1.7080843368e-01 -4.1569726107e-01 -2.0677350968e-01 -4.8209910637e-02 -1.1537429827e-01 2.9592770298e-02 -1.0251121599e-01 2.6457373537e-01 -8.5368422253e-02 -1.1916435936e-01 1.5212832717e-03 -1.5654865663e-02 -2.5060743928e-01 2.0693992914e-01 -2.5006961056e-01 9.2153936718e-02 3.0841866892e-01
2.8749798082e-01 -3.4027009749e-02 -5.9846349478e-02 -2.1524679001e-01 -2.4536214044e-01 -1.3492575801e-01 2.3097222989e-01 -1.8299482457e-01 2.9103847277e-01 -1.8150287856e-01 -4.6437727557e-01 -8.0985513231e-02 -5.9687847039e-02 1.8113548520e-01 3.7901130651e-01 -7.5699274237e-02 4.2505960887e-02 -9.1617869335e-02 6.2565237112e-02 -1.2266980088e-01 -7.5533051049e-02 -1.6495755499e-01 9.5997221237e-02 1.1711443006e-01 -9.1141154214e-02 -2.1277565477e-01 -2.2227229588e-01 4.5173744865e-01 6.0077073152e-02 2.9305911722e-02 1.0520364790e-01 -1.2913075187e-01
-3.1465884199e-01 8.6717926211e-02 6.1757133244e-02 3.2984581142e-01 3.6528203403e-01 4.6654560216e-02 1.9317110291e-01 1.7872095114e-01 -2.3751654670e-01 -2.5048008768e-01 8.2894673157e-02 7.6827717523e-02 2.0762012125e-01 -1.7285968266e-02 2.3040328356e-01 -7.5227441545e-02 1.7885296818e-01 1.2248463961e-01 1.9064448674e-01 -6.8517105213e-02 1.1672172193e-01 1.0500926499e-02 -4.0768827354e-02 -1.6094004177e-01 1.2590644078e-03 -2.1833169800e-01 1.1371981124e-01 -2.3008546508e-01 -7.4197582971e-03 1.6772060218e-01 6.3686545493e-02 -1.1528598365e-02
2.0862259600e-01 -2.7416686444e-01 -3.0655742821e-01 1.5086203590e-02 1.2195028079e-02 -1.5306759021e-01 7.7616671629e-02 -2.8773149960e-01 -3.3769267094e-01 2.1830832485e-01 1.6917941931e-01 3.2934175609e-03 8.6084964750e-03 -3.6158818971e-01 -9.5611175277e-02 1.0806620824e-01 -5.3899839762e-02 2.0779312587e-01 2.5838265582e-01 -3.0967461528e-01 -2.3376866708e-03 2.3491316136e-01 2.1880777352e-01 -7.0290825500e-02 1.8439938181e-01 4.1469741172e-02 1.6270479904e-01 -1.8021441328e-01 -7.6381620756e-02 1.8475817809e-01 1.1708610114e-01 -9.1873067397e-02
-2.0613729415e-01 2.4395310716e-01 -5.2183506613e-02 -6.5394981811e-02 5.5099150317e-02 1.3688638396e-01 2.3072722121e-01 -2.0763821328e-01 -1.1443699178e-01 1.1826391426e-01 5.3903562983e-02 -1.3337364089e-01 1.8695379585e-01 -2.1430562253e-01 1.3288930154e-01 1.4286214352e-02 -1.9254005301e-01 1.9011189775e-01 -3.1961298726e-01 -9.9378932348e-02 -1.8663438108e-02 -1.5367298403e-02 -5.9493051322e-02 -1.0387252070e-01 4.5562965858e-02 -1.7041851820e-01 -1.2884776489e-01 -2.4870585334e-01 6.8383652035e-02 1.7594893040e-01 -1.9622495084e-01 2.5989336653e-01
-4.7549261927e-02 6.1826062837e-02 1.6442164445e-01 -1.6179887636e-01 5.5335093726e-01 1.6988517237e-01 2.6108232915e-01 7.7212386202e-03 7.0859526627e-02 2.3738863902e-01 4.9452213432e-03 -3.3401264173e-01 6.3136956695e-04 -2.3676845072e-03 -3.0248893912e-01 1.6999182419e-01 1.5905725088e-01 1.3244173707e-02 2.2888670059e-01 1.5233849849e-01 -3.2542546619e-01 -2.4930218972e-02 -2.2029880263e-01 -1.0404984493e-01 -6.3404260802e-02 -2.0967581364e-01 3.6375581098e-02 -2.0583506790e-01 -1.8821861017e-01 3.7358895490e-02 1.2404924751e-01 -5.9558533221e-01
-1.7515764062e-01 4.8345195616e-02 -5.7622133618e-02 -3.2119012442e-01 -1.9735757820e-01 -2.7253304490e-01 -7.0616184864e-02 -1.8738213980e-01 -8.7639916916e-02 -1.7589730659e-01 2.2536903290e-01 1.1270172532e-01 -4.2841277452e-02 2.2146314623e-01 -1.4841818914e-01 -1.6395100173e-01 -5.3501216544e-03 -4.1004349151e-01 1.0317014273e-01 4.6776915549e-01 -1.9307805013e-01 -9.8583397792e-02 3.6794492133e-01 2.5901414728e-01 -1.9523138612e-01 -2.4722232535e-01 -7.8243232522e-02 -9.8717447379e-03 -6.6907404999e-02 -3.5516181363e-02 -2.3307413351e-01 -1.5059021307e-01
3.3276739479e-02 1.1465770526e-01 -2.7591067636e-01 7.6784202599e-02 -3.3512764387e-02 1.3193249674e-01 -2.6755858760e-02 2.0447836319e-01 8.5045861666e-02 -9.5191451779e-02 1.7700011093e-01 3.0055826548e-02 6.4593014911e-02 1.0675290366e-01 -1.7508384346e-01 -6.6504819848e-02 -2.4005615531e-01 3.2326402601e-02 -1.6968828249e-01 -1.1465693489e-01 -3.5056552289e-02 1.5137305053e-01 4.8146466237e-02 -2.8368734260e-01 -1.6871948263e-01 -2.6179413775e-02 1.3594199251e-01 -2.0341074182e-01 1.8656643021e-01 -2.7803951068e-01 3.2345233659e-02 1.8297179889e-01
-4.9731270554e-03 -4.8199286041e-02 5.2395710550e-02 1.7288167670e-01 -3.2822589398e-01 -7.9510055188e-02 -9.8833153921e-02 -1.9375593423e-01 2.4832147461e-02 -3.9346335036e-01 -1.1274206021e-01 4.5694679950e-01 -4.4707665212e-02 -9.7860405923e-02 -2.4428220497e-02 4.8523400842e-02 1.4949436895e-02 4.3443041616e-01 -2.5312685137e-01 3.4663253494e-01 -1.7326946952e-01 5.9560063135e-02 1.6465272151e-01 8.5258949577e-02 8.3343064946e-02 2.8152866631e-01 1.2078976049e-01 2.1822152273e-02 -8.2053680586e-02 1.5634381468e-01 -6.5721645674e-03 1.6680818843e-01
-1.0154360669e-01 7.9748125563e-02 -8.3119646800e-02 -1.0418143470e-01 2.6597601929e-01 2.5228225785e-01 -1.0092463092e-01 -4.5692466665e-02 1.1638260100e-01 7.2685216953e-02 -1.4515750585e-01 -2.9525814679e-02 -2.4608866282e-01 -1.2515916625e-01 -1.3305691488e-01 -6.2990317816e-02 1.2300854171e-01 -2.7732906715e-01 1.0702782865e-01 4.4024919896e-01 2.6736440012e-02 9.0125569265e-02 8.3263428905e-02 -1.6205248019e-01 1.4610183680e-01 -6.0777448688e-02 -3.0226120872e-02 -2.4955212996e-01 -4.6577258793e-02 -4.2220894347e-02 -8.8026716836e-02 -7.3078928351e-02
-5.3148814417e-02 8.5099676452e-02 4.1644065034e-02 -1.1232119656e-01 1.6343027540e-01 1.9037703271e-01 1.3946819398e-01 2.1246956272e-01 1.9201490896e-01 3.8727987396e-01 -4.3519341012e-01 4.4215185251e-01 -8.7507503550e-02 -2.3278750186e-01 4.8812254902e-02 -1.3942088345e-01 1.4229497918e-01 1.4010249086e-01 -1.3460986252e-02 -1.2934508448e-01 2.1885033684e-01 1.0438510430e-01 -1.1838774804e-01 -4.4422877818e-02 -2.4095033962e-02 -1.5115791062e-01 -1.6254053853e-01 3.6247493914e-01 2.9739022247e-02 8.2665976049e-02 -1.6218707326e-01 3.1100161404e-01
4.5382716505e-02 1.5982014191e-02 -5.0805552758e-02 -2.1137099078e-01 -7.9613340702e-02 -2.0543470924e-01 -8.3646191110e-02 -1.2400538466e-01 -1.2542620605e-01 -1.1053047139e-01 -1.7739900624e-01 -2.5366187860e-01 -1.4217692707e-02 -1.5854419444e-02 1.6865243436e-01 2.0232412488e-01 -1.4547117973e-01 -1.0639856729e-01 2.1428978615e-01 -1.4465177713e-01 -1.7857383711e-02 2.2097699497e-01 1.8875612879e-01 6.5815399946e-02 -5.5341267646e-02 1.6791967126e-01 -3.1260468552e-01 -3.7803336824e-02 -1.1600558879e-01 -3.1513260039e-02 1.9833514503e-01 -1.1566630871e-01
-1.3885171239e-01 2.4121878989e-02 2.2396853507e-01 2.0295231089e-01 -3.2838678044e-02 -1.3800674463e-01 -3.0986357144e-02 9.3185082623e-02 3.4431017162e-02 -2.7846338169e-01 1.1133936002e-01 -2.6791079687e-01 -3.9730722190e-01 1.5714552756e-01 -3.1381474041e-02 6.8775130992e-02 1.5994638777e-01 6.9123689190e-03 1.0460198551e-02 -4.6954301814e-02 1.4254146504e-01 -2.8096069716e-01 -1.8449207310e-01 -1.6292786777e-01 1.1275994795e-02 2.3786947538e-01 1.7215173862e-01 1.8789415668e-01 7.6485728298e-02 1.6646036962e-01 -1.1387850335e-01 -2.8117859833e-01
3.6542777501e-02 -2.5889155149e-01 -3.2913574896e-02 2.3132525333e-02 1.1929081384e-01 -6.1715799483e-02 2.7247793209e-01 -2.3382728566e-02 2.8608826590e-01 -1.1946850669e-01 1.7942880679e-01 -6.8616848731e-02 4.4131439110e-02 -1.7239747111e-01 -1.5281418891e-01 -1.2127701257e-01 -1.9549992860e-01 2.8800017658e-01 2.2755021687e-01 1.5648841211e-01 1.3486983702e-01 -2.9702092774e-01 8.5359764154e-02 -4.7487456073e-01 3.8218253112e-01 -4.1226441689e-01 -1.8410311219e-01 -7.1577230133e-02 -2.4051066383e-01 9.5512779404e-02 -5.0288977529e-02 -1.7257932177e-02
-1.1854336536e-01 -1.5204389279e-01 1.1110687856e-01 -2.5152967034e-01 -1.1067285094e-02 -2.8931228475e-01 2.9188997912e-01 2.9363931614e-01 -2.8992171054e-02 2.9281458102e-02 -5.9677949926e-02 -9.2751072308e-02 1.7512270320e-01 1.9759799573e-02 -1.1907458777e-01 1.8794377525e-01 4.9683906125e-02 1.7699570706e-02 3.6137537392e-02 -5.6216579976e-02 -3.7737045128e-01 -1.1404597482e-01 -3.6590946633e-01 2.3546028136e-02 1.5869318668e-01 3.7451388346e-02 -3.8996258303e-02 -2.4411048150e-01 -2.9923450459e-02 -1.4532394482e-01 1.7938735615e-01 -1.9557721710e-01
1.7108971252e-01 -6.6339969679e-02 -4.1069925347e-02 2.2809807389e-01 7.0267808763e-02 2.2814311167e-01 7.1286735416e-02 1.8887548135e-01 3.5867456394e-01 1.7729052136e-01 5.8234164880e-02 -5.1806123549e-03 1.5553406694e-01 1.0617307530e-01 2.3673430118e-01 -1.2725238556e-01 4.6950058864e-02 -5.9558252820e-02 -1.0576638184e-01 9.3777904482e-02 -1.4941249427e-01 1.5959909021e-01 -1.5149890253e-01 -2.0338866891e-01 -1.7452500924e-01 -6.0205560104e-02 -9.5093590115e-02 -7.5061825503e-04 4.8043597283e-02 1.8981465423e-03 5.0897190149e-02 9.7149182942e-02
-1.5793905524e-02 -7.4047312867e-02 -4.4073106443e-01 -4.0639140433e-02 -1.0269300288e-01 1.6561002486e-01 2.3046900385e-01 -3.8349664091e-01 -3.4249271963e-01 1.5972634355e-02 2.1833740953e-01 1.1377439270e-01 3.1854241805e-02 9.5598549736e-02 -1.0536245404e-01 1.0848195783e-01 -1.4090889432e-01 -9.1242086678e-02 -1.4965360977e-01 -3.8432565255e-01 -7.1668713610e-02 1.0200055991e-01 -6.6152954667e-02 1.8010870129e-01 1.1765781013e-01 1.3756540941e-01 -1.3155408499e-01 9.2823450988e-03 1.3083334199e-01 1.5878452032e-01 -2.4625612410e-01 -1.4300444467e-02
9.7839647195e-02 -3.1865375712e-01 7.6132634540e-02 2.9773654128e-01 -3.3058491515e-01 7.7832682821e-02 -2.1244982373e-01 -2.4748993318e-02 -3.9596029750e-02 -6.9479147312e-02 1.1944033660e-01 1.4635055690e-01 2.7700955795e-01 -1.2556403033e-01 1.4255319231e-01 -5.2055105698e-02 7.2736322991e-02 1.9373597745e-01 -5.0205661805e-02 2.3463922225e-02 -1.9376942710e-01 -4.6121875045e-02 1.2737357657e-02 7.7627505458e-02 -1.9096887745e-01 1.8556187199e-02 -1.0558949673e-01 1.7017042101e-01 -1.2121646071e-01 -1.0850359471e-01 1.6633841359e-01 1.5134078291e-01
1.5502412637e-01 -1.1498606194e-01 6.9399377573e-02 2.1989223302e-02 8.3471542240e-02 1.3019124653e-01 -2.4634760274e-01 2.8934115205e-01 -4.8501480568e-02 3.1325587062e-02 -1.9148440779e-01 5.6653023061e-03 -1.4224990094e-02 4.9232842558e-02 4.0968808900e-01 1.3149124735e-01 -3.5985360020e-01 -7.6059651097e-02 2.7112467450e-01 2.8606097279e-01 -1.4198152755e-01 -1.4232969471e-01 1.4267507805e-01 -9.5298342416e-02 1.4294080421e-01 1.0914667438e-02 -1.2651417340e-01 1.0833675271e-01 -2.9506115270e-02 -1.8196744312e-01 -5.8967694964e-02 -6.4801170272e-02
4.7401982690e-02 -2.3014161295e-01 -4.9398785126e-02 -1.5683131585e-01 -6.3151369589e-02 -2.6262799656e-02 -1.1025022415e-01 3.5815330257e-02 1.6631266689e-02 -2.0991301423e-01 2.3805926014e-01 -2.0703156846e-01 -4.2753514897e-01 -1.6811663990e-01 6.6969002084e-02 -5.5430917051e-02 -2.5549904740e-02 -1.6545686562e-01 -1.8897693161e-01 -2.8202265082e-01 1.7002481232e-01 1.1065382751e-01 3.1564588432e-01 -9.6333249761e-02 4.8560678765e-02 -2.1416259153e-01 5.7503914054e-02 -7.1611758611e-03 2.2000173048e-01 -5.7477929013e-02 -1.0877310859e-01 -2.7298576275e-01
4.7597564663e-01 3.4146774044e-01 2.6583014762e-02 1.4971076366e-01 1.9540458289e-01 2.5909926817e-01 2.9283592749e-02 -5.2485338194e-02 1.2331979720e-01 9.2576744948e-02 -1.8545149521e-01 -1.6630459502e-01 1.5663242044e-01 1.0374443623e-01 2.3056080325e-01 -3.7935488482e-02 -1.1700090964e-01 -1.0666543984e-01 -1.4040192424e-01 9.5296883240e-03 1.7142856214e-01 5.5467238627e-02 1.7131541701e-01 -7.4923994894e-02 -1.1543454138e-01 -1.7099118459e-01 -1.0181186662e-02 -1.9455634264e-01 -4.9396950494e-02 -1.8262324679e-01 2.9770839128e-01 1.4300584976e-01
-5.2770874814e-02 3.5751302780e-01 -1.0174904367e-01 4.3867299134e-01 -1.9347426358e-01 -6.1900997953e-03 -8.2510007922e-02 -1.7212499974e-01 -1.7765353046e-01 -2.9649438468e-01 1.1027538406e-01 -1.3906204826e-01 2.5857893216e-01 1.1852356921e-01 1.5434177479e-01 -3.0210771943e-01 -3.2139589749e-02 1.7776020391e-01 -1.2800352159e-01 -1.6069164658e-01 4.0745183082e-01 -3.5714990840e-01 2.6110302842e-01 -9.3924214673e-02 9.2491631969e-02 -1.2465702260e-01 -3.0119239254e-02 -7.6874411854e-03 1.4652100351e-01 2.8902473878e-01 -3.5315944410e-01 4.9869795719e-02
1.4778760103e-01 1.0006794012e-01 3.7333734218e-02 -5.3096305399e-02 -1.2557864800e-01 -9.3708977351e-02 4.9183957404e-02 -9.9451562984e-02 -1.6182200948e-01 5.7647936712e-01 2.5852571273e-02 -1.6100366008e-01 2.6289244066e-02 -2.5595625234e-01 1.4167099412e-01 1.0380293630e-01 -2.0745549804e-01 7.2461954112e-02 -2.2469168985e-01 -2.4746436070e-02 4.4658210923e-03 1.1145762698e-01 1.5005628689e-01 -9.3485105110e-02 -8.3339516613e-02 4.7788646719e-02 2.5332544531e-01 -9.1407655165e-02 1.8440718490e-01 -1.1807575191e-01 5.2076977814e-02 -8.2439198293e-02
-2.2803287998e-01 5.8111997996e-02 2.2527181963e-01 -1.1526002107e-01 -2.9492042272e-02 -3.1006936604e-01 2.4703587252e-01 -9.2796916878e-02 1.5035168784e-01 -2.8573708819e-01 1.8013224774e-01 -2.0894580496e-01 -2.0110445007e-01 -1.6075417859e-02 2.7878645874e-01 -8.2164239340e-02 -5.3559239993e-02 8.8075465068e-02 -1.2931537475e-01 1.4626652057e-01 -5.9582812213e-02 -4.0060544158e-02 -1.4247902028e-01 1.5609131018e-01 -4.9424793044e-02 8.1496909797e-02 -2.0184527173e-01 -1.4570276594e-01 -1.7151321081e-01 2.7003994952e-02 -1.0120260520e-01 -1.0260332406e-01
-7.8847912115e-02 3.6864297474e-02 -7.6796349916e-02 5.4660566743e-02 6.8700575477e-02 -1.1914660318e-01 -1.8395320006e-01 -7.2698539284e-02 -3.2550453824e-01 3.4843709192e-01 -4.1337942628e-01 1.1712089326e-01 -1.1617688752e-01 3.5181693346e-01 -2.0408442406e-02 8.0887058318e-02 1.9537457428e-02 -1.2825922288e-01 1.7126536944e-01 2.0273134805e-01 -7.4105363219e-02 4.5538296400e-03 -1.3942830879e-01 -1.4338245059e-01 6.5110756418e-02 2.8100413289e-02 3.2474732700e-02 -9.0136008710e-02 1.5601617877e-01 -6.2573084612e-02 3.1334107641e-01 -2.1369046766e-01
2.6313874832e-01 -1.8780548526e-01 1.8095785016e-01 3.4825614922e-01 -7.8412341600e-02 1.2196556810e-02 -5.0563950745e-02 -1.6863627865e-01 3.9227225988e-02 -3.2842314867e-01 6.6144836958e-02 8.9805763481e-02 1.7520157316e-01 -8.7844928421e-02 -3.3788987312e-01 -1.3985135010e-01 1.6199845048e-01 -1.8815943893e-01 2.0730391833e-01 1.2380005035e-01 -9.0427804665e-02 -1.9433696589e-02 1.2433822943e-01 -2.1149499964e-01 -2.3892423430e-01 -7.0290219175e-02 1.2817022654e-01 -3.8459461387e-01 -4.8330005658e-02 -4.1339061890e-02 2.2614320578e-01 2.2043994628e-01
5.2851542452e-01 -1.8791836008e-01 -6.5177928204e-02 1.6164907693e-01 -1.2666362096e-01 -2.4200073100e-02 3.1335206483e-01 -2.2673275071e-01 -5.7342285417e-02 1.6552546927e-01 3.7086387906e-02 1.6665515615e-01 -2.5932777131e-02 1.8033642404e-01 1.3514319710e-01 -2.6737151876e-02 -1.0017042428e-02 -1.5800251984e-01 -2.0981650609e-01 -1.3868455197e-02 -2.6117763143e-01 2.5110017926e-01 9.7863717337e-02 -1.0081160414e-01 3.9007589906e-01 -2.0698608455e-01 8.5328694444e-02 4.3105353899e-02 1.9646445762e-01 5.3595859818e-02 1.7910175811e-01 1.6259510877e-01
