6.2567341457e-02 -1.2506499222e-01 2.0773443308e-01 4.8841228823e-01 1.6497082352e-01 5.0950770066e-02 -2.0358468772e-01 2.0904294709e-02 -3.2891993306e-02 2.8241938057e-02 2.6030071485e-02 -3.2876013730e-03 -9.1335406225e-02 -1.2536841075e-01 3.0485429587e-02 1.8056110752e-01 2.0375615402e-01 -2.4831858504e-01 2.0592602557e-01 2.3960753621e-01 3.1466376104e-01 3.5072007135e-01 9.8706659980e-02 2.3108042002e-02 1.7448102087e-01 -1.1284184877e-01 -2.4813111204e-01 -7.3616934540e-02 -4.5113955611e-01 -9.6303266087e-02 -8.4631436250e-02 9.6715684785e-02
2.4948099383e-02 3.6858196677e-01 -3.5497176146e-01 6.1159429080e-02 3.8057944718e-01 -5.1738596030e-02 -1.4198879197e-03 1.2921504554e-01 -2.1024244094e-01 -7.2837546165e-02 -1.3556343346e-01 -4.3149943069e-01 -1.1063443935e-01 -1.5632496609e-02 3.6467180127e-02 2.5973457256e-01 2.0934790565e-01 2.2801843026e-01 1.3669307556e-01 5.7843206605e-02 -2.0541877045e-01 2.1995975537e-01 1.1379649944e-01 -1.0410872463e-01 1.2729307271e-01 -2.5789326280e-01 2.6785303082e-01 1.7882442497e-01 8.8909345857e-04 -1.4298951601e-01 -4.3061345602e-01 2.1907372801e-01
7.4812667534e-02 1.0439360707e-01 -1.0430193366e-01 8.9013894969e-02 3.9642715848e-01 -5.7499402363e-03 1.5616905529e-01 2.0983678019e-01 -1.0077590728e-01 -2.6370164175e-01 -2.4595284452e-01 1.7429173972e-01 -2.3101573073e-01 7.4108278254e-02 -3.4334093269e-01 1.8149247930e-01 1.0694248380e-02 6.8413780269e-02 2.3371051758e-01 2.1461433517e-01 -3.1241768485e-01 1.4683597397e-01 5.9100701021e-02 -5.5735289266e-02 1.7927626438e-02 -1.3395751614e-01 -1.2895508097e-01 -2.3269027870e-01 1.8866759644e-01 5.5091547498e-02 1.1470273775e-01 -2.1877348807e-01
-1.5198549266e-01 -5.2544942004e-02 1.9068553484e-01 -1.9315560129e-01 -7.8635479401e-02 -1.1373837867e-01 3.9651835957e-02 -8.8511368254e-02 -2.1717436596e-01 3.0347359156e-01 -1.7625126201e-01 -1.2615998075e-01 -3.8763942115e-02 4.1379320669e-01 -1.7555083168e-01 1.2937247800e-01 -1.7824937947e-01 -2.3869610165e-01 -6.7818759267e-02 -2.8391002101e-02 2.2953253421e-01 -3.1098847281e-01 -5.4030189391e-02 1.3478421916e-01 1.1216477351e-01 1.6014728224e-03 1.3499862319e-02 -8.2126313791e-02 1.0500319529e-01 8.9270515835e-02 -2.5903511931e-01 5.7703526371e-02
-2.4638181099e-02 2.5428196991e-01 -2.2395800241e-01 -1.9675060046e-01 -2.2728874933e-01 2.4080548759e-01 -2.4468601385e-02 -1.5578134604e-01 2.6289038999e-02 5.7101145323e-02 1.5447774868e-01 -9.8545638398e-02 -3.2714976045e-02 -7.3742037348e-02 -1.1230193019e-02 -2.8582756213e-01 1.1902931778e-01 -2.3550578731e-01 1.7952256250e-01 -2.2266908852e-02 1.7215053476e-01 9.0512705833e-02 -3.4236473006e-01 -2.7809296383e-01 -9.8667665263e-02 -2.5650342017e-01 -4.0083571574e-02 -4.6586628926e-02 -1.6641983039e-01 5.1677057794e-02 -2.3860344419e-01 -7.3221769047e-02
-5.8370882442e-02 -2.2776284865e-01 8.0689750625e-02 -2.1096969829e-02 -4.5737422464e-01 2.0511026810e-01 1.0457102717e-01 7.3724458001e-02 5.0232151182e-02 1.9436303007e-01 -2.5597974620e-01 2.2515076357e-01 -3.6075219470e-02 -1.5125871505e-02 -3.4961466042e-01 3.9516734495e-03 2.5877203302e-01 -8.3063438714e-02 -1.4225760751e-01 -1.2022826489e-01 1.3084994436e-01 2.4918707811e-01 7.2494136370e-02 -2.8653883369e-01 -2.1635559253e-01 -3.9878735275e-01 1.0311812923e-01 8.6844055829e-03 -7.2064524474e-02 -8.7086427430e-02 2.5584618078e-02 3.8553142288e-02
-1.8383416156e-01 2.6063558109e-01 -8.3762722694e-02 2.1818645826e-01 -1.7235913380e-01 6.2607642066e-02 -2.1443827147e-01 -3.4907636051e-01 6.7834168727e-03 1.3148005164e-01 1.8458263217e-02 -1.0863185333e-01 1.2150127757e-01 2.5284655625e-01 -3.1493804289e-02 -2.7721783515e-02 -3.7133946439e-02 -1.9801216751e-01 2.9841869462e-01 -1.0780578465e-01 -2.1393333615e-01 -3.6171500233e-01 -7.8704106633e-02 -2.9500308586e-01 -2.4688681650e-01 1.3467246442e-01 2.9201704869e-01 1.2814907233e-02 9.1594816321e-02 -1.2315806529e-01 7.4182022618e-02 -1.0599709974e-01
1.3806860439e-01 -3.6951158608e-02 1.4718480467e-01 2.4855139920e-02 -3.7138295345e-01 6.8970977113e-02 -4.0811257920e-03 -2.0211273985e-01 -2.5871665266e-02 -3.1408027939e-01 -1.9871315176e-02 -1.2106503424e-01 -1.3089178323e-03 3.9952770351e-01 -2.4405015996e-01 -1.2546810483e-01 -4.5773796949e-02 2.4270743864e-01 2.0660307321e-01 8.9952319189e-02 1.0371961056e-01 1.8455028092e-01 -9.8773506518e-02 1.9487097581e-01 1.0550725210e-01 -1.3428445213e-01 -1.9394610231e-01 -8.9787068693e-02 -1.0866090043e-01 -6.8220631915e-02 1.4426132321e-01 -1.1238990945e-01
-5.3459403365e-02 -1.7907262056e-03 -7.8914805818e-02 9.3290192043e-02 -2.4406226432e-01 -4.3475272287e-01 -3.2725695104e-03 1.3995411416e-01 -2.2472762888e-02 -1.4425743305e-01 -1.7694151069e-02 -6.5898698821e-02 1.8939303944e-02 1.1364835892e-01 -2.0855422741e-01 1.8759166645e-01 5.9132417360e-02 -4.6225120791e-01 3.8637748690e-02 -4.6409578809e-02 1.2753803066e-01 -1.9446207117e-02 3.2264544546e-01 6.5744614025e-02 3.0919503898e-01 -1.8684667834e-01 -2.0916506040e-01 -1.7396922956e-01 1.4141284092e-01 2.6479602814e-01 -1.4502937775e-01 2.8100200616e-01
-6.8497765577e-02 -8.6038692161e-02 -1.7971482227e-01 -1.2123951627e-01 8.4398146140e-02 1.2295888258e-01 -2.5354998198e-01 -1.1176091101e-01 7.5776285229e-02 -1.1750503066e-01 3.3177062698e-01 -2.8810353511e-01 5.5293922653e-02 -1.8534023965e-01 9.1392202263e-02 -1.8064847512e-01 1.1527023792e-02 4.3278726649e-02 -7.2767997220e-02 1.8255694118e-01 -3.6844482938e-01 8.6356409279e-02 -1.4059217935e-01 1.3031718039e-01 -3.1520947369e-02 1.3847911073e-01 -2.3500452409e-02 -1.4206416293e-01 -1.3475501736e-01 -1.5113148926e-01 3.4765850172e-01 2.1893951736e-02
-5.3907805270e-01 1.8628766859e-01 1.3395856187e-02 3.3116866692e-02 -3.6180685908e-02 6.3479009914e-03 1.7309277618e-01 2.4574788615e-01 -1.6240847505e-01 1.0614032413e-01 8.1361837811e-02 -1.9157269531e-01 2.3455928137e-01 -1.4240654774e-01 -4.7324452406e-01 2.4543653113e-02 8.1575048323e-02 -2.6663626199e-01 2.2016024233e-02 1.2260232304e-01 -2.4379329515e-01 4.9583544499e-02 -8.6098038060e-02 2.8028321712e-02 -1.5139302377e-01 9.1351243715e-02 -3.8491230391e-01 -2.0892557049e-01 2.3176910807e-02 -1.8955218377e-01 -6.3019647553e-02 3.4715441986e-01
-1.7248308474e-01 -1.1107475799e-01 -1.0047239565e-01 1.6433074314e-01 -9.8107927704e-02 -2.1961584824e-01 -1.7615741992e-01 2.6300542455e-01 -3.9783039667e-02 2.9453560679e-01 -1.5501268614e-01 3.4389940855e-01 -1.7971201487e-01 -2.1745458949e-01 1.4228507166e-01 1.2118265659e-01 -1.9806651560e-02 2.8289279218e-01 -4.6982819586e-02 2.9064086090e-02 3.0848782341e-01 4.4591696595e-02 -2.7945714080e-01 -2.4022173378e-01 -1.2863964243e-01 4.1310838155e-01 -3.6237705992e-01 -9.6139371009e-02 -2.3803994864e-02 -1.0198789691e-01 4.8640506358e-02 -1.6726334052e-02
1.4214732943e-01 -1.3527762757e-01 -1.2592450272e-02 8.2074344910e-02 -2.8304860865e-01 8.3712203929e-03 -5.4073206654e-01 9.0223978991e-02 1.2945299196e-01 -2.1529201267e-01 4.4602737351e-02 1.0241025697e-01 -3.5467325202e-02 1.1056755832e-01 2.2514120357e-01 1.7449203152e-02 3.2940866122e-01 -2.3435605082e-01 -3.6316431297e-02 1.1551644262e-02 -1.5529812834e-01 -3.8735602829e-02 1.4126048209e-01 -1.8635205005e-01 4.2722830066e-02 2.1260599051e-01 -3.9917916213e-01 3.5597428198e-01 7.3212122382e-02 2.1128485467e-01 1.0870282203e-01 1.2034419645e-01
1.9439329683e-01 -1.8217249627e-01 -1.9202822298e-01 -1.8679533876e-01 2.1545883771e-01 2.1144791618e-01 -4.2828591978e-02 -2.0786081562e-01 1.0260042456e-01 1.1053640195e-02 6.0135062987e-02 2.7197452311e-01 4.6351860077e-01 7.8150105655e-02 -1.5564378254e-01 -1.9082825249e-01 -1.7776992554e-01 -1.0025148986e-01 2.6384494738e-01 -3.5056094558e-02 -2.3800918675e-01 -3.3128252632e-03 -1.1490671517e-01 4.2539296357e-02 -1.0181610433e-01 -2.1969396840e-01 2.0073310457e-01 1.6389947804e-01 9.2874384595e-02 -7.0778874513e-02 -2.0708597039e-01 -3.6788859569e-02
3.5083066834e-04 8.4317003507e-02 -1.6455169648e-01 -2.1357592190e-01 -1.9311235541e-01 -3.1657678915e-01 -2.3743698002e-03 -1.1696705218e-01 3.3958356760e-02 1.6507363389e-01 -8.2001210731e-02 -2.5526622432e-01 8.4548441564e-02 8.9250906331e-02 -1.1186669248e-01 -1.9477313338e-01 1.7571782481e-02 5.4664547099e-03 2.3224940599e-01 3.0713304934e-01 -2.8793303206e-02 2.1824665553e-01 -1.9267866408e-01 6.9744517962e-02 -3.6236906775e-01 3.7826329709e-01 -2.4536675505e-01 -2.3896785878e-01 4.8970113924e-02 2.3355731733e-01 1.4773347994e-01 1.5747252859e-02
9.4748839922e-02 -1.2822794599e-01 -1.6809087066e-02 -1.0848714778e-01 1.4607947659e-01 4.2044842997e-02 1.3964237485e-01 2.4491086237e-01 -2.6979849977e-01 2.0198971461e-01 1.3797709936e-02 2.3345694730e-01 3.0676575075e-01 3.6139776647e-02 3.2519140861e-01 -2.2471106504e-01 -5.7934257859e-02 2.1590560900e-01 -6.7312614506e-02 -2.5668266620e-01 -8.3449070143e-02 -4.2569518821e-01 7.8859658491e-02 1.5105585789e-01 5.2677077587e-02 1.1939342271e-01 -2.7836442347e-01 -3.6690427594e-01 -2.3674508355e-02 9.9373809941e-02 1.0356773349e-01 1.0068375971e-01
3.5429423264e-01 2.7671532266e-01 -8.9150426627e-02 2.9294258499e-02 8.3357143018e-02 -1.7915294020e-01 8.2060348585e-02 -2.6212839406e-02 -1.2610552681e-01 -3.1245185655e-01 1.9652962301e-01 8.2177163408e-02 4.0526708790e-02 4.0904214560e-01 1.4703508406e-01 1.2205245000e-01 6.5625001742e-02 -7.3435369249e-02 1.0322870446e-01 -2.1960707409e-01 -2.2419691837e-01 -2.1332988387e-01 8.7245050198e-02 -1.2092531118e-01 -3.5949434198e-01 1.0281146376e-01 1.4128814081e-01 1.3447213277e-01 2.8735118060e-02 -1.1092760982e-01 3.6367435297e-02 1.6577838466e-01
-4.2947590423e-01 4.5409022312e-02 4.3040213133e-01 2.9271131276e-01 -2.5866915816e-01 -1.9312376674e-01 -2.9487583825e-02 3.5102074221e-01 -4.6927521111e-02 -4.7295121770e-02 7.4942924546e-02 1.0660978797e-01 -2.5248807405e-01 -1.4174309276e-01 3.1364307652e-01 -1.1473522358e-01 -2.9624961388e-02 4.7781699617e-02 -2.3188723353e-03 -9.1388610001e-02 5.5582479674e-01 1.8705450701e-01 7.3531981264e-02 -1.2549059256e-01 8.7689085244e-03 -1.1943324280e-02 -1.9065076606e-01 -3.2801101873e-02 2.7358359904e-02 6.8006677671e-02 6.2129449775e-02 8.8354226179e-02
-8.7489818130e-02 2.5530079633e-01 -3.6420784420e-01 -7.3902215779e-02 1.1190371348e-01 2.1178651090e-02 3.3091503748e-02 2.3194507898e-01 -1.7697162578e-02 2.0926630342e-01 -1.6291450327e-01 -3.5640364978e-01 1.6562916012e-02 -1.9567674843e-02 1.6607753730e-01 4.8934043560e-03 -6.4706514724e-03 2.0164126869e-01 -8.5240216266e-02 -6.9844669170e-02 2.1538710597e-02 -3.0528864868e-01 2.7274574358e-01 -7.1920536907e-02 2.0856298588e-01 7.3030498740e-02 -1.5301666603e-01 -6.0410139054e-03 -1.9876103147e-01 2.2451960856e-01 9.3154414341e-02 -7.3061833194e-02
-7.3999386595e-02 1.0846772104e-01 -1.7125998556e-01 2.6682706860e-01 1.2201227000e-01 -8.3528265219e-02 1.7025583303e-01 6.1347969997e-02 2.5059020582e-02 1.0138716741e-01 -1.1102220172e-01 -2.5232274584e-01 -5.6788628164e-02 1.3045244553e-01 -1.1878817715e-02 6.6528864251e-02 -1.6276140965e-01 -2.3574281566e-01 2.7351300523e-02 -5.0582195855e-02 4.1090162885e-01 1.9136494302e-02 2.6056852371e-02 -1.0155978005e-01 -4.8108189644e-01 1.6589863559e-01 3.2429634335e-01 3.9337081302e-01 -2.1023457727e-01 -4.3761395974e-02 -3.3052228032e-01 -2.9014669396e-02
3.0177432487e-01 2.0730237065e-01 -1.9026831959e-01 2.1944391070e-01 -1.6354412361e-01 9.1029734681e-02 -5.7065416386e-02 -8.6241179621e-02 2.6802321790e-01 -1.6878226803e-01 1.1236343622e-01 1.0381255926e-01 -1.0980025650e-01 3.0997740910e-02 -1.0720066672e-01 1.0929118531e-02 -1.2672615414e-01 5.9103297874e-02 9.7245598192e-02 1.0615560150e-02 1.5623724447e-01 3.2257712137e-02 1.2198197392e-01 -8.0412240920e-02 -4.1452946843e-01 -2.5852831361e-01 -1.5409220977e-01 -1.4838085918e-01 3.3399117513e-01 4.9830554355e-02 -1.7574073724e-03 -1.2877866417e-01
-1.3736658169e-01 2.2160212994e-01 -3.6624067170e-01 1.5604516367e-01 1.7298195183e-02 2.1356777676e-01 -3.0123916595e-03 -2.1932356471e-01 1.5170198151e-01 1.4328944280e-01 7.7496563184e-02 -3.0934100185e-01 -3.3899215521e-02 -2.8818492052e-02 3.9302575155e-02 -3.7442063508e-01 -5.3442047131e-02 -1.5372660504e-01 5.6852426412e-02 -1.3791936651e-01 2.0761215636e-01 -2.1428332562e-02 4.4741208161e-02 -7.8016505933e-03 -1.0770465653e-02 -2.7763355169e-02 4.4002307375e-02 6.2499275120e-02 1.6542046687e-01 -9.6760097444e-02 4.8865640839e-02 3.8856925046e-02
-6.5970819958e-02 1.5559135172e-01 1.2216309671e-01 1.2964859730e-01 -1.0323110178e-01 5.0562766007e-02 -1.2390034283e-01 -3.8565431376e-02 -5.1957638588e-02 -5.8455255450e-02 -3.4528919403e-01 -2.3737480359e-01 -1.1730567037e-01 -1.6691175850e-01 -6.1789866374e-02 -2.5509893616e-01 -1.1925206017e-01 6.5329601203e-02 -2.9470079056e-01 -2.0753894536e-01 -2.9929913095e-01 -7.5692935836e-02 -1.8793445793e-01 -8.8394227678e-02 -1.6601690990e-03 2.3136403975e-01 4.8663216018e-02 2.0437003246e-01 -1.3733020004e-01 2.9025183952e-01 9.7278167836e-02 1.8863213507e-01
2.5434194838e-01 -2.3582712576e-01 -1.2954632726e-01 1.9273415081e-01 4.5280839762e-02 5.6515792411e-02 -1.4996044556e-02 -7.8619752228e-02 -2.3916067743e-02 2.5534679643e-01 8.6688910644e-02 -1.8352408396e-02 6.0727816295e-02 1.0783773886e-01 -3.0863148862e-01 4.2676909924e-01 9.8229380817e-02 5.4651171267e-02 7.5857364953e-02 1.2987131239e-01 -2.0367696381e-01 -1.2765747361e-01 -2.2050023034e-01 2.7228586706e-01 -2.1396892405e-01 1.3091436237e-01 1.2240549005e-01 -3.6011072089e-02 3.0698408299e-01 6.4761962213e-03 7.8036881469e-02 3.5220724239e-02
4.2503258457e-02 1.2241523960e-01 1.3693550627e-01 -8.1087944528e-02 -3.7800474988e-01 3.7513474984e-02 1.1124899327e-01 -1.6782990680e-01 7.1273458794e-02 3.8692059412e-01 -1.0276267794e-01 -1.3048550596e-01 -8.5855049498e-02 -5.2439645670e-02 -1.8559147362e-01 -4.3162130437e-02 -9.2119406991e-03 1.1006277838e-01 2.7319147649e-01 -2.6497651042e-02 6.7622396011e-02 -3.7887771666e-02 2.6032586915e-01 2.6687777738e-01 -1.2578699949e-01 2.7274078468e-01 -1.4872976034e-01 -1.4410788219e-01 7.8037800204e-02 -1.3299071726e-01 1.3597480369e-01 1.1016230560e-02
-9.4262293100e-02 1.2981467687e-01 5.0137510791e-02 1.1626593391e-01 3.0391329657e-02 -2.5083623715e-01 -2.9951377363e-01 2.7993977281e-01 6.7463060962e-02 2.0982471570e-01 1.5365880104e-01 2.7638768680e-01 1.1807496726e-01 5.5608389298e-02 -7.9787986966e-02 4.9288003486e-02 -1.2084138248e-02 1.5288157704e-01 6.6261110480e-03 1.3005441378e-01 -1.3617926871e-01 -9.0738622369e-02 -7.0743760442e-02 -2.0401334262e-01 1.6311375305e-01 -6.5676196963e-02 -9.1612198813e-02 1.3738454744e-01 -2.2767453099e-01 1.1031191095e-01 -2.3591515014e-01 1.5727068331e-01
-2.9683681313e-01 -4.0183684577e-01 -3.1032711551e-01 1.6651870601e-02 -9.1135955377e-02 9.8897470393e-02 -1.3812995807e-01 3.5853839639e-01 4.0794701966e-01 -1.9492823746e-03 5.3316341030e-02 -7.2342939087e-02 1.3934678793e-01 4.1547973802e-01 1.6083010513e-01 1.1333252487e-02 -5.3330019367e-03 -1.0081543410e-01 5.5141675831e-03 2.4781538456e-01 1.7228228486e-01 -6.9506656686e-02 1.5796807096e-01 1.0775187688e-01 -2.7283010968e-01 -2.5697000044e-01 -1.4597591608e-01 -8.8852956104e-02 2.0922768112e-01 -2.1146618361e-01 1.9084749980e-01 2.0181156012e-01
1.2635380639e-01 -1.5472694252e-01 1.2374121298e-02 3.0949254439e-01 -9.9726577967e-02 -3.6146115327e-02 -1.2629357542e-01 -2.3716424071e-01 -1.6234493726e-01 3.7305830118e-01 -9.8975968279e-02 -1.3787271298e-01 1.7768428512e-01 -2.3041540367e-01 1.4238985907e-01 -1.7920947548e-01 2.1626445611e-01 1.8917142624e-02 2.3604696132e-01 2.9948190076e-01 4.0951309116e-01 -3.4548389462e-02 -3.7403234122e-01 1.4906656053e-01 -1.6853743191e-01 1.7848037139e-01 1.1477777699e-01 -4.3337340520e-02 -1.1623437065e-01 -4.3862525621e-02 2.0033599341e-02 9.7698820801e-02
-4.1670154628e-01 -3.1420090530e-01 2.0020189906e-01 -1.2400388371e-01 2.2593560465e-01 7.1968437648e-02 1.8984423674e-02 -7.9474638240e-02 1.0686962491e-01 1.5495060192e-01 -5.3350781855e-03 1.1803742199e-01 -2.0906050328e-02 -3.1455870808e-01 -2.5655997800e-01 -1.0590232887e-01 1.3045132419e-02 -1.3239215897e-01 5.0066972347e-02 4.4666691974e-01 -2.8325390872e-01 9.1670919872e-03 4.3236574204e-02 -1.2035100147e-01 -1.0125629213e-01 3.9931759259e-02 -3.9452246048e-03 1.4927476038e-01 -1.1958451771e-01 -1.3094653064e-01 3.2638268735e-01 -1.1511288672e-01
2.1359540182e-01 -8.5837284597e-02 -4.6392940833e-02 1.5285133621e-01 -2.6784194607e-01 -1.8011133051e-01 -8.8387455610e-02 3.7285319945e-02 -6.2459313207e-02 -1.1201608350e-01 1.0300033687e-01 -1.7704886781e-01 2.6301724466e-01 7.6163138576e-02 6.0238592185e-01 2.0823744720e-01 1.7220092794e-01 6.3360147342e-02 -5.1126834651e-02 -8.7121020565e-02 3.1793613290e-01 2.3547308381e-02 1.0735114499e-01 2.6120384494e-03 5.8745515781e-02 1.5967057302e-02 3.9848745014e-02 6.0423447475e-02 -3.7040239284e-02 -1.9506708876e-01 1.0694836319e-01 8.9154117408e-02
-1.9549362857e-01 5.9596125785e-02 7.3617099978e-02 1.9484249136e-02 -3.5651632314e-02 2.3060279259e-01 -2.5216928211e-01 2.4492767409e-01 2.5953388101e-02 -1.4331153664e-01 -3.9310394467e-02 -1.0215666180e-01 -4.5402197248e-02 -3.8592171015e-03 8.7252757484e-04 1.9168531999e-01 -1.1664242434e-01 1.6587099579e-01 1.8120016033e-01 -1.8821935298e-01 -3.3049241704e-01 2.0084125544e-01 -1.2544066732e-01 -3.9734872339e-01 -1.0441779392e-01 -2.7702463201e-01 8.9281288265e-02 1.1744776071e-01 -2.2844446239e-01 3.7387188504e-02 5.1011930283e-02 -5.2100332739e-02
-1.4888534413e-01 8.1188075163e-02 -5.5756528336e-02 3.6923893361e-02 1.5279646984e-01 2.8028494511e-01 1.6804245090e-01 -1.6892240325e-01 1.5856094038e-01 -2.2698156514e-01 -9.0597333883e-02 2.2749751693e-01 2.3480257488e-01 7.0962363313e-02 8.4562797339e-03 9.9269125408e-02 8.8372195698e-02 -3.0043637622e-02 -3.6661149733e-01 1.6095463397e-01 7.9204559456e-02 -3.7273183545e-01 -2.1117873187e-01 1.5495281674e-01 -2.0769480577e-02 8.0327639615e-02 -7.0856721989e-04 1.5824673899e-01 1.7509586826e-01 1.5307967280e-01 -5.7088327966e-02 -6.5100298393e-02
