-7.6692732672e-02 -1.1973918392e-01 -1.3387385624e-01 6.1083685594e-02 -2.8252598139e-02 -2.5388161070e-02 1.0051803509e-01 -2.3336357941e-01 2.3553196232e-01 -1.7785226062e-01 5.1651661546e-02 2.2331839822e-01 9.0855855235e-02 -1.2312929409e-01 1.5882996172e-01 -5.7957096976e-02 -3.3031356826e-01 -5.8477595765e-01 1.4863951428e-01 -4.3899363760e-02 9.6037621102e-02 -4.1466688515e-01 -3.7492755569e-01 3.8140139004e-03
-1.4836277105e-01 -2.9106799834e-01 3.2494571042e-01 6.1046004543e-02 -1.2528881646e-01 -1.1066475242e-01 -1.2482679175e-01 -4.0170563212e-01 2.1234169931e-01 1.4647633372e-01 2.8084990277e-02 -4.2257359030e-01 3.7715460757e-02 -9.1508706937e-02 4.0167153813e-02 -1.0717864661e-01 -2.4013513688e-02 -2.4415899422e-01 5.6675891720e-02 2.1929431235e-01 3.3435955430e-01 2.7233339415e-03 2.7366586876e-02 -2.8155491193e-02
-1.1565511952e-01 1.3679391335e-01 -2.9208797548e-02 -7.8155062772e-02 -2.3538535797e-01 1.9966784423e-01 3.1988836432e-02 -5.8172086846e-01 -1.3826545446e-02 -3.2892758418e-01 -9.4967677842e-02 1.1874812781e-01 -1.2875825979e-01 -6.0513587379e-02 3.2306533319e-01 5.8842234361e-02 2.8463649782e-01 -1.6792432470e-02 1.1667426914e-01 -5.6242240684e-02 -2.7238522397e-01 -1.1695709957e-01 -3.0789502165e-01 -2.5768608834e-01
-4.8625637299e-02 -1.0778546933e-01 -1.0383604482e-01 8.9971141463e-03 -1.0531177221e-01 3.7959266666e-01 1.5734276712e-01 2.1695901739e-01 -1.9211844821e-01 1.2330589576e-01 -2.6116574474e-01 1.0638040767e-01 1.4776947374e-01 -9.5231726553e-02 -1.1014362708e-01 -1.7810523355e-01 -2.1401504967e-01 -1.0354846778e-01 5.2197388191e-01 -1.5811993391e-01 5.7112047608e-01 -3.6430222180e-01 -8.0885248022e-02 2.2580579799e-01
-4.1182165297e-02 -1.6516449690e-01 -1.1970289535e-02 -1.5431570154e-01 -8.9249298943e-02 2.3442255339e-02 -3.4785550441e-01 1.0538385692e-01 1.7565455946e-01 2.0664834405e-02 -1.7452544251e-01 3.1240057028e-01 -9.9927777186e-02 2.4114959566e-01 -8.5068278993e-02 3.0857171234e-01 8.7200041742e-02 -1.2975879682e-01 -8.3034659761e-02 5.4385258394e-03 2.1750134397e-01 -2.1315233692e-01 -1.6316390619e-01 -2.6847070312e-01
-1.0883443998e-01 -2.6921143139e-01 3.8211185731e-01 8.3174422118e-02 1.0863355837e-01 2.6910459166e-01 -1.8091177432e-01 -3.6353591694e-02 1.0287743995e-01 5.5436249912e-01 1.3481699386e-01 9.8885707815e-02 3.3503404621e-01 -1.1417262973e-01 8.0025963872e-02 -6.0319977109e-02 -1.5321088397e-01 2.6763061033e-01 1.0229054939e-01 -2.2947852551e-01 1.1747345274e-01 -2.0293135858e-01 -3.2595186804e-01 -6.9547906795e-02
-1.4048156926e-01 -7.2147104479e-02 -2.1614561860e-02 -1.7104791794e-01 1.0135220710e-01 -2.1876448383e-01 -1.6924315276e-01 2.2152089302e-01 -3.3630609502e-01 -1.8790738874e-01 2.8669227749e-01 -6.6707320650e-01 -2.5963290957e-01 -2.6180146800e-01 1.4601622389e-01 7.1004955718e-02 2.0670573152e-01 -1.1147464150e-01 6.4998053523e-03 -2.5571579719e-01 5.6225663016e-02 -1.8136737064e-01 1.6227879694e-01 -8.1233152456e-02
-9.8538132030e-02 3.5076534177e-01 2.7886366216e-01 -2.6986611412e-01 4.6276498174e-01 -2.8214309991e-02 -2.9249438120e-01 4.0129467504e-01 4.8927785728e-02 -1.4908182655e-01 -1.8923244416e-02 -2.9628559093e-01 3.8710790483e-01 7.2623102400e-02 -5.9828127072e-02 -1.5381721004e-01 -4.9675294524e-02 2.1560712436e-01 2.5713960149e-02 1.0921282251e-01 -1.2614424013e-01 3.9417905233e-02 -2.3530731946e-02 -2.0958805753e-01
-4.5147400743e-02 -2.1706277202e-01 -1.6164165630e-01 1.0348293452e-01 2.2260063051e-01 -2.8753236958e-01 1.9603756609e-01 1.8238477233e-01 2.3882212181e-01 1.7196014902e-01 -2.1413009776e-01 -1.5945510627e-01 -2.3336478900e-01 -1.8835696304e-01 3.2494109125e-01 9.2404061924e-02 -2.3185934553e-01 -1.4816551523e-01 1.3515934812e-01 7.1119127906e-02 1.0830102270e-01 -3.3503159935e-02 -1.2461112466e-02 9.1648853834e-02
4.4964628472e-02 -2.9610064306e-03 1.6956130721e-01 -5.7062105054e-02 8.1740065290e-02 -4.2708612636e-01 -1.1407114490e-01 8.0176716109e-02 5.4922800352e-02 4.9281202834e-02 8.0356208438e-02 -1.4906678651e-01 -5.4388636580e-02 -3.9546326180e-01 -2.6752730009e-01 -2.6908386124e-01 1.9334558872e-01 -1.5578914972e-01 -2.1994363508e-01 -3.1557924215e-01 -8.0679658525e-02 2.0789024459e-01 2.9978849761e-01 -1.9169803957e-01
-8.2474548012e-02 -6.3018239537e-02 2.1937046666e-01 -3.8813936900e-03 -1.4574963188e-02 -1.0916704813e-01 2.4948970554e-02 -9.6240184179e-04 1.0294018662e-01 1.1014899208e-01 3.1035124049e-01 -9.3692008091e-02 -1.5148512881e-01 -1.1290885621e-02 5.1453849754e-01 -1.4668226024e-02 2.4203818057e-02 -3.4742976378e-02 1.3815290070e-01 1.1604093829e-01 -3.0280949570e-01 4.2565589325e-01 5.8997579630e-02 3.9541516852e-01
-2.5772609075e-01 -2.7420310560e-01 -1.7075719492e-01 -2.4012934665e-02 -1.2061053678e-01 3.3102401206e-01 -8.1659722725e-02 4.0796234443e-01 -2.1077430832e-01 2.4102248796e-01 3.1971918277e-02 -1.8389062407e-01 -3.3388757226e-01 -1.8845386713e-01 -1.5603284609e-01 1.1599291588e-01 1.5189908791e-02 2.6579551512e-02 2.3599272334e-01 -8.8643831975e-03 -2.4528317758e-01 -1.4251227627e-01 -1.1591320389e-01 1.5421460230e-01
-3.3581188718e-01 1.2398461407e-01 2.0255560756e-01 5.2777084592e-02 -1.0967425775e-01 -5.0346644855e-01 -6.1789088440e-02 2.8685797283e-01 -3.2077018224e-01 -2.7901996122e-01 -1.5985289003e-02 3.1490439511e-01 3.6806725849e-02 7.3443435875e-02 1.1773253551e-01 2.5659766411e-02 -2.1522925604e-01 -1.7262888106e-01 -9.5321715308e-02 -2.5332936725e-01 2.6996110538e-02 -9.5570657723e-02 -1.3263673687e-01 6.6730519167e-02
-1.8199067536e-01 1.0884361075e-01 -1.5760436573e-01 -3.2327263063e-02 -1.0745410560e-01 -1.2035871844e-01 -1.9279567107e-01 -2.1856945550e-01 2.8790322408e-01 2.6460220291e-02 2.5417837269e-01 1.7075218708e-01 3.1521565774e-02 -4.7851208410e-02 1.3369042802e-01 2.1163593539e-01 -1.9959464159e-01 -1.0342199936e-02 3.5596880798e-02 1.4180285500e-01 2.1377594344e-01 -4.1535425347e-02 3.1417125382e-01 -3.0981957574e-01
3.3945831412e-01 1.4229566091e-02 3.6202456470e-02 -2.5012807924e-01 1.1848603202e-01 3.3962387715e-01 -7.5223053508e-02 3.1346949549e-01 8.6197551502e-02 -1.9804939860e-01 -1.3611179098e-01 -8.7583786585e-02 -2.5565433935e-01 -1.0752388143e-01 -3.8131646065e-03 -1.7467114795e-01 3.9638927927e-01 8.0923993010e-02 -7.5024119292e-02 2.6449976422e-01 8.9767914371e-02 -3.3249749399e-01 -5.6427759359e-02 1.1457109012e-01
1.7239670098e-01 -3.1854332705e-01 -8.3665158254e-03 -8.8075225022e-02 1.6869648369e-01 1.0517245752e-01 -3.7407491390e-01 -8.0440219702e-02 5.5135438863e-02 2.3009158497e-01 -5.9323352768e-02 -1.4750151301e-01 2.4950423218e-01 -2.6653283541e-01 2.4324383852e-01 -1.2959805126e-01 -1.3283427170e-01 -7.4015265972e-02 -3.2871376376e-01 2.9628327428e-01 -1.7190770818e-01 -2.1929571518e-01 2.8148080442e-01 -1.0415426901e-01
-1.1486416690e-02 -4.9418542010e-01 1.0485011846e-01 1.1534905271e-01 -7.6258813737e-03 -2.3845611604e-01 1.5344422025e-01 -1.6959332949e-01 2.5073131200e-01 1.5609862957e-01 -3.2002655797e-01 -1.5024737839e-01 3.9216606997e-02 3.9009037111e-01 -9.7262109083e-02 1.4335629361e-01 -1.3355866148e-01 4.2291513738e-02 -9.7707782815e-03 3.3179833804e-01 2.8880185297e-02 -1.9520486807e-01 -4.4751337755e-02 -1.8734969949e-01
1.9823465068e-01 -5.0875479548e-02 -8.3924919715e-02 -1.8738834566e-01 1.2650626603e-01 -7.2410432769e-02 -2.8669115493e-02 1.2033610579e-01 7.4864321699e-02 -2.9450404689e-01 -1.3199330126e-01 5.6068846673e-01 -3.3266262839e-01 3.6462437312e-01 -2.0458352591e-01 1.9903921120e-01 6.8941679075e-03 1.0566315295e-03 1.9585051492e-01 2.1929037132e-03 -1.3903003069e-01 8.4986641787e-02 3.6222854263e-03 -3.5030821795e-01
5.3788778054e-01 2.1793382691e-01 -2.3191622710e-01 9.7455019239e-02 2.6120621465e-01 6.1608741258e-02 -3.1778795844e-03 1.0823009986e-01 -8.2232856854e-02 -1.2899903160e-01 1.5272100356e-01 -2.2523095778e-02 1.5609240262e-01 1.5571032312e-01 -1.3402023691e-01 -1.5180440917e-01 -6.5531662110e-02 2.7744931323e-02 -6.5819550026e-02 -2.8686535809e-01 1.1811262895e-01 -9.8073194364e-02 -1.3027177190e-01 1.1231292782e-02
8.0118004521e-02 -1.3060392263e-02 -6.1616010133e-01 2.7969181080e-02 4.3643382733e-01 7.8548103813e-02 6.6805640620e-03 1.9389742062e-01 1.3925591926e-01 -1.9289764485e-01 -2.7049324660e-01 5.1426507976e-02 4.3705429005e-01 3.5782878547e-01 -2.9340078995e-01 2.1044160829e-01 -3.8589086566e-02 -6.8715000412e-01 -1.0065393746e-01 -7.0476581720e-02 -3.4086430054e-01 -5.4396256159e-01 7.4702812787e-03 -1.6506656531e-01
3.8410791492e-01 -2.0297738898e-02 -2.4084397644e-01 -1.2222558414e-01 9.1542155463e-02 1.2131037453e-02 -2.0312479478e-02 3.3417308429e-02 -1.6520187239e-02 2.9732656688e-01 -2.2337752124e-01 -1.3736758639e-01 1.9871093447e-01 -4.4491137221e-02 -1.5845809957e-01 3.4409886363e-02 -1.5439280137e-01 -2.2608142432e-03 1.1888235679e-01 2.2133891619e-01 2.0189809684e-01 9.1938820182e-02 3.9729354166e-02 3.8621521156e-02
-1.7560940386e-02 -5.8568708060e-02 1.1123593444e-01 1.5078895326e-01 -2.5187325465e-02 -5.6911639546e-01 -2.8697487635e-01 -2.7025639939e-01 4.6915283378e-02 4.3290836884e-02 -3.8081347682e-02 4.8161132945e-01 -1.1574392353e-01 -1.5351653082e-01 -5.4506373135e-01 2.6624476174e-01 -1.2632323688e-01 6.3443240918e-02 -7.5277123161e-02 7.0345887244e-02 1.2034007639e-01 -1.3421587755e-01 1.2822773702e-02 -7.5494560039e-02
2.7169589494e-01 -1.2434239588e-01 -3.3139810318e-01 5.0250824402e-02 -2.7771737621e-01 -1.0262070771e-02 -2.2945907144e-01 -5.2550184167e-01 -1.3804383379e-01 -2.5293719868e-01 -2.8820156731e-01 1.5781832963e-01 3.8717312021e-02 4.8337126243e-02 2.1970981976e-01 1.0833302813e-01 4.0465521501e-01 -2.8193886514e-01 -5.3049949789e-03 -7.7604114592e-02 -1.9786583143e-01 -9.5974947613e-02 3.4390738398e-01 -1.6466553815e-01
4.1752237587e-03 1.1898713981e-01 4.2877009277e-02 9.4182615147e-02 -1.5642533915e-01 2.6048275293e-01 4.1761436331e-02 1.7058310590e-01 1.6840668861e-01 1.5118276829e-01 -1.5425947643e-01 2.6817386769e-01 -1.5020054075e-01 8.3805077998e-02 -8.5013169085e-02 4.9318117312e-01 -1.9639291173e-01 -1.3740111549e-02 5.6153316182e-02 -1.7704369542e-01 1.1175314095e-01 2.7189033280e-01 1.1724169464e-01 1.8231410250e-01
