1.4284741792e-01 1.9539976372e-01 -2.8955929727e-02 3.1608540778e-01 2.7288020881e-01 5.3510381600e-02 -1.6061685837e-01 1.8329569485e-01 5.4724813200e-02 -2.4189975836e-01 2.9163515181e-02 3.8741361953e-03 3.1061805504e-02 -1.0894290177e-01 -1.8856278612e-01 2.4323815127e-01 1.4667308729e-01 9.6042608694e-02 -2.1648427512e-02 -1.4973164417e-01 -7.1917491834e-02 -2.8296963458e-01 -7.2204326864e-02 6.4578523761e-02 7.8037550212e-02 -4.6932708863e-02 1.2312295675e-01 -2.8109583742e-01 -3.6430388256e-01 2.8662033980e-01 8.0894321183e-02 -5.9237114270e-02
8.5561578268e-01 -9.0423762227e-02 -1.9214534618e-01 2.0622526983e-01 -2.3580921241e-02 -1.1565746369e-01 1.6133571142e-01 3.3323330913e-01 3.7411073148e-02 9.0972908982e-02 -2.8781389271e-01 -1.3509655665e-01 9.8889232064e-02 6.9533401524e-02 -2.2748366324e-01 2.4054764251e-01 3.7093829760e-04 1.6858503580e-02 -1.9267812708e-01 -4.7521970329e-01 2.7158996088e-01 3.2492087909e-01 3.1963998673e-01 2.0251165001e-01 5.8552890244e-01 -2.1543533045e-01 2.1692530095e-02 3.6351287737e-02 3.2674188531e-02 1.7796001148e-01 4.0610654343e-01 -2.9084575557e-01
-1.1937448693e-01 -3.6359800050e-01 3.9822941866e-02 3.1778084422e-01 1.0889932676e-01 7.6219461268e-02 -7.0721292022e-02 3.0836139592e-01 1.1913435269e-01 4.7274336199e-02 8.5322505387e-02 -3.0801957253e-01 4.3406846193e-02 -1.5954921602e-01 -9.6373240632e-02 1.9082357151e-01 -5.7205632745e-02 -2.2888183042e-02 -1.0962191779e-01 7.5708624122e-02 -2.7341171149e-01 1.1465666666e-01 1.8042575003e-01 -2.1140443931e-01 1.1704067332e-01 -4.6456468808e-02 -1.0751401574e-01 -1.9186202532e-02 -1.6090524074e-01 1.1448749560e-01 3.9961983810e-02 2.3510307101e-01
-2.0552752633e-01 3.6509298789e-01 4.3177888588e-02 7.9594447907e-02 -1.0854237007e-01 4.1431227040e-01 6.5241153084e-01 -6.9778162563e-03 1.3531728792e-01 -2.3236955064e-01 -2.6795295057e-01 -2.4653610856e-01 -5.4326430226e-02 -1.0216945797e-01 4.2283351343e-02 -8.3650630248e-02 -6.9135256121e-02 7.8601298474e-03 6.2858812948e-02 1.0202951014e-01 7.5345251512e-02 -8.9402306415e-02 8.8332628319e-02 -9.4871387280e-02 -1.0467160187e-01 -2.3281866350e-01 -1.3862599583e-01 2.5788735983e-01 -4.2691915890e-02 1.6524132878e-01 2.4397818607e-01 -1.3736251923e-01
-1.6372967391e-01 1.7523446044e-01 1.0916456103e-01 1.6342776738e-01 -7.1824313741e-02 -1.6035335334e-01 2.9300328789e-01 1.4060491526e-01 -1.9502356337e-01 -8.8098506799e-02 -7.1484539275e-02 5.1420212755e-01 1.9740931630e-01 6.3710877802e-02 -3.4293742111e-02 -9.4553854574e-02 -3.7617759868e-02 -3.2121784197e-01 -1.7900954585e-01 7.5589110795e-02 2.5418599523e-01 -3.1371840504e-01 -2.0123130147e-01 9.1019933887e-02 2.9522159273e-01 -6.4449441942e-02 -1.0767385471e-01 2.9978370385e-01 5.2238062943e-02 -1.3423631314e-01 -1.5473425595e-01 -2.7989930590e-01
-1.9190892789e-01 1.8731615394e-01 -2.7094879538e-01 4.5893865469e-02 -2.0751480154e-01 2.1768975059e-01 1.6290847637e-01 4.2252529679e-01 3.1980571399e-01 -4.3334865954e-03 -4.4152388333e-02 -3.5453392273e-02 9.0662607829e-03 -9.0791044365e-02 1.7696420390e-01 3.0311868520e-01 -1.5649479741e-01 -1.5677351300e-01 -1.9149463892e-01 1.8563813858e-01 -2.7687573508e-02 -1.4762340589e-01 -5.1239344331e-02 -2.4781115918e-01 8.7116816617e-02 -2.8231946559e-01 -6.7490555666e-02 3.2625660745e-01 -1.2602711429e-01 2.0268827191e-02 2.5953287429e-01 -2.7796323946e-03
7.2904385570e-02 2.7757011654e-01 -2.5661653718e-01 -2.7086118471e-01 5.3255390667e-02 3.7773942567e-01 2.6126453241e-01 -1.6606658464e-01 -9.9266053445e-02 -9.4417462670e-02 1.2001916271e-02 -7.3445028742e-02 1.3020002532e-01 4.4878261121e-02 -2.6038187268e-01 -1.7031914360e-01 -2.4888808759e-01 5.5012186306e-02 -1.2080193833e-01 -3.6231698073e-02 4.6479683346e-01 -2.0829355829e-01 3.2108655373e-01 5.7162656127e-02 3.4296399408e-01 -2.6848986977e-01 6.9344507605e-02 1.7205857440e-01 1.1841638995e-01 3.7246114927e-01 -1.3724219856e-01 2.7173638301e-02
-1.4420618434e-01 -5.9953107622e-02 1.1789792601e-01 6.8506228227e-02 -1.1488588078e-01 2.1544272474e-01 -2.1100562729e-01 2.7111506212e-01 3.0184468359e-02 2.4394203147e-01 1.2890801613e-01 -1.3333421317e-01 -1.8147604488e-02 -1.7832523371e-01 1.5621270074e-01 -1.9541395028e-01 -1.0695333137e-01 7.1986252117e-02 -2.3287426132e-01 5.3601152815e-02 3.0408710795e-01 -4.2692083254e-02 -4.3832609506e-01 1.8531336083e-01 3.2909910522e-01 -2.9793759962e-01 1.3506328884e-02 4.5939382019e-02 1.3301759718e-01 -1.6734885017e-02 -2.2579514123e-01 -3.3388798049e-01
-1.2330799927e-01 -3.7551279118e-01 6.5765280652e-02 -8.0653401724e-04 3.3584614001e-02 -9.0436123841e-02 -3.1538661686e-02 9.1010973605e-02 7.1030753481e-02 -4.1174010447e-02 4.3096559976e-02 -2.2334670121e-01 1.4003549189e-01 -1.8470765567e-01 -5.5615001358e-02 -1.7671675373e-01 -6.5640502933e-02 -9.4141855832e-02 -1.9714919286e-01 2.0255161825e-01 1.9166916201e-01 2.7145472052e-01 -1.9949967179e-01 -5.1079279206e-02 -8.3584398967e-03 -6.5709084481e-02 1.1444614389e-01 1.9089493198e-01 -2.6652748639e-01 -1.4325157853e-02 -1.0148753305e-01 2.6096040995e-01
8.8847876159e-02 1.1795566495e-01 8.8834227238e-03 -7.4665021048e-02 8.9832625994e-02 -2.2096800835e-02 -5.6581269364e-03 4.5432018448e-02 8.5221249590e-02 6.8466876096e-02 -1.0689836432e-01 2.1054958405e-01 2.6277467396e-01 1.0853606684e-01 3.3062575813e-01 -7.1344671769e-02 -7.2741573621e-03 4.8154315343e-02 -2.0792488126e-01 1.2085194452e-01 -1.5078281117e-01 2.9061372036e-01 2.7975968351e-01 -2.9519254726e-01 5.4414373331e-02 -9.9828022016e-02 -7.1780925342e-02 2.5040204716e-01 1.0961151360e-01 -1.8655467822e-01 -2.3251460230e-01 9.9685620998e-02
-2.5110282371e-01 1.2551979324e-01 3.3679192580e-01 -2.2158698980e-01 2.4457223657e-01 -9.0054021764e-02 5.4722443195e-02 6.1732788582e-01 -2.3737622173e-01 -5.9110762436e-02 -4.9716028079e-01 -7.4639623172e-02 1.6186031763e-01 -1.1273713507e-02 -1.7999485533e-01 2.0913922774e-01 2.0760077643e-01 -1.0831037874e-01 -3.2044835192e-01 -1.7238317171e-02 6.3904675201e-02 -1.9550098068e-01 7.2504698840e-02 -4.9062199521e-02 2.2946871095e-02 -9.7495944765e-02 3.2064455835e-01 -2.2553393900e-01 1.7175242344e-01 1.3279274205e-01 3.0846769945e-02 -1.6842926859e-02
1.6601700047e-01 2.3310532638e-01 -1.5631541983e-01 -8.5007807177e-02 -1.9763343454e-01 2.4412108749e-01 -2.3504666699e-01 2.3005555456e-01 -5.3193640345e-02 4.3792208422e-02 3.4236249383e-01 3.3060417643e-01 2.0546909362e-01 1.4406038699e-01 4.8091768342e-03 1.9434170607e-01 1.4686784667e-01 1.3044796788e-01 2.1468624557e-02 2.6673528321e-01 -1.2805277400e-01 -1.1067113676e-01 -5.6280986110e-02 6.9336837533e-02 1.8279129304e-01 -3.5118823681e-01 -5.4596595797e-02 -1.3472540315e-01 -6.3649961852e-02 -5.2507768371e-02 -4.6334910817e-02 7.0105202780e-02
-1.4903011882e-01 -3.3264765979e-02 -1.4064689622e-01 1.3657026614e-02 -2.3953545602e-01 -1.2351983660e-01 -2.4421915207e-01 -2.1014251479e-01 1.2222572684e-01 1.0272582998e-01 -1.1459149106e-02 -1.2638429575e-01 2.8501884459e-02 -3.4041986450e-01 -9.5946583297e-02 -1.8898958481e-01 -9.8596248355e-02 1.4260912761e-01 1.0982204803e-01 1.6958330894e-01 -1.7206516493e-01 -3.1837428703e-01 -3.6861269337e-01 -3.2141453226e-01 2.2426517544e-02 1.7815351618e-01 -6.0246829569e-03 -2.0085205209e-01 4.2493675960e-01 2.7560989846e-01 3.9365708382e-01 2.2105576141e-02
-3.3616477717e-02 -4.3118816990e-01 3.5276497153e-02 6.8671349795e-02 -1.3988307761e-01 1.4606940472e-01 1.9374368437e-01 -2.4130331156e-01 -1.8208986913e-01 -6.8108942974e-02 1.7094411260e-01 2.9169501413e-02 9.2890694326e-02 -5.7094080236e-02 6.0457854276e-02 -1.9819043299e-01 8.6684012053e-02 -1.3550401232e-01 -3.1068324277e-01 2.1719375969e-01 1.7984774295e-01 1.2329489489e-01 -1.5845496568e-01 9.3075975867e-02 -9.4307236623e-03 -5.7011676456e-02 -3.2768283426e-01 -5.2518028521e-02 -8.7638558048e-03 1.9818739798e-01 7.6807760479e-03 -1.0369977507e-01
-1.3290433588e-02 -1.7376066676e-01 -9.3478269308e-03 -5.2241701140e-02 -1.7457896002e-01 -1.7343909803e-01 5.2038516568e-01 7.8219903180e-03 1.8518272283e-01 -1.3572701566e-01 -1.2588401383e-02 -4.3074943570e-02 -1.3462310029e-01 -1.1513221964e-01 9.3906038153e-02 2.9419247155e-01 -1.7319748404e-01 -1.4200777864e-01 1.8913140551e-01 2.5718463099e-01 -7.6966421739e-02 4.0243372095e-01 1.4583835659e-01 8.4370502678e-02 6.3674126605e-02 -1.4890464391e-01 -2.9137401800e-02 2.3213492404e-01 1.5574245095e-01 1.2511707973e-01 -6.2017675153e-02 -8.3992759879e-02
-4.9043033339e-02 -1.5109548616e-01 3.5589852497e-02 3.5188343592e-01 -7.0030868594e-02 7.2555139965e-02 2.4617923515e-02 -3.1947431164e-02 -2.9622892620e-01 2.9197783404e-01 6.4268791815e-02 -9.6330387075e-02 -5.2072152605e-02 2.0089330507e-01 -3.0362555913e-01 -9.6723186873e-02 1.1266229350e-01 1.1619608851e-01 -1.4969792890e-01 -2.9621372544e-01 -1.0718445826e-02 -1.2047097646e-01 1.4144923784e-01 2.5333238943e-01 -1.6833866634e-01 -2.7600978938e-01 -1.4741999656e-01 -2.0525029063e-01 3.9667595924e-02 4.3689198953e-02 1.1398519267e-01 -5.9307975147e-02
1.0454028153e-01 3.4653496545e-01 -4.2369828780e-02 2.2480481324e-01 5.9322899796e-02 5.2758452806e-02 -1.0192337089e-01 2.8322313267e-01 -6.3329853451e-02 -5.0946033421e-02 2.5452218256e-02 2.0477041007e-01 2.5698208195e-01 -6.0786639294e-02 2.1198674920e-01 -1.2343909187e-01 8.5932359691e-02 -8.5574069867e-02 1.2808694818e-01 7.7480442597e-03 -1.2547527761e-02 -3.4314943878e-02 -1.6036485562e-01 -1.9390946953e-01 -4.2497299942e-01 -3.1819871934e-02 -3.8615777981e-02 -1.3132071251e-01 1.6464723135e-02 9.9019255915e-02 3.7958833766e-01 1.9132459339e-01
-2.0703357219e-01 -1.4435250975e-01 -8.7209364692e-02 -2.0071493419e-01 -5.3226978121e-02 3.4111354545e-02 5.2420965234e-02 4.9555626461e-02 1.9685992490e-02 2.6582120005e-02 9.7707860191e-02 -3.7394406809e-02 -1.4436980497e-01 -3.4374197983e-02 -2.4982152372e-01 4.1480622908e-02 -4.1131220094e-02 -9.2099009899e-02 -6.6528635652e-02 -6.0183196924e-03 -3.8305825402e-02 -1.0928945312e-02 6.3967726580e-02 6.9029423361e-02 -1.0820383005e-01 1.1085517027e-02 5.9976992067e-02 2.0265746443e-01 -1.9585860005e-01 -3.3156982841e-02 -6.2352457466e-02 3.0495388875e-01
1.6044400337e-01 3.9245644423e-01 -1.9820547141e-01 1.0385008221e-01 -6.7666809165e-02 -7.7413251859e-02 6.5013723532e-03 -3.4976222075e-01 1.8961402868e-03 4.8184654366e-03 2.6700502618e-01 -1.4941749313e-01 4.9209048992e-02 -1.3963579567e-01 1.3734905343e-01 -4.0843610261e-02 -1.0732483258e-01 -1.8182783729e-01 1.1180666438e-01 -6.6336737762e-02 2.2809634124e-01 -3.7847625077e-01 -1.1447008981e-01 -2.5935780420e-02 1.1642129089e-01 1.4614323841e-01 -2.8473832066e-01 -1.1406396177e-01 6.5666830156e-02 -3.1708128571e-01 -2.4907883957e-01 -7.8425660794e-02
2.7963646859e-01 -5.1236011607e-02 -1.0002542403e-01 2.1167060974e-01 -1.5548770094e-01 2.5280340891e-02 1.4230426647e-01 -9.8760451230e-02 2.4845672236e-01 -2.8459570443e-01 -3.0550983739e-02 -1.5030180634e-01 2.5366074602e-01 -3.1287511526e-01 5.9265473308e-02 2.3380898933e-01 4.3121891607e-02 -2.5903073961e-01 1.8950622197e-01 8.2209436532e-02 1.1414678220e-01 4.5417954968e-02 2.6129151988e-01 -3.5212240551e-02 -3.2475620049e-01 6.1275103923e-03 -2.4090461477e-01 -8.4942495478e-02 -2.4220963364e-01 2.8356200696e-01 2.8654440044e-01 -1.2689956144e-02
-1.4045408954e-01 -2.9830225678e-01 8.7592625909e-02 -4.4730764679e-01 -1.3478839968e-01 1.2288053513e-01 -4.1672917666e-01 1.9896033142e-01 -1.3924513339e-01 -2.8483928251e-01 -3.3907678679e-02 7.9757606178e-02 1.5442102059e-01 1.9190705291e-01 -1.2536548422e-01 -3.2123023061e-01 -1.9387723985e-02 2.5784598150e-01 2.4574655241e-01 -1.5021384533e-01 3.2008225967e-01 3.0663175351e-01 1.5808818619e-02 2.2855744441e-02 -2.3016167787e-01 -2.0474202912e-01 -9.2785555485e-02 -1.6242287866e-01 2.6739607173e-01 -1.3883568352e-02 1.9083961009e-02 -8.8905901027e-02
4.6159716139e-02 1.8900459232e-01 4.4267869062e-01 1.1901073080e-01 -2.9618707001e-02 -7.9905077394e-02 -5.7492528396e-02 -1.1280196416e-01 7.2971204282e-02 -5.9119875802e-02 -8.7003459030e-02 -7.4907721861e-02 1.0859511060e-01 1.9739131494e-01 3.8986008606e-01 3.0344459962e-01 -5.7138609498e-01 -2.5834411035e-02 -4.7550290783e-02 -8.2899128355e-02 -1.6842883746e-01 -9.2887770537e-02 1.2703263491e-01 -3.5534949463e-01 -2.3916709267e-01 6.4496655795e-02 3.6683935435e-01 -1.5587568834e-02 -3.6166482569e-03 -5.4533313947e-02 -2.1137495622e-03 1.7378105162e-01
-1.2608984193e-01 4.4989837774e-01 -4.1943552332e-02 -2.5414257447e-01 4.9112144624e-01 1.6808055998e-01 -7.3505977268e-03 2.7003611989e-01 -3.3577790665e-02 -1.0452249208e-01 -1.3980818014e-02 2.8810540667e-01 3.5812973911e-01 -6.2850669136e-02 2.1949960593e-01 1.0239282771e-02 7.0385603347e-02 3.0685091870e-01 -2.6249383681e-01 -2.2643669698e-02 -3.1571163837e-01 -5.5299522826e-02 1.7004708512e-01 -5.8969014318e-02 -7.1132350257e-02 1.3958723557e-01 2.8245774204e-02 1.4672014873e-02 5.2654375693e-02 6.3118892250e-03 2.3552080991e-01 -1.7074781467e-01
1.3982925691e-01 2.8063338930e-01 -6.1640595663e-02 5.5858247752e-02 -3.0747110970e-01 2.5679969839e-02 2.7564661448e-01 -1.5915037465e-01 1.8245589132e-01 6.4573449792e-02 6.7695038245e-01 -2.0406956784e-01 2.2271241420e-02 -7.7912343930e-02 -7.8630170009e-02 1.1242718649e-01 -1.2645127425e-01 1.0031527504e-01 -9.3095462174e-02 8.2980873536e-02 -1.1378811361e-01 -2.7546127215e-01 1.8677687521e-01 -3.4280435798e-01 2.1938835625e-01 -3.0180694672e-01 -2.2857705630e-01 -3.0903925371e-02 1.4861431616e-01 1.1732426147e-01 -1.6991596071e-01 1.8759906944e-02
1.3345541330e-01 3.4369823902e-02 -2.0561606105e-01 -8.4076721242e-02 -2.4764066495e-02 3.9049953197e-01 -1.8116635339e-01 3.4905270547e-02 -9.5017780133e-03 1.3497291294e-01 7.4917303985e-02 2.8154030797e-01 1.8929752943e-01 4.8243233754e-02 -1.7509550112e-02 -5.5433005976e-03 -2.4075334225e-02 -3.3582020689e-01 -1.0494713058e-01 2.9386626125e-01 -4.8211451195e-01 -1.6201055749e-01 9.5035362953e-02 -1.1369099895e-01 1.7752262822e-01 3.8488170766e-02 9.9242155207e-03 1.2925378543e-01 -7.0545614489e-02 -6.3859642115e-02 -1.9066396363e-01 -2.4753131830e-01
1.4241408458e-01 -1.0044004847e-02 -3.7393511175e-01 -1.8093357058e-01 -2.1190726591e-01 -8.8690945704e-02 -3.7391492436e-02 -5.5228758818e-02 -2.4438657477e-01 1.9345912500e-01 1.4235815394e-01 1.9014845519e-01 -1.3937105378e-01 -1.7375265604e-01 -3.8320838439e-01 2.8095987800e-01 -2.3619637838e-01 5.8983650304e-02 -1.9611285200e-01 8.1769698386e-02 -3.3349885092e-02 -1.7554881186e-01 -9.8123295159e-02 -2.0076793485e-01 -5.4132134957e-03 1.1154266341e-02 -2.1074353489e-01 -1.0807046909e-01 -2.5925785402e-01 -1.2612529621e-01 -2.8892575151e-02 2.4078397987e-01
-8.2203721867e-02 1.3266846908e-01 2.0365002987e-01 -2.3638359405e-01 1.1046900283e-01 -2.1544466722e-01 -2.3847898395e-01 6.1679561391e-01 -2.1745051186e-01 7.2944879797e-02 -2.4460271285e-01 -3.0370244804e-01 2.2710521847e-01 1.1667038363e-01 2.2011860880e-01 2.5659768883e-01 -2.5438916671e-01 1.8786271124e-01 -1.9281954746e-01 -1.5422503236e-01 -1.9456682484e-01 -4.2063111040e-01 -5.9178825342e-03 -1.0325255593e-02 -1.9699372708e-01 -6.8329002028e-02 1.8725050425e-01 -1.0222426305e-01 4.8246436292e-02 -1.0177068250e-01 1.1136020939e-01 4.0103402665e-02
-1.0124875442e-01 -2.2663403423e-01 -3.8575680591e-01 3.5621782007e-01 2.7818860143e-01 3.7882797240e-01 6.1179072574e-02 -8.4688608063e-02 1.6989124698e-01 2.6142671701e-01 -6.5256399899e-02 4.4218343477e-02 -7.7546660842e-03 -2.5828929554e-02 5.2234449853e-02 -4.2708071660e-01 -1.0303766772e-01 -2.9040957877e-01 4.1259261373e-01 -5.7847508676e-02 1.0730975761e-01 1.5128944801e-01 -2.8281172392e-02 -2.3072489162e-01 8.7725563249e-02 5.1214895199e-02 -5.9529283749e-02 2.1997067085e-01 6.8969508786e-02 3.1055285433e-01 2.1378859065e-01 1.9950126157e-01
4.8097752638e-02 -9.1491909667e-02 -7.2531080100e-02 2.8555090156e-01 -5.6490669772e-02 -1.7794016324e-01 -6.2998713130e-02 -9.8402925188e-02 -1.9376797872e-01 8.9525003447e-03 -4.6732563105e-02 1.6662867031e-01 3.1306194460e-01 3.3149133490e-01 7.5864789401e-02 1.9193691461e-01 -6.2841387701e-02 -2.4963480271e-01 -1.4550662468e-01 -7.0983594844e-02 8.9891141385e-02 -1.1439604903e-01 -1.2949052904e-01 1.2710654932e-01 -2.1068843770e-01 -1.7700706833e-03 2.1147272744e-01 -3.0306906434e-01 1.2988741525e-02 -1.0128936831e-01 1.6125149013e-01 2.0415894240e-01
-1.9008013374e-01 1.9152959065e-01 1.0266638903e-01 -1.0265507093e-01 3.7714132397e-02 -3.6023821632e-01 -3.0795248088e-01 -6.1965587061e-02 5.4249829372e-02 1.4800611923e-01 -2.5604200771e-01 -3.1231846397e-02 -1.1828792772e-02 -1.0975781127e-01 1.3374313341e-01 2.5288602416e-01 -4.0704429686e-02 2.4819376028e-01 -1.0025281922e-01 -3.1589825839e-01 -3.4605701182e-02 2.8486483465e-01 -1.9569108025e-01 1.4622369375e-01 -5.9169470449e-02 1.0321661892e-01 -8.0000535918e-02 -4.8985920239e-01 2.9114499727e-01 -1.9655641981e-01 3.5977454988e-01 5.5744729450e-02
1.5425652591e-01 2.1716351659e-01 1.4193415097e-02 2.7828388467e-01 1.5021549037e-01 1.7569473543e-01 3.5269805110e-02 5.1848694677e-02 1.0461284861e-01 -8.3769499985e-03 -1.8746795661e-01 -1.3891175671e-01 -2.8082883962e-02 -8.3683329811e-02 -2.1706905496e-01 9.3905353480e-02 -5.8220726043e-02 5.3218815733e-01 2.0991431613e-02 2.4866253088e-01 -1.6225224671e-01 -1.4464320531e-01 -3.3088120442e-02 -6.5289278492e-02 -1.3564854195e-01 -2.9934130434e-01 8.7474084812e-02 -2.8683022937e-01 -1.8153751015e-01 1.9096169012e-01 -3.6672986781e-01 2.7789579559e-01
1.2443994084e-02 1.6572548158e-01 -3.2421618942e-02 -2.1152904709e-01 -3.5794040755e-02 -7.3591918581e-02 -1.0490855605e-01 4.0988212207e-01 -1.1501631275e-01 -1.7420507999e-01 -3.4640725942e-01 3.8759609912e-03 3.5342898789e-01 -1.3627435764e-01 1.7802966750e-04 1.6439063404e-01 5.9427839999e-02 3.0039109222e-02 -3.6306546356e-01 -2.3427752701e-04 -2.7333148647e-01 9.7564365809e-02 -1.5446421241e-01 -1.0394455526e-01 2.5253311277e-01 -2.8792036320e-01 -5.6568149590e-02 -3.3487973987e-01 8.1529911364e-02 1.8813725926e-01 1.5370520646e-01 9.5059321965e-02
