1.0872614483e+00
3.8314523258e-01
8.2190461376e-01
7.1873798116e-01
-1.4895847840e+00
5.1219064707e-01
-7.8015828037e-01
-2.5106569687e-02
3.1870288457e-01
3.9386443471e-01
9.7446477941e-01
1.0881569618e-01
-1.8332091037e+00
1.8126057120e+00
1.2374679927e+00
-1.0311467331e+00
-3.1412943676e-02
-1.1064199450e+00
-3.1097405896e-01
2.7441219943e-02
-9.5716600884e-01
-1.9581085864e+00
-9.5870224586e-01
8.0088624361e-01
4.4631923765e-02
-2.4892901387e-01
-5.1998195425e-01
1.8290128716e+00
-7.4847781800e-01
9.0694202720e-01
9.1822102385e-01
3.2021794658e-01
2.0374492645e+00
1.4805238646e-01
7.0740258326e-01
-1.4124373422e+00
1.8007349451e+00
-1.2974148661e+00
-3.3181619786e-01
-2.6077089184e-01
1.0338146755e+00
1.4413485521e+00
5.4437704934e-01
-7.4600467202e-01
1.8710206768e+00
-4.8746873648e-02
-7.6980288495e-01
-1.3904816261e-02
-1.2421000391e-01
2.0644014985e-01
7.1561459570e-01
-2.0103686708e-01
1.0077064596e+00
2.3144549795e-01
-3.5120275360e-01
-9.0888465870e-01
1.5170602411e+00
1.2400963474e+00
6.4511485776e-01
1.7046689441e+00
-8.8868298754e-01
2.3080360199e+00
-5.5523757176e-01
-1.3207479269e+00
2.1999306976e-01
-1.3327914987e+00
6.8624975984e-01
-5.4815323347e-02
-4.8788675366e-01
2.0061671287e+00
1.3265825580e-01
-1.4047680418e+00
1.5389885825e+00
-9.9834284638e-01
-7.3944326854e-01
-2.2811123707e-01
2.2600662802e-01
-1.8416877334e+00
-1.7844707321e+00
4.0123586353e-01
1.9161933767e-01
-2.7367754278e+00
-2.3159576847e+00
4.0349064779e-01
8.4819893195e-02
-5.3317583582e-01
2.5734045932e-01
3.4009130137e-01
-1.8696496009e-01
-6.1955312226e-02
2.4298633430e-02
5.9831785311e-01
-4.7950350859e-01
-1.8310706160e+00
1.7798536399e+00
2.7935949096e-01
-1.3788822430e+00
5.8637994545e-01
-1.6050710584e-01
-1.8975733197e+00
2.8099709536e-01
-6.0474852462e-01
9.7295216110e-01
1.0004810823e+00
1.9855159281e+00
5.9369564081e-01
2.9663337514e-01
1.7637847389e-01
2.9810323703e-01
8.2551788572e-01
8.5264418896e-01
1.9123714088e+00
1.4199824932e+00
9.4686382534e-03
8.9566712679e-02
5.6669175347e-01
-4.6387668902e-01
1.5654286964e-02
6.8630696751e-01
-4.3400236413e-01
6.0692638188e-02
-3.9381262820e-01
-8.9872960187e-01
8.0707022053e-01
-1.5511436906e-01
2.0215453009e+00
-5.3227143280e-01
-1.7447664198e+00
2.3038994002e+00
1.5605630263e-01
-1.2702111328e+00
-9.5059589965e-01
4.3449154079e-01
1.8810726468e-01
6.9157606441e-02
-1.8493148261e+00
-4.9428264140e-01
1.3297115725e-01
-8.6424200267e-01
-2.7522242260e-01
-6.1079651431e-01
-1.0030996864e-01
9.2258442473e-01
-6.5193642951e-01
-6.9938691744e-01
-1.8918847357e+00
3.9918367457e-01
6.4871096212e-01
4.9711499969e-01
-6.3083867360e-01
-3.7429857978e-02
1.8628317042e-02
2.3988182453e+00
-7.5164669621e-01
-4.1367787794e-01
1.3633745074e+00
3.4108541745e-01
-1.4673897668e+00
-6.6012883616e-01
4.9461463636e-01
2.4354888598e-01
1.6829374792e+00
-8.4215975086e-01
1.9920472804e+00
-1.2380248621e+00
7.0163398257e-01
-7.1105081399e-01
-9.8402351235e-01
1.7304039335e+00
2.7278774624e-01
4.0091597767e-01
-6.9785050484e-01
-2.1725504139e+00
-4.7627729114e-01
5.6009409536e-02
-1.0663561394e+00
-2.7685618979e-01
-6.3588838163e-01
-1.6202338265e+00
7.9787212797e-01
1.5179179273e+00
-1.0875589483e+00
-4.6501525765e-01
-1.0430206852e+00
8.6015647684e-01
-7.1557366421e-01
1.4907897054e+00
-3.5874005039e-01
-6.1731693055e-01
7.7000913087e-01
4.6167345644e-01
-1.8670816995e+00
1.9584480787e+00
4.9613451973e-01
-1.2061061168e+00
2.3961933686e-01
-1.1327792628e+00
-8.2641545282e-01
-4.6350465623e-01
-1.1305850759e+00
-1.3526900130e+00
2.0136703664e-01
9.6774016496e-01
7.3904899460e-01
5.7524896977e-01
1.9112824565e-01
-6.2173701429e-01
1.1405818010e+00
7.1480212195e-01
-1.3539966593e+00
-4.3729334877e-01
1.4128184866e+00
-1.1694246790e+00
-1.3121224119e+00
-5.2478509857e-01
-3.5400434336e-01
-1.8014036179e+00
-1.6823640258e+00
1.6255732158e+00
-2.2094499175e-01
2.5618905997e-01
1.9906554076e-01
-2.1920541034e+00
-8.1187719599e-01
2.2091715105e-01
2.2565996972e-01
-7.7120560399e-01
-2.5815474047e-01
6.2110684907e-01
8.1240969598e-01
-5.2273654601e-01
-1.4384000470e+00
5.2925591286e-01
-2.6048239600e+00
3.5148505418e-01
-2.1574373897e+00
2.0869908581e+00
-2.7061390920e-01
-3.3610567402e-01
-1.2250817763e+00
6.0509783766e-01
6.8315054231e-01
1.5258889549e+00
-7.3235055049e-01
9.1593748551e-01
5.3807196470e-02
-4.6687211782e-01
-1.5079432348e+00
-7.5848889896e-01
2.2906446484e-03
1.0032767777e+00
-1.5747333490e+00
-2.1003736637e+00
-3.1221390280e-01
-6.6274588806e-01
4.5220513677e-01
-1.5638481807e+00
2.7932459823e+00
-8.5961077467e-01
-7.6786749064e-01
1.2338068825e-01
-6.0643611450e-01
9.5230613112e-01
-2.0036059874e-01
-5.6395507606e-01
-2.3621737512e-01
-5.3398140418e-01
-3.7523313092e-01
-4.9680780738e-01
-1.0608189886e+00
-1.8400463015e+00
2.0772112789e-01
1.7574701850e-01
7.5856449357e-01
-2.1838489363e+00
6.9663363597e-01
1.1320800504e-01
3.3079497734e-01
7.0452702902e-01
1.1995230508e+00
-5.6673330410e-01
-9.1219631214e-02
1.7964434961e+00
-2.4464220103e-01
-7.6589198315e-01
-1.2735570383e-01
-4.4706326981e-01
-1.3785255156e-01
7.7784683801e-01
1.5988679996e+00
1.3940162357e+00
1.2671603782e-01
1.5671096302e+00
-6.8327037029e-01
3.3151990428e-01
-1.8085089325e+00
-3.9092722392e-01
1.4894862599e-01
2.0449323733e+00
-2.0735550151e-01
1.9570669893e-01
-8.3034624315e-02
1.7621554688e+00
-1.5989162658e+00
1.6481718946e+00
1.1873278781e+00
1.1250407603e+00
1.0243415735e+00
-1.5727625415e+00
8.1198118927e-01
-3.4983009519e-01
6.0017972954e-01
-1.0411354263e+00
5.4424947556e-01
1.7831627653e+00
1.5227129521e+00
-9.8674769173e-02
-2.8723534986e-01
4.4089536586e-01
-1.1636215289e+00
2.6090580894e+00
1.0613579778e+00
8.1419119168e-01
-3.1745464988e-01
6.6343963737e-01
-6.0727232395e-02
-3.6265239253e-01
-4.4120682964e-03
-2.3743143610e+00
-1.3612856560e+00
9.9806107787e-01
6.7562396806e-01
3.7656638501e-01
-1.5794752616e-01
9.6330469269e-01
8.4653416753e-01
-6.7881435160e-01
6.8223367485e-01
1.9805467112e+00
-7.4138211682e-01
-1.3710155338e+00
-9.8345097480e-01
-6.6148716878e-01
-1.3664473712e-01
8.8502118117e-02
-2.8854295596e-01
-4.7422629036e-01
1.5707644747e+00
1.4578088440e+00
-2.5057198929e-01
