-1.1620431347e+00
1.3409974810e+00
4.5400595197e-01
-7.8705870105e-01
3.7985839675e-02
1.1164221318e+00
-1.2452563635e+00
-1.1988592618e+00
9.3993323804e-01
6.1348540176e-01
4.4571004108e-01
-2.0059284043e+00
-2.3219961402e-01
1.1353841210e+00
-8.1632961027e-01
-1.4930430954e+00
-6.9308215292e-01
9.1975618500e-01
-1.1366565422e+00
1.9576407295e-01
1.5598983405e-01
8.8427221247e-01
1.6600176023e+00
-1.2747127629e-01
4.1272287976e-03
-5.5067045635e-01
-2.1735909782e-01
2.6336146936e-01
-1.0491358859e-02
1.5933840502e+00
1.0575741125e+00
4.5363252642e-01
8.0731841240e-02
8.0993713411e-01
-8.2602237331e-01
