-3.5517711722e-01
1.1705292466e+00
1.2254309826e-01
1.7900290892e+00
1.2737531837e+00
-1.2484477932e+00
5.2110920485e-01
5.1428308978e-01
1.3153609365e+00
-1.0127979324e+00
1.0303850070e+00
-1.3508167741e+00
1.6979374086e+00
-1.9436204879e+00
-1.4935012289e+00
-1.6245544101e+00
-1.1463565947e+00
-2.1739796436e+00
-3.5096883027e-01
5.4129835533e-01
3.0410265502e-02
7.8185891527e-02
-3.8521746065e-01
4.2881924766e-01
-9.2686927261e-01
-5.1962127917e-01
7.5774842927e-01
6.8549371716e-01
-1.2268934031e-01
-7.3796542420e-01
4.8033928237e-01
-4.1135338466e-01
-1.5970734612e-01
1.2718364556e+00
9.2973171998e-01
7.4905930126e-01
-1.0941776191e+00
-7.9055192272e-02
-3.4203431211e-01
8.2674767692e-02
-2.9789058472e-01
1.3797072272e+00
6.6874072751e-01
-4.3433353431e-01
-4.8150103986e-01
-1.2075489201e-01
6.6846722576e-01
8.0196234266e-02
-7.0271689050e-03
3.7261484347e-01
-4.3302983591e-02
-4.4700734982e-01
2.5364043842e-03
4.1980551599e-02
-1.9944064288e+00
-7.8067850748e-01
-1.9737550191e+00
1.1745900675e-02
6.7152480240e-01
-1.2093083623e+00
-2.1339384268e+00
-3.6073121089e-01
9.2806006462e-01
-9.1441369905e-01
-1.5177822355e-01
1.1965349823e+00
-7.2402496227e-01
-1.7677053719e+00
2.4091053112e-01
-5.3949735461e-01
-1.3644650885e-02
3.2393433264e-01
8.6829461761e-01
1.2003229845e+00
-2.3545171853e+00
-7.3089453393e-01
1.2377433707e+00
-9.8380370707e-02
1.2974271659e+00
1.8051634067e+00
-7.4928575594e-01
-2.0614569567e+00
-4.3536413386e-01
8.3826189541e-01
-1.3760768637e+00
3.6075692373e-01
-7.3038445079e-01
-5.1608743970e-01
-6.0603246399e-01
-6.7181340412e-01
-3.9247148955e-01
-1.2383165069e+00
-4.5751963477e-01
-4.9574156780e-01
-1.1853162755e-01
-1.0333383262e+00
1.7377192851e+00
-6.2724587521e-01
1.9540219592e-01
3.3148521956e-01
2.1064408790e-01
1.3077232502e+00
1.1354759452e+00
-8.0719667280e-01
4.9869795675e-01
-1.5131020770e-01
-1.4770105438e-01
2.8026117294e-01
2.4832184458e+00
4.0751131045e-01
5.8449816773e-01
-7.8726145318e-01
-6.1804453361e-01
-1.2162345961e-01
1.6723028046e+00
-1.1946115776e+00
-5.1707323486e-01
1.6814978882e-01
-1.6093937332e-01
-7.6948211077e-01
-7.9903815916e-02
1.7377862180e+00
-1.3163349648e-01
1.8158443206e+00
9.3760591178e-01
2.2167548575e+00
2.4794799370e+00
-2.1508588900e+00
1.0804483616e+00
1.4798860648e+00
2.2629932832e-01
7.5816021012e-01
1.0459178226e+00
1.0379069571e+00
4.2844539548e-01
1.9596170365e+00
2.0396644510e+00
7.0873017398e-01
1.1117053395e+00
2.1068308632e-01
1.7218900834e+00
-9.9512437327e-01
3.0561657947e-01
1.2931795522e+00
7.8111267078e-01
-3.9364177879e-01
-1.2211519638e+00
-2.1469803323e-01
1.3606222934e+00
3.7396952842e-01
5.0280217370e-01
-5.2274022088e-01
-5.6723547905e-01
9.6934972545e-01
8.3360972782e-01
7.8419284840e-01
-1.5431300249e-01
4.1360125605e-01
-2.5420244206e-01
-1.2499896400e+00
8.8004807771e-01
-1.1832727613e+00
1.8274187259e-01
-8.3896061809e-01
5.8742192177e-01
6.6444749102e-01
1.3183127477e+00
3.4239422733e-01
-1.3986768405e+00
-6.4735369767e-01
-3.9094228582e-01
3.2879476682e-01
2.5789554592e-03
5.8695733088e-01
-4.7579842318e-01
2.7375578447e-01
7.5982854321e-01
-2.7483061812e-01
-5.4663312084e-01
3.7670960832e-01
2.6342481202e-02
8.6048890845e-01
1.3419471023e+00
2.4100353327e+00
1.9885153195e-01
-8.8560127865e-02
4.8949333426e-01
-2.5180967498e-01
-4.7533466902e-01
-2.6909436658e-01
-1.6006884873e+00
-9.2700365238e-02
-9.2553009212e-01
-2.4120382129e-01
6.8676632300e-01
-8.7581306461e-01
-1.2713226144e+00
-8.0697033115e-02
-1.2503378783e+00
-1.0282733158e+00
