-1.7762323771e-01
-9.2436957193e-02
4.6284983927e-01
-3.0537170208e-01
-1.1481437441e-01
1.9153308412e-01
2.5742737207e-01
1.2592069830e+00
-2.3799096057e-01
1.8736416404e-01
-4.0274961328e-01
-8.6330682984e-01
-2.9989025367e-01
1.4830856306e+00
-6.0784112931e-01
7.9365817505e-02
1.5631727814e-01
-2.1799499002e-01
3.8766817095e-01
2.2822546185e-01
-6.4974922345e-01
6.6593815348e-01
3.1642782418e-01
-1.8100445823e-02
7.6264667646e-01
-2.3579911573e+00
1.0260826322e+00
1.0711237771e-01
-8.5712099396e-01
-2.9687979982e-01
-3.4776823499e-01
-5.8774286684e-01
-5.3347780059e-01
1.7513829507e-01
-1.3405670619e+00
1.5248635434e-01
8.9988309566e-02
4.9402447989e-01
1.5682251782e+00
-1.5354894148e+00
7.2024044481e-01
-3.4647636747e-01
2.9176772080e-02
1.4849991291e+00
-2.4520988573e-01
-6.6056697019e-01
1.3634664461e-01
-6.3404529930e-01
4.2400476184e-01
-2.6898750281e-01
3.9523652881e-02
-1.3664720711e+00
3.5664343079e-01
2.2186767562e-01
-7.7058130689e-01
-6.5670312704e-01
6.1146773075e-02
1.1548587481e-01
-2.6361366927e-01
1.1835533331e-01
-4.9228514569e-01
2.9407567496e-01
-4.5888844462e-01
-1.3221586048e+00
-1.1676849938e+00
5.2735331795e-01
4.0133083719e-01
-2.3537630367e-01
-1.9992909385e+00
-6.9103777432e-02
2.3229941490e-01
1.0059377056e+00
-1.6824368619e+00
6.5190020628e-02
4.2854252047e-01
2.6313868413e-01
-9.6800524746e-01
-2.5508723075e-01
4.7493186562e-02
-1.1608320418e+00
1.1002142103e-01
-1.2040517117e+00
-1.1385264104e+00
-3.3841656675e-01
-1.5941298177e+00
7.4305121529e-01
1.0701834046e+00
-1.4203924819e+00
-1.0020771413e-01
-3.8281291494e-01
1.3582098224e+00
2.2312015136e-01
-2.5408131686e-01
-5.2111083664e-01
-1.0256167395e-01
8.1222742693e-01
-7.2032260851e-01
8.9394709417e-01
1.2059779540e+00
-4.1786412230e-01
