1.7014770206e+00
2.0581965504e+00
-7.1443263481e-01
-5.8022014919e-02
-1.6893437670e+00
1.0460929772e+00
-1.0302088463e+00
-8.4046196014e-01
-1.2050185128e-01
4.5734732714e-01
-6.9549407812e-01
-1.2601509565e+00
-1.3405493873e+00
-1.2838698252e+00
-3.5415431628e-01
-1.1298875476e+00
4.8291265242e-02
4.3744527394e-01
-3.0644324064e-01
5.6797924701e-01
-1.9247486994e-01
-6.0780118972e-01
-1.2383499574e+00
-3.9622844378e-01
-4.7252458309e-01
3.1788530657e-01
-6.3449765365e-01
1.3466304654e-01
4.7804887971e-01
-7.0828550357e-01
-9.2523914545e-01
-5.3318530219e-01
-9.3060886127e-02
-1.4103603211e+00
-5.6078542664e-02
-1.6310361203e+00
-1.8767617304e+00
-2.1932387508e+00
2.5529414803e+00
-9.3650334602e-01
-3.4757630618e-01
-6.0655328629e-01
1.5425003730e-01
-5.5248821283e-02
1.6195251107e+00
-1.9445551552e+00
1.1372278258e+00
-2.6941450111e-01
2.1349583814e+00
-6.3876901608e-01
2.3661776522e-01
1.6231675051e+00
-8.9799828463e-01
1.5899096590e+00
1.5583956792e-01
1.8498964648e+00
-9.0148615299e-01
5.0064538823e-01
4.3217550443e-01
9.1704100521e-01
-1.8026254976e-01
6.3537892715e-01
-2.8064108368e-01
2.5817013361e+00
-2.1148061329e-01
2.4460797680e-01
3.4125820927e-01
-6.5066877719e-01
7.2439548761e-01
4.1616006057e-01
-1.5289018703e+00
-2.5416428587e-03
3.5292308580e-01
1.5238905312e+00
1.5435475421e-01
-2.2904482405e-01
2.3421524197e-01
1.4114879459e+00
-1.7693319453e-01
-7.1402955497e-02
-3.8748384591e-02
-2.7899787773e-01
-1.3960863406e-01
1.0983513267e-01
-8.8705856401e-02
4.3062393685e-01
-5.7010472902e-01
-1.1698632881e-01
1.7076373733e+00
-1.1436724900e+00
-1.9470770508e-01
-6.0450480651e-01
-7.1818306039e-01
3.3494443911e-01
-1.8055940803e-01
4.3876601458e-01
2.0209131405e+00
-9.4477049008e-02
-5.8736108402e-02
-1.2579853635e+00
8.3271881202e-01
-1.4675756963e+00
1.7737781077e-01
-1.4622916052e+00
-7.4905042151e-01
1.2679291443e-01
-1.5228623716e-01
-7.9701593854e-01
-4.8953539625e-02
1.0060607823e+00
-5.6712199052e-01
-8.1414968186e-02
-5.3557840033e-01
-1.4038009497e-01
2.5554146531e-01
2.6355052483e-01
-7.7496683196e-01
9.2794676191e-01
9.8741911129e-01
-2.6452563523e-01
-9.4707118798e-01
1.3866684342e+00
-7.3550943824e-01
-6.0935141997e-01
1.1368763315e+00
-1.0515681815e-01
-9.5709860094e-01
1.9137657899e-01
-8.4411615061e-02
-7.1187560024e-01
-7.3362627532e-01
-2.2827779036e-01
-8.9195752960e-02
-1.4482932088e-01
2.4394661377e+00
-1.2526003515e-01
3.4366487209e-01
1.3699813573e-01
-1.5317749800e+00
5.3704357228e-02
-1.4000695645e+00
7.4527490551e-01
4.9891001841e-01
-3.9328617258e-01
4.0095832823e-01
2.0134631677e-01
1.6218704117e+00
1.2517744685e+00
-1.7782386001e+00
-6.8167744355e-01
1.0044324824e-02
3.7489939287e-01
5.7474005445e-01
-7.2021553398e-02
5.8273584436e-01
1.2030562936e+00
-1.8056592187e+00
1.5182296451e-01
1.3467326063e-01
-4.8787009231e-03
-1.4334468791e-01
-7.6848187325e-01
4.7158690925e-01
-1.3473333203e-01
-1.1829069624e+00
-1.3766679185e+00
-4.3295387842e-01
-6.8426877071e-02
-2.4200696991e-02
-7.5448211839e-01
-1.5850617627e-01
-1.4375666328e-01
3.6152207311e-01
3.6230467483e-01
-1.1666764382e+00
-2.0695648548e+00
-8.0690734216e-03
-3.1623230603e-01
-1.8454827688e-01
-1.4640359127e-01
-2.0635327658e-01
2.2352241780e-01
2.6578618999e+00
9.2996478672e-01
9.2236489312e-01
-1.5910333656e-01
-3.2935535369e-01
2.6207041687e-01
-9.2515396898e-01
-4.1423770016e-01
-1.1889841607e+00
-1.2562667748e+00
-2.0815950981e-01
-1.1968200300e+00
5.0754082595e-01
-7.7493675254e-01
5.0714800621e-01
-1.0647945862e-01
-2.4475568713e-01
-3.2106105713e-01
-3.8729888442e-01
5.1009324592e-01
9.7638937172e-01
5.1993334187e-01
-7.7159484795e-01
2.5677807742e-01
-7.1569856200e-01
3.3017915999e-02
2.0307238844e+00
2.8355311305e-01
-2.7829881089e-01
-8.5966143327e-01
8.1603707742e-01
5.8175050276e-01
-3.2638061109e-01
1.2512605750e+00
5.2801340463e-01
5.6777567731e-01
7.1145552001e-01
9.0538099492e-01
-6.6148997116e-01
6.2537279406e-01
-1.7124663961e+00
-1.4322583790e+00
6.8124610169e-01
5.5518042747e-01
-8.0920989441e-02
1.4021048842e+00
-1.5457926832e-03
-2.4969662355e+00
-1.3723891508e+00
-1.5994796343e-02
1.3233146319e+00
-7.1963964095e-01
5.1634927212e-01
-2.0494800898e-01
-8.8909748946e-02
4.7503594117e-01
5.6435409970e-01
-3.6590916233e-01
1.0200467095e+00
3.1871270692e-01
-9.9141197922e-01
1.5791472573e-01
1.6163772564e+00
6.9163548872e-01
1.6856387611e-01
5.9615408299e-01
8.3276653740e-01
-6.1213261656e-02
-1.5973635430e-01
2.9917252363e-02
1.1405899945e+00
-2.1877276909e-01
2.1321790246e-01
-1.2298048385e-01
-3.2245972712e+00
7.2799208238e-01
8.0618804715e-01
-2.0571575658e-01
1.2853781838e+00
-4.5610418135e-01
-5.0088551753e-01
-1.4153374936e+00
-7.0678620455e-01
-1.4666974750e-01
3.5577359791e-01
4.2122142576e-01
-6.5968239623e-01
7.5646708491e-01
4.6765052482e-01
7.7494899034e-01
1.6324854276e-01
3.7421607954e-01
-1.4358585311e+00
1.0056357821e+00
4.5266200571e-01
-1.6104676762e+00
-1.3112382127e+00
-1.6583582828e-01
-2.0512436961e-01
-7.9937194036e-03
-2.0922525929e-01
1.7225008154e+00
-1.8996269562e+00
1.8951057557e+00
-9.8743505153e-01
5.6006942176e-01
4.5107282437e-02
3.2237850241e-01
-6.5371565193e-01
-4.6632804538e-01
6.8104035245e-01
-1.2492849837e-01
-4.9966910838e-01
1.1786796955e+00
-9.3840895772e-01
-1.7191407002e-01
9.9992744231e-01
5.8537206269e-02
1.3939651068e-02
-7.8563964662e-01
2.3833983289e+00
1.1307538769e+00
1.4810059730e+00
-3.3394866131e-01
6.9760700241e-01
1.0488450402e+00
7.5614205126e-01
1.0542021124e+00
3.6631752201e-02
-4.8189892879e-01
2.1301510298e+00
-5.1035166476e-01
1.4403082848e+00
3.6708416603e-01
-6.0992604644e-01
4.9755240764e-01
-6.6026284921e-01
5.1733219814e-01
-2.9019111301e-01
7.4862101917e-01
1.1142381722e+00
8.5973776068e-01
2.1260784750e-01
-8.1937328888e-02
1.2347604054e+00
1.2767685633e-01
-1.7572658483e+00
-7.9428991494e-01
-1.0251237977e+00
2.5029784694e-01
-2.0812223023e-01
-8.2598696336e-01
-1.2951933632e+00
-1.2034507919e-01
8.2926815184e-01
1.4055478755e+00
1.6146714210e-01
2.3384209655e-01
-9.5903992628e-02
-3.8320811767e-01
9.5406332777e-01
-1.0761950264e+00
1.1686633560e+00
-9.9754134740e-01
2.2534579646e-01
-1.6839713082e+00
5.9979061309e-01
-9.7088516919e-01
-5.7336691558e-01
4.2325040435e-02
6.1503751466e-01
1.2777333670e-01
-3.2288519482e-01
-7.7910012656e-01
2.4432415022e+00
1.0868357204e-01
-2.1370546272e+00
5.6914105386e-01
1.3757229369e-01
3.3525598517e-01
1.3158897950e+00
-4.3376305057e-01
-1.3019904379e-01
6.9988402141e-01
-8.9045425533e-01
-2.9303407037e+00
1.6251842661e+00
-1.2827737278e+00
7.2091054281e-01
-9.7700201559e-01
5.1639122784e-02
1.2473810816e+00
2.3590493009e+00
-1.0985028403e+00
1.4547644178e+00
-2.3055520358e+00
-1.5861137238e+00
-9.1642940005e-01
4.6231088077e-01
-1.2252139148e+00
-1.4275593692e-01
-4.9346977469e-01
5.0563774293e-01
-1.6300373394e+00
1.4859253258e+00
-2.0720771528e+00
-5.4513126106e-01
7.2712106228e-01
8.9627697610e-01
-7.8409182130e-01
1.3019261243e+00
6.6888307350e-01
7.2959857289e-01
1.6647503181e+00
-1.7573018085e+00
-2.1077763261e+00
1.4812175225e+00
-1.6764560987e+00
-1.1922449190e+00
-3.3505872414e-01
6.1153542427e-01
-1.0283442897e+00
2.6500633055e+00
4.2590529931e-01
-5.5402878197e-01
-1.4420535478e+00
-1.0860767809e+00
1.4041447138e+00
-6.0364547555e-02
-6.8487768259e-01
1.5013601652e-01
8.8099608514e-01
-1.1072163661e+00
3.7288531366e-01
-4.4456339377e-01
-5.7377470921e-01
-1.0399774099e+00
7.0754116395e-02
8.1649234488e-01
-8.4969735288e-02
-5.7876626484e-01
-6.0885825170e-01
-1.6842014679e-01
1.7867096531e-01
-3.3884064440e-01
1.9343852603e-01
-6.1023258050e-01
3.2958136156e-01
1.6345413782e+00
-3.2986900356e-01
-5.1159143183e-01
8.1561960252e-01
-2.1490256009e+00
3.6314359959e-01
-6.5497273026e-01
-8.8280044618e-01
1.1092045289e+00
2.4798179189e+00
2.2355631707e-01
5.0910488323e-01
4.2893752768e-01
9.5334521665e-02
4.5431306675e-01
-5.9449599970e-02
-4.3535404103e-01
-1.5998615568e+00
1.9087578669e-01
3.0148171478e-02
2.4241596960e-01
3.1783726360e-01
-8.6915364578e-02
-7.7661104497e-01
1.2648501000e+00
-1.0092911209e+00
-5.0988590283e-02
6.6286591013e-01
-2.9228622154e-01
-4.9548908751e-01
-3.1020073029e-01
-1.3544592309e-01
-4.6610740747e-01
1.3874168220e+00
-7.8960602168e-01
2.5959141606e-01
1.1832312114e+00
-1.2228142440e+00
3.2170158469e-01
-1.2584908515e+00
-1.2422396507e+00
9.0512805118e-03
-7.4352255288e-01
3.7132890308e-03
2.0508216964e+00
2.3224151123e-01
-1.9628598335e-01
1.8358905930e-01
2.1723686552e-01
1.8133216673e+00
1.1909695070e-01
8.2171587389e-01
-9.1497019773e-01
8.6055976132e-02
-1.8079346976e-01
-2.6315350103e-01
1.2357862271e+00
3.9950738122e-01
-3.1763105245e-01
9.7248428657e-01
1.5148123564e+00
-1.5576583584e+00
3.3454143260e-01
1.1627307301e+00
7.5013712617e-01
-9.1951672141e-02
-5.8936830025e-01
-5.0597956206e-01
-1.5956056499e+00
7.6767035882e-01
