5.4265113592e-01
1.8375882656e+00
2.6819309904e-01
2.9620244323e-01
2.0369145411e+00
-6.7091607142e-01
2.0552920571e+00
5.7389561544e-01
-3.6778899920e-01
3.3423271278e-01
-1.8742788447e+00
1.6792875362e+00
5.2307167384e-01
-1.7485009272e+00
2.8328981032e-01
1.3281106946e+00
-6.7012210602e-01
2.9673703083e-01
5.3533996479e-01
6.3410167288e-01
4.7739346771e-01
6.2133525633e-01
3.2275977851e-01
-4.3761973099e-01
-1.8950140434e+00
3.4906758940e-01
-3.0460150913e-01
5.8772844791e-01
1.7937758298e+00
5.0053163663e-01
2.0310470725e+00
4.0775360922e-01
-2.8250033558e-01
1.6868065107e+00
7.3895877139e-01
2.0120591735e+00
3.5638796353e-01
1.8114808681e+00
3.4825450365e-01
6.5248191783e-01
8.1921894322e-01
-4.5298307856e-01
5.3471060719e-01
-3.5062574338e-01
-4.7509346311e-01
-5.8312465578e-01
7.0624233883e-01
-4.5963682214e-01
4.1136804111e-01
1.5536658583e+00
-2.4052102524e-01
-1.8562868611e+00
2.4419197119e-01
-5.0352586456e-01
-2.0092780129e+00
4.9063240737e-01
-2.3016211192e+00
2.1890019511e+00
-2.6674546563e-01
6.8440060227e-01
1.6175330192e+00
-1.8407256099e+00
1.9260388936e+00
-6.4040022792e-01
3.3651653893e-01
-6.2325692845e-01
-3.2580235649e-01
1.4190711808e+00
-4.8420706099e-01
-7.1705518652e-01
