-1.8062316827e+00
1.5725832311e+00
-1.6714506004e+00
1.7100155370e+00
-6.0644956054e-01
2.0356232619e+00
2.0406484342e+00
-1.0772780212e+00
1.4447078038e+00
1.2210587291e+00
-1.3392196685e+00
-5.9827201153e-01
9.1601757271e-01
-8.8242563235e-01
1.1328458425e+00
1.7621747997e+00
-1.8915008328e+00
-1.3453057585e+00
1.5511482039e+00
-2.1328210750e+00
1.5198949326e+00
1.4259769931e+00
-9.7846214144e-01
7.9883177956e-01
6.3873994815e-01
1.3307158733e+00
5.5853241516e-01
1.5422001475e+00
-1.0447608038e+00
-1.5097034579e+00
-5.0814557586e-01
1.2685488214e+00
-1.6571288960e+00
1.0962989019e+00
2.0701953160e+00
