8.2616599853e-02 -1.3581612933e-01 6.3900113452e-01 -5.7574244008e-02 1.2231647892e-01 -2.1147660103e-01 5.8538671958e-01 4.4717713216e-01 -4.0786141079e-01 -1.0276613949e-01 -4.5443653266e-02 2.1084989451e-01 1.2535894426e-01 -7.5106864603e-02 -7.6644595985e-01 1.7421946850e-01
1.4208085811e-01 -2.3336092846e-01 1.6178858267e-01 1.8506150784e-01 3.3080227066e-02 -7.6728356842e-01 3.4079057072e-01 -2.7834937083e-01 3.3953091487e-01 2.0478310086e-01 -1.3762090874e-01 -3.1695255014e-01 2.2297121694e-01 3.5452595416e-01 4.4884224200e-03 -7.5109266907e-01
1.7431363213e-01 1.2028120606e-01 -2.1283390161e-01 -7.7736108952e-02 -6.0272447444e-02 3.9979138137e-02 1.1840160396e-01 -4.4911776270e-01 -1.4665839962e-01 5.6182952086e-01 -3.2161821326e-01 -1.2362796064e-02 1.9429259709e-01 -7.0443447044e-02 -3.9960416575e-01 3.1853291807e-02
2.0805592880e-01 -1.4441103181e-01 -4.5774550098e-02 1.3923837425e-01 2.7315539249e-01 1.5278607558e-02 -2.0171930148e-01 8.5219057923e-02 -3.5475069430e-01 1.3034053981e-01 -2.4221282173e-01 -8.2530239074e-02 1.5722959137e-01 8.4673301495e-01 1.7621459101e-01 -2.7330019782e-01
3.6019840022e-02 1.6525920681e-01 -2.5217402999e-01 -1.4851630969e-01 -3.2768170684e-01 9.0929832395e-02 -1.6964218003e-01 -1.0968005657e-01 -3.1647457157e-02 4.4052364735e-01 3.4693986653e-01 5.7346918107e-01 5.0179914089e-01 -9.7704186141e-02 -5.3636509714e-02 -1.1716134174e-01
4.1618907406e-02 3.0321451836e-01 -5.3482730747e-02 -1.7838245083e-01 -5.2587722551e-02 -1.7423993038e-01 4.6457237297e-02 2.1032656200e-01 1.2219763324e-01 9.5191252343e-02 -1.9657449347e-01 5.6276844301e-03 6.5791445794e-01 -1.5069440426e-01 1.6250139517e-01 2.0966855235e-01
3.6354116227e-02 -3.8049411687e-01 -2.0692621737e-01 -4.5906902634e-01 3.3077979202e-01 8.2352225184e-02 -1.4675903323e-01 -4.7013920220e-01 5.8554472558e-01 -3.0534485209e-01 2.7312844663e-01 -3.6609595840e-01 2.1519916191e-02 -3.8576048741e-01 -1.0597931357e-02 3.5527792448e-02
2.3841306522e-01 -8.9084029543e-02 -4.8740164160e-02 -3.8042862543e-01 3.9020950607e-01 1.0582788463e-01 1.8830822798e-01 5.2390329116e-02 -1.5186366656e-01 1.9816264808e-01 2.7236779954e-02 2.1144421446e-01 2.7082276510e-02 -3.8284016875e-01 -1.9942210806e-01 2.9125518478e-01
-2.1000787340e-01 -3.1631092862e-02 -1.2882854486e-01 2.7266587910e-01 3.3736616270e-01 -2.7780626922e-01 -4.7225005926e-01 -9.4117564712e-02 -3.1163256183e-01 -1.2370233918e-01 5.1128286818e-01 -1.5569725346e-01 2.4259362341e-01 1.5825636697e-01 2.1563393572e-02 -6.0848430823e-01
6.5092010912e-02 5.8133783480e-02 -1.2999668816e-01 2.6096273676e-01 8.6854682745e-02 -4.7094142916e-01 -1.8442771406e-01 -2.0512683461e-01 3.7131457018e-01 -1.2863303947e-01 1.5091993679e-01 8.4955119363e-02 -5.3891649595e-03 3.7003619086e-01 -2.4469425454e-01 1.1029376848e-01
-3.1591874658e-01 5.4767991829e-01 -5.4367420246e-01 -2.4512992566e-01 -2.4308464502e-01 -1.1793339472e-01 -1.7819771309e-01 3.3529163789e-01 4.1876793463e-01 1.1896410495e-01 2.8532693168e-01 -1.6357463917e-01 1.3346744142e-02 -3.6416733569e-01 1.2770783708e-01 2.9320370575e-03
-2.5759845189e-01 1.6478913142e-01 2.4775611333e-01 -7.9070739623e-02 1.1536960375e-01 1.6181037956e-01 1.9522187267e-01 2.8253342760e-01 8.8762545981e-02 -2.5821294783e-01 -5.0311481336e-01 4.9907017449e-01 -2.6444516163e-01 2.2641528843e-01 -5.3808383097e-01 8.1995508083e-02
-1.4645744438e-01 3.4135308126e-01 4.5947612994e-01 1.4177073824e-01 -4.0100929074e-01 1.3780011876e-02 -1.4182598890e-01 3.5057037465e-02 -2.8785751358e-01 -1.3666297068e-01 -8.2180647359e-02 7.7687303552e-02 6.2149208435e-02 -1.4451646896e-01 -7.4091193261e-02 1.6315678189e-01
5.9694818248e-02 1.3672142102e-01 6.3716568280e-02 4.0589180578e-02 -1.8621673021e-01 4.1887450795e-02 -1.0948220234e-01 -5.4469931232e-02 -1.2646387971e-01 -3.9499142498e-01 -9.2286002260e-02 1.5190775955e-01 -2.7747565637e-01 -7.6842340202e-02 -8.5765897683e-02 -2.0676839468e-01
4.9808063777e-02 9.0394817549e-02 2.1404421025e-01 -1.2744103578e-01 1.8238205302e-01 -1.3590784808e-01 5.7339963453e-02 3.5306560051e-01 4.8939944015e-01 1.7629210152e-01 2.3960552359e-01 -1.4490771592e-01 1.6726759473e-01 -1.6263767529e-01 -1.3093284783e-01 -4.1303857868e-01
9.4358659203e-02 3.5366524295e-01 -1.9002360806e-02 3.8248716157e-01 1.5944631033e-01 4.0411844766e-01 7.2315695190e-03 2.3813148321e-02 -6.0924667584e-02 8.9166776588e-02 1.0485726720e-01 2.2292795521e-01 -2.9415413073e-01 3.5606729522e-01 -6.1952619305e-03 -1.8336613801e-01
