-3.8436004052e-01
-2.7743103644e-01
-1.7981663881e-01
-6.4881688720e-01
-5.2442892378e-01
2.6737756770e-01
3.7617332782e-02
-5.5716694523e-01
2.3472277620e-01
-1.9542106855e+00
1.7044229697e+00
-9.3108253137e-01
3.5019949988e-01
1.4594510004e-01
-2.6959360794e-02
2.1739248604e-01
-1.2312312025e-01
-1.8133156193e-01
-1.9745824819e+00
-7.3193721833e-02
1.1939144124e+00
2.1884852290e-01
4.2789839204e-02
-1.7302057339e+00
-9.1284877471e-01
1.7395721735e+00
3.5593198110e-02
-4.4061185544e-01
2.0634257154e-01
-1.9385747867e+00
-6.6145325068e-02
-2.1724039713e-01
-1.2599534860e-01
-9.4797000172e-01
8.0335177599e-02
2.1151540758e-01
1.4362000152e+00
-4.6994077124e-01
-1.0433590427e+00
5.9282080246e-01
-3.1896552189e-01
-2.1397846698e-01
2.2396362911e-01
-3.6729297248e-01
1.4523393750e-01
1.7942088105e+00
-4.9227756553e-01
1.6197297734e+00
-4.6755013665e-01
-1.2602374638e+00
-4.0107482955e-01
3.5643972479e-01
4.1551299239e-01
2.5906651123e-01
6.7245435895e-02
-1.9350468174e+00
-4.2350695538e-01
2.5852178100e-01
1.4094461886e+00
3.5556318093e-01
-8.7905960691e-01
-1.6480957528e+00
7.9100762424e-01
-2.9554431006e-02
2.2554072933e+00
-3.0831929031e-01
4.2137356152e-01
8.7750991546e-01
-4.5172978969e-01
-4.2188284485e-01
-1.9894004986e-01
1.9384095165e-02
-1.6628974708e-01
4.7720709525e-02
-3.0442803191e-01
-2.9719078711e-01
-1.8627475322e-01
-7.5826760336e-02
-1.0502854011e-02
3.4743701051e-02
-2.5452984131e-01
-1.0984911676e+00
1.2208211644e+00
-2.9343883205e-01
2.7174310616e-01
2.2648375453e+00
9.6935171360e-02
-3.2015720287e-01
7.9980713175e-02
-8.8419495106e-01
-5.6823329301e-01
-8.8094616678e-02
8.6601462590e-01
8.2799482623e-01
1.8974614563e-01
8.1613782641e-01
-1.8818432336e+00
-5.8009242175e-02
6.5080800477e-01
-1.1952717223e-01
