-5.0947319296e-01
-6.5286728474e-01
-5.4071821960e-01
2.5503457458e+00
-8.3589810787e-01
-9.8161696496e-01
-2.1652687586e+00
5.2914570744e-01
-2.6527767505e-01
8.5763793907e-01
1.3674405635e+00
5.7597213807e-01
1.1415362933e+00
1.2568195911e+00
-1.6969750294e+00
8.5799828622e-01
8.3996182704e-01
-1.9661214044e-01
8.2331451946e-01
8.2776056903e-01
-3.3954702893e-01
-2.3381603994e+00
1.2700304881e+00
5.8134913068e-01
-6.0525755056e-01
-1.5213701065e+00
2.3862586646e+00
-1.2668784627e+00
-8.4596219965e-01
6.6444110241e-01
9.4819057285e-01
-1.7379050901e+00
-7.8661819578e-01
-2.8378354149e-01
3.5903123639e-01
-1.0480205149e+00
-4.4596036650e-01
-1.9835406220e-01
5.1178773020e-01
1.2455313530e+00
-1.3861127704e-01
7.9811653536e-01
-1.7670189549e+00
-1.0749622211e+00
-5.5075699180e-02
4.7339178388e-01
2.7096974596e-02
-3.2275216834e-01
8.5202250818e-01
-8.9755445728e-01
-1.0333354221e+00
6.7436018671e-01
-1.5968871708e+00
3.2102817551e-02
6.7220354422e-01
1.6522489592e+00
2.1506703441e-01
-1.1319837751e+00
1.1136450072e+00
-2.1208415906e-01
8.3736082654e-01
1.5093184140e+00
-9.3197152820e-01
6.0626075161e-01
-2.8339960655e-01
-4.3724787912e-01
-2.1992667973e-01
1.7280541533e+00
1.4820497865e+00
6.3049578437e-01
-1.4621853020e-01
-1.4655492043e+00
2.7658009949e-01
-5.3567809533e-02
-3.2839030746e-01
1.8475074444e-01
6.1096866323e-01
-3.9407291555e-03
-6.1346680589e-01
2.7087033533e-01
2.2314740474e-01
2.0414871386e-02
-1.3001851932e+00
-3.2021787336e-01
8.5319454173e-01
2.7920537844e-01
1.2457145154e+00
-1.2814437839e-01
4.4510623059e-01
7.3529344846e-01
2.6975995508e+00
-6.0744729643e-01
-3.7326632596e-01
1.2877912058e+00
-2.1395859714e+00
1.3238155259e+00
-3.3271946856e-01
9.6985494995e-01
-2.3448819228e-01
7.3555521994e-02
-8.5514836142e-01
4.0044829606e-01
-1.4902995154e+00
-2.6785990742e-02
1.3100507657e+00
-2.3300572385e+00
-1.3635351756e+00
-1.6417812887e-01
-2.5852392048e-01
-1.9278574765e+00
3.0314674507e+00
-1.9426128971e+00
-1.3850194622e+00
-3.2095453194e-01
-1.9448809917e+00
-1.0378121192e+00
1.0820667532e+00
4.2307747881e-02
-3.1516169915e-01
-7.9338471547e-01
-1.1757525319e+00
5.0228585093e-01
7.4303263767e-02
-7.8023330139e-01
-5.5153465192e-01
6.1583720629e-01
-4.6597606548e-01
1.8028144623e-02
-1.0608284149e+00
-2.6302823180e-01
1.0870196692e+00
1.0726230563e+00
1.3924493858e+00
-2.3646514718e-01
-2.0519550190e+00
-3.7128319625e-01
1.6125424783e+00
7.0037063024e-01
-7.6419329391e-02
6.3743410169e-01
-8.9516335888e-01
-1.2160145241e+00
-5.0349741031e-01
-3.8108761888e-01
7.9539101455e-02
9.1989361178e-01
-1.0403027140e+00
4.8822574005e-01
-1.1146067597e-02
-1.1638206383e-01
8.5159264870e-01
-8.5061681935e-01
3.0486210464e-02
3.1085675638e-01
9.1809638672e-01
-1.7991374327e+00
6.5108013614e-01
6.1216103827e-01
-7.3403735658e-01
7.9386444486e-01
1.2088916234e+00
-7.2454891732e-01
1.5771526675e-02
1.7783128722e+00
-1.8904926261e+00
4.2285778361e-01
-4.6629500011e-01
-1.5390084122e+00
-1.9211025509e+00
3.9749991642e-01
6.3246101968e-02
1.0250198678e+00
-1.5981523609e+00
1.1825842855e+00
-4.2716740647e-01
-7.8848805510e-01
-5.9491920703e-01
8.6731066458e-01
7.0952935724e-01
-2.2173419363e-01
1.0308897768e+00
1.2890379642e+00
1.5222397952e+00
9.4391953818e-01
9.7507223060e-02
-1.1414414042e-01
8.2882827433e-01
3.9537850231e-01
-1.1074490860e+00
-2.1184698534e-02
2.1429802541e+00
1.8395379566e+00
6.4749150039e-01
5.0052352610e-01
-7.5893516693e-01
1.5199618011e+00
1.1448208886e+00
1.1767125557e+00
1.0119279134e+00
-2.6225162877e-01
-1.6304159453e+00
8.1694395540e-01
5.9803049717e-01
1.1526983810e+00
-1.5962508011e+00
-4.0767528018e-01
2.2946480945e+00
-5.3677440398e-01
2.0933611813e-01
1.8961760403e+00
-1.3996576285e+00
1.1754320869e+00
3.6457986537e-01
7.8573612253e-01
-1.2102211865e+00
2.2423686097e+00
8.1711164407e-01
-9.8579299547e-01
-2.3298637965e+00
-2.6009756789e-01
4.1233326479e-01
1.2695538456e+00
1.4256549539e+00
6.5987333598e-01
-1.4383664448e-01
-3.3638036580e-01
-6.0124682011e-01
-1.0024663821e+00
7.5907069973e-01
4.5882827832e-01
5.7058736188e-01
-8.9849902826e-01
5.5284578445e-01
-4.4704492722e-01
-1.3267973133e-01
6.4541357937e-01
-1.1716666360e+00
1.4445780274e+00
-1.1075172857e+00
2.9002363235e-01
-1.6778755083e+00
-6.1900212856e-02
1.0116879284e-01
1.2190314473e+00
4.9125158281e-01
-1.8383023032e+00
-8.9801120809e-01
1.9444060072e+00
1.0370452166e+00
-5.4978906112e-01
9.6373770792e-01
3.3073612457e-01
-2.8300234985e-01
-7.7594314729e-01
-1.9503356993e+00
4.2108010186e-02
1.2249333219e+00
6.5475436367e-01
-1.5685153913e+00
-3.1311692775e+00
3.8533076586e-01
-1.7472719293e+00
4.0747399208e-02
6.0725078491e-01
7.0773541757e-01
-6.7530788892e-01
1.1859190527e+00
-1.8498598337e+00
3.7590664317e-01
5.9787787854e-01
-8.6857272687e-01
-7.0476766609e-01
-8.0653995580e-02
-5.4096953606e-02
5.4557532752e-01
8.8853837415e-01
8.4728839145e-01
7.6622261076e-01
-1.6613539908e+00
2.7475764217e-01
6.6903570229e-01
3.8069633570e-01
1.4300986120e+00
8.0398884912e-01
-3.5176484812e-01
-6.4131460444e-01
-8.0556594818e-01
1.8434189422e+00
4.4289492960e-01
-1.0422308917e+00
4.0263214188e-01
4.5148157937e-01
-8.0497538913e-01
-5.5152029279e-01
1.8973208469e+00
5.7714735926e-01
1.2133569601e+00
-1.2779026205e-01
6.0105110640e-01
-9.5470124638e-02
-1.5264694051e+00
-4.8586985962e-01
2.5003971599e-02
-7.1140590925e-01
-4.0780255629e-01
2.2916105724e-01
-2.0597505004e-02
9.7740008018e-01
-4.1975866674e-01
1.9986042535e-02
3.2230089380e-01
-1.8014548129e+00
-6.1302202384e-01
7.4392652475e-01
-3.0381476330e-01
-1.9897752951e-02
1.0854090469e+00
6.7023040633e-01
-6.7867145647e-01
4.5735745577e-01
4.5541530738e-01
1.4507243467e+00
1.7890959857e-01
-4.2028445539e-01
1.0071661877e+00
-1.2755019892e-01
7.4726509319e-01
-1.8271985605e+00
-1.2894400231e+00
7.7932715378e-01
5.6490114818e-01
7.6817428318e-01
-1.1712989919e+00
-1.6671933115e+00
-6.2172622166e-01
-4.9436579372e-01
6.9442212512e-01
-5.3816130780e-01
2.6159950024e-02
-8.2997532902e-01
5.4825536168e-01
4.1795171781e-01
8.1205684347e-02
-2.7982344274e-01
-1.3158142580e+00
3.4278655575e-01
-1.6457993589e+00
2.8172411679e-01
1.3577549334e-01
-1.4296488575e-01
