-1.0197916481e+00
-9.4588807693e-01
8.7424164516e-01
-9.3935058511e-01
-1.9268621901e+00
1.5106768314e+00
-1.4624935620e+00
1.6705114862e+00
2.1804789395e+00
6.8983168565e-01
-9.2391651406e-01
-1.8235205856e+00
2.1110284903e+00
8.6877172134e-01
-8.9568076366e-01
1.1352359543e+00
-9.2826856971e-01
-7.9684468867e-01
8.9052240702e-01
-9.4852314129e-01
-7.9657323502e-01
1.9824197823e+00
1.5457479101e+00
-8.3203639638e-01
-8.8937111446e-01
1.0251029892e+00
8.4924002261e-01
-1.1970709418e+00
-1.0551513737e+00
-1.8253802138e+00
1.7734117158e+00
8.7636426819e-01
1.8930105025e+00
1.4302368315e+00
9.0088246238e-01
-2.0665347037e+00
-1.6694433795e+00
-8.3037849815e-01
-1.5000141607e+00
1.7831645325e+00
-1.4564042509e+00
9.4062412015e-01
2.2509891757e+00
1.0078967704e+00
-1.8538470715e+00
-1.8410750796e+00
7.8482149954e-01
-1.8550874553e+00
-1.5977911066e+00
8.8159162362e-01
9.3573605455e-01
9.8844773992e-01
-7.6223501528e-01
1.9974074870e+00
8.2772873185e-01
-9.5702932260e-01
-2.1885445572e+00
-9.2175742704e-01
9.3109822378e-01
7.9242840574e-01
-9.1806060121e-01
-9.0634510497e-01
9.5142909669e-01
1.0513217463e+00
-2.1935551075e+00
-1.6900830952e+00
1.8444433211e+00
-1.9521734456e+00
-2.3495928228e+00
9.9266975350e-01
1.8241310500e+00
-1.5974926327e+00
1.6406850401e+00
1.8715464336e+00
-2.1477843212e+00
1.0081877976e+00
9.6786859815e-01
9.0092094949e-01
-2.0519610808e+00
-8.5907170476e-01
-6.2728109737e-01
-1.9254982593e+00
-7.9131781862e-01
-1.6637776334e+00
1.9026475242e+00
1.5753078143e+00
1.3403504326e+00
1.9231691856e+00
9.5612276487e-01
9.4030427557e-01
2.0043962565e+00
1.0128401753e+00
9.1470957060e-01
1.4945317303e+00
-1.8190702516e+00
2.1605917726e+00
-7.8930302923e-01
8.9073319045e-01
-1.6050499647e+00
-1.9841950860e+00
