3.2753829079e-02 3.6920358727e-02 -2.3891774868e-01 -5.0675482727e-01 1.4865981092e-01 -9.7008114514e-02 -2.0211518546e-01 -1.6784141648e-01 2.8992399265e-01 2.4388270301e-01 -5.5864876775e-02 7.5228233168e-02 1.0479626473e-01 -5.7231168813e-02 -3.4070556736e-01 -1.3847608675e-01 1.9361805830e-01 -1.5649044862e-01 5.6670506839e-01 -1.9277871667e-02 3.5232978944e-02 -1.3763646085e-01 -1.7837309016e-01 2.0017909622e-01
3.9614712150e-02 1.9091742055e-01 -2.7838406421e-02 1.5171383984e-01 3.1958838303e-01 3.4920697377e-01 -7.1810766410e-02 -1.2792993191e-01 -3.4097049433e-01 -4.3864876094e-02 -1.1281673584e-01 2.7521194014e-01 -4.8142800924e-01 -4.4917573526e-02 -2.2883228784e-01 -1.3496377581e-01 -1.8504549252e-01 7.3685624206e-02 -3.2611160536e-01 -2.2661277975e-03 -2.9931464691e-03 3.4268677763e-02 -2.2531062737e-01 1.7770025194e-01
4.6394447736e-01 -1.8719687929e-01 3.0490067995e-02 1.9245101396e-01 7.3274092194e-02 -2.3348281931e-01 -1.2026523262e-02 1.8405462367e-01 -1.8306881671e-01 -8.1700980859e-02 1.7381334274e-01 2.8582196986e-02 -9.8120683206e-02 1.7388593125e-01 2.1075136222e-01 -5.4794600799e-02 7.6967380611e-02 -1.1667268258e-01 1.6109986914e-01 1.1205281039e-01 1.8071872453e-01 4.3015868775e-02 -6.8864731829e-02 -1.5972852555e-02
6.1581135902e-02 -1.0048678495e-01 7.4590005638e-02 -1.0094375878e-01 -1.4869210048e-02 9.3931549723e-02 -2.4757012629e-01 3.8316207269e-02 6.8198310804e-02 5.4676293185e-02 -2.6449915507e-01 6.9439357535e-03 -2.9554784027e-01 1.2995402977e-01 2.1230165811e-01 -9.3813938111e-02 -1.2477634123e-01 -3.3729501136e-01 -1.4982059919e-01 -1.5517036088e-01 -1.3248932765e-01 -2.5882800019e-01 1.9480324403e-01 4.0974796455e-01
3.8762870819e-03 4.0463629425e-01 2.0146246350e-02 -7.9426361279e-02 -1.2227123931e-01 -3.8764519954e-01 2.5996900922e-01 6.8176096600e-02 -7.7959334242e-02 9.2037822726e-02 -2.4072939567e-02 3.5682984194e-01 1.8400583692e-01 3.6610580609e-01 -2.2075732178e-01 -2.6323669355e-01 -1.2123185675e-01 3.1281337554e-01 2.1322711440e-01 2.3564135070e-01 8.6273284565e-02 9.3679014081e-02 -2.5371066902e-01 4.3642060714e-02
-1.1527077767e-01 4.0622881374e-01 1.1973551482e-01 1.9735688749e-01 1.8911578866e-01 1.4607758189e-01 -1.2994776696e-01 -1.8551365695e-01 2.3646009672e-03 5.4288438812e-03 -1.8089700572e-01 -1.8498974183e-01 -1.8413218632e-01 -1.2298936646e-01 -2.0551092708e-02 2.7856354175e-01 1.8619067750e-01 4.1769643278e-02 3.1459251582e-01 1.2363780709e-01 5.6690381823e-02 4.8548344526e-01 -2.6508434042e-02 -1.5088413400e-01
4.4926997611e-02 -2.5986666087e-01 -4.4584607974e-01 1.9217561003e-01 5.9413368720e-01 -3.6076575000e-01 1.7312406793e-01 -1.3708820532e-01 9.4469294603e-02 -1.2172877260e-01 -2.4842767181e-02 -3.7520281458e-01 -2.9657218375e-02 9.5845865758e-02 -8.9839606898e-02 -2.2685744931e-03 -2.6935869725e-01 3.2487045730e-01 -3.5056090729e-01 4.2983360046e-01 -2.0997722193e-01 1.0206522442e-01 2.9614762348e-02 3.5028300559e-01
-1.9851614592e-01 -7.9507624045e-04 -9.3911563872e-02 -3.8558812883e-02 -1.0156020127e-01 2.6273861768e-01 3.2721976192e-01 -1.8032221673e-02 1.8032150095e-01 8.4400204375e-03 2.5683706185e-01 -2.1710480341e-01 2.5959443657e-01 -3.9919809891e-02 2.6750586196e-02 3.8774379543e-01 5.3436966644e-02 9.0249053966e-02 -2.4703808241e-01 3.7070819516e-01 1.7096290793e-01 -9.5394888245e-02 1.2442208746e-01 1.9222584554e-01
-2.3329806438e-01 1.5322216968e-01 -2.5103227471e-02 -9.2288633796e-03 2.1585651135e-02 -2.2527183208e-01 -3.0842597183e-03 7.3589345611e-02 -3.0719832719e-01 -7.0828743446e-02 5.3345939569e-02 -4.6297964748e-02 1.1920347322e-01 6.2343827168e-02 1.3969425388e-02 -1.9539504067e-01 2.3505272875e-01 -1.7678453253e-01 -4.0859394002e-01 1.8309537488e-01 1.5308443108e-01 1.2089005799e-01 3.6026537872e-02 1.2879541116e-01
9.7126894085e-02 1.7796322927e-01 6.9256755333e-02 -2.0684314638e-01 2.8907834185e-01 3.4674981779e-01 1.2460449019e-01 -7.0826269139e-02 2.7840747950e-01 -1.9754206840e-01 -6.1953972532e-03 -3.9812698972e-01 -1.9543737671e-01 -9.0909480114e-02 -1.8856470021e-01 -3.7035780214e-01 1.4399833400e-01 4.3843742846e-01 -9.9572516039e-02 3.3096358047e-01 1.2101930479e-01 -4.0947045788e-02 -2.9210299448e-01 -1.3244552835e-02
-8.2606590301e-02 -2.4794987252e-01 7.2982974745e-02 3.9991526173e-02 -1.9759714359e-01 -1.5422508253e-01 1.6794436277e-01 1.8670142828e-01 -2.2758499921e-01 1.1068785467e-01 -1.8470250945e-01 -2.8228276822e-01 2.2264554460e-01 -5.2938617089e-02 -2.3974788935e-01 2.8492406744e-01 -1.0370977937e-01 -3.0759408874e-01 -2.4540975621e-01 -1.3877855463e-01 2.0657789515e-01 1.0160140258e-01 2.4855303787e-01 3.7863314450e-01
-2.1232777136e-01 -1.1809290225e-01 7.7026676053e-02 -4.7794006792e-01 -4.6262314286e-01 3.3782707170e-01 -1.5580995600e-02 6.5033287507e-02 9.2647639189e-02 4.3022677042e-02 1.2417276367e-01 -1.6126498983e-01 -7.8566189650e-02 3.2821588922e-01 -3.5944064594e-01 -3.0918247571e-02 1.5272720017e-01 -5.4888458381e-02 -1.1690958658e-03 1.6799336083e-01 3.0840573215e-01 -1.1801675809e-01 4.8407080176e-02 2.5500619762e-01
1.2016754496e-01 5.7576894763e-02 1.6727514504e-02 1.0870302635e-01 3.0956845303e-01 -2.3435088179e-01 2.8558629709e-01 -8.9358025727e-02 2.5984441526e-01 3.9129943617e-02 -7.9347621122e-02 4.5881387030e-02 3.8693276889e-01 1.7445247591e-01 -7.9177556638e-02 3.5693596386e-02 1.3680752141e-01 -1.8952186963e-01 3.2995031112e-02 -4.3995278844e-02 1.2832065555e-01 1.1207297649e-02 -3.8841015159e-01 -2.4850551642e-01
1.8792487691e-01 7.0243058201e-02 -5.1702384420e-01 -1.8217823181e-01 1.5546954896e-02 -7.2487948553e-02 -1.7280429983e-01 1.5528887881e-01 -1.8988316043e-01 -1.9506605740e-01 3.5103293555e-02 -2.0220579744e-02 1.8175371871e-02 -1.8212884051e-01 1.0636147524e-01 -1.6852568980e-01 2.1149216505e-01 7.2359868475e-03 1.3480247386e-01 2.2489940138e-01 -1.1700799314e-02 9.1235695166e-02 -2.8037007521e-01 -1.8029759934e-01
-2.9197625277e-02 2.2466663907e-01 1.8974528948e-01 -1.5359159222e-01 -7.1348549795e-02 -4.2533763951e-02 1.6637772243e-01 5.1610077787e-02 4.1558539510e-01 -2.2048495873e-02 -8.1697413813e-02 1.4810393909e-01 1.5961077974e-01 1.3572053888e-03 -2.6571317657e-01 -7.8948294436e-02 2.0108003091e-02 2.4969677872e-01 3.8224309483e-01 3.9733349117e-01 2.0628131148e-01 4.0562017393e-01 -7.9572583893e-02 1.1294297308e-01
1.1263673952e-01 -1.1487874500e-01 -2.9156642877e-01 -8.7531692317e-02 -3.1455707873e-01 1.1366540837e-01 2.1427093111e-01 7.7113689396e-02 -1.8623421518e-01 -1.6607555853e-01 -5.4333966880e-03 2.3001882997e-01 1.9519764350e-01 3.8503337610e-01 2.2489808165e-01 2.4637410226e-01 -6.9358109330e-02 -1.3680625479e-01 4.6288175966e-02 -1.1246003160e-01 -2.2183055702e-02 -3.5244342514e-01 -8.5853119235e-02 3.1579949552e-01
4.8961933430e-03 -2.5184086369e-01 1.7710813406e-01 1.9456504896e-01 5.9229595997e-01 9.7054112085e-02 1.5881058105e-01 2.0888032152e-01 -2.8909939479e-01 -5.9809455951e-02 6.7230867723e-02 1.0160640091e-01 -2.7556810342e-01 -6.8826384385e-03 -5.8284143273e-02 1.8092764976e-01 2.0660405772e-01 -3.7812494320e-01 -8.3270561862e-02 4.6607927140e-02 -2.9205844815e-01 -1.1853989935e-01 8.2193305147e-02 -1.8903081969e-01
1.3754691326e-01 -1.7320260460e-01 2.5686520823e-01 -8.5996133248e-02 2.0442777140e-01 2.9077879774e-01 -2.3389132383e-01 1.2593631051e-01 -5.9896521242e-02 2.4366242199e-01 -1.0972517646e-01 -7.5674235079e-02 -4.1032388386e-02 2.9120716774e-01 2.4981126117e-01 1.7958953361e-01 1.9704802843e-01 -1.0075850778e-01 5.9770201878e-02 -1.4993384536e-01 1.0795050764e-01 2.2435512743e-01 -1.5372391534e-01 -1.5457402891e-01
1.6812498915e-01 -2.4020690638e-01 7.9379034481e-02 -4.4137117901e-01 -1.5935413927e-01 -3.2889181148e-01 1.9345101326e-01 -4.5430403905e-01 1.7486097048e-01 -1.1338112895e-01 -1.5046403973e-01 -7.1821049779e-02 2.3893541490e-01 -5.0043093931e-02 1.9658504584e-01 -2.1790480136e-02 -1.0008356867e-01 -1.2430861151e-01 9.1143379589e-02 -9.0786782589e-02 -3.1314781483e-02 1.9381085649e-02 -1.7428393939e-01 2.6747132715e-01
2.2969378954e-01 9.7596199183e-02 -2.3578922168e-01 1.1671394055e-01 -5.5777832447e-01 1.2791930996e-01 -2.8540790219e-01 -1.8583614229e-02 -8.0061426795e-02 -3.9091043824e-01 -9.4579655991e-02 -1.5579368852e-01 -3.4252414781e-01 1.2916929066e-01 1.2913087611e-01 1.7053588270e-01 -1.3409323179e-01 -3.1850489187e-01 -1.1706565635e-02 -1.7532092768e-01 6.2151092281e-02 4.0128359491e-01 -2.0858903370e-01 -3.8599716513e-02
-2.6011573606e-01 1.0371206026e-01 -1.9307054820e-01 1.7147448220e-01 1.0637797166e-01 -5.2604946693e-02 -1.5824617402e-01 -1.3013663897e-01 -3.2029249300e-01 7.4135954555e-03 -1.4675574051e-02 3.0980906964e-01 2.5753513784e-01 -8.9880818088e-02 -1.5972638824e-01 -1.0284046264e-01 -2.3195726469e-01 -1.8761282566e-01 -4.2517423321e-01 5.6757418426e-02 1.6708578867e-02 1.7461230994e-01 1.6455654610e-01 4.9811344564e-03
1.1613394948e-01 3.5660522379e-01 1.6164191371e-01 2.6212150114e-01 4.1787761076e-01 1.1551519794e-01 1.5625047568e-01 7.7492032845e-02 5.3259530850e-01 -5.5143580587e-02 3.8028708849e-01 6.6205445618e-03 -2.6564403348e-01 -1.7484670255e-01 -1.3870677443e-01 -1.7599825304e-01 -1.5821447652e-01 -8.1566506999e-02 -1.9780269547e-01 -2.7626537266e-01 2.7034243072e-01 -4.8912368016e-02 -1.4305942873e-01 3.8974555941e-03
4.7010574769e-01 1.4040069515e-01 6.9961133123e-02 1.7908777652e-01 -1.3040727916e-02 1.2053642322e-01 3.0212790752e-01 1.9678745307e-01 -1.5446603993e-01 3.4474153436e-01 1.2637200002e-01 9.2691776430e-02 -1.4399585537e-01 -1.0991481649e-01 8.8670404879e-02 1.1931184811e-01 1.6274071707e-01 -2.2980872185e-01 2.4634081755e-01 1.4162256943e-01 1.1179568654e-01 -2.7928177377e-01 -2.8868293476e-01 2.6313935701e-01
-9.1327075330e-02 2.5693689266e-01 1.9926607926e-01 -1.5346318462e-01 -1.6612499517e-02 -3.2887933183e-03 -7.8191706016e-03 -2.1418873898e-01 -5.0660309850e-01 -6.0948380818e-02 -1.8387166082e-01 1.0872250030e-02 9.7050905200e-02 1.0398193110e-01 5.5083726462e-03 2.7416058612e-01 -2.1507579819e-03 -2.1188739449e-01 2.6568543474e-01 6.7566651328e-02 -8.2733668006e-02 1.1341334597e-01 -8.4135035943e-02 -1.9058717571e-01
