3.3606369408e-01
6.5356390758e-01
7.0603804403e-01
3.9548438273e-01
-2.8863349109e-01
-6.9014907454e-01
7.5505790650e-01
-3.2613867216e-01
-4.3824493982e-01
1.3321006394e+00
-2.4680380471e-01
-3.7006641559e-01
3.4736109622e-01
4.7783671445e-01
1.7310884934e+00
-6.0424061589e-01
3.3295907515e-01
-1.5209018832e-02
7.1487991182e-01
-9.8349193320e-01
8.1797928073e-01
-8.4578133804e-02
5.2738000148e-01
2.7239982598e-02
-5.8196891996e-02
8.6921746895e-01
-2.6924212544e-01
5.7370223621e-01
1.1789985571e+00
-1.1422140614e+00
5.0906968640e-01
8.4440210377e-01
