6.7412739668e-01
2.4820922776e-01
5.4647777296e-02
3.1034773784e-01
9.0137380374e-01
-1.6417694862e+00
1.6490529611e-01
-1.1027694107e+00
3.9140339606e-01
-9.4429415585e-01
-6.2056359777e-01
-1.2582665330e+00
1.3191714553e+00
7.9697265628e-01
7.2994251492e-01
1.0266433382e+00
-7.8808620070e-01
-8.3011229176e-01
8.5323885726e-01
1.9955894093e+00
5.0747926815e-01
8.7485126299e-01
-1.0941489600e+00
2.3413863436e-01
1.5808573588e+00
1.5805986143e+00
-5.0630962981e-01
2.7452572489e-01
-3.7867692345e-02
1.7970169472e-01
-1.6887364682e+00
-1.2639723663e-01
