-1.9640108829e-01 -5.6465429718e-02 2.5865693940e-01 1.4197105757e-01 -2.3109576051e-02 2.8122181509e-01 2.1833201834e-01 -1.1728882817e-02 -7.6030357532e-02 -1.2706543858e-01 -1.6013099218e-01 -3.2801161726e-02 2.2225748656e-01 -7.5866919349e-02 2.0360005852e-01 1.4490775010e-01 1.6395477675e-01 2.9531421747e-02 1.9953407734e-01 -2.7938754808e-01 -2.1112723306e-01 -2.7600673639e-01 1.4001527839e-03 -2.5765333019e-01
-1.4130283804e-01 -2.7048917542e-01 -8.1111239864e-02 -2.5962059450e-01 2.6599335945e-02 -4.2188090208e-02 8.5120682968e-02 -2.2087476841e-01 4.2654738757e-01 -4.3802287546e-01 -7.8865319894e-02 -1.5317985000e-01 8.2776501222e-02 1.5688497777e-02 -2.7919050868e-01 6.3332989216e-01 5.7366310813e-02 1.0869731548e-01 2.2802415330e-02 -7.1479526668e-02 -4.1281311081e-01 3.2868085794e-01 1.0049499535e-01 4.6170357202e-02
-1.6788924124e-03 1.3636165031e-01 -2.6846766069e-02 -2.4912345186e-01 2.0774453103e-01 8.0875648783e-02 -2.0349689591e-01 -2.4092917226e-03 -2.5946374869e-01 -1.5268678010e-01 2.7293331740e-01 -2.0175676077e-01 7.0658052836e-02 -1.6945310732e-01 -2.2241060125e-01 -3.5935659578e-02 -4.0381234542e-02 -8.0842962349e-02 4.6876163889e-01 -3.0027253245e-01 -1.2059412647e-01 3.0696397771e-01 -1.4560775608e-01 2.4916620095e-01
-3.4578634164e-01 -1.4907554358e-01 2.3322040333e-01 1.0988262368e-02 5.8569587590e-02 -3.6145743542e-02 2.4718717298e-01 6.3819121445e-02 -6.2945519479e-02 -8.8903124596e-02 1.8588855556e-03 2.3372818708e-01 5.7294548006e-02 -6.9459799015e-02 1.0228308215e-02 -1.0760185326e-01 -1.2703585410e-01 -1.0080636458e-01 -1.3909580356e-01 -1.4572250475e-02 4.5151768082e-02 2.5221602443e-01 -7.5458711768e-02 -1.1257229933e-01
-2.3068814291e-02 -6.3305053142e-02 1.3007206318e-01 5.7658810046e-02 9.4971020335e-02 2.1611431669e-01 -3.6702321676e-02 1.5945725197e-01 2.0633509111e-01 4.6337597742e-02 1.0236114337e-02 -1.6918548385e-01 2.4303626920e-02 1.8307051119e-01 -1.0193977468e-01 8.8881242551e-02 2.5509183534e-01 1.7542400474e-01 1.0340828506e-01 -1.6266672171e-01 -6.0673600216e-02 -6.6301511793e-02 -5.2159134665e-02 -2.2659318006e-01
4.3895351643e-01 1.9149374957e-02 8.9415425840e-02 1.9926127671e-02 -2.8480877082e-01 -1.1869619866e-01 2.1918126499e-01 -9.7171465486e-02 7.8572674646e-02 2.6681633782e-01 -1.4236766115e-02 1.7254883715e-02 6.9982318776e-02 7.5499621636e-02 -2.6271131500e-01 2.2641138191e-01 -2.3481007932e-01 6.1210689556e-01 3.6905624916e-01 -5.0579911529e-01 1.1430985721e-02 2.8374704364e-01 2.8026161294e-01 -9.8819210532e-02
-8.3402447125e-02 -7.8288249426e-02 1.2915178338e-01 -1.0422633657e-01 1.6293073993e-01 1.1928856627e-01 -4.0602832513e-01 -9.8002578566e-02 1.6038148509e-02 -1.5907207120e-01 2.4130378428e-01 1.8984314883e-01 6.3703314025e-03 3.2000833396e-01 -1.8475601624e-01 1.6233686353e-01 -4.8799285451e-03 -9.3806163599e-02 1.4419512063e-01 -4.9236037531e-01 9.7485199111e-02 3.8538680126e-01 -5.8814939277e-02 -5.2672385603e-02
-3.7884737021e-01 -2.8099085365e-02 -1.6389378778e-01 2.0969841585e-01 -1.5062284459e-03 -1.2194172604e-01 -6.0001963967e-02 -2.0949365753e-01 -1.3861073835e-01 -3.9172252118e-02 8.6574692281e-02 -1.5052198059e-01 -1.9406132110e-01 3.8824801824e-01 -5.7785440599e-01 -1.0622315370e-01 -4.3332622047e-01 3.4672347482e-02 2.4258458640e-01 1.7544356692e-01 -1.8809473476e-02 -2.2208579975e-01 -3.2395591732e-02 -6.1020116776e-01
-7.5888728797e-02 -3.6535159363e-02 2.8435484977e-01 5.9951367100e-02 -2.0907231995e-01 5.9637969661e-02 6.6509081004e-01 -1.3991868389e-01 -9.6707070032e-02 2.4420183968e-01 2.6637837459e-02 3.9102292673e-01 -1.9334539539e-01 -1.0082627662e-01 1.7240239389e-01 5.0522755155e-02 3.4315403186e-02 1.3908200614e-01 1.2172975742e-01 1.9553792375e-01 1.0729380330e-01 -2.6834811799e-02 8.0932557222e-02 -4.0206947246e-01
-1.9070332305e-01 4.7382815268e-01 8.2210545151e-02 4.6454344131e-01 3.3935568566e-01 -4.3966652051e-01 5.3288124414e-02 8.1832579192e-02 -3.5548845438e-02 5.1707048277e-02 -2.1051307254e-01 -4.1925421117e-02 2.0919282390e-01 1.6730894322e-01 1.9142208158e-02 2.9225754420e-02 -3.1485181526e-02 -1.5533908610e-01 1.4972796753e-01 1.0884868888e-01 -2.7034978479e-02 2.7681436570e-01 -8.2736928765e-02 -2.3259130164e-01
-4.0790594362e-02 1.8717672557e-01 1.6773299528e-01 8.8873707598e-02 -1.6297639145e-01 -1.0608300383e-01 2.5972804793e-01 7.8759238062e-02 3.9206175685e-02 2.8967355008e-01 1.0164337043e-01 2.0825211435e-01 2.5149131169e-02 4.8489607645e-01 -4.2647532935e-02 -2.0649194342e-01 -3.6294215100e-01 1.6630124465e-01 -1.6037552019e-01 -3.3195633143e-01 1.7762550711e-01 4.6690213303e-02 1.1604770349e-01 -2.6047566519e-01
3.6400614359e-01 -2.2695336765e-01 3.3731707719e-01 3.2919513103e-01 1.1038534966e-01 1.0751371509e-01 -1.1408502514e-01 -1.0305770842e-03 -1.9634228599e-01 9.0264024235e-02 -2.4011149133e-02 -1.2396514121e-01 -5.2331912301e-02 2.2075060533e-02 1.4489231887e-01 -2.1363123244e-01 -6.9032713363e-02 2.0289023618e-01 -3.2605832532e-01 2.5691950183e-01 -2.5746913889e-01 8.2664310316e-02 -2.6215042433e-02 1.4863006639e-01
2.1072536388e-01 9.4132750672e-02 5.8654570462e-01 2.5618691750e-02 3.2404684574e-01 -1.9426890951e-02 4.5203614248e-01 -6.3842402504e-02 -2.5684657137e-01 -6.5459854206e-02 -3.9854333556e-01 -1.7141008851e-01 2.7937740070e-01 -1.8498103370e-01 -2.9646759602e-02 2.7260784338e-01 9.2797687347e-02 2.2991476368e-01 -6.3182864278e-02 -2.2145065727e-01 6.6487167797e-02 3.7253041741e-01 1.8405776764e-01 9.0369303700e-02
-1.9841861785e-01 -1.4092323158e-01 2.7822769724e-01 -6.1007898039e-03 1.8365735736e-01 1.4870128796e-02 1.9894003245e-03 6.8722897772e-02 -1.7091752516e-01 -4.6955192538e-01 -2.7444444306e-02 2.1877532825e-02 1.0254740320e-01 -2.0380880681e-01 -1.4606095303e-01 1.2678091569e-01 6.6407707483e-02 6.9570108802e-02 -5.2030034651e-02 -2.7602793027e-01 3.3029731749e-01 1.6405240608e-01 -4.2998430379e-02 5.8331198633e-02
-2.5523633370e-01 2.5787920658e-01 6.2404796407e-02 -2.2669677375e-01 -1.1903227823e-02 -8.7971618283e-02 -1.9568725893e-01 -2.0709575247e-01 -2.0137646337e-01 2.2550249576e-01 1.8263351477e-01 -1.9220336450e-01 -3.8912427779e-02 7.6816810325e-02 2.3654650533e-01 2.1061638102e-01 -4.4526101211e-01 -1.1232940011e-01 -6.7875676307e-02 1.7037410114e-01 -9.7991880059e-02 7.6533423474e-03 8.1715237321e-02 -2.1056034096e-01
-2.4787190420e-02 -3.3819726754e-01 -5.0697945143e-02 2.9550451143e-02 1.0562491166e-01 -2.8793528395e-01 -2.8592077270e-02 -4.2207112765e-02 -5.3296622794e-02 -6.4950303063e-02 -4.7878975954e-01 -2.0473343493e-01 4.0526151624e-02 -8.6112426983e-02 1.6969151582e-01 -1.4475862011e-01 2.3729689154e-01 2.8495334650e-01 -1.8398112787e-01 -1.0797003463e-01 6.2584840024e-02 -1.3167895180e-02 -1.2462529930e-01 3.4731952356e-01
1.3554060804e-01 5.7994868504e-02 -8.6306904455e-02 -2.3345487767e-01 3.8784342025e-02 1.4193707662e-01 3.2509273350e-01 1.2425331224e-01 -2.2081484624e-01 3.1236726369e-01 7.8093295710e-02 1.8187201140e-01 -8.6855441584e-02 -4.9527751965e-02 1.7357476087e-01 4.2676848733e-02 3.3459970171e-02 1.3138743102e-01 1.1417466401e-01 -1.0054292675e-01 -1.2017666720e-01 -1.2772883416e-01 3.4422710707e-01 1.2641766204e-01
2.3940623864e-01 5.1064573117e-02 -2.7867382713e-02 1.2086556189e-01 1.1857598077e-02 1.1123851946e-01 4.0921658185e-02 4.6488539603e-01 5.7229964737e-02 3.2384643288e-01 3.4613568697e-01 -8.0226170795e-02 -4.4737252705e-02 4.7192816958e-01 2.7060454066e-01 3.8947749252e-02 9.7797298326e-03 1.0427166548e-01 1.9757669118e-01 -3.3528688855e-03 -4.7650840211e-02 -6.0794650783e-02 3.4165255617e-02 2.4000503233e-01
-3.0711972982e-01 -2.8323600516e-01 -2.2954319745e-02 -8.0277885866e-02 -1.6095032496e-01 -1.3683701403e-01 1.3198112709e-01 4.9334675556e-01 -2.9591744115e-01 2.4729577376e-01 2.3420749458e-01 -4.0117087242e-02 -2.3404896636e-01 -2.1005797785e-01 3.1496612248e-01 1.2269291546e-01 7.4190414152e-02 -2.0379749628e-01 2.3070221425e-01 1.5217870973e-01 5.3069112893e-01 -4.7425037509e-02 -3.4345805601e-01 -6.5341655415e-02
-2.4691416508e-01 -8.2198053273e-03 1.3425475407e-01 -2.9709915938e-02 3.6625577529e-01 -3.6067521791e-01 5.4173122516e-01 8.7116829292e-02 -1.8358957102e-01 6.1668973752e-02 1.1650995013e-01 -2.6079576813e-01 1.7882829435e-01 -5.3879860080e-02 -2.1437765836e-01 -5.6675309424e-02 -1.9063324874e-02 -2.2522388725e-01 1.3332162343e-01 2.7339872573e-01 3.6362844415e-02 -6.0929066491e-02 3.0071816519e-01 1.2244062142e-01
1.1001502064e-01 1.5718366134e-01 -3.0793529548e-01 1.8270525533e-01 1.8368885725e-01 -1.4382075271e-01 7.9074081369e-02 2.1791686011e-01 1.8004980175e-02 -1.3189277215e-01 -3.0384838999e-01 2.0754935398e-01 2.5127127831e-01 -7.4072294522e-02 8.0425895310e-02 -8.0898877389e-02 -3.9361801332e-01 2.9211187665e-01 3.5905956638e-01 -7.0122463677e-02 -8.2995775271e-02 -1.5905363571e-01 -4.1732586549e-01 8.0883309009e-02
1.5401253479e-01 2.6591282884e-01 -1.0784302135e-01 2.1134258394e-01 9.3126020593e-03 1.3353990604e-01 -6.6361309153e-02 3.0882617575e-01 1.7316248237e-01 -3.8372437531e-01 1.5374847265e-01 4.7723246663e-02 1.6852642950e-01 -3.3043773737e-02 -2.9473528472e-02 2.5336486721e-01 -1.8448884185e-01 1.1964280113e-01 8.6848437099e-02 4.5903430647e-01 -2.5310486094e-02 2.6239230946e-01 -1.8610229803e-01 -2.0259934107e-01
-2.3581283677e-02 -2.4854564494e-02 1.2831788973e-02 2.6831062783e-01 -9.4383292571e-02 -2.6668624645e-01 -6.3144849330e-02 -1.6713856623e-01 1.0048030136e-01 2.7077172886e-01 2.4396796259e-01 1.9541717661e-01 1.0494980080e-01 -1.2204681880e-01 -3.1100838002e-01 -1.2677405386e-01 6.5551385910e-02 5.3671661549e-02 2.1275878570e-01 1.8841265792e-01 9.4638380431e-03 2.6406315940e-01 1.7111928229e-01 1.6154796014e-01
1.1716006487e-01 1.1748101517e-03 -1.7235203722e-01 -1.0700213629e-01 4.0198373984e-02 1.2494141583e-02 -2.6186421295e-01 -1.3974762005e-01 2.3601176128e-01 6.3797633427e-02 2.0732184149e-01 -4.0915543238e-01 -3.6118275254e-02 1.3754437117e-01 -1.1358159597e-01 2.2130447163e-01 3.1786859791e-02 1.8410988106e-02 2.9315829965e-01 1.7698494580e-01 3.6758449083e-01 -1.8273426789e-01 -2.0783601509e-01 -3.6074079556e-01
