-1.9393589206e-01 -1.0907052479e-01 -1.2264520703e-02 -4.5327083818e-02 -3.9505344336e-01 -4.8700624453e-01 -4.9473129163e-02 -2.2155896351e-01 -2.3706460127e-01 -4.0611135491e-03 1.4863088374e-01 7.6763220875e-02 1.6928180016e-01 -1.1123747256e-01 -4.9007891475e-01 2.0611031906e-01 -4.0128817251e-01 2.6729653008e-01 -9.2190372844e-02 3.2084072234e-01 -1.7444501196e-01 6.5148932300e-02 1.1729258386e-01 -1.4764546401e-02
1.5417012542e-01 3.9310904518e-02 3.0350835423e-01 -1.1648094505e-01 -1.6707095483e-01 2.2529522267e-01 -4.0658744411e-01 -1.6552626193e-01 5.7730779902e-02 -1.6003978187e-01 1.4458031558e-01 -2.1270281928e-01 1.9396876631e-01 -4.7168365002e-01 -2.2860064416e-01 2.8948605301e-02 3.2052952986e-03 -1.2746630622e-01 1.4227513822e-01 -2.1318708135e-01 7.9987608919e-02 -1.9195103035e-01 2.9629477938e-02 2.3268409759e-01
-7.7429139977e-02 1.9119045797e-01 2.5831655243e-01 -2.2920779163e-01 -6.0628038503e-01 -7.5269676276e-03 8.9062563048e-02 1.2757136246e-01 -2.5231879444e-02 1.0851866883e-01 -1.3619527932e-01 2.5071624030e-01 4.5559045517e-02 -2.1707800513e-01 1.8276817027e-01 -1.6170720386e-03 1.2722958772e-01 1.0950175576e-02 -6.0998414267e-02 -1.3230357669e-01 4.7710902129e-01 -1.0090718797e-01 -2.0424095054e-01 -1.8523341034e-01
-2.1710427245e-01 4.4298745702e-02 5.6999037040e-02 -1.6834128575e-01 -5.2068457628e-03 -1.8025362036e-01 1.3718759481e-01 6.0471799319e-02 2.8218093742e-01 1.7353213963e-01 1.5987565647e-01 1.3313647305e-01 -2.2824869536e-01 -9.0165426261e-02 3.4163529731e-01 -1.2463732670e-02 -2.8824117795e-01 -1.9119297529e-01 2.6632231666e-01 2.6070159333e-02 2.3671413409e-01 5.6433479510e-02 -1.9251353049e-02 1.5932726774e-02
-4.0576130644e-03 4.6951002559e-01 1.3813932060e-01 4.7810628808e-02 -8.7126663731e-02 -2.1593725135e-01 -1.9048778207e-01 3.7413504955e-02 -3.1475739142e-02 1.0460138947e-02 -1.1906114050e-01 -2.5397286675e-02 9.2498881178e-02 -3.5800210696e-01 8.0601575925e-02 -4.3029942040e-02 2.8456725108e-01 3.2371423102e-01 3.6461830919e-01 -1.5698796973e-01 -1.2331839105e-03 2.4344954934e-01 -1.9823505562e-01 1.4103151296e-01
2.3566316068e-01 4.0435365257e-01 3.1678560698e-03 -1.1478330387e-01 2.1588625065e-01 1.2668718917e-01 -1.6576197586e-01 8.0660596168e-02 -2.1175008026e-01 9.8302768396e-02 3.5085482575e-01 -1.9136774305e-01 6.9736911983e-01 -4.9974722107e-02 -1.5493934566e-01 -2.0981203108e-01 1.0002031026e-02 -9.6667959774e-02 -2.3996952157e-02 2.0764169304e-01 -2.8266763917e-01 -1.1002381704e-01 7.1663036605e-02 -2.6768618399e-01
-2.5877893893e-02 2.5993332306e-01 2.3166678143e-01 -8.7185924568e-02 -3.4381959839e-01 -2.7305569053e-01 -2.3403581303e-03 -2.3387449395e-01 1.7876016679e-02 6.4224630495e-02 3.4519304221e-01 -5.2903062250e-03 2.9843007522e-01 -3.6292585868e-01 -6.4884134752e-02 1.2161064733e-01 1.5958776632e-01 -2.4738743596e-01 6.6914214362e-02 -6.7898397678e-01 -1.6980280141e-01 2.0404816910e-01 -2.5303711949e-01 2.8107985757e-02
-4.4911752155e-02 -2.3454079437e-01 -8.8920551019e-02 2.8556322316e-01 -1.4163791958e-01 -2.1542742088e-02 5.4016211543e-03 -2.1276834280e-02 -1.6351288151e-01 1.1120850786e-02 -2.0543549847e-01 3.7158300103e-01 -1.6880141315e-01 -1.9658645823e-02 1.2262038639e-02 -1.7876973521e-01 6.0908458453e-02 -6.0430834239e-02 8.6458977221e-02 1.5488587863e-02 -2.0105757111e-01 1.3755736973e-01 1.0512981945e-01 -9.7628676039e-02
-4.6317987894e-01 -3.4163761079e-01 -9.7594268332e-02 3.1426722533e-01 -5.0271636261e-01 -6.4222942051e-02 -2.8148841508e-01 1.9977295767e-02 1.4634258789e-01 -1.5228148863e-01 9.5428398132e-02 -7.3166135295e-02 -1.9403875452e-01 -2.8772376569e-01 -1.9034925281e-02 -6.4372912451e-02 -2.2925016441e-01 3.5809980906e-01 -1.7977264900e-01 2.7036570857e-02 -4.9723113292e-01 4.3298443961e-01 3.6933024028e-01 -2.9223805259e-01
-3.5501989924e-02 -3.5630407062e-03 -3.4733850653e-01 -2.3494626072e-01 -2.3666171993e-01 9.6585252570e-02 1.7332582737e-01 -1.4704662159e-01 -3.1655498457e-01 3.3593417110e-02 -2.3396920320e-01 -3.4715626204e-01 -3.6580911852e-02 -3.0311616010e-01 -2.7323211205e-01 -1.6224214467e-01 -2.6328391158e-01 -2.8778428266e-01 -3.8435753312e-01 -4.0918325662e-02 -1.8443396339e-01 1.3648761871e-01 -1.6557271428e-01 1.6272311544e-01
-7.0110845532e-03 1.7343730536e-02 -4.7309377804e-01 -1.8372186043e-01 3.1981851811e-01 1.1496855324e-02 -2.2528421511e-01 4.1471783702e-02 -3.9209885691e-01 4.0572942997e-01 2.4077557467e-01 2.1361372674e-02 -1.9435942713e-01 8.8252083862e-02 2.5395115295e-01 -1.1673825768e-01 3.9515626751e-01 -3.4233283259e-02 -2.5145786299e-02 -2.6235451313e-01 -6.0933742861e-03 -4.8325527965e-01 -9.2811369596e-02 -2.0891187487e-01
2.0611425551e-01 1.2618383395e-02 4.3017394799e-01 -3.8077448255e-01 5.4411733437e-03 8.7199283810e-02 -9.1803505116e-02 -2.3571530731e-01 -2.0223797968e-01 2.2391498775e-01 -9.0666165208e-02 -3.8730341425e-01 1.6846175313e-01 -5.2861743896e-02 9.0418421465e-02 -4.5143506395e-02 -1.7737918919e-02 2.5987926381e-01 -4.0710459924e-03 -9.4654102682e-02 2.3794105785e-01 -8.1426293455e-02 -8.2279229685e-02 1.1086773752e-01
-6.5643645509e-02 4.7072090241e-02 3.0556623409e-01 5.2965250324e-02 -2.9918935297e-01 -9.4697541739e-02 6.8336774106e-02 -9.1059721118e-02 3.0932699947e-01 3.6760245366e-01 -2.8290953910e-01 -3.9560362010e-02 -1.2053317099e-01 2.6133526250e-04 -5.6809225734e-02 -1.8757314006e-01 -2.7709602798e-01 1.7602058721e-01 7.7835346326e-02 1.7837873501e-01 -4.8361079645e-01 1.8433648474e-01 -1.9883173450e-01 1.7796490846e-02
1.0327893555e-02 4.7789588747e-02 1.2941681601e-01 2.3137887346e-01 -3.4432244637e-01 -2.9200496295e-01 6.0985215090e-02 -1.2878237215e-01 -4.2788515337e-01 -1.7665216088e-01 1.0414030313e-01 4.8582779960e-02 2.1217020193e-02 1.8115449739e-01 1.8488920138e-02 -1.3295481020e-01 3.1378450518e-01 7.8064941760e-03 -1.9777234436e-03 5.7570881027e-02 2.6974054899e-03 -6.0215928844e-02 -1.1672160631e-01 -9.5210827783e-02
-1.7632647775e-01 -2.2458117482e-01 -2.0311444011e-01 4.0455011450e-02 1.5424898702e-01 -2.2684630340e-01 1.5922808150e-01 3.1053250132e-01 2.7722434958e-02 3.2121115258e-01 3.3573932253e-01 -6.9924383944e-02 9.0051690004e-02 -3.3964401537e-02 -4.3769857420e-03 9.9845548146e-02 -5.0471700608e-01 7.3457275670e-02 -2.1757109641e-01 3.7740830129e-02 -1.0255220991e-02 -1.2657407145e-01 -2.0236019930e-01 -4.6402008069e-02
-3.2705633515e-01 -1.7440560192e-01 -5.9628072768e-02 1.6450321490e-02 3.0259249106e-01 -1.8021902050e-02 -6.8586662905e-02 -1.2156541706e-01 -4.3736850781e-02 2.5424925637e-01 8.6195170004e-02 3.6578120140e-01 -1.0618469514e-01 1.2733035216e-01 -4.5101161105e-02 4.0338464198e-03 -4.2707051319e-02 -4.0547161216e-01 8.1050273615e-02 -2.2197529130e-01 -1.0844130622e-01 2.8567256148e-01 -4.0672391420e-02 4.7925564839e-02
2.9046894502e-02 -3.4228042714e-01 1.1134867491e-01 -1.7187683812e-01 1.7326577561e-01 -1.7013979380e-01 -3.3372233265e-02 7.0886534819e-03 6.7901609962e-02 -1.3413795888e-01 -9.1091607163e-02 -2.2032895487e-01 -7.0685312954e-02 -9.3757516296e-02 1.4723663619e-01 1.8930380923e-01 -2.1250392968e-01 -2.9670463614e-02 2.4965443052e-01 -4.7098703626e-03 -2.3222130412e-01 -1.8530550461e-01 -4.4670861122e-02 1.8318043285e-01
-1.3070233510e-01 -1.9171541533e-01 -9.0864547755e-02 3.7638693479e-02 7.7151909943e-02 2.7070303992e-01 2.5107653863e-01 -5.6149527675e-02 9.5655648428e-02 2.3302957291e-01 -2.5387233831e-02 4.1858169044e-01 2.2089940292e-01 3.7101697773e-01 -1.7738762574e-01 2.9122614328e-01 3.3531407824e-01 9.0843029543e-02 -1.6365930712e-01 8.0152388554e-02 -8.1334935132e-04 1.3673991096e-01 1.4833288752e-01 -1.2409208310e-01
4.4986561697e-01 6.2046669310e-02 3.5665333292e-01 -2.9937485321e-02 -1.7895039134e-01 -9.8690016930e-02 2.1968375069e-01 2.5070758635e-02 2.9183096610e-01 2.1613956744e-01 4.8712955604e-02 6.1474778897e-02 6.7750600923e-02 5.1960772285e-02 1.8182267300e-01 -4.8660430432e-03 1.6163469696e-02 5.2634078521e-02 9.0352185973e-02 -3.9097939929e-01 1.1727510025e-01 -4.4767664954e-01 -2.2220764999e-02 -2.2431641685e-01
-2.0624554546e-02 -1.0156747976e-01 3.6980944861e-02 4.8145729647e-02 -1.5437961631e-01 -2.2508742673e-01 -3.8145034840e-01 8.1963855301e-03 1.5546977092e-01 3.4863937512e-01 -7.6481561462e-02 1.4585801406e-01 2.7172696681e-01 -3.8607456413e-01 8.0316399051e-02 -5.5438299881e-02 -2.1836157353e-01 -5.6635725759e-03 4.2726124342e-02 -4.4420773438e-02 -7.6953194924e-02 1.1495232233e-01 -1.1801248553e-01 4.1074998886e-01
3.6432442396e-01 3.2327527525e-01 1.7273766349e-01 -1.4909122520e-01 -2.2020869324e-02 -1.0503258709e-01 -6.1870753233e-02 2.2824954137e-01 -2.1764368442e-03 1.4915576859e-01 -1.1268782088e-01 -9.4039270350e-02 2.1370776161e-01 -1.0439966322e-01 -2.2655730776e-01 -3.3457162746e-02 2.7713563563e-01 2.4577430074e-01 -3.5476658558e-01 -2.2020469551e-01 -1.1663430614e-02 -2.8291900370e-01 2.5436168422e-03 -3.8513527871e-02
1.1321205899e-01 -3.5004261894e-01 1.3722007143e-01 2.6272324036e-02 -1.2048134374e-01 2.2288886448e-02 -7.7849523111e-02 2.4140550694e-02 3.7267030280e-03 1.3539326973e-01 -2.7385240122e-01 -7.2276755927e-02 1.4581596929e-01 2.4054092506e-01 -9.0144190969e-02 -1.1540342590e-01 7.4405204728e-02 -6.8307997752e-02 -3.7439907477e-01 6.7932446419e-02 3.1364537777e-01 2.2010252546e-01 -2.5323939622e-01 -1.3397900813e-01
1.8660140014e-01 -1.7492921271e-01 8.0697468671e-02 4.4234845767e-01 8.0553139060e-02 1.2422391164e-01 1.2858352626e-01 -3.8400407617e-01 -3.2094165709e-01 -2.4371136840e-01 3.5140100361e-01 -4.3829703139e-02 -8.7402769433e-02 -5.7249943368e-02 -7.4241038035e-02 2.8839816671e-01 -1.5819273935e-01 -3.9963649217e-02 3.7250541266e-01 1.7669477737e-02 -8.9916371104e-02 1.2185786216e-01 -3.9860643169e-02 2.0590577404e-01
-2.3105324521e-01 2.1728560159e-01 -5.8759872187e-02 1.0138352280e-01 1.8080851095e-01 3.9566256287e-02 3.2323926232e-01 -3.4955894456e-02 1.3182337708e-01 5.0789216321e-02 -1.9613353334e-01 -1.5833382650e-01 1.0803897894e-01 -1.2716729631e-01 -5.5646575734e-02 -4.5259166325e-01 2.4564704970e-01 -1.5002251160e-01 -2.6503700182e-01 1.2841298581e-02 2.6195472888e-01 -2.2888433695e-02 -1.6650214087e-01 3.6596286067e-01
