-3.9578398813e-01 2.7243002787e-01 -3.5434838227e-01 -2.2677689411e-01 1.5022302651e-02 -8.5846118684e-02 -5.9706622378e-02 -2.7359512698e-01 3.5821310599e-01 -1.5588332451e-01 -1.4674727788e-01 1.4599764640e-01 -3.5223545607e-02 -1.4233705368e-01 -1.2240667229e-01 7.5821352384e-02
5.2178121180e-01 -9.9915940942e-02 1.4088438396e-01 3.4929144698e-01 2.1725481526e-01 1.3765411952e-02 -4.0767483722e-02 1.6605193017e-01 -4.7757757445e-01 -2.6148395980e-01 1.3888277785e-02 -2.2107956898e-01 3.3492290325e-02 6.2931435575e-02 -5.1801987451e-02 2.2730533258e-01
1.5597714475e-01 1.3209656707e-01 1.6363159824e-01 -5.1223824431e-01 1.9868093861e-01 2.5962449587e-01 3.4412097095e-01 2.1107526762e-01 -9.7395335759e-03 -3.5611439537e-01 -2.3172671242e-01 1.1842485403e-01 -1.3045784374e-01 -1.0455345420e-01 2.5265153128e-01 8.7502795171e-02
2.1305338551e-01 4.1951387142e-02 3.5471036543e-02 1.4258917514e-01 -1.0241105701e-01 -8.6349435396e-02 6.6102885793e-02 3.4408440659e-01 -2.6548656387e-01 -1.7202710660e-01 -1.6574715064e-01 -4.2350309787e-01 -5.6671064325e-02 -3.0919177405e-01 1.7922792847e-01 4.4603766320e-02
4.8194582706e-01 9.4248024545e-02 -1.8895963487e-01 -6.4191076237e-02 -7.3739628755e-02 -2.4659518557e-01 -6.6000130051e-02 1.4524669352e-01 -3.6950876319e-04 5.1168228243e-01 -1.1689119192e-01 1.0095073840e-01 3.5910103081e-01 1.0002838219e-01 1.8569196685e-01 8.1685717983e-02
2.3433516137e-01 3.9201580571e-01 7.1865708635e-02 3.4765298059e-01 3.1403526658e-01 3.6530858637e-02 -2.7702672571e-01 2.5355646928e-01 2.8139910432e-01 4.0189843153e-01 -8.9407349748e-02 -1.1506865311e-01 -4.7372703090e-01 7.7102675059e-02 4.6448090202e-02 -4.0614747456e-01
-1.6231822856e-01 7.8620373393e-02 -2.6332420491e-01 1.6265287228e-01 -1.0643569362e-01 -2.1996286894e-02 -2.4557818038e-02 1.0897438626e-01 -4.8081974674e-01 3.2361633387e-01 1.2405452675e-01 -1.8116883460e-01 -2.0732793454e-01 5.7792300441e-01 -1.3938732479e-01 5.2580297764e-03
-1.7449636935e-01 -2.9839468830e-01 7.9404800421e-02 1.7711572636e-01 -5.7193005214e-02 5.5171677269e-01 1.3160200840e-01 -2.8729165845e-01 -2.6924744419e-01 -1.2195045945e-02 -3.8699350759e-01 1.8716764138e-01 3.4715500388e-02 -3.6463227564e-01 7.6769493407e-02 -2.6807644438e-01
-1.4243256212e-01 -1.8815896445e-01 -2.4067709945e-02 6.9234858540e-02 -2.1246492548e-01 -3.2262925505e-01 -2.5370676690e-01 -1.8129295069e-01 -1.2551890379e-01 6.0044419045e-01 4.4512369067e-01 1.7532169052e-01 -2.0416444727e-02 -3.4178508087e-04 -1.3628483448e-01 -3.4653251392e-01
9.9168886929e-02 6.2453037608e-03 -2.0231714322e-01 5.1970716194e-01 -2.2962985814e-02 -6.1483777923e-02 2.1799503848e-01 -4.4529929369e-01 3.2698386088e-02 4.1180206487e-01 2.3565159565e-01 1.6884225900e-01 -2.3782942142e-02 4.8091122401e-02 2.0216454834e-02 2.3126891151e-01
-3.1691082820e-01 1.8742070507e-01 -8.4925512331e-03 2.1932249153e-01 3.0204677912e-01 1.7772354334e-01 4.2689682184e-02 2.2869911301e-01 8.3640424835e-02 -1.8912667417e-01 -3.4022451872e-01 -2.1109721563e-01 1.1740879042e-01 -1.7425803447e-01 -4.0986113384e-02 3.0588031872e-02
-8.4680143255e-02 -4.4978525311e-02 -5.1398637952e-01 1.1971988137e-01 -5.7057443781e-01 -2.7938817632e-01 -2.1558905865e-01 -2.7293441585e-02 1.3633822319e-02 -2.8656319052e-01 4.3968555073e-02 2.9769639275e-01 -3.6847942502e-03 2.3210770618e-01 4.8767929190e-01 1.6848999321e-02
3.6245301004e-01 1.5911524849e-01 -4.8765194834e-02 1.0852219619e-01 -4.2928711021e-01 -6.6987139835e-01 -7.5581271630e-02 2.6644718536e-01 2.2765658854e-01 -1.5272336739e-01 -2.1217506078e-01 -2.5600667345e-02 -1.0123006807e-03 4.7113520299e-01 -5.5120176404e-02 -2.9557935000e-01
2.9329983739e-01 -2.2409522419e-01 -1.3058329405e-02 -1.0499140878e-01 1.4723771370e-01 -3.5159976698e-02 2.4447504019e-01 7.4807669348e-02 -1.4488314086e-01 -1.0158473753e-01 1.3086701512e-01 -9.0668664185e-02 3.1996407302e-01 3.2705003210e-01 4.8954461118e-02 1.6248213071e-01
-3.7207930762e-01 -9.0497756226e-03 -3.4368249067e-01 -1.8339066084e-01 -5.7491799747e-02 5.5501215380e-01 -1.1338145534e-01 -2.7404539504e-01 -5.5351575201e-02 2.7841680844e-01 1.0789193847e-01 -2.8657789923e-02 4.4400588143e-01 -3.1288407531e-02 -4.7614148163e-01 9.7934917612e-02
2.5300141913e-01 -5.1085607183e-01 9.2923389934e-03 -9.0823785009e-02 4.0116243820e-01 -3.2153600590e-01 4.6498330369e-01 -4.2153227969e-01 3.0555593994e-01 5.3517076829e-01 -1.1390088941e-01 4.0358636842e-02 2.3706460725e-02 -4.0616257767e-01 6.3616334400e-03 1.6684456017e-01
1.6957120343e-01 4.2334340668e-01 5.1819517992e-01 -2.7566304469e-01 -4.7257197351e-02 -4.2310755054e-01 -1.8894527112e-01 3.8461032553e-01 3.4178815538e-02 2.3193310428e-01 -6.1897098182e-01 4.4011660274e-01 -4.8700468400e-01 2.0216361273e-01 -4.2293800458e-02 5.1883761856e-01
