-3.7237883426e-01 8.2407880618e-02 4.3447176389e-03 2.3044064904e-01 -1.0725426664e-01 6.3194613291e-02 7.3133061767e-02 -2.5794176713e-01 3.2949401242e-01 2.4219697258e-02 6.0181090520e-02 4.9546649008e-01
3.2010899162e-01 -1.8577373677e-01 1.3147232243e-01 5.0973629511e-01 4.0066220107e-02 4.7668330493e-02 -3.9858654314e-01 -1.3500625046e-01 1.9592869277e-01 -1.6644784412e-01 -7.5138985557e-01 1.9087497102e-01
-1.1228331195e-01 -2.2623487246e-01 -5.9860123544e-01 3.4051787083e-01 -1.5423018512e-01 -7.2231602727e-02 -2.3508658894e-01 -5.5986999332e-01 3.1791601643e-01 1.8205306858e-01 -4.4772851002e-01 1.4771608787e-01
-5.6499490207e-01 -7.5071770133e-02 2.7317173483e-01 -1.9346265157e-01 -4.5327135144e-02 3.9974820995e-01 3.5562986335e-01 -6.3558657045e-01 -3.6115477068e-01 4.3291242889e-01 -4.6481866680e-01 -7.6656461671e-02
6.7375823859e-02 1.0674026108e-01 2.2419425172e-01 -3.7660919824e-01 -5.1300049729e-01 6.7913977436e-01 1.1844897081e-01 -3.8347807516e-01 -3.8885865476e-01 -5.9401369197e-02 6.0197448750e-02 7.0727063030e-01
-3.4187616909e-01 -3.8757731043e-01 -7.4522248128e-02 -5.8882194725e-02 2.0587033869e-01 -5.0082689374e-01 -1.2227413277e-01 4.6531012494e-01 6.3956377628e-01 -1.7201777448e-01 -3.5908464256e-01 3.5310638989e-01
2.8266997769e-01 -1.6737629195e-01 5.7938873195e-01 -1.9095387657e-01 -4.4552758692e-01 -1.4153863748e-01 9.1709193581e-02 -1.4436131617e-01 -2.0559613935e-01 -1.5194101442e-01 3.0289374940e-01 -3.8876072011e-01
-4.7965770323e-01 -2.8489609593e-01 -2.7842381372e-01 4.2076113195e-01 -9.6974230051e-02 2.7152897429e-01 1.4130532465e-01 8.0818417568e-01 4.0330077832e-01 -4.3473031521e-01 -2.8677143559e-02 -1.0063692401e-01
3.5860582769e-01 5.9887432701e-01 1.2594835154e-01 -9.9965919194e-03 -5.3597092680e-02 5.0674121611e-02 6.2932560180e-02 -4.4221740869e-02 -2.9914941119e-01 6.0200682820e-02 1.6682249245e-01 -1.0115106176e-01
-1.1792522823e-01 -9.9854515390e-02 1.8907432639e-01 -5.9702297840e-02 2.0405802577e-01 7.7547004880e-02 -3.7930633108e-01 -4.4398463373e-01 -1.7028613123e-01 -1.7999538501e-01 -2.2758455818e-01 4.2161561527e-01
-6.6726678457e-01 3.6752516248e-01 5.7529438584e-02 3.4079073933e-01 5.3442333433e-01 -5.9121294167e-02 2.0849296425e-01 -2.8319940296e-01 2.1325559876e-01 2.0463203425e-02 -1.3176961143e-01 -1.6308614703e-01
2.0238958411e-01 3.0907352032e-01 -1.9752931308e-01 2.3963814578e-01 4.3626730256e-01 -1.2092490189e-01 7.9328560907e-02 1.6786852845e-02 -6.4875896729e-02 9.7663609351e-02 6.1207102714e-01 2.4721138915e-01
