-1.4007900610e+00
8.6269589457e-01
1.0220598372e-01
7.1047615979e-01
5.0954118241e-01
-1.8357882121e+00
-4.8371343945e-01
-7.7414521431e-01
2.2367997993e-01
5.4381201978e-01
-1.2413462008e+00
3.2794530756e-01
6.6185305283e-01
-3.1621532736e-01
-9.1667502597e-01
-1.0414543411e+00
2.6741238701e-01
3.2074215351e-01
1.4713594266e+00
1.2601672820e-01
1.3009153641e+00
4.2076780214e-01
-3.3813846059e-01
8.6408434568e-01
1.9366713285e-01
2.3939190622e-01
2.9975067628e-01
3.1753729393e-01
-4.8900278175e-01
1.7875230991e-01
-1.6090417253e+00
4.0949331284e-01
