1.6946744620e-01 7.3055842396e-02 -1.6585189707e-01 2.4061652675e-02 1.7637404115e-01 1.4703025104e-01 -1.5785041666e-01 4.0160906509e-01 -1.7958137619e-01 -1.1137465701e-01 -2.7727401419e-01 2.6584759460e-01 -1.6166614982e-02 4.7836388962e-02 -1.9542985534e-01 -1.0045824898e-01
-1.8174194377e-01 1.3108785420e-02 -1.3128989435e-01 3.8632828231e-01 4.8610907923e-01 -1.9126269235e-01 2.0749434303e-01 -1.2814343787e-01 6.4326276925e-02 -2.2937079231e-01 -3.3304282301e-01 1.1298994219e-01 -2.5273181662e-01 7.9530082765e-02 -2.6026831452e-01 5.6601428933e-02
-2.2849522012e-02 -1.5808537776e-01 -6.2602457166e-02 -1.0602743356e-01 5.1792170141e-02 -5.7941506543e-02 2.6966968922e-02 -1.9040914714e-01 -1.7247587352e-01 -9.8969949038e-02 1.8088495913e-01 9.2282188559e-02 -1.3322875086e-01 3.9611796086e-01 2.0309716276e-01 6.2387032398e-02
-1.3901032376e-01 6.2461393331e-02 1.2181502514e-01 3.0045535673e-01 7.0642442165e-02 1.9476289398e-01 5.3884278531e-02 -4.0415655811e-03 -2.0332291653e-01 2.2651869784e-01 2.3874960851e-01 3.8732463031e-02 1.5697222944e-01 2.1277247449e-01 2.2365039648e-01 -3.5815146748e-01
2.2613903544e-01 -3.6298536914e-02 3.4752924559e-01 -1.7216371206e-01 -3.4721573542e-01 3.9435533547e-04 -4.9477886524e-02 2.9496166010e-01 4.1679510166e-01 -1.0635081495e-01 3.1391263712e-02 1.3948987556e-01 2.7090069650e-01 -7.0380170657e-02 1.0720573263e-02 -2.6724851487e-01
-2.6190672579e-01 1.0032650170e-01 5.3505392591e-02 4.8921299427e-02 4.1218991228e-01 -1.6382062164e-01 -2.7864897047e-01 -2.4586004406e-01 -7.7096146966e-03 1.0645966607e-01 4.3326248805e-02 -3.0914332125e-01 -1.4489717579e-02 3.6839865620e-01 -1.4206446712e-01 -1.7935463198e-01
-4.4792087471e-01 -1.1367161919e-02 1.1517556504e-01 9.5094079279e-02 2.6712114919e-01 2.4271911865e-01 1.2822747833e-01 -3.6387603591e-01 -8.3471165810e-02 4.2542177748e-02 -1.0180774816e-01 -6.3538100150e-02 1.6317673360e-01 5.5226433342e-02 -8.8351148063e-01 -2.7266993616e-01
6.0321263551e-01 3.4936456638e-02 1.2217502254e-01 -3.7455457832e-02 2.8097097245e-01 7.5198604015e-02 -5.4313384110e-02 1.5013621993e-01 9.2510322083e-02 -7.6809286448e-02 -1.0226027770e-01 2.7768505140e-01 -2.1269164197e-01 1.0000644400e-01 1.7168500168e-01 -1.1982582435e-01
1.4448629880e-01 -1.7602715708e-01 1.3622153427e-01 2.3680040279e-01 -2.7579135559e-01 1.1549606092e-01 -3.7678724498e-01 2.7951159255e-01 -8.8734239394e-02 -2.2314518862e-01 2.5534747046e-02 -3.2915111281e-01 -1.7230281772e-01 2.3391288548e-02 -4.3335021886e-01 8.0149306213e-02
8.7249391519e-02 9.3242678159e-02 3.9106892105e-02 2.3242406243e-02 1.7582163975e-01 -1.3981068969e-01 6.6638737288e-02 -3.6468855201e-01 1.2634795140e-01 8.3537685317e-02 -9.0717656688e-02 2.5034433428e-01 -3.1198673751e-01 3.5686568987e-01 -8.0707747797e-01 7.5916198609e-02
-3.6670322326e-02 -2.1773641964e-01 -3.5877775614e-04 2.7309182928e-01 -1.4004691674e-01 -1.7106223448e-01 1.1084381206e-01 -1.0943468737e-02 2.3863345564e-01 8.0888408449e-02 -8.8831167839e-02 -3.3175317622e-01 2.9932630775e-01 -3.3752965744e-01 -9.9578000873e-02 2.1765652640e-01
-1.9273296287e-01 7.4009170309e-02 -3.8540527528e-01 -2.3556409045e-01 4.2179663323e-01 2.4300676812e-01 -1.2761018427e-01 -7.5760447002e-02 1.3933929686e-01 1.8183532923e-01 1.2544699275e-01 -1.0304616078e-01 5.1070282926e-03 -4.3102426196e-02 5.9984338420e-02 3.2991733965e-01
4.2070522777e-01 -1.7289735540e-01 8.3709069358e-02 -3.5026005508e-01 4.2754182128e-02 -3.9174234460e-03 -1.8298885802e-02 -1.4189805060e-02 -5.7549019475e-01 -2.0046828468e-02 3.0520235240e-01 3.5209763289e-01 -6.2644878215e-02 1.0718304081e-02 -3.8564714298e-01 4.9565494741e-01
-1.8390601825e-01 1.5381003383e-01 7.2453999323e-03 -1.3210276498e-01 3.8747448915e-02 8.8978871569e-02 -4.2782133451e-02 3.4748471160e-02 -9.9986589467e-02 -1.8868335692e-01 -7.7959678081e-02 -9.2418107558e-02 1.1889301585e-01 -1.0235344363e-01 6.2825514330e-01 -1.4889153675e-02
1.0228405136e-01 7.3967112238e-02 1.3364274556e-01 1.9190822333e-01 -1.7891619470e-01 3.2751427084e-02 4.4966786532e-01 1.0597129632e-01 2.7064298368e-01 7.4285674566e-02 7.9007720048e-02 3.9335938140e-02 -1.0807564423e-01 1.5532709538e-02 -6.7816598095e-02 -5.6913396628e-01
4.4864565862e-01 -4.9263699274e-02 -1.5448165725e-01 1.2990159178e-01 1.8587868370e-02 -9.5915620651e-03 1.7901867775e-01 -9.8657479658e-02 2.2187775482e-01 7.0434288690e-02 -4.3917688048e-02 -1.7397073007e-01 1.3328493436e-01 -1.1572334616e-02 -2.3421688105e-01 8.2497648114e-02
2.4228395254e-01 3.3302051100e-02 3.3825441822e-01 -1.7953485225e-01 4.3233829535e-01 -1.6949438890e-01 -3.0080496724e-01 -1.5555136993e-01 -1.0054005239e-01 6.4795057730e-02 -2.1987071483e-01 -6.2562718884e-01 -4.1158432281e-01 9.0515099576e-02 -7.8810705024e-02 -1.9718908430e-01
6.9209254382e-02 -2.6190177175e-01 8.1872598907e-02 1.5099374478e-01 -4.3821172856e-02 -2.9476539696e-02 -1.1838713498e-01 -3.9426559369e-03 4.2374448842e-01 6.3652917487e-02 3.7460991262e-02 -2.2875484746e-01 4.5677801311e-02 1.2303296488e-01 -2.5709831390e-01 1.9623588194e-02
3.5144857660e-01 -2.7942861917e-01 5.0179497223e-01 8.8201288257e-02 1.8871408546e-01 9.8364335103e-02 -2.9781204128e-01 8.1845215671e-02 -1.8527811566e-01 -3.1726937607e-02 -4.2892221129e-02 8.5782554808e-02 8.3099575641e-02 1.5726287915e-01 9.1953554380e-02 4.5455306541e-03
-3.6186693168e-01 -5.5950126646e-02 1.9316347232e-01 4.9301632226e-02 -8.6992872392e-03 4.3526427812e-02 1.0137470617e-01 -2.8231769981e-02 -2.1629971059e-02 5.3929260193e-01 -1.2754117824e-01 1.4555147037e-01 1.2556034220e-01 -8.1282591685e-02 3.8864244721e-01 -5.3773590295e-02
-2.6104351889e-01 -4.3214660341e-01 2.1759554540e-01 -5.9608272522e-02 -3.8260486038e-01 -2.4262629855e-01 2.2810216347e-02 -1.8242005033e-02 -2.6337038107e-03 1.5230495712e-01 -7.5591974705e-02 9.2985363019e-02 4.6855933760e-02 -1.8136421990e-01 -5.5256921763e-02 1.6864576455e-02
-9.2664984721e-02 2.3315381490e-01 2.6395044291e-01 -2.9584528878e-02 3.6541011727e-01 -3.7388112294e-01 -1.1663503384e-01 6.3692287586e-03 4.4968153399e-02 -4.1991908221e-01 3.8668653670e-01 3.0494565697e-01 4.4801575483e-01 2.4590634272e-01 -4.5953191480e-01 -2.8457401197e-01
8.9209765553e-02 -1.8836104187e-01 2.9134842504e-01 -1.7296467496e-01 1.5867276306e-01 -2.6866611662e-01 2.6094439170e-01 -8.5917849305e-02 3.4300842423e-01 5.5361614336e-03 -4.3723027934e-01 7.6628230734e-02 4.6675254436e-02 6.8027989023e-03 2.7019020538e-01 1.1943071820e-01
-1.7010983034e-02 -1.5461706681e-01 5.5449507552e-01 1.5120935166e-02 -1.8099840738e-01 -1.6180047467e-01 2.6343442868e-01 -1.1056837661e-01 -2.0915357376e-01 -6.1118712099e-02 6.6253557158e-04 -3.3840472719e-02 2.7887332584e-01 -2.5082136157e-01 1.2624192596e-01 -1.1997092853e-01
