-3.7365660693e-01
1.5686119198e-01
2.3306746927e+00
-3.6231222094e-01
-8.3371778863e-01
8.1198946284e-01
1.7572457882e-01
-4.0281866338e-01
-9.9121389806e-01
-1.1708274354e+00
-5.6655343848e-01
5.2362152735e-02
4.1801052993e-01
-7.0913987104e-01
4.9317023540e-01
-1.2409898879e+00
-3.4933748391e-01
-1.2928475787e-01
-2.3223269715e+00
-4.3197989994e-01
-3.7014181161e-01
6.8883584200e-01
-5.3214811037e-01
-7.0464198254e-01
2.2257068202e-01
1.7430493982e-01
-1.7730845358e-01
7.1188604007e-01
-1.0889636212e+00
1.2946342507e+00
6.1497911970e-01
-1.2220315881e+00
