1.2251972502e+00
-1.7441693394e-01
-1.1895355725e+00
-1.2378196451e+00
-2.9848810597e-01
1.3103071241e+00
5.2616943892e-01
-6.8845132051e-01
1.7788255556e+00
1.6730311144e+00
6.0611460894e-01
-3.5469611546e-01
-4.2098980434e-01
-6.1787264263e-01
5.1049630023e-01
-3.7441148948e-01
-1.0355558084e+00
-7.8271235640e-01
-3.5431836092e-01
-1.3301429703e+00
-6.3797584799e-01
2.2397214078e-01
1.3795120730e+00
-8.7954044827e-01
-5.9708814940e-01
1.5776349405e+00
3.7819677623e-01
-1.5153832356e+00
-8.8065049355e-01
8.6334159586e-03
4.6832654353e-01
8.7515815031e-01
