3.6532907231e-02 3.1941769404e-01 1.4806636182e-01 2.7283783582e-01 2.0030037301e-01 3.2252742522e-01 4.9315801375e-01 1.3141091062e-01 -1.1203888758e-01 -7.1873316559e-02 4.0158592041e-01 -6.8914327583e-02 -6.8670614983e-02 7.7078071641e-02 4.3847037277e-01 -1.3884932844e-01
-4.8334750995e-01 -3.1949581523e-02 3.2447766015e-01 1.6714543710e-01 2.1318928457e-01 -2.0384167563e-01 -4.4538022115e-02 1.9972364833e-01 -2.6403084034e-01 6.7246699496e-02 -9.4517308312e-03 1.0164028901e-01 -9.8673092078e-02 4.0651228017e-02 3.0882084268e-01 3.4144394575e-01
1.8805856402e-02 3.5796193326e-01 3.4998949655e-01 -3.1613356125e-01 -1.1073669476e-01 -5.1691165396e-02 3.3940648499e-01 4.7318116720e-02 1.8677220842e-01 3.2374509150e-01 -2.5416520688e-01 1.4946718394e-01 1.3738638521e-01 7.3722335346e-02 -2.0718519610e-01 -7.8132333125e-02
-7.0281014773e-02 -2.0570531980e-01 2.1252963899e-01 3.6016666514e-02 -5.6904799878e-01 -7.8616793433e-02 -5.8476429854e-02 1.4129064997e-01 -2.6303066635e-01 1.3584271095e-02 -5.8185031073e-02 -1.4767247780e-01 -3.2083547336e-01 -1.2124702342e-01 -7.8399223355e-02 3.0523151797e-01
-1.8030789234e-01 7.1692045092e-02 -3.5330947685e-03 4.6075061284e-01 4.4564359825e-01 -2.7721880167e-02 1.6037118884e-01 2.1854767791e-03 4.5565871917e-01 4.6047967990e-02 -2.3828005724e-01 -3.2478223401e-02 -1.3387350805e-01 2.6913874638e-01 2.2746035680e-01 5.7491948223e-01
-4.0552138963e-01 2.9740974613e-01 4.9468803619e-01 -6.1339037981e-02 1.4292857499e-02 2.9019302809e-01 -3.2372776863e-01 2.6161703213e-01 5.3142020830e-01 -4.8441840864e-02 -3.6760251888e-01 -2.3068046686e-01 -1.3397679803e-01 1.0132202489e-01 -2.2340025321e-02 -1.9495615172e-01
2.5490230263e-01 1.4398704702e-02 -4.2175991458e-02 -9.8125699515e-02 -1.7485551734e-01 -2.3489150945e-01 -5.9999385183e-01 5.0754436127e-02 2.5814280472e-01 4.9621451689e-04 1.6888923775e-02 -1.4461368901e-01 2.1201652724e-01 -2.0570276617e-01 1.8749083273e-01 -1.5251616472e-01
1.7585117039e-01 -1.1314401465e-01 2.3318544612e-01 1.4142962910e-01 3.2463311742e-01 -2.1541949537e-01 5.9789977584e-01 1.1806614184e-01 4.4938236730e-01 -3.2205507234e-01 -1.7718200795e-02 3.0317835702e-02 -3.1345609997e-01 1.4883577136e-02 3.6880847272e-01 -5.0969271216e-02
-6.1537306394e-03 2.8606545013e-01 1.4216187192e-01 5.3197573046e-02 1.2300259340e-01 -7.0856977269e-02 -2.1672388276e-02 -4.5512455836e-01 -2.1146720236e-01 -1.9068154145e-01 9.1030774923e-02 -4.9984036523e-01 -1.7950348475e-01 1.9703584696e-02 -4.0026427531e-01 1.3816302036e-01
-2.6920730674e-01 -7.3020756041e-02 -3.6236018874e-01 -2.5837342279e-01 -6.3926226266e-01 5.4225095331e-01 -3.0230026959e-01 -1.4238374886e-01 3.2538781469e-01 -2.1943620158e-01 3.5514202220e-01 -2.9545794986e-01 2.7461100990e-01 -1.7427602081e-01 1.0240214968e-01 7.6658672631e-02
3.2015883971e-01 1.8817755156e-02 3.0443590584e-01 1.4205934438e-01 -1.2462183282e-01 5.5528366339e-01 8.6427290598e-02 1.2343283682e-02 -1.3132906179e-01 2.2021328242e-01 4.2434081099e-02 3.3621954637e-02 -2.8295894178e-02 -1.3293471326e-01 1.4642645723e-01 1.2461424222e-01
-1.4537246756e-01 -1.4793824550e-01 -1.4835719229e-01 -5.6639170535e-02 -1.0120406694e-01 -4.0242352230e-01 9.6046192189e-02 -2.6286213845e-01 -4.3110029295e-02 2.3958685189e-02 5.0253690829e-02 3.3619549496e-02 -1.1573605144e-01 2.3853746108e-01 9.3487660440e-02 2.9372084849e-01
3.7807956536e-01 -3.5696285000e-02 -5.6563406951e-02 -3.6650776294e-01 -6.7148703779e-02 1.1505120133e-01 -2.2999900866e-01 1.1059047017e-01 -1.8895436240e-01 3.9169853262e-01 2.8996248743e-01 -4.3442574141e-01 -2.5375438080e-01 -3.6066932013e-01 -1.1730568953e-01 -2.6927488519e-02
-6.1726421428e-01 4.5986351383e-01 -3.1253529026e-02 1.5478064512e-01 2.1486399419e-01 -1.2455257040e-01 -1.8770046763e-01 4.6302387270e-02 4.0877576056e-01 -1.3445564748e-01 3.3342521650e-01 2.3695672392e-01 1.5375803980e-01 3.4480848156e-01 -2.3383425796e-01 3.9650288329e-01
-5.7190540279e-03 -1.1690111066e-01 9.5989293602e-02 -1.8882053464e-01 2.9975214930e-01 3.3848928399e-01 8.3060405699e-02 1.5519559137e-01 -7.9501274798e-02 -2.1047875938e-01 -1.7568210279e-01 -3.3614804669e-01 -3.3150593099e-01 -1.0611761722e-01 -4.0693973205e-03 -1.9704393541e-01
2.1948201622e-01 -1.6768288069e-01 -1.0065645478e-01 -6.4803872110e-02 -1.3068003959e-01 -3.9515294087e-01 -2.5209880787e-01 1.2643185452e-01 -6.1475633663e-02 -6.8040683474e-01 3.1693550523e-01 -4.1141291726e-01 -8.1092241602e-02 -1.5681465651e-01 -1.1680500486e-01 2.2735629051e-01
