1.1251337028e-01
-1.3163021603e+00
-3.0392872689e-01
5.7650687521e-01
-2.3286262871e-01
-6.4395742576e-01
9.4642373367e-01
-3.8843748637e-02
8.5362028420e-01
5.5523051660e-01
-1.5754377689e+00
1.1716151368e+00
1.5822895029e+00
2.3715314743e-03
-2.1368438046e-01
-1.1948424009e+00
1.4711128089e+00
2.4958450391e-01
3.9993549423e-01
8.6921599800e-01
-8.6700440181e-01
-1.4414200104e+00
2.9499059887e-01
-1.1137466241e+00
1.0339667841e+00
-8.6648127026e-01
1.0757525152e+00
-9.2866443852e-01
1.4234668541e+00
2.9005619449e-01
1.6228016925e-01
-7.1367838484e-01
