1.2313831759e+00
1.3103407863e+00
4.6139289153e-01
4.0163901582e-01
-1.0401559994e+00
1.2105590077e+00
5.1046218488e-01
-1.0144290842e+00
8.8213300170e-01
4.9818845667e-01
5.4475462384e-01
-9.3592696479e-01
-1.2364598136e+00
1.2714646862e+00
1.3973173086e+00
-6.1872678032e-01
-3.7144592512e-01
-1.2740938667e+00
-5.5400452830e-01
-5.3153669257e-01
4.5740006907e-01
1.3514966547e+00
-1.2961985697e+00
3.7918548716e-01
1.3844084576e+00
-3.3010287287e-01
-1.1079842962e+00
-1.0566455492e+00
5.1484334299e-01
3.0802090003e-01
8.3515790163e-01
1.3137493203e+00
-4.8319407357e-01
-1.2796042807e+00
-6.3044204611e-01
-4.6220144110e-01
-1.1987102688e+00
-9.7347572696e-01
7.7955642879e-01
6.4071705221e-01
-1.1120571514e+00
-8.5098259688e-01
-1.1692187373e+00
5.0296233746e-01
-4.2849487344e-01
3.9505621836e-01
3.3058704342e-01
-3.6533610885e-01
3.6850272630e-01
1.3410586093e+00
-4.8372886468e-01
1.0940454509e+00
-6.1767615402e-01
-4.1977775643e-01
6.6774836528e-01
1.4792750613e+00
1.3126783286e+00
-4.1855635890e-01
-4.2904151205e-01
-4.4502017807e-01
-3.7048936375e-01
-6.4467892028e-01
-7.1841673407e-01
-1.1492759292e+00
-5.3803874745e-01
1.1936960378e+00
-1.1703431660e+00
1.0315327194e+00
-1.0943883190e+00
1.3860543167e+00
