-1.0786810190e+00
1.0714977085e+00
6.6694633697e-01
6.3758677593e-01
5.3399945554e-01
5.8654454274e-01
-1.4593343926e+00
-6.4771766272e-01
-9.0473175896e-01
1.0802794353e+00
-1.2487343466e+00
-5.4731744740e-01
-6.3197949329e-01
-6.2356958109e-01
-7.4841319282e-01
1.5290598862e+00
-1.2962135190e+00
-1.0702857430e+00
-6.9494643683e-01
-4.7962204272e-01
7.9341194626e-01
9.1775398412e-01
-1.4197191315e+00
8.0868841302e-01
-1.2965547676e+00
-5.8303399471e-01
1.3776679655e+00
-1.1252310763e+00
1.0977441160e+00
1.1922977382e+00
1.1376207434e+00
5.2644000881e-01
-1.3072531947e+00
-5.8245548526e-01
6.9610602451e-01
1.4814022492e+00
-1.1075400343e+00
-5.6519440829e-01
-5.8936604499e-01
9.3447449925e-01
1.0475450386e+00
1.0369095594e+00
6.3729577343e-01
-6.0570386978e-01
-5.1101385823e-01
1.0943890731e+00
1.1622548916e+00
7.8117262454e-01
4.9262744011e-01
-7.4074355559e-01
8.2344158670e-01
-6.9781533735e-01
5.3287199703e-01
1.2100244471e+00
-1.1219099389e+00
1.3286483656e+00
1.3453789084e+00
-9.6277297181e-01
-6.5059224392e-01
7.9869948828e-01
-1.1206843663e+00
7.4385493952e-01
6.0107142965e-01
6.7641956369e-01
8.0884345979e-01
-1.1638771045e+00
1.6082674189e+00
5.2481269959e-01
9.8524382199e-01
6.8507859470e-01
1.0141575233e+00
-6.2471357838e-01
-5.7814272589e-01
-6.5152797715e-01
-1.3213512942e+00
-9.2378913813e-01
-5.6287414755e-01
5.9085987775e-01
-6.2187374645e-01
5.0959727611e-01
6.6550649126e-01
-6.4087534823e-01
-1.1385717419e+00
5.8512350928e-01
-1.2115454273e+00
-1.2763144297e+00
-5.6508703690e-01
7.8765351736e-01
-1.1264093421e+00
1.1827988123e+00
1.3377507052e+00
-1.4504215082e+00
-1.0627532707e+00
-1.0080981750e+00
1.1422913647e+00
7.0915533413e-01
1.1594706483e+00
5.3430455537e-01
-1.5409062367e+00
1.2253992012e+00
