3.1018961324e-01
-5.7261492155e-01
8.7993838975e-01
-1.8397646705e+00
1.4176671998e+00
-3.3275910581e-02
5.5018300365e-01
-3.0556396214e-01
1.2057975816e+00
-1.0667532339e+00
-5.0725380370e-02
3.5534140155e-01
-3.6667954620e-01
-1.3504115729e+00
1.9298577437e-01
-1.5474571097e-01
2.5788173484e-01
-3.5917719063e-01
5.9411648246e-02
2.7976662023e-01
-8.1172868473e-01
1.1890327287e+00
3.8705780833e-01
-1.1480975114e-01
8.7010008466e-01
-1.1129810561e+00
1.2620620718e+00
-3.4388800410e-02
-4.8150891437e-01
3.6948268146e-01
-1.3273084761e+00
5.0753361470e-01
