-4.3938151773e-01 -1.9052373367e-01 -1.4942476105e-01 -2.7722424375e-01 1.8680888166e-01 4.2895287370e-01 1.7867026875e-01 4.6020225043e-01 3.3250072731e-01 -5.5235138592e-02 2.6200125619e-02 1.0210910336e-01 -2.8778198459e-01 -2.0701009062e-02 2.2813634263e-01 5.0067201016e-02
-9.5248610298e-02 1.1838851009e-01 9.4123616070e-02 2.1781927501e-02 2.7076781326e-01 4.9791973869e-01 -3.8936796894e-01 -4.6199651053e-02 1.1257775816e-01 -4.2105743821e-03 1.0932933165e-01 2.0667613708e-01 1.5167411325e-02 -2.9763184874e-02 4.6738958433e-01 -2.0016121204e-01
-5.2618789782e-03 1.9795865826e-01 5.2178420265e-01 1.0841967741e-01 -1.6297235621e-02 -1.7608876997e-01 2.3494903221e-02 -2.9507917882e-01 1.7312419052e-01 -2.0370165146e-01 2.6644659820e-01 -8.8192672028e-02 -6.4182160418e-02 -7.1728719512e-02 9.4989511001e-02 1.0249236293e-01
1.2387009426e-01 9.8679950126e-02 -2.5026993334e-01 -4.8740822963e-01 7.2862851898e-02 1.6414893317e-01 -2.3260240463e-01 8.9774475043e-02 -7.7098631200e-02 1.5232137786e-01 1.5480453890e-01 1.8572561597e-01 -9.7281925403e-02 5.8491805022e-05 -1.3736047721e-01 1.3742140849e-01
-6.1682739532e-02 -1.6785900561e-01 2.7404406792e-01 3.7254413406e-01 -1.8739419833e-02 2.9199476262e-01 5.2416259156e-02 7.5059528905e-02 -1.7046807587e-01 1.2879828842e-01 1.3454013734e-01 -1.8014580870e-03 1.3915951396e-01 -6.8963630413e-02 1.1697734734e-01 2.2567508723e-01
-2.5280704890e-01 -3.5133851007e-02 -1.9937553400e-02 -2.0176948877e-01 -1.5491261169e-01 4.1187761909e-02 -4.9403055191e-02 -2.0390304662e-02 3.7916407226e-02 6.2146643342e-02 -3.0099327353e-01 2.1331172463e-02 -2.0921300473e-01 2.4547117458e-01 -2.1142462799e-01 -3.1974429371e-02
4.1932093216e-02 -1.8115100486e-02 3.0130309063e-01 4.1262705797e-02 -1.7285654640e-01 3.7853933420e-03 -1.8329081444e-01 -3.2856074348e-03 3.1216263710e-01 -7.0975734152e-02 -3.5375318390e-01 2.9101032606e-02 3.3730119458e-01 4.9567551723e-03 5.2894514027e-02 -2.5697396831e-01
-3.7078954151e-01 -2.3780897472e-01 -2.2148761899e-01 5.0812983895e-01 -1.9599934963e-01 -1.1586965007e-01 2.5333775388e-01 -3.6357189185e-02 -8.3933251509e-02 1.2803056276e-01 1.5516413939e-01 -1.6364690125e-02 -3.8642342295e-02 -2.6266231349e-01 -2.3320698182e-01 2.2459951520e-01
2.3739657503e-01 1.9731629226e-01 1.2373820825e-01 -9.1205689194e-02 -1.2156631690e-02 5.9566075988e-02 -5.5288586272e-02 -7.4331121145e-02 -6.9072668835e-02 -2.4571473172e-01 -1.5064608350e-02 -3.2356794392e-01 -3.1331418650e-01 5.1179327092e-02 -5.7673301020e-01 1.6928526300e-01
1.1724989829e-01 1.6702269189e-01 -1.7189981599e-01 1.1474331761e-01 -1.6619072402e-01 -1.7733687369e-01 4.0583065237e-01 -1.6176116598e-01 -3.3067297655e-01 1.3872616525e-01 1.4999527199e-01 2.7722641467e-01 -1.5606908014e-01 4.7610120191e-02 -1.2847274847e-01 -8.1487250914e-02
-1.9085177090e-01 -1.5224472276e-01 -5.8037593182e-02 2.3157037125e-01 -2.6873735647e-02 -6.8342034009e-02 6.0393644030e-02 -2.5075778529e-01 -2.3974153309e-01 -3.2422394359e-01 -4.2785861461e-03 -3.9053715373e-01 1.6801370348e-01 -6.9421255121e-02 -1.0614209925e-01 2.8168094860e-01
-1.5801575494e-02 2.6428923929e-01 -1.6389813430e-01 1.5372251043e-01 2.5879552908e-01 2.9352666591e-02 -7.8975682027e-02 4.5353521512e-01 5.4242723843e-02 1.7975620511e-02 5.6430285303e-02 -1.0776747771e-01 7.1013083110e-02 -5.1770143013e-02 2.9291959877e-01 1.9840899967e-01
-1.1108406688e-01 7.1249729790e-02 -2.0466988516e-01 4.7619930246e-03 4.1436442451e-01 1.4185192967e-01 -8.9656497841e-02 1.5277296344e-01 9.8928616495e-02 -4.7915732580e-02 -8.3016312244e-02 2.2538951960e-01 4.1020044624e-02 -2.3233429391e-01 1.4002400431e-01 6.6996045135e-02
-1.6603987517e-01 -1.7731167447e-01 -5.7884688970e-02 -1.0182102892e-01 1.9550632071e-01 1.3672019527e-01 -5.6120604174e-02 -2.1617376692e-01 1.0712002938e-01 1.6734292393e-01 8.5739428165e-02 -3.0839026614e-01 -1.4692878834e-01 -1.2964964402e-01 -1.3518269895e-01 -6.9520418467e-02
-2.5577439765e-02 -3.4723546351e-02 -2.5493942516e-02 -1.4140582253e-01 1.3578729629e-01 -1.8157401338e-01 -2.8836796423e-01 1.0928094965e-01 1.6148283959e-02 1.6227235169e-01 -1.9187873222e-01 1.8154507122e-01 2.6902225277e-01 -1.7101847737e-01 1.1206961626e-01 -7.3306447289e-02
-1.0703005378e-01 1.1098178724e-01 -3.0139437823e-01 1.3700967649e-01 2.1433764728e-01 -1.5047707145e-01 6.9051344275e-02 -3.0679819154e-01 5.9988619726e-02 3.7406616704e-02 2.5852188553e-01 4.4206720266e-02 -1.7216343867e-02 -1.7071725097e-02 3.9868171564e-02 -1.4577517827e-02
-3.0172049588e-01 -1.1472209050e-01 -1.4107110643e-01 3.2251448994e-03 6.5823091486e-02 1.3461710083e-01 -3.8033486552e-02 -2.6605733966e-01 1.6342276237e-01 -3.4269654875e-01 9.4739827444e-02 -5.9640671705e-02 -1.3148384425e-01 -4.1564872920e-01 1.7781481473e-01 -2.4895316623e-01
-6.4914835043e-02 1.8141765828e-01 -2.2054872525e-01 5.2794620302e-01 -1.1595442681e-01 -1.1728215425e-01 1.4253885029e-01 7.0908717876e-02 1.4812694212e-01 -2.1725760309e-03 2.4110752165e-01 -1.1165512508e-01 1.5293314979e-01 -7.7065548296e-02 -4.5348876545e-01 6.5058230698e-01
7.3461310103e-02 -1.1892079780e-01 -1.6736462319e-01 -1.0911344969e-01 -1.9280701930e-01 -4.6619543563e-02 2.8091307824e-01 3.4332536291e-01 7.3261279527e-02 -3.1531838281e-01 2.7703846917e-01 -2.8920446020e-01 -3.6822348486e-02 -1.7953492989e-01 9.0902364362e-02 6.1067622487e-02
-6.0608392559e-02 -1.0459204652e-01 -6.9275778206e-02 -1.0655664194e-01 -2.4039254447e-01 -2.5147473516e-01 -1.8977888287e-01 -1.8913526334e-01 1.2784929631e-01 -1.6356190887e-02 -5.0561254471e-01 -2.5575846196e-01 1.4111026682e-01 -3.1448553712e-01 1.3464193017e-01 1.9765078476e-02
-2.6937907929e-02 3.3897562020e-01 7.9740709071e-02 -1.4935922916e-01 -5.9024660938e-02 6.5635649649e-02 3.6917901207e-02 6.5350542448e-02 -2.8891913141e-03 -2.5422130529e-01 2.3045652146e-01 -3.9795860647e-02 -3.2078431890e-01 6.4831975005e-02 -1.4191018965e-01 7.8203299464e-02
-3.6752086015e-01 -4.2420333428e-01 1.0778654606e-02 1.2577194317e-01 -3.0355022382e-01 -2.4084666433e-01 -4.2702764787e-03 -1.5788918296e-01 -1.8270268230e-01 -7.0101675237e-02 2.4197805268e-01 3.9752347611e-01 -3.1215630254e-02 -1.1336596266e-01 -2.1011209981e-02 -1.1511809683e-01
-1.8363461847e-01 -1.5885874219e-01 -3.1204443659e-03 -2.2957688796e-01 -1.1236056020e-01 6.6532941422e-02 7.3091592333e-02 2.7700024713e-01 2.8913426927e-01 3.5341415207e-01 -3.3363859723e-01 -1.5179813573e-01 1.8551376626e-02 3.8569204741e-01 6.3517040965e-01 3.0171547553e-03
-2.2009632254e-01 -9.0221889379e-03 -5.4087233445e-01 -3.1771600350e-01 -3.1207990029e-01 -1.5737480140e-01 1.0669779185e-01 4.4919551393e-01 -1.5135216111e-01 -3.1237326314e-01 -1.8499149859e-01 4.9278826781e-02 -1.9559369188e-01 -2.0021518816e-02 -1.1568019887e-01 1.1475994382e-01
