8.1990967002e-02 3.8756004163e-01 -3.6721713077e-01 4.2945838053e-02 7.7968705584e-02 -4.4590750911e-02 -2.5755750854e-01 1.2154709277e-01 5.5956278164e-01 -1.7757984978e-01 -5.1971666074e-02 1.1192803793e-01 -3.8307260781e-01 4.4403271899e-01 1.3858502886e-01 2.8397717375e-01 2.1730466489e-01 -2.3964370267e-01 -2.5616459461e-01 -1.2278156540e-01 5.2422318222e-01 2.2795033919e-01 -3.2289180137e-01 -2.8439666986e-01
1.1194322455e-02 -1.7843413915e-02 6.6711485979e-02 4.6664247361e-01 -3.9938537762e-01 -3.0468023153e-02 -2.2628777412e-01 1.4074505253e-01 4.6459993272e-02 1.7485635800e-01 1.7565410561e-01 -2.9818015713e-01 -3.1615716797e-03 7.5597435257e-02 -4.2983929718e-01 -2.0800348625e-01 1.4006595586e-01 -2.5274184224e-01 7.2313407889e-02 2.9781721773e-01 1.4734110640e-01 -2.1691758775e-01 -2.4648464686e-02 -2.6724619441e-02
-3.8641734871e-01 3.1063754611e-01 2.0616038165e-01 4.2233861634e-01 -4.4346403093e-02 -1.2514508540e-01 -2.6935004440e-01 3.0548839418e-02 -1.2894450012e-01 -3.7080625584e-01 9.8269158528e-02 1.1489689925e-01 3.1056862881e-01 4.0930944414e-01 1.2249226346e-01 1.7823466273e-01 -5.4400386671e-02 -2.9135956684e-01 9.0484415237e-02 -1.7059936592e-01 3.4967282236e-01 1.3812376247e-01 1.4301678553e-01 -1.8410757380e-01
-5.0521161097e-02 -1.3508361991e-01 -3.0210101367e-01 1.0825985865e-01 -1.7115154097e-02 -1.6588102469e-01 -4.5446520511e-01 2.7469522837e-01 -2.3313671979e-01 -2.1493896405e-01 7.6821943704e-02 1.0362629064e-02 -1.0536607583e-01 -1.0344278050e-02 2.8296533417e-01 -3.8527935851e-01 1.5305923535e-01 -2.3286322813e-01 8.6545283143e-02 -1.5000973353e-01 2.0619828625e-01 -3.6529498947e-01 -1.8743867410e-01 2.5488079379e-01
3.2037417390e-02 -1.3020994705e-01 -9.7199255690e-02 -1.1883594859e-01 3.3458723255e-01 6.3715290289e-01 1.2629094986e-01 -4.2132787659e-02 6.8395221464e-03 2.5331793715e-01 -2.8300734502e-01 -2.1590178882e-01 3.3127124124e-02 -1.8665345484e-01 1.8427859046e-01 -1.7728250553e-01 1.2923901804e-01 2.2837140136e-01 2.3638081163e-01 3.4205244317e-02 1.2898619008e-01 6.8995997558e-02 6.5876475077e-02 -3.2581544758e-01
-1.9399686084e-03 3.6946065870e-02 -1.2701297897e-01 3.1206055445e-02 -3.0240966056e-01 1.1269129494e-01 -9.9640807853e-02 -2.7024208691e-01 3.4177782484e-02 -3.2130551922e-01 2.0449082526e-01 -4.1631225122e-02 -1.6889163435e-01 3.0637752861e-01 3.9914572612e-01 4.5513947407e-02 8.3109276532e-02 -3.6339385697e-01 -6.3217077731e-02 -2.2669967257e-01 8.3641903688e-02 2.8345797481e-01 -5.5230476871e-02 1.1034412442e-01
3.3931031923e-01 -1.1414780638e-01 -5.1439693374e-02 -4.4817520236e-01 6.3194706722e-02 3.2798789516e-01 -2.2106420899e-01 5.4492115099e-02 2.0558648410e-01 -7.0333950724e-03 4.3156087869e-01 1.7774934401e-01 -3.0602728500e-01 -1.5058330054e-01 1.4513552681e-01 4.4665527073e-01 4.0302214325e-01 -9.1521537859e-02 2.1893056975e-01 -2.9115059430e-01 5.3946005374e-01 -1.2981546980e-01 2.7484244595e-01 -8.8481113688e-02
1.1253130327e-01 2.3847207524e-01 3.6071320770e-02 -7.8968758541e-02 -7.8291595361e-02 1.3045056488e-01 -8.7574836544e-02 -1.5788026433e-01 2.9748339379e-01 8.7636983305e-02 2.9687868506e-01 2.3582053454e-01 -2.5995326660e-01 2.7437229060e-01 -4.3045762459e-04 3.3485798586e-01 -9.2232216275e-02 -3.6986051762e-01 2.6743196063e-01 2.1719384156e-01 -1.7307420540e-01 -9.4922060060e-02 -2.8418464250e-01 7.6233232342e-03
-9.0013004892e-02 8.8837369425e-02 3.7590908612e-01 -2.0619214501e-01 -1.4343554457e-02 -4.8743819762e-01 3.8056815733e-01 -3.8098865466e-01 -9.8747360601e-02 -5.7408967928e-01 1.1455259725e-01 -1.3382720520e-02 5.1273589061e-02 -2.3185400273e-01 -1.2537803746e-01 2.3595465280e-02 -2.7930044777e-01 -2.2446720179e-01 -1.4848465955e-01 -3.5553702921e-01 1.0942413706e-01 1.1732531247e-01 -5.2996688933e-02 1.0823854004e-01
-1.3255382954e-01 -2.2341024938e-01 2.5694864240e-01 2.1345586814e-01 -3.1529197208e-01 9.5209416480e-02 3.2494059063e-01 -5.0300914704e-02 -4.9851190078e-02 -3.2699114453e-02 -2.8149536373e-01 -1.1002417087e-01 -2.2222854397e-01 5.0677915978e-02 5.7604169042e-01 -1.2556399076e-01 -3.3215801467e-02 -7.1463841061e-03 -3.5258621227e-01 6.1045955572e-02 -3.4362841838e-01 -2.6341206536e-01 1.4857224312e-02 -3.0880237410e-01
-1.0819090626e-01 -2.2572538998e-01 -1.7680195076e-01 -2.5535043688e-01 -2.6009878301e-02 3.2076674477e-02 8.9526290144e-02 1.1882554770e-01 1.2499787039e-01 -8.8726712755e-03 5.0244580767e-02 3.3352646363e-01 -1.0151946908e-01 1.9585111315e-01 -4.5909813508e-02 -2.2835823562e-01 -6.7413444868e-02 4.8093872877e-01 -2.8702690280e-01 -5.5317851602e-02 -8.6269898644e-02 -1.9208098477e-01 2.5874562126e-01 -2.4566635779e-01
3.1965041201e-01 -1.0632688674e-01 -2.4769356851e-02 1.7210116180e-01 -3.5446281756e-02 -8.0491342170e-02 -3.6875190085e-01 9.3795468506e-02 -9.6278922573e-02 -2.0120801806e-02 8.0791700024e-02 -1.8331865068e-01 1.7349892872e-01 -1.8793544709e-01 3.6499614241e-01 1.7644048738e-01 -3.0453249961e-01 1.5312716696e-01 -4.2354596293e-01 2.8746937509e-01 1.9601663070e-01 4.6315658143e-02 1.2270796609e-01 2.1677783441e-01
6.9997384289e-02 1.8086606479e-01 -1.7631086069e-01 3.3956520872e-01 2.1052403696e-01 3.3848890536e-02 -8.3989080740e-02 -1.3757566750e-01 -4.4569682708e-02 -2.3249970804e-01 2.5523936067e-02 8.3478165110e-02 -8.4984993376e-02 -2.4949816808e-01 1.5400574830e-03 -5.2836102688e-03 -1.6043188478e-01 -1.9733611656e-01 5.9973324725e-02 3.6702662794e-01 -2.0472600265e-02 -1.1065415262e-01 -1.3697830333e-01 -5.8844414044e-02
1.8180333292e-01 2.7320934583e-01 -2.8351462107e-02 2.2581752708e-01 -1.9508798836e-02 -1.5186227592e-01 -3.5161780135e-01 1.9407428914e-03 1.7161656989e-01 1.9163707360e-01 2.3643688901e-01 -1.8400795149e-01 4.1656524087e-01 1.3361529357e-01 1.4522103332e-01 2.5626019088e-01 -5.8859393083e-02 9.1701792744e-02 -1.1629114490e-01 -9.3875178788e-02 -3.2776920495e-01 6.3354713944e-02 1.5375050228e-02 -3.5046186323e-01
-2.3609402018e-01 -3.1924679846e-02 7.3004751424e-02 1.6045608415e-01 4.7158214863e-02 1.5263157313e-01 -5.8541905985e-02 -1.0853624246e-01 -1.6572224620e-01 2.6842733107e-02 3.4593235105e-01 1.0973127791e-01 -8.1036408280e-02 2.2028578829e-01 5.6051528564e-02 -2.0861688201e-01 -3.2507838018e-01 -2.2532769212e-02 1.6422257652e-01 1.3929129826e-01 7.9657656180e-02 9.9632136663e-02 1.2254768314e-01 2.0337205130e-02
-3.5330611514e-01 -2.4531342014e-02 -2.3829746443e-01 7.4433661996e-02 -7.3160387145e-02 1.0292131426e-01 4.2061444874e-01 1.5361350012e-01 -3.7354626189e-03 -1.3108679672e-01 1.9673275911e-03 1.5922394950e-01 -2.0843168983e-01 -4.0828384710e-01 2.5117876749e-01 1.5694886246e-02 7.5397115965e-02 -2.5995812060e-01 1.8998575619e-01 1.1915483063e-01 -5.0952513516e-02 4.1506405249e-02 -2.0690184181e-01 2.9969671918e-01
-1.3971294994e-01 -1.9752607264e-01 -1.4078371898e-01 3.0136900898e-01 -3.0807347697e-01 -3.8504835291e-02 4.8514160884e-02 -2.0233382004e-01 -3.8856296205e-02 -1.2668991629e-01 2.0890707541e-01 -1.7199780252e-01 -1.1281666768e-01 -1.3529643089e-01 -9.6455193039e-02 3.6529289341e-01 3.7344685558e-01 -7.2993044405e-02 1.5390819703e-01 1.6907059224e-01 3.0045049469e-01 -2.7036076286e-01 -3.7012948152e-01 8.9322005353e-02
6.0668887267e-02 1.4845218349e-01 -3.4539467694e-01 2.1122513124e-01 -1.3870891954e-01 8.5323292945e-02 -3.9787737916e-03 1.0481943736e-01 -1.8964842987e-01 1.2692163605e-01 -1.6770243814e-01 -5.5466982899e-02 2.6448932118e-01 -3.4998452734e-01 1.3660382278e-02 6.5662438333e-02 4.5771476467e-01 2.2978730094e-02 6.7050646852e-02 4.4803641462e-02 3.1096886855e-01 -4.1331964299e-01 6.0599842656e-02 2.5204641306e-01
-2.3528793882e-01 -3.6087773139e-01 -1.0963267680e-01 -3.6593754693e-01 -1.5471243317e-01 2.3263885817e-02 1.0428637779e-01 -2.5804178075e-02 -1.8287930277e-01 1.7893037000e-01 -2.3132464238e-01 -1.6100893205e-01 1.8112690234e-01 1.0139766797e-02 4.7135171705e-02 1.1065115042e-01 6.0425347355e-02 -1.3444652450e-01 8.1775049324e-04 -1.1897901130e-01 -2.3664778281e-01 6.3166066774e-02 -1.1434706096e-01 3.0331083833e-01
-1.8501697033e-01 6.8561001984e-01 6.4342508113e-02 2.1530968364e-01 -3.6858074573e-01 1.5870073172e-01 2.6450046492e-01 3.4805587790e-02 6.0301757868e-03 -9.7448342623e-02 1.9139699710e-01 5.0936563407e-01 1.2927229311e-01 4.0363245310e-02 -4.3556254172e-02 2.4314265023e-01 -1.3677182517e-01 3.2549071706e-01 -1.5683862190e-01 -1.1846461434e-01 3.4754515307e-01 -2.7351044388e-01 1.3337112331e-01 1.0830479257e-01
3.9819718463e-02 -7.8347666623e-03 -2.1735093282e-01 -2.5085023233e-01 -6.0692226008e-02 1.3943375994e-02 1.2769300950e-02 2.3321953538e-01 -1.0931477820e-01 -1.4817502315e-01 3.5396892698e-03 -5.6855401469e-02 1.3914481208e-01 2.2844767518e-01 -2.4634260163e-01 3.4246096729e-01 -3.0030261419e-01 2.9294481834e-01 1.1699711953e-01 -3.4937306757e-01 -3.2330983998e-01 1.5062327113e-01 7.8759142061e-03 -2.6406328064e-01
2.7122174898e-01 8.4533622521e-02 -1.1525313469e-01 1.2292076587e-01 2.7871045207e-01 1.8124309807e-01 2.2954554529e-01 -1.6529151501e-01 2.8651030548e-01 2.2721513099e-01 -2.9133903562e-01 -7.1604970067e-02 3.0806516095e-01 1.5004299813e-02 6.0255248702e-02 -1.1719983668e-01 3.4639872871e-02 3.4171727131e-01 -2.9673366490e-01 -1.9178593685e-01 -1.8633843506e-01 2.2197211029e-01 5.4864538990e-01 -1.3823842715e-01
2.5610543079e-01 2.4890418256e-01 4.6167539517e-02 2.1399206441e-01 -7.5552140793e-03 -1.4817744508e-01 6.0600671749e-02 6.8498355970e-02 2.3298291179e-01 -2.6876525830e-01 -4.3116589313e-02 7.3089117255e-02 9.7334214299e-02 -1.8023766710e-01 -2.6932964013e-02 8.8259511682e-03 -2.4121052830e-01 -7.4111971147e-02 1.1580331528e-01 -4.3946871107e-01 -1.3857901516e-01 -1.4323150038e-01 -3.4256967878e-01 5.9550777159e-02
2.9430477533e-01 1.4959561418e-01 3.8694053634e-02 -1.4517830756e-01 -3.1661867401e-01 -2.6774501511e-01 -3.4205075993e-01 -2.3647220145e-01 8.5323101271e-02 2.0987657840e-01 2.6664167563e-01 -6.5153383631e-02 -1.2141650644e-01 -3.4254614141e-01 -2.9374296320e-02 1.3645160842e-01 5.6745155702e-02 -5.4996579630e-03 2.4738114496e-01 1.5356928728e-01 -6.7493589868e-02 4.0029925407e-01 -1.8896020213e-01 2.7843682304e-01
