3.0170402832e-02 -1.9270057812e-01 6.3816993626e-02 1.0855604436e-01 -1.7964861586e-02 -9.3707234318e-02 7.1473618221e-02 9.7505717228e-03 2.6071642595e-02 2.7219147922e-02 -1.1385600680e-02 1.6218946697e-01 1.2868972528e-01 -1.8391023740e-01 1.3929574480e-02 -1.4799121476e-01 1.3154459015e-01 1.7348634189e-01 -1.1195970205e-01 7.2894215788e-03 -5.5909337478e-02 -5.4679622382e-02 -2.3600049044e-01 -5.2607045767e-02 2.3579505512e-01 2.1857185398e-01 7.6904791753e-02 6.1086250135e-02 -3.5174255441e-01 -2.1099471672e-01 -6.0314485527e-02 -1.5775170195e-01
-1.4901763093e-01 -1.0132018023e-01 -2.0606707039e-01 8.9184367306e-02 1.4650221125e-01 7.0727385405e-02 -2.1729505316e-01 1.0232851458e-01 2.0547509474e-01 1.1718446307e-01 1.0686013785e-01 3.7496513043e-02 1.3566683315e-01 -2.7954873977e-01 -1.1592315029e-02 -2.9953122082e-01 -3.2727555539e-01 -3.5185821065e-02 -3.2568983505e-01 -1.6483505640e-01 -1.0761963728e-02 7.5319123270e-02 -1.8045093336e-01 -4.0102605847e-01 1.4372656588e-01 -1.5465748437e-01 1.2963865120e-01 1.1348689322e-01 3.0599894039e-01 2.1619994235e-01 3.1188009863e-02 1.9164089627e-01
4.7303254434e-02 -2.3601260786e-01 -2.0004546266e-02 4.8292801219e-02 -7.0758016864e-02 3.7777183883e-02 1.7492665288e-01 -1.7400211430e-01 -3.9613999249e-02 3.3598469293e-01 -1.3554936165e-01 -1.5151088422e-01 -8.9836108881e-02 5.4527360418e-02 -1.3312270103e-01 2.1079774362e-01 3.6612144745e-01 -5.5102837480e-02 1.9592364755e-02 2.2570257979e-01 4.6961391748e-02 5.6687965527e-02 8.5848360423e-02 -1.5364642098e-01 1.9730470581e-01 1.2597995252e-03 -8.3864660194e-02 -2.7785012896e-01 -2.0458615039e-01 2.3312469416e-01 -5.9800921593e-02 2.5844545017e-01
2.6219705718e-01 -3.9471371430e-02 -3.2182874292e-01 2.1930047714e-01 2.4247323845e-01 2.5580264781e-01 1.0474382429e-01 -3.7147761090e-02 8.7908514759e-02 -1.0467446083e-01 -1.0282579400e-01 -1.7802645247e-01 -7.7253943546e-02 -1.6712116138e-01 -1.2193120902e-02 -1.6536150489e-01 -5.2038336973e-02 -5.7415720149e-02 3.4381770072e-01 -1.8274827798e-01 3.3708607863e-02 -6.0803348674e-03 2.4306410233e-02 6.9746547702e-02 -7.4824612971e-02 3.3434892358e-01 -1.1828192961e-02 -2.2740783470e-01 1.1212425897e-02 4.3040197697e-01 9.0577230914e-02 3.4303005227e-01
1.1723192332e-01 -1.6185581809e-01 -3.6677163428e-02 -4.6827433051e-02 -1.0783697737e-01 2.6724721306e-01 3.3206237629e-02 2.0433085268e-01 3.6886531783e-02 -1.0900984328e-01 3.1632464488e-01 -2.9005515498e-01 -1.5046162735e-01 1.2446499942e-01 -1.6062674665e-01 7.3720839798e-02 -1.5315809165e-01 4.1165648987e-01 -1.2254768331e-01 2.0990003305e-01 4.1401701365e-02 -5.4171501547e-02 -8.6682186929e-03 5.3002312605e-02 -3.2013749808e-01 2.5628984823e-01 9.4031980539e-02 -4.0737216333e-02 -1.8775333732e-01 -9.4427034944e-02 -4.2255616390e-02 3.1264532397e-02
-3.3811588622e-01 -1.0423171205e-01 -7.0386243856e-02 1.0661167023e-03 -7.2116928713e-02 -1.5528387114e-01 -4.1409831273e-02 3.6810254909e-03 3.2230976466e-01 -2.4739056155e-01 -4.4464843259e-02 2.1211004334e-01 -1.7012333053e-01 8.5891993702e-02 1.6986009294e-02 3.0428474237e-01 1.6970736916e-01 7.3223236370e-02 -2.5886621305e-01 -1.9216880597e-01 -6.1942049135e-02 3.5038682312e-02 -1.9080069122e-01 -1.8476837157e-01 5.8783201709e-02 1.4977433427e-01 -5.5607054963e-02 1.3891730434e-01 9.0012124594e-02 1.3387966740e-01 -3.1502648603e-01 8.8470714931e-02
3.9752158827e-02 1.8276680947e-01 1.6757769822e-01 5.9241458548e-03 8.3877290942e-03 2.6431967437e-01 1.0799939342e-02 1.6548837600e-01 7.5015983595e-02 7.0780636442e-02 2.2375298926e-01 1.3303603122e-01 1.2814380398e-01 -2.1217739863e-01 2.2294832461e-01 1.2442401017e-03 -6.1050029669e-02 2.8350394905e-01 9.0729307834e-02 -8.8422918286e-02 -1.7720182989e-02 2.2237919005e-01 -2.2157508873e-01 -7.0672108568e-02 2.0374167210e-01 1.1953043075e-02 -9.5214265400e-02 -1.4466691059e-01 -1.5793854958e-01 2.7493622002e-01 9.8228996494e-02 1.2510399879e-01
-2.5700490723e-01 -1.2711743757e-02 3.7089043755e-01 -1.3160310426e-01 -7.8603485704e-02 -1.6223622544e-01 -1.1522705412e-01 -4.1465749147e-02 1.2991728176e-02 -1.3002813455e-02 -1.5023797263e-01 4.3327342106e-02 -8.8163504426e-02 4.6660450159e-02 3.0433870524e-02 -3.7561987838e-01 9.9489880681e-02 -6.1387707802e-02 2.7366880192e-01 1.7171593404e-01 3.5729263437e-01 3.1910943883e-02 -5.0010721818e-02 1.3295253600e-01 -5.9994288316e-02 -2.1473932255e-01 1.4772967993e-01 -2.0570204373e-01 2.7629657600e-02 -2.3900868342e-01 -1.1709579688e-01 2.5026185759e-01
-7.6823904081e-02 -2.6941434903e-01 1.6915470555e-02 1.7716734626e-01 -1.7208393335e-01 -5.8869566344e-02 -1.7334559727e-02 -2.2492132914e-01 8.0628239002e-02 -5.2699043969e-02 -6.3743892984e-02 1.2400729017e-02 2.8497472927e-01 -7.6117346926e-03 1.6196847791e-01 3.8888102778e-02 -8.3094094787e-02 -1.4751000622e-01 -3.8255937503e-02 -1.6146632096e-01 5.1474866461e-02 -1.4116226117e-01 2.8389332112e-03 -8.2295392186e-02 -6.7291864239e-03 1.0482822099e-01 -1.3749018561e-01 5.3258278719e-02 -8.6343148599e-02 5.2564371170e-02 -4.5121048838e-01 -2.2392506240e-01
-1.7042838519e-01 -1.7148025702e-01 -7.9358670186e-02 -5.5199765889e-03 3.1862652607e-02 2.3608177013e-01 -4.9776180092e-02 -3.7341648732e-02 -2.7459522819e-02 1.9289768230e-01 -1.1672570254e-01 7.0708010594e-03 7.4547971613e-02 8.2110629472e-02 2.8193861912e-01 1.8844752941e-01 -4.1330133779e-01 -1.7669359324e-01 2.8991151952e-02 1.6964462283e-01 2.5208514123e-01 -2.0100234820e-01 -8.9833209837e-03 -1.3329554925e-01 -2.1517935528e-01 1.3294520737e-02 -2.8828320537e-02 -1.4818424912e-01 2.1753004315e-01 -2.3864838413e-01 -7.0034276594e-02 -2.8000362127e-01
3.2395739548e-01 1.7868323964e-01 -6.8867814464e-02 -2.1223869700e-01 3.5873898150e-01 1.5082739111e-02 -2.3946247999e-01 1.6811795056e-01 1.3899727720e-01 3.7679247455e-02 -1.7338441879e-01 -2.2296243982e-01 8.3202701005e-02 -4.0671741065e-01 -2.6772323417e-01 1.9563847638e-01 -1.9227666294e-01 4.1935145234e-01 -4.9017373500e-01 -2.6137694021e-01 -6.3433409996e-02 -3.1892966004e-02 1.6182569991e-01 -2.2643282174e-01 -1.0859491557e-01 2.8505194484e-01 4.5300718203e-02 2.1614830262e-02 -1.6736333276e-01 2.0855712366e-02 -3.8870130942e-01 1.7452988502e-02
9.0422987506e-02 -3.2374013502e-01 -1.1181110312e-01 -1.8013558482e-01 -2.4019973726e-02 5.4268668462e-02 1.5259652330e-01 5.5488582026e-02 9.7833403579e-02 -7.7430487711e-02 -2.1102234612e-01 7.5548082208e-02 -2.0068944622e-01 3.3238936452e-02 2.0922649231e-01 -3.3993196436e-01 1.1713580808e-02 3.1567918529e-01 -1.4182914362e-01 -5.5770353195e-02 6.3325643360e-02 -1.0922589299e-01 -2.0176244753e-01 4.5191229648e-02 -2.5721520432e-01 2.3694463577e-01 2.6014792616e-01 2.4358692803e-03 1.5544571748e-02 -8.4030909006e-02 1.1732731667e-01 4.1310619526e-02
-2.1195622341e-01 2.5781534947e-02 2.1762320274e-01 1.8505931491e-01 1.4705695149e-01 -2.1575844395e-02 1.0170160545e-01 4.8538116528e-02 1.6188606916e-01 2.9767125681e-03 2.7768376415e-01 -5.4639543017e-02 -1.6307294026e-01 -2.0050952298e-01 3.5086715982e-02 1.9065982228e-01 -3.1921184724e-01 -4.0789047131e-02 3.0473100833e-01 1.3959751294e-02 1.7367220239e-01 -5.8028196730e-02 -1.3592770786e-01 2.3653723095e-02 -7.0622088186e-01 1.0092215985e-01 -5.5720653798e-02 -4.5401317504e-02 -2.2240007439e-01 9.4623522983e-03 -3.9495818851e-02 6.4214524471e-02
1.4410435078e-01 -1.6920698430e-01 8.3690643211e-02 -1.6272144253e-01 -6.2839696498e-02 -4.2810804091e-03 -8.4618289498e-03 -3.4683100741e-01 -1.6612367870e-01 -1.7591232163e-01 -6.6906069035e-02 -3.0055461783e-01 1.7440084109e-02 -5.1259940962e-02 1.9150906311e-01 -5.6461617895e-02 -1.8497311167e-01 -1.0350449403e-01 3.5530548446e-01 1.0456505975e-01 -2.5338513926e-02 -6.9838905131e-02 1.0036223696e-01 1.8703124201e-01 7.5398463636e-02 -1.6991533134e-01 -9.5739510979e-02 -2.8064101086e-01 -9.3977873982e-02 -1.3932209319e-01 1.1467026026e-01 1.1388758797e-01
1.5150147722e-01 1.3565904945e-01 1.1258862990e-01 -3.6257428739e-01 6.9899003817e-02 -4.5134337046e-01 -7.4030433561e-02 2.2070672278e-01 1.1613014521e-01 7.2788476867e-02 5.8165492365e-02 -2.2957283249e-01 2.5890402318e-01 -8.5920417197e-02 2.7481230450e-01 5.8375971132e-03 -3.7920676027e-01 -1.3238072838e-02 -1.4703700006e-01 -1.2288962542e-01 -4.2304496262e-01 9.7537031482e-02 -3.8681392338e-01 -2.4360019464e-01 -3.5795986476e-01 1.0153872471e-01 1.7942167620e-01 -2.0276724318e-01 3.9076997108e-02 8.3571282629e-02 1.6476393911e-01 -2.5066089985e-01
2.5784295710e-01 -2.3942367068e-01 1.9643694936e-01 8.0051187261e-02 -8.6611768131e-02 -3.8635605493e-01 -9.6229669591e-02 -1.0950671510e-01 4.8883931034e-02 1.1311522287e-02 -2.6819227966e-01 -7.6867386663e-02 -1.9455919980e-01 -5.7365811281e-01 -7.6148367325e-02 -3.4509846664e-02 -8.8384787096e-02 3.0505921593e-01 7.9912542939e-02 4.0821704876e-01 -1.5663999572e-02 8.6540663404e-02 -3.0787014168e-01 -1.9664805836e-01 -8.2829811633e-02 -1.5828226284e-01 -4.9390277510e-02 -3.4761555613e-01 1.0758150507e-01 -2.5136495048e-01 2.0344801709e-02 3.8860779883e-01
-4.7564327824e-02 -2.6128776717e-01 -8.5053795410e-02 2.1465228614e-01 -1.2753061609e-01 1.4120951637e-02 -3.2697900768e-01 -6.4137156906e-02 -1.7766075587e-01 -1.9814929433e-01 9.3817945028e-02 -2.6418274698e-02 5.8987381122e-02 1.4423842389e-01 -6.9835836123e-02 -8.4762130118e-02 1.3569702065e-01 5.2839662762e-02 7.4439492094e-02 1.5284673352e-01 -1.1762397754e-01 2.2325618624e-01 -4.6370508378e-02 -2.3410642616e-01 4.5232969645e-01 -1.3133211620e-01 -4.1194597949e-02 -1.5902155560e-01 7.3558029818e-02 -1.0852248196e-01 9.9820481276e-02 -3.3223131899e-01
-4.4741723882e-01 -1.3403955128e-01 7.2536213035e-02 -5.9476465293e-02 -2.0579715965e-02 7.3681430181e-02 1.1091436206e-01 -9.9540635600e-02 -1.7704850668e-02 2.6074503701e-02 4.1918924300e-02 1.8838232390e-01 1.3866063091e-02 -1.8969491399e-01 -6.8121172809e-02 -5.1599882837e-03 1.4389632693e-01 7.5001483308e-02 -2.3605086123e-01 -2.6579226680e-01 3.1545990426e-01 -1.8453920188e-01 1.8267863821e-01 2.6204926577e-03 1.6296738831e-01 -2.3736180722e-01 7.1916324296e-02 2.7714968334e-01 -1.0516105983e-01 2.4117372321e-01 8.9464218835e-03 1.1676831523e-02
-1.3620662064e-03 -3.0163208687e-01 -4.3934977359e-02 -9.5795789315e-03 -9.7062717791e-02 -8.4254058410e-02 7.3118039293e-02 4.4600224894e-02 -4.9936434224e-03 -5.4854996642e-02 1.6635090906e-01 -1.9492687066e-01 4.5637722788e-03 -1.8044191430e-01 -8.8595102219e-02 -1.4245941013e-01 -3.5043823623e-02 -2.0313219430e-02 -1.6280595310e-02 -4.8295797953e-02 4.2404911287e-01 3.7547852080e-01 1.3003232788e-01 1.3973934853e-01 -4.8981472194e-01 -4.1981095911e-02 -6.1932296862e-02 1.6815072640e-01 4.1307774982e-01 -4.1251863637e-02 1.8993072848e-01 -4.9441613595e-01
-3.5352877812e-01 1.2540327229e-01 -2.6241042683e-02 -2.1396366854e-01 3.6797852750e-02 8.3836553472e-02 9.3265225512e-02 -2.0835938615e-01 -1.9959164371e-01 -2.3687521919e-01 -1.5929583844e-01 -8.9236050808e-02 1.6848735287e-01 -2.0368655961e-01 5.4038268915e-02 3.0914901807e-02 -8.6437819943e-02 1.8947193844e-01 1.4786691045e-01 -5.3565067430e-02 3.6516600871e-01 2.7009764544e-03 -2.4449721158e-01 1.2147431608e-01 -1.1795018145e-03 -2.3566755054e-01 1.3187453847e-01 -6.1412346006e-02 -2.4014195869e-01 -1.7599877635e-01 1.8571600525e-01 -7.8440187151e-02
-2.3823187217e-01 1.1687775053e-01 -1.2159626658e-01 1.2503449926e-01 2.4692174094e-01 2.3308823143e-01 -3.6791135941e-01 4.6368402402e-01 2.5990860312e-01 5.3234470683e-03 -2.9372980053e-01 4.5681790187e-02 -9.6915981486e-02 -2.8644754940e-01 8.8377604931e-02 -1.1211336217e-01 1.0007056487e-02 3.3656815416e-01 2.1558461707e-01 -7.3059963173e-02 -2.1796305447e-01 3.5033742229e-01 4.6682921235e-02 -1.8599150630e-01 2.3865559498e-01 5.4529526114e-03 -2.1435979805e-02 -3.5957896591e-01 -4.3544410427e-02 4.6295845692e-01 1.4593351173e-01 -2.1223225965e-01
3.3089875871e-01 -1.0615082490e-01 1.3199523377e-01 6.7153673220e-02 -1.1694009889e-01 2.0080263804e-01 -4.6812237916e-02 -4.7993245411e-02 -2.4553404469e-01 -1.1089847971e-01 1.0214871242e-01 1.4442074189e-02 7.6999518589e-02 5.3805060233e-02 -5.5980462909e-03 -1.8846482560e-02 1.8725992462e-01 4.5871073626e-02 1.1003559624e-01 3.1299031027e-02 -5.0526858307e-03 -2.9364587910e-01 3.3297918164e-01 4.4720027913e-01 3.1878467195e-01 -2.4036486165e-01 -2.8419524373e-02 -1.0580246570e-01 -3.2930203634e-02 -1.3786064650e-01 3.5860857175e-02 1.1717124961e-01
9.5897139422e-02 7.3034853465e-02 -1.5546975812e-01 3.2096406961e-02 1.3551991722e-02 1.1571966523e-01 1.7326459640e-01 6.8288252315e-02 -2.5087436337e-01 2.9374343369e-02 -1.2414321303e-01 1.1274068413e-01 -2.2488254585e-02 1.8685103398e-01 1.4794230587e-01 3.5645212815e-01 2.4902371705e-01 5.7265249392e-02 7.6555596558e-02 -7.5017569373e-02 -2.3671111312e-01 5.0231841592e-02 -9.5824554423e-02 3.0213777241e-01 -4.7571326292e-02 4.0564689274e-03 9.1723294692e-02 8.5364861989e-02 2.3195292875e-02 -4.2788748155e-02 -1.8920872250e-01 -1.0190619605e-02
-1.6893661647e-01 -1.0898054625e-01 -4.8098453556e-02 -4.4555206073e-02 -1.3158902389e-01 -7.0001020777e-02 1.2005460071e-01 -1.5215755908e-01 -3.0994345110e-01 -4.1337540123e-02 -1.1839936250e-02 -2.6797140762e-01 -9.4452019223e-02 -2.7396830406e-01 -5.0477994531e-02 8.3258348510e-02 1.4222635197e-01 1.5495395989e-01 3.2220983574e-02 1.4105276444e-02 2.7882816054e-01 -3.7030957096e-02 1.1506787439e-01 -7.1224933813e-02 2.2881555283e-01 -3.2580813284e-01 5.2433011722e-03 -6.1431042550e-02 2.7248210672e-01 4.9578525588e-02 8.8184264074e-02 -2.8345003931e-01
-3.2628162672e-01 -7.2391060908e-02 1.5406073884e-01 6.9211333858e-02 1.0782507151e-01 9.9181075284e-02 2.0834992122e-01 -3.9606867508e-01 3.6046778173e-01 1.5509888245e-01 -9.9784620302e-02 -2.0339331631e-01 1.2463141858e-01 -7.4005863193e-02 1.1196109820e-01 1.3463248401e-01 -1.9118107333e-01 8.1208034106e-02 -1.2347971993e-01 -1.3346265471e-01 -2.5585524157e-01 1.6254361942e-01 2.0647815018e-01 -8.4810864257e-02 7.3727421413e-02 -1.5743961337e-01 7.9856496393e-02 3.7281405807e-01 3.2665116351e-01 4.7866381547e-02 6.6006906098e-02 -2.3968227427e-02
-3.0521924113e-01 2.4896651720e-01 2.3519548865e-01 4.6341226815e-02 4.1814071420e-01 -1.7234515718e-01 2.8031793106e-01 -9.4755093399e-02 1.5979501348e-01 -1.0645541921e-01 2.4472520809e-02 -2.7758216149e-01 1.2821197075e-01 -3.3491456619e-01 7.5893402132e-02 -1.9619291660e-02 1.0425395695e-01 2.6775242881e-02 5.0463281044e-02 4.6849855151e-02 1.5538150235e-02 3.7467224130e-02 1.6276220143e-01 -1.3129254364e-01 2.5268791412e-01 -1.7373024728e-01 1.9605903087e-01 -4.1979154445e-02 -1.1122081863e-01 -2.7005227319e-01 -2.4327337504e-01 -9.6713028422e-02
-3.7290405539e-01 -7.4778700450e-02 -2.1027604082e-01 2.3835296756e-02 -1.1832037518e-01 2.0957408548e-01 6.6101979371e-02 -9.9128065559e-02 7.4264959762e-02 7.6046013238e-02 -2.4055951922e-02 -1.2019617805e-01 -1.5108613095e-01 -1.2066584454e-02 4.0006250964e-01 -3.1273230232e-02 6.7290006298e-02 8.5476000517e-02 1.7688865629e-01 1.0233238325e-01 -1.2093429658e-01 -1.6748351326e-01 -2.0997711705e-01 4.2329768554e-02 -2.8153026347e-01 -1.9304514904e-01 1.4273643487e-02 1.1372512427e-01 1.4726816908e-01 -1.8618105147e-02 -5.7650381567e-02 2.9306642717e-02
1.4080283469e-01 1.5808933644e-01 -2.2185036183e-01 -9.3177759486e-02 -9.0564646484e-02 1.1619413181e-01 3.3248478748e-01 2.3123090390e-01 3.0248672020e-02 2.3501045625e-01 -7.9038989610e-02 -1.7512200975e-01 2.7406378788e-02 -2.7721796602e-01 1.6387833981e-01 -9.6759740434e-02 -5.7652394416e-02 -1.4742555847e-01 2.2765093255e-01 5.9253197682e-02 1.8926845360e-01 1.1811645829e-01 1.5645006194e-01 1.3383281764e-01 1.0945234390e-01 6.4743634607e-02 9.1819410652e-02 2.8049444733e-01 1.4197390808e-01 1.3456020517e-01 4.0511036057e-01 2.5956511366e-01
-8.3186139903e-02 5.4780069630e-02 -1.0840288487e-02 1.3747347989e-01 6.9178197727e-02 -1.3046967744e-01 -6.2224644192e-02 2.6700968150e-02 -4.2425548059e-01 2.4949495054e-02 -6.1463672540e-02 -1.6514099864e-01 3.3469482302e-01 -3.3418914713e-01 8.0809321223e-02 7.8215619941e-02 4.2355575451e-02 -2.4452411846e-01 -1.5106793072e-01 -2.3138863236e-01 -7.8444581612e-03 -2.8430956035e-01 -4.5202736106e-01 2.3444215345e-01 -2.8840795456e-01 1.6245258438e-01 5.2526649937e-02 1.9526858620e-01 2.3265210758e-01 -1.3257086990e-01 3.4433798317e-01 -2.2789832319e-02
-4.3772105932e-01 2.3378653497e-02 2.7096958953e-02 1.1182407065e-01 2.3291643629e-01 -3.0851967019e-01 -2.0379434518e-01 -4.1520116856e-01 -2.4437472785e-01 1.9585533104e-01 1.0515642072e-01 5.0907373077e-02 1.0295193028e-01 -1.9792512409e-01 2.6028337608e-01 -8.9218370746e-02 -1.5406081914e-01 -2.4425162930e-01 -6.1870419807e-02 7.1919209464e-02 -1.5194473265e-01 -1.6666056450e-01 -1.5019962370e-01 4.6383789510e-02 -1.0378892559e-01 6.8748521365e-02 1.7711113533e-01 1.0097278762e-01 -1.1956842663e-01 -1.4482601309e-01 -6.1058775815e-02 -1.9501547259e-01
-2.5124174627e-02 6.3254604761e-02 9.9427524125e-02 -1.6465534552e-01 -4.3824503726e-02 1.8466140761e-01 1.4596942377e-01 1.1563259415e-01 -2.8619216742e-01 1.8732435559e-02 -1.5128784516e-02 6.5355958908e-02 1.1286502020e-01 -1.2457038373e-01 -1.7252567236e-01 -6.5574560885e-02 -1.7413348729e-02 2.0497420887e-01 1.8341963138e-01 -1.0917139920e-01 3.6666859757e-01 4.6508561536e-01 1.5965420913e-01 3.4775856108e-02 -2.5547333910e-01 3.5890857817e-01 2.5450893565e-01 -1.9909910890e-01 -3.8395832271e-01 8.1885050961e-02 2.2375601804e-01 -1.3660870543e-04
2.9518304418e-01 -1.5625372184e-02 -6.2315706588e-02 7.5916162536e-02 9.0030071126e-02 3.0180236131e-01 -2.9720461911e-01 -3.2681261801e-01 -2.2743460885e-02 -6.6492650580e-02 -3.5048652065e-01 -1.2152786056e-01 -2.7693110396e-01 4.2523296229e-02 1.6624127786e-01 -2.6110906488e-01 7.6437153359e-02 4.0141966757e-02 -2.7219361042e-01 -1.5479164670e-02 3.1700939837e-01 -6.0419091348e-01 -5.7605952528e-02 1.7356025836e-02 2.4390930540e-01 -3.7082879994e-01 -1.9343513158e-01 3.5370960982e-01 -8.3465783210e-02 2.1118550234e-01 -4.8192565543e-01 -9.3847860288e-02
