-1.2091418675e-01 -6.4936263097e-02 -3.1985994769e-01 -1.9396965487e-01 3.0470335420e-01 -1.3968994189e-01 -2.7064686271e-02 1.3422876030e-01 -5.9108275183e-02 1.7584025841e-02 -1.2902042795e-01 -4.3344754890e-01 -1.3708831213e-01 -4.6129035321e-02 7.6975746426e-02 2.1415184623e-01 1.1286185921e-02 1.0860950552e-01 2.9465242581e-03 2.6587730160e-01 1.1117808010e-01 1.2382847758e-01 -1.2457600248e-01 -4.8557851185e-02
4.1401790631e-02 6.6443063994e-05 -2.5683022330e-01 1.1184243053e-01 1.6192190139e-01 -1.3424850301e-01 -4.2164000692e-01 -1.0757107058e-01 2.6465365230e-01 -8.6240248250e-02 -1.6751380326e-01 -1.0694637546e-01 -4.9548190030e-01 6.5728162471e-02 1.7619731452e-01 1.8606511052e-02 -3.0257080417e-02 2.4889234764e-01 -2.6666514235e-01 3.9570269412e-01 1.8261665718e-01 1.2134622018e-01 -9.8324972378e-03 -3.6898751089e-02
1.3562098807e-01 -1.5271530317e-01 -1.8024916470e-01 7.4732057506e-02 2.3232694360e-03 -1.2702852921e-01 1.8682274325e-01 -4.3157329266e-02 -1.2250880503e-01 2.2594801758e-01 -1.8143517055e-01 -3.3276825241e-01 -7.2070855711e-02 4.6916444069e-02 -1.3893512644e-01 1.4394414500e-01 -1.1440827680e-01 8.4550750908e-02 1.1123784887e-02 2.9211414150e-02 1.0106748300e-01 -4.3413649453e-02 -1.0337856734e-01 -1.2540640697e-01
-2.7136192873e-01 -7.9958103304e-02 1.4096395023e-01 -3.2471090531e-02 -2.3789760751e-01 2.5924745011e-01 1.8095309081e-01 -3.5198512837e-01 -1.3257684462e-01 -3.5820535523e-02 -1.9050507063e-01 7.7268201318e-04 -1.7917470672e-02 1.1608619732e-01 -1.9300142274e-01 8.9372038821e-02 4.8007047724e-02 4.2795901452e-01 -7.8632045159e-02 -2.6093249102e-02 -4.9306268854e-02 -4.0589414721e-03 -1.4492607613e-01 -1.0884344076e-01
2.1428148295e-01 7.4255503623e-03 1.4835547471e-01 -5.4257936590e-02 -3.2716528828e-02 3.8128006285e-02 2.4092641457e-01 1.6661925508e-02 -1.0438109227e-01 7.4813000947e-02 1.3240205466e-01 -7.0515968553e-02 9.1977184986e-02 -2.3388776465e-01 -1.1267270053e-01 -2.0124977147e-02 2.1718877386e-01 3.0096109201e-01 6.4098213463e-02 -1.3360875791e-01 -1.3167305234e-01 1.6841242281e-02 -1.3360657140e-01 2.4025840402e-01
-5.3655573846e-02 3.2699136034e-01 1.0726833405e-01 1.8045429871e-01 8.7735877211e-02 -1.9155449429e-01 8.0080472042e-02 1.6514915579e-01 -4.6757793138e-01 -2.2638802219e-01 -1.1970386140e-01 -2.1495216279e-01 2.9268517072e-01 -1.1118319035e-01 8.4247558277e-02 -7.2689378021e-02 3.0411619535e-01 4.3772303918e-02 -1.5836778014e-01 6.3645210970e-02 -3.1367939640e-01 -2.6676471814e-01 1.1408118949e-01 7.1290494468e-02
2.4627714591e-01 -3.6593577272e-02 -2.0632998767e-01 -5.9421958050e-02 8.4437592615e-02 -1.4259287358e-01 1.0207488804e-01 1.4202063842e-01 2.7750009258e-03 -9.3598240175e-03 -3.0715223153e-01 -2.2663868145e-01 1.6026860262e-01 8.6237286840e-02 -2.6629102021e-02 2.7907033713e-01 -3.0357562716e-02 2.2741036410e-02 -1.9674625347e-03 -1.4104660463e-01 -7.5470890048e-02 6.1060676920e-02 2.3251571982e-01 -3.1607708319e-01
-2.1507357033e-02 -2.6217225376e-01 -5.4331215639e-02 1.8403165718e-02 -2.2454145495e-02 8.7817766600e-02 -3.5688048444e-01 3.6395805759e-01 5.5660125468e-02 -1.1476176285e-01 1.5486571366e-01 3.2089924702e-02 2.1323117678e-02 -4.2153575596e-03 -1.6713402062e-01 -2.2425766644e-01 -8.5375212753e-03 1.6567053354e-01 1.9730568195e-03 -4.8823717404e-03 4.1965366811e-01 1.5398589669e-01 -7.6657096374e-02 -2.3554213032e-01
2.5547784446e-01 5.3347940029e-03 -2.7318939415e-02 2.9359512642e-01 8.0655446914e-02 6.6145219051e-02 -1.3133521212e-01 3.4211784760e-01 -5.7898917386e-03 1.7898160179e-01 -2.3893718639e-02 7.2216412265e-02 -1.1643796833e-01 1.1629989165e-01 -1.6040038909e-03 1.6959423718e-02 7.5888512717e-02 -5.0215520636e-02 1.7136925772e-02 1.7444834407e-01 -1.4962639928e-01 -7.7232635591e-02 1.3688195563e-01 -1.3662263009e-01
-2.4581407930e-01 -5.8361609647e-02 5.4551375831e-02 -1.2681282292e-01 -3.9239212119e-01 8.4295524425e-02 9.7094419082e-02 1.9125276317e-01 1.1406174440e-02 -1.0189166650e-01 -4.7935477611e-02 7.8235562414e-02 -2.0450934604e-01 7.7481947317e-02 6.5549007494e-02 -3.0332986797e-01 -7.6438596802e-02 7.5134349204e-02 2.6518462127e-01 -8.6575756252e-02 -6.4897134801e-02 -1.2183072160e-01 1.4709104845e-01 3.5504532115e-01
2.1153007373e-01 -1.6936037766e-01 1.6694812610e-01 -7.3649209580e-02 -9.9940558270e-02 1.2750012023e-01 9.1567645337e-02 -1.3006258653e-01 1.3195798571e-01 -3.0967008484e-02 -1.3804360336e-01 -7.8235514239e-02 -7.3085500206e-02 -1.2916821505e-01 -1.5130833013e-01 2.9925450783e-02 2.8163715983e-02 -1.5079105349e-01 1.1745107385e-01 3.0711205502e-01 -6.8945573714e-02 1.7494602815e-01 -4.2255053966e-01 2.4715434131e-01
-2.9810659400e-01 4.3706554639e-01 5.1144339642e-02 4.4194615104e-02 -1.0163042836e-01 -1.6529795233e-01 2.9383075471e-02 4.1994677337e-02 4.6871027686e-01 4.7434749261e-01 -1.2357417613e-01 -2.4654442549e-01 1.1401074351e-01 1.3722257105e-01 -6.5330593230e-02 -1.6790195293e-01 -6.4084918510e-02 2.2869163715e-01 -1.5688307918e-01 -7.0264973718e-02 -8.7002270114e-02 -2.2424433138e-02 3.0570007913e-02 3.8951224501e-02
-5.3519130690e-03 -6.3314055769e-02 -1.1650707379e-01 -1.1625453893e-02 1.1608916533e-01 1.7706191569e-01 4.7550677624e-02 -2.1287822542e-01 2.0154401456e-01 2.6715641618e-02 2.0612052964e-01 -4.4082044246e-02 -2.2345729356e-01 1.5684837190e-01 -2.5732375958e-01 7.9405355572e-02 -1.2207208137e-01 -1.9837966952e-01 3.1343076525e-02 -1.1772988638e-01 1.7879822159e-01 1.1958251676e-03 1.6741228056e-01 -1.4345624972e-01
1.6715399466e-01 2.6356078167e-01 -4.1158550763e-03 -8.1164241101e-02 7.1054386198e-02 1.4433886846e-01 -1.2118601126e-02 -1.2638867795e-01 -3.4748417357e-01 1.3359742264e-01 1.7911668395e-02 2.1190546986e-01 -1.6988229094e-01 1.4978132105e-01 1.7059786689e-01 -2.5754227575e-01 -1.5797189739e-01 1.0425651316e-01 -1.8571159717e-01 -7.3520275956e-02 3.8710513071e-02 -1.7538673213e-01 8.7605125162e-02 7.3648248700e-02
9.6462189980e-04 2.8143940085e-01 3.7124052110e-02 -2.5928316265e-01 4.0063986141e-02 -2.0394746520e-02 1.4179716536e-01 -2.2669256543e-01 -5.2264628685e-02 2.2351609769e-01 -1.3111332057e-01 3.0426496560e-02 -2.9874363483e-02 -2.3969735375e-01 1.9662583181e-01 -1.1358519594e-01 -1.2889872842e-02 6.2804402951e-02 -2.1643277074e-01 -2.4348241500e-01 1.5068318393e-02 2.0302984726e-01 -8.8951126792e-02 2.2352491262e-02
-2.8863473717e-01 1.4231924349e-01 5.1233599839e-02 1.4855985475e-01 2.1213074089e-02 -1.9108351961e-01 1.3731123352e-02 -1.2620930432e-02 1.6561698140e-02 2.1489161745e-01 1.6805375353e-01 -3.9396374175e-01 4.7318809299e-02 -2.1803017905e-02 -2.1259555961e-01 -3.7476972050e-01 -1.8588592055e-02 -6.3756674810e-02 -1.9229675120e-02 2.2091565153e-01 2.1378022737e-01 2.7414680488e-02 -2.0520832404e-03 3.4437239014e-01
1.5813736887e-01 -1.8050787834e-01 -5.3382835209e-02 1.5614209815e-01 1.8983998809e-01 -2.6352526009e-01 -4.9447059258e-01 -8.5660347553e-02 -1.9686808098e-01 -2.6303878317e-01 -3.1104466691e-01 -7.0346897334e-02 -1.0326496354e-01 -1.3538121549e-01 1.8528996709e-02 -5.5915105981e-02 4.1195104795e-02 5.6541152834e-02 -1.8796819598e-01 -2.0704242735e-01 2.3427777409e-01 -4.0928554899e-01 2.1369285588e-01 -1.5601892308e-01
2.3798417032e-01 -3.6992525661e-02 -2.8196695937e-02 -3.5847936136e-01 -1.6842244895e-01 4.6330999184e-02 -1.2001652588e-01 -1.0556639043e-01 2.1802576391e-01 2.7176131274e-01 -6.1017264281e-03 -1.0761408509e-01 -1.1570598056e-01 -1.0277561663e-01 -2.1702663649e-01 -2.3107447654e-01 5.5896237225e-02 -3.5752246288e-03 -1.4453357807e-01 -8.5723351316e-03 -1.0596852895e-01 -1.6087336602e-01 -2.5048825662e-01 3.2933112526e-01
-1.3104660989e-01 -1.5153089313e-01 -1.5256754352e-01 -8.5577602985e-02 -4.7943426810e-01 1.0803174364e-01 1.7917390475e-01 1.6688831165e-01 -3.2439168956e-01 1.4128122125e-01 -1.7218954916e-02 -2.6408453197e-01 -1.0447177910e-01 -9.6527536286e-02 -2.3651485811e-01 2.2780361103e-01 -1.9068562061e-01 -1.4450610253e-01 1.0324922329e-01 -2.6962853934e-01 1.2701710729e-01 4.0380441090e-01 1.1531938483e-01 8.0972767857e-02
1.2803743524e-01 -2.2987035735e-01 2.8030344064e-01 -6.4201663041e-03 1.1369413842e-03 -1.5399022669e-01 1.3796603305e-01 2.5304252594e-01 -4.8140090401e-02 -3.2572529371e-01 6.1496596497e-02 2.8817337150e-01 -2.5219241783e-01 6.1263781011e-03 8.3884359962e-02 -1.3757960793e-01 -2.4781656413e-01 -3.5968024793e-02 1.7107061961e-01 -8.8689740169e-02 -2.0874906313e-01 -1.5215372917e-01 -1.6160895875e-01 5.8356443879e-02
1.2745012844e-02 1.3641417704e-01 1.6806798265e-01 -3.3940805350e-01 -9.2830041456e-02 -1.6713885207e-02 2.9162359397e-01 -1.1137323940e-01 -3.3311494967e-01 -4.0274873801e-01 2.7421996620e-01 2.0004675882e-03 7.4651562002e-02 -1.4195287384e-01 1.8510914635e-01 -1.7698671054e-01 2.7343532930e-02 3.6058666420e-02 -2.7106558850e-02 -8.1338854538e-02 -1.8306019702e-02 2.2262761076e-01 3.4412909314e-01 3.3373382789e-01
-3.4557452315e-01 -3.8702888370e-01 2.3750035584e-01 -1.7270236994e-01 2.4755733028e-02 -9.7512605928e-02 1.3869632101e-01 1.3287774843e-01 -2.9332248033e-01 -1.5875176944e-01 2.2574762554e-01 -5.6329396211e-01 8.9204531896e-02 7.2189757755e-02 -8.1364552582e-02 6.3248411042e-02 -1.0762126967e-01 8.8234857143e-02 -3.1639306089e-01 -2.4993575939e-03 9.0926951792e-02 2.3623348212e-01 -2.4971797380e-01 5.4664742940e-02
-2.8819640361e-02 -1.0174483891e-01 1.3303082940e-01 1.5119197011e-01 1.1482608749e-01 -3.7829815790e-01 -4.9405514484e-01 4.1644195780e-01 7.8881846588e-02 -1.2933896738e-01 1.4970410093e-02 2.3430129855e-01 -1.5810392466e-01 -1.1121043125e-01 -5.1854470947e-02 -6.2084451342e-01 1.7824794939e-01 9.9264873665e-02 2.2690402296e-02 3.6577810175e-01 7.1950333839e-02 3.8120780130e-01 5.9822764658e-02 1.5383821892e-01
2.7117449054e-01 -1.5941998728e-01 8.3049664919e-02 3.4353468289e-01 3.9620747919e-02 -2.2716740189e-01 5.2530087606e-02 -1.2923417522e-01 -2.7625797219e-01 1.5823559336e-01 2.0453489118e-01 1.9702715391e-01 1.3027322753e-01 2.1083842779e-01 4.5343591191e-02 -3.3561833177e-01 2.2389955930e-01 -9.0500051776e-02 1.7592657582e-01 7.6944855353e-02 -9.4571569209e-02 1.0447903757e-01 2.2942409512e-01 -2.5770933779e-01
2.2712838115e-01 -2.4550431420e-01 -1.9007457639e-01 4.2864301597e-02 -1.1500794622e-01 1.2449559702e-01 8.3463990766e-02 -5.6057384463e-02 -1.2120033395e-01 1.9698759180e-01 -1.5176867317e-01 -5.3123320583e-03 2.7168714241e-01 4.7012128680e-01 1.3680172185e-01 -2.2429207645e-01 1.0788103794e-01 -3.8287837971e-01 2.1979270093e-03 -9.8112175708e-03 -2.4889199382e-01 1.6413619245e-01 8.9083465914e-02 2.1421632294e-01
1.7255836267e-01 -8.6880825025e-02 2.6174853335e-01 -4.3895946367e-01 3.6334605883e-01 -2.1063123680e-01 -1.0318771549e-01 1.3821381615e-01 -1.1727986936e-01 1.2036547864e-01 -7.6333889462e-02 -3.8980828959e-02 2.4173035248e-01 6.2339933111e-02 6.8462266463e-02 2.1568231177e-02 -4.1852794230e-02 -3.1464634831e-01 1.0512150061e-01 -5.8101422560e-02 -1.6546330058e-02 3.3606898760e-01 -1.6869620004e-01 -8.3080552244e-02
4.6490312370e-02 -1.0396426522e-01 7.1793891574e-02 1.4074878553e-01 -1.4736462578e-01 2.8878157503e-01 2.2551919394e-01 -7.1699299187e-02 -2.2236527720e-02 1.2758055323e-01 -3.5930176077e-01 -2.3043122660e-01 -7.8518085307e-02 2.8361313240e-01 -1.4828262611e-01 -1.5368326912e-01 -1.5906204012e-01 -6.7764121231e-02 7.7352032825e-02 -2.2823139323e-01 9.5575376949e-02 -7.4419414575e-02 -4.9870977883e-02 -1.5332622679e-02
-8.0319161585e-02 4.3113344164e-01 -1.1648025071e-01 -2.1612319311e-01 -5.6416180228e-02 1.6150538207e-01 -3.3052455823e-02 2.5787082305e-01 -5.6373236730e-02 -3.6552569179e-01 1.6542375813e-01 -3.7945044707e-01 2.4457882199e-02 -1.2408923247e-01 3.6350947124e-01 2.0149304453e-01 1.8371529611e-01 -2.0426372128e-01 1.9063819923e-01 -7.7346584360e-02 2.0346718090e-01 -3.6168820244e-02 -2.8094203423e-01 2.7452778157e-01
1.5590585902e-01 2.7467514019e-01 -5.3693852602e-03 7.3277097144e-02 -2.1660465308e-01 -1.0493693425e-01 -4.0485382057e-02 2.6711287165e-01 -1.7355538563e-01 7.7169245951e-02 5.4565797992e-02 -5.2261099381e-02 1.0309271905e-02 7.7449948830e-02 1.8793203629e-01 6.4474628919e-02 6.9610149841e-03 1.5802921132e-01 1.6719074735e-01 1.1932573780e-01 1.3860332053e-01 2.9523571546e-01 9.2781686292e-03 -2.6569246172e-01
-2.2956905823e-01 -7.3345090783e-02 4.1780304631e-01 -2.5579035582e-01 2.5870589199e-02 1.7938444853e-01 -5.2393707966e-02 1.5687783081e-01 -6.2942709956e-02 -2.1085029380e-01 2.4427167943e-01 -1.2675205197e-01 -1.5003749429e-02 -6.0115039613e-02 -1.1675214026e-01 1.8400233920e-01 1.7817172443e-02 2.5134445465e-01 -1.7457600422e-01 1.1058722282e-01 5.9697629236e-02 -6.1162446391e-02 -3.6571637753e-01 -9.6100041369e-02
1.1619384812e-01 1.1021144951e-01 2.0446223129e-01 -3.1423196849e-02 1.3500558820e-02 2.2330826199e-02 9.9556008173e-02 -3.1568040403e-01 6.4582726196e-02 -3.7197338780e-02 -2.2684431636e-01 2.9976096211e-01 -6.6581909840e-02 -3.7423206324e-01 8.9235491701e-02 1.9451719603e-01 -3.3600768528e-02 -1.2465728646e-02 2.8589562880e-03 1.1393191242e-01 -3.7866855604e-01 -9.5816699956e-02 1.7267265365e-01 -1.3628191056e-01
-2.3834055116e-01 -1.1695327709e-01 2.7075415300e-01 1.3030496155e-01 -2.7743061637e-01 -1.1147660107e-01 -1.5986063283e-01 -3.9886867644e-01 -2.0872159312e-01 1.9795987730e-01 -1.0732867241e-01 2.5210576782e-01 1.5376412175e-01 -1.2587627607e-01 -1.1649411758e-02 1.8218342670e-01 -1.5027641875e-01 -1.4290191270e-02 -9.5094265429e-02 -2.2669802653e-02 -6.6310599671e-03 1.1525904240e-01 -2.6715000220e-03 1.1538026388e-01
