-7.8499054143e-02 -2.2819385801e-01 1.6392882593e-01 -3.2364316192e-01 -5.6250317372e-02 3.2215757693e-01 -1.2354955173e-01 3.8849118581e-02 1.7369638440e-01 -9.5742901375e-02 1.4560466196e-01 1.6351510928e-01 -3.6561470810e-01 -4.4117900327e-02 -2.0511315764e-01 2.2862082261e-01 -2.6366238109e-01 3.5717016133e-02 2.1467609157e-02 4.0939235563e-02 -5.1347106553e-03 2.3118296013e-01 -1.1313080267e-01 2.5830568594e-02 8.7818155679e-02 -9.2679997969e-02 -6.5837950192e-02 1.5507632643e-01 1.3280408677e-01 -2.4311594857e-01 -1.6179989381e-01 5.4367530827e-02
-1.9012418231e-01 1.8999370372e-01 -2.3762710198e-01 -1.9979523516e-01 -1.9273962199e-01 -4.2426194598e-01 6.9270755119e-02 -3.6510385076e-01 -4.5023767372e-01 2.4861267502e-01 -2.8107058560e-01 -1.0985033418e-01 2.8965070413e-03 1.1339444877e-03 -1.0487305222e-01 2.1901837541e-01 7.9801909250e-02 -2.1529833592e-02 -1.3038974285e-01 -9.9944408526e-02 -1.1283573461e-01 2.0142399007e-01 -2.6726570715e-01 -8.1159841253e-02 -1.0952841090e-01 5.2120024205e-02 3.9025449637e-01 -2.8137342788e-01 4.9277745483e-02 -2.5426870422e-01 -3.0669426555e-01 1.4041130742e-01
1.0496143251e-01 -6.1345970479e-02 -3.5338439045e-01 -2.1635790682e-01 -2.0912366411e-02 -6.4859712464e-02 -1.5976978890e-01 7.0489877081e-02 2.5748055292e-01 2.2002876080e-01 2.0938806107e-01 2.9103377958e-02 -4.7428045351e-02 1.9239083665e-02 -2.0353668424e-01 1.6797282882e-02 -7.7394494611e-02 -1.4133954233e-02 1.4287321364e-02 6.6164847318e-02 -1.2768766737e-01 -1.2416812261e-01 -1.7585113719e-01 2.9417344063e-01 -5.2207468455e-02 -3.3457778296e-02 -2.7710042782e-01 -5.3518719425e-02 -1.6943926356e-01 -2.6305807441e-02 6.2023225072e-02 -2.2873046515e-01
1.6037267977e-01 1.1737982812e-01 2.2060118542e-01 2.0471466382e-01 -5.3301392102e-02 -2.7425144351e-01 2.4370264811e-01 -8.3387909990e-02 -1.6669478726e-01 -8.0094423022e-02 -8.8938313942e-02 -3.3190829437e-01 2.8901603675e-01 2.0698805826e-01 -1.1456833877e-01 1.7235650299e-03 -1.9010535727e-01 -1.5994637092e-01 1.7454336134e-01 8.3888158479e-02 3.2716520654e-01 2.8008319301e-02 2.5101607250e-01 8.2393603088e-02 2.7013960996e-01 8.6175856775e-02 -2.0970583695e-02 -3.3475252915e-02 -1.1331510843e-01 8.0535838909e-02 -3.8691298949e-01 7.8116967509e-02
-2.1446106218e-03 -1.1450537226e-01 -2.4947047472e-02 2.8528703156e-01 -1.5193622307e-01 2.5638287463e-01 3.0293418719e-01 1.0045872678e-01 6.1020535014e-02 3.0359217558e-01 5.8146950259e-02 -1.4094383846e-01 1.2253577274e-01 -1.7729646107e-02 -2.0211478341e-02 -1.0631423732e-01 4.9447260845e-02 1.3738532744e-01 -9.2139912022e-02 -8.2270293297e-03 1.9929495791e-01 1.3986150072e-02 3.2976085704e-01 -6.4799863229e-02 5.5904933874e-02 2.7432024126e-02 1.6006887028e-01 1.3527890287e-01 9.9902805577e-02 -1.1090665008e-01 -4.9547799514e-01 -1.3715755830e-01
-1.2814368392e-01 4.3030152902e-02 -7.2438827141e-02 -1.9308246885e-02 2.6338769000e-01 -2.4541716189e-01 -6.6977673552e-02 1.1427894370e-01 -4.0195444202e-01 -2.7526332215e-02 2.3850379877e-01 2.7981568476e-02 2.4929486828e-01 3.5191719968e-02 3.0990237191e-01 -2.6245522588e-01 -1.5034064958e-01 -3.1370857086e-01 -1.1739363258e-02 2.1544543751e-01 7.1346109604e-02 -1.0796160453e-01 7.0463918112e-02 2.7288236866e-02 -4.7707488008e-02 -3.7942525689e-02 1.6575766981e-01 -8.1652358085e-02 -3.6856862251e-02 1.4279080762e-01 1.3075538104e-01 -1.0010502361e-02
2.3641656712e-01 7.3720720271e-03 -3.5884024279e-01 -2.5014246074e-01 -1.6246539104e-01 8.8473235559e-02 -5.1305548210e-01 8.8740165600e-02 1.8292399948e-01 1.9434823202e-02 1.5467585463e-02 1.1120167100e-01 -2.2205638363e-01 3.4769416307e-01 1.0796568571e-01 -1.6569638551e-01 -1.0345093662e-01 1.6519366327e-01 -2.3535085164e-01 -4.1371800183e-02 -1.6364347414e-02 1.3918720142e-02 -1.2945421723e-01 -2.1691954154e-02 -1.2276774522e-01 2.9682807301e-02 -2.4426894939e-01 3.0903939655e-01 1.4396595764e-01 -5.1629754028e-02 -4.9702134358e-02 -9.2590159398e-02
8.9011780766e-02 -1.8286165031e-01 -5.0912348252e-02 1.5149510633e-01 2.3367629193e-01 -1.2140010870e-01 -1.9180168130e-01 3.1625211327e-02 1.9088823232e-01 -1.3987334599e-01 -2.2931666953e-03 -1.5191533637e-01 5.3748264733e-02 1.4197447699e-01 8.1410111739e-02 -1.8228252656e-02 1.2856311598e-01 1.8239373783e-01 1.9931269703e-01 3.4610531252e-01 -2.7397819403e-01 1.0888451415e-01 7.4294946739e-02 1.6531163987e-01 6.3733806748e-02 -1.3907347241e-01 -2.3539202126e-01 1.6584321907e-01 -2.3843673903e-02 4.6731138377e-02 -9.8314392795e-02 2.5761544446e-01
-1.2881652178e-01 3.4467216776e-01 -1.4444384451e-01 -2.3892207259e-01 -7.2025967667e-02 1.6676613313e-01 -1.4524893094e-01 -2.5330965743e-01 1.1495460608e-01 -1.2962847589e-01 -6.9447182603e-02 -4.8323854265e-02 -1.2157612346e-01 4.4854076786e-01 -6.1231412811e-02 -2.6065158899e-01 -2.5487449342e-01 2.7551096801e-01 -5.4221155036e-02 -1.8229589985e-01 -8.9483031220e-03 1.7809435459e-01 -5.8592072154e-02 -2.4797913763e-01 -1.2481661724e-01 5.6136677808e-02 -3.7716102945e-01 1.7561911544e-01 3.1909137764e-01 -1.1052671607e-01 -1.4100168861e-01 1.6152230782e-01
1.7942019816e-02 -1.0143345826e-01 1.8979696109e-01 7.0606209006e-02 1.4030962050e-01 -4.0664648559e-01 -6.8756100222e-03 -7.6994784341e-02 5.3871682530e-02 -5.2999478060e-03 -1.4865451935e-01 6.1294551881e-02 8.8006009777e-03 8.5654713215e-02 9.2169152533e-02 -1.5988645788e-01 9.1895057481e-03 -2.4745045139e-01 1.4916986985e-02 -7.4441423851e-02 2.5432496613e-01 -2.0309624044e-01 -2.4245879011e-01 -9.9256762378e-02 -5.1417119200e-02 -2.3691209783e-01 2.4142360753e-01 -1.9530036510e-01 3.5746083840e-02 -1.0542980048e-01 -8.4662303812e-02 2.4439739700e-01
-2.2562682374e-01 1.4289137326e-02 -8.1508813871e-02 3.2229869698e-02 -4.9584775169e-02 -3.4110754933e-02 -3.8256382875e-02 -2.8962349907e-01 3.9271060221e-02 -2.7454529339e-01 -1.0775975060e-01 2.1044584677e-01 1.6989330695e-01 2.1348652101e-01 -1.1496225857e-01 -3.0569345800e-01 5.0526074723e-02 4.0254174503e-01 -1.3270145843e-01 2.4846037878e-01 9.9443654454e-02 1.2902241855e-02 -2.0221272707e-01 -8.8592179633e-02 -3.0571058955e-01 -2.3207192139e-02 -1.0248202316e-02 1.0491379049e-01 -1.2092473297e-02 -1.9455289804e-01 7.1062999162e-02 -4.3896079926e-02
2.6630812519e-01 1.1501208675e-01 -1.7360228749e-01 -1.2373685136e-02 -2.9868898908e-01 8.0128759899e-02 -1.4411734791e-01 -1.2311030442e-01 -1.9483989452e-01 -1.1236855240e-01 -2.0552760519e-01 2.2441071610e-01 -2.9602480490e-01 3.6992016095e-02 1.7944927200e-02 3.0627885743e-01 2.6790237803e-01 8.2295959399e-03 -1.6985602604e-02 -1.4201121471e-01 -2.0439886893e-01 3.8009675435e-01 -4.3221182514e-02 2.3792559463e-01 -8.8848697713e-02 5.8232027510e-02 9.0029753650e-02 3.3760868642e-01 2.6572702492e-01 -1.8003565421e-01 1.7387112153e-02 -1.7517325456e-01
1.8891038891e-01 -1.4328542183e-01 1.4137009614e-01 -4.0432634064e-02 -1.2434721388e-01 1.3844233609e-01 4.3568053527e-02 -3.5480395613e-03 8.0433197434e-02 -1.8269011940e-01 -2.8435429783e-01 3.8726881361e-01 4.1284368620e-01 -2.4052056504e-01 2.5058166434e-01 -1.8024587625e-01 1.3278867259e-01 2.0916182605e-01 -2.5334375329e-01 6.8399866428e-02 -3.2889065108e-01 5.3614150483e-02 2.0941602401e-02 -1.6206256553e-01 1.8962636601e-01 -1.2129951510e-01 2.9557693065e-02 3.7437090493e-02 -1.0854028240e-01 1.9316514970e-01 2.2809152835e-02 -1.7992760875e-01
3.7100835476e-02 6.9049074932e-02 -1.0132540507e-01 -1.6591131848e-01 -1.0982385128e-01 9.4942377549e-02 5.2395055791e-02 7.5460811926e-02 -1.2196321455e-01 2.7658273725e-02 2.4779241087e-01 1.0482064751e-01 -5.0699199032e-02 -1.2899198366e-01 1.9785504292e-02 1.3546776736e-01 -9.6716525575e-02 2.6281170192e-01 -1.1160994235e-01 -1.2904068894e-01 6.0213989983e-02 -2.9702950983e-01 1.8311248863e-01 1.2169161039e-01 -3.4818986697e-02 2.5267618228e-01 4.9909701754e-02 6.3663455218e-02 -1.2076514123e-01 -3.5472393735e-01 8.1342044283e-02 -1.7666878226e-01
-7.7868085589e-02 -5.1417110487e-01 1.9747629383e-01 -1.4444561092e-01 2.1418882020e-01 -2.1108277471e-02 1.9693183099e-01 7.1795380006e-02 -1.2293246658e-01 -2.4426118287e-02 -1.4494874346e-01 -9.0469488052e-02 -5.2880013625e-02 -3.1797895281e-01 -2.4765565230e-02 5.6546951312e-02 -1.6082868478e-01 -3.7915966013e-01 -1.0465523998e-01 8.6934000218e-02 -1.1726106248e-01 -4.8717548405e-02 -5.7796058481e-02 -1.4316087913e-01 -3.1340676083e-03 -1.4898550200e-01 7.4964464386e-02 2.5607465319e-01 1.6737312215e-01 -1.7959823948e-02 -2.5819369486e-02 -2.5201258870e-01
-9.5807294567e-02 2.9505600604e-02 -5.6410861100e-02 2.2493440103e-01 -1.2799692618e-01 5.7796139323e-02 3.2705177019e-01 3.3591711824e-01 7.1202193325e-02 8.5991349779e-02 -1.8306549148e-01 1.9308938330e-01 -2.3748072467e-01 -2.2731170670e-03 1.4223994596e-01 1.1597581894e-01 1.5938628998e-02 -8.4496931268e-02 -2.2515506102e-01 4.6890722971e-02 -2.9979217513e-01 -9.6755249759e-02 -1.0270529124e-01 6.1636436427e-02 9.9218430839e-02 -1.7935298062e-01 -2.0525709294e-01 2.7885297421e-03 -2.1893904418e-02 1.6467968161e-01 -2.9843846243e-01 1.5124622127e-01
9.1980597365e-02 -7.0732013190e-03 -1.3767817298e-01 7.5136879287e-02 -1.8814680969e-01 1.9156890799e-01 -7.3747792323e-02 3.0998971024e-02 -3.2375243036e-01 -3.1609538486e-01 1.7432041622e-01 -3.3181955545e-01 5.7173594545e-02 -3.1735195386e-01 -5.2771436900e-02 -1.2011297798e-01 -1.2792884399e-01 -3.5398070019e-02 7.6399081081e-02 -1.7152932341e-01 7.8716117131e-02 2.8576911145e-03 -9.4094300831e-02 1.6407993004e-01 2.4335430869e-02 -7.5849166182e-02 -2.4925435226e-03 4.7259440679e-03 7.9132618631e-02 5.0789605393e-02 1.0980154982e-01 -9.8679287003e-02
1.3708745258e-01 -2.5824123227e-01 2.8906058065e-01 1.2503751121e-01 -2.8133661155e-02 2.1942309884e-01 -1.5211236791e-01 -7.2736160622e-02 1.1008164359e-01 5.0663901424e-03 1.7393707734e-03 1.3114389840e-01 -8.1073890456e-02 1.6217014505e-01 1.7939076874e-02 -1.3705422670e-01 -3.2978166930e-01 3.0216707728e-01 2.6482379396e-01 -1.4598961279e-01 1.5623805739e-01 -2.9308973858e-01 -9.5916531265e-02 7.4734353687e-03 4.0126224937e-02 1.3277661272e-01 -3.3183662478e-01 7.9474405873e-02 4.4004955721e-01 -1.5877032976e-01 -6.0328937196e-02 -1.2849383749e-01
-2.1096986954e-01 -2.9746562405e-01 1.0889106096e-01 -4.4950426819e-02 -1.6727896374e-01 -6.1660078942e-02 8.7410175007e-02 7.0277690096e-02 -2.2127087938e-01 2.3535301431e-01 -1.1211388225e-01 1.5214318354e-01 1.0979937836e-01 3.1151930726e-01 -7.1637680053e-02 -4.9168685763e-02 1.4279194069e-01 -1.9808737480e-01 -3.6316649255e-02 1.2141497450e-01 -1.9979890570e-01 -1.8172479629e-01 -2.1990609079e-01 -2.4143686341e-01 -1.0388583420e-01 -1.8692699076e-01 -5.8388783110e-02 2.4626767328e-01 4.2972958481e-01 -5.3261953744e-02 -9.4909303255e-02 2.4789958611e-01
-2.3326409044e-01 -1.0343395785e-01 -1.1405735484e-01 1.0419944135e-01 -2.3062104920e-02 9.4403438481e-02 2.9056973655e-02 2.3595139025e-01 -3.9376967004e-03 -8.4517310339e-02 -2.9016767958e-01 5.2787402921e-01 5.2861561475e-02 2.9611653977e-01 -2.0971005853e-01 -1.4447131096e-01 4.0131148106e-02 -9.7534513739e-03 -1.8253448232e-04 -1.8418422154e-01 1.2429869237e-01 1.5187400779e-01 -1.0906177176e-01 -7.1225406210e-02 1.2332222429e-01 1.7071923831e-02 1.1812654628e-01 -4.3003261759e-01 -1.2496483526e-02 -4.0712380795e-01 9.7883797680e-02 2.6653903335e-01
3.1276212115e-01 2.4072846829e-01 -3.5605350898e-01 -4.3414093625e-01 4.8609965694e-02 -2.5999946166e-01 -2.6461943688e-01 -1.4220208593e-01 1.6394760972e-01 -1.7378749393e-01 -9.3998418692e-02 1.6519905811e-01 4.3045499832e-01 -4.8653457456e-01 3.0885781654e-01 1.2407960479e-01 1.0102211928e-01 -1.7733429727e-01 -1.3795544670e-01 -3.9682568297e-01 3.6669932918e-01 7.5101655840e-02 -1.0521960901e-01 1.1663657767e-01 2.0156006299e-02 -1.1557267490e-01 1.2845907256e-01 -1.0548914509e-01 -2.1334674440e-01 2.1178553742e-01 5.0576858126e-02 1.3822739010e-01
1.7833085760e-01 1.6905518879e-01 6.8536895566e-02 -1.2018215983e-01 -7.0194693094e-02 8.3933079785e-02 2.4639802052e-01 3.7308840272e-02 3.2818281962e-02 -3.6461891278e-01 1.9332203005e-01 1.9637637428e-01 1.5197892122e-01 -2.6370275361e-02 -5.8864948636e-02 -1.2045343485e-01 -1.1385316709e-01 -4.8172991440e-02 1.9497268026e-01 -1.1548557355e-01 5.8118808928e-02 -1.4299072988e-01 1.2701367797e-01 2.6949695730e-02 -1.0326853914e-02 -4.5613979929e-02 -9.4084203794e-02 -6.4042982310e-02 -1.8680077916e-01 7.8537201210e-02 1.2309727410e-01 3.3181979340e-01
-1.2108292626e-01 1.4165979820e-01 2.9592286830e-01 -8.6370071534e-02 2.9495855728e-01 2.6587579548e-01 -2.1430086365e-01 7.8183352071e-02 -7.6049349421e-02 7.2229294056e-02 3.7268605513e-01 -2.5046547073e-01 -1.6862850318e-01 4.3435400523e-01 -3.3936080823e-01 -2.6691949343e-01 -1.5716028580e-01 2.2908622720e-01 8.5741025732e-02 1.4711120518e-01 -4.2349655867e-02 1.1243712324e-01 -3.9484910595e-02 1.7527883862e-01 -1.1982129817e-01 2.4510931202e-01 7.2361624736e-02 8.6673151788e-02 3.7779059117e-02 -2.0882452151e-01 1.9657290822e-01 5.0780161018e-02
1.8597339075e-01 9.3510682172e-02 9.8392030867e-02 2.7054494585e-01 -1.5105675577e-01 -1.3528047553e-01 1.7744572049e-01 3.6849474331e-01 1.6451551098e-01 1.1966491122e-01 3.0598898398e-02 3.5411036463e-01 -3.5799327755e-02 5.0190032017e-02 -2.4324201223e-02 1.0012455880e-01 -3.2312582327e-01 2.2155938456e-01 2.3403919380e-01 -3.2568651631e-01 7.2536829492e-02 3.4465336642e-02 -6.1178005594e-02 -2.5434894408e-01 1.7514570764e-02 2.0021203952e-01 1.9632596692e-01 2.4586234351e-01 1.1353031627e-01 -2.5785798327e-03 -1.7596183081e-01 -6.1351334959e-02
-1.1020905577e-01 -1.3521044266e-01 5.1308734095e-02 2.5778940592e-01 -1.0800861343e-03 4.0740465581e-02 8.1806589611e-02 8.0696016599e-03 -2.6756548360e-01 -2.6418584873e-01 -8.1238394073e-03 -6.4843654631e-02 9.7444478657e-02 -5.0640985214e-02 -1.9821197849e-01 -1.4088883292e-01 -3.9336840164e-01 4.8147102343e-01 1.8029049013e-01 3.6300573494e-03 3.3424037618e-02 1.4875768845e-01 1.9945610143e-01 1.8058687236e-01 1.8710816890e-01 -2.4212735941e-01 -1.1666317634e-01 -1.9131312055e-01 1.9499124815e-02 7.1578845935e-02 -1.6264772977e-01 -2.6024386568e-01
-2.1114465471e-01 -2.5294091214e-04 -1.8450176375e-01 1.8794223548e-01 1.6760250332e-02 -1.8552269859e-01 -1.6395911682e-01 -3.8827691424e-01 5.0255368412e-02 5.0496699489e-02 1.1838725537e-01 -2.2545655777e-01 -1.8969722321e-01 3.7088723871e-01 2.1089635932e-02 9.2143283613e-02 3.5016931076e-02 -3.9852400723e-01 4.3963310830e-02 -6.5573519630e-02 7.5923996948e-03 -1.1561173928e-01 -7.5591241137e-03 1.1606200344e-01 -1.2203408780e-01 1.7226557874e-01 -2.5095812797e-01 2.8223363390e-02 9.4428226656e-02 2.2896193093e-01 -2.0967637892e-01 2.0932792755e-01
2.1308748752e-02 7.4300705083e-02 8.7845605588e-02 -2.1798933638e-02 1.4272499179e-01 -2.3768000549e-01 -3.1942445917e-02 9.9909066061e-02 -3.1442616485e-01 1.1143083781e-01 -1.6317148173e-01 5.1043975035e-02 -3.0073768685e-01 1.1636959068e-01 -9.0447112436e-02 1.0660573204e-01 -4.7654754375e-02 -1.9300251622e-01 3.6220536294e-01 1.7681255270e-01 -5.9580440163e-02 2.7550299041e-01 4.6294544003e-01 -1.1729487504e-02 3.1979563428e-01 2.2410922362e-01 -2.6382406390e-01 -1.2438478750e-01 -1.1328278481e-01 6.8868626656e-02 1.2850880034e-01 2.7814272350e-03
-1.5921743913e-01 1.0451383891e-01 -2.2231645216e-01 -1.5500191053e-01 -5.1508617115e-02 3.3166029781e-02 -1.5045164343e-01 4.4112445838e-02 -1.3292830634e-01 -5.4324915142e-02 -2.3663982406e-02 -2.1419195269e-01 -1.3547691212e-01 -5.7042670406e-02 2.0954144216e-01 -2.9911333469e-03 3.6845305123e-02 -5.8843614483e-02 1.3299927779e-02 1.0821492612e-01 -8.7202309305e-02 1.0872393323e-01 1.0392810827e-02 2.8112100082e-01 -1.7391775877e-01 -4.1875330604e-01 1.1318316375e-01 -7.8851412928e-02 -1.2458000535e-01 1.1561235835e-01 -5.5147542140e-02 -1.8501749319e-02
-1.7939015525e-01 1.1498387322e-01 7.1011239269e-02 2.0346157622e-01 -1.4189898686e-01 2.8506352552e-02 -1.9667155857e-01 -1.0953040172e-01 1.5247404647e-01 1.3865438540e-01 2.8549608495e-01 1.2570492474e-01 -1.4803871753e-01 -5.5720393359e-02 5.4580683131e-02 -4.3613833295e-02 2.2569622689e-01 -2.7227041669e-01 1.4938300946e-01 -1.6244322773e-01 9.2321117985e-02 1.6291467894e-01 1.9762973127e-01 -4.6933528785e-02 1.1244868029e-01 -2.4572737275e-02 -8.9152091917e-02 2.2540176417e-01 2.6136657776e-01 3.5691750710e-01 1.3202659357e-01 8.1524860483e-02
4.9767235357e-02 -2.8719819708e-02 2.2291071642e-01 -2.5977262833e-01 -1.0107373899e-01 3.1982632143e-01 1.4188860784e-01 -1.3107693131e-02 -2.6781035135e-02 6.4824679948e-02 3.7340916147e-02 2.5778473030e-01 -2.6775630889e-01 5.7426138499e-02 2.9915728671e-01 3.7466677777e-02 1.6713683825e-01 1.9776310186e-01 -2.5758631848e-01 -4.0142471535e-03 1.1891870969e-01 -1.2709678920e-01 2.9890969543e-01 -6.6139879644e-02 1.5791811437e-01 2.5956872973e-01 -2.3899102972e-01 1.9575848275e-01 -1.4221833608e-01 5.6956219553e-02 -3.0438265949e-02 2.8028139872e-01
2.9739790042e-02 2.2158943985e-01 3.9626569751e-02 -4.2271241178e-02 -2.6974454595e-01 3.5993575271e-02 -4.7623730961e-02 -1.7489940387e-01 4.7203172096e-01 -1.3083846846e-01 2.6804575191e-02 -1.2139794374e-01 -9.4860703233e-02 1.4948206308e-01 -1.6188316487e-01 1.7953570032e-01 -3.7924790632e-01 -2.6215187876e-01 5.9074290259e-02 3.7471428229e-01 -2.3599211186e-01 2.2730595736e-01 8.7957804046e-02 7.4387033701e-02 -3.4960087913e-02 6.3095356539e-02 -1.9629935099e-01 5.4005532774e-02 2.9833768169e-01 -2.8372767595e-01 -3.6657965731e-02 1.7817835950e-01
4.4540098013e-02 3.6757309343e-01 -6.9547472266e-02 6.2344535510e-03 8.0982221870e-02 -1.6549117171e-01 4.2956960507e-01 -2.5193150727e-02 4.2801815123e-02 4.2758609620e-02 3.4771541531e-01 7.6468104229e-02 -1.4551163532e-01 -2.3626563334e-02 3.1977416877e-01 -3.8075061835e-01 8.9523341105e-02 4.6541753253e-02 -1.0787118324e-01 -8.8839384325e-02 5.4675263491e-02 -2.5586109135e-01 1.2352334179e-01 2.5541897912e-02 -2.3363829279e-01 -1.4586127134e-01 -1.4901818301e-01 2.3291338676e-01 -3.5699981013e-02 7.0481273212e-02 1.4107451074e-01 4.1800666612e-02
