5.1842000413e-02 -7.1367639265e-02 -3.3407273660e-02 1.7321140771e-01 2.0481512825e-01 2.4738594451e-02 1.7291997154e-01 -2.2654999926e-01 -2.2681608479e-01 -1.7509448637e-02 5.2435112301e-03 1.4574731535e-02 2.5807639973e-01 4.1306308531e-02 -4.1367197092e-01 -1.3798724463e-01 -3.7355851767e-03 2.3325082166e-01 1.0057887956e-01 -1.0487681933e-01 -1.6250953804e-01 9.1094732118e-02 -2.4125290963e-01 1.9975274222e-01 2.8234862341e-01 -3.0365252201e-01 2.1644970572e-01 2.2464076326e-01 -2.8477839769e-02 -1.1199718918e-01 -7.6623120872e-02 -1.0690465365e-03
-1.3605470939e-01 -2.0060828882e-01 -2.5869173211e-01 -2.3660097366e-01 -3.3885731324e-02 -7.5141124933e-02 -2.7022958043e-01 -2.2120274231e-02 -1.4548467621e-01 -1.2245138149e-01 3.8056941716e-03 -1.0621744266e-01 -1.7821270246e-02 -1.0915874338e-01 1.4133412861e-01 -8.4704824190e-02 1.3757360429e-01 -1.1214027167e-01 3.0629634484e-01 -5.2117292370e-02 3.2984803848e-02 -1.9566507130e-01 7.5782559331e-02 3.7268151684e-01 -1.1327916158e-01 -6.1690382494e-02 1.3951412079e-01 1.0355634516e-01 -1.3333908897e-01 2.5199965939e-03 2.5932124697e-01 5.1738190330e-03
9.9995044754e-02 -3.4921460636e-01 -1.0289696767e-01 2.0299327561e-01 -6.9602786253e-02 -2.1580402260e-01 1.2893511690e-01 1.3179101575e-01 8.2604095617e-02 -8.5840975141e-02 -1.8422065532e-01 -5.6520271781e-02 -2.3197812905e-02 2.8238286308e-01 -9.5177634323e-02 -2.5185001242e-01 5.1742552052e-01 1.3474958920e-01 6.9834483784e-02 -1.5212698361e-02 -1.3352075204e-01 -3.1796493954e-02 4.6082337838e-01 -3.6978135471e-01 3.7460395439e-03 -1.4375570693e-02 -7.0393703375e-02 -1.4777489833e-01 5.6795925854e-02 -2.6063713283e-01 5.2730169529e-03 -4.4692349993e-02
4.4077043328e-02 -1.6204111032e-01 -8.9718811647e-02 -1.7280061054e-01 5.6270203114e-02 -1.1453409646e-01 -2.6421772722e-01 -1.4463299308e-01 7.2539211907e-02 -6.4364330079e-02 1.3195601134e-01 -1.4170240167e-01 1.4145516100e-01 -7.7600582965e-02 -7.3536990111e-02 4.8464408459e-03 -2.3277365874e-01 8.4395864592e-02 -1.7686150709e-01 -2.0222560859e-01 -2.4971636047e-01 1.7578511462e-02 1.3390540957e-01 2.0216693509e-01 -4.4145506870e-02 -3.3507593314e-01 -2.6754991645e-01 9.1575079162e-02 2.1295246119e-01 -2.7190848073e-02 -1.2609719144e-01 2.0418321414e-02
-1.0983937695e-01 2.3759946778e-02 -1.6832144313e-01 1.0268990583e-01 -5.6051886722e-02 5.0863529056e-02 1.8115220828e-01 -2.6522269856e-01 5.6185486320e-03 2.1070252436e-01 8.5521754960e-02 -8.8239201952e-02 -9.0030989953e-03 9.7619069704e-02 4.0337151295e-01 1.7450808346e-01 3.0438579129e-02 2.9810057275e-01 8.6840853905e-02 2.9441694889e-01 -1.1450162717e-01 1.5592962337e-01 1.7859458763e-02 3.8615379166e-01 -1.7054459334e-01 -1.8239017376e-02 1.8060439210e-01 -1.6760200795e-01 -3.6610678681e-01 -4.5755209184e-02 9.2937808364e-02 2.9908158374e-01
-2.9757698499e-01 1.7170441404e-01 -3.0563076882e-03 2.0456726379e-01 -1.1159725813e-01 -2.4858504185e-03 -1.3472488346e-01 -1.9632410889e-02 -8.0911089937e-02 -1.0477793851e-01 -8.5286513806e-02 9.1377187438e-02 -1.8727917409e-02 -2.9482315800e-01 -1.9577557980e-02 3.4035683660e-01 9.6435774133e-02 -5.4164690605e-02 -2.1267398932e-01 -9.4257692671e-02 1.2328022010e-01 -5.8234392773e-02 1.4856785980e-01 -5.7545657061e-02 7.0326104535e-01 -1.3514272930e-01 2.0013606893e-01 -2.3166369233e-01 1.1698111722e-01 -5.0115341099e-02 -9.5777344506e-03 3.3792440602e-02
-1.4781772047e-01 -1.8050126866e-01 2.8689236619e-01 -3.9111480302e-02 -2.2675801314e-01 1.3665294947e-01 5.6084771025e-02 5.5304943761e-02 1.2404922841e-01 -2.3304323258e-01 2.8963371681e-01 -1.1470449903e-01 -2.8678505270e-01 2.1961711734e-01 -6.1264725530e-02 4.3726675200e-03 1.2629863358e-01 -1.1081042773e-01 2.2251573070e-03 -8.7582630663e-02 -3.3634076228e-01 1.1633447201e-01 -1.5593240956e-01 -2.0434398821e-01 -4.8523344459e-02 1.6411175579e-01 2.1532073236e-01 2.7419782897e-01 1.2194071028e-01 1.0487682087e-01 4.0751073727e-02 1.2334405195e-01
-2.6607658940e-01 1.1614711741e-01 4.9819020090e-01 3.3352414318e-01 1.4647936876e-01 2.0953701337e-01 -6.8333630520e-02 1.4794244694e-01 -5.3401146254e-03 -8.9918360970e-02 1.4116856879e-01 -2.9840261589e-01 1.0400559365e-01 4.5346272948e-02 8.2276848507e-02 -1.6420093220e-01 -2.2620310046e-01 -1.1101535973e-01 -5.3077271399e-03 1.0557168210e-01 -1.8680863459e-02 5.8204813426e-02 4.1736261272e-01 1.1782931144e-01 7.3143252699e-03 1.7417373986e-01 1.1999232739e-01 -1.4015603278e-01 -2.7266250268e-01 5.9444596245e-02 -4.7412082368e-03 1.9818481123e-01
-2.3156581955e-01 -3.1682597016e-02 2.3028036393e-01 -2.7426341495e-01 1.0414914176e-01 2.0015130454e-01 -2.7402253180e-01 3.4588499324e-02 -5.8866873034e-02 -1.4811960357e-01 7.5542666458e-02 -2.3153178951e-02 -1.1919319979e-01 -1.9134328677e-01 1.2753565252e-01 1.4148546471e-01 -2.0894286073e-01 7.3801064126e-02 3.1855606827e-01 1.4495610346e-01 -6.3102451369e-02 -3.0519127883e-01 3.5629934960e-01 1.1665922257e-02 4.3083229148e-01 3.8428666479e-01 3.2974275771e-02 2.2642887564e-01 1.5534810498e-01 -2.3853687168e-01 8.3679736214e-02 -6.7538782653e-02
1.1653742987e-01 1.4004566996e-02 -2.5722094706e-01 2.2022886130e-02 -9.6092634601e-02 3.7462716739e-01 2.8761185507e-01 -1.7958510448e-01 -4.2927506535e-02 1.2954579936e-01 -3.3648171245e-01 -2.0586117129e-02 1.3660239193e-01 -1.3128971724e-01 -2.4623315060e-01 7.7501954286e-02 -1.0401726199e-01 2.5943638735e-01 1.5108638910e-01 1.9279815184e-01 -1.2124296881e-01 -1.8085193673e-01 9.9047033629e-02 -1.7102271035e-01 2.7703490774e-01 -1.6998313625e-01 -1.6518207436e-02 2.0151216930e-01 2.2795848980e-01 2.0092825246e-01 -1.6251237068e-02 3.3216212447e-01
-4.0096018995e-02 -1.5400865769e-01 -1.5445492863e-01 2.2497676953e-02 -2.6822123275e-02 -2.0988860098e-02 -2.6758033782e-01 2.4733087368e-02 -4.3186134989e-02 -2.1131644139e-02 7.6718824354e-02 4.4358061284e-02 3.6634552477e-01 4.4253763211e-01 -2.0930209356e-01 -1.9981460751e-01 1.4988195674e-01 3.0536867838e-01 1.9666803526e-01 8.6250305665e-02 -6.1483659094e-02 -2.9764666641e-01 2.4952790691e-03 -1.7929127651e-01 -2.7895541322e-01 -2.1717582873e-01 1.4110318593e-01 2.4303136896e-01 -1.4190959089e-01 2.9548949491e-02 -3.0733096421e-01 -4.2297356868e-01
1.1198146021e-01 2.3521281381e-01 1.1535052505e-01 9.0674709374e-02 -9.8222584865e-02 -2.2618519984e-01 1.3842319870e-01 3.0142779276e-02 -1.0688222671e-01 8.1841440514e-02 -1.7733466782e-01 6.9283486302e-02 1.0896047138e-01 -1.7805825125e-01 -8.3501170921e-02 -1.8045541711e-01 -2.0230319540e-01 -1.4034250875e-01 -1.2839749470e-01 -1.1637635174e-01 1.7508356945e-01 -1.3897784205e-01 -1.4227691153e-01 -1.7785612035e-01 -8.7239481014e-02 3.9116387061e-02 2.6739429898e-02 1.9630042280e-02 -4.0417040230e-02 3.5969504822e-01 -3.9765592219e-01 7.2804646623e-02
4.2788854758e-01 1.3429221191e-01 -1.2948052433e-01 -3.2612374793e-03 -2.7436356894e-01 -1.1178726258e-01 1.8228813093e-01 1.3943153509e-01 -1.7587283981e-01 -1.3685419946e-02 -3.1227307080e-01 2.8248821820e-01 -4.4374097651e-02 -5.7798854753e-02 -2.7906240041e-01 -2.0667305181e-01 -2.2313032278e-01 3.0035674844e-01 1.2914150723e-01 1.4528798442e-01 -1.4115998523e-01 1.2524058908e-01 3.4480533909e-02 2.8869844470e-02 -1.2510295037e-02 -2.0060463366e-01 8.8582025182e-02 1.0643629287e-01 1.1595583552e-01 -9.4747733270e-02 1.3743704506e-01 -6.0289689985e-02
3.4884377819e-01 -4.9128841559e-02 -2.5288635851e-01 -1.1821793957e-01 -2.7043822941e-01 2.7315412797e-01 1.2252761294e-01 -3.9022324989e-01 -1.1370050567e-01 2.4215614900e-02 1.5080759509e-01 -2.3051496458e-01 1.5811461371e-01 -1.4987957243e-01 4.6068217825e-01 2.6623651795e-01 -9.0640286615e-02 -5.3196267722e-02 2.3347856083e-01 -7.5585542801e-02 -1.4214689362e-01 -6.8568701727e-02 -2.4546058106e-02 -7.2965753713e-02 -1.1094403160e-01 -3.7222844185e-01 -3.1318316633e-03 4.7264250224e-02 -3.9446479300e-02 5.5770570465e-02 -4.0992362304e-02 -3.7154189003e-02
-2.1430692948e-01 3.1449347770e-01 6.6247592159e-02 3.5091302957e-01 1.2670306948e-01 -3.1699641391e-01 -7.2788632377e-02 -5.8872543304e-02 1.9487744268e-01 4.2249116900e-02 9.4719270516e-02 -5.1988452643e-02 2.8444905257e-01 -5.0977968974e-02 -6.7476628942e-03 3.0083477032e-01 -3.0325047823e-01 -6.7110373598e-02 2.7635023962e-01 -8.1245050063e-02 1.3234499182e-01 -1.1898754305e-01 1.7845146868e-01 -9.3123184198e-02 -1.1427764481e-01 -9.2114555740e-02 3.1268417664e-01 3.4648060789e-02 1.7822200686e-01 -1.6599651744e-01 2.8014581430e-01 -2.6673834047e-01
-1.0313969196e-01 4.7223138601e-02 -2.0186916521e-01 2.9898341735e-01 1.9206319118e-01 2.4544622824e-03 2.6985081737e-01 1.7633397152e-01 1.7475345951e-01 2.1266079829e-01 8.6019416232e-02 5.7255594509e-02 2.2461471025e-01 1.7062888220e-01 5.6619742487e-02 7.4567147333e-02 -7.2222578849e-02 -3.6518644124e-02 -1.4929899698e-01 1.5866926060e-01 -1.6373020047e-01 -2.2570773173e-01 -3.2979932563e-01 1.5922235736e-01 -7.5490647835e-02 1.9951660365e-01 4.7712839106e-02 1.3573013351e-01 -2.3467261739e-01 3.0092041391e-01 6.0982008538e-02 4.5737224744e-02
-2.3584540424e-01 2.1558887481e-02 5.4726185194e-02 -2.0508250105e-01 1.3847728787e-01 -3.2352039565e-01 -3.3862147841e-03 -2.8905260943e-02 1.4651630985e-01 -8.2725714836e-02 -1.0447514127e-01 -2.4180701437e-01 3.2732022606e-01 -2.7396695289e-01 1.2311991837e-01 8.7207253268e-02 3.5567135254e-02 4.2001447178e-02 6.9175690800e-02 -7.0880288684e-02 -1.0343004843e-01 -1.2811953665e-01 4.0793665955e-01 2.5544925786e-01 -1.1529584205e-01 -1.8137862419e-01 -1.7835145550e-01 -7.4819436475e-02 -1.0024500993e-02 -1.6555497599e-01 -2.7788977127e-02 1.5085080523e-02
-1.5734839722e-01 -7.1790289003e-02 -4.5863883338e-02 -2.2785625587e-02 3.2426608079e-02 2.1139621550e-01 9.2104636901e-02 1.7366478588e-01 3.2440740894e-01 6.1392264445e-02 -1.4461502669e-01 2.3542531321e-01 -1.2709694768e-01 2.9448805518e-01 5.5711138989e-02 3.5702738405e-01 1.4054317527e-01 2.2342076299e-01 -3.7088878130e-01 -4.7234919018e-02 -1.8067469578e-01 -1.0063732310e-01 2.0919912643e-02 -8.4669733364e-02 3.1195209692e-01 -3.4069479473e-01 -3.8596714490e-02 1.0079344706e-02 -2.1295571935e-01 -7.3595060863e-02 1.0740318149e-01 -1.2697952612e-01
3.3261309500e-02 8.6985698127e-02 2.5252508588e-01 -1.7915280940e-01 1.9508567337e-01 -2.8894344092e-02 2.5148073309e-01 -8.1410227733e-02 -2.4229087856e-01 -1.1371212923e-01 -2.2269294416e-01 4.3474129385e-02 -2.7450122118e-01 1.9963938626e-02 -1.3488534374e-01 -2.0022285464e-01 -7.0166864912e-02 1.8329316023e-02 -2.7193167722e-01 4.2483396918e-02 -1.2582292753e-01 -2.5357779847e-01 1.0889152645e-02 -5.1275409485e-02 1.2479277440e-01 -1.9051652124e-01 3.0591039553e-01 9.9334268369e-02 1.7795681537e-01 1.0692558050e-01 -2.2161666584e-02 -1.0338007392e-01
7.4076999489e-02 -4.1118925052e-02 -1.2442937083e-01 3.5137059083e-02 2.1827133627e-02 -9.9364273544e-02 -1.2121535834e-01 1.8915573918e-01 4.8529180128e-02 -2.6405256995e-01 3.9844460458e-02 -1.4720266446e-01 -1.7632062637e-01 -4.7356871785e-03 -2.3562692063e-01 -3.0702162026e-01 -1.1687578766e-02 1.7689318858e-01 -1.1520644515e-02 9.3278552979e-03 3.4801884014e-01 -4.2419671152e-02 -1.9073512021e-01 1.6301980974e-02 -1.3025283316e-02 8.4542523888e-02 -1.7289438990e-01 3.2488073354e-01 1.3562653758e-01 2.6234432285e-01 -2.1453774591e-01 1.0185075350e-01
-1.2508212688e-02 2.9835819626e-02 8.0027972180e-02 -3.1625882573e-01 1.1980945951e-02 5.8611413722e-03 2.0109517679e-01 -1.3174561945e-01 -2.0828575113e-01 4.7782408206e-01 8.2577964147e-02 -2.2574436768e-01 -7.4857532067e-02 1.3220366914e-01 2.5285588120e-01 1.5341400391e-01 -3.1825233950e-04 -1.7383880353e-01 -1.2038903497e-01 -2.3342805105e-01 7.6357820291e-02 2.2850390286e-01 -1.7149804692e-01 -7.2358641241e-02 1.2679988582e-01 1.6713175719e-01 2.2007914566e-04 1.2112967622e-01 -9.9319701024e-02 2.1552276543e-02 2.3910065279e-01 1.4156673129e-01
2.3630528334e-02 -6.4633243156e-02 2.0461106470e-01 -1.7819978956e-02 3.9032510800e-01 5.1974448344e-03 2.5627082896e-02 4.3617374439e-02 1.6448434721e-01 8.8352979435e-02 1.2808709993e-02 -1.3966338202e-01 -1.8303677938e-01 -1.6019554739e-01 2.2864088367e-01 -2.4931858923e-01 -1.1421148241e-01 1.8185143160e-01 1.1538589688e-01 2.6032915085e-02 5.5097161468e-02 -1.2889209185e-01 1.5767953287e-01 2.3810013855e-01 4.0385923600e-01 -1.8257782862e-01 -4.7870170515e-02 9.6169946289e-02 -1.5879323239e-01 2.9508435349e-01 -3.0827643067e-01 4.3406445551e-02
-2.0879637192e-02 2.0078477744e-01 -8.0764810651e-02 2.9269901228e-02 -1.0273752415e-01 -1.7675286858e-01 -3.8471767763e-02 1.5516185586e-01 -1.7852755540e-01 -2.6013570219e-01 8.4923586058e-03 2.8409615191e-01 -7.1440985288e-02 -1.1353768292e-01 8.7440574618e-02 -1.0089261687e-01 2.2918194563e-01 7.2051070103e-03 3.7855965777e-02 -7.4125923831e-02 -2.0783233405e-01 1.5040569200e-01 -1.7718138733e-01 -2.2653890404e-01 -4.6167910039e-02 -1.9834913293e-01 7.6662644514e-02 -2.0276277878e-01 3.1249674344e-02 2.0399413348e-01 1.1573667302e-01 -4.6041227276e-02
-1.6156371200e-01 -1.5583023371e-02 1.0368707405e-01 1.0249243267e-01 7.0966140494e-02 8.3382566442e-02 -8.7898531515e-02 1.2394962627e-02 -9.4053459429e-02 2.6923395273e-02 7.9737663596e-02 -2.0921374395e-01 4.8760772307e-02 6.5738230214e-02 1.9115120308e-01 5.3208369681e-02 5.2350057167e-02 -8.5827371174e-02 2.5971514004e-01 -8.5318091090e-02 2.4481990510e-01 -4.8578742044e-02 -7.8287501327e-02 -1.6590897586e-01 1.9575329440e-01 3.8416019929e-02 4.2266538162e-02 -6.8178273888e-02 8.1265482202e-02 -7.7320801432e-02 5.1033549916e-02 1.6329218746e-01
-2.3494261873e-01 2.0246656748e-01 -2.7005100445e-01 1.2185365178e-01 -2.9314839940e-01 2.7814106881e-02 4.3758670522e-02 -8.2237868716e-02 7.0815806972e-02 2.4023548605e-02 -3.2929621992e-02 1.9715540831e-01 1.0758228919e-02 1.8935780774e-01 -1.8320371256e-01 -2.3965682804e-01 3.6381783283e-03 1.0328383909e-01 1.0938211283e-01 -8.3260274649e-02 1.0821023135e-01 4.5216508671e-03 -2.0655708851e-01 2.4147198660e-01 -2.6438625190e-01 -1.0776580523e-01 -8.2308792958e-02 1.9955185416e-01 -3.8387382992e-01 -1.1935307765e-01 4.8788564561e-02 -1.5720093172e-01
3.0663385736e-02 -1.9644076602e-01 -1.1434933846e-01 -3.6292814914e-01 1.4658169297e-01 9.3143451748e-02 1.5454547231e-01 1.0731667167e-01 1.0296052107e-01 -7.9447343670e-03 -1.3310280973e-01 -3.0805284847e-03 5.1768486153e-01 1.4829307241e-01 -2.8228644802e-01 4.7987087547e-02 8.4544917071e-02 -9.9123541049e-02 1.0859362929e-01 -1.5515105174e-02 -7.8894726869e-02 8.8341093783e-02 -1.0083878487e-01 -1.7720962958e-01 -3.5498058615e-01 -3.7351710386e-02 -4.3312597400e-02 1.7219478781e-02 2.3971657895e-03 1.1920623653e-02 1.0588093670e-01 -2.8184627065e-01
2.0936376786e-01 5.6107940999e-02 -1.1742634451e-03 4.4001122785e-02 -7.0925380050e-02 -1.2812053289e-01 5.8788586344e-02 2.4924497035e-01 9.9287871631e-02 -1.1652984034e-02 1.7752019624e-02 -2.1383057452e-01 -1.0653318125e-01 -2.3764480882e-01 6.9098893909e-02 -1.4045731973e-01 5.7419193479e-02 -1.9655752139e-02 -1.1278723898e-01 -2.1903675328e-01 1.8165735006e-01 -3.6072236112e-01 -2.5090995557e-01 2.0890007184e-01 -9.1852714435e-02 1.0611407279e-02 5.2742478483e-02 2.5930725685e-03 -1.9507747718e-01 -3.5393504726e-01 1.9512096119e-02 1.2529878011e-01
3.5265838451e-01 5.7465264193e-02 9.8946527986e-03 1.2983407856e-01 1.8754564438e-01 2.8217156049e-02 -6.3395130432e-02 4.9624264844e-01 -2.0189980240e-01 -1.1540079286e-01 7.1277312705e-02 1.8123408428e-01 1.1377379641e-01 1.7223687348e-01 -1.2555513856e-02 -4.1116169225e-01 2.0740140633e-01 1.1178663747e-01 1.4286364966e-01 1.8621874636e-01 -2.7407688787e-01 -7.3145275825e-02 8.4791794490e-02 2.1125247270e-01 -1.9424794824e-02 4.1649493540e-02 -4.5088456571e-01 3.2708973999e-02 5.8265787576e-03 1.1030221396e-01 -1.4481210904e-01 -1.3034595232e-01
1.2736346498e-01 4.3049943866e-01 -1.4879063407e-01 2.6331265160e-01 2.1574429642e-01 -3.1742957272e-01 -1.3140225473e-01 -1.2478102832e-01 -9.0746231811e-02 1.2076378090e-02 -2.4537360048e-01 1.2820638911e-01 1.6807280258e-01 -1.0878077729e-01 -1.8138378978e-02 -1.6277200657e-01 3.8589663341e-02 -9.3423364175e-03 1.9506786422e-01 2.7346759329e-02 -1.9475633965e-01 -3.7662792701e-02 -9.1012277009e-02 -6.0923701963e-02 -1.0218666491e-01 1.8574207068e-01 3.7517984948e-01 2.9808613599e-02 1.1277937560e-02 2.5838737253e-01 1.3403499968e-01 -9.5283859803e-03
7.9091992834e-03 -4.0096504088e-01 6.4189343834e-02 2.4496075278e-01 3.0021406554e-01 -1.2904642769e-01 2.5762475983e-01 2.6643018015e-01 3.1514284470e-02 -1.3972549705e-01 2.0204406822e-01 -1.2264950274e-01 2.6616070749e-01 -4.1101660028e-02 8.4571921320e-02 1.0112954474e-01 2.9700833146e-01 5.5568455142e-02 -3.7886140192e-02 -6.8904124422e-02 2.1640709361e-01 -3.5382804160e-02 -9.1330108619e-03 -5.8737681412e-02 -4.2394967169e-01 1.5090073773e-01 4.2368746503e-01 -3.6481273288e-01 2.3303662120e-01 1.4602342641e-01 1.4657507873e-03 1.8240966399e-01
-4.0816329493e-02 1.0211233615e-01 -1.3981646257e-01 -8.7922980375e-02 2.3173586798e-01 -2.6663648844e-01 -7.1194732003e-02 -9.4858215564e-02 -3.3049339569e-01 1.0751249202e-01 2.2249784688e-01 1.8778352509e-01 2.7042190935e-01 -6.9038399756e-03 -6.0777381695e-01 4.4902583638e-02 -3.6633388562e-01 1.4037530596e-01 2.7795073337e-01 -1.4344935846e-01 -5.0582366744e-03 1.7681606204e-01 -1.0937755635e-01 5.0047778298e-02 6.6686242876e-03 2.3455606400e-01 -7.4091912481e-02 3.2113665546e-02 4.0806643959e-02 1.1762030747e-01 -2.5755066776e-01 1.1732512391e-01
1.7441327183e-02 -3.7868037093e-02 -2.7670980840e-01 -2.1510267331e-01 -2.6459445235e-01 -2.8563857216e-01 -1.1190903480e-01 3.5858084714e-02 -4.2414003805e-02 -1.0874448733e-01 1.9449192026e-01 1.0985780218e-01 3.5964553598e-01 3.5318531740e-01 -3.5303124223e-01 -2.1147950247e-01 -8.5745380569e-03 9.5551582201e-02 4.4258823071e-02 2.2809333207e-01 2.8696991909e-02 1.8890329233e-01 6.7664552444e-02 -6.5575721768e-02 -2.1344513154e-01 4.1287532647e-02 -4.4685709089e-02 -3.4022104786e-01 -3.5879838712e-01 -2.3128101254e-02 7.0876158212e-02 1.9691751532e-01
