-5.0033610142e-01
-1.9598342235e-01
1.4836506112e-01
1.1473256709e+00
-3.1568060394e-01
1.0618066723e+00
4.0226890242e-01
-1.3508078798e+00
-7.0832865975e-01
9.3537875004e-01
-2.1785868106e-01
1.4808108399e-01
-4.5086057100e-01
-9.6890042029e-01
1.3045403224e-01
1.5801167291e+00
-2.8162317189e-01
9.2428808730e-01
6.4536656416e-01
-1.7975000030e+00
-6.3207658988e-01
-1.7098590070e+00
4.4065106473e-01
2.0383038318e+00
7.6728033111e-01
4.4757517945e-01
-5.0746118346e-01
8.2659663520e-01
-2.4940541606e-02
1.6294947751e-01
-1.9790351970e+00
-1.0311862468e+00
