-1.3342854865e-01
1.4963012848e+00
-1.9409253415e-01
-4.5083784188e-01
-6.3303520511e-01
-1.0730005406e-01
-1.1636184942e-01
-1.0467461123e+00
6.6257834185e-01
6.9091242984e-01
-1.8425996293e+00
-3.4075779502e-01
-5.8919672208e-01
7.3335978552e-01
-1.9509263097e+00
1.5696117075e+00
-7.2591967982e-01
1.8607194350e-01
6.3724350995e-01
4.9317472356e-01
1.1045375282e+00
4.3135002577e-01
-1.4247727149e+00
-1.1317929483e+00
5.2565979336e-02
-5.2854325385e-01
-7.8970058513e-01
-2.1987246805e-01
-5.8419614260e-01
-2.6024666381e-01
1.0384650432e-01
-6.7972056299e-01
