1.1285141718e-01 -1.4173960240e-01 1.4781018251e-01 -4.0721873207e-02 1.7688079880e-01 -1.4144825912e-01 -3.3792861993e-01 4.4188036607e-02 -5.1152490386e-02 -8.1933575679e-02 1.0493884547e-01 -2.0907232154e-01 2.5605098282e-01 1.5959403477e-01 -1.5573114237e-01 4.1197193827e-02 5.7267249404e-02 -1.8505004131e-01 -1.4135359704e-01 2.0159274570e-01 -6.0938447688e-02 3.9198427255e-02 2.1120348016e-01 1.0948822754e-01 1.2344358300e-01 -1.5541572532e-01 1.8329286363e-02 -1.3320942189e-01 3.0675454976e-01 2.4461365882e-01 2.6957629926e-01 -3.2458011558e-01
4.6436893509e-02 -7.9117138820e-02 -7.5476295798e-02 2.3886373402e-01 -2.1980324061e-01 -5.9479995033e-02 1.2977895163e-01 8.7317358854e-02 -8.1236869690e-02 3.1022193706e-02 -2.9240960268e-01 -7.3668565676e-02 -9.6332000265e-02 -2.3080418412e-01 1.3132288198e-01 1.3284626772e-01 -9.1188469493e-02 2.8829820359e-01 -2.6078867226e-01 1.0504774673e-01 -2.1317543949e-02 -1.4576980287e-01 -1.3640457566e-01 4.7065084639e-01 -6.9127237734e-02 -2.0854334959e-02 -5.5062546287e-02 -4.2841259651e-02 -2.6544570533e-01 2.1709138545e-01 -1.0560210576e-01 -1.1421991536e-01
2.6219207642e-01 6.6516310562e-04 3.8810602395e-03 -6.2118638341e-01 -3.9262614544e-02 4.4381447479e-01 1.8100926370e-01 -4.3695659665e-02 4.2752731804e-02 1.2624913935e-01 -4.5306586195e-02 1.1054118717e-01 -7.2583358792e-02 2.7257251542e-01 2.3445931784e-02 -3.5082758698e-01 2.6559196691e-01 1.7263472772e-01 -2.5337069232e-01 -1.6781181763e-01 2.6876574775e-03 5.8441535006e-02 -5.5296162421e-02 8.8375746256e-02 -1.0830264246e-01 -1.9109967740e-02 1.1033403737e-01 -1.9622546729e-01 -2.6522229791e-01 1.7108529465e-03 -6.9638878700e-02 1.1348633069e-02
2.8933048333e-01 8.8425387513e-02 -5.3241064103e-02 6.6984379543e-02 -2.2501771989e-01 -4.6429200742e-02 2.1386848447e-01 1.0282001574e-01 -2.1469318598e-01 2.0098806673e-03 3.9419132779e-02 7.2244093473e-02 -2.5604709750e-01 6.2715170995e-02 2.0077611971e-01 1.2533589007e-01 1.1877420213e-02 -3.0845149324e-01 1.7406608114e-02 -2.6890883906e-02 -1.6913635496e-01 -1.5625972352e-01 -2.8472129970e-01 -2.6605250745e-02 -2.3279109444e-01 4.1258318172e-01 -1.7269550660e-01 1.7868988705e-01 -4.2590162021e-02 -3.7468649531e-02 3.4583547705e-03 -8.0207717838e-02
-5.2617599238e-01 1.1095768406e-01 -5.9507716370e-02 -2.4080182701e-01 -2.8411277650e-01 6.1555401766e-02 -2.7094161543e-01 -3.1565928610e-01 -5.6808055233e-02 2.1897882734e-01 -2.0543365908e-01 -9.7029093320e-02 -2.4371983992e-01 -1.7555010401e-01 6.3170845322e-02 3.7981756915e-01 1.9838007375e-02 5.2549229879e-02 -2.8184361555e-02 -1.0344848656e-01 -1.5649867419e-02 -2.9011353258e-01 2.3708035094e-01 7.9564988682e-02 1.6935472597e-02 -3.4384056318e-01 1.3339696726e-01 1.4970546369e-02 1.4868728210e-01 -7.2361359414e-02 1.9713017855e-01 1.8370883226e-01
2.1390037837e-01 3.3979918016e-01 -1.6898886532e-02 -5.8137905429e-02 3.8835437886e-02 -1.9429181693e-02 2.3880936602e-01 8.4489511235e-02 1.9217234556e-01 5.9759217600e-03 -1.9029994162e-01 5.3018350712e-02 -1.5914744328e-01 -2.2430651531e-02 -1.0173174887e-01 -8.5660031467e-02 3.5686468008e-01 1.9562126845e-01 2.6662877288e-01 1.4310969121e-01 1.2527641754e-01 2.8853738635e-01 -1.0914378174e-01 2.8736267258e-01 -4.2563411917e-02 3.0808712607e-02 -1.0577313735e-02 3.1018541143e-01 6.8581158553e-02 -6.8958259541e-02 7.3250341827e-03 -7.1529129201e-02
-1.9894397081e-02 -3.1951295464e-01 -1.5495902395e-01 3.7724542347e-01 2.7815823061e-01 -1.2687955053e-01 -6.1809458700e-02 -3.5760167016e-02 -3.1527713083e-02 -1.5632942530e-01 2.2596839783e-01 -8.7989510326e-02 5.1123682839e-02 1.1018247783e-01 -1.3048281589e-01 5.1454825598e-01 -6.0245714806e-02 1.3653250634e-01 1.2765631757e-01 -1.6084735822e-01 4.3011984338e-01 -1.9092110220e-01 5.5905010671e-01 -1.6067419235e-01 -2.5974579885e-01 8.4847677189e-03 3.3602856623e-02 1.5858866772e-01 1.1600062062e-01 1.9183249435e-02 2.4426017426e-01 -2.0393281095e-02
1.3101518061e-01 1.9773628764e-02 2.6870254539e-01 1.5848646168e-01 -5.0508233434e-02 -2.9520992103e-03 -8.0100492298e-02 -1.0639731760e-02 -1.9000909163e-01 1.4188656760e-01 -1.2778374454e-01 -1.9997797147e-01 -9.0969855960e-02 1.4760547242e-01 7.6028730018e-02 2.5972121782e-01 2.0159811369e-02 1.3921298124e-02 1.8485386199e-01 -2.4866819053e-01 4.5142286513e-02 -1.1864890964e-01 -1.4093596072e-01 -1.3430482121e-01 -5.3444343083e-02 -3.2389952124e-01 -2.6764980194e-01 1.4070962121e-01 1.1046394833e-01 -7.6397489561e-02 8.7616814913e-02 -9.9583472817e-02
1.5510974546e-02 -1.2524949919e-01 -8.3230202061e-02 2.1305987217e-01 2.6883926121e-01 1.1795508701e-01 -1.3459357097e-01 2.3093189212e-01 -4.5308122351e-01 4.0191464793e-01 2.5965001423e-01 7.2112717213e-03 6.1624605036e-02 2.6585632375e-01 -1.3351986186e-01 3.3586755664e-01 -4.1303455554e-02 -1.9877952252e-01 2.8029545527e-01 -1.3118113937e-02 1.6094171325e-01 1.7652475123e-01 7.6239373892e-02 2.6836642552e-03 2.0619127617e-01 8.7987503858e-02 2.5797530777e-01 1.7800028468e-02 1.3077736581e-03 2.8128375390e-02 2.8775509525e-01 7.4855734681e-02
-1.3962612905e-02 -2.7581837876e-01 1.0427644616e-01 -2.9057051498e-01 3.9096010411e-02 1.2501131345e-01 -5.9495905193e-02 2.8453469839e-01 -1.9233496119e-01 2.4561072546e-01 -1.7171032706e-01 1.0538509082e-01 1.9811917068e-03 1.4183098442e-01 2.5105583973e-01 1.7200276787e-01 2.5266607137e-01 -1.9904570092e-01 -3.8613692472e-02 -4.0459199527e-02 -1.5573667910e-02 -1.0653674548e-01 -1.0119719215e-01 1.0469195180e-01 -1.7325391529e-02 1.3946841535e-01 -2.9114934611e-01 -2.5006412490e-01 1.3522905099e-01 5.8418066946e-02 -5.8469841281e-02 1.5401526829e-01
9.4700391946e-03 -9.1547427980e-02 2.4164110313e-01 1.1500865317e-01 -1.1558722015e-01 1.2864514392e-01 3.0889092569e-01 -5.3841617083e-02 1.3670247538e-01 8.9705663424e-02 -3.6101561868e-02 4.6374738519e-02 -9.8707281741e-02 -5.9142415211e-02 -1.4664157251e-01 -7.4069463787e-02 -3.6837603599e-01 -1.3797320114e-01 2.0039171755e-01 8.1951104727e-02 3.6622198431e-02 -6.2294799574e-02 -1.6913736977e-01 2.4738511467e-01 -1.6882565283e-01 -3.3610495786e-01 -1.5709667967e-01 3.4852964861e-01 3.2467644339e-02 -4.3894691617e-02 -5.0699168270e-02 -1.3534986488e-01
-3.4127352742e-01 4.8043471196e-02 1.4217118235e-01 -1.4376167701e-01 1.0090100230e-01 3.8696574685e-02 -2.1933290268e-03 4.5140128365e-03 2.4951098793e-01 -2.4095124641e-01 -2.2881417093e-02 -3.7550143178e-01 1.3246159072e-02 -1.7558476297e-01 -8.1109354945e-02 2.0816694886e-01 -1.8657555506e-02 6.4374282477e-02 1.5287587226e-01 -2.5905408879e-01 1.0970775405e-01 -5.8122538186e-02 -1.1149482401e-01 -4.5716214235e-01 1.1088457195e-01 1.0993530414e-01 -8.6635422678e-02 -8.3750712243e-02 2.2598281209e-01 -2.0451981466e-02 -9.8519187683e-02 -2.0180447944e-02
-5.4680589291e-02 4.7800765356e-02 -1.7588588074e-01 4.0853701663e-01 -9.6480151859e-02 -2.2492043091e-01 -3.5263680609e-01 2.4808412103e-01 2.9890418260e-01 1.7192981762e-01 1.0885266732e-01 8.1235016654e-02 1.3981632164e-01 -7.1121916457e-02 -3.2963165899e-02 2.7206147876e-01 -2.4164637325e-01 -2.0506872709e-01 -2.3242602074e-01 -1.1586892316e-01 4.7111431270e-04 4.0194826540e-02 1.5899111497e-01 2.8694074843e-01 2.6733656614e-01 -1.7531896957e-01 -6.9300036550e-03 2.3930403065e-02 4.3695981653e-01 -1.9739595851e-02 -1.3450730727e-01 2.3667917805e-01
1.4270161152e-02 -3.0250158852e-01 -8.1169708259e-02 1.2413548775e-01 1.0271339331e-01 1.5730510148e-01 -1.3163207517e-01 -7.7059197889e-02 -1.9029155439e-01 2.4746430840e-01 -3.1128474993e-01 -2.2231119796e-01 3.0289382423e-01 3.8873873256e-01 6.3336667395e-02 1.8759670229e-01 8.5786953462e-02 -2.4429545453e-01 2.3949992536e-01 4.0626419023e-02 3.2651771632e-01 9.2044928154e-02 2.1954621884e-01 -3.5747618542e-02 -7.0443518590e-02 2.7982040378e-02 1.0675125792e-01 2.7071248877e-01 -1.7284009126e-02 2.1086515328e-01 2.3912624274e-02 5.1826188764e-02
1.2149555659e-03 1.5246765728e-01 5.2839011403e-02 -1.0979543160e-01 -2.3824773362e-01 -2.3859651207e-02 1.5227265334e-01 2.6578211742e-01 1.6500204351e-01 -2.7501447623e-02 2.0017783670e-02 -2.9325816142e-02 -7.3545129662e-02 -4.0888651385e-02 1.0718614479e-01 -1.2204615697e-01 2.3248165132e-01 -4.3555710529e-02 -2.0116751889e-01 5.9189171488e-02 1.2524952139e-01 -9.3350770123e-02 -3.9236291910e-01 -1.5987054196e-02 -2.5432248761e-01 1.7542807293e-01 1.5690173562e-01 -2.5423083837e-01 -6.6010046276e-02 -3.2050048901e-01 -1.4004893847e-01 -8.7008691759e-02
5.7094335121e-01 3.7877260302e-02 1.3998776570e-01 -2.3435853430e-01 5.1919995086e-02 2.7109454164e-02 -3.7972836530e-01 -3.4915592725e-03 -1.4967395561e-01 2.5607601805e-01 -8.1580608151e-02 1.4941701220e-01 -2.2103712201e-01 -2.2682337026e-01 -1.1313320531e-01 2.7160591969e-02 7.2349772697e-03 1.5521647496e-01 -7.4439819925e-02 1.0711154023e-01 -3.7041442245e-01 1.9483358132e-02 1.7557298757e-02 1.4101349464e-01 -2.8384304090e-01 -1.6594774835e-03 -3.0654649831e-02 -1.6096153771e-01 -5.8424727153e-03 -1.1654547479e-01 -1.2270364377e-01 -2.6565976080e-01
5.8284957190e-01 7.7529076019e-02 5.3177838754e-02 -2.1229054081e-01 -2.5180686504e-01 -5.2895916176e-02 5.3746943219e-01 2.2844991774e-01 1.1161184567e-01 -9.1356406340e-03 -2.4327891326e-01 -2.1027280725e-01 -4.7382356976e-01 4.5733729017e-02 -5.6720584897e-02 -2.5306253133e-01 2.4180636567e-01 -1.1694247320e-01 -7.1879681586e-02 8.1149047639e-02 1.1761181846e-02 3.2758667210e-01 2.6671487345e-01 2.2245866198e-01 8.5458373331e-02 5.0823153925e-01 3.6715489310e-01 3.8414444104e-01 -1.5368191632e-01 -1.6899624046e-01 4.8487707338e-02 -2.6923146995e-02
-9.9166419530e-02 -1.6421662293e-01 -1.9764736547e-01 -6.5975084199e-02 -1.5940387639e-01 1.9638278550e-01 -2.2934775152e-01 2.3020030948e-01 -2.2024105063e-01 1.8944675999e-02 -1.1394194899e-01 7.9867040928e-02 3.3524223598e-01 1.0515856083e-01 -3.6274904234e-01 -4.3197372055e-02 2.5947253521e-01 8.2675910498e-02 2.5252622020e-01 -9.0302104477e-02 3.5860283966e-01 2.1644580863e-01 2.2072409022e-01 -9.4599254835e-02 1.6477175476e-02 1.7244975945e-01 -2.7913050953e-01 -2.1222128915e-01 -2.7264177410e-01 -7.4796756536e-02 -1.8731621672e-02 1.5468677084e-01
2.7244310627e-01 -3.6568596460e-01 -6.3509293522e-03 1.7527503327e-01 2.1897131423e-01 -1.9765599720e-02 -1.5915330972e-01 1.2494603023e-01 -1.0453921296e-01 1.7132831520e-01 1.6279093105e-01 -8.6667563889e-03 1.7413672188e-02 2.3106953854e-02 1.1199309784e-01 1.3495112878e-01 4.8599780834e-03 -1.1898935265e-01 4.3083651366e-02 -1.3203799889e-01 -3.1720922665e-01 1.8804509578e-01 7.2596273105e-02 1.3920711369e-01 -4.4118553205e-01 -2.4642434140e-01 4.7411728003e-01 -1.0727995624e-01 1.2497781729e-02 -1.0957413461e-01 7.6433842220e-02 -1.2345019239e-01
-1.7322512396e-03 -9.6615626614e-02 1.5040318360e-02 -1.1656166346e-02 1.4473040239e-02 3.0411845035e-02 8.1967356287e-02 1.6595788611e-01 -7.2415244957e-02 1.2950884494e-01 1.4671027797e-01 2.7580861592e-03 -1.3308620748e-02 -2.2829416645e-01 2.3442485124e-02 1.9346428063e-01 3.9830258945e-01 1.5647302014e-01 -5.8933343839e-02 1.8752550590e-01 1.4999027004e-01 9.8419632342e-02 -9.5552140005e-02 2.2258725676e-01 1.8135165259e-01 3.8789221457e-02 2.2553269931e-01 1.9471964604e-01 -9.7520509382e-02 1.9399054061e-01 2.8233844557e-02 3.7685179507e-01
-1.4590592438e-02 -6.5670970457e-02 -1.0048590543e-01 -2.6101741542e-02 -3.9086554915e-02 4.2928449275e-01 8.5492437967e-02 -1.5333619506e-02 1.1727111872e-01 8.5511952070e-02 1.2241379177e-01 1.2117842199e-01 2.5782572353e-01 4.8092560783e-02 -3.5387519271e-02 1.5481145480e-01 -3.1411449784e-01 -1.7171810534e-01 8.1448214637e-02 -1.3909753587e-01 2.3179451604e-01 3.0722616990e-01 2.0279926649e-01 1.0883224577e-01 1.4351538820e-01 -6.0388575883e-02 2.7687652991e-01 -9.2034259724e-02 -5.5454665003e-02 -2.4782032647e-02 2.0296771411e-01 2.0494501951e-01
8.5497475868e-02 2.3964414917e-02 3.1803113549e-01 2.3930632018e-01 -2.7446227675e-01 7.5483677624e-02 -9.9456151223e-02 3.2468810212e-03 1.8586508936e-01 -9.4553170809e-02 -2.3267870719e-01 -1.7681629373e-01 6.0718667538e-03 -9.7392970279e-02 -7.0681301733e-02 9.8123387038e-02 -2.4139355102e-01 -1.2161305149e-01 -1.4121896379e-01 -1.4100778859e-01 -2.1525433170e-01 -1.3967272168e-01 4.3594106451e-02 -9.9654364442e-02 -1.7264741105e-01 -3.9756633256e-02 -1.3711007698e-01 6.7540007148e-02 -1.8491590678e-01 -8.1192173226e-02 7.3606520517e-03 -3.9110345438e-01
-4.7897189351e-01 3.3393898456e-01 2.4831864591e-01 2.2461231900e-01 -2.0496323108e-01 1.3272345193e-01 -8.6096576192e-02 3.3825354287e-02 4.9413827435e-02 3.8815000667e-01 -1.6680192112e-01 -1.2928544078e-01 2.8000144071e-01 1.0531015825e-01 -2.5257580972e-01 -1.3893881002e-01 -1.3014700371e-01 2.2818663733e-01 2.9327305974e-01 9.6804864055e-02 -1.6757151437e-01 9.4437624893e-02 3.0782214983e-01 -1.6789327515e-01 -3.7487327981e-01 1.5161276853e-01 1.4987506773e-01 -1.8429634273e-01 9.5281328840e-02 1.7243094588e-01 -2.5787660835e-01 -3.3586648050e-01
-1.2258139348e-02 -1.4495197606e-02 -2.6280707178e-01 -2.1809502658e-01 -3.5888218602e-02 -1.3149435211e-01 1.5208609751e-01 3.3470452153e-01 9.8723086079e-02 -5.7560066297e-01 1.6846719042e-01 -1.7814129878e-01 -7.8081916377e-02 -1.2342725806e-01 -3.1454339778e-01 1.5416973346e-01 -1.4587905290e-01 1.4969530877e-01 -2.2249444970e-01 -1.9071958378e-01 -3.8384868806e-01 -2.3813252219e-02 -3.3176659147e-02 5.8140325270e-02 5.6072901300e-02 4.8564675964e-02 3.2652192175e-02 -1.2158657951e-01 -1.0916239343e-01 9.3909705047e-02 -2.5387830335e-01 9.9183160182e-02
-4.1970890424e-03 3.2389669001e-01 -1.2923704566e-01 -4.0977290611e-01 -5.1026053488e-02 -6.3420490445e-02 8.2549184342e-02 2.7656032431e-01 2.9732220544e-02 -3.4124180592e-01 -4.0234642053e-02 6.0112627773e-02 5.3947699153e-02 -3.4756551109e-01 1.5747027021e-01 1.2774829591e-01 1.6788115157e-01 -2.7481411087e-01 9.9065067724e-02 3.3120106018e-02 5.4187867647e-02 2.7138031729e-01 -2.5348062646e-01 1.6977507033e-02 2.2243408143e-01 -2.2633641568e-02 1.1392601427e-01 -2.4511306041e-01 -9.5918374644e-02 -3.4514362764e-02 3.2766993231e-01 1.2237097699e-01
-1.9111116151e-01 -7.6634444832e-02 -2.6471255133e-01 -1.5715160063e-02 2.5094269044e-01 3.9830997533e-01 -3.7494208217e-01 -3.4105712524e-01 4.8811092191e-01 5.9891216224e-01 3.9980196117e-01 3.8605046265e-01 1.9676083262e-01 4.9230352746e-01 -1.7811675978e-01 2.7847935036e-02 -3.3391985222e-01 3.8819476520e-01 -1.7459634453e-01 -1.0081525817e-01 -1.2934345387e-02 -2.1958409265e-01 9.0122229489e-02 -7.8148073470e-02 4.3422362361e-02 -1.2960240811e-01 -1.7467964504e-01 -2.4904585566e-01 1.3620739602e-01 -2.0406352058e-01 3.7624190925e-01 -1.8218026231e-01
7.1334109995e-03 -8.7311194046e-02 -6.4844080230e-02 5.9421770744e-02 -4.5904605643e-02 2.3491049472e-01 -1.7591810843e-01 3.0667177478e-01 8.9311488307e-02 -6.5366146167e-02 -2.6898416767e-02 2.8643409860e-01 8.1650382046e-02 -5.3761168471e-02 -3.0934151466e-01 -1.6993671989e-01 2.1789450746e-01 4.2876834692e-02 2.9671753150e-02 1.1695137402e-01 -4.2772620146e-01 -2.3227741371e-01 -1.6407232396e-01 1.0168801735e-01 -1.8184020164e-01 -2.8691521761e-01 -3.9017147510e-02 -1.5520102541e-03 -1.7251676926e-01 -2.1327924251e-01 -5.7895508606e-02 -3.0276272655e-01
-3.7917642653e-02 1.2572343212e-02 1.4551497660e-01 -1.8521858276e-01 1.4846726713e-01 6.5637672469e-02 7.9832445772e-02 -5.4824839931e-01 4.4514210178e-02 8.7745034433e-02 1.8901328143e-01 2.1559124986e-01 2.8401630652e-01 1.0811317697e-01 -9.2323869504e-02 5.5019822360e-02 -2.1538387845e-01 -3.8925929141e-01 -8.5424385467e-02 1.3137906356e-04 1.2087828638e-01 1.2602526095e-01 2.0082989367e-01 3.8802036376e-02 -2.4422169063e-01 2.1311447801e-01 -2.2171423792e-01 4.1628248593e-02 2.5433838704e-01 -1.8406397567e-01 -2.6065715239e-02 2.1694995645e-01
-7.8062158822e-02 -1.1071751658e-01 2.4440543140e-02 -3.4108587777e-01 4.3688415412e-01 1.8950346643e-01 -7.6966107080e-02 8.1641587176e-02 1.4695023692e-01 1.8229054394e-01 2.7118753185e-01 1.7829087175e-01 1.0395416288e-01 3.2311734993e-01 -8.2343432243e-02 3.1727861837e-01 -1.0109771104e-01 1.2008450729e-01 -1.6162701443e-01 2.3928338468e-01 8.7405247027e-02 -3.1841415104e-01 2.7868114783e-01 -4.0738784463e-01 -4.6752584139e-02 -1.0957004770e-01 -2.7556723592e-01 2.4593422522e-01 -6.5295251016e-03 1.4546608047e-01 -9.4813041021e-02 -5.1963134133e-01
-4.9074149662e-02 -2.9984140946e-01 -9.3652957393e-02 1.9542040189e-01 2.4804130166e-01 -4.8840891245e-01 1.9201600120e-02 -4.2709464163e-01 -1.2603848499e-01 -2.5078864372e-01 -1.8865092401e-01 -1.1335896375e-01 -1.9768946816e-01 -6.1712705156e-02 3.5951268063e-02 -3.6798706342e-02 -3.4122223295e-01 2.0012964671e-01 -1.3502690780e-01 2.6036956825e-01 5.8805705456e-02 -1.3887880674e-01 1.9464521796e-01 2.7172320362e-01 -8.1802409504e-02 -1.3313895793e-01 4.2193285477e-01 3.2126910705e-02 -1.2554802697e-01 -2.1836411127e-01 -1.0441484960e-01 2.8166999900e-01
-1.0601304621e-01 -2.2562359743e-01 1.8798016553e-01 -2.7434065575e-01 2.1590714536e-02 -1.3575524521e-02 2.2494257078e-01 2.0294060986e-01 -1.9173290970e-01 2.3292366894e-03 1.0729266927e-01 -2.1476625599e-02 3.0644241808e-01 -2.8539340790e-01 9.6621476759e-02 -4.7949509736e-02 7.8125348744e-02 -1.0333943422e-01 -2.8254405962e-01 1.1440363609e-01 4.4548224145e-02 -7.5732367834e-02 1.3206172366e-01 -8.9920305357e-02 7.0523788308e-02 8.9132688823e-02 1.6531558058e-01 2.3544858505e-02 1.2070489434e-01 -1.9648650730e-01 -2.3737328079e-01 -2.3101361256e-01
-1.1250115312e-01 -1.1425634892e-01 3.1592109908e-02 1.7275267132e-01 2.7657997890e-01 1.1072434421e-01 -4.0643768208e-01 -4.3004860806e-02 6.2589789992e-02 -2.6419035466e-01 2.5742231899e-02 3.0335348345e-03 2.3612554771e-01 1.7092675535e-01 -1.1949520540e-02 7.8000850381e-02 1.3490634548e-02 -9.4356294350e-02 -2.2179918758e-01 -3.7593748107e-01 1.2569018320e-01 -5.0010732858e-01 -1.7199530310e-01 -2.8739928756e-01 -1.8825021425e-01 -5.6936443273e-02 -1.4361391204e-01 -5.3516266089e-02 -1.0959035383e-01 1.4014290942e-01 -1.1169324478e-01 2.6078669509e-01
