3.9009991797e-02 1.3394592790e-01 3.1369075280e-02 1.3811247877e-01 3.9605141862e-03 1.7618912524e-01 -1.0504171969e-01 1.3510273316e-01 -1.3253435187e-01 -2.8398332947e-02 5.3983933814e-02 -1.9864631085e-01 -1.2909520310e-01 -1.1237946342e-01 1.0892522381e-01 9.7558273664e-02 2.7597062422e-01 7.7653554040e-03 2.8125990133e-01 2.3156639711e-01 -2.8619043833e-01 -3.0709262166e-01 1.3580506383e-01 3.1045024179e-01
5.8624236712e-02 -9.2245497688e-03 -7.1218746566e-02 2.8975349064e-01 2.7230200690e-01 2.3082890112e-02 -2.0101727893e-01 -5.7347315822e-02 2.8167900664e-01 2.5504930791e-01 1.0143867175e-01 -1.8946067444e-01 -1.3920236564e-01 6.9836527995e-04 -3.6523671174e-02 3.7326862969e-03 -6.5905309032e-02 3.8206866104e-01 -7.8738073981e-02 -1.1891120940e-01 1.6939402289e-01 9.1678482455e-02 -1.1896356850e-01 -1.0340905263e-01
1.4753989032e-01 3.1549825149e-02 -3.5540107466e-02 1.6283812368e-01 2.8457159547e-01 4.6730751642e-02 -6.0852001704e-02 -2.8030435180e-01 7.5265257175e-03 -3.2016192233e-01 3.8602850989e-01 -2.1813482353e-02 -4.2473267960e-02 -1.6638451603e-01 -2.1655002265e-01 -2.5531907494e-01 -7.5118881856e-02 -1.7362570876e-01 -2.1082469029e-01 -1.6607036991e-01 3.3704066990e-01 -3.7659551466e-01 -1.9696742012e-02 8.7513300829e-02
1.5400281816e-01 -2.7701810281e-02 -1.0652798131e-02 -8.6844694151e-02 1.5165697979e-01 2.0992766213e-01 2.1905871828e-01 8.1445917551e-02 -1.8592371842e-01 9.5180431116e-02 -1.0053112868e-01 -2.1237761533e-01 -8.6446118813e-02 5.6120192766e-02 1.6302899766e-01 1.0955619238e-01 2.4922336416e-01 -4.7884699588e-02 -1.1201736406e-01 1.5042032902e-03 -6.6510620580e-02 -1.6841596885e-03 1.3888168329e-01 5.3638556607e-02
-7.4042709713e-03 2.2664439762e-01 2.4149651278e-01 1.0416465325e-02 -1.9434724024e-01 -3.4847600499e-01 2.8492262617e-01 -3.5954309451e-01 1.2373366131e-02 -2.0976471265e-01 2.2935466595e-01 -1.5256073513e-01 2.3269048663e-02 -3.4107412430e-02 -1.5028141006e-02 -8.0841769669e-02 -2.5697241359e-01 -4.6828791624e-01 -2.2673626313e-01 5.5891889256e-02 2.2515428782e-01 3.2464715021e-01 -2.8127529151e-01 -2.6389320008e-01
8.8041113522e-02 2.8902333941e-02 2.6309909610e-01 -1.3258720036e-01 1.6210466106e-01 -8.7566781676e-02 -1.2927691840e-01 3.4516018127e-01 2.7556209100e-01 1.5408424987e-02 -1.6484169402e-01 2.1936114569e-01 -1.3201142811e-03 -4.4100998355e-01 1.2722272413e-01 5.1886691845e-02 -4.2107916802e-01 1.4190142616e-01 -2.6445043436e-02 -4.9579975142e-02 -6.7142649570e-02 4.7055525633e-02 -5.4421914138e-01 1.2911263463e-01
-6.8876052827e-02 -2.6221005272e-01 1.5323820272e-03 2.2096236052e-01 4.0514557850e-01 -1.9421575497e-01 6.5208915976e-02 -3.2677469240e-01 -2.0160518175e-01 -1.9770181515e-01 4.0715269152e-01 -3.2046236913e-01 -1.0541728136e-01 -4.2498463714e-01 -1.7689790037e-01 1.9049200646e-01 -1.7891519321e-01 2.5312004624e-02 -1.7358891856e-02 1.8186323742e-01 -1.6534396521e-01 -1.3521678776e-01 9.6962994317e-02 2.5877760820e-03
2.4269924812e-01 -5.0264114546e-01 -1.3005608698e-01 -2.4328927124e-01 -2.4085889176e-01 -2.2446685503e-01 4.6449227507e-02 -2.0277462633e-01 1.0240396617e-02 3.3344114987e-01 3.0658049233e-02 -5.1721408416e-02 -1.1185519133e-01 1.2355234471e-01 -2.7605174049e-01 2.9192724971e-01 2.3557009700e-01 2.0496289993e-01 1.7164593596e-01 1.4413152708e-01 -1.5025558950e-01 2.2293950226e-01 2.5597840932e-01 3.4435189405e-02
-1.4808773823e-01 1.1180238954e-02 -2.7956240120e-01 -2.3159703191e-01 -2.2218061823e-01 -9.8828429451e-02 3.8594363440e-02 -3.4365167323e-02 -1.4797389560e-01 2.2232114117e-01 1.8087714330e-01 3.6839055259e-01 8.5477911787e-02 -7.8139305761e-02 3.6228354755e-01 3.0662264282e-01 1.2244179227e-02 7.4961095840e-02 -2.7213495071e-01 1.5824016753e-02 -3.3036933807e-02 2.4163715597e-01 -2.4534050282e-01 1.7687202876e-01
-4.0288702748e-02 1.8450400516e-01 1.0923857371e-02 -1.1308964810e-01 -7.0467841060e-02 1.4166509103e-01 1.4332279554e-01 8.4629194748e-02 2.7108964947e-01 3.0467230602e-04 1.4578502589e-01 8.8109510115e-02 1.7202752136e-01 -9.9754124262e-03 2.6071296739e-01 -4.7626579395e-01 -1.2613776758e-01 1.7023245809e-01 6.9422977441e-02 -2.3329411027e-05 -3.2261199839e-01 7.9641583498e-03 1.1629172993e-01 1.0405943815e-01
-1.6250561007e-01 1.3352924398e-01 1.3035909843e-01 -1.6233517312e-01 8.9205331839e-02 -4.7155865323e-02 2.9127226732e-01 -1.8111446867e-01 2.2839483609e-01 3.3779986964e-02 -8.1312638971e-02 -5.5667846746e-02 -2.1013898201e-02 2.3006589238e-02 -4.9789798163e-02 2.3755222869e-02 -4.6695820188e-01 1.2536780105e-01 -2.1925265527e-01 -1.9848314568e-01 -2.9187839727e-01 3.2355027496e-02 -2.1863124557e-02 4.0319324366e-02
-1.7040499056e-01 2.2981034358e-01 -1.0704943105e-02 2.5846408913e-01 3.3231785485e-02 1.2961282153e-02 -1.1567582335e-01 1.5189975015e-01 -3.6886626774e-02 2.5844193526e-01 -3.8498189517e-02 7.7029811620e-02 1.0013331713e-01 2.3068162126e-01 4.8976701168e-02 -1.3406161407e-01 1.4835736948e-01 4.5453604819e-02 -3.6666180303e-01 -2.1399337534e-01 -2.0482623515e-03 7.0926325817e-02 -4.5765769627e-02 -2.3921652768e-01
-1.9393260283e-02 -7.3740411705e-02 1.5073215245e-01 3.1211729525e-03 -5.7085919610e-02 -2.9922948632e-01 2.8044812722e-01 -3.1697949847e-01 -1.0307300686e-01 1.1062622098e-01 -6.5395969000e-02 -1.3394852318e-01 1.3178893682e-01 1.6523457652e-02 3.2871947987e-01 1.9434322512e-02 -1.0869465653e-01 9.7020663223e-02 -1.4650206690e-02 1.6532472962e-01 1.0916059693e-01 9.9443969692e-02 -1.1166689637e-01 8.2030835847e-03
7.4802168747e-02 2.0863059188e-01 -5.7763512397e-02 -2.3888454402e-01 1.6676972658e-02 -1.7530583758e-01 6.5381190703e-02 4.8891989816e-02 -7.4608322630e-02 -3.5272286669e-01 -9.0440542936e-02 1.4191224412e-01 3.0227670046e-01 3.8134024927e-01 2.9206044936e-01 6.0944907401e-02 7.4649872862e-03 -3.0585066395e-02 1.8625416921e-05 -3.5689825618e-02 -2.3274812600e-01 1.5611719299e-01 -2.1172063066e-01 9.7101991306e-02
-9.1867170659e-02 1.4174210553e-01 2.1144132175e-01 3.0864013676e-01 -2.8679648446e-01 1.6810153656e-01 -3.6177380555e-01 2.3169467867e-01 9.3013234184e-02 -1.6346516750e-01 2.0985615506e-01 5.5892144051e-02 -1.4081046238e-01 3.5807300259e-02 1.0358370532e-01 -2.9513807564e-01 1.4795251908e-01 -9.1167518913e-02 5.7287554115e-02 1.3210095112e-01 1.8330995116e-01 3.8671472269e-02 -7.5992803024e-03 -8.8864316172e-02
3.2852569891e-01 -1.3516310652e-01 2.3341087160e-01 -1.8393222901e-01 -1.8830265433e-01 1.5652854178e-01 1.1436892544e-01 2.4380885422e-01 1.7070607181e-02 -2.3763840114e-01 -2.3578298967e-01 2.0451194532e-01 1.9260736215e-01 -1.9806842218e-01 2.7647128468e-01 -3.7122071713e-01 -1.1565107949e-02 -1.5346853990e-01 -2.1314300807e-01 3.8398390408e-01 4.6258331689e-01 3.2555685109e-02 2.8061582612e-01 4.3251363750e-01
-6.4354227340e-02 2.9594642464e-02 -2.5447368320e-01 1.1954819559e-01 -1.0918001939e-01 1.4357651500e-02 -2.5803348151e-01 -2.3301336633e-01 1.3266082914e-01 -2.8075859583e-01 8.9518477828e-02 2.6520577823e-01 -1.7353275983e-02 1.7268036332e-01 -2.7091852284e-01 -1.8016208607e-01 -2.5672798362e-01 -9.6275410352e-02 1.8453561920e-01 -3.3905073931e-01 -3.8200990298e-04 -2.2468111568e-01 2.3715795762e-01 -1.7222836818e-01
-1.6546113768e-01 5.7080115969e-02 1.3609778053e-01 1.4202216105e-01 -3.3875714621e-01 4.7482172802e-02 2.4508901407e-01 1.7143168512e-02 4.9048552614e-02 -2.3712593384e-01 -2.8478885421e-01 1.2584959143e-01 -1.7994929445e-01 -1.4007329931e-01 -1.3437062339e-01 -6.8383069402e-02 -2.8391097002e-01 -2.1054317987e-01 1.4715314233e-01 -2.6606759240e-01 6.5618387417e-02 -4.9643143660e-03 1.8965945901e-01 3.8921498682e-01
-2.9248279529e-01 2.9428507248e-01 -9.2077821006e-02 1.3062522546e-01 -3.4779776713e-01 -1.7568357698e-02 2.9949258851e-03 -1.1002350381e-02 2.6136444636e-01 -1.9748033011e-01 -3.6812775633e-01 1.9047554751e-01 1.4697622305e-02 1.5088608555e-01 5.8308663841e-02 -2.9954374932e-02 7.5327995471e-02 1.5350881681e-02 -1.3916026769e-02 1.1500878609e-01 3.2111473380e-01 4.0285496723e-02 7.4934404540e-02 -1.1626843198e-01
-9.2231660753e-02 2.9138031130e-01 -2.3643074154e-01 2.2972090190e-01 -1.5609948242e-01 2.1828299212e-01 -3.7925905200e-01 2.5363244301e-01 2.7941485085e-01 -2.4639561273e-01 5.0138568293e-02 1.5018550313e-01 -9.8908263200e-02 -1.7818496294e-01 -9.7585132421e-02 -1.1760882974e-01 1.3944417887e-01 6.3582978975e-02 2.3978266247e-02 3.1863628811e-02 -9.7378696048e-02 9.7065995494e-02 4.1510376335e-02 -2.6670035460e-02
1.7362541006e-01 -1.8000300148e-02 1.3162341524e-01 -1.4366074266e-03 9.2195226814e-02 2.0191220320e-01 2.5546919326e-01 1.3921948396e-01 -2.5764088279e-01 -1.4169377606e-01 2.1910471260e-01 -8.5310416849e-04 3.2568914983e-01 1.6977002807e-01 -3.3418404646e-02 -6.3804980270e-02 1.6137064170e-01 9.1795218957e-02 -1.9489587596e-01 -2.9645077955e-01 -8.6627892199e-02 -8.2908078104e-02 5.1374839439e-02 1.0505797295e-01
1.4899608332e-01 -2.4970279042e-01 -4.0713271359e-01 7.9396028764e-02 2.6273668052e-01 2.0120599156e-02 -2.4244116133e-01 5.8253086031e-02 1.2194881543e-02 -9.3852370463e-02 8.9623270143e-02 -1.1186206458e-01 -1.4670479099e-02 2.3226197904e-01 -1.7329445874e-01 3.8277646283e-01 -1.1496135889e-01 3.1823676810e-02 1.3935142578e-01 2.1904539661e-01 3.4131058822e-02 -1.1082383901e-01 5.6078298947e-02 -3.3081690093e-02
1.2284218319e-01 1.2463883993e-01 5.1731944261e-03 -1.3070836731e-01 5.4304268834e-02 -6.8115486748e-02 2.8813644373e-01 3.3154004105e-01 5.5506001016e-02 9.8837378989e-02 -2.7974722392e-01 1.8495657448e-02 2.8837215822e-01 1.6850943480e-01 3.1035495661e-01 -1.8625412497e-01 -2.6609751852e-01 -1.2125731300e-01 -2.7534088901e-01 1.6632803407e-01 4.7909046499e-03 2.8622682108e-01 -2.1585085060e-01 2.3967675507e-01
-1.5447597692e-01 -7.9115751257e-02 9.3726509545e-02 2.1189042025e-01 1.3810565402e-01 2.7092446073e-01 2.7762708767e-01 -2.0785424866e-01 -3.6983002543e-02 7.6370476451e-02 1.2129411536e-01 -6.1388780279e-02 -2.1990238834e-01 4.7237857349e-02 1.0719064977e-01 1.3382928175e-01 5.1078341932e-02 -2.3681799508e-02 3.1234934668e-01 2.7291583531e-01 2.4745586238e-01 4.3259931648e-01 4.9287403597e-02 5.8076722485e-01
1.6982192961e-02 -2.9917041585e-01 -7.5854188353e-02 2.1923566316e-01 1.6452834668e-01 6.9310586376e-02 -1.7285291087e-01 2.3377622597e-01 7.3875493692e-02 -1.1566766105e-01 -1.6689420451e-02 -1.6557071166e-01 -9.0684414728e-02 2.4095763832e-02 1.3697705219e-01 1.7020088935e-01 1.5108960674e-01 -3.6896813719e-01 3.6601662868e-01 -1.4455010204e-01 9.3093184170e-02 6.9706035129e-02 -5.9979075176e-02 -1.1939135659e-01
-8.2863383206e-02 -2.7125220364e-01 -2.8700070434e-01 -5.5264982226e-02 -2.7445301700e-01 4.8095352202e-02 -2.8015301549e-01 -3.6210811293e-02 2.4575720208e-02 -1.1280179341e-01 -3.7153891628e-02 -2.0938152360e-01 -4.2933725141e-01 -2.1540777917e-01 1.0812611851e-01 1.1921650825e-01 2.8506324827e-03 2.7188771026e-02 -2.2042380243e-01 4.1951179579e-02 -1.8014832540e-01 -4.7952345567e-02 3.6864409769e-01 -7.6883176783e-02
-6.9991495154e-03 -2.3770230858e-01 8.3736702024e-02 1.2754330154e-01 -5.1053823783e-01 1.5001119040e-01 -2.7146339413e-01 1.9397478234e-02 -3.8707769204e-01 -3.7602282726e-02 3.9226504322e-02 -1.4812750768e-01 -5.6620254876e-01 -4.6014443115e-02 -1.3267376830e-02 6.3440467522e-02 4.8340573221e-02 4.3954194349e-01 2.1372822198e-01 -2.5551458477e-03 1.1154456813e-01 -2.8894782919e-02 1.0639333770e-01 -1.6554830612e-01
-2.9366407315e-02 -3.0414265986e-01 2.6025747888e-01 1.9346302421e-01 2.2043869493e-01 -1.5558333377e-01 2.0914436386e-02 4.0201584015e-02 -1.8302513481e-01 -7.6499801520e-02 3.3948893022e-01 6.8221635013e-02 2.2975309495e-01 2.4959108722e-01 -1.5689821860e-02 2.2071516188e-01 1.1460861160e-01 -6.1113881609e-02 -1.9916247569e-02 -1.3120865572e-01 -1.2126661931e-01 -7.9115014021e-02 2.0104863188e-01 3.5423976812e-01
2.5734461196e-01 1.6401902536e-01 5.0785871212e-02 -1.7321893850e-01 -1.9775719660e-01 -4.2270993557e-01 2.6779184187e-01 7.0410005198e-02 7.6667594786e-02 2.0459222062e-01 -6.3605281507e-01 5.9048865987e-02 1.9102913443e-01 -2.7193758991e-01 3.5503570115e-01 -2.3249908760e-01 2.8531985757e-01 -2.3018356444e-01 3.0051861176e-01 3.3075617649e-01 2.0484334758e-01 3.8724502504e-01 -7.7245706301e-02 1.3007822769e-02
-2.5332435639e-01 8.2776763216e-02 -6.8981016212e-02 -2.7217409416e-01 -3.0590608645e-01 2.5078054179e-01 -3.1412818047e-02 1.5365416274e-01 -4.6441777021e-02 -2.3399770311e-01 1.2912625242e-01 6.2732770254e-03 2.4657964996e-01 -2.7482869396e-01 -6.4212909592e-02 1.7608197823e-01 -2.2771028261e-01 1.2265434193e-01 -8.9688492683e-02 -2.8044617284e-01 2.6191835163e-01 1.8206293248e-01 1.8920200670e-01 2.1966968513e-01
-5.1179635656e-02 1.7812697216e-01 4.4759984426e-01 -2.4888486016e-01 6.7123500997e-02 1.5293298089e-02 -9.4495862422e-02 -3.5954438813e-02 1.4336620848e-02 -1.1768812621e-01 2.9948440212e-01 -3.0320541453e-01 2.3253991189e-01 9.5941949716e-02 -1.9430148439e-01 -2.0067258541e-01 -2.4364743889e-01 1.1885957058e-01 -1.1050699005e-01 -4.8346247934e-02 -3.3419364282e-01 -6.8603789068e-02 -7.8849560853e-02 1.2547603448e-01
-4.9033619418e-01 -2.5525477011e-01 -1.7099891729e-01 -2.6868647338e-01 -1.9199559032e-01 -1.8564512249e-01 -2.8177903032e-01 -3.5112852636e-01 -1.6808489847e-01 2.0551679358e-01 1.2749348492e-01 3.3178252110e-01 1.8694272689e-01 1.9181033417e-01 2.5325089475e-02 -7.1975116476e-02 -2.6199967484e-01 -1.3234392217e-03 -8.6068733514e-02 2.2636667075e-02 -4.2478547704e-03 -1.8064100602e-01 -1.6204956271e-01 1.8690602954e-01
