1.6516794790e+00
-6.8299687326e-01
-1.1678275752e-01
-6.9343388552e-01
-4.8703474073e-01
2.3467030933e+00
-3.5900359859e-01
4.0293718138e-02
1.7679214614e+00
-2.2011754056e-01
3.9239700755e-01
9.9109265705e-01
-8.5102225774e-01
1.1577414158e+00
-1.8864282546e+00
-1.8537508955e+00
-5.7303896714e-01
6.3389908304e-01
1.3929096281e+00
-1.5147528706e+00
-2.4456859478e-01
1.6865856625e+00
-9.5388123414e-01
1.1427622877e+00
-1.8603279389e+00
7.9766102715e-01
-1.1964488080e+00
-1.1599883271e+00
-5.8902021417e-01
4.3109427043e-01
7.9002823387e-01
-5.0414306097e-01
