4.8459407007e-01
1.2811120624e+00
-1.8223057776e+00
1.3683916160e+00
-2.4320625465e-02
-9.4588843537e-01
1.3463116259e-01
1.8961506287e+00
1.2045004330e+00
-1.1516564666e+00
-6.8397299049e-01
-5.6514761378e-01
-1.1598483934e+00
-6.7142105113e-01
-9.3398651587e-01
-1.0872090280e+00
4.1426619718e-01
-1.4505281142e+00
2.1264753920e-01
-3.0081986082e-01
4.9856346855e-02
-5.4933276290e-01
3.3373197993e+00
1.0155698466e+00
1.0285957788e+00
-1.7116428871e+00
-7.9758299219e-01
-5.1953264276e-01
-3.5771234568e-01
-4.5594511501e-01
2.1067570483e+00
-2.9353715015e-01
