-6.9306861183e-02 1.0481048406e-01 -7.1936269675e-02 8.5060412191e-02 -1.7973385214e-01 5.0704133991e-02 1.2268107397e-02 1.7745531565e-01 -3.8977190742e-01 1.5315599351e-01 1.0251783324e-01 -1.7043317398e-02 -1.2801636312e-01 5.6200252711e-02 -6.8405172557e-02 -4.7576942377e-01 -1.5323855349e-01 7.8760467637e-02 2.3233703704e-01 2.1879962621e-01 2.0571946862e-02 1.0192363645e-01 2.8947994704e-01 2.1351441891e-01 4.9740841845e-02 1.2566604515e-01 -4.6790870068e-01 -1.6587615640e-01 -1.9783503130e-01 -1.3649119490e-01 1.1292229613e-01 5.5465990712e-02
2.5796636070e-01 -2.6024714496e-01 -2.1064688212e-01 -3.8431296933e-01 -2.3602276812e-01 -1.1186159471e-01 -1.0372296642e-01 1.3121674956e-01 1.3844906363e-01 -4.8068062437e-02 7.5135079348e-02 2.4459212616e-01 2.6848252219e-01 -1.8816342904e-02 -3.2471874348e-01 1.1191233169e-01 3.1019461181e-01 5.1441960788e-03 1.3967289502e-01 1.2817181040e-01 -2.3361801142e-01 -5.6504785714e-02 3.9540289542e-01 -1.4085464797e-01 2.1443881081e-01 -2.0333972672e-01 2.9592403139e-01 3.2368378427e-02 1.4885398330e-01 -1.9110029365e-01 2.7822519491e-01 -1.1874912607e-01
8.0562341983e-02 -1.5156080281e-01 1.3239338747e-02 1.3281927379e-01 2.4398370973e-01 2.6102889090e-02 2.3877359022e-01 -2.8192470062e-01 -2.8351798613e-01 1.2900929649e-01 -3.0237842565e-01 1.3088604512e-02 2.6339157838e-01 -8.4736065747e-02 8.5663726139e-02 -8.2909597663e-03 2.4728278515e-01 8.7172544613e-02 9.3723119829e-02 5.2376749267e-01 3.2856892844e-02 -2.0798476149e-01 -1.1376093417e-01 -1.1409567710e-01 5.1682035428e-02 1.3919456010e-01 1.6528265337e-01 8.4459514037e-02 1.0040470187e-01 8.4065301492e-02 -1.9581734719e-01 1.1916275347e-01
5.5582927479e-01 3.6113888231e-01 -1.1812777402e-02 1.2270705861e-01 -2.7830033074e-01 1.5673506345e-02 5.7827091183e-02 6.1464824294e-02 1.5370519130e-01 -2.6658613931e-03 7.1870721587e-02 -7.1948375308e-02 -2.4305980075e-01 1.9592428157e-01 3.3902750223e-01 -5.7150037826e-02 2.0437823070e-01 3.9783823974e-01 -1.0670703627e-01 2.6443372305e-01 1.7371210481e-01 2.3263713673e-02 -3.6390456269e-02 -3.6736926553e-01 9.2453150563e-02 1.9125099959e-02 -3.2154963658e-02 -9.7122996246e-03 9.4706358266e-02 5.4778649626e-01 1.0088739990e-01 1.4244949720e-01
1.5730985822e-01 7.7872594579e-02 -1.0432856794e-01 -2.7430497519e-01 -1.1540393853e-01 -1.3504887124e-01 -1.7943885427e-01 1.8818884378e-01 -2.2258166709e-03 -2.9475118939e-02 1.1441797636e-01 4.9920990089e-02 1.5940930074e-01 -5.8629432711e-02 -2.0774174113e-02 -6.9206345972e-02 2.3356518498e-02 -3.0699954206e-01 1.8265150488e-01 -4.2520854802e-01 -3.1418619412e-02 -8.0568763452e-02 -2.5162024690e-01 -2.9950893077e-01 -1.9300053581e-01 1.8168682688e-02 -1.9189921883e-01 1.0796033979e-02 -3.2719474432e-02 4.0530820150e-01 1.3381307833e-02 2.6617297986e-01
-1.2580612560e-01 3.5723999361e-01 3.6341682811e-02 -8.6584819633e-02 1.5196131388e-01 1.3146721638e-01 3.1009409591e-01 1.5951023238e-01 1.3680946869e-01 3.1767006460e-01 1.8227423167e-01 -6.7960405362e-02 -1.7694917976e-01 9.3769400734e-02 -1.3086294894e-03 -3.8280617464e-02 -4.0244926754e-02 -1.3487644261e-01 -4.6561832658e-02 -9.7538010113e-03 2.5002594137e-01 -1.3365916953e-01 2.4257138975e-01 -6.0757845828e-02 1.2663484750e-02 -2.9147747109e-02 -3.9250222483e-02 -9.9121576209e-02 -1.4642239653e-01 -1.2210838999e-01 -3.4949989737e-01 9.3708957566e-02
-2.1095492551e-01 3.0451463810e-01 1.3283587971e-01 1.5990432638e-01 1.3141309178e-01 3.0976897353e-01 6.2608544396e-02 -2.1400013833e-01 -1.4385872127e-01 -1.9088447706e-01 1.6443733071e-02 -1.6721262176e-01 -4.1236484176e-02 -3.4508069839e-02 -1.5929221408e-01 1.0983905783e-01 -1.5206710606e-02 1.9486932663e-01 -1.3076462596e-01 -9.6493291015e-02 2.4003036487e-01 9.1685311706e-02 9.2112022015e-02 -5.8189702779e-02 7.1702180639e-02 -1.5260863786e-01 -1.4096586653e-01 -1.3666551588e-01 -2.3287139084e-01 1.7121264226e-01 8.2306811975e-02 1.6484263367e-01
2.1602158656e-02 -9.9044290751e-02 2.4898978396e-01 -2.2636797589e-01 -2.0648481609e-01 -2.7312998820e-01 3.9462063774e-01 5.2587295736e-02 4.6618738782e-04 1.4044148101e-01 -7.6811282889e-02 -7.5130850275e-02 -2.0671150371e-01 -2.2410649841e-01 -2.5428361927e-01 -8.3531915835e-02 4.0995179430e-02 -2.7462882738e-01 3.0584348693e-02 -1.6072963705e-02 -6.5660972897e-02 1.4659133047e-01 -8.2638525475e-02 1.0428821955e-02 2.7561466176e-01 -1.0240614881e-01 -2.1354838293e-01 5.1121305997e-02 2.5303450678e-01 -3.1728854118e-02 2.1462359916e-01 -2.2521657858e-01
-5.0177948087e-02 -8.6198201674e-02 1.1757610713e-01 -4.0928294582e-02 -4.7449714335e-02 -3.5249664026e-02 -5.8267550229e-02 1.9920653706e-01 1.8950232572e-01 -2.6124991478e-01 -1.0927203356e-01 -1.1713558357e-01 2.0103101343e-01 7.3734097074e-03 -2.1021542251e-01 -1.6006939120e-01 -5.6335304264e-02 2.0389160813e-01 -8.6666332135e-02 2.2988079936e-01 1.6728935069e-01 -2.8498889007e-02 -2.1312959104e-01 -3.5161562912e-01 4.1215630965e-01 9.8979998751e-02 -4.1251724813e-01 -1.9816199470e-01 5.8001972556e-02 3.6971378576e-02 -1.8849562150e-01 -3.4109002568e-01
-2.7315282027e-01 3.5619210829e-01 2.6319609536e-01 2.4373907235e-01 3.9126105106e-02 -4.4784787317e-02 2.8728576598e-01 -6.9904891410e-02 -5.3636779698e-02 -1.6700637560e-02 7.9956501532e-02 -6.8941694075e-02 1.6253759039e-01 -6.7717425533e-02 2.5339546409e-02 2.0549107818e-02 2.2906484767e-01 4.2987301463e-02 5.1563937081e-02 -1.4244607275e-01 -3.2880720537e-01 9.3212830213e-02 6.2349231924e-02 1.4187293316e-01 -1.5250030496e-01 3.4805369316e-01 2.1067090216e-01 2.3598490833e-01 2.5470269265e-02 -2.8565554949e-01 8.3049660862e-02 -1.4145503065e-01
-2.3058498444e-01 -2.4249768773e-01 1.5524247573e-01 2.5052471704e-01 1.8845743674e-01 -6.8058713135e-02 -1.2431324222e-01 1.2747588958e-01 1.1141663861e-01 -1.5023741704e-01 3.3807068039e-02 1.0390153992e-01 -1.7672382358e-01 -1.0738867084e-01 -2.4118764725e-01 -1.4983561659e-01 2.8924982430e-01 2.1602418234e-01 -4.3249314481e-02 9.1216183311e-02 -2.1492080978e-01 -1.0662028373e-01 -6.2708051491e-02 -7.3440522592e-02 -8.8953202446e-02 -1.1033538958e-02 -7.1633927875e-02 -4.0289116369e-02 7.1346516640e-02 -3.3511828884e-03 2.5169237597e-01 -1.5594361476e-01
1.1047059246e-01 -2.6284780100e-01 1.1371505381e-01 -2.3524479413e-01 -8.1499732473e-02 1.9531443081e-01 -2.7085084001e-01 -1.3835187352e-01 -1.2757909359e-01 1.9486589103e-01 -1.5463376469e-01 2.1192606742e-02 -2.7883915276e-01 2.0112253128e-01 4.5256245684e-02 5.3399582603e-01 3.6503866237e-01 5.7330336001e-02 1.5570162103e-01 -1.3268664310e-01 1.4968239024e-01 -5.8358549158e-02 2.1072766887e-01 1.8848910765e-01 -1.0843452800e-01 -6.2904558007e-02 4.2343973685e-01 2.4276354149e-01 -3.0571293566e-01 -3.1477456264e-02 2.1359040008e-01 -2.1533870659e-01
3.6951584568e-01 6.1496845817e-02 -1.3863683858e-01 9.6616769079e-02 1.8530574339e-01 -1.6984365198e-01 8.4976644117e-03 8.3331191146e-02 1.5708989234e-01 6.4191294669e-02 -1.7000467290e-01 2.6488857043e-01 -1.6647446069e-01 2.2294484345e-01 4.1594945836e-01 -2.1850452296e-01 -2.8596522822e-01 2.5391108167e-01 -6.6263516227e-02 -2.7460337921e-02 2.5573684672e-01 -3.5122643795e-02 1.3084487381e-01 2.3431913268e-01 1.7020631896e-01 7.8608609380e-02 -1.5454635574e-01 4.0418597410e-01 4.4259836087e-01 -6.4192039382e-03 -4.5809260708e-02 -2.8954045960e-01
3.1145472143e-01 -1.6088271352e-01 -3.1215313168e-02 2.6406384670e-01 -3.3949618173e-02 2.1274999629e-02 -1.3437114273e-01 -1.0903358362e-02 -9.2594845967e-02 8.5771417645e-02 -8.6617928516e-02 2.4905520179e-01 -2.3325790600e-01 -2.0453672713e-01 -8.2661858051e-02 -3.1862578947e-02 -1.5212942509e-02 2.8837220766e-02 4.7210837766e-03 1.8983205796e-01 1.5371244000e-01 4.3376867465e-02 1.1848999229e-01 -1.7259445716e-02 -2.1930258052e-01 1.8987398288e-01 -5.0918375437e-02 -1.5519086363e-01 1.5753660881e-01 1.4219684134e-01 2.0906275995e-01 -1.6603864753e-01
3.4285642592e-01 1.5614800737e-01 -1.1837475101e-01 -7.4755214301e-02 -3.3754360518e-01 1.7204797750e-01 -1.6987936196e-01 -1.3915576086e-01 9.7385395802e-02 1.4216162321e-01 1.5982388067e-01 -5.5226572245e-02 1.3752923362e-01 -3.7786613011e-01 -1.4359468924e-01 8.4178817334e-03 -5.2235859141e-02 -4.2217013139e-02 1.9362996516e-01 -1.0909997503e-01 9.2721107948e-02 2.4430496256e-02 9.2241504215e-02 1.7902799042e-01 2.3633292443e-03 1.3520640877e-01 2.3200361441e-01 -1.2085444140e-03 9.2590397971e-02 7.3660758534e-02 2.4674770293e-01 3.4984880906e-01
8.4352029691e-02 1.1154588655e-01 -9.5975619656e-02 -1.7073879644e-01 1.0882202394e-02 -1.8411686094e-01 -2.5738502487e-01 -1.6960785924e-01 -7.5053393500e-02 -5.7576291957e-03 2.3263425439e-01 1.4064233417e-01 -1.3153724729e-01 -1.7038326812e-01 7.3326740960e-02 -1.7818472634e-01 -3.3981959914e-01 -1.0883582619e-01 -1.0301841795e-01 -9.4810278438e-02 -4.9800675166e-02 4.9813369702e-02 -8.0101291021e-02 -3.2214115467e-01 1.8519583832e-01 -1.4055143314e-01 4.6439214825e-02 -1.9157602144e-02 1.2133688522e-01 1.2928307741e-01 1.5472539531e-01 2.1744648820e-01
8.0008357503e-03 -1.0016562308e-01 -9.8637220318e-02 -1.5609983124e-01 -2.7628697505e-01 -2.2110024652e-02 2.7258140185e-02 1.1193312470e-01 3.5764796142e-01 -1.8178496693e-01 -8.0413198199e-02 2.1959060785e-02 2.8370768606e-02 1.3383403905e-01 5.1570440025e-02 1.8647859879e-01 -1.8106765385e-02 2.0529741877e-01 -4.3830838666e-03 -5.0795731622e-02 1.0160843279e-01 1.1499799202e-01 -5.6286318157e-02 2.4484076589e-01 1.3548144982e-02 2.9546513547e-01 1.9477701041e-01 8.6592705489e-02 -3.7525455406e-02 2.7785082867e-01 -1.5753306037e-01 -1.7929732282e-01
-2.8802763844e-02 -7.7964838998e-02 -1.7364599291e-01 -8.8527729020e-02 8.8182617347e-02 -3.1402689200e-02 4.5067725186e-02 2.9049521342e-01 5.1963236499e-02 2.9926347109e-01 1.9271710022e-01 2.4463904576e-02 -1.4347075224e-01 -1.0186822011e-01 1.6372386292e-01 -7.2117445745e-02 1.0934477321e-01 -8.3010919251e-03 -1.4665498926e-01 -7.2570614512e-03 2.5157357726e-01 1.3209412728e-01 -1.4633386298e-01 2.5002315971e-01 2.5228213398e-01 2.2580295021e-01 -2.3339504890e-01 -1.0851121990e-01 -7.9022438357e-02 -1.0343625309e-01 1.3650040232e-01 1.9022774301e-01
8.6980231065e-02 1.4017995781e-01 1.0512314994e-01 -7.4926212232e-02 -1.1122124221e-01 1.1530803977e-01 1.2138551552e-02 1.1033608082e-01 7.9276889418e-02 -8.3358905058e-02 -1.7485818705e-01 1.6334893222e-01 -5.7475960713e-01 -5.8409244816e-02 4.2598149110e-02 -2.2045194452e-01 -1.1509347694e-01 2.3150672105e-01 -8.4428463487e-02 1.6589399841e-01 -4.5713464570e-02 -2.3935690001e-01 1.1763608722e-01 3.4177081005e-02 4.6304234923e-02 4.1436068470e-01 1.0381080534e-01 4.9945602226e-03 -1.2189721781e-01 -2.9809597339e-01 -1.3778516540e-01 1.0452684860e-01
1.1316789601e-01 2.3294774051e-01 1.7015162700e-02 -1.3329233830e-01 3.2337998423e-01 -1.6781506118e-01 5.7827708349e-02 2.1161614026e-01 1.9344852010e-03 -6.6941166791e-02 2.0077231852e-01 -2.8409300949e-01 -1.9471276012e-01 1.5660183275e-01 1.4007384302e-01 -3.6884062112e-01 2.9458811281e-01 1.7410584626e-01 3.2424073806e-01 -8.9819263799e-02 -2.3516481128e-02 1.0392973619e-01 1.9983466022e-03 -1.9104835001e-01 7.5626984219e-02 1.8350912954e-01 -2.3020677535e-01 6.6734708381e-02 2.0925115522e-01 1.1426834621e-01 -9.4680047936e-02 -1.3835668315e-01
1.0033824937e-01 -5.9648608974e-02 1.1532920438e-01 5.1632517332e-02 -7.8490290966e-02 -1.2422859741e-01 1.9316454167e-01 -2.1587845367e-01 -4.8380717730e-01 -1.5867300168e-02 5.8414221085e-02 2.2406415904e-01 -4.5743146483e-02 -2.6635278031e-02 -2.1992159149e-01 -1.2355369713e-01 -1.8485857175e-01 1.4596248771e-01 1.0177663616e-01 -1.4055996548e-01 -2.3778526339e-01 1.8979005630e-01 -3.5754245555e-01 1.6357165276e-02 -3.4988003761e-02 -1.0560124777e-02 -1.7975044781e-01 6.7980374659e-02 -1.8641987858e-01 -6.6501820988e-02 1.4051222226e-01 -1.7237207670e-02
2.2068323230e-01 -6.6351290609e-02 -9.3962745727e-02 -1.2190300990e-02 -1.5066025764e-01 -1.6241917612e-01 -3.0709134722e-02 -8.4284967681e-02 2.4622683275e-01 -3.3324234038e-01 -1.0281108872e-01 -2.0568112991e-01 1.2109251948e-01 1.0563040366e-02 -1.5180038488e-01 4.2265908590e-02 9.6160399612e-02 -1.9012736715e-01 4.9099112323e-02 -8.2656412205e-02 -1.5765707811e-01 -1.2129129519e-01 9.7488093958e-02 -6.2154265012e-02 -1.2720879755e-01 -5.2852285762e-02 -7.8418962192e-02 -1.7394423629e-01 1.3784390193e-01 -3.3594185129e-03 1.5413261136e-01 -4.0930875746e-02
3.9152384312e-01 3.9090260660e-02 -1.4704499792e-01 1.8809844230e-01 1.0974051999e-01 -7.5398382614e-02 -1.0858137878e-01 -2.9184362541e-01 -1.2907765184e-01 7.5987600912e-02 -6.5689829668e-04 -2.2205952091e-01 -1.3860235952e-01 4.0990363284e-01 -1.6492048886e-01 1.6197065310e-01 2.0282652225e-01 -1.2594251455e-01 -1.1298896488e-01 1.6139967980e-01 -1.3801605094e-01 3.0281513606e-01 -7.3166806661e-02 -1.0328952637e-02 -2.3356781488e-01 -1.6620623554e-01 6.3726238139e-02 -1.6674046399e-01 2.3588697195e-01 5.4745264766e-02 1.2889943816e-01 -1.8054314377e-01
3.4497173618e-02 -2.4544267076e-01 -1.9451191487e-01 7.2557072794e-02 -1.2303700557e-01 1.7524531209e-03 2.9979756427e-02 2.0875998690e-01 6.4569222669e-02 -1.1028679902e-01 -1.9074302158e-02 -3.7185905684e-02 -2.5143633035e-01 2.6568112688e-01 -9.9770871752e-02 1.9850810208e-01 -3.5785691128e-02 -1.9085487734e-01 3.8719032395e-02 5.1593928476e-02 -2.1694302184e-01 7.2689716792e-02 -9.4773094799e-02 9.1720437725e-03 5.2011773444e-03 3.3039803449e-02 -1.2872383988e-01 -1.9357358060e-01 7.4472950196e-02 -4.0359503860e-02 -2.1159787293e-01 2.8369397182e-02
-1.9042441946e-02 -2.4165431290e-01 1.3968937006e-01 -4.5890714258e-02 1.0309756578e-01 -5.5111834730e-02 -1.7309739786e-01 1.3048927241e-01 1.8277672378e-01 -5.8690583301e-02 5.0153241491e-02 -1.7183492721e-01 2.1699053695e-01 1.0880218110e-02 -1.1348260950e-01 1.7653993878e-01 1.5604294052e-01 -1.4654501654e-01 2.2641376828e-01 6.7033259185e-02 6.9101906749e-02 2.0390725421e-01 2.6192615928e-02 -6.9161443735e-02 -5.6726052701e-02 1.0910398281e-01 -1.4305791842e-01 1.4949756110e-01 -7.6359975582e-02 -2.5216219793e-01 1.5953093233e-01 -6.9544680003e-03
-1.2512958682e-01 -1.1094899816e-01 -6.4363981454e-02 -1.1374850086e-01 1.9593464753e-01 -1.5217635378e-01 3.7950318277e-01 -1.4992760320e-01 3.9809373850e-03 2.6474852745e-01 1.3903356494e-01 -1.1945760280e-01 -1.5439457319e-01 -1.8958241703e-01 1.1540864232e-01 8.8052592253e-02 -1.0525529652e-02 -2.6270094718e-01 -8.9965291480e-02 -1.0414135334e-01 -1.0696485844e-01 -5.8845878625e-02 1.1596310881e-03 1.8379911604e-01 -4.6164996093e-02 -3.6458347649e-01 5.1772429709e-02 -8.5201482466e-03 1.2224095895e-01 -2.3737267751e-02 -9.7025828053e-02 1.8628336884e-03
5.0133601573e-02 -9.8756648646e-02 -2.4032699669e-01 2.0075242359e-01 5.1698631866e-02 9.4732601593e-02 -1.2388473902e-01 2.1721446974e-01 6.9552946664e-02 1.8851315226e-01 1.3059875501e-01 -1.2231853327e-01 -1.0023568046e-01 2.1868935095e-01 -2.7961463624e-02 -2.1178459690e-01 -3.0323058519e-01 -2.9651671245e-01 1.2625418138e-01 -1.7828525717e-01 1.8167707415e-02 6.7697318921e-02 -3.1756114434e-01 -2.2675436872e-01 -3.2988859310e-01 -2.1087131671e-01 9.5565998448e-02 3.6922799639e-03 2.3657053707e-01 3.5373487480e-03 9.7600433789e-02 2.8013437754e-01
-1.2200645963e-01 1.9330396683e-01 -8.5085459543e-03 -1.6647158714e-02 -2.8114689568e-01 1.8175767432e-01 -1.3650086569e-01 4.1166045145e-02 -2.1574468228e-01 -3.7027414072e-01 9.1289563884e-02 -1.3341281239e-01 -8.5660197031e-02 1.8795602398e-01 2.1094167511e-01 8.3377253745e-02 -2.1137244707e-03 5.1684081182e-02 -2.9281245155e-02 8.1083455509e-03 -1.4400139685e-01 7.8943360165e-02 -8.3626117962e-02 1.6726294868e-01 -6.3134687002e-02 3.9467218627e-02 -6.7708694209e-02 1.7682897683e-01 -9.3120611689e-02 4.5662204262e-02 -1.8178876504e-01 7.2390410759e-02
2.4508727795e-02 -5.1191929624e-02 2.2355418732e-01 -3.9155987186e-03 1.9602991954e-01 -1.0898158482e-01 8.5260333337e-02 -1.7224986590e-01 2.9500484974e-01 -6.5839977181e-02 8.8868322447e-02 3.3680026070e-02 2.9385727697e-02 1.9378918103e-01 4.5715931645e-02 -2.4137916387e-01 2.5427258183e-02 -9.4160013608e-02 1.0789102025e-01 -4.8960713836e-02 1.1586454046e-01 -1.1472921919e-02 2.4296347272e-05 -1.1537790208e-02 -3.3332650900e-01 -6.6044383914e-02 -6.9570699630e-02 -3.0669214137e-03 -2.3427995061e-02 -2.5926033651e-01 -3.1958049887e-01 -4.5505638137e-02
1.5840148818e-01 -1.1896331082e-01 2.4371716318e-01 -6.8977910241e-02 -1.7399731725e-01 -2.7939763130e-01 -4.2274976077e-02 -2.2581160957e-02 2.2868936617e-01 -3.3025156158e-02 -2.0165562576e-01 -2.6599504485e-01 1.9776701952e-01 8.9326771529e-02 -1.1390311074e-01 -2.5927938431e-02 1.3566223764e-01 7.6208083746e-02 -1.9287700799e-01 -2.2141741536e-01 8.6103162311e-03 4.3525851301e-02 8.5776569619e-02 -2.5155720990e-01 3.2848854383e-01 6.1967962347e-02 -1.6947023882e-01 1.8590872326e-01 4.8638667105e-01 -2.1547767484e-01 -1.1281040464e-01 3.6830536433e-02
-1.2344304686e-01 -3.4050241107e-02 3.2411280019e-04 2.6894592044e-01 -3.4396950570e-01 -9.6719865791e-02 3.6391067148e-01 -1.9082584341e-01 -7.5780520318e-02 3.9829295278e-02 7.8327705438e-03 -1.9022289000e-01 -6.9649529503e-02 -5.2699356113e-01 -2.4403084006e-02 -1.5420723247e-01 -2.4532002938e-01 3.4392961911e-02 -2.3750986132e-02 -1.7737944058e-01 4.3165014498e-01 -1.6501151626e-01 2.9235877052e-01 1.9453650371e-01 9.5519477002e-02 1.1482491376e-01 -1.4631992970e-01 9.9720942231e-02 -2.3049995748e-03 2.2356651994e-01 -2.0527649423e-02 9.9798808049e-03
1.3793774856e-01 -7.6517137678e-02 1.7143216767e-01 2.0345971512e-02 -1.7711683268e-01 -2.4204432197e-01 -5.0381873920e-02 1.0456797978e-02 -6.3732344029e-02 2.7179638644e-01 1.4374944945e-01 2.3453451815e-01 7.4073874630e-02 9.4177498667e-02 -2.7099808978e-02 -1.0547580046e-01 -5.2374524098e-02 -1.2405666949e-01 -1.7607814982e-01 -2.7748259316e-01 -1.2102831410e-01 3.5603082933e-01 7.3342630798e-02 -2.8185745868e-02 -3.9412385058e-01 -2.7849935753e-01 3.4813648959e-02 4.2333788298e-01 -3.9488632606e-02 -2.4092419638e-01 1.7467099651e-01 1.6071124604e-01
