-1.2157048653e-01 1.2919008227e-01 1.1217967706e-01 7.9851957601e-02 -1.2854150532e-01 2.5474015945e-01 -4.3138302743e-02 1.4010026978e-02 -1.1851566888e-01 5.5221899716e-02 4.7782143290e-02 1.5177600850e-01 -8.4793046680e-02 2.8800215155e-01 -1.0696478865e-01 -1.3207283093e-01 -2.2936987862e-01 6.3674513216e-03 -1.9742471281e-02 1.6415466180e-03 2.7589842449e-01 -1.4630320351e-01 1.2711551247e-01 -3.0206367356e-02 -4.2089493078e-02 -2.4081784402e-01 1.0985311861e-01 -1.9399071706e-02 -4.2210301224e-01 1.2294136706e-01 1.6830848212e-01 7.1571604983e-02
-1.7586448901e-02 -1.8514606060e-02 -2.2429185324e-01 4.6432992573e-02 -1.9996595695e-01 -3.0263250079e-01 -1.2885781505e-01 2.5305246780e-01 -2.5634092530e-01 1.1183458253e-01 2.8530036065e-01 -1.6483039561e-01 4.3861924777e-02 1.8247584402e-01 -1.1438246445e-01 -1.9711667782e-01 -2.2916880440e-01 -1.6286614955e-01 8.7332601268e-02 3.1229863930e-01 2.7287984978e-01 -1.1522683372e-02 -1.0394520807e-01 -2.3830241303e-01 6.6116900246e-02 9.1717362793e-03 -3.0013688549e-02 4.1013295402e-02 6.4782422335e-02 2.6926275886e-01 -4.0804356718e-02 9.0732365594e-02
5.9009878728e-02 1.0872829784e-02 -3.6302079426e-02 1.2038934333e-01 5.6574111624e-02 -1.5506164631e-01 4.4776871768e-02 1.2446603037e-01 3.7496942159e-02 -1.3047914046e-01 -4.4141333547e-01 5.7555804044e-02 -8.9564974152e-02 2.3968608612e-01 9.1343339097e-02 2.5913960843e-02 -1.7132932007e-01 -1.5135511851e-01 2.5889707204e-01 9.6189933863e-02 -1.9269950950e-01 3.4045357927e-01 1.1555335666e-01 -1.4896158907e-01 1.0403582497e-01 2.7521706692e-01 -2.6782990675e-01 -1.6281811727e-02 -2.3875311409e-01 1.7084331266e-01 -2.1868109994e-01 -2.4932328164e-01
3.2393667722e-01 1.9273155487e-02 -1.9365700307e-01 -4.9544592027e-02 -1.0624774507e-01 7.9050024698e-02 2.1008039826e-01 -5.7861291471e-02 1.6532018879e-01 5.0751400383e-03 -8.8125192859e-02 -1.2182771618e-02 -2.3484965559e-02 3.6722495469e-01 -1.8389233731e-01 -4.0621761449e-01 -2.3516172770e-01 -1.1248039479e-01 -1.4622178932e-01 -1.3859757236e-01 2.1272275600e-01 -1.0491641065e-02 -3.5897406680e-02 -7.3129771599e-02 1.3497314185e-01 3.2828010143e-02 2.9140302442e-01 -6.7781723993e-03 -5.5919143427e-02 6.2880732963e-02 2.0482296765e-01 -2.8023191985e-01
-1.2330016158e-01 -9.0306262422e-02 -7.0243126740e-02 8.2750410554e-02 -1.5352129951e-01 -1.1873081470e-01 2.4544964021e-01 -1.1346839270e-01 -3.7632915996e-01 2.1649266670e-01 -4.6600391907e-02 1.1635095171e-01 7.0130375618e-02 -4.9823853547e-02 1.4548208294e-02 -7.6070380146e-02 -2.7340526214e-01 8.2950013098e-02 2.6253669073e-02 1.1157149665e-01 1.6400672115e-01 5.0930977674e-02 -4.5777671954e-01 9.1963833823e-02 9.6707207358e-03 -1.3240516678e-01 -3.4285848065e-01 6.7836691492e-02 -1.1817554701e-01 -2.0095708537e-01 -2.2349871671e-01 -2.0390527673e-02
-3.5694777798e-02 3.8009409675e-01 -1.7181871710e-01 2.0547744700e-01 -3.7581362213e-02 2.0251953133e-02 -1.9776418735e-01 -1.8426437425e-01 2.0492285876e-01 -2.0912313467e-01 -2.2441991407e-01 -8.6270505333e-02 -5.5608627281e-02 -5.2342484645e-02 4.5187298784e-01 1.5264492149e-01 -1.6474066681e-01 1.5234943226e-01 -7.7613507174e-02 2.2194249523e-01 1.3290194100e-01 -3.4854241727e-02 4.0435491396e-01 5.2241320296e-02 1.0541896352e-01 -3.3126887851e-01 -2.4097941410e-01 2.4095722793e-01 1.2948394543e-01 2.1636485518e-02 -7.1252801473e-02 -4.0295763907e-01
2.8109724698e-01 -5.1512863295e-02 4.5778158276e-02 -1.0496002387e-01 -1.6030272640e-01 -1.4849718110e-01 6.2649884887e-02 2.0204515487e-01 -9.4529272319e-02 9.1655654882e-02 -1.7661569630e-01 1.4190173706e-01 6.0772776265e-02 -1.0233584856e-01 1.1590336292e-01 4.9270623590e-02 1.5440032623e-01 -1.8538448705e-01 -2.4967101446e-01 -1.4583533196e-01 -1.9064628242e-01 1.6303220216e-01 3.2293321461e-02 -2.0466353324e-01 -3.0315048974e-02 -3.4758331006e-01 5.0391602015e-02 -1.3039692191e-01 1.3083831804e-01 9.0673830063e-02 -4.0981651489e-01 4.0358456400e-03
-6.5534198820e-02 1.3111874682e-01 -1.6143048989e-01 -2.2156043626e-01 1.4006062289e-01 1.3572282279e-01 -1.4268125177e-01 2.5230205060e-01 6.8524154483e-02 -9.0325133574e-02 4.4339189241e-01 7.8060068005e-02 -1.8123969723e-01 -1.2499482498e-01 1.7498769882e-02 5.3860877927e-03 8.2484622065e-02 -3.9901663438e-02 -2.4254352115e-01 -7.6129122578e-02 -3.0315441002e-01 1.4754298210e-01 1.9250465793e-01 -3.2804172946e-01 9.2355205534e-03 -2.3719744832e-01 -2.0222053843e-01 1.1791858192e-01 -2.5170623563e-01 -2.7521581964e-01 1.4847389335e-01 -6.2592239302e-02
1.8856700311e-01 -1.7530047122e-01 -1.3110126081e-01 -2.0038016363e-01 6.5429526755e-03 2.2008599962e-01 -3.3043081247e-02 -2.8806453344e-01 1.4744723975e-01 -2.1193575197e-01 -1.4864368737e-01 2.2885992237e-01 6.3586056459e-04 -2.0383358907e-01 1.2174544104e-01 -6.8857759054e-02 -4.3051610875e-01 -2.6390456517e-01 -1.1118183668e-02 5.5322495414e-02 2.7392196523e-01 3.5114528521e-01 2.4872473573e-01 -2.4653614250e-01 -1.7897725751e-01 -1.7913191346e-01 -7.9715228398e-02 -4.8124285485e-02 5.1389361619e-02 -1.2881270695e-01 3.3445495971e-01 3.8325646061e-02
1.4931019140e-01 3.0978687849e-01 1.1998925619e-01 5.6891247325e-03 -1.1813200681e-01 9.0484393469e-02 -4.5503178545e-03 -5.7785285535e-02 -1.8413937631e-01 -1.9039506432e-01 -1.3009102831e-02 6.4658762513e-02 4.7871619281e-02 -9.5201512344e-02 -1.3327184563e-01 2.2481651041e-01 3.9510664719e-02 4.0565858872e-02 -1.7686055848e-02 2.4493064099e-02 -1.4605896270e-01 -9.5241366335e-02 6.5620655415e-02 -9.3372631609e-02 -2.6171993328e-01 2.2078400093e-01 1.1607151299e-01 -6.5744948466e-02 -2.2485536128e-01 -8.1476149549e-02 -3.0273291590e-01 -1.9659615613e-01
-1.4188675311e-01 3.5761590946e-01 -2.9864855026e-01 8.0320921291e-02 2.2711949739e-01 -3.1303265479e-01 -3.1594069977e-02 2.4801695960e-02 3.5158584673e-01 8.9011099005e-02 1.1462124080e-01 -1.3563309561e-01 9.1465163176e-02 -8.4230458798e-02 -1.4631801679e-01 1.4567348583e-01 1.5630073538e-01 -1.4975971355e-01 1.6345443508e-01 1.7564006965e-02 -3.7269952813e-02 -2.0701843685e-01 2.2458010082e-02 6.8390274573e-02 -7.3907851365e-02 1.3281937947e-02 1.4023555594e-01 -6.0004645365e-02 -1.4378043146e-01 -5.4349774434e-02 2.5578731004e-01 -1.7329224250e-01
-1.1199688882e-01 -4.8968858698e-02 6.1345656945e-02 5.3222030838e-01 3.0420445129e-02 -2.1885088691e-01 -8.4538512203e-02 -2.2860112230e-01 1.0991538233e-01 -1.6246015837e-01 -3.1919387008e-01 -1.0963021733e-01 2.8277451590e-01 7.4794173965e-02 -4.4232362206e-02 -1.4796868238e-01 -3.0137487627e-01 -2.0475730358e-01 -1.9654543887e-01 -2.1787026035e-01 1.5085912374e-01 -8.0795666676e-03 2.8248704991e-01 -1.9259248957e-01 6.8272762069e-03 -2.6735137967e-02 -2.2636817499e-01 -1.1779868541e-01 -8.1670636942e-02 -9.7515609465e-02 4.6883578437e-02 3.8257186271e-02
-8.2358527659e-02 -4.3033126095e-01 1.0717555386e-03 -9.1342062526e-02 2.1651018737e-01 -1.0802331808e-01 4.9709131361e-02 -5.0053247112e-02 -1.4736385007e-02 -5.6823048136e-02 9.6272650715e-02 5.0261045290e-02 1.7686075066e-01 -4.0209196404e-02 1.6548420882e-01 6.7725294110e-02 -1.4242104096e-01 -2.1810696161e-01 -1.9928543673e-02 -2.2744307099e-01 7.5733821405e-02 -1.4205217155e-01 -1.1526638979e-01 -1.3050427998e-01 -5.9338939076e-02 7.5065655629e-02 2.4030293521e-02 1.4454842208e-01 -1.4409421312e-01 7.7235049362e-02 1.1393900272e-01 8.5047504576e-02
-2.9058247784e-01 3.1942890979e-01 9.8964158000e-02 -7.1276926970e-02 3.6353371300e-01 3.1085647502e-01 9.4375328071e-02 1.5380296424e-01 -3.4341539585e-01 3.7464207476e-02 2.3317514939e-01 -1.3582738073e-01 -1.3496848909e-01 1.5343804976e-01 1.5202719792e-01 -2.5023236428e-01 -1.4356105330e-01 -8.5145859738e-02 1.0580828284e-02 8.0671368894e-02 1.7173747656e-03 -1.2370139580e-01 1.0452104468e-01 2.8534897219e-01 -1.1387857214e-01 -8.7311744429e-02 1.0311829629e-01 -1.9071276509e-01 -2.4541639921e-02 -7.5250568575e-02 1.6599410839e-01 4.0463630229e-02
3.0020460904e-01 5.5271590298e-03 -2.5898728746e-01 -4.4509366416e-01 -3.4916925640e-01 -2.2587666244e-01 2.1318677424e-01 -4.7007362615e-01 -2.6337405375e-01 -3.0826486574e-01 3.1966025753e-01 1.5407786748e-01 2.5511637866e-02 -4.9127867531e-02 1.3534061392e-01 -7.2315996109e-02 -6.1777457454e-02 -3.0619959028e-01 1.5977546484e-02 -1.1994220420e-01 -8.4556792493e-02 5.2371301817e-05 -3.6816880936e-02 -2.5704509046e-01 2.3363752625e-01 -7.2368698322e-02 -3.7555581003e-03 -7.3015996544e-02 -2.4183598792e-01 5.1294459174e-02 -5.4021424173e-02 -1.1816186017e-01
-7.0426182661e-02 3.2583307787e-02 -1.6096780740e-01 -5.7471889494e-02 -1.7441569830e-01 1.4314093851e-01 -3.1725073215e-02 7.3911096513e-02 -1.6795930781e-01 1.1793691711e-02 8.4249467763e-02 -1.1817260904e-01 8.6656191826e-02 6.1589129099e-02 9.3647284139e-02 -1.5090594056e-01 -3.2142789882e-01 2.1633169634e-01 -5.7080239918e-02 -3.0727779572e-01 1.5976103389e-01 1.6252902709e-01 5.4307695160e-02 1.5201459052e-01 -1.8419499594e-01 -3.8965315458e-02 -4.8053572478e-02 1.0762334404e-01 6.2316484287e-02 -5.8526826071e-01 -3.3966413048e-02 -2.9764208813e-02
2.3419157576e-01 1.7329856402e-02 2.5753683014e-01 7.1888831001e-02 2.2471016945e-01 -7.1183674540e-02 1.7096513859e-02 -1.1706461648e-01 5.1323357724e-02 -2.0862406983e-01 -1.3127339509e-01 -6.8595647381e-02 -1.0278247035e-01 3.5839658819e-01 -2.7871789420e-01 4.7341879378e-02 3.1424070963e-01 3.8638695554e-01 3.4181505636e-01 2.7692783839e-01 8.6623561460e-02 2.3510770878e-01 -2.0091585141e-01 9.2369971063e-03 1.2577578762e-01 1.0374783677e-01 -2.5566453841e-01 1.0489855696e-01 2.3587943879e-03 4.0911896084e-01 3.2062915226e-01 -1.2937548108e-01
2.6852609251e-01 -1.4418470079e-01 8.0721353575e-03 -1.4976554318e-01 -3.1187667506e-02 1.6726842701e-02 2.0110037676e-01 -6.1670392672e-02 1.4760484132e-01 9.3837418256e-02 2.4081598149e-01 2.7400262086e-01 5.9886072587e-01 1.8639437750e-02 1.1228268789e-01 1.5759345839e-01 9.3389912233e-02 2.2809764026e-02 -6.2500996306e-02 -2.3189709018e-01 1.3474769780e-01 -7.2932457847e-02 -1.2750917534e-01 -6.2154923492e-02 2.2019867281e-01 1.4856646541e-01 8.7144199214e-02 -3.1538316623e-02 1.3348944638e-01 -1.1263652629e-01 -8.9146265018e-02 1.6534463485e-01
-6.2899768418e-02 4.2545368479e-02 -3.2998779777e-01 -3.9286684428e-01 1.4707898666e-01 -1.8002656980e-01 1.1291942820e-01 -2.2584308103e-02 -3.9986323175e-02 1.0655084749e-02 -2.2271515976e-01 -2.7503833617e-02 1.8705481517e-01 -9.2328114360e-02 -3.3313813523e-02 1.9028087946e-01 3.6256109284e-01 -9.2737211781e-02 -7.7539852420e-02 2.0998304310e-01 -4.8183967690e-02 -1.0734930607e-01 -2.0000090647e-01 -2.8523054241e-02 -1.7926634844e-01 -6.5368767158e-02 2.3140191164e-01 -1.0043757879e-01 1.5283142162e-01 -4.8667427708e-02 -2.3973482775e-01 -4.0779612048e-02
2.9730865895e-01 -2.1131380492e-01 -5.6064989017e-02 -1.5970215099e-01 -1.0629280606e-01 3.2412675834e-01 -3.6110365065e-01 5.3573060665e-02 1.3635502368e-01 -2.1221351163e-01 -1.1460841501e-01 -2.3274840500e-01 -2.3991806461e-02 8.4956982746e-02 1.0908099712e-02 -4.4201344697e-02 -3.2608804743e-02 -4.1072935975e-02 -1.2659544502e-01 -2.9766759201e-02 2.4311713495e-02 -9.8694768036e-02 -2.1971333091e-02 7.4450680427e-02 -2.0031982627e-01 -1.1649543867e-01 3.4984698359e-01 1.6324692706e-01 2.8862525585e-01 -2.2926884256e-01 1.8422816623e-02 1.0059451823e-01
-1.2335249794e-01 1.8748591532e-01 -2.7508040308e-02 7.4384709417e-03 2.9761529896e-02 3.7193533043e-01 2.0862259273e-03 -8.6189345831e-02 1.0768383966e-01 -5.3627848283e-02 2.6200592069e-02 2.5519142184e-01 2.9855224397e-02 -3.4880876129e-01 1.5788003708e-01 5.1251983340e-02 1.0548764615e-01 -5.5882115939e-02 -7.3174055071e-02 1.2517927170e-01 2.6950288479e-01 2.4025077906e-01 -3.5011150884e-01 1.4127532474e-02 4.6794410566e-03 -2.6397399680e-02 -2.1291441739e-01 2.7041647673e-01 3.0649045968e-01 -1.4214558381e-01 1.2090835621e-01 1.9981281982e-01
7.3297339011e-02 -1.4207884645e-02 4.1372599611e-01 -1.1704915392e-02 -3.5676214601e-01 -4.6689465742e-02 1.0880135715e-01 -2.7404430346e-02 2.2068223935e-01 2.1079024443e-02 2.0213556378e-01 1.3770142487e-01 2.0145628803e-01 7.8167981151e-02 -1.0013154906e-01 3.4769692235e-01 -2.1431981949e-01 3.4330766637e-01 1.0168453765e-01 -1.2434380327e-01 -3.7155404433e-02 2.1220017424e-01 1.7519052899e-01 1.1059611115e-01 1.9122892949e-01 -8.0763935649e-02 -1.5242339563e-01 7.2062296904e-03 -3.1001267879e-02 -1.9762502673e-01 -1.6920039061e-01 1.3437091754e-01
-3.8730425956e-02 -4.7318086341e-03 -2.7373481477e-01 2.8491105987e-01 -4.8679912578e-02 -1.2712100919e-02 3.6444762950e-01 -3.1239203642e-01 -3.6679022779e-02 1.2389466590e-02 2.4128134718e-03 -3.3153763039e-01 -9.6092933289e-02 -4.4360641987e-02 -1.6459416018e-01 -1.0707990677e-01 1.8616160419e-01 -9.9225061149e-02 -3.0135345211e-01 -1.2841882555e-01 1.4547638172e-01 1.0457185349e-01 1.5714586372e-01 7.8412844522e-03 2.3321589591e-01 9.3886127932e-02 -1.1285252350e-01 -2.1913795569e-01 -2.4022216135e-01 -8.6757281192e-02 1.6352104826e-01 -1.0153818446e-01
-2.9743269567e-01 2.7919847410e-01 8.4727097900e-02 1.7519327841e-02 8.4146683199e-02 1.3781571961e-01 -3.3150321796e-01 -1.7615337445e-01 -1.9314475045e-01 -1.3633850638e-01 2.1567419421e-01 2.5516780117e-01 3.3574284999e-01 6.4620067704e-02 1.4008428101e-01 3.5555670071e-01 -2.6375881632e-01 -2.4575126874e-01 -3.2911610335e-01 -2.0475854095e-01 -1.8591124722e-01 1.0231677509e-01 -2.0827334755e-03 1.8898626329e-02 -9.7375345622e-02 3.6664045682e-01 1.5572603270e-01 2.2097288127e-02 -2.0253973999e-01 -3.1211067667e-01 5.8416034702e-02 6.6215779304e-02
-9.9526286100e-02 1.2829251391e-02 -4.9084771194e-02 -3.3976770764e-01 1.1273303426e-01 -2.1616803600e-01 -7.5464707432e-02 2.4860591069e-01 8.9495457661e-02 -6.9863750671e-02 -4.6459967703e-02 1.9129491150e-01 -9.0030339893e-02 -1.4725254991e-02 2.8279048517e-01 5.7267709795e-01 1.7938788693e-01 4.4489632416e-01 9.5522788323e-02 -8.8433203897e-02 -9.2538749291e-02 -1.9036247179e-01 -7.4113334404e-02 5.1844494740e-02 8.5222399705e-02 2.3369590492e-01 -6.7976364746e-02 -2.3082983123e-01 9.9740829485e-02 -1.6598468637e-01 8.7983619632e-02 -1.7323748818e-01
-1.4614895961e-01 -2.8874597645e-01 1.0815068705e-01 -3.5042027358e-01 -2.3848053197e-01 1.4644731707e-01 -5.1357039253e-02 -1.7870203539e-01 4.5307707208e-02 -3.1666044282e-02 -2.2195415208e-01 6.0404662561e-02 8.7295035988e-02 6.7814980746e-02 2.9374550570e-03 -1.0982105718e-01 1.0790174948e-01 -2.6277616829e-02 -3.3676446800e-02 -6.8078479660e-02 -1.9903537055e-02 -2.1075693458e-02 9.4847306698e-02 9.8838218010e-02 3.3465590462e-02 -1.5597627291e-01 7.7524953786e-02 8.8182177560e-02 7.6136215065e-02 7.8162010504e-02 1.7293541426e-01 5.3619204206e-02
8.5898983533e-02 -7.4278356866e-02 1.7533313067e-01 2.5521314320e-01 2.1897713652e-01 -1.6639301635e-01 7.2964366225e-02 2.5712427600e-01 1.0710196282e-01 1.3823162898e-01 -5.4322760668e-02 -7.1943620387e-02 -1.8599835484e-01 2.2512210880e-02 3.0918515503e-01 -2.9185350313e-01 -2.5105994710e-02 2.1086579522e-01 -2.8543629098e-02 -1.4322613050e-02 -8.9482445546e-02 1.5697404944e-01 2.3871658362e-01 1.7118730336e-01 -9.4007833791e-02 1.6587650019e-02 1.1124073374e-01 4.9789999765e-02 -6.9755777866e-02 -6.5670422172e-02 -2.1348535901e-01 -5.1951456323e-02
-3.5740560178e-02 -6.6519756506e-02 1.7993117224e-01 2.7517508066e-01 2.9883376582e-02 1.5420132213e-01 -5.2444930984e-02 1.2325260806e-01 -3.0520300678e-01 -1.0322452174e-01 5.8761251198e-03 5.0967450519e-02 1.7299412536e-01 -1.2588567507e-01 -4.0434461793e-01 7.0272033247e-02 1.0177400812e-01 -2.4059120192e-01 -1.3869706063e-01 -1.5259672078e-01 -2.8539398109e-02 1.2326724040e-01 1.4216776262e-01 7.8339117264e-02 5.7789889497e-02 -2.5572875365e-02 1.4990874267e-01 -3.6048950472e-02 2.1451453947e-02 1.4596360386e-01 2.1642891338e-02 1.7154568288e-01
-2.6699425115e-02 -3.6696285653e-01 1.7962634734e-01 2.6383896528e-02 1.8624463219e-01 4.8080633540e-01 -2.1553495926e-01 8.5788075455e-03 2.5032203112e-01 -3.2131325072e-03 -8.6163081578e-04 1.3817121329e-01 -2.2044566805e-02 -7.1465409121e-02 1.4573405591e-01 -3.9497653740e-02 -1.9881510764e-01 2.3951329519e-01 7.4979401903e-03 4.2221060384e-01 1.2445909945e-01 -2.6407235330e-01 -1.5350522790e-01 1.4893773012e-01 -1.2312018539e-01 -1.3005679959e-01 1.2415061450e-01 -3.0776039384e-02 -1.1039094625e-02 3.8000219505e-02 -3.5783806629e-01 -3.4741156692e-01
-1.9550519293e-01 -6.1539778305e-02 3.6252161531e-01 -2.2001787116e-01 -1.8573783759e-01 9.2000773222e-02 1.7172526064e-01 -2.6450180859e-01 2.3229860162e-01 -1.5102200996e-01 1.0742980611e-02 -3.3082415193e-03 -2.0638077152e-01 -1.5714583504e-01 -7.8681190101e-02 2.7936164921e-01 2.9560646022e-01 4.4999031999e-01 -1.8764551676e-02 1.5893764398e-01 2.5889456175e-01 9.1176324271e-02 3.8009816173e-02 1.6044382322e-01 -3.2724231628e-02 4.7132861247e-02 -9.4450425087e-02 -1.8097461738e-02 -3.0895616593e-01 -3.0914380142e-01 -4.2089454582e-01 3.0554070426e-01
-3.2958594386e-02 8.2232936692e-02 6.3081074091e-02 -2.2372202893e-01 -1.1624710757e-01 1.2009185389e-01 3.6025689252e-01 -1.7850774851e-02 -3.5102569604e-01 -5.0560991855e-02 1.2113357628e-01 4.4067378050e-02 2.9180900135e-02 -7.2884005754e-02 8.0782815606e-02 9.3154821895e-02 -6.1482861361e-02 1.6353105006e-01 -2.2992978470e-02 -6.0750906494e-02 -4.0776971803e-02 -3.9367049832e-01 2.5539375912e-01 -8.5671154255e-02 -2.9968264278e-02 9.1610337735e-02 9.4661304846e-03 -7.6092122562e-02 2.1381200408e-01 -1.1969180147e-02 2.6806229448e-01 -2.5482779075e-01
1.3384837504e-01 -2.3435699280e-02 7.8335303297e-02 -6.4537130939e-02 3.3532988279e-01 1.5808628594e-02 2.9879270568e-01 -2.4590323668e-01 -2.3518848612e-02 -2.8557005207e-01 -1.2177146458e-01 -2.0770933985e-01 1.4391901393e-01 -5.1087313778e-02 -2.9816142068e-01 2.5508424750e-02 1.7621553993e-02 2.1145825118e-01 -3.6228829575e-02 -3.5082107109e-01 -3.1255973422e-02 -5.0672825725e-03 -1.4907253359e-01 -1.6251936341e-01 3.7090730442e-02 -1.6116421671e-01 -1.9060287356e-01 -1.9721455464e-01 -1.0585009572e-01 -1.2012060688e-01 -3.7699271913e-02 2.4858230079e-01
