1.4509037528e+00
1.4192772330e+00
-2.3739976663e-01
-6.1379187767e-01
1.2312507958e+00
-7.0780907466e-01
7.0621865251e-01
1.9949240987e-01
2.3365025859e-01
-6.8923476574e-02
-7.0198248692e-02
-6.8057388950e-01
3.9968131831e-01
-3.6613132419e-01
-1.3526843798e-01
-1.3970164234e+00
-1.5127176922e+00
8.1784940520e-01
-9.6787588100e-01
3.0232367066e-01
-1.4788246036e+00
-6.0094940802e-01
1.9466083026e-01
1.1273565429e+00
9.2510126029e-01
1.3062130628e+00
-9.5955522703e-01
7.6574814812e-01
3.5208692297e-01
-1.7333822179e+00
8.9393812018e-01
-1.9550542191e+00
