-3.0295294585e-01 -2.1899805714e-01 2.3580469384e-01 -2.4036172966e-01 2.1783387532e-01 4.2613001886e-02 1.5124846831e-01 1.2921322472e-01 -1.3434099387e-01 -2.9805009015e-04 1.6996210022e-04 -3.1827566230e-01 -1.4879467255e-02 1.6685925381e-01 -4.4058316435e-02 1.6543979426e-01 -1.2406462680e-01 -5.8451802454e-02 -2.1909272546e-01 -3.4212197712e-01 -7.0420341860e-02 1.1482666091e-01 -8.2101433884e-02 -1.0653967655e-01 4.4787482825e-02 1.1645421035e-01 -2.8764463698e-01 -1.6844598158e-01 1.3366857274e-01 1.8289641429e-01 -2.3591261376e-01 -2.8628529288e-02
1.0916369646e-01 7.2580922779e-02 -7.3066565754e-02 -2.1628679152e-01 9.1310905850e-02 -1.0697343875e-01 -1.1307676928e-01 -2.6507249908e-01 1.5941608235e-01 -4.2782936858e-01 1.9240034006e-01 -1.7666760783e-01 2.9317462825e-02 -3.1901028666e-01 6.2544600722e-02 2.0149262925e-02 1.8482946409e-01 -1.0752104610e-01 -2.8719012518e-01 -3.3124592588e-02 1.3056175241e-02 -1.3376487553e-02 -9.4339904527e-02 7.5689559329e-02 2.8882161749e-01 1.2359705762e-01 1.1468513564e-01 -2.0087202993e-01 -1.0785858652e-02 -7.1314178780e-02 -1.7147723433e-01 -8.1502978670e-02
-3.1273605792e-01 4.6813414563e-02 3.4836067579e-01 -4.7847790089e-02 3.1549090746e-02 -3.7201958394e-01 -1.2604018240e-01 -1.2489502733e-01 -1.7767505126e-01 5.2053343993e-03 3.8240171588e-02 1.3593848701e-01 -5.4609445899e-02 -3.8427348208e-01 1.4854615535e-01 2.0582408641e-02 -3.3286161561e-02 9.4209402483e-02 -3.3502629616e-01 6.2722677945e-02 2.3565470969e-01 -4.7729273543e-01 1.2969195945e-01 1.4991609224e-01 -1.3295628019e-01 2.2741318035e-01 -9.0994883255e-02 -6.6699077906e-02 -1.5546073758e-01 -1.2547383973e-01 7.5114102692e-02 -2.6058317873e-01
1.1870710797e-02 -6.6811798329e-02 7.4919599585e-02 -1.9475114261e-01 -5.3073461424e-02 -2.8152606056e-01 -4.4985532984e-02 3.2536333403e-01 4.8921433667e-01 -2.7360431701e-01 1.2165331510e-01 1.2965358536e-02 -1.0636621677e-01 -3.1956913380e-03 -8.4406826418e-02 9.7974918001e-02 4.8302479145e-01 1.8845103916e-02 -8.5766704136e-02 5.3922898189e-02 -5.8982644781e-03 -2.3137018270e-01 2.1202435330e-01 -8.3585446432e-04 2.3200503094e-01 6.5393338352e-02 1.9927261840e-01 -4.4489264809e-01 3.0935788739e-01 1.1922240190e-01 4.3701733512e-03 2.2781368458e-01
-4.5134227290e-01 -1.3655000986e-01 -1.5522627733e-01 2.2531746546e-05 -4.1663837276e-02 -9.7214790007e-02 -1.2271829799e-02 -5.0185428354e-02 -2.0182807452e-01 2.8672498593e-01 6.9423549055e-03 -3.5050818303e-02 5.6116459596e-02 -2.8999140191e-01 -3.6025536297e-02 1.4275228298e-01 1.6544890460e-02 3.6837018267e-02 8.7197667119e-02 -3.6940197898e-02 -2.5386110813e-02 1.1801281535e-01 2.1845472975e-02 -1.4173537579e-01 -3.1868290756e-01 -3.7931591362e-02 1.0341894790e-01 4.6854366482e-01 3.8427333915e-02 -4.8410984335e-02 -1.2103427974e-01 -1.9066633355e-03
-1.3856012387e-01 1.1151546742e-01 6.6577480651e-03 2.0244453018e-02 -1.3996698046e-01 -3.0851163359e-01 -6.3216923912e-02 2.5244153552e-01 -5.2533446939e-02 2.3289373471e-01 -4.0404651740e-01 1.8185306097e-02 4.1675746285e-02 -3.3008226304e-01 -6.0720770239e-02 -1.5080394659e-01 -1.6175875219e-01 1.8410511232e-01 1.0108756194e-01 -3.0308237638e-01 -2.1100282404e-01 -9.8379118945e-02 -3.5842436944e-04 -1.1595180629e-02 6.9566133206e-02 -2.3334872179e-01 -3.7879325988e-03 4.7588873132e-02 -1.3646959709e-01 -3.2567459134e-02 -2.4412205666e-01 -9.1824857715e-02
5.9731991653e-02 1.6404957455e-01 -1.3328152350e-01 -9.6495241528e-02 -6.7255277527e-02 6.0033060841e-03 6.5683770648e-04 1.2481029914e-01 -1.0469932141e-01 -2.3974144092e-01 2.1438222556e-01 -1.0654949710e-01 2.3713732340e-01 1.2158360650e-01 -1.1283125974e-01 -1.3962874786e-01 1.7402411488e-02 2.5299498082e-02 -1.2740367059e-01 2.9603151399e-02 1.0622466549e-01 -2.2667211567e-02 -2.5095264386e-01 6.5712409750e-02 -2.0368862559e-01 1.6251689700e-01 2.2891426578e-01 3.0239741296e-01 1.0650175808e-01 -7.9369216659e-02 -9.7370126417e-03 8.1807206739e-02
-2.7977099040e-01 -8.4331299163e-02 -2.1901292811e-01 1.0041658536e-01 -8.0043357120e-02 -1.5154870679e-01 -3.9563423672e-03 1.0627511860e-01 -9.0759478999e-02 -6.2581384291e-02 1.8558260803e-02 -1.6099855570e-01 -1.8600565132e-01 -6.8056104705e-02 5.0550265711e-03 5.6831531059e-02 2.2551833630e-01 -3.5126695406e-01 -2.3801841099e-01 5.7168629928e-02 -1.5370615061e-01 -2.2547556828e-02 -8.5666971172e-02 5.9156207173e-02 4.6669649140e-01 3.9475702534e-03 -3.2260277275e-01 -1.8094280619e-01 9.3215042522e-02 -1.7687031646e-01 2.4995235945e-01 1.8356495805e-01
-2.7118818865e-01 2.4443401051e-01 3.6780001323e-02 -5.7582544898e-02 6.4485009619e-02 2.7117391510e-01 -2.3792507574e-01 1.4587037186e-01 -3.2946343315e-01 1.8113030544e-01 -4.6276790694e-02 -5.0950960726e-02 -3.4916860042e-01 -1.2679891820e-01 -3.1303550048e-01 -4.6110962606e-02 -7.0366818979e-02 -1.3978114496e-01 -1.6850235988e-01 -2.9941847401e-02 -3.9570611976e-02 -9.0385430120e-02 1.7350813751e-02 -1.7796152899e-01 -1.7695974694e-01 -3.8268316084e-03 2.4531497053e-02 -2.6066442148e-01 -3.4006718325e-01 1.6560013822e-01 -2.4535875698e-02 7.1787436173e-03
1.1731378304e-01 -4.2631541779e-01 -2.9122803018e-02 -3.5192476912e-02 -8.3050366369e-02 2.3732669164e-01 1.6808092053e-01 -3.9597505273e-02 1.0644574584e-02 2.1279078845e-02 -7.9790230563e-02 -2.4002864270e-01 -1.1187404106e-01 -2.9958400260e-02 -4.1534627981e-02 -1.1120186303e-01 -2.5438858437e-01 1.0423538028e-01 1.8572135289e-01 6.1231555091e-02 2.5248599708e-01 -2.5845591454e-01 4.6084667139e-02 -3.3863299431e-01 -1.2783833827e-01 -6.2987700619e-02 -4.9688845029e-02 -4.6292412963e-02 -5.8501021428e-02 9.5630854173e-02 -6.1230339665e-02 5.9072842232e-02
-2.9761063182e-02 -1.5577800776e-01 -1.4568248597e-01 2.6956306594e-02 6.2187420070e-02 -1.0320054157e-01 -2.5607366023e-01 1.2617941068e-01 3.2554848933e-02 -1.3038678155e-01 -1.2894070116e-01 1.6214748192e-01 -8.9109412607e-02 5.2179019726e-02 1.1024077884e-01 -2.4302740454e-01 -6.3145115537e-03 -1.0360580707e-01 -5.0232927558e-02 -5.1201856081e-02 1.8114502189e-01 -1.7623153593e-01 -2.0868446973e-01 -4.0720212600e-01 -8.5022181398e-02 -3.1904561408e-01 1.5686572807e-01 -1.3000088218e-01 1.9702934808e-01 2.8645156526e-01 1.9361546756e-01 2.1638431971e-01
-1.6509320478e-01 9.2225854636e-02 -2.0100898447e-01 -1.4007262008e-01 2.4164925226e-01 -2.5610362861e-01 2.3237358179e-01 7.9925118223e-02 9.3204245326e-02 1.7007218885e-01 1.4550182970e-01 -9.1160853004e-02 -7.8034400949e-03 -1.6737923459e-01 7.2722467980e-02 5.9153532515e-02 1.6981543216e-01 -3.9476289690e-01 1.8641887813e-01 -3.5787455022e-02 2.0080300446e-02 2.3234067343e-01 -1.8189898416e-01 6.4109663838e-02 -6.6893222774e-02 -2.7898782482e-01 -1.4215616308e-02 -2.0181916992e-01 6.3957851182e-02 1.8859914642e-01 -1.0598168738e-01 3.7870798149e-02
1.9597786689e-01 -5.1153918069e-01 1.3695633701e-01 -1.0600032091e-01 4.5078533998e-02 -2.5503847555e-01 -2.7152944349e-01 -4.5901788542e-02 -3.2728089638e-01 1.9628953509e-01 4.8094162807e-02 6.6677367646e-02 2.7526633172e-03 1.6357301559e-01 -1.7450067420e-02 7.2765121208e-02 -1.3073866329e-01 -9.9606015497e-02 1.5953870864e-01 -4.2722028766e-02 1.5646814876e-01 3.1026085320e-02 -1.1521298288e-01 1.1953431720e-01 -3.1283872359e-01 9.6754473337e-02 2.3569595880e-01 2.4509674770e-01 3.3067088193e-01 -6.9790658021e-02 -5.1214000581e-02 2.9038266006e-02
2.7070540842e-03 1.1236950759e-01 1.2471785640e-01 -2.8043301146e-02 -2.9278376910e-03 1.7229606263e-01 7.3711171339e-02 -4.2600655910e-01 -1.4508870978e-01 -2.3084503869e-01 2.0331552653e-01 -4.6149623586e-01 -1.2087790310e-01 5.2283129593e-02 2.9855255269e-02 2.4250905961e-01 -1.9563749651e-02 -1.5053060288e-01 4.6620648382e-02 1.8102179419e-01 3.9668269267e-02 6.8910196096e-02 2.6812429344e-01 -3.8002251992e-02 2.9477247001e-01 -5.8950360993e-02 6.3069856931e-02 -1.5933087949e-01 2.6653535838e-01 2.2134734040e-01 -9.6029447674e-02 -6.1886486799e-02
1.6957122239e-01 1.3494043186e-02 2.5459832390e-01 -1.2372381659e-01 -3.4602607634e-01 -2.0092795406e-01 -3.6760013888e-03 7.4793910848e-02 -4.2113091559e-01 2.1288535899e-01 -7.2825686100e-04 1.1037735873e-01 1.1464605251e-01 -1.7218758990e-01 -1.6443113159e-01 1.4123662113e-01 1.2380277627e-01 4.1333576048e-02 -2.6641014978e-01 -9.9369060799e-02 2.5074321271e-01 -9.3691646193e-02 1.4842614769e-01 -1.8990598811e-01 -1.1077785311e-01 -7.3839509763e-02 -2.9756319926e-01 2.1263756060e-02 2.0325737010e-02 -2.3354433357e-01 -8.6106741719e-02 -2.7035025263e-01
-1.1952288702e-01 -1.7254573718e-01 -1.7569089648e-01 2.0322719425e-02 3.9024439438e-01 -4.7738301852e-02 9.2775912811e-02 3.8071140706e-01 1.2612384455e-01 -2.6768008993e-02 -1.9816497698e-01 -2.4189829751e-01 3.3624421297e-01 1.5732716068e-01 -4.6868797147e-03 -1.6581954085e-02 -2.8024666275e-01 -1.2713276492e-01 3.3411510259e-02 -1.4404322888e-01 -1.0901784042e-01 5.4692645148e-02 6.0732709254e-02 -2.4281998326e-02 1.7072475425e-01 3.2498026456e-01 2.2721976916e-01 -2.1074163759e-01 1.0981580751e-02 8.4658048719e-02 -3.1703003679e-01 -4.9198141444e-03
9.4560249075e-02 1.2339566616e-01 -2.5962847671e-01 -1.1154133889e-01 -3.8036906064e-01 -8.5659118403e-02 1.9798186610e-01 1.0791316442e-01 -3.3922916909e-01 -1.1277199140e-01 -1.4794209712e-01 1.2490516917e-02 -4.9252009714e-02 1.3858224463e-02 1.9918533922e-01 1.3630213597e-01 -7.8593438058e-02 -1.1516713588e-01 -2.1953275704e-01 1.3628989800e-01 -3.1731182071e-01 1.6755423831e-01 2.4434934116e-01 -8.8890304732e-02 2.9807928699e-01 -1.9125375167e-01 -1.7463122558e-01 -4.6973578827e-02 -1.4323704474e-01 -5.2659882511e-02 -1.6268739452e-01 1.2999468514e-01
-2.1177229792e-01 3.3232422769e-02 -1.4563298322e-01 2.2327277757e-01 -3.2404878500e-01 1.4981963044e-01 -1.6357080812e-01 1.0287811976e-01 -1.2723217907e-01 8.5465754715e-03 -2.7702530482e-02 2.4562624842e-01 -1.3937392227e-01 -1.6435647313e-02 1.8024243617e-01 5.4077812295e-03 -1.2463350485e-01 5.0754892963e-02 -5.4340478055e-02 7.5952725719e-02 -1.5856971950e-01 -3.0232305389e-01 7.2184216476e-02 5.7911997477e-02 5.2577779735e-02 6.3152639651e-02 -3.7703746043e-02 -7.6739226928e-02 -1.2446786229e-02 1.9914186558e-01 -5.5401981379e-02 -1.6590716607e-01
1.5907109089e-01 1.1580564117e-01 -1.0400133780e-01 2.6537008000e-01 -2.2998868880e-01 -1.4676832410e-01 -1.3559737688e-01 1.0170661506e-01 -3.9303212680e-02 4.1016599053e-02 2.0289874375e-01 1.9425330420e-03 3.7630684942e-01 1.4425925163e-01 -1.9410971298e-01 -1.5021875904e-01 -1.0669848472e-01 -3.1059137735e-01 -2.9761225338e-02 9.6873499092e-02 -6.8414343846e-02 -1.2153846747e-01 4.1319888417e-02 -2.9279449073e-01 -1.4048069584e-03 -3.4323436879e-01 -9.3782060413e-02 -1.4656734739e-02 8.6447102450e-02 1.7303033443e-01 -6.2950149554e-02 -1.8389273988e-01
1.4985439434e-01 1.0846130424e-01 2.8360385871e-02 -1.2642697015e-01 -1.5167426720e-01 2.6224881610e-01 8.0912866822e-02 2.0735327657e-02 4.6889318938e-02 1.6907057389e-01 2.3695781952e-02 1.2485881251e-01 2.7523471267e-01 7.2823364138e-03 4.6234086740e-01 -5.2633929103e-02 -5.4560966491e-02 -1.8524644675e-01 -5.9776048986e-02 -6.6921957502e-02 -9.3566629626e-02 -1.2031126973e-02 1.3299741617e-01 1.3170722435e-02 3.0513634781e-01 1.5555776078e-01 1.1806806783e-01 -2.5242745348e-01 6.5483337349e-03 1.2556198503e-01 2.2781590985e-01 -1.5407043095e-01
3.3609813925e-01 -4.5334310179e-01 -1.0359698886e-01 -4.2878785765e-02 4.7924710724e-02 1.4596618664e-01 2.4290424671e-01 -1.7354505850e-01 -2.1628146332e-01 3.6979218815e-01 -4.8496528487e-02 3.8875922694e-02 1.8550926507e-01 -2.0130343477e-02 -2.7764538844e-01 4.0932144763e-02 -7.3265465811e-02 1.3772109695e-01 -1.0751146202e-01 1.4524425579e-02 -2.1353935823e-01 -2.0910559838e-01 -7.7214478201e-02 1.3528861730e-01 -1.1436945606e-01 1.9479160299e-01 3.4104921113e-01 -9.4005456664e-02 -2.3771810685e-01 7.9858451861e-03 -8.9894139473e-02 2.6572299388e-02
-2.2883246593e-02 -1.7086568129e-01 2.1194300824e-01 2.4812299664e-01 -1.2499648374e-01 4.4825654024e-02 3.7806999997e-02 1.7027363024e-01 1.3833787260e-01 -1.1827678788e-02 1.1126756935e-01 -7.8067875876e-02 -1.9150778322e-01 1.8149200653e-01 -3.7227981836e-01 -5.0709268739e-02 -1.9772504738e-01 1.9264900894e-01 -5.9833927186e-02 1.6959356100e-01 2.1817071921e-01 -5.7720495653e-02 1.8726988967e-01 -2.0315618348e-01 2.8509148399e-01 3.0508899897e-02 4.5245918385e-01 1.6502506952e-02 2.5433495956e-01 -1.0309691811e-01 8.2655295091e-02 2.3015389005e-01
-3.1901065469e-01 2.6990182246e-01 -5.5413733786e-01 6.8848512837e-02 5.6242434408e-02 -1.9706986014e-02 4.0724011206e-01 -2.0565645271e-02 -8.7069518792e-02 -7.9657908320e-02 3.2495659898e-01 1.5481311112e-01 -6.3402669766e-02 2.4457824006e-01 8.1400475149e-02 5.7859859142e-02 -1.2401756718e-01 -1.6465213465e-01 -8.1545424543e-02 -2.9583340999e-02 8.8777485599e-02 -4.0009306463e-01 -4.6992808153e-01 5.8440711635e-02 -1.0797402992e-01 5.8765331548e-02 -1.1193112033e-01 1.1535831085e-01 -1.1154256197e-01 1.5101528982e-01 -4.7374011821e-02 2.0290445049e-01
-3.7147349161e-01 -1.4128329439e-02 -2.9300244653e-01 -1.3345497978e-01 -5.8651622162e-02 1.2211604243e-01 -1.9837670284e-01 1.3203021275e-01 -1.7099457003e-03 2.5465608667e-01 1.0606739003e-01 -4.0513024642e-02 -4.3067083261e-02 9.1126965178e-02 1.6768081272e-01 -9.2425560384e-02 6.5494403334e-02 6.0178587512e-02 -2.6184417055e-01 2.1169899921e-01 3.2270593107e-01 8.9843717415e-02 3.3075054348e-01 2.8650626702e-01 4.5500967365e-02 -1.8101100536e-01 6.9090903717e-02 -3.7929157041e-02 1.0912733152e-01 9.8812181942e-02 1.5501382038e-01 4.5755755955e-02
-1.1431733076e-01 -1.1684002144e-01 -1.5856276586e-01 -8.7905845042e-02 1.7304402997e-01 7.7853278586e-02 3.5897489436e-02 -2.6878685364e-01 3.7501460570e-01 -1.1245736895e-03 -2.2630336607e-02 5.9235219186e-02 5.1353666065e-02 -2.4424110446e-02 -4.5782359941e-01 1.4692472500e-01 -1.1245743880e-01 -1.6724124623e-01 -1.0590344350e-01 -1.7815861746e-02 4.8281969552e-02 -3.4335183079e-01 1.3855003771e-01 1.2563930949e-01 -1.1907637650e-03 1.0481907033e-01 2.5753169288e-01 1.7750339961e-01 1.4823150944e-01 -1.8477941044e-01 -1.4713332748e-01 -1.9168334538e-01
6.7371616183e-02 3.7886941600e-01 -1.3539242504e-01 1.9188244026e-01 7.6480408987e-02 -1.4294979819e-01 1.9859136671e-02 -1.0830142133e-01 -1.4317623869e-01 -1.5713065076e-01 6.2662760031e-02 -7.3361803533e-02 1.0080107224e-01 -1.2047433520e-01 2.7605294264e-02 4.6008882515e-02 -7.0155736314e-02 5.6428860893e-02 7.5101545709e-02 -1.7901164630e-01 1.6655197609e-01 -2.8947973627e-01 -1.1223340952e-01 4.1406562122e-01 -2.9451689110e-02 -7.1186719920e-02 1.1001047926e-02 4.5473041538e-02 -9.7967703619e-02 3.3917888338e-02 1.8303209163e-02 2.6588175593e-01
2.3799233844e-01 1.7697635862e-01 1.0840075021e-01 1.6973120760e-01 -1.2890770539e-01 3.7704411911e-02 1.7519026643e-01 -5.0904064599e-02 -5.1048014960e-01 2.7099060939e-01 -1.9962350623e-02 9.0526984997e-02 -9.9344115035e-02 -5.4069256018e-02 -1.7408689126e-01 -2.6229641066e-01 -7.3815432570e-02 6.1785656404e-02 3.0989761805e-02 -1.0517565423e-01 2.4049740072e-01 -2.5178541008e-01 -1.5495546149e-01 2.0604904745e-01 -2.3368925664e-01 -1.6397952396e-01 -2.1650063117e-01 7.1624806926e-03 2.9214212479e-02 1.9342221625e-01 -6.4161389433e-02 6.5292622072e-02
-1.3948034289e-01 -1.5754811847e-02 9.4952980799e-02 -2.8214505794e-01 -3.9296444072e-02 -1.5679749816e-01 -3.8476747050e-01 4.0476974565e-01 -4.5881423778e-02 6.1943001043e-02 1.2904945409e-01 -2.5416302820e-01 -1.6552687634e-01 -7.8922197594e-02 2.3525413252e-01 -1.2072508028e-01 1.2713623436e-01 2.5933220609e-01 4.2233203590e-02 -6.9988883520e-03 7.3738581982e-03 2.7134817338e-01 -2.7022189075e-01 4.5390774792e-02 -1.0861005404e-01 -1.8942976612e-01 3.7575691066e-01 -4.5531333519e-01 -3.0152548929e-01 -8.0209677363e-02 4.6846068523e-02 -3.1201152845e-01
-3.0576291583e-02 -2.4029758808e-01 7.4068344641e-02 3.3699812607e-02 -4.0102071968e-01 4.8241339390e-02 3.3779465103e-02 -2.9514247745e-01 2.3678334664e-01 2.6892374592e-01 3.2607984107e-01 1.7920160708e-01 -5.1506746980e-02 -1.3253245143e-01 2.6304011864e-02 2.4714291063e-01 5.0508680593e-02 1.3388841243e-01 4.1096092679e-01 -2.4400329513e-01 2.4328876659e-01 3.1704406771e-01 -1.1669904357e-01 -7.3396062431e-02 -1.0302275908e-01 -2.6982356769e-02 2.6261127236e-02 -1.8067984881e-01 -7.8561740604e-02 -3.4777832885e-02 7.2041306478e-02 2.8737682358e-01
2.5151053290e-02 5.1180947441e-01 2.5244628942e-01 3.4110197653e-01 -2.5535950337e-01 1.2357734391e-02 1.9770294698e-01 2.6839737057e-01 -1.3623159668e-01 1.4827354713e-01 8.6584744969e-02 -1.7386971253e-02 1.2935441155e-01 -1.8441420376e-01 1.1723704655e-01 2.6296788389e-01 4.4236613822e-01 -2.6856246399e-01 -3.1630374625e-01 7.5013984913e-02 -2.3163798491e-01 -2.4299527220e-01 1.9113661002e-01 6.1373393613e-02 2.2700983991e-01 1.5880538391e-02 4.2558263176e-02 -4.4770893490e-02 -1.7479220449e-01 2.9130826133e-01 -3.9257913781e-01 1.8391918584e-01
2.3747133758e-01 -3.0597217005e-01 -8.1978438902e-02 -1.4568096224e-01 -1.8633018427e-01 1.8597065566e-01 -5.2344322277e-01 2.5989783259e-01 -2.5977484803e-01 -1.5175156715e-03 9.6204849854e-02 7.0099822106e-02 3.6273327570e-01 -2.3071457661e-01 -3.6696891890e-01 3.4282726853e-01 -6.8021162486e-02 -9.0241813060e-02 -6.4259077152e-02 -6.9112774708e-02 1.3722146768e-01 -9.3194344011e-02 -2.1499749113e-01 3.5414047831e-03 1.7413292715e-01 1.3783745232e-01 -1.9538820122e-01 -1.3963737994e-01 -2.5335598033e-01 -3.3594234925e-02 6.2895373989e-02 -1.0454916893e-01
-2.6269623113e-01 -2.8651382932e-02 2.3813247735e-01 7.3126447284e-02 -9.4156448456e-02 -1.0436067180e-01 -2.3407694077e-01 4.5894443911e-02 5.6399970696e-02 -9.1758034657e-02 -1.5792945764e-01 -1.9285811291e-01 -2.2747287991e-02 -4.0499285655e-01 -2.2075983300e-01 -2.7798122822e-01 -7.9771030943e-02 9.0768723748e-02 -8.5755812532e-02 -8.2040511174e-02 -1.2762718637e-01 -4.6467843760e-02 7.0961458942e-03 -1.0516291481e-01 -1.5558599678e-01 5.1391328385e-03 1.0015999226e-01 -1.4646876623e-01 -2.5054816781e-01 -8.6159967163e-02 -1.8581434568e-01 2.1283128447e-01
