1.4146333028e+00
3.3215537903e-01
4.3474686841e-01
9.7182509105e-01
-1.1224821750e-02
1.2242750079e+00
-9.2322122657e-01
-8.1822221433e-01
2.0852114998e+00
1.3018537095e+00
2.5044338456e+00
-6.9611080364e-01
-2.8602773407e-01
-4.1042583962e-01
-3.6397619017e-01
-1.2973896827e+00
1.2252214254e+00
1.0908812815e+00
4.1489518271e-01
-3.0027276648e-01
-6.9397282533e-01
-1.1424547562e+00
1.4932512753e-01
8.7649940630e-01
1.4701709572e+00
-1.0392650536e+00
-1.3633234739e+00
1.0623693356e-01
-9.0514861846e-01
-7.5294471286e-01
1.5559761224e+00
-8.5505903404e-01
