-3.4229272653e-01
-1.2804023714e+00
1.0604575578e-03
1.1933355143e+00
6.6421927241e-01
-1.3140652416e-01
-5.1863261097e-01
3.0072249359e-01
-1.0241550729e+00
-5.5764084603e-01
7.4158176133e-03
8.1759933724e-02
-1.2602102997e+00
-5.4647429825e-01
-4.3262796626e-01
8.9757651729e-01
1.1724818593e-01
6.4374468254e-01
-1.3916235790e+00
5.9501613281e-01
-4.4204040386e-01
-1.2373848591e+00
1.2032516115e+00
5.8311635271e-01
-2.4229990360e-01
-1.0439105363e+00
-7.9378461934e-01
6.2703793206e-01
2.3728759553e-01
-1.1453693339e+00
-1.1292096053e+00
1.6812848548e+00
