-1.1834689467e-01 1.2506026229e-01 5.6114468032e-02 -1.5270488045e-02 1.6040654692e-01 -1.4996598698e-01 -1.4222378607e-01 1.6631103990e-01 -2.2838719787e-01 3.7497378265e-01 -4.5240124218e-02 4.0423911266e-01 -1.9978013934e-02 3.2295171125e-02 1.1008768598e-01 7.9951584025e-02 -6.7504945645e-02 1.2477201632e-01 5.2029711983e-02 2.2220677935e-01 -1.8468518446e-01 1.7877473869e-02 1.3207393452e-02 -9.4299109449e-03 -2.3216305841e-01 -2.6233497456e-01 1.2320612363e-02 -1.5533137794e-01 9.8120696729e-02 -3.2160787196e-01 -8.4945969888e-02 -1.2087328159e-02
8.6606481971e-02 2.2958054973e-01 3.5151175123e-01 -3.0688565834e-01 -5.6686496207e-02 -2.8192797533e-01 2.6153674915e-01 2.7061997807e-01 2.1793940629e-01 1.1267130584e-01 6.4652725786e-02 1.5631533977e-01 1.6310211002e-01 -1.0636472751e-01 -1.3574092217e-02 -1.2291275501e-01 1.5092818720e-01 -7.8704279033e-02 1.4859985256e-01 -4.0893894075e-01 -1.1025977822e-01 -1.0819711844e-01 8.3836369051e-02 -7.6227509972e-02 3.0216046813e-02 1.1048797859e-01 1.2878754428e-01 2.2733330338e-01 1.7777244052e-01 1.2096335686e-01 3.9194943909e-02 1.8097095567e-01
4.2209071591e-01 2.9084515068e-01 -2.5021170041e-01 1.5946628859e-01 9.2803574777e-02 1.4172729405e-02 3.5377503808e-02 8.6950853276e-02 1.3782981684e-01 2.2617924622e-01 -9.0939300272e-03 1.5886051639e-01 5.8224090041e-02 2.0906774969e-02 4.1610997050e-02 -3.1587946994e-02 1.2619486249e-01 8.0788271704e-02 -5.9026672918e-02 -9.4541839188e-02 1.8035416102e-01 3.0876319132e-01 7.3963518245e-02 2.3256699280e-02 -2.2810519039e-01 9.1159011224e-02 1.8340394403e-01 -7.4889401466e-02 1.0752880132e-01 -2.9977939816e-02 -4.1150742089e-02 8.9503075494e-03
7.1573986137e-02 -1.5502794779e-01 -9.2490934429e-02 -1.3408746842e-01 3.5241737601e-01 -1.7332293229e-01 -1.0101310481e-01 4.7460516122e-01 -1.6313579510e-01 9.0221162168e-03 1.9952211977e-01 7.6452262073e-02 -2.0356081600e-01 -2.9085095667e-02 2.3894199556e-01 1.8659509104e-01 -3.9844160284e-01 1.0254549590e-02 -1.4941779542e-02 1.8595268546e-01 9.0726773329e-02 2.2225762852e-01 -9.6403542261e-02 -3.7278017129e-01 4.9510424259e-01 -4.7874963448e-02 -8.9779851584e-02 -1.4950791096e-01 9.2575777559e-02 3.6842423032e-02 1.8146607141e-01 2.0062735023e-01
3.4445046563e-02 -2.7772914173e-02 2.0429236589e-01 -1.8224247879e-01 -6.8376561739e-02 1.9992216932e-01 3.3875813183e-01 1.3036117606e-01 -2.7622839981e-01 5.0324196748e-02 -1.3876173375e-03 -1.1056120006e-01 3.2337309091e-01 2.2301528261e-01 2.6941925066e-01 -6.4469303752e-02 1.2647493607e-01 -4.5704783225e-02 -1.4971585320e-01 8.1023704607e-02 -3.1667656365e-02 -3.2099009858e-02 2.6647175349e-01 9.3871624878e-02 3.7851904746e-02 4.0844282908e-01 -2.1628634757e-02 -1.4569797322e-01 -2.7001745113e-01 -4.5386906735e-02 1.1772403049e-01 1.0964269944e-01
2.0185901121e-01 -5.1923328792e-02 -7.0522853640e-02 2.4550527334e-01 2.0307779408e-02 6.3850675952e-01 2.7424131222e-02 1.6068508852e-01 -8.5272937180e-03 -8.2282823848e-02 4.9739560149e-02 -2.9720520970e-01 -1.9538302836e-02 -4.2687012633e-02 9.8271165491e-02 -9.8756704647e-02 -1.7476882125e-01 -5.6747973776e-02 -7.3014551668e-02 2.5472042014e-01 1.3256748614e-01 1.5165262319e-01 -3.3746227793e-01 -1.8464733101e-02 1.4759911239e-01 2.4680238707e-01 -7.3258681145e-02 -8.0649282991e-02 -7.2651840887e-02 -3.5443864961e-02 1.2856008526e-01 -2.8406878685e-01
2.5104185355e-02 -1.1595637334e-01 1.7157257572e-01 1.9874558330e-01 9.6761213950e-02 5.8747943147e-01 8.1545631583e-02 1.5960105734e-02 7.6804808198e-02 2.9861128614e-02 -1.0030598937e-01 -2.7016510799e-01 3.4722742838e-01 -2.1183543584e-01 -1.4907229998e-01 -4.7535932049e-02 2.4867232405e-01 -7.3936206801e-02 2.6494097470e-01 1.8684315027e-01 1.1653488869e-01 -3.7788518728e-01 4.1109634142e-02 -1.5243376210e-02 -2.4812488780e-01 -2.2848806066e-01 1.3201536761e-02 2.4536584277e-02 3.9902271252e-01 -1.4450971440e-01 4.1591663986e-01 1.6837189031e-01
-6.9625051774e-02 1.5712754313e-01 -8.7789496164e-02 1.3903435385e-02 3.7366365361e-01 -1.0289958809e-01 -1.8904874205e-01 -1.2526984979e-01 1.7328387233e-01 3.5599581665e-02 -1.3454198923e-01 9.4992525568e-02 -2.7830491862e-01 -1.0229332380e-01 -5.3557038959e-02 -5.3356389458e-02 9.4261459160e-02 2.8506918294e-01 -2.2045005901e-01 -1.4938545022e-01 1.8045964763e-01 1.1322670292e-01 -2.5180654438e-01 -1.3684426923e-01 -2.1705023174e-01 5.9255814989e-02 5.8732014194e-02 4.7487969465e-02 1.9092112683e-01 3.7428457350e-01 -8.7609215385e-02 8.2191447283e-02
6.0343485521e-02 7.0413717576e-02 -1.4380188433e-01 8.0507825211e-02 -1.0168221473e-01 -7.5382481668e-02 -1.5496417483e-02 2.7860486617e-03 1.7003277465e-01 1.6780263903e-01 -1.1166145970e-01 7.6491988360e-02 1.6375099407e-01 9.3558211979e-02 -1.1251245786e-01 2.5058258746e-01 8.4157485142e-02 2.2364652424e-01 2.7799756573e-02 -1.4472241049e-01 2.1788445045e-01 3.5119590479e-02 3.6104821612e-01 7.6865246168e-02 -2.5221656785e-01 -4.9596579581e-03 -1.3524713950e-01 -4.0718544202e-02 6.6258376234e-02 6.8521667859e-02 -1.3106645062e-01 4.4420646753e-01
-1.7014223867e-01 -7.9014998109e-02 6.0038247084e-02 -4.5363348125e-02 -8.0376015282e-02 1.3121817078e-01 -3.0707299459e-03 -2.8045805102e-01 -1.0449057543e-01 -9.4742591868e-02 1.9755404412e-01 -9.7474164058e-02 -1.4503723354e-01 -3.3200354131e-02 2.4792748256e-01 -9.0478339852e-02 -3.5077470304e-01 -7.1284655131e-02 -3.5327131756e-02 3.9563449532e-02 1.9834121772e-02 5.2763179599e-01 -6.7876294155e-02 1.7034567787e-01 -1.8045396347e-01 -2.9958056011e-01 4.6320097640e-02 2.4585915337e-01 2.2220004389e-01 -7.3239357023e-02 1.4759170324e-01 -2.0220881406e-01
2.5767809102e-01 2.1162693536e-01 -2.9088796802e-01 -8.0516182437e-02 -8.8643352848e-02 1.1753075220e-01 2.3378278631e-01 1.0408808036e-01 -1.0818568893e-01 -1.4675849444e-01 -2.1782366191e-01 -8.1633055602e-02 1.4198241276e-01 6.5188370009e-02 -1.0548097710e-02 -8.6375279565e-02 2.6612658010e-02 -1.2356832039e-01 -3.5926460171e-02 -3.4982647797e-01 -3.0882879138e-02 -7.3296923273e-02 1.7453066541e-01 1.6222763576e-02 1.1225799276e-01 3.1711776364e-01 1.1058019000e-01 -6.0196956983e-02 -1.1601546231e-01 3.5317091405e-02 -1.4535287876e-01 2.6449427906e-01
-1.2800419083e-01 -2.6745449211e-02 -1.5746850790e-02 -4.6000637317e-02 3.9112221854e-01 -8.7065122682e-02 2.5400981456e-01 -1.0146706520e-01 -2.3249719903e-01 7.4906945828e-03 1.1613787742e-01 -5.2102276560e-03 1.4601085548e-01 -1.5608069307e-01 7.4744479640e-02 -1.4864445518e-01 8.5642490255e-02 1.2491347078e-01 -4.4421840019e-02 -3.1882026637e-02 -4.0105933144e-02 -1.1289701175e-01 -2.1345644374e-02 -1.3396748404e-01 -2.2056401172e-01 7.4053584889e-02 -7.3625124804e-02 1.8465493803e-02 7.7638264553e-02 2.6722781929e-02 -2.4167732934e-01 -1.1019715176e-02
1.7116528453e-01 -3.9203603862e-01 1.1553711318e-01 -4.3935763655e-01 -1.7893648638e-01 -9.9505600120e-02 2.9343686195e-01 3.4112670273e-02 2.6787914219e-02 9.7098930145e-02 1.8971035354e-01 2.2448525838e-01 3.3914285854e-01 1.8556212808e-01 1.1812408276e-01 -3.7830229300e-01 3.2287636028e-01 1.1325691501e-01 -2.5595594100e-02 -1.7435929684e-01 5.3371954042e-02 -1.5295818212e-01 -2.4206427332e-01 -1.1556599209e-01 3.4134345054e-01 -3.7249731722e-01 7.3279084949e-02 1.8897365634e-01 -6.7711843130e-02 2.0583796390e-01 -8.4596373354e-02 -2.3965214226e-01
-3.3026585044e-02 1.3616163238e-01 -1.1045712283e-01 -2.5069855761e-01 5.1033041414e-02 -2.2844760829e-01 -6.1379158834e-02 3.5001905945e-02 -1.2865710791e-01 -1.5268611586e-01 -3.8186891230e-01 -3.1379514857e-01 -1.5943625273e-02 -8.8679895115e-02 -3.4686884499e-01 -1.5596274660e-01 1.3518922485e-01 -2.5790830009e-01 8.4006192882e-02 -1.1747197498e-01 3.1456450195e-02 -7.4941885271e-02 -1.1300792632e-01 1.9855095096e-01 1.0013200580e-01 -2.5525094037e-01 4.9767412567e-03 -1.2376486346e-01 3.5496774967e-02 -2.2194085634e-01 -1.5079181595e-01 -1.2338718923e-01
-2.5898442866e-01 -2.1120677590e-01 -2.2898083369e-01 1.8979031982e-01 1.8919032200e-01 2.9432485533e-02 1.8703327286e-01 9.2859885401e-02 1.1359652468e-01 -5.5460676582e-03 -9.5837545913e-02 2.1325508420e-01 -8.0587391210e-02 1.0593378861e-02 -1.3001155802e-01 3.5673120406e-01 6.4180086168e-02 -1.5725123890e-01 -9.3388497591e-02 -8.3685353826e-02 2.2826121439e-02 3.2096369001e-01 -9.0291259234e-02 -1.8278759740e-01 4.5157783319e-02 2.6217518640e-01 4.3158047878e-03 -4.3826277111e-02 5.3667923038e-02 -8.2120199571e-02 1.9654888492e-01 3.5735926069e-01
-2.4060702118e-01 3.1075429023e-02 -2.7585195778e-01 -1.8250226018e-01 6.3230970158e-02 -1.7544824619e-02 -1.7084192264e-01 -1.1590766680e-02 8.7480185176e-02 3.7541616287e-02 6.8436708304e-02 4.3543918810e-02 -1.2593251229e-01 1.4837304085e-02 -8.3111303362e-02 -1.9387110543e-01 4.7322705697e-01 -2.4317312337e-01 -2.8559556032e-02 -6.3215695303e-02 -2.4809379456e-01 -2.1306680821e-01 8.4098937014e-02 -1.9191146379e-01 2.4388234296e-01 1.9042687248e-01 -1.4575582477e-01 -7.6971377814e-02 -1.0046572399e-01 1.5378673377e-01 -1.5612928221e-01 -2.1532465984e-02
3.0949873861e-01 3.0821654668e-01 1.6647310721e-01 -2.9057215244e-02 2.3313213813e-03 -2.5051228905e-03 3.5740003623e-01 -3.1016269259e-01 2.5477756076e-01 -1.2233580049e-01 1.3466391624e-01 2.7967604570e-01 -1.5104192504e-01 1.5791557079e-01 -1.8811224799e-02 1.9834427573e-01 -1.6129285943e-02 2.8686200455e-01 1.4969178537e-01 -4.1061624114e-03 1.2589433387e-01 -6.9817309117e-02 1.6987883038e-01 -1.7276792765e-01 3.9092592771e-03 2.8773671657e-01 4.7286651990e-02 -3.0692733365e-01 -1.2138793022e-01 3.4456773671e-02 -1.9063437701e-01 -1.0212790673e-01
-3.4905667981e-02 1.2009337916e-03 2.1425150793e-01 -1.1959906374e-01 1.4773970960e-01 -2.3376694220e-01 2.1983236354e-02 1.0733280134e-02 -5.4346709589e-02 3.7768589763e-01 -2.8959684686e-01 8.1138597893e-02 -1.0075185355e-01 4.6657564734e-02 -6.5683663753e-02 8.8575139941e-02 1.3965382579e-01 -6.1028678660e-02 2.1802595681e-01 1.4245010925e-01 -9.5720737709e-03 2.2978313903e-01 -5.0460586783e-02 3.7198530300e-02 -2.4407583329e-01 2.0367484472e-02 -1.7470215654e-01 3.7425947269e-03 -2.9885957081e-01 7.2531855699e-02 9.9269855481e-03 -1.0316492659e-01
5.6754207311e-02 1.8979091474e-01 -1.8478097767e-01 -1.3606381290e-01 7.6505205502e-02 -7.9449931721e-02 1.3958899223e-01 -1.2355529239e-01 -2.0161852985e-01 5.3804266864e-02 1.4419571552e-01 -3.8543066736e-01 -1.6916332383e-01 -2.3699920187e-02 -9.2521293864e-02 -9.9847764324e-02 2.7673398530e-02 5.6020482628e-02 -8.3722920166e-02 2.2000015408e-01 -2.7869279964e-01 -5.9111725346e-02 1.1706129541e-01 1.4459445991e-01 1.2155653670e-01 2.2188377457e-02 -3.1164612891e-02 2.3164949606e-02 9.9148534940e-02 -3.4055199348e-02 2.0550243244e-01 -4.7465444859e-02
2.4091765995e-01 5.7254249087e-03 7.9748994711e-02 -2.3571223226e-01 1.9231025048e-01 1.3440035004e-03 1.3483160287e-01 -5.0613892600e-02 -2.3808195528e-01 -3.0605101124e-02 -1.9686924546e-02 1.3421764766e-01 4.4711542035e-01 1.1640259164e-02 2.9712700021e-01 -1.0866469599e-01 1.0100760553e-01 -7.9576703420e-02 1.9853165397e-01 1.3219735968e-02 7.4615948717e-02 6.0001357558e-03 1.5827518890e-01 1.6471158825e-01 -4.8708187109e-02 9.0766561857e-03 1.6428582619e-01 2.2124034430e-01 1.6180397608e-01 -3.5920642367e-01 8.7894466992e-02 4.1779937645e-02
-2.1539702436e-01 8.4630714875e-02 -2.2994230703e-01 3.3174586498e-02 -6.8392690089e-02 1.3903608055e-01 4.3485225761e-01 -1.0775621196e-01 -2.1018653737e-01 3.2661171245e-01 -1.9567109273e-01 -2.4556467018e-01 1.5204017339e-02 1.5878905313e-01 9.5736591864e-02 -2.4819241212e-01 -6.7849203290e-02 2.0303532826e-02 -2.3638247068e-01 1.2619236385e-01 -2.6520956466e-01 -6.9659541412e-02 -8.8146509029e-02 -1.7877788040e-01 -3.1273969741e-02 9.3996160576e-02 2.1949430243e-01 4.4296974705e-02 -4.4280337252e-02 -1.1115519545e-01 3.4211753512e-02 1.6793511342e-01
6.0942009203e-02 -1.8949539810e-02 -1.1517639616e-01 6.5650495854e-02 -1.7509908527e-01 8.7037984562e-02 -3.6087713573e-01 -1.9280746580e-01 2.0455224940e-01 6.5464307236e-02 1.5524185176e-01 -3.7376238666e-02 2.0628671930e-01 -4.0441826495e-02 -1.6454910533e-01 -2.3072359931e-01 1.1525759223e-01 -1.2824887095e-01 1.7067661193e-01 -2.7738649854e-01 7.5693787300e-02 -2.1936422455e-01 1.9833277162e-01 7.3557373740e-02 -4.1065509805e-02 4.1400588535e-01 -2.1133455608e-01 -7.7142445353e-02 -1.2875526998e-01 9.4187323364e-02 4.7863083646e-02 1.5909488926e-01
-2.5126787556e-01 -2.8969570168e-01 -1.0159493483e-01 -6.6617157966e-02 1.5720021664e-01 -6.5391098767e-02 2.4991625036e-02 -3.4403788114e-02 9.0275313147e-02 -1.6870108684e-01 2.5706153783e-02 -1.7719562625e-01 7.1291891334e-02 1.1771022015e-02 -1.5801009098e-01 -3.4374273431e-01 -5.8598498089e-02 2.6332734885e-01 1.9552642562e-01 -2.7918051114e-01 -3.1266934966e-03 -1.7148752017e-02 3.8149088557e-03 -3.9467424560e-01 1.1249928527e-01 2.0750439666e-01 -3.0741238974e-01 5.6305841417e-02 -1.2265803806e-01 8.7250131603e-02 -7.6767518152e-02 -4.9033815354e-02
-6.2946090841e-02 -2.6786671926e-01 7.0646708211e-03 -1.0862949194e-01 -2.6524316601e-01 -3.7228219932e-02 4.4058344835e-03 -6.1350400204e-02 3.0138613963e-01 -2.7407656329e-02 -2.0847599735e-01 8.2534983485e-02 1.5406006527e-01 -2.2886124956e-01 1.9423551453e-01 -1.7635259372e-01 -5.9859539029e-02 -5.8345841484e-02 -3.2461860284e-01 9.1958394804e-02 3.7098531769e-02 -3.5441641180e-02 -3.6488991074e-02 -7.5229344275e-02 6.5198450511e-02 -2.4717740181e-02 -7.6520980483e-03 -1.3827677542e-01 1.3578927290e-01 -2.2431982006e-01 -7.4334393420e-02 -4.9226756050e-02
1.1547490513e-01 2.0105538747e-01 1.1109210705e-01 -1.2699523642e-01 2.6095396785e-01 1.0431503215e-01 3.0024797813e-01 2.1951510780e-01 -1.9212983938e-01 -5.0749419690e-02 1.0695455471e-01 -5.7963416826e-02 -5.1496807030e-02 -3.4801533318e-02 8.8842010748e-02 -1.6662213413e-02 -2.2217347901e-01 -2.5330603255e-01 -1.5645274507e-01 -2.1898427698e-01 -5.3558968478e-02 2.6045894745e-01 6.6198888287e-02 -2.0343472615e-01 2.5749380843e-01 8.2639486977e-02 7.4165161498e-02 4.8988599213e-02 -5.1990158135e-02 -1.0867600090e-01 -2.0215725664e-01 -2.7060971802e-01
-1.9556505681e-01 -1.8128317153e-01 4.3696883103e-01 5.5821686521e-02 6.3751050175e-02 7.7413775428e-02 -1.4877695667e-01 -2.6242146236e-01 2.1378863781e-01 -2.3327526126e-01 5.3321208903e-02 8.6103735173e-02 -2.4052644735e-01 -1.3751280097e-01 -2.3508025162e-02 4.7882912595e-02 4.0212838268e-01 -3.6951802651e-02 -2.7595678974e-02 2.6195965696e-01 1.0794837404e-01 -1.1090637661e-01 2.5858053900e-01 9.9746410216e-02 3.2221296984e-01 1.9224323051e-01 -1.4985217792e-01 1.7684502640e-01 7.2107527068e-03 4.8443505950e-01 1.2557476261e-01 1.3159806594e-01
-5.4815543934e-02 1.3094032724e-01 2.0506433687e-01 6.9124808642e-02 -4.3255051001e-02 -1.7103081169e-01 -1.5184935322e-01 7.2483560741e-01 2.2790563729e-01 -1.0345265884e-01 -9.7469868169e-02 -8.5658184699e-02 -7.5546228217e-02 -3.6425221524e-02 2.0927391626e-02 -1.8848611113e-01 2.8233457154e-02 5.1522141557e-02 7.4900860555e-02 9.6587657971e-02 -3.4321396962e-01 8.3756304082e-02 -1.3767957815e-01 1.0179835859e-01 3.3814523985e-01 -2.1506340363e-01 1.2983023582e-01 9.1652865192e-02 -2.3193082547e-01 2.2356785676e-01 3.5024519210e-03 1.6668584169e-01
8.6009669692e-02 1.8151481528e-01 -2.6550414670e-02 1.5118312753e-01 -1.8038779547e-01 -9.1038128163e-03 2.0548437504e-02 2.8495106768e-01 -4.4424814665e-02 -2.7916153423e-01 -1.6290513735e-02 3.9316660290e-01 1.3177134639e-02 -2.1033040553e-01 -1.6845529147e-01 1.3942871208e-01 -1.0846493706e-01 -1.4599505352e-01 1.1015136550e-02 1.3605953219e-02 8.0564220404e-02 -3.8036127079e-02 1.5958490251e-01 6.2703384896e-03 1.0762859557e-01 1.8038187669e-02 -5.8877828446e-02 -5.0197798719e-02 -2.5546033216e-01 7.2535423154e-02 -1.5868624660e-01 1.7059281840e-02
-2.4551549491e-01 -1.3612169046e-01 1.9474933515e-01 -7.9228372531e-02 -1.1059599040e-01 3.1445532088e-01 1.7540112203e-01 2.3292845333e-01 -3.3391407900e-01 -2.2455253690e-01 -1.7473144460e-01 9.7498897075e-02 -5.8394862938e-02 -3.0331919076e-01 2.8535042756e-01 4.2987241012e-01 2.2045094663e-01 -7.7640728020e-02 2.7973915554e-01 -7.3016979903e-02 2.6009295939e-01 2.1513263365e-01 -3.5486013998e-02 -1.2115601700e-01 -2.2253019225e-01 -3.2322826574e-02 8.6424621770e-02 -1.4888017113e-01 8.6505703132e-02 2.3922317042e-01 -7.4907667755e-02 1.9072021251e-01
8.2846259367e-02 -6.8153038026e-03 2.1135591345e-01 -7.6901089365e-02 8.5421547457e-02 1.3763308425e-02 1.8435116423e-02 -2.6051919440e-01 -3.0351358789e-01 4.0161290669e-02 -1.5892276087e-01 1.7018966936e-01 -4.2939681671e-01 -1.1595318133e-01 1.7217541224e-01 1.9572302806e-01 2.8081211337e-01 5.8674113783e-03 -7.5670658572e-02 -5.1759843040e-02 -1.4820428513e-01 5.9326845479e-02 2.3385677762e-02 1.4642097104e-01 -2.6718934721e-01 -8.8248144167e-02 9.1950753714e-02 -4.6359818689e-02 2.3237756360e-01 3.2745960226e-02 -3.8086010521e-02 -1.5218604498e-01
2.1650197604e-01 1.7322657137e-01 2.9413092483e-01 -1.0963160149e-01 -6.8639566833e-02 2.6971644577e-01 -3.6389058125e-02 -2.5653951767e-01 -2.8912201938e-01 8.8678284894e-02 1.1694389105e-01 -3.3721714677e-01 3.8817467505e-02 2.4367097824e-01 6.9678340085e-02 8.4459148101e-02 5.0480112774e-02 -9.9739641344e-02 -2.1539610978e-01 -2.3214615070e-01 2.5183330966e-01 -1.1079728269e-01 4.0041984505e-02 1.1716293457e-01 -1.8129653857e-01 1.0895077576e-04 -3.8408961915e-02 7.6892708627e-02 2.9239953223e-01 -1.5708147210e-02 1.2348159275e-01 -5.1848811164e-02
-1.7241246054e-01 -3.5764775135e-02 -2.6607018686e-01 3.0504511720e-02 -2.3091621278e-01 9.0621055606e-02 -3.6182623283e-02 9.0681280108e-02 2.7728831442e-01 1.2787104712e-01 1.9470149460e-01 -2.0800129482e-01 1.8451143237e-01 9.4487486383e-02 -1.6125444137e-01 6.2008867720e-02 3.4134695556e-02 1.7521518843e-02 1.8458464211e-01 1.8120549350e-02 -1.0871554057e-01 4.6097039502e-01 6.1671315009e-02 -8.9591077659e-02 -1.0567558296e-01 7.8002220045e-02 1.3190517582e-01 -2.6771205987e-01 -5.3562100332e-02 9.0918229029e-02 -6.8046744080e-02 1.0434532187e-01
