3.2612433946e-02 4.8504736636e-01 3.2945239608e-01 2.5938868646e-01 6.0258244951e-01 2.6761039019e-01 1.4018580666e-01 2.4557655091e-01 2.6053887318e-01 -1.0962739973e-01 -8.1466403831e-01 1.3487385861e-01 -2.3727463695e-01 -2.3859269998e-01 -6.6757131237e-02 2.6025882244e-02
3.9291393287e-01 -8.2467442788e-02 3.6501603891e-01 4.0619179515e-01 9.2901217511e-02 9.2567021737e-02 5.3280392949e-01 3.8777958058e-02 1.8549362536e-02 -1.3317980834e-02 -3.3177061713e-03 3.4692210376e-01 -2.8676897929e-01 -2.6198510277e-01 -2.4195328330e-01 2.1762321943e-01
3.4521307145e-01 1.8048453502e-01 3.0624199505e-01 2.6054138240e-01 3.5748041203e-01 -1.4825887264e-01 5.5486361725e-01 -1.1832295715e-01 3.9142036158e-01 2.8616448215e-02 3.8127555492e-01 -2.5563386033e-01 -2.1666505090e-01 1.0982913742e-01 -3.8290979270e-01 3.4786115016e-01
3.4172752868e-02 -2.4052539496e-01 8.5482916908e-03 2.4627216384e-01 -1.0472256772e-01 -2.6402263800e-01 -2.7649321155e-03 -2.0157150342e-02 3.1521015001e-01 2.6165639279e-01 2.2155981261e-01 -1.1272389619e-01 -1.5761086868e-01 -5.3349568165e-01 2.0422185465e-01 -1.2869401262e-01
-1.4600840139e-01 6.6215333947e-02 3.2259806703e-01 -1.5239204654e-01 2.3380441703e-01 -9.8123689524e-02 5.2185584934e-02 8.7188235902e-02 -2.4261963697e-02 4.7921911250e-01 -1.0606876643e-01 1.3852013552e-04 -2.8632975871e-01 4.3468509328e-02 -2.0874450098e-01 3.2752519193e-01
3.8219933079e-01 -5.5771743024e-01 1.1959634471e-01 6.3498110759e-01 2.0910938230e-01 -3.6885793652e-03 -1.4537439329e-01 4.4877860813e-02 -4.4312262172e-01 -1.6444154911e-01 6.1456442043e-01 1.1759787060e-01 6.6842151566e-02 7.6208181925e-02 -2.4464347017e-01 1.9168327777e-01
3.2943964889e-01 -1.4809054050e-01 -9.2232215309e-02 4.9312739806e-01 -1.1037590690e-01 -1.0266814556e-01 -8.4741131740e-02 -1.0272532325e-01 7.2135203015e-02 -2.8599444988e-01 -1.1308280038e-03 3.4142324414e-01 1.1007256271e-01 2.2705891906e-01 4.2242779454e-01 -1.8289756139e-01
3.6512024150e-01 6.3249612943e-02 1.4257533906e-01 -2.2923312485e-01 1.5461365197e-01 2.3288849834e-01 8.4025507617e-02 2.4735690013e-01 -1.3352690574e-01 3.3172978895e-01 -2.2511032035e-01 5.5372655322e-01 4.9782758944e-01 3.4767561665e-01 -4.8755419560e-02 1.4104132906e-01
4.1435258424e-01 5.7899419976e-02 -1.2656023479e-01 1.7492750488e-03 1.0718006436e-02 1.7155254415e-01 -2.7631376478e-01 1.3537547849e-01 1.9710957909e-01 -3.4848714970e-01 2.4823257747e-01 -1.0996110847e-01 -4.5912468294e-02 1.6042628872e-01 -9.3263153608e-02 1.2514712476e-01
-4.3000754526e-01 -2.8814126350e-01 -3.0514548893e-01 -1.2022710349e-01 1.6338961393e-01 -3.6210772916e-01 3.1032392120e-01 -5.2324751340e-03 -5.1676383081e-01 -1.3187543438e-01 2.3703529847e-01 3.8670601400e-02 9.2968562307e-02 -2.7244043893e-01 -3.0927410302e-01 -3.4724545470e-01
-2.1838190150e-02 -4.1356827418e-02 1.6190742475e-01 -2.2731659819e-01 1.7174523729e-01 4.1036157831e-02 4.0547046947e-01 1.8332495903e-01 4.0414386630e-01 -3.1121992527e-01 -1.7429492944e-01 -2.6993042449e-02 3.0626768226e-02 9.8510232158e-02 -6.8117571925e-01 -2.7245018661e-01
4.1465665718e-01 -7.5550190292e-03 -4.6342616318e-01 -1.3038587298e-01 -1.1001123139e-01 8.2407638678e-02 -9.9180188606e-02 3.0792430414e-02 -4.6349022643e-01 3.4813788421e-01 -2.9118952980e-02 -1.2427042624e-01 -2.2571571772e-01 -4.5264099467e-01 2.0090757099e-02 -2.0300979334e-01
-2.4792031067e-01 -4.3315548119e-03 4.8746696697e-02 -2.2454862382e-01 8.0817340859e-02 1.3804460372e-01 9.4464663021e-02 -4.4639033397e-02 6.1498142706e-02 -2.9852961568e-01 9.7249986093e-02 -1.2271914739e-01 1.5668867849e-01 3.8726934902e-02 2.7390045467e-02 2.3363129857e-01
-2.8118170634e-01 -9.2024735316e-02 4.8539050513e-02 1.1866393343e-01 -2.6151574276e-01 1.1851042672e-01 -2.3295563582e-02 -2.7205380808e-01 9.8534233950e-02 -1.1906965622e-01 4.8595197351e-01 8.8352584006e-02 2.1846347466e-01 -1.0527333472e-01 -2.8315260300e-01 3.9324095419e-02
-2.7662748396e-02 -1.0547216932e-01 -2.4811051878e-01 4.2709094695e-01 8.6460260279e-02 -1.8007493350e-01 -2.3610913037e-02 -1.8144712199e-01 7.9274288682e-02 1.1559236141e-01 3.5643962264e-01 -2.7383985329e-01 1.9967821167e-01 5.4817264037e-01 1.1037187812e-01 6.5872547040e-01
-1.8662737590e-01 -1.2241786965e-01 6.2222485744e-01 4.7733198500e-02 2.6102815368e-01 -7.2895677978e-03 -1.7481515556e-01 2.2946001771e-01 -1.1447078482e-02 1.9311047503e-01 1.9016180269e-01 -2.8363589033e-01 -2.5449337268e-02 1.2272714681e-01 4.7777595586e-02 3.5794748027e-02
