8.3721144724e-02 9.2639717507e-02 -4.5175577191e-02 4.7318149028e-02 3.2719801594e-01 4.5493453602e-02 2.3915927336e-01 5.6028806486e-02 1.6071262438e-03 -1.0807845075e-01 3.1566005235e-01 8.6311317368e-02 2.5749251113e-01 -2.4079418302e-01 -1.6147576947e-01 1.2716580948e-02 3.1440373549e-01 1.3996242445e-01 1.6506924808e-01 1.0234971295e-01 -1.9113590418e-02 3.2041320488e-02 -1.5182091124e-01 9.7562614687e-02 6.2976257435e-02 2.5357823266e-01 -8.1704698633e-02 -2.5150643227e-01 3.3811787355e-01 -1.0731795579e-01 -1.8666170848e-01 -1.7780981434e-01
1.0054322155e-01 1.5113351405e-02 -3.6848668433e-02 2.0775566084e-01 2.3311656490e-01 -2.6896083014e-02 1.7641549241e-01 1.6582021798e-01 5.4114298242e-02 -3.4800356181e-01 -1.3120898557e-02 -7.9339322176e-02 -3.9671120747e-02 -2.3281169086e-01 -4.8998793751e-03 -8.6376830793e-02 4.2613984415e-03 -2.4407759405e-01 8.4401075788e-02 -3.8840160450e-02 1.0583465533e-01 -2.4935561590e-01 -8.5561385868e-02 5.4112363300e-02 1.7345844950e-01 8.4597560981e-02 -2.0632636525e-01 1.7899676722e-01 -6.9277222484e-02 3.2098055141e-01 -6.1434104224e-02 -1.7548422746e-02
1.9185254598e-02 1.6078075388e-01 -1.1565872438e-01 1.6981057569e-01 -6.3558361781e-02 1.6968817782e-01 -1.9834303297e-01 -9.9643625673e-02 -3.0048962647e-01 -9.1455582592e-02 2.0572651926e-03 3.3611439324e-01 -2.6705019611e-02 2.1348036799e-01 -2.4814102200e-02 -2.7624711387e-01 -4.0838239376e-02 -1.1482528842e-02 3.1105167842e-02 1.0382688336e-01 1.4754613314e-01 3.5346358070e-01 6.4470777631e-03 -5.5352794282e-02 6.0935554286e-02 -4.6019578748e-01 5.4707143375e-02 -8.9862643786e-02 1.0124404081e-01 -2.8490717506e-01 -1.6805309793e-01 -3.7135124484e-02
1.9006476325e-01 -3.6710792907e-01 -2.9878412413e-01 -4.3611957404e-02 -1.7696446012e-01 -1.9119683299e-01 -9.7903860864e-02 -1.1993991620e-01 1.1115367231e-01 -4.8517903038e-02 -1.3436999137e-01 -1.3354319475e-02 -1.8815578781e-01 -1.2064805309e-01 3.1034793662e-01 -4.9119552419e-02 9.1962198229e-02 -4.8447383673e-01 -2.2337341380e-01 -6.5491778384e-02 2.7995604820e-01 -9.2529427246e-02 -6.6242966875e-02 1.8096205722e-01 -5.1886766959e-03 1.8873944393e-01 -1.1342667730e-02 -3.7375643783e-03 -2.0405648607e-01 -2.2432964536e-01 1.0757968384e-01 2.3144754097e-01
3.7098338448e-02 1.4289449955e-01 -8.1805412585e-02 1.5734504110e-01 1.2128351152e-01 -9.3767528705e-02 9.0611250974e-02 4.8296770620e-02 -6.2154357280e-03 2.0693530401e-01 1.4679320994e-01 -3.8231575572e-02 -5.0524829437e-02 -1.2658954934e-02 1.4958629347e-01 -1.6144605835e-01 4.5100950274e-02 2.4962191770e-01 -2.2749203369e-01 -7.2083472169e-02 -1.2691124369e-01 1.9704314441e-01 2.4203987922e-01 9.9940531513e-02 -4.0893771694e-01 4.4235299797e-01 -5.7814494129e-03 -1.7752273629e-01 1.6124815992e-01 9.6701255364e-02 -4.6876070189e-01 -3.3634961856e-01
-3.8162723788e-02 -2.6795418136e-01 1.6591833208e-01 -1.6246150284e-01 3.4896614640e-01 1.6763531817e-02 -2.3343989286e-01 -1.7876077552e-01 1.8731354482e-01 -4.5970941191e-01 2.3253347737e-01 6.0405762465e-02 -1.4032994320e-02 1.5272375560e-01 -7.7932404488e-02 2.5557836757e-01 -1.3006879961e-01 -1.4195769303e-01 -1.4030426095e-01 -8.0997735264e-02 1.6544961009e-02 -5.1202811859e-02 -3.7739159279e-02 5.7956099082e-04 -1.6269086052e-01 -1.5537600593e-01 6.3799910546e-02 2.0676616899e-01 -1.6466284613e-01 5.6047961592e-02 -5.4141601712e-02 1.8568529675e-01
9.2404778974e-02 1.2995006710e-01 -4.2911343863e-02 -3.8174199841e-02 -2.6305003665e-01 2.5798702420e-01 1.6466048110e-01 2.3330272738e-01 -2.1255630262e-01 -2.1399838168e-01 -1.8269945804e-01 1.2587645040e-02 -1.1258138317e-01 -1.6251783894e-01 -6.5347559780e-02 -2.6663319208e-01 1.3316191552e-01 1.2760460668e-01 -3.5880879833e-02 -8.9804384383e-03 1.3805314449e-01 -2.0228945728e-01 -1.9894822735e-01 -1.4603293619e-01 5.8429322939e-02 -1.6573087507e-01 -1.5212687501e-01 4.0194471562e-01 1.8022622140e-01 1.2128601067e-01 -3.3683521006e-01 -6.7093813611e-02
1.9280281005e-01 -3.6956772556e-01 1.6719392184e-02 1.2559713202e-01 -2.2472213899e-02 6.8826322825e-02 4.1998074139e-01 1.4328852829e-01 1.2895067204e-01 -1.6444065748e-01 2.9682674786e-01 -6.4209730578e-02 -9.1207520901e-02 -2.0273004397e-01 8.1571841471e-02 3.9333307307e-01 4.7283347147e-02 -5.6380023248e-02 2.3042383462e-02 -9.3919795878e-02 -1.1345221396e-01 -2.5893533446e-02 1.4385768026e-01 1.0232864800e-01 2.5192766946e-01 -2.2790450610e-01 3.3951289192e-01 6.5149457843e-02 3.1603796697e-02 5.4931404567e-02 -6.9456298816e-02 -2.5637962268e-02
7.6085391043e-02 -2.9685307841e-01 1.9715743303e-01 1.7881265214e-01 -9.3452590141e-02 2.8818156001e-01 7.2575908213e-02 9.1836893971e-02 -3.9634241891e-01 -4.3179997232e-02 -4.2202955114e-02 -2.6145270504e-01 7.2075620513e-02 -3.0842521317e-02 1.4217839178e-02 -1.7362658109e-01 1.8134870759e-01 1.1122651052e-01 -2.2698778589e-01 4.3602509039e-02 1.4831592399e-01 2.3713662003e-01 2.7794576371e-01 5.0268952609e-02 4.3620625740e-01 -3.1090171074e-01 -1.8454584462e-01 2.3678637264e-01 -3.1670746202e-02 -3.4563131779e-02 2.2655981577e-02 -7.3780686964e-02
-2.1924110873e-01 1.7705250666e-01 7.6369143159e-02 1.5466003971e-01 -6.9606136133e-02 1.7410724306e-01 -2.3181547127e-01 -1.7991209936e-01 4.4723275243e-03 -1.1074678406e-01 -2.2824364804e-01 -1.4001421711e-01 -8.4711749604e-02 -1.1431154275e-01 -2.1217981860e-01 2.8649696821e-02 -1.3791317776e-01 2.3364529366e-02 2.2897257227e-01 1.7775327631e-01 3.6535710517e-02 4.0701449950e-01 -1.4603672912e-01 -1.6097974289e-02 -6.1023743692e-02 -1.1326183650e-03 8.6148919265e-03 -1.1709249729e-01 1.3914595914e-01 -2.7116282949e-02 -1.4129157293e-01 2.1112663467e-02
-1.8094284073e-02 1.6457137676e-01 -1.7762016325e-01 2.2137073069e-01 1.2450278232e-01 -2.7128509959e-01 -3.1627043243e-01 -9.8531935006e-02 2.6939404484e-01 -5.5083797947e-02 -6.4426242197e-02 5.2002586717e-02 -2.5232376492e-01 -5.4256008223e-03 -2.6927300763e-03 -2.0097349398e-01 -1.7117769472e-01 -7.1580101105e-02 -9.8531795305e-03 1.1556256961e-01 -2.8361560802e-02 3.2362593218e-01 7.2260143272e-02 3.6829940566e-02 -2.5173895299e-01 7.9962963874e-02 -9.4824044036e-02 4.2664245291e-01 -1.8290808981e-01 -2.4369326461e-01 -1.2577095804e-02 2.7050652241e-01
1.5742804661e-02 -1.9011507090e-03 -1.5803527744e-01 -7.1128049633e-02 2.8562810846e-01 5.3098689797e-02 -9.0682933408e-02 -2.1913395122e-02 -1.8515058483e-01 4.1581152110e-02 -1.0692937402e-01 3.2698333241e-02 2.3265932644e-01 -1.8286226361e-01 2.5447764440e-01 1.2023501403e-01 8.1694466152e-02 -1.5552543446e-01 -2.2929479219e-01 -1.3584957129e-01 1.2685552947e-01 -1.0670047574e-01 -6.1063962386e-02 -4.4603991905e-01 -1.2402853784e-01 -1.4643057967e-01 1.3248785674e-01 -8.7165748082e-02 5.0556752058e-02 1.4370119434e-01 7.9875745618e-02 5.9173982877e-02
4.7398031757e-02 1.4405745887e-01 1.9288386670e-01 -1.3216851176e-01 -3.4880358029e-01 -1.3467867874e-01 -3.1246150627e-01 3.8155199162e-02 -3.1071165522e-02 1.1847793951e-01 1.1806731083e-01 -3.5265989459e-01 2.3796436916e-02 -8.1574448515e-02 1.8439096581e-01 2.0300306953e-01 6.3405567426e-02 4.5674775698e-01 -6.3806055002e-03 8.5950991998e-02 -1.6172873922e-01 1.9907124270e-01 -1.2563250830e-02 2.2085632475e-01 9.6080464309e-02 1.0796796393e-01 -4.9798902209e-02 2.6427973060e-01 2.0350833294e-01 1.2744273000e-01 5.1655668606e-02 7.9655049403e-02
-1.5495004574e-02 8.2904195527e-02 -1.1977112349e-01 -1.4241349774e-01 -7.8203032337e-03 3.4952775700e-01 -3.1843161995e-01 -8.3538352136e-02 -3.2135365750e-01 -1.1336164364e-01 4.4546515314e-02 -8.8114225166e-02 -1.5535045930e-02 1.2039342736e-01 -3.1211544493e-02 -1.0839159540e-01 -3.0825899337e-01 -2.8832462119e-01 -2.9962164266e-01 7.9909904254e-02 -9.6207014432e-02 -2.4052369613e-01 2.1467246826e-01 1.8065358819e-01 8.0068722338e-02 -7.2970378553e-02 1.1737501446e-02 1.4795319003e-01 3.5569923944e-01 -1.0117103203e-01 5.5397264985e-02 -9.8794066054e-02
3.1558694932e-02 1.7107783819e-01 6.3840882766e-02 1.5528515036e-01 -1.0933714562e-01 6.4556840284e-02 -7.0185587106e-02 1.3226144696e-01 -2.4211802310e-01 -1.3842129281e-01 -3.6639341290e-02 2.1769738901e-02 -2.8452975586e-02 -5.6383504164e-01 2.8591717061e-01 -5.9444897068e-02 -1.5449447502e-01 -4.1246903800e-02 -2.0032648386e-01 1.1906599558e-01 5.8313215500e-02 -1.7096321861e-01 4.8436458728e-01 -1.6715765576e-01 1.2105272028e-01 1.0128577893e-02 1.4220612957e-01 3.3474966617e-01 5.7782520124e-02 -6.3805449540e-02 8.6834646918e-02 -3.0217509439e-02
-4.2786051932e-03 -2.5516783480e-01 4.6102814637e-01 3.9900938298e-02 5.7132048077e-02 -1.3101468988e-01 9.5631940214e-02 -3.1239031339e-01 -2.9197753772e-02 -2.0073483288e-01 2.9921329659e-02 -1.2086873465e-01 -2.2252293448e-01 1.5053949631e-01 2.1030312267e-01 -7.0452582545e-02 -8.4194301415e-02 8.1758272491e-02 3.0145236816e-01 1.8201068871e-01 4.7028841021e-02 1.3276055756e-01 -2.2905796112e-01 2.7187134966e-01 2.4553359139e-01 1.5343159102e-01 -7.7331533342e-02 2.5253554252e-01 -6.1730742913e-02 -3.3381652813e-01 3.2709116155e-02 6.2751921080e-02
-1.2325306343e-01 5.6052340961e-02 5.0072580087e-01 -7.7823313417e-02 1.5542196951e-01 -5.0539084140e-02 1.3211485002e-01 -5.2719172942e-02 -1.1290380716e-01 -2.1586916697e-01 -1.5444534780e-02 2.4533175945e-01 3.5895383109e-02 4.4713411257e-03 -1.9352133273e-01 -7.8862483654e-02 6.1867202830e-02 1.8807995308e-01 1.9689189838e-01 1.0878966118e-01 7.6916063026e-02 -1.2420644432e-01 1.4014205034e-01 2.5645056658e-02 9.0825975018e-02 -9.2366524585e-02 1.6904081928e-01 5.4151950009e-02 3.1694706660e-01 -2.0647955400e-01 1.0132326335e-01 -2.4022785004e-01
1.2968461283e-01 1.3107356408e-01 -7.0170914790e-02 1.0030732881e-02 -2.0092754133e-01 -1.4286669498e-02 -4.7547462113e-02 -1.5945994002e-01 -2.3674270034e-01 -2.4839718922e-02 -3.0833588258e-01 -1.9283316597e-01 6.4158412772e-02 -4.2108580533e-01 1.1385227173e-01 -3.3374794653e-01 1.2994591349e-01 -1.8700178379e-01 1.4996226865e-01 -3.2403650288e-01 -2.1658336920e-01 -3.0586959578e-01 -1.7711491612e-01 2.7471714309e-01 6.6548023029e-02 1.0434405192e-01 2.3826570132e-02 -1.1382708950e-01 -4.8829549824e-02 1.9607302499e-01 1.1158261886e-01 -1.9300904283e-01
2.2755227472e-01 -1.5787717972e-01 -5.3180319720e-02 7.7736979519e-03 2.7841055694e-02 -7.5767110655e-02 -3.4932121714e-02 5.6691023142e-02 1.2548386214e-01 1.3180253645e-01 -5.2814030801e-02 1.3042611178e-01 -2.5480612789e-01 -1.0709446126e-01 -4.4338693600e-02 9.2491173085e-02 -1.1375843986e-02 -6.9537458051e-02 -2.2207688702e-01 -1.2343353426e-01 1.4547729206e-01 8.7411983502e-02 1.5468889374e-02 -1.3117169286e-01 -1.2399293217e-01 -3.2909937181e-02 -3.6864527833e-01 -7.1142104240e-02 7.4664633393e-02 2.5303437210e-01 7.1701515545e-02 -1.3719366191e-01
-3.3348274377e-02 -5.1847884953e-01 5.4464918130e-03 1.9156077637e-01 1.7302007505e-01 -1.3229849856e-01 8.0102790831e-02 -1.9779449524e-02 2.0114295237e-01 -9.2801595202e-02 3.0958425250e-01 6.4998885098e-02 -1.3117690645e-01 1.3028854507e-01 1.8533726608e-01 -8.9190254212e-02 1.3277580069e-02 -2.9996818385e-02 1.1958580602e-02 8.2545717478e-02 7.6607024048e-02 -5.9897633657e-02 -1.0608047572e-01 1.1787024080e-01 -1.5029338804e-01 -2.2902410659e-02 -3.6381027113e-01 2.1635858212e-01 8.3975919985e-02 6.7645175377e-02 1.3545042163e-01 2.3647855695e-02
-7.6080107047e-02 -5.5641498351e-02 2.4790849297e-02 -1.5503007426e-01 2.5356821786e-02 1.5232965837e-01 -2.6143398493e-01 -1.3895199883e-01 -2.3873809164e-01 -5.2722849767e-02 5.2820142664e-01 2.0364514884e-01 -1.6246055082e-02 2.1096604128e-01 1.4634678312e-01 -2.0142835458e-01 -1.8580701792e-01 -1.1905949790e-01 1.8215522255e-01 3.1100487669e-01 -1.5901498946e-01 -3.0823296757e-02 2.9615420363e-01 5.9899258837e-02 2.8788563481e-02 8.0806447152e-02 -3.0655640667e-01 2.0775467680e-02 2.9486432586e-01 -2.0348884017e-01 2.5563828691e-02 2.4120481419e-01
1.8784115544e-01 -1.8263228178e-01 1.3945267663e-01 2.5520166417e-01 -1.1874042538e-01 2.5105988872e-02 1.2009132435e-01 -9.8780623155e-02 -2.2014172288e-02 -9.2481013457e-02 -1.5209789177e-02 -2.5239807513e-01 -3.1043976592e-01 2.8371259065e-01 1.2038118724e-01 3.5838115868e-02 3.4872863305e-01 3.8093882574e-02 2.6916517184e-01 -7.9485329075e-02 2.5742378111e-01 -1.2635820060e-01 1.4893587599e-01 -7.0458455551e-02 -7.9691422604e-02 4.9794518283e-02 -1.0123587499e-01 1.6877694654e-01 1.3502438181e-01 3.8357090661e-02 -2.1284195408e-01 6.2470003137e-03
-6.4211032785e-02 6.6926160931e-02 -1.4970194791e-01 -2.5768870175e-02 2.2057705417e-01 -9.3659530438e-02 7.9905083051e-02 -1.6085252892e-01 -1.6527457657e-01 -3.6897942622e-02 3.0571967193e-01 6.1185445653e-02 -4.3204037888e-02 -1.6108527021e-01 1.7853877616e-01 -1.0729955959e-01 5.2088866703e-01 -1.6045721668e-01 1.7261529231e-01 2.8917752893e-01 -6.6198262056e-03 1.9309061835e-01 6.1172028995e-02 5.2621678879e-02 -1.0758221423e-01 4.8370760603e-01 -2.7600947283e-01 1.1223479233e-01 -2.0605831778e-01 -5.8029546943e-02 7.3992648265e-02 -1.4338750903e-01
-1.4158446550e-01 9.5181347356e-02 -8.3629551130e-02 -3.6947980189e-02 -6.3428669026e-02 -1.7155113042e-01 2.3310810844e-01 -2.9483535940e-01 -7.0203318687e-02 -6.4010522319e-02 2.6617512039e-01 1.5881882970e-01 4.0717399306e-01 -1.5212609739e-01 -3.4916826235e-01 -3.8520089107e-01 1.3275941538e-01 1.2655851353e-01 7.2179272244e-02 9.6143859959e-03 -2.0991317596e-03 1.0064220637e-01 -6.8523618262e-02 -4.6917624626e-02 -8.4159056856e-02 3.5924776927e-01 -2.3464298877e-01 1.8427981686e-01 2.5932975165e-02 -2.2792872560e-01 -3.0554004169e-01 -6.6391527023e-03
3.2236794176e-02 1.7570919844e-01 -9.7819244001e-02 1.9810929830e-02 2.9115618079e-01 3.7986328922e-01 -2.0614831922e-01 -1.4560293319e-01 -1.4240864066e-01 6.3345012613e-02 -2.4987927664e-01 3.7995059382e-02 2.7118983236e-01 2.0295915295e-02 9.6435757182e-02 1.5541037355e-01 -3.8630750200e-02 -1.5514314053e-01 8.8484672980e-02 6.0638570401e-02 -1.0771191903e-02 -1.9566799861e-01 -3.3290874734e-01 8.6388696278e-02 2.1449405164e-01 1.0464590847e-01 4.5469137188e-02 -2.5111899798e-01 -5.7169474218e-03 3.9804353731e-02 2.9085520834e-01 -2.3495180197e-03
2.1238777220e-01 -1.0255019367e-01 1.1259975526e-01 -4.3443018281e-02 4.0158481533e-03 8.9167612763e-02 9.6756904817e-02 7.4463540193e-02 5.8391511202e-02 -3.6492453556e-01 1.6011534050e-01 -1.2347186093e-01 -1.8119670149e-01 -1.9092170293e-01 1.2455177560e-01 1.6131914864e-01 -2.6235716197e-02 3.7307545703e-01 -7.6697016594e-02 -7.1191331214e-03 -4.4089593683e-03 2.3589854168e-01 -3.2672943693e-01 5.3219398149e-01 -3.9361170580e-01 -6.6499765127e-02 -1.6446897795e-01 3.4866978468e-02 1.0381024969e-01 -1.3933393650e-01 6.0351672584e-02 7.2881326555e-02
8.3977869731e-02 1.9096838642e-01 6.1856924215e-02 -1.0867014896e-02 6.3427516639e-02 2.7534837057e-02 2.8883143396e-01 8.1523765252e-02 6.4593807643e-02 6.1508787602e-02 2.7928589263e-01 -2.7947377440e-01 3.3433879638e-02 -2.1114263462e-01 -4.2141651197e-02 2.3361114167e-02 -3.5277253391e-02 -1.1162580949e-01 -6.7352943052e-02 -1.6079952298e-01 -3.7693767025e-02 1.9075744730e-01 7.8833729020e-02 -7.7150629368e-02 -9.6165535065e-02 2.5570788465e-01 -1.4370517300e-01 1.2369214118e-01 1.6901794698e-01 -2.2302430869e-01 -1.0906224916e-01 1.4142551430e-01
1.4588923912e-01 -1.4265995187e-01 -3.0709222914e-01 -2.6780786851e-02 7.5823273956e-02 -1.3114818456e-02 -7.8602699050e-02 -3.2603779110e-02 -6.6882985909e-02 1.0076762435e-02 8.0584024306e-02 -2.2512627357e-02 6.4694156854e-02 -2.8826702589e-01 -1.5493772978e-03 -2.1085669622e-01 -2.5852681999e-01 1.0551248489e-01 2.1740064185e-01 2.5477386887e-01 2.3374472266e-01 -1.7113910065e-01 -4.5441361305e-01 2.5254255034e-01 -7.7219270358e-02 4.5718282666e-01 -2.7584775594e-01 -2.9197309392e-02 -7.2264106919e-02 -1.1433994443e-02 1.9853939457e-01 -1.6799436139e-01
3.2292880342e-01 2.3162419981e-01 -7.1289954255e-03 -2.6987242350e-01 -4.2521864112e-02 2.8106701517e-03 -1.5073531125e-01 2.2038759320e-01 2.3893468284e-01 -3.2410835960e-02 -3.0890854243e-01 2.4119188567e-01 -2.7214444913e-01 5.3238430797e-02 3.0702565743e-02 -1.3408217283e-01 -1.7088081172e-02 4.0821431934e-01 -2.3671534182e-01 7.1804139097e-02 -8.8088627605e-02 9.2883838614e-03 1.5386036016e-01 -5.2505184804e-02 -3.8414067881e-02 -2.1680390327e-01 9.3664640775e-02 2.1829455866e-01 1.7449194711e-01 -1.6975629490e-01 -1.2937756270e-01 2.2608501916e-01
6.0359190709e-02 -5.4591113233e-02 -4.2057192843e-01 1.9941834044e-02 1.9833825205e-01 -1.7388750093e-01 -3.7678999911e-01 1.6731983246e-01 -3.1795241315e-01 -5.5500695233e-02 1.9314427325e-02 1.0561544167e-02 -1.7003856914e-01 1.1011272724e-01 1.0422675178e-01 1.3808719258e-01 2.9797703232e-03 -5.7568637002e-04 -9.7666132760e-02 1.6834518841e-02 -6.9214856450e-03 -8.3734311789e-02 -6.6360714504e-02 -1.9200005703e-01 -3.3987778121e-01 -1.7917387553e-01 4.6763164374e-02 -2.8154024408e-01 6.8962565476e-02 -6.3503186623e-02 6.0666567855e-02 -1.6376644002e-01
1.1037824816e-01 -1.5144748604e-01 -2.6300058512e-01 -2.5732091089e-01 4.9818055003e-02 -1.3348116708e-01 -4.9279239449e-01 1.2675902298e-02 -1.0840831296e-01 -1.5438253491e-01 -1.6076832390e-01 -1.1802607073e-01 2.0619831483e-01 -2.5487155423e-01 7.7239738656e-02 1.1563696402e-01 -7.8785975089e-02 -4.4907545062e-02 7.2752076177e-02 1.1745923693e-01 1.9383385839e-01 -5.3759758132e-02 9.3941140788e-02 7.3451088647e-02 -3.0566853636e-01 8.0269890516e-02 -2.3384939273e-01 -1.9748796961e-01 6.5120642357e-02 -1.1666547064e-01 8.6351287982e-02 3.3675538711e-01
7.1766183528e-02 1.5894917255e-01 5.8559414157e-03 -1.2682630010e-01 -7.0591562781e-02 1.0918156847e-01 1.1033569654e-02 4.3755726020e-01 2.4189653889e-01 6.7930425848e-02 2.4092112417e-01 1.5257254578e-01 1.2499365215e-01 2.1235999162e-01 1.1830307383e-01 -1.9859587161e-02 2.1728942536e-01 6.5550659048e-01 2.7024565464e-01 9.9639062867e-02 -1.1351103044e-01 -1.6473157063e-01 2.7754900950e-01 -1.8748989675e-01 9.4581817856e-02 9.0558274954e-02 -8.2114195804e-02 3.9611198619e-01 -3.5847824126e-02 1.6205700468e-02 1.2952913590e-01 2.1729358635e-01
