-4.8157057854e-01 5.2407072322e-01 2.1928491579e-02 3.7833250934e-02 -1.2717073885e-02 7.1391121961e-02 2.9710042964e-01 2.8925364898e-01 -2.7420645520e-01 1.0585244513e-01 5.6210967001e-01 6.8516473145e-01 -8.7619811218e-02 -9.0662266644e-02 -2.6495873890e-01 -1.3997250286e-01
-1.3326712848e-02 1.1627377286e-01 -6.3653802707e-02 -2.8891835104e-02 2.3550114657e-01 -4.0544256924e-01 -3.0653314411e-01 1.8963871065e-01 -9.0234477572e-02 2.4682566017e-01 -5.1658394784e-02 -7.5854637224e-02 3.7539925722e-01 3.2451638255e-02 -8.8614358176e-02 -2.7909712654e-02
-6.0275869050e-01 4.0682264288e-01 2.4307504964e-01 -1.4144211940e-01 -1.7716668005e-01 1.8060505117e-01 1.0405522594e-01 5.5908788045e-01 5.0642643109e-01 7.0794661057e-03 -7.0506507140e-02 4.2951060675e-01 1.2242473473e-01 -9.1848665080e-02 1.1183345819e-01 5.0373202764e-02
-4.0074937791e-01 1.2983343602e-01 -5.6760464290e-01 3.2071897508e-01 -4.9806015249e-01 2.8017354542e-01 -1.7906778704e-01 1.5311662017e-01 6.1476403085e-01 -1.1382715366e-02 2.6953802074e-01 3.4075196186e-01 4.7396217687e-01 -5.0975517159e-02 4.4459668165e-01 2.2798792296e-01
1.1894934009e-01 -2.2630937110e-01 -4.5392700358e-01 1.3800080151e-01 1.5524218128e-01 -4.0226359710e-02 -1.2181563343e-01 7.8585089587e-02 -2.9454830240e-01 -7.5509108360e-02 2.6026627650e-01 5.1345958078e-02 4.0124564397e-02 1.3337903156e-01 9.0019515066e-02 5.9029477887e-01
1.5576633970e-01 -3.2262038537e-01 6.7466037255e-02 -1.5397593754e-01 -3.9076954590e-01 -1.6242257870e-01 1.4427936222e-01 -1.5743718535e-01 -1.0266254348e-01 1.3493234420e-01 1.2452612206e-02 -2.3579043516e-01 1.9026394620e-01 1.4638481091e-01 4.7633944954e-01 -5.7653502444e-01
2.3637650453e-01 5.3674949255e-01 -3.7995828012e-01 1.5473664347e-01 9.6914779668e-02 -2.2462160609e-01 1.7738081947e-01 4.0786851981e-02 -4.3835511201e-01 -7.4008434804e-02 -6.1607286325e-02 8.8160204590e-02 8.1800052135e-02 8.8028527790e-02 -4.5415561963e-01 5.0021754951e-01
3.1176241372e-01 3.0678518076e-01 3.1248976498e-02 -1.5472534642e-01 -9.2112069573e-03 1.7462111839e-01 -1.8203847125e-02 -1.8920160026e-01 2.8647585112e-01 -4.1069702449e-01 -1.1676608259e-01 3.3979330515e-01 4.2099078410e-01 2.5068220608e-01 2.8709195925e-01 -1.4800961359e-01
3.6098514634e-01 -3.2771029932e-01 1.6545295424e-01 -1.5740320549e-01 -8.4944615030e-02 1.6086686557e-02 4.5893266878e-02 1.7569261359e-01 3.3732203592e-02 3.6436089680e-01 -2.4011800710e-02 2.6596792825e-01 -2.9627375934e-01 -4.6208072909e-01 -3.1130504871e-01 -2.1690632654e-01
2.7954345269e-01 -4.2603315080e-02 -2.7928043435e-01 -7.2814761798e-02 -9.6933726458e-02 -5.4496449395e-01 1.7605513347e-01 -1.2145433113e-01 -6.7032988251e-02 4.9123938636e-01 4.5427260717e-04 4.0035907213e-02 -1.6961279438e-01 -9.2833849565e-03 2.1388475842e-01 1.0291839880e-01
1.1263180051e-01 6.6387143315e-02 4.0132317129e-02 -2.4407874403e-01 -5.0910715704e-01 -7.3736366801e-02 3.2270255009e-01 -1.7938229935e-01 2.0468637598e-01 -2.2345170194e-01 -2.7320511248e-01 -1.9097212945e-01 -4.2701257986e-01 3.5832243848e-01 -3.2516232642e-01 -1.6066374725e-01
9.0993174331e-02 1.7692027871e-02 -2.4795521854e-01 -7.6020954435e-02 1.7524995581e-01 -4.9858755843e-01 -1.5153337473e-01 4.6489455220e-02 -3.4071515780e-02 2.1679890629e-01 -6.7601661955e-01 5.4625240749e-01 1.0221787125e-01 1.1035693561e-01 -1.3130823457e-01 8.3841384960e-02
-1.9719554127e-01 -3.0067797037e-02 -2.4277663804e-01 -1.9036087312e-01 -2.5523443198e-03 -3.8572067796e-02 1.8230958611e-02 -6.6947919208e-02 -2.8605548590e-01 2.2048311825e-01 -3.1233356808e-01 2.0393728178e-01 1.1724755473e-01 -1.1549345634e-01 3.4154880339e-01 1.8840152229e-01
5.0396026067e-01 -7.1041169180e-02 -2.6104718390e-01 1.8762720177e-01 1.3236219488e-01 1.6584494027e-01 2.0442868292e-02 3.1014632466e-01 1.1324933157e-01 -2.6563328228e-01 -3.4051222648e-01 -3.4844370940e-02 3.9852792641e-02 4.9429185354e-01 1.3668955529e-01 -1.3498046364e-01
-2.8612798853e-01 -8.3214233354e-02 -3.6624002186e-01 3.9958309984e-01 -4.1843564802e-01 1.1786665919e-01 -1.4337994093e-02 2.0981346525e-01 -2.4968037889e-01 3.7643045037e-01 4.6309692063e-02 -1.6553340891e-01 -1.2529044965e-01 -4.8158264374e-02 4.5692303788e-02 1.1655218289e-01
2.7115975838e-01 -2.3352769565e-01 5.1716816683e-02 7.3475170619e-02 1.7682781140e-01 1.5521926608e-01 2.0908078719e-01 -1.6082741004e-01 -5.4894386236e-01 1.3549321961e-01 -1.0055956857e-01 -8.0773265569e-02 1.0360665682e-01 1.7274637902e-03 2.2766149180e-02 -3.5507313451e-01
