-9.9013482457e-02 2.2219937101e-01 2.2566600553e-01 -1.3109906673e-01 -1.9138765363e-01 -1.4267567431e-01 -1.1035141972e-01 -2.7261604491e-01 -2.4425666537e-01 2.0534935788e-01 2.3613031246e-01 2.1171164563e-02 -2.2779280272e-01 -2.2845858467e-01 3.9628729110e-01 -2.1816069240e-01 2.6102555307e-01 -5.0720750104e-01 1.1998843113e-01 -2.9772691853e-02 -1.8639283909e-02 -1.0568435766e-01 -8.9151439459e-03 3.2249088200e-01
-1.1073562141e-01 -2.2093458262e-01 -4.4560267191e-02 -8.3523012368e-02 1.8289702211e-01 -2.0283519719e-01 -2.3509230971e-02 2.4297620362e-01 2.7033239640e-01 5.5300485874e-02 -1.6351235285e-01 -5.1264570242e-02 -1.8662674125e-01 -2.0237761782e-01 2.2485937115e-01 -6.3184409671e-02 -2.2075140759e-01 -1.4055148797e-01 -1.8380842762e-01 -1.8926873170e-01 -1.3552595342e-01 -2.8164865416e-02 -1.5627192512e-01 -2.1260820596e-01
7.7695560013e-02 -1.8052731587e-01 1.1776007281e-01 2.1634230942e-01 1.0505736896e-01 5.1013230592e-02 1.3842125338e-01 2.4317540506e-01 7.2097156814e-02 5.8433245533e-02 -1.5336758975e-01 -2.2125218985e-01 -2.7964393796e-01 -4.1978035898e-02 4.8737633065e-01 1.9356557912e-01 9.4517897916e-02 5.1168574761e-03 -1.5877965096e-01 -7.7816634021e-02 1.7530363516e-01 1.9734770880e-01 -6.3556867301e-02 4.1554093454e-02
-4.4053043148e-01 3.1671039980e-01 -1.2230397902e-01 -5.3949974857e-02 3.6522903465e-01 -3.3636025547e-01 -4.4267739135e-02 -3.6079301123e-01 5.9190780115e-02 -3.3698056309e-01 -9.6022557727e-02 2.6794866960e-01 1.7924856167e-01 -1.2351484314e-01 -1.2923176276e-01 -1.6528800235e-01 -2.2219502638e-01 -4.0587747535e-01 -1.3545565674e-01 -3.7284356965e-02 1.0177557382e-01 -3.9656120149e-02 -2.2413313872e-01 -1.9202269366e-01
4.2391417638e-02 -3.9982713792e-02 -2.0899274284e-01 8.5869730856e-02 1.3806732238e-01 5.0356630838e-02 2.3063744673e-01 -1.0613858490e-01 1.4160835578e-01 -2.3688480248e-01 1.3839378275e-01 3.0470525830e-01 2.2461099549e-01 -1.7892232456e-01 2.3493588530e-01 -9.5459834738e-02 9.1551025009e-02 2.0311248759e-01 2.1895398741e-02 -3.5739601142e-01 -1.6714713094e-01 -4.4331354542e-01 6.5957937608e-02 -2.4630042451e-01
4.3264383810e-01 -1.5261469984e-01 -1.8678111706e-01 2.6825244513e-01 -1.0415436023e-01 2.9153229539e-02 -9.0809560565e-02 -2.4493882204e-01 2.3761200410e-01 1.5919773633e-01 2.6050442030e-01 -1.9101155445e-02 1.7816899391e-01 -1.4861024238e-01 3.6197315680e-01 -1.1364218480e-01 3.1569328509e-01 2.7743540967e-01 -5.7413197259e-02 -3.8105905099e-02 -1.5884440543e-01 -2.3254218052e-01 2.3566704699e-01 4.6015706936e-02
-1.3738315347e-01 -4.3271066822e-02 -9.2305588120e-02 -4.5165239592e-04 -6.6265099938e-02 -2.0915411053e-01 -1.4300077280e-01 6.4680755537e-02 5.9852815177e-02 -4.3438252949e-02 -6.6953435609e-02 1.3625461858e-01 1.7270707016e-02 -1.4135224195e-01 2.0349913251e-02 1.3510181850e-01 3.2317980684e-01 1.1363524344e-01 2.0705958018e-01 2.4291824832e-01 2.1513382501e-01 7.1690304913e-02 6.4019079687e-02 9.9218036960e-02
-9.7987657732e-02 -9.6752049866e-02 -1.6203008812e-01 -2.8728338239e-01 -6.4554389152e-02 -1.5451987113e-02 -3.7667669495e-01 -5.0903525550e-01 1.2254860968e-01 3.8730835752e-02 1.8971403477e-02 -2.6776474646e-01 -1.6679145633e-01 -2.9162778738e-01 -2.4574748790e-01 4.3138637356e-03 2.4464555599e-02 1.0835639895e-01 1.6471414477e-01 -7.4609433755e-02 -1.9742399987e-01 -1.8071258189e-01 8.2957696119e-02 -2.2288017562e-01
-1.1821406410e-01 4.6052459590e-01 6.1314804599e-03 2.2374450128e-01 -5.9370655113e-01 -2.3834592493e-01 -7.4816144705e-02 8.2330357542e-02 2.0893584968e-01 3.6685225748e-02 4.2821354405e-02 -2.1925354462e-01 -2.3662133260e-01 -2.2742119505e-01 -1.7018334666e-01 2.9385301084e-01 4.0090958823e-01 -8.9269819750e-02 -3.7135549075e-02 2.6219459679e-01 -1.9767977875e-01 3.6428744819e-01 4.9293311050e-01 4.5700640975e-01
-3.1898013239e-01 1.6394082905e-01 -6.5918763235e-02 1.4060482981e-01 -4.1307692216e-03 2.5501304792e-02 -2.9024774316e-01 1.1750893392e-01 -8.6575301834e-02 1.5237757417e-01 1.7089313348e-01 -7.1539305282e-02 -1.2571758007e-01 1.3428091526e-01 -4.9074614768e-02 -1.8027025026e-01 -1.3246735973e-01 -3.6889880550e-01 1.7955282797e-01 3.0815027045e-01 -3.0505156829e-01 1.0482595265e-01 -2.5597197467e-02 5.9611782783e-02
1.7504498964e-01 1.7205628133e-01 1.5505845437e-01 -5.0648362521e-02 -4.4300655364e-02 1.0749425726e-01 -1.3138564850e-01 -1.3576376869e-01 1.3701638090e-01 1.7092142012e-01 7.3709807894e-02 1.8413169382e-03 1.6663755260e-01 2.6519682588e-01 4.5088317841e-02 9.6104984733e-02 -2.0866654988e-02 5.5141850034e-03 -2.1640284829e-02 -8.4433694496e-02 1.4347443322e-02 5.7157763790e-02 1.0398166332e-01 -2.7753876975e-01
-5.3406923497e-02 -7.8888452247e-02 -1.3756023134e-02 -5.7916959364e-02 2.3141762199e-01 1.9454068735e-03 4.0373587613e-02 -2.3641545078e-01 1.5024615772e-01 -3.3089890983e-01 6.8628173543e-02 3.8794545318e-01 1.1211791546e-01 -1.5726884961e-01 -8.3706145395e-02 1.7748231841e-01 -3.0114845772e-02 4.3800969489e-01 1.5197717985e-01 -1.0843051313e-03 -4.3434990396e-01 -1.3757550247e-01 -2.1609121923e-01 -1.8643416487e-01
-1.2546722916e-01 -4.1267637411e-02 1.7691271462e-01 -1.1714467936e-01 1.6669825232e-02 -1.1712525164e-01 -8.1942445144e-03 -3.4810196320e-01 -4.9090362457e-01 1.8896738818e-01 -5.9882747138e-02 1.8243071855e-02 -1.8614585080e-01 -2.8025767120e-02 1.8073313519e-01 4.8808752323e-02 2.6150013158e-01 -3.6513576218e-01 -1.5050288324e-02 -3.9207052260e-01 7.4742350764e-02 -3.8007617575e-03 -2.2348490772e-02 -2.2954893912e-01
1.2272816629e-01 3.7577848471e-02 3.2336578885e-02 1.4010050305e-01 1.0831331598e-01 5.8450926755e-02 -1.5098347803e-01 6.9025321498e-02 4.5923729363e-01 9.0937419493e-03 1.9934261541e-01 3.9190953203e-01 -1.9960675241e-01 2.4218549908e-01 -9.2486789220e-02 -1.3975630285e-01 7.0598025870e-02 8.9303973553e-02 2.5497768975e-01 5.2617736160e-02 9.9692121465e-02 -1.6462641029e-01 -1.5181898650e-01 1.9454710609e-02
-1.0312491243e-01 2.5152816900e-01 1.5811775937e-02 -1.9287791098e-01 4.4642564045e-02 -2.3038873053e-01 3.6709687683e-02 -1.6583631740e-01 -7.3928411600e-02 -9.6827526540e-02 4.0441821504e-01 1.5171615948e-01 -1.9080267828e-02 2.0197535653e-01 -1.1580429209e-01 -9.1547276826e-02 -4.0335165518e-02 8.5329712422e-02 2.1630532711e-01 5.9457316851e-02 -8.7719342785e-02 -1.2618585651e-01 -6.5255087800e-02 -3.2325387423e-01
4.7671193034e-02 -3.6709927204e-02 -8.5840805889e-02 -2.5648207232e-01 -5.0398767310e-02 1.1879751531e-01 2.0872926590e-01 -1.2217501348e-01 1.5797089290e-01 -1.4617171006e-01 4.0999171205e-02 -2.2176861153e-01 -7.4665040547e-02 7.8264463385e-02 -4.4323506787e-01 1.6521403867e-01 -1.0004956618e-01 -2.2635626251e-01 -2.0230213869e-01 -1.7127660209e-01 -1.0893974436e-01 -1.2310946515e-01 1.8409261652e-01 7.8244109442e-02
1.8794233667e-02 -1.2648459310e-02 -8.8246116770e-02 2.8031034584e-01 -1.5000357368e-01 3.9208370848e-02 1.8815608764e-01 9.9242269665e-02 -1.0663314773e-01 -6.3607277104e-02 -3.2908193738e-02 -4.3626456573e-01 8.6323186139e-02 -1.7124853906e-01 1.6718618360e-01 1.8492495427e-01 3.4963921422e-01 -3.2565032818e-02 1.1054059548e-01 -2.2057161067e-01 -1.8077835213e-01 -8.7118121464e-02 -2.9845343054e-01 -5.7866115721e-02
-1.1785456142e-01 1.8525343045e-01 1.7766857744e-01 1.8326132839e-01 1.5707932817e-01 2.7304911749e-01 4.9012069128e-02 -2.2959309463e-01 -1.7079443100e-01 2.5169295961e-01 -9.2038145652e-02 -4.2881353611e-02 -8.3256864785e-02 -2.7675481583e-01 -1.1328108555e-01 -1.5394601916e-01 -3.9461783362e-02 1.3352103147e-01 -1.0612923924e-01 -1.7527579237e-01 2.5414719755e-03 -3.0425008709e-02 1.3270705696e-01 -1.3768612459e-01
1.6516650587e-01 7.9785250674e-02 2.7220148388e-01 -1.7708906858e-01 -2.3159847026e-01 2.6891387064e-01 -6.6397661758e-02 1.7599945426e-02 3.2362245054e-01 3.2537062933e-01 1.8597848035e-01 -2.7549738402e-01 -4.0194736521e-01 -1.3592770962e-01 2.2049794441e-02 4.4512470880e-02 2.0934797157e-01 7.4060074573e-02 -4.0388606204e-01 -1.8503945163e-01 -2.9502217066e-01 2.0675437136e-01 2.4630203959e-01 -6.3654606594e-02
1.2309847890e-01 -5.6641334194e-03 -2.1340439654e-01 -1.9949262599e-01 2.9219455513e-02 -1.8248103350e-01 -9.4936829693e-02 -3.1677430272e-02 -3.3382777747e-01 1.7837328841e-02 7.4429164780e-02 -5.6205530167e-02 5.3323636131e-02 -1.2799840386e-01 1.2605865821e-01 -2.6541076373e-01 3.8812771929e-03 -2.1340987616e-01 1.3780706286e-01 -3.2223480717e-01 1.7859569495e-01 1.3058995222e-01 -9.9840725349e-02 1.9668316641e-02
1.7508346631e-01 5.8897808999e-02 3.3883339176e-01 3.2743694371e-02 -1.3545216004e-01 1.3620938677e-01 -8.6785820843e-02 1.5409630507e-01 -3.1871557768e-02 -1.8913738601e-01 -4.9337087913e-02 1.6175341829e-01 3.6279476186e-02 -1.7745497244e-01 1.4982443411e-01 -1.4988141441e-01 2.9417949145e-02 1.3183927206e-01 1.0153678969e-02 -2.2150983526e-01 -2.0512486225e-02 -1.5867462117e-01 -2.0338935403e-01 -4.7701060023e-01
-4.1444123717e-02 -1.1637073039e-01 8.6552438804e-03 3.1775430899e-01 -9.1423923421e-02 -1.2228541960e-01 2.1827467626e-02 5.0715584315e-01 1.3621109757e-02 9.0550861940e-02 -2.1702756664e-01 2.9523524113e-02 -2.4182804439e-01 -1.0426941816e-02 -1.3425841668e-01 2.7384349339e-02 3.3742831416e-02 1.1913032124e-01 1.7050291035e-01 -1.6900389925e-01 -2.8513148957e-02 -1.3242473417e-01 3.2280917836e-02 -5.0133120570e-02
4.5612660892e-01 -3.9783957146e-01 2.1041825032e-03 -1.6792475691e-01 -2.1558509753e-01 6.4543720572e-02 2.1928207129e-02 -1.8004838609e-01 -3.7972943092e-01 5.8666625083e-02 -8.7986789897e-02 -1.2129450156e-01 1.6217176047e-01 1.4080099644e-01 2.8878879265e-01 1.7319192143e-01 1.5267157843e-02 1.4637654761e-01 1.1476468250e-01 -6.0428440699e-02 -1.2468633979e-01 2.5600721763e-01 8.7948771977e-02 -6.6715185634e-02
2.8536134375e-01 -2.8804519383e-01 -2.1929033857e-01 4.5261566983e-03 2.6456572073e-02 -2.5395813054e-01 -2.7901793056e-01 1.8058434855e-01 7.1640400856e-02 -6.7884519699e-02 -1.7631939457e-01 -5.0523112953e-02 9.4937412171e-03 9.4704216556e-02 -5.9092438684e-02 9.8104741149e-02 -8.6493674066e-02 -1.6197487669e-01 2.0000746093e-01 -2.7888370986e-01 -1.8318003361e-01 3.3750986497e-01 6.6676770905e-02 -4.0345475507e-01
