-2.2355644092e-01 2.3115744964e-02 -4.1757744965e-01 7.9389924777e-03 6.0043220049e-01 -3.2627926686e-01 -5.3344237445e-01 -1.3832159694e-03 -3.3724584614e-01 -3.0496712640e-01 3.1583567102e-02 2.3182863761e-01 4.8412263986e-01 1.3559345438e-01 -7.4900117251e-01 -4.6407205479e-02
-3.3800209961e-01 3.0422035636e-01 2.2148877134e-02 -5.8592666982e-01 3.0515602967e-01 -2.6470640068e-03 2.8056242906e-01 -1.2493352343e-02 -1.6856688016e-01 1.8186537519e-01 1.1285281579e-01 2.7729132653e-01 1.4716898324e-01 3.2225946115e-01 1.0647767735e-01 1.0450976623e-01
4.0619641590e-01 5.2936258849e-02 -4.7308173701e-01 -4.4566938078e-03 9.4216092073e-02 1.6193645905e-02 4.4086051295e-01 1.2229676549e-01 1.4710312215e-01 6.2670473908e-02 -3.2114996012e-02 6.5199830292e-02 -5.0799805294e-02 3.2280204915e-01 4.1586757161e-01 -3.6391222456e-01
1.0459065358e-02 5.4578388954e-02 -9.2463866954e-02 -1.1248635271e-01 -1.5580402174e-01 1.3541113242e-01 -7.9845270164e-02 -2.3875949158e-01 -1.2257476137e-01 2.3826399357e-01 2.6947748315e-01 -1.3413126229e-01 -6.0461022767e-02 -1.3434817600e-01 3.0963003523e-01 -1.4148809228e-01
-2.7668678753e-02 -9.4163883653e-02 1.4909861816e-01 1.0759647234e-01 3.4311465089e-01 -2.6440848093e-01 5.6583242264e-02 4.2780781232e-01 -3.3234482696e-01 5.6771440509e-01 1.2563223828e-01 3.7980665007e-02 2.2169979882e-01 -2.4644859773e-01 2.7705127905e-01 5.0655280524e-01
-1.5768265551e-02 -1.3418859584e-01 2.2410539599e-01 -1.6228398511e-01 3.8590009844e-02 -3.6843924852e-01 3.1025516849e-01 -3.1732451949e-02 -3.4916388926e-01 -3.8328247567e-01 5.2863821953e-01 4.1885192113e-01 4.8307899314e-01 -2.2339114095e-01 2.2890837406e-01 -3.8519939313e-01
-3.6237726493e-01 -1.9858365619e-02 2.6132186268e-01 -3.8539288266e-01 -3.3270608205e-02 -2.7985548877e-01 -3.7855878219e-02 -2.3316543056e-01 -4.2187534496e-01 -1.4002779544e-01 3.8791246893e-01 -1.4668522608e-01 -4.5189222909e-01 -2.1064279912e-01 -2.5329945609e-01 -2.8090942035e-01
-6.4817965824e-02 2.9568570116e-01 1.2150524241e-01 -3.2282484995e-01 -2.6767560419e-01 -1.6734752571e-01 -4.0184057417e-01 4.1841958695e-01 2.9385189318e-02 -1.0609856744e-01 2.7748571811e-01 2.6376284821e-01 -8.7308442610e-02 -3.3257052990e-01 1.0157905815e-01 -1.9035810737e-01
-4.2307810616e-01 4.6018652214e-02 -2.6176500195e-01 4.6790295031e-02 3.1929169758e-01 1.4661444213e-01 -1.2289455539e-01 -1.6673846759e-01 5.8841155396e-02 -5.4389982673e-02 -5.7110716727e-02 -1.9527480119e-01 -2.2488824369e-02 1.7433392643e-01 -5.9024068557e-02 -2.5571895635e-01
9.0133745688e-02 3.6612453096e-01 -1.5654032607e-01 -3.0204063821e-01 -7.9594161856e-02 -3.9953748686e-01 -2.7264316025e-01 -1.6424897780e-01 -1.9501280282e-01 1.3023880938e-01 1.6843242566e-01 -1.0502420678e-01 -6.9510772739e-02 4.3780762148e-01 -2.3513502705e-01 1.0309736710e-01
2.5380670545e-01 1.9112134392e-02 -3.0305752713e-01 -2.0784149365e-01 3.2297949386e-01 -1.9819277650e-01 -3.6420378869e-01 1.0303814710e-01 -2.9390722033e-02 -1.9669203946e-01 -1.2520151887e-01 2.2852505453e-02 -9.3582335037e-02 3.6480087615e-01 2.0735335640e-01 3.4717212549e-01
-2.6136834278e-01 -1.4365244676e-01 -1.9494435194e-01 4.0736620518e-01 -2.6858893160e-01 -8.8425453500e-02 -1.9628710992e-01 5.9988932467e-02 -4.3531157990e-01 -4.4927725289e-01 8.2583807521e-02 1.7304200414e-01 -3.6041373215e-01 1.3821438168e-02 -4.6404529113e-01 -1.4147083449e-02
-2.1011646709e-01 -8.1489964656e-02 -1.9551693056e-02 1.5517081630e-01 -6.3055192214e-01 -3.9182741975e-01 8.4125681978e-02 3.2472421895e-01 2.3865655390e-01 2.4705597419e-04 -2.4993565182e-01 9.2447405589e-02 -9.7000761648e-02 1.7101517488e-01 2.5773735685e-01 -4.3472802757e-01
-1.1639547204e-02 -2.7782170724e-02 -2.3333611070e-01 -1.6895181210e-01 5.1447145765e-01 -3.7258112801e-01 -1.7619406774e-01 -1.2620070890e-01 -1.8173523807e-01 5.6781753462e-02 -1.2542361790e-01 -6.3116335347e-02 -2.5322074784e-01 -4.2583348918e-01 3.1056056025e-01 1.0830064366e-01
-2.8883084325e-01 -5.7117781698e-03 2.1158841142e-01 -5.3214196818e-02 2.6579373139e-01 1.4571705860e-01 1.8080029947e-02 2.3773915499e-01 -5.9725777007e-02 2.1395620813e-01 -1.8990771537e-03 1.5173608767e-02 -7.4260843051e-02 8.1176744473e-02 6.2931309183e-01 1.8232754687e-01
-7.8309491515e-02 1.5725290072e-01 2.9858499140e-01 2.8226447958e-01 2.1307809534e-01 2.5148287036e-01 -6.8863101796e-02 2.6698492798e-01 5.0198493539e-01 1.3779271083e-01 -2.2732050135e-01 -1.7314683736e-01 2.5462592697e-01 2.6212551870e-01 -9.2381466754e-03 -1.3818185800e-01
