6.8036563874e-02 1.8831302718e-01 -1.5520535966e-01 9.1520803225e-02 -2.6769035567e-01 -6.8751102068e-02 -1.6558696920e-01 -1.3880663235e-01 -2.1069933795e-01 6.3626482681e-02 -8.3503862814e-03 1.6559686563e-01 1.1486257164e-01 -1.5562720332e-01 2.2982046505e-01 -1.0512385820e-01 7.3866656414e-02 -2.5082989747e-01 -1.8875479048e-01 -1.8328487627e-01 1.0525349862e-01 -1.4021406827e-01 -4.1185982635e-01 -1.6230107577e-01 1.1488907357e-01 -2.1944504069e-01 7.2580668391e-02 -2.4284307138e-02 -2.1445112122e-01 1.4457856925e-01 1.3078394946e-01 2.6581086102e-01
3.1301479516e-02 2.1521785728e-01 2.1460362680e-01 2.8708662983e-01 9.6055945016e-02 2.3190587642e-01 1.2108625566e-01 -7.0728643929e-03 -1.4115295357e-01 -9.5107970319e-02 -1.2012350341e-01 1.0354324262e-01 4.7358589423e-02 6.8095024697e-02 1.8396484832e-01 1.4411450865e-01 -3.0552338107e-03 4.3048774518e-02 8.1401687527e-02 3.2727292261e-01 1.7200770581e-01 1.1462259946e-01 1.6438109113e-01 -1.0075944361e-01 2.0808516634e-01 1.3174305913e-01 -2.1119454444e-02 -1.6985396959e-01 5.0142144889e-02 3.5211577087e-01 1.2610737386e-01 -2.0581023748e-01
1.3617364354e-01 9.5423704192e-02 -3.0738589759e-01 -2.3146040210e-01 -3.3242620940e-03 -1.0638510625e-01 3.4847871046e-01 -1.9212911275e-01 -1.9426690622e-01 2.5792388916e-01 1.5826812105e-01 -1.9457977807e-01 3.4336658518e-01 2.4848959563e-01 -6.7712336843e-02 1.6108605687e-01 -8.4981118300e-02 -7.1473636799e-02 -4.2222214841e-01 1.3650771517e-01 -3.1216056628e-01 -1.5746672978e-01 -1.5610688603e-02 2.0039846155e-02 -8.1161979061e-02 1.7181146689e-01 1.9492449593e-01 2.2920909380e-01 -2.5047436645e-01 7.1584802852e-03 -1.3709072054e-01 3.2512590612e-01
2.5624153119e-02 2.8740112838e-01 7.5274429745e-02 8.0549122197e-02 3.4873811938e-01 -1.9636770024e-01 9.8604194992e-03 -1.0850953133e-02 -9.8549273465e-02 -9.5506727270e-02 -9.9758661041e-02 1.1548757238e-01 -1.9767262508e-01 -2.4290280598e-02 -1.1857165511e-01 8.3862965791e-02 8.4602362236e-02 1.4766913951e-01 -1.2573263231e-01 -1.5474773446e-01 7.2927807486e-02 2.8329514892e-01 -4.2908635948e-02 -9.2203524368e-02 3.0657011074e-01 1.8568579923e-02 -3.2265408012e-03 1.9400621167e-01 1.9925054426e-01 -2.6256620825e-02 3.2426997126e-01 -3.3343984777e-02
2.0871329739e-01 -3.7634423690e-02 -7.2015491448e-02 -2.2020211326e-01 -2.2448109456e-01 -1.0756900930e-01 1.9119306387e-01 -2.1752311182e-02 -2.7364022180e-01 5.5492341218e-02 2.8854493921e-01 -1.1467616339e-01 9.8862190905e-02 -2.0237156354e-01 3.6386878244e-01 -2.2344739419e-01 -9.9430555777e-02 4.5439331299e-02 6.8748546199e-03 -1.1581113338e-01 1.7947251950e-02 3.1790542886e-03 7.1927546512e-02 -1.8386600410e-01 -2.0699799473e-01 1.8059690640e-01 -1.0391753691e-01 -1.5740185373e-01 -2.1315030900e-01 3.8022869754e-01 -5.5166989046e-02 2.3066418065e-01
-1.1672937592e-01 1.7522646934e-01 -3.0269396439e-03 -3.3744744377e-01 -2.3024515424e-01 -2.0381654100e-01 3.8425342085e-01 4.5019240166e-01 8.8154988175e-02 -1.3801163567e-01 -1.3586804597e-01 7.7414374854e-02 2.5886170357e-01 7.2632064362e-02 -3.6863851564e-01 -1.1682122239e-01 2.1101254170e-01 -7.0023531430e-02 7.3467730493e-02 -2.7663299795e-01 1.0590538238e-03 1.7482678063e-02 -6.4458919699e-02 -9.0383417915e-03 -6.4580382596e-02 1.3663074775e-01 -1.5361948886e-01 2.1292291515e-01 -7.4562353618e-02 -4.2649644525e-02 7.5347629509e-02 -2.1791253006e-01
-2.6650780620e-01 4.2667211751e-02 -1.0712838267e-01 1.6332768981e-01 2.2132373669e-01 -1.0814683751e-01 2.4433768275e-01 1.0707515105e-01 -8.5940070080e-02 -7.0888727135e-02 4.4511426435e-02 1.0639105907e-01 -1.2513341175e-01 2.2632779052e-01 5.6408839646e-02 1.3525512208e-01 -1.1115783303e-01 -3.5917240772e-03 9.4947538034e-02 8.0440872056e-02 -5.8054952024e-03 -5.5556717195e-02 -8.7711917462e-02 -3.3354482989e-01 -4.3265687702e-01 1.8731475554e-01 1.1400446466e-01 1.1263145960e-01 1.0436717228e-02 -1.9181962405e-01 2.0571745596e-01 5.3176108059e-02
-2.0107791482e-01 -2.6323506864e-01 -4.7442891150e-02 -1.1071990844e-01 2.0543844991e-01 1.8028347427e-01 -1.4706644715e-01 -3.0259802946e-03 2.0082834508e-01 -9.4481260634e-02 -1.5892132245e-01 -7.0904146809e-02 -4.4112595259e-01 -9.6677439546e-02 1.8590238078e-01 -3.1261880984e-02 2.4943380848e-03 -1.1768374364e-02 -2.0688778432e-02 3.5661456976e-02 2.1688384156e-01 7.3289640803e-03 -1.6056203120e-01 -9.1418676217e-02 -1.3405920729e-01 5.4690123946e-02 -2.1125522682e-01 1.3920693553e-01 2.5944754752e-01 5.4311813057e-02 6.4490270992e-02 9.2679932905e-02
-1.4734144615e-01 1.3926074987e-01 -1.1923637032e-01 1.5424972565e-01 -1.4705852626e-01 -2.0874274000e-01 -1.3985267429e-01 -1.4266963612e-01 2.8278182931e-01 1.9430447887e-01 2.7499566845e-01 -4.9393887815e-02 8.3096293116e-02 1.3079357882e-02 2.3421130408e-01 1.3658632450e-01 1.7705226214e-01 -2.1119824481e-01 -1.1256968225e-01 4.2747278617e-01 -1.5151028880e-01 -1.7591257356e-01 -1.5645276884e-01 2.6599155374e-01 -1.4429357743e-03 1.7752408286e-01 6.7990789779e-02 -4.5693774720e-01 2.9163979973e-01 -8.9298940915e-02 1.0074743674e-01 -8.2588690910e-02
1.8566375472e-01 -3.6505772921e-02 -2.7841487825e-02 7.9879382207e-02 1.0685552602e-01 -1.2032522489e-01 3.1368707623e-02 -3.0853435780e-02 3.7421789500e-01 2.9372618241e-01 -4.8161479687e-01 -2.1482734193e-01 -3.6958220211e-01 -1.5477159100e-01 -2.4853932365e-02 -8.0566892763e-02 -3.1531909918e-01 -3.0151608651e-01 9.9558026640e-02 -1.1555508522e-01 2.2854550814e-01 3.8791827539e-02 -1.8413101591e-01 -3.0911723181e-01 4.4438457216e-02 -1.7852729291e-01 7.9147902538e-02 1.5321804498e-01 -2.0575879733e-01 -8.6450828213e-02 1.6921709365e-01 5.2228256161e-03
1.9760637527e-01 -3.6654383076e-02 -2.3638202292e-01 -3.2199133637e-02 8.1967893406e-02 1.9052469426e-01 -1.9411971156e-01 -2.1307478044e-02 -1.4314397684e-01 -3.2179943313e-01 2.4410890745e-01 1.0231272616e-01 -1.9366709139e-01 2.4066663555e-01 -3.7843923596e-01 7.9451983743e-02 -2.8536917849e-01 1.6068459944e-01 -2.4585037333e-01 3.1654390156e-01 -1.0157199208e-02 -1.2220094019e-02 9.7708128156e-02 2.8465024123e-01 -2.0173016109e-01 3.0675656391e-01 -2.0896036409e-01 1.6762844914e-01 1.1469318388e-01 9.0974607827e-02 -2.3309818163e-01 4.0863859968e-02
-1.8962879112e-01 -1.2347305844e-01 -1.1309135815e-01 3.4633995139e-01 -1.3683762157e-01 1.4855490851e-01 -8.3116199296e-02 2.4423346444e-02 -4.9012180469e-02 7.7435073123e-02 -3.7151064677e-02 1.2292762002e-01 3.1641256324e-01 9.3373455832e-02 -1.5594116353e-01 -1.4408282886e-01 2.8765311251e-02 -2.7414660435e-01 8.9582967072e-02 -6.1696111047e-02 3.5379788281e-01 7.9570727737e-02 2.1762713023e-01 -7.7238165383e-02 -1.5748794140e-01 -3.2951257120e-02 2.2200517442e-01 -1.9734561330e-01 1.0668806856e-01 4.9671507960e-02 -2.6400868222e-01 4.6831325437e-01
3.2945170345e-01 -9.9226844644e-02 1.2719756151e-01 1.1530651451e-01 -2.0744701915e-01 -4.0172502017e-02 -3.4629790058e-01 4.2988064654e-03 2.4516501103e-01 8.8761950161e-02 9.2882774733e-02 2.1484493960e-01 -1.4354868006e-01 7.3709911342e-02 1.8955794980e-01 3.1462455356e-01 -1.9914107238e-03 -1.2082841657e-02 5.4453496612e-02 -1.2758840940e-01 -3.0717019688e-01 2.7699332665e-02 2.4327345272e-01 1.2845778754e-01 -1.1755187335e-01 9.0492402132e-03 -1.7416948770e-02 -5.6952406994e-02 9.0481003542e-02 -1.1533579882e-01 -7.4849440883e-02 -3.2582326740e-02
1.8674032124e-01 8.4524273942e-02 1.2555279198e-01 -1.4086753467e-02 4.9434428038e-02 -6.4096812577e-02 -1.9201033076e-01 -1.8502732166e-01 -1.7753328082e-04 7.9520110673e-02 -1.4900980641e-01 7.4434781433e-02 -2.8726475951e-02 1.2235041150e-01 -2.1295468549e-01 -1.0382698833e-01 7.4626958760e-02 -4.8712930431e-02 -4.4330356726e-02 1.2071677344e-02 -1.2414022439e-01 1.5403015826e-01 -2.1807331174e-01 -1.8559769522e-01 1.9880642249e-01 -2.6284381644e-01 -2.4863877421e-01 1.6380058744e-01 -1.3085182124e-01 1.4546675316e-01 -7.7719566884e-02 -1.5054815582e-01
2.1338900909e-01 -2.7403958673e-01 -1.3958531597e-01 -1.4507843861e-02 2.4231510522e-01 -2.8912759347e-01 3.9932272619e-01 8.1892558812e-02 1.9032603541e-01 1.0541718853e-01 1.6861455359e-01 -1.8236828674e-01 4.8368778322e-02 -1.1379077036e-01 2.2649840799e-01 1.4605309326e-01 1.6031964004e-01 5.8253978071e-03 -2.4749724965e-01 -4.3902190868e-01 -1.0243798820e-01 -2.7089448946e-02 1.7177372941e-01 -4.0345552037e-02 -4.5189219377e-02 1.0134427361e-01 8.9373372587e-02 1.8835807053e-01 1.4194570216e-01 1.7800206224e-02 -2.4356202477e-02 -5.9156604789e-02
1.1531728865e-01 -4.2885613256e-02 -1.7610735084e-01 2.7076476172e-02 -4.2424693955e-02 4.4427768715e-02 -6.1864597197e-02 -1.2163657343e-01 -1.8220184674e-01 -1.3738743329e-01 -1.3309632987e-01 -1.1863796371e-01 1.6728455548e-01 -3.6152134936e-03 -1.2745191725e-01 1.4839213121e-01 -3.9004081988e-01 -7.4835553912e-02 -7.7049218398e-02 2.1647054762e-01 3.0670348705e-02 -3.7821859308e-02 2.4913571542e-01 -1.2553785987e-01 -2.8942307517e-02 2.5288414128e-01 -1.7640853338e-01 -9.7899649907e-02 -4.2976358846e-01 -1.0578859578e-01 -1.5473825363e-01 -5.6270245436e-02
4.9255750291e-02 -6.6514260311e-03 -1.7250541921e-01 1.2291464405e-01 -3.7981466873e-02 8.0791940834e-02 2.4279859750e-01 1.0710867644e-01 1.9079402866e-01 -7.9348344844e-02 1.2986339029e-01 -3.1763190735e-01 5.0117371472e-02 1.6845811262e-02 -1.6645583911e-01 -4.0883913470e-03 1.1175288195e-01 -7.0522074664e-03 -8.5602733480e-02 8.0743549573e-03 -3.3494045131e-01 -1.8184968681e-02 2.2958098008e-01 1.7206637205e-01 -9.1567638016e-02 -2.3219393484e-01 2.3756915742e-01 6.2094503567e-03 -1.4687061671e-01 1.4036264484e-01 6.0635989521e-02 1.4739587848e-01
-1.3291927132e-01 6.9476523377e-02 4.7919911910e-02 -6.8293239830e-02 -1.6611024533e-01 -1.2023772572e-02 1.5020135767e-01 -3.7953425627e-01 -1.2711371828e-01 -2.4186484283e-01 -3.9148616636e-02 3.1960330494e-01 -2.0475228268e-02 2.1887332462e-01 -1.5476869480e-01 2.2927625872e-01 2.3876797058e-01 -1.6630022972e-01 3.1782999831e-01 -4.4582994764e-02 -6.2441838394e-02 -1.2607988528e-01 4.4826376281e-02 -1.6721316683e-01 1.6941561288e-01 -3.6628251132e-02 9.0130846956e-02 -1.7297286695e-01 1.1315959338e-01 -4.5472000972e-02 -4.2162418419e-02 7.9795897121e-02
-1.9015030444e-01 1.5906311353e-01 1.8118963515e-01 1.1048989446e-03 1.0913180807e-01 -9.8065536904e-02 3.9748073620e-01 1.3043772586e-01 1.9502022902e-01 2.1430808304e-01 -4.9393877923e-02 1.5190859231e-01 5.4264707691e-02 -1.1461610528e-01 -8.3275038824e-02 -1.4236056731e-01 -1.6615736078e-01 -2.9758887233e-02 -1.1237680211e-01 1.2044657675e-01 1.3274050090e-01 -2.3404507912e-02 1.9065456039e-01 2.1681794683e-01 -1.9522201914e-01 8.7752164667e-02 -5.9331363769e-02 2.3071098537e-01 -1.0718036033e-02 -2.0213484443e-01 -2.0889478061e-02 -1.9780600034e-01
-1.1545582983e-01 -2.2357546452e-02 -9.2501615473e-05 3.9989559383e-01 3.4856857961e-02 -3.0763756103e-01 8.8702899424e-02 -2.9516899640e-01 -7.4331132080e-02 -1.4754856106e-02 -8.0207810987e-02 -3.0304569144e-01 -1.9811868058e-01 -1.9494383335e-01 3.4195394890e-02 8.1142221648e-02 3.8189005194e-02 -1.6931041114e-01 -1.5500081090e-02 8.7005234907e-02 2.9258299762e-01 -1.9418725383e-01 -6.7699014585e-02 1.2923383620e-01 -2.5531402260e-02 -5.0287804307e-01 -3.3254534578e-02 -2.4711985987e-01 2.0696699791e-01 6.0475573639e-02 -6.1437998228e-02 2.7890342176e-01
6.3521491297e-02 -1.7851587855e-01 -8.1884819052e-02 -7.4081259043e-02 -4.0559011126e-01 3.7165454046e-01 6.7577198111e-02 2.1831550909e-01 -1.7064863494e-01 -9.3012115073e-02 -1.8864157100e-02 -7.5230036834e-02 5.3694225447e-02 2.5756527885e-01 -1.4636081850e-01 2.1040144857e-01 -2.5702003957e-02 -3.2512657128e-02 1.4407519994e-01 5.3160773389e-01 -3.2095134226e-01 3.5695230367e-02 -1.2971572731e-01 9.6260831666e-02 -2.1230091320e-01 -4.3073536508e-02 1.1257736348e-01 1.9063159971e-01 1.2121952347e-01 -3.4239679887e-01 -2.7772688546e-01 -3.2469722551e-02
1.0814688648e-01 -8.6760249087e-02 7.1013407731e-02 -3.2310366964e-01 3.5271086779e-02 2.8519659426e-01 -5.2213099870e-02 -5.9481705684e-02 -2.3883529783e-01 -2.2194577213e-02 3.1573727465e-01 -1.8103728516e-01 -1.6065885274e-01 -3.6891130046e-01 -2.3458274270e-01 1.9120072956e-02 -1.6945395269e-02 -1.8999929703e-02 -2.5065926161e-01 -2.5451010408e-01 2.5786764775e-02 4.6408968055e-02 2.5518491910e-03 2.6965408558e-02 -1.3564807052e-01 2.6553283150e-01 1.7395634966e-01 -3.2405438346e-01 2.0889418070e-02 1.4118682120e-01 1.2132538630e-01 1.0699515554e-03
2.2532631257e-01 -5.6794437578e-02 1.1707962015e-01 -3.7053063172e-01 -4.7938475461e-03 1.5731894076e-01 1.6376732431e-01 -4.8597670649e-02 5.0514585509e-02 -3.6118885252e-02 1.0351914268e-01 2.4896572591e-01 1.9258977439e-01 -7.2549683054e-02 1.4629572051e-01 1.7931676404e-01 2.4695233132e-02 4.4426484494e-01 -6.6410867308e-02 2.7116886676e-01 3.6161445905e-01 1.9744702195e-02 -4.3546181476e-01 -2.3086573367e-01 1.1352968238e-01 -6.6565357843e-02 1.9756236833e-01 2.5133992202e-01 7.0921686131e-02 -2.1050054424e-01 -9.0256555107e-02 1.6897022365e-01
2.3399810465e-01 -1.9195520773e-01 2.7966648587e-02 -1.2783403084e-01 7.0618231359e-02 -4.7404315326e-01 -1.0441118281e-01 -4.3155981230e-01 2.0474902177e-01 -1.4668585942e-01 -8.2142740627e-03 -7.2793018758e-02 -1.4673752877e-01 -2.0773921070e-01 -2.0067031276e-02 1.8669492436e-01 7.4176604481e-02 4.1777209956e-03 -1.3852128404e-01 1.8362572246e-01 1.5813834113e-01 6.7918873739e-02 1.7854307479e-01 1.0430818723e-02 6.1201916988e-02 -9.0718075954e-02 3.3162749714e-01 -5.4047686524e-02 -2.2091696242e-01 -2.8501066140e-01 -2.6954441274e-01 -2.5836964679e-01
-4.1151962972e-02 2.1466711381e-01 -1.1041107091e-01 -1.6848878935e-02 2.9330526408e-01 1.7769916383e-01 3.7080717560e-01 7.3362333820e-03 -3.4040174238e-02 -2.5179778223e-02 3.2457121620e-01 -3.5868438041e-02 6.7232731766e-02 -2.5415945617e-02 1.8753920764e-01 9.5968897705e-02 -2.0107673148e-01 9.2929810703e-02 3.1089276124e-02 -9.0810286792e-02 -9.5837061391e-02 1.0407158206e-01 -1.2294612770e-01 -1.3871034307e-01 4.8421012006e-02 -2.9865979637e-01 -5.7714750536e-02 4.5293845700e-02 2.2378272916e-01 2.1354803543e-01 -1.8596325986e-01 2.2552137406e-01
1.2666991455e-01 1.6852976814e-02 1.4368876321e-02 1.1338413704e-01 8.2239399810e-02 7.0571154244e-02 9.0900042209e-02 2.1144066606e-01 -2.6910365773e-01 -9.2942245869e-02 4.1217243468e-02 -1.6546624726e-01 6.9934624255e-02 2.0812233698e-01 6.0131111603e-02 -2.4045489195e-02 -1.6528186710e-01 1.8391174698e-01 1.2891249678e-01 3.1894304513e-01 -6.4654108476e-03 3.6095208134e-01 3.1739620531e-01 3.8858048297e-02 -2.6694603357e-01 -4.3344419652e-01 1.8408404485e-01 2.0932088253e-02 2.0276883955e-01 1.6330227526e-01 1.9447746719e-01 5.0521582044e-02
6.7872818235e-02 6.2852757058e-01 -2.5809283814e-01 2.2404750953e-01 3.3690445319e-02 -9.4736269935e-02 2.9500804053e-01 -1.5561664019e-01 -4.9129106274e-02 1.6616029473e-02 -4.8515029342e-01 -8.0841624480e-04 8.4195139827e-02 6.0819410390e-02 -4.1870937729e-03 4.5812892375e-02 2.4018253545e-01 -3.9075737178e-01 2.2837934577e-01 -1.5496607001e-01 1.6896947771e-01 4.2355060659e-01 -1.9004689492e-01 -1.7021304664e-01 1.7506471942e-02 -2.2299160468e-01 -2.8426632341e-01 2.4028746966e-03 -8.3554804532e-02 -1.8322408133e-01 -2.5994690157e-02 3.2025165174e-01
1.6486308387e-01 1.7221607265e-02 3.3500233318e-01 -5.8887643779e-02 -2.8640309382e-01 1.0015036124e-01 4.4346722495e-02 -2.8821417876e-02 -2.1067250834e-01 -2.0228674508e-02 -6.8623388237e-02 5.9007906405e-02 -8.8151104905e-03 -7.8333691761e-02 -1.4541456424e-01 5.0452851860e-02 -8.1447132209e-02 2.7694397423e-01 2.8906234767e-01 8.0232144113e-03 -7.2573790535e-02 -5.7750304001e-02 -2.1140800886e-01 1.4895624871e-02 1.2877435191e-01 -7.8784889322e-02 -3.1941682981e-01 -2.9967671333e-02 1.2598662789e-01 -1.6537241160e-01 -1.3399791195e-01 -8.1008110824e-02
1.4279354450e-01 4.1634520711e-01 -6.1566592307e-02 6.3365075664e-02 2.4547490706e-02 1.0430093387e-01 2.5326996088e-01 -2.0152401373e-01 -4.8383562059e-02 1.2350090503e-01 -2.5225339933e-03 -1.6720571611e-01 4.0318265091e-02 1.0544894332e-01 2.1394666125e-01 1.2187997109e-01 -4.3554638758e-01 -3.0260666902e-02 1.2988424125e-01 2.5935700787e-03 -9.8520793889e-02 -5.7756900333e-02 -1.5143603672e-01 5.3941355155e-02 -1.4676094551e-01 1.9595645908e-01 1.4251238136e-01 -1.3153529563e-01 -1.9170583713e-01 2.3672570930e-01 8.3433171893e-02 -3.5461771996e-01
8.3890949396e-02 1.9346635269e-01 -3.0567730918e-01 -3.7024683204e-02 1.0298351253e-01 -2.6491935319e-01 2.0736363721e-01 9.2952904494e-02 1.4563651554e-01 1.5338298899e-01 1.4521749067e-01 3.3097801219e-02 1.1918656563e-01 -1.6207344678e-01 -9.0298786426e-02 -1.2577297046e-01 -2.0174715468e-02 -3.4029809308e-02 -1.4495911473e-01 -3.2248105938e-01 4.1996983258e-02 7.7374185903e-02 -1.5455518555e-01 -7.3731851492e-02 -2.7851839514e-01 1.7760593280e-01 1.2056127833e-01 -9.8377150664e-02 3.1845090359e-01 2.4620347582e-01 4.9931008075e-02 2.3790179653e-02
2.1028735150e-01 2.5183159695e-02 -4.2665853344e-02 1.6732152382e-01 2.6553279175e-02 1.0285709286e-01 -7.9049161647e-02 -2.8323141235e-01 -5.6135940154e-02 2.0982922385e-01 -3.1919296403e-01 -6.1464256308e-02 1.5549075697e-01 -1.9495198400e-01 -2.3411202779e-01 5.7538509181e-02 2.0108154546e-01 4.1789946420e-01 -1.5757159909e-01 1.1849734123e-01 9.0598409235e-02 4.3242153180e-02 -8.3494948622e-02 9.4946232292e-02 2.3063010700e-01 2.4996009196e-01 -7.4568623994e-02 2.1174814310e-01 1.3713760414e-01 2.0573853443e-01 -1.8873111316e-01 -4.4643632945e-02
9.4444438657e-02 7.2804993148e-02 3.0261647457e-01 2.7608717968e-02 1.2139032273e-02 -4.1549718672e-02 -4.1103549455e-02 3.2878787170e-02 -3.2385700581e-02 -2.0878502505e-01 -4.6785081124e-02 1.7908400743e-01 2.4299208188e-01 4.4835622123e-02 -3.2667287083e-01 1.2016797539e-01 1.6399475028e-01 -7.8806972128e-02 -3.8769956898e-02 -2.5295616768e-01 1.2090729767e-01 -2.1694278973e-02 2.6049315599e-01 1.3712458898e-01 1.2639086004e-03 1.5754969957e-01 3.6689074408e-03 -2.0063959586e-01 -2.1736482194e-01 1.2428794254e-01 -1.3586064819e-01 -1.1097765360e-01
