1.2350924333e-01 2.0073119768e-01 -4.3132242312e-01 4.2559910360e-02 8.2286686443e-02 -7.8786842468e-02 -3.7789833657e-03 -2.3591922392e-02 5.9183227752e-02 -6.1476283059e-02 -2.1260792236e-01 1.8918996033e-02 5.4584658533e-02 8.5465145200e-02 -1.9637705518e-01 9.4283053806e-02 -3.0712042932e-02 -2.4996282572e-01 2.9749838160e-01 -6.1951308739e-02 1.4205317923e-01 3.3705532903e-01 2.6586070045e-01 1.9557717439e-01 -1.0154370159e-01 1.1957760525e-01 -1.8346038087e-01 -1.0854385188e-01 -2.4347448737e-01 4.2278431447e-02 2.6713924730e-02 -1.1476889840e-01
-3.0901380504e-02 6.4164231702e-02 -1.0667199033e-01 -1.4276231758e-01 -1.2816810779e-01 -1.5174795781e-01 -9.4409319473e-02 1.0787929233e-01 -2.5232040969e-02 1.7118835045e-01 -5.6911549939e-02 -1.1802879584e-01 -2.5499182408e-02 6.9946807383e-02 9.8121674514e-02 -1.0906214274e-01 -7.5420996196e-03 1.5319209331e-01 -1.5627223537e-01 1.7645163633e-01 -9.5798377251e-02 -1.1566625787e-01 7.3789301506e-02 -2.9272755269e-03 -8.0135672602e-02 3.2900215906e-02 -4.8178108432e-02 7.1148265368e-02 -8.0369153919e-02 1.1396205902e-01 4.1975220462e-02 2.0850427307e-01
-1.8234271742e-02 -1.5117492347e-01 -6.6233214926e-03 1.8285059974e-02 9.2299018556e-02 -2.6432418399e-01 -2.7880704097e-01 2.6410774177e-02 2.1731763018e-01 -1.8891289625e-01 -1.0172574402e-01 -1.0927691665e-01 -5.6832152338e-02 1.8596699938e-02 -2.1264368659e-01 -4.6968484091e-01 -1.7257940147e-01 2.3745087644e-01 -4.8314100168e-02 2.2995619959e-01 -2.0670841101e-01 2.8774779588e-02 1.6742442709e-01 3.8217553481e-01 1.3296855659e-01 -2.9009970661e-01 1.8369641674e-01 -4.4162962179e-01 2.3814951221e-01 2.0228527440e-01 -1.0445798908e-01 1.7018653267e-01
-2.0598614707e-01 2.3302114801e-01 -3.1852573159e-01 1.6114401052e-02 2.0729545798e-02 2.3276193844e-01 2.5608801034e-01 2.2710753920e-01 2.4312282986e-01 -7.4094184340e-02 1.4147215720e-01 1.3408257994e-01 -5.9633802679e-02 -1.1815318097e-01 -5.3210261852e-02 -1.1719408030e-01 -2.1973211823e-02 -2.2459745473e-01 -1.1508282563e-01 4.3527422253e-01 8.4694040807e-03 1.5198090609e-02 2.5656462328e-01 -9.5569191761e-02 -2.2483791623e-01 1.5870504096e-01 6.9967730695e-03 -2.5838876899e-01 1.8996886341e-01 2.1050291440e-01 -1.3455159795e-01 1.2197451115e-01
-2.8494876334e-01 8.0495610285e-02 -1.3261971781e-01 6.9147919543e-02 1.8940430392e-01 2.7326521869e-01 2.0334624551e-01 -1.0525229883e-02 -3.2346142523e-01 4.1900177177e-02 1.3821404462e-01 -1.9865779059e-01 5.3170238946e-02 7.5241462950e-02 -3.4762735768e-01 6.8020149812e-02 -1.2557912957e-01 3.4001013983e-01 3.6742386290e-02 5.2580264197e-02 -2.2334848990e-02 2.2068167070e-01 2.3406402981e-01 5.5959358808e-02 -3.6296612422e-01 4.0718685978e-02 1.5479060376e-01 -1.0070984296e-01 1.7647967265e-01 2.0804406327e-01 2.5815709205e-02 -1.7340228228e-01
-8.7583588814e-02 2.0171439116e-01 1.8117457253e-01 -9.3158983368e-02 -3.3742664958e-01 1.5317350997e-01 1.9263705580e-01 -1.7905363304e-01 -1.5725234708e-01 -1.0583634903e-01 2.4488399709e-01 -4.4265459521e-01 -8.4353231353e-02 4.9082390156e-01 2.3870857500e-01 -1.0270293199e-01 -4.4998517375e-01 1.5179736325e-01 -7.0895393976e-02 -2.2580971514e-02 -5.7751152534e-02 -3.5507784113e-01 -1.1820594926e-01 -2.1498721522e-02 -8.3767561065e-02 1.2967860155e-01 1.8280788425e-01 2.1820914395e-02 2.6121855546e-01 -5.9847771143e-02 1.3086673632e-01 -1.9659956195e-01
2.0442293551e-01 1.2312202814e-02 2.3560065657e-01 -1.2338535566e-01 1.2284622074e-01 -5.4865928471e-02 1.4130756291e-01 2.5047631799e-01 -2.3505037209e-01 -2.1695523152e-01 -9.3510821115e-02 -5.4013737690e-02 4.0445138182e-01 -9.5667511062e-02 -5.9058834285e-02 -1.1995296120e-01 9.7162923219e-02 -1.2024016997e-01 2.6664602682e-01 -1.5219917566e-04 -2.4355520823e-01 1.7006198840e-02 -3.9416330088e-01 -8.3313774982e-02 -8.7247087956e-02 -2.8733534201e-02 -1.5225635026e-01 -9.5316999153e-02 -4.0296495535e-01 6.1479453121e-02 2.7926275144e-02 -9.9201487774e-02
1.2729545706e-01 1.2530621647e-01 -2.6629800247e-01 5.7241336897e-02 -3.0184302210e-01 -7.1504239991e-03 -5.9192611837e-02 8.9968229177e-02 2.4824204524e-02 -6.6962817006e-02 1.2059336660e-01 6.5593173625e-02 4.2572670338e-02 -6.0674616958e-02 1.7549732278e-01 -9.5880732382e-02 1.0269315933e-02 1.2969597528e-01 8.4776473832e-03 -3.3964862453e-01 -1.0662183170e-02 -4.6176241335e-02 2.3323161856e-01 -1.2147215956e-01 2.3213728469e-01 -1.2144431460e-01 -1.4962435404e-01 -1.2808006516e-01 -5.2487922246e-02 -3.0735692632e-02 2.9134076589e-01 -3.3758337732e-02
4.0353863290e-02 -1.7131743481e-01 3.0071131275e-01 -2.1409230399e-02 3.0494217727e-01 2.3531209964e-01 4.6724312275e-02 2.7745637119e-01 -3.1063788333e-01 1.8984737551e-01 -8.1108017182e-02 2.3035329805e-02 -2.0660493481e-01 1.7103994909e-01 -1.8074611437e-01 2.9714006955e-01 4.2680700811e-03 1.6240921985e-01 -1.5671474133e-01 -3.1015116295e-02 -5.1836722975e-02 1.0902872381e-01 1.7028944061e-01 1.8073834220e-03 1.9704558299e-01 2.3556490158e-02 -5.6739412017e-02 -7.1566903607e-02 -4.3994389901e-04 3.4358272810e-01 1.1493851930e-01 -1.0502070491e-01
-2.0064954954e-01 -1.6730603925e-01 3.6533083045e-01 4.9201055156e-01 -8.8605171869e-02 -4.9301526778e-02 -3.6001936599e-02 9.1360646601e-02 -2.1420321454e-01 2.2601630297e-01 5.3577513795e-02 1.2233015789e-02 -4.5772482499e-02 1.2278657587e-01 2.6837277976e-02 3.3267193427e-01 -8.0058257178e-02 -1.7389460393e-01 -3.0645845399e-01 4.1491062803e-02 -2.3237764451e-01 -6.0881492319e-02 -9.2699101873e-02 -7.9443975680e-02 1.3215458392e-01 1.6755664123e-02 -9.8221407792e-02 -1.7318665872e-01 2.4150789045e-01 -2.2816294265e-01 -6.9089384702e-02 -6.5234431552e-02
-1.2718977041e-01 -3.9807040869e-01 -1.6155634008e-02 -6.8700091969e-02 -7.9879299212e-02 3.4296742686e-02 -2.7219903708e-01 -2.3827440420e-01 -1.2960519935e-01 6.9755046941e-02 -9.8974008120e-02 1.8974395092e-01 8.1312048211e-02 8.3409366937e-02 3.1197581131e-02 6.9998489736e-02 2.3884883801e-01 3.6983995875e-01 -2.9299157146e-01 -1.4333406368e-01 -2.1708585278e-01 6.6858969470e-02 -6.7073400916e-02 -1.7824309319e-01 -2.3421439066e-01 2.9192812380e-01 -2.2722629401e-01 -4.0945834154e-01 1.0418182866e-02 6.5659483507e-02 -2.1149650223e-01 -8.6134516221e-02
4.1545017152e-01 2.2652327587e-01 3.0556224887e-01 7.9294033442e-02 3.4964231979e-01 -1.3894129687e-01 1.0714179963e-01 -2.0014448012e-01 -2.1812034112e-01 9.4984795421e-02 4.3378072065e-02 2.6324529937e-01 1.9070292206e-02 -9.1644264959e-02 -2.4188551436e-01 -1.5137002845e-01 -2.1086185917e-01 1.5794219515e-01 1.1672033485e-03 -2.5851870889e-02 2.1774736258e-01 -1.5507024346e-01 2.7761806473e-02 5.0862594903e-02 2.7973866785e-01 -8.1305495830e-02 -1.6959203918e-01 -1.8137476561e-01 -1.4280525037e-01 -1.9655141027e-01 4.0192196053e-01 2.5000795453e-01
-4.0630015532e-01 -8.2846404239e-02 -1.2466122105e-01 -3.6911001242e-01 8.3850629270e-02 3.3925183157e-02 -2.6502908320e-01 6.7007302961e-03 -5.1450423590e-02 -2.4453989547e-01 2.1408656168e-01 4.3994070208e-01 3.2256386766e-01 3.5516369168e-02 8.6503572082e-02 1.4328027195e-01 1.0894453181e-01 -1.0130667906e-01 4.1816661578e-01 -8.2017893751e-02 1.5289358877e-01 -1.1201561282e-01 2.6076852311e-01 -5.3460617316e-02 1.4482535723e-01 -2.7237636977e-01 -2.5144627537e-01 4.9164676457e-02 -1.3636417828e-01 1.3069901512e-02 1.8259593619e-01 -1.1635716325e-01
4.7515142031e-02 4.1794138334e-01 -5.6875225083e-02 -1.4184323587e-01 2.9466006962e-02 -2.6340861646e-01 7.5558976705e-02 -3.9134958787e-01 4.4692959399e-03 -1.6086627031e-01 6.8678730405e-02 2.2133688160e-01 -7.0272068330e-02 -6.2783401346e-02 3.0876633002e-02 1.4748799171e-01 3.6477019117e-03 -1.5877030531e-01 1.9553931075e-01 -5.0463736790e-01 -1.0687013957e-01 1.3919056407e-01 1.7909007591e-01 1.3558509339e-01 8.4932475391e-02 1.8799654325e-01 3.1900861279e-02 1.1840310815e-01 -3.5723138126e-01 1.0179812644e-01 4.1658729472e-02 -2.6384270937e-01
1.4867665513e-01 9.1625342244e-02 -1.4552849438e-01 9.9760983363e-02 2.8114028657e-02 8.1593587105e-02 -4.0687650904e-01 1.2264648399e-01 7.6536512796e-02 9.5854598263e-02 -4.4339951494e-02 -4.6967755993e-02 5.4615252650e-02 -1.4393396522e-02 -2.1985764825e-01 -5.1735349714e-02 -1.2110420052e-01 2.8195955670e-01 -5.9269387543e-02 -1.3483723592e-01 3.0269291834e-01 3.4056506498e-01 -1.8777334542e-01 -3.4398227206e-01 -5.6513488583e-02 4.6616937245e-02 1.0298904359e-01 4.4337412305e-02 -1.5709061476e-01 -1.3997867864e-01 5.8358815252e-02 5.5406915028e-01
-1.0244043967e-01 -7.8039669089e-02 -1.2979347070e-01 3.3518578930e-01 -8.6885566136e-02 -1.7682986316e-01 -8.6898200238e-02 -1.3453928339e-02 -2.8443579463e-01 3.2931456109e-01 1.5610021541e-01 1.4538462580e-02 -9.9184200202e-02 4.1617197755e-02 -1.5161894824e-01 2.9539013951e-02 8.1209368060e-02 1.4288530729e-01 2.5766962142e-03 8.4555486138e-02 1.3722910141e-01 8.4753425958e-02 -2.4126563142e-01 -7.6782731786e-03 8.2821592166e-02 1.3359585426e-01 -7.1011516509e-02 -3.7533759365e-02 -6.6621364337e-02 5.9103551117e-02 -4.4329747328e-01 1.5755383283e-02
-2.1969140246e-01 1.9745181400e-01 -5.3414980609e-02 1.2582754112e-01 -1.4485479479e-01 -3.3779927149e-01 3.3914773268e-02 8.9884170614e-03 -1.6088352351e-01 2.5363294434e-03 1.9958461821e-01 1.5823961437e-01 5.6070372384e-02 -1.8577430556e-02 -3.5828244603e-01 2.8597139828e-01 1.8868424477e-01 -2.0359453393e-01 -3.4312861807e-01 7.0146524042e-02 -5.5640461326e-02 -1.9149061940e-02 -1.6330633627e-01 -3.3987731573e-01 -1.0953106090e-01 -6.9059924208e-02 3.0437103570e-01 1.5402496980e-01 -2.3733502503e-01 9.8666623186e-02 1.8230129862e-02 -6.7269314484e-02
-3.2353079520e-02 1.0225644427e-01 -3.9731596395e-02 2.2816100659e-01 -3.1862886273e-01 8.3360137561e-02 -9.9745071306e-02 2.2021935690e-01 -1.4653750381e-02 -1.4639044904e-01 2.5959636285e-02 3.0571517130e-01 -2.1006791095e-01 2.0002755934e-01 -7.7530991284e-02 2.4093498525e-02 -3.0870887288e-01 -1.0919323833e-01 -2.5994068764e-01 -2.0546919790e-01 4.1831182238e-02 -4.9272695434e-01 -7.7371603360e-02 1.2130169004e-01 -1.4991785526e-01 6.8489464624e-02 -1.5010243147e-01 -2.8735986378e-02 1.3478162442e-01 1.1747087245e-01 -3.5177005542e-01 1.4677496218e-02
4.1209244944e-02 -8.3046792975e-02 -1.1955982005e-01 2.3681157585e-02 8.9951207343e-02 4.3773548143e-02 7.8075370092e-02 -1.0664842252e-01 -2.5413429247e-01 1.3529535976e-01 -2.0985178888e-01 -2.5386509939e-01 4.3598828182e-01 2.6425907045e-01 2.1262724339e-01 -2.5539411126e-02 -1.0000545665e-01 9.6757670018e-02 -2.0192321183e-01 -3.0244018933e-01 -1.4933458122e-01 -9.7429834490e-02 2.4723171084e-01 -2.1221809345e-01 -2.5000300092e-01 -6.7628815885e-02 -3.9012263883e-02 -1.7446056640e-01 1.8857507175e-02 2.5953972208e-02 2.1502251295e-02 -4.0886330145e-02
-2.0392434858e-01 -9.8205349674e-03 -4.0568757655e-01 -1.9459152317e-01 9.3343047784e-02 5.1474055819e-02 1.0474199369e-01 1.2857473429e-01 1.8018288338e-01 6.3813887686e-02 1.7371062151e-01 -2.2471410670e-01 7.8915877199e-02 6.9116590132e-02 2.8453510583e-01 3.8683691633e-02 -1.5816157256e-01 6.1576544620e-02 -5.0739167744e-01 1.3812146929e-01 3.1941711242e-01 3.4857141434e-02 2.4364944110e-01 3.6733686649e-01 -1.2113177960e-01 1.7078400868e-01 -1.8454957675e-01 2.1595113953e-01 1.5206321546e-01 -3.7786585001e-02 -1.4726864327e-01 1.3843675619e-01
-5.4395960632e-02 -1.2960539252e-03 2.6730406814e-02 -4.8357917677e-03 1.0872259584e-01 -5.6054015076e-02 -1.7610263603e-03 4.3547822815e-01 2.4453836605e-01 2.5460640933e-01 2.7670525937e-01 -8.4992187401e-02 4.0536006015e-02 -3.8381255518e-01 2.2701708049e-01 -9.7816192921e-02 3.0720854387e-01 3.8976719644e-01 -2.3454876591e-02 -4.7858641822e-02 9.0399352328e-02 3.5368935644e-02 2.5234750411e-01 2.9440546881e-01 1.5307243493e-01 2.2653558905e-02 2.7943740905e-02 1.0451657365e-01 7.2843639559e-02 -1.4717214537e-01 9.3839947194e-02 2.0180220866e-01
-1.0780405456e-01 -1.8460417657e-01 1.2777433791e-01 -1.0638838766e-01 -2.3676555239e-01 -2.0325718810e-01 4.4362153920e-01 4.3927472669e-02 4.0854482050e-01 -2.4448760058e-04 3.2712912036e-01 2.4387329768e-01 -1.5320308684e-01 1.5952562328e-01 -3.8539371925e-01 -1.2291194081e-01 -7.8128779218e-02 -1.3733256684e-02 4.4224259728e-02 -2.0426307356e-01 -7.1255281598e-02 -6.4471282990e-02 2.4534302834e-01 1.2272713586e-02 -2.2680569258e-01 -2.8426338446e-01 -2.7149963421e-01 6.4927801874e-02 1.4966828677e-01 4.1220390437e-02 -3.9360818005e-02 -2.1066225050e-01
5.9613741838e-02 -1.6808853696e-01 2.1052060248e-01 -1.9732481799e-01 -2.2680956677e-02 -4.1893562106e-02 -8.1234377952e-02 -9.6892787972e-02 -1.8209971338e-01 -5.7218603781e-02 -9.9103343408e-03 -5.8272707844e-02 4.5280952064e-02 -2.3766010498e-01 2.3243891180e-01 -4.5580557149e-02 3.2008667907e-01 7.0058849072e-02 -1.5402908012e-01 -1.9461210522e-01 -1.8267530073e-01 -3.3186738309e-01 1.9331607187e-01 -1.2709494481e-02 1.3247438791e-01 4.5999381944e-02 5.2025483952e-02 1.2110247537e-01 -2.3582501982e-01 1.1758664684e-01 -2.5443050522e-02 1.3038742391e-01
-7.5478265980e-02 -2.6720467459e-01 -1.6093882567e-01 2.7949113534e-01 -1.1104608351e-01 2.6950736574e-01 7.6689139828e-02 -1.3293334708e-01 -7.7582172352e-02 1.1108727679e-01 -3.0134100599e-01 1.8498138301e-01 -7.6372362726e-02 -3.0209344284e-01 -6.6844474834e-02 -2.1595760469e-01 8.8965358080e-03 -2.2398848123e-01 3.0174252218e-01 1.2502839996e-01 6.6633758991e-02 4.5050154818e-02 7.0058553196e-02 -2.7107687111e-01 -1.9639785612e-01 6.7857312046e-02 -1.8994510508e-01 2.9779890593e-01 -2.5878779564e-02 -6.5984176254e-02 -1.2856375501e-01 2.2186380206e-01
1.4046115152e-02 7.6200801814e-02 3.6533027244e-01 4.7594256164e-02 1.2404664292e-02 1.2408481498e-01 -1.5429175015e-02 -1.7787974481e-01 -3.1149156474e-01 6.1370531812e-02 -1.0039381668e-01 -1.6451075695e-01 1.0748074987e-01 1.9029259444e-01 -1.3709007926e-01 -2.4635761584e-01 -2.4809428077e-01 9.9456340550e-02 -6.9982863586e-02 2.2154149284e-01 -9.2746056332e-02 1.4950090037e-02 -9.5774844918e-02 1.8316446513e-01 -5.3634084343e-02 -5.6831320378e-02 4.6673184500e-02 -2.4982145369e-01 1.6601386178e-01 7.2024175046e-02 1.5737479462e-01 6.1995996831e-02
2.2524206862e-01 -1.2399881384e-02 -2.3353244548e-01 -1.2690999167e-01 9.7103365874e-02 1.9210323397e-01 2.0638168378e-02 1.5810658839e-01 1.4135503481e-01 1.4005841821e-01 6.3008468557e-03 -4.7120508486e-02 2.6303850362e-01 -1.2749626332e-01 -2.3196835685e-01 -6.4492143588e-02 -2.2599083661e-01 8.0532685709e-02 1.7621897925e-01 -7.4904029264e-02 2.2478214746e-02 3.8269909468e-01 -2.6317077230e-01 2.4043359370e-01 -1.3893847044e-01 -9.5534748631e-02 -1.1769481809e-01 9.9442437883e-02 2.0351796502e-01 -3.3669364709e-02 2.2526726714e-01 -3.6571332715e-02
6.9413268117e-02 3.6159286045e-01 -1.6016105600e-01 -1.0705211201e-01 6.5062397215e-02 -4.6645140077e-01 5.4745083395e-02 -5.2923221591e-03 3.0605414179e-02 -4.7398006049e-02 2.0617017527e-01 -3.8538619872e-01 -1.1439839301e-01 1.8955614529e-01 -1.9072666310e-01 1.5296839788e-01 -5.2111313743e-02 1.0540760745e-01 -7.6280526168e-02 1.2489380833e-01 -8.4767812480e-02 -1.8549682723e-01 -9.4349913009e-02 -1.4406900208e-01 3.3146746249e-01 1.5028175836e-01 3.7319116128e-02 6.8849528354e-02 -7.3854671437e-02 2.2193384885e-02 3.0258662007e-02 -8.5588859675e-02
1.0463309099e-02 -7.1807195183e-02 3.2630986419e-01 -1.6868843800e-01 2.1089492790e-01 -1.5901974590e-01 1.7023561873e-01 1.4091581298e-02 1.2041944576e-01 -5.0792360450e-02 -2.0879549234e-01 2.1388560266e-02 1.3153965810e-01 1.2611584775e-01 -3.7747474032e-01 2.8474687839e-01 2.4672036916e-01 3.7371058172e-01 3.7766292552e-02 9.0905177834e-02 7.4014553024e-02 7.3220956973e-02 3.1633095321e-02 -1.0985928909e-01 6.7880842998e-02 1.2495894421e-02 -2.5888370195e-01 -1.7150654099e-02 -2.3968272801e-01 1.0099699814e-01 -8.0606447158e-02 6.1924343522e-02
8.5953809507e-03 2.2050510161e-01 7.1505348613e-02 2.8304670025e-01 -2.9596292422e-02 -7.4197310898e-02 -6.7883957795e-02 -5.2700997117e-02 2.6026661949e-01 1.6270432948e-01 -1.1409716218e-03 2.6711875259e-01 -2.0738894290e-02 1.0846645904e-01 -6.7605404449e-02 1.0177786097e-01 -1.3573458915e-01 2.0420194224e-02 7.3777981246e-02 1.2785747628e-01 2.8198596338e-01 3.8942489668e-03 1.6774932872e-01 -7.7998301141e-03 1.1970694811e-01 1.8867281488e-02 -1.8958553185e-01 -2.9790577254e-02 1.4090771484e-01 1.3873873988e-01 9.6678007993e-02 1.6948343244e-01
-1.1581661815e-01 2.0691967779e-02 -5.2317931304e-02 -1.3501545535e-01 -2.3782666765e-01 -5.1533835793e-02 5.8523268299e-03 5.6313397381e-01 2.0475613843e-02 -6.0299634373e-02 -2.7413304996e-01 1.1868226319e-01 -6.2196676106e-02 2.0444618992e-01 -1.3533272060e-01 -1.3117173519e-01 1.0225695552e-01 8.2068800668e-02 -7.3358799934e-02 -9.9699601918e-02 4.3894331951e-02 -1.7073592559e-01 -1.9441976135e-01 -1.4014169825e-01 -1.2280628630e-01 -2.6484465615e-01 1.5380767551e-02 -1.2805222518e-01 -4.8772335415e-02 -1.5946762731e-01 8.1009446203e-02 -9.3218764376e-02
7.7469603842e-02 3.3384988581e-01 2.2136944376e-01 2.0086333168e-01 5.8764006750e-02 3.8139118430e-01 3.1359170185e-03 -1.2693995262e-01 4.7936053952e-02 1.4123581852e-01 2.0554946529e-01 7.5629522119e-03 -2.2443959697e-01 3.4551086923e-01 -1.8594607415e-01 -2.0135248696e-01 -3.0625877800e-02 1.4091331900e-01 -8.8709622803e-02 5.7279248177e-02 -1.0755910168e-01 7.5844495489e-02 2.8346095577e-02 1.5419235220e-01 1.2934340821e-01 1.9209770023e-01 9.2412530599e-02 -2.1259951951e-01 1.3803287097e-02 2.4947531612e-01 8.7680121766e-02 -2.5965642295e-01
5.6276367173e-02 -4.7313413282e-01 -1.8917822125e-01 -1.0195815021e-01 1.8370483383e-01 1.6589842026e-01 -8.2183640329e-02 3.1023655465e-02 1.1148380817e-01 -8.7866167559e-02 1.5485874805e-01 -8.9425289889e-02 -1.8961561150e-02 1.3796164099e-01 2.1245869491e-01 -1.0082583288e-01 -1.2283850115e-01 -6.6106414905e-02 -2.6980669526e-01 -1.0338160455e-01 8.0481931351e-02 -1.3377577868e-01 -8.9578197998e-02 5.7736299447e-02 1.6635864674e-01 -1.3493587582e-01 3.1628440870e-01 1.6807166234e-01 9.0410545629e-03 -5.0323682533e-02 -1.4045497860e-01 7.8414698020e-02
