4.4551184587e-02 -8.2229084452e-02 -5.8601163329e-02 1.5618296342e-01 5.3689363319e-02 -4.1948964354e-02 -9.5445528428e-02 2.0581689428e-01 -9.0804984043e-02 -2.2156424629e-01 6.8462675368e-02 2.3629965604e-01 4.1474490912e-02 -1.8990145564e-01 -4.5868311340e-02 -1.1890464352e-01 -1.1780123035e-01 -3.8378003273e-01 -2.5647907846e-02 9.3134003921e-03 -2.6185990277e-01 1.8729403889e-01 3.3482588415e-02 1.9294725970e-01 -1.9606183147e-01 8.8999006445e-02 1.0987664576e-01 9.1621588048e-02 -2.4900947378e-01 1.7339796116e-01 -5.7522551220e-02 1.6695545705e-01
2.3785126348e-01 -1.3426158846e-01 1.0499783535e-01 -5.5711798545e-02 -8.5426014453e-02 -2.6217482730e-01 -2.6534479771e-02 4.3287958717e-02 -1.1257166943e-01 -5.3193091379e-02 -2.1710017642e-01 2.3100202676e-02 -1.2938541863e-03 1.0353971286e-01 1.1371259885e-01 -1.0117462868e-01 -4.9196960955e-02 -2.3372156467e-01 1.8028858712e-01 2.7743031224e-01 -7.2540814200e-02 -1.0577072025e-01 1.3148583072e-01 -1.5187690602e-01 7.1126533907e-03 -4.6028818498e-02 2.3988524654e-01 -1.2399985937e-01 6.2591749153e-03 1.7586055005e-01 2.9748552128e-01 -2.9363984463e-01
-3.1114706266e-01 -4.8565800578e-02 -2.2144430352e-01 2.4497392676e-02 8.0773787108e-02 2.3175966841e-01 2.4730912947e-01 1.8693716695e-02 1.1240474995e-01 -3.1768456355e-01 -2.4515107010e-01 2.0468246158e-01 3.4721089618e-02 1.3442638316e-01 -2.5754148164e-02 5.2302902725e-02 3.4077775006e-01 -1.4241748789e-01 2.3763150009e-02 8.2175588527e-02 9.2865577399e-02 3.1106002560e-01 -1.0693978973e-01 -9.5661179037e-02 -9.4525323292e-02 -1.7359300745e-01 5.4275418533e-02 -5.3343964541e-02 1.5666605183e-01 -9.7150228694e-02 -1.3091144627e-01 8.2609526340e-02
-3.8295324594e-02 8.3654616684e-02 4.1725975141e-01 -4.7230712441e-02 -1.0518635834e-01 -4.3992063541e-02 2.1220720642e-01 -6.3109968662e-02 2.5088051699e-01 -9.9040990031e-02 5.7223586841e-02 5.0314160284e-02 -4.2651630173e-02 -3.1452067555e-01 -4.9295864415e-02 -1.0041054978e-01 -7.3513396638e-02 2.1038508846e-01 -8.3795980155e-02 -2.2811842867e-01 -1.3657720431e-01 7.3615333313e-02 -9.2178941360e-02 -1.3501896728e-01 -1.9966051897e-01 2.7094075497e-02 2.5276467773e-01 3.9337678755e-02 -2.0727997500e-02 -1.4647853933e-01 -2.7039086076e-02 -2.9085818446e-01
-1.6869471107e-01 1.1848606620e-01 1.2396170538e-01 -6.8177985357e-02 -9.3479845886e-02 -2.7390171245e-01 7.4892248303e-02 -7.4938583210e-02 1.3432787648e-02 1.6863890048e-02 4.6045060216e-02 -3.8522614649e-02 -1.8004413964e-01 3.0566813882e-01 -3.3518345073e-01 -3.2142757843e-01 2.0095536719e-02 -1.5784234614e-01 -8.1740089985e-02 1.8013569781e-01 1.8079058256e-01 -1.6564445311e-01 1.2058867633e-01 1.0531725531e-03 8.4845909949e-02 1.7039867531e-02 -4.5011195242e-02 -2.1682068136e-01 -2.2898821052e-01 1.7184573112e-03 2.9899275771e-01 -9.1178690666e-02
1.6285776013e-01 3.5372432997e-02 -6.9278902829e-02 1.7913686648e-01 4.5084159472e-02 -2.5913620271e-01 2.7087526171e-01 -3.4135811043e-01 4.8829601054e-02 9.6182768784e-02 1.2144186408e-01 -9.2575182317e-02 4.8305983337e-02 2.2864250732e-01 2.1074562776e-02 -4.6252070419e-02 1.2535589053e-02 -1.9270222661e-01 2.0493433409e-02 -8.0051908189e-02 8.8924837581e-02 1.9684507042e-01 1.2731385401e-01 -1.5290365116e-01 -9.4472610021e-02 6.6728265311e-02 5.2938029789e-02 2.2872236084e-01 1.5189126203e-01 5.4758312219e-02 1.3828688447e-01 5.5604157969e-02
2.0937558958e-01 -1.1599164748e-01 -8.1063952692e-02 -1.5330232833e-01 1.4098449092e-02 -1.2683538211e-01 4.0100676187e-01 -4.3939811154e-01 1.0684817757e-01 -2.1324495850e-01 3.0821591506e-01 2.7515465122e-01 2.6788001165e-01 9.5786066451e-02 2.2145519173e-01 8.3554392810e-02 -1.8508870559e-02 -1.3560810070e-01 -1.5363991274e-01 1.2792901391e-01 -2.1313305344e-01 -1.3848677770e-01 -1.5185739844e-02 -2.4754377499e-01 -1.2174898991e-01 2.2001497208e-01 -5.4618695856e-02 1.7899402986e-01 -3.3945811759e-01 2.8021741950e-01 -9.5734991638e-02 -4.1433231889e-02
-1.5514760334e-01 1.4710308283e-01 -1.2708865225e-01 1.9967523582e-01 2.1504583430e-02 1.6209543303e-01 1.4292344081e-02 5.7623220837e-02 -1.3951281434e-01 -6.2711728933e-02 -1.1229001229e-01 -4.7011525436e-02 2.1975532793e-01 -3.5479231559e-02 2.3000181066e-01 1.6820478624e-01 1.6998911160e-01 -1.4085854360e-01 -1.2153934856e-01 5.0104713348e-02 6.5309600810e-02 7.0521191236e-02 -1.5960727620e-01 3.0656623285e-01 -1.2184528696e-01 -1.2122436491e-01 -7.9394445479e-03 1.8805559673e-01 -1.7835888429e-01 -3.9983573044e-01 -5.1089594716e-02 9.1646723165e-02
-4.1449379413e-02 -1.8084581344e-01 3.3573903542e-02 -2.3915321823e-01 -1.8891104840e-01 2.2675642630e-01 2.8473927968e-02 4.8166106112e-02 -8.1321641713e-02 2.1885109772e-01 -6.3019092312e-02 -2.6219949151e-01 -3.7631503192e-02 6.0777402698e-02 -5.7698892542e-02 1.5907666892e-01 1.0177355137e-01 -2.3136811393e-01 8.8099426923e-02 -6.0337804049e-03 -1.2873203379e-01 1.1371434250e-01 -3.0383978131e-01 -2.3134641769e-01 1.1622731965e-01 -1.6400515620e-01 -5.6623916559e-02 1.3239274829e-02 -1.8569184875e-01 1.1581532510e-01 -4.3972171416e-02 -9.5384680807e-02
-2.3013836717e-01 -8.0258009023e-02 5.8760458113e-02 -5.0844233910e-02 -5.6750069778e-02 -2.3599545631e-02 2.1270365144e-01 -3.2633981339e-03 4.8676899926e-02 -3.4340506050e-02 3.1611108918e-02 1.8002951402e-01 -1.9981016422e-01 3.0033505903e-01 -2.8391537723e-01 1.5897964828e-01 2.1464331981e-01 1.2519862004e-01 1.0177665457e-01 2.8184542862e-01 -2.3540510523e-01 -3.1525404877e-01 2.2681843573e-01 -1.4096961632e-01 3.9059311679e-02 -4.2426181014e-02 -2.0121265144e-03 -2.4093338086e-01 2.6447581758e-01 1.6319253073e-01 -1.1328431443e-01 2.3525028944e-01
-2.9151422175e-01 2.1489429610e-01 -3.1609816583e-01 -1.0997328162e-01 1.6641174560e-01 -2.0528809630e-01 7.2851355795e-02 -3.1365961212e-01 -2.7502253442e-01 -1.7265564772e-01 -3.8469812775e-02 1.3278470582e-01 -1.2611579430e-01 1.3315489447e-01 -9.1603991890e-02 -4.0522757976e-02 3.2769309837e-01 3.7127068629e-01 -3.4644858532e-02 -3.0855794165e-02 9.7368558578e-03 1.6309386532e-01 2.0617601026e-01 -1.7139673239e-01 -1.3707669549e-01 -1.2029419917e-01 -1.6394619940e-01 7.8547372429e-02 1.1147404443e-02 -3.8153070988e-02 9.4698704073e-02 1.7236306498e-01
2.9341368967e-02 3.4451053612e-01 1.3878794020e-01 -5.0595371122e-03 -2.8752277459e-01 1.3757075504e-01 5.7451004483e-02 8.2776387087e-02 -2.9592605763e-01 5.1230300067e-02 -2.9745969476e-01 -6.3590661117e-02 1.6159468787e-02 -2.0158726507e-01 -2.3842375257e-01 2.1092099348e-02 -1.3558004678e-01 2.0869893393e-01 -2.8053757608e-01 1.0262964750e-01 -2.5087471538e-01 -9.7598887920e-02 1.9250573945e-01 2.6313909549e-01 3.3692656705e-01 -2.7799181803e-01 9.5433171415e-02 -6.9709942356e-02 3.4676618802e-01 -3.2124432436e-02 -1.6741760961e-01 2.7637748276e-01
1.8304805095e-02 -9.6317306131e-02 -1.0966940118e-01 -7.4582610880e-03 2.4569856358e-02 -3.0734323731e-01 -6.9827382160e-02 2.0640976681e-01 1.7104076994e-01 1.7994871956e-02 -1.8854450685e-02 3.2206975391e-01 -1.4645890573e-01 3.0420918100e-01 1.0499395358e-01 -1.7371689952e-01 -7.3492358485e-02 -4.7439367741e-02 3.3165609094e-01 -5.6977684306e-02 1.9180201108e-02 3.0986032396e-01 -3.1551334765e-01 1.4365827752e-01 -2.6077656045e-01 -2.0434871221e-02 1.7044889460e-01 3.2902343960e-01 -1.1279726188e-01 1.6712492023e-01 -2.1267858661e-01 2.2576596720e-02
-6.2804371714e-03 -2.7884153094e-01 -8.3062280850e-02 -2.4175160299e-03 -2.7036319318e-01 2.3170025653e-01 8.2307646747e-02 8.1729205258e-02 -1.8299412613e-01 1.7173102003e-01 -3.4310639430e-02 -1.9684172878e-01 2.0688017613e-01 9.8484893977e-02 9.0642433040e-02 3.9704434075e-01 2.5142404280e-01 -2.0851301742e-01 -3.0004602257e-01 -7.4682781760e-02 7.0856873395e-02 -6.2253250432e-02 -7.2142599832e-02 -1.9030271951e-01 -1.1140032464e-01 -6.1522965567e-02 1.7211503227e-01 2.1473237838e-01 2.8309917771e-01 -2.8698957618e-02 2.2110138031e-01 2.0130732030e-01
2.7583075060e-02 2.0271495276e-01 1.3095395105e-01 -5.4473705840e-02 2.9990238258e-02 7.6495889844e-02 2.0059405135e-01 -7.3197279839e-02 -2.6055361826e-02 -3.4970271726e-02 2.5116659889e-01 4.6492880220e-01 -3.8768716346e-01 -7.7744077520e-02 -4.4890864889e-01 -1.1588329087e-01 1.8437604863e-01 -3.6514871497e-01 -1.8200015451e-01 7.4010062091e-02 -1.1758236191e-01 -4.1706595002e-02 -4.0159515952e-02 2.6043670345e-01 -1.3588331753e-01 -5.3256447538e-02 -1.9983826761e-01 9.1793254665e-02 2.9647277866e-01 2.3048465841e-02 -6.3068170017e-02 -1.5349259740e-01
1.8431851643e-01 4.3054405707e-01 2.9850876863e-01 2.0419847015e-01 9.1635142132e-02 -2.4864215853e-01 3.1445156469e-01 4.4357613517e-01 -1.7490966027e-01 4.4913324286e-02 1.4445708672e-01 1.7512932704e-01 3.9213426563e-01 2.1574481987e-01 1.2838777558e-01 1.4839206569e-02 -5.4953865453e-02 -1.7808025883e-01 5.8474552552e-02 8.4776003907e-02 -4.6453870314e-02 4.6812570745e-02 5.5410153635e-01 -1.7255449807e-01 1.2515258917e-01 -9.5902513817e-02 1.9769623997e-01 2.4132877733e-02 -2.3406129574e-01 5.0921075828e-03 4.0522448834e-01 -2.9156935572e-01
4.2826300009e-02 2.2011033347e-01 -2.2334877385e-01 -1.2793494827e-02 -4.5120682512e-02 -1.8424934272e-01 1.9376019151e-01 6.7966795337e-02 1.0986648987e-01 -2.6430873083e-02 9.5737771663e-02 2.2403616726e-01 1.4033792538e-01 -1.2709560122e-01 -2.8706612958e-02 -2.7896596709e-02 -4.7582117731e-02 2.5864493961e-02 -5.1632941025e-02 6.0623264358e-02 1.0588548806e-01 -1.5450098476e-02 4.1956702044e-01 -1.3113628208e-01 -5.0784367504e-02 -1.8847868436e-01 -1.3776543088e-01 -5.0192228197e-02 9.6521422798e-02 -3.0138718517e-01 3.6570439640e-01 3.5561922024e-02
1.4243018181e-02 2.2950321392e-02 4.1745904947e-01 -9.9846757759e-02 -1.1917808288e-01 4.5704162103e-02 -1.7736249391e-01 -4.5719329165e-03 -6.5082597819e-02 2.2764670769e-01 1.1971461478e-01 6.6774752896e-02 2.5174344184e-02 -3.0311922892e-02 1.3266989152e-01 1.9045470419e-01 1.1926957267e-01 -3.6854666193e-01 -1.5793063465e-01 2.9169242188e-01 -4.0885473594e-01 1.8033302226e-01 2.4866608380e-01 3.0778933053e-01 9.7776042717e-03 1.2469272802e-01 1.0762412813e-01 7.7877128244e-02 1.7581052957e-01 1.2307637056e-01 4.7084313388e-02 -2.1089646903e-01
2.2845485005e-02 4.3593431405e-02 2.9118974514e-01 -2.6522239102e-01 1.5437678878e-01 1.1521674427e-01 8.4243081744e-02 1.6885355991e-01 -7.9993622129e-02 1.7045896631e-01 -1.1429671722e-01 -9.6396950171e-02 9.6577077715e-02 -1.5908754819e-01 -5.5569591998e-02 -2.9929617916e-01 -1.0697414626e-01 3.5129395141e-02 -4.4849249242e-02 2.7211091824e-01 -2.3530507886e-01 2.8455152147e-01 6.3795328527e-02 1.0656911118e-01 -8.0599692112e-02 -5.5624371335e-02 1.5428981674e-01 1.3214102850e-02 4.2359416044e-02 -1.4832304750e-01 2.0925447162e-01 9.4292269778e-02
-7.4226235573e-02 1.4600501181e-01 -4.3601433289e-03 -2.5251885712e-02 -1.8565111195e-01 -2.8213221746e-02 -3.4233677952e-01 1.1839892930e-01 2.8057714292e-01 3.2978225974e-01 -3.7302237772e-01 3.2287977864e-01 -9.4346670743e-02 -2.8306256739e-01 9.5604095262e-03 -1.4061188912e-01 -2.5684350028e-01 -9.4230028190e-02 3.2275912989e-01 -1.2397521766e-01 1.8246512936e-01 -2.8487461842e-01 -1.3758636642e-01 -1.3707296619e-01 -6.8981709577e-02 -5.6198723763e-01 -5.4268017618e-02 1.8636093889e-01 7.2000431478e-02 1.6933159222e-01 3.9448049993e-02 -2.8906781355e-01
-8.4315987021e-02 -1.5406572774e-01 1.7721521548e-01 2.3035061280e-01 -1.8354863311e-01 -1.4680059460e-01 2.6741111477e-02 2.7259315410e-01 -1.0226593327e-01 -8.7052959026e-02 -1.4152855223e-01 -6.9308077097e-02 6.9575778459e-03 -1.3048889082e-01 3.5772269055e-01 -4.2161739059e-02 3.0976728223e-01 -2.3977930998e-01 -1.0657742822e-01 -2.3801396136e-01 -1.4596970769e-01 -1.2166131976e-01 4.9868177151e-02 2.1785493463e-01 -2.5948953792e-01 8.5909751227e-03 4.7510157958e-01 3.6322444060e-02 -2.5771367224e-01 3.0471697811e-02 -5.4273313093e-02 9.8266328765e-02
-1.1630965964e-01 9.7996258851e-02 2.7162863769e-02 -2.0101103039e-01 -1.5849417337e-01 -8.0382875272e-02 2.5942112582e-01 8.0884034094e-02 7.9842369821e-02 1.1747447038e-01 1.5103974286e-01 -1.6316471461e-01 5.9063074455e-02 -3.7196503191e-01 2.1961294920e-02 1.4755623482e-02 4.1633368231e-01 3.8360686105e-02 -1.0923326856e-01 -2.1549860017e-01 -1.5843490271e-01 2.5896322730e-01 6.9437278795e-03 3.6412342055e-03 -2.9594885941e-02 -2.0320055845e-01 3.4096016294e-02 3.2860362583e-01 2.8824567369e-01 7.5104492667e-02 -2.0235426947e-02 1.7543902541e-01
6.8481110338e-02 1.6444873519e-01 2.2150454737e-01 3.3243921679e-02 -8.6192542584e-02 -1.3046573865e-01 2.8181563778e-02 -3.2283111566e-01 1.4984482620e-01 2.7326598051e-01 4.8755909867e-03 1.7098735052e-01 1.3579275090e-01 2.1113420946e-02 2.8307252670e-02 7.0921680014e-02 3.0657849696e-02 2.4832369479e-02 3.6227549101e-02 -7.9417840733e-02 1.0533376730e-01 1.8446409136e-02 -2.0923505222e-01 4.3187702166e-01 3.4414043402e-01 -3.5497478394e-02 1.8819146041e-01 -3.7578368884e-01 -4.2992741589e-02 4.3794896089e-02 1.4804681900e-02 -2.8408227759e-01
1.5426633082e-01 2.0014690548e-02 3.3550866757e-01 -1.4886737010e-01 -4.2081122446e-03 -1.3096948242e-01 7.9651212514e-03 -1.1604597158e-01 3.0860858205e-01 3.3966758305e-04 8.0577085941e-02 -2.1079887976e-02 4.9231035189e-03 -1.6031827058e-01 3.8063718074e-01 -1.1552776731e-01 4.0762254819e-01 2.1046953851e-01 -3.9744634258e-01 -9.2292006552e-02 1.6786149330e-02 7.1329770992e-04 -1.0479446251e-01 2.1274449419e-01 3.3389453764e-01 -2.3072483191e-01 -1.6887932212e-01 9.7252490081e-02 -1.5290404759e-02 -1.6007994812e-01 -4.0568023729e-02 -7.6307707857e-02
5.9089976693e-02 -1.1859323278e-02 3.9719262261e-02 1.1469294690e-01 1.0592624121e-01 -1.3155400504e-01 9.7226553783e-02 2.1488081991e-01 1.0411308278e-01 3.9605000645e-01 2.7840628427e-01 1.2976059603e-03 -1.5388993535e-01 1.3597578952e-01 7.1535458677e-02 -2.1095076085e-01 -1.6198779956e-01 -9.6941606679e-03 -4.9615519345e-02 -1.9602287913e-02 8.3446025548e-02 3.4595214788e-02 1.0376336099e-01 -1.1870497955e-01 4.0564664531e-02 -2.3045869485e-02 1.0133949709e-01 -1.7956247316e-01 -2.4113549707e-01 -2.9017511947e-01 1.8141977281e-01 -2.4331762697e-02
3.7285669579e-01 1.9349160737e-02 2.1688052838e-01 3.2632398765e-02 -3.0442518176e-01 -2.4396139651e-01 1.0129916062e-03 2.8645987030e-02 7.5293475196e-02 1.1573940685e-02 3.7496047706e-01 3.9095447226e-02 1.1014863769e-01 -2.7381068824e-01 -1.2685840187e-01 1.2386159910e-01 -2.3217812965e-01 1.4174071166e-01 8.2309989640e-02 6.4655284587e-02 -1.4221585068e-01 1.5623474082e-01 2.1308235189e-01 3.8108860995e-01 -1.7448580957e-01 8.0396112016e-02 -1.1901627877e-01 1.3517159927e-01 3.8688909904e-02 1.5936700243e-01 1.3107528018e-01 -8.9625501139e-03
-5.1213526854e-03 1.0248159760e-01 -1.4655482014e-01 3.8713560668e-01 -3.7694640588e-02 -1.3185018886e-01 -1.6083873427e-01 -3.5639091502e-01 2.6565022731e-02 -3.4874939097e-01 -2.3479766463e-01 2.6596251498e-01 1.0105271263e-01 -6.2843325978e-02 -1.6615279371e-01 -3.5114242785e-01 -9.4421106461e-02 3.0562676830e-01 -4.8012312869e-02 1.8568087763e-01 2.3772925756e-01 8.9753364736e-02 -1.5712311844e-01 2.5149260358e-01 -2.6012639202e-01 -1.4640695809e-01 -1.3437044665e-01 4.8227024459e-02 3.9863080057e-02 5.4243635716e-01 -1.7973090345e-01 -2.0812104944e-01
4.1754071704e-01 5.6290031270e-02 7.1351293096e-02 1.4062666993e-02 -1.9157896622e-01 -9.2938615292e-02 2.0672774568e-01 3.8531502816e-02 1.2281460767e-01 1.1311787182e-01 -1.4802639204e-01 1.6284515448e-01 1.2253554022e-01 1.7101996905e-01 -1.3705537089e-01 2.4586982717e-01 1.8675553780e-01 -2.1350231592e-01 2.2898492118e-01 -8.2013010628e-03 7.0595774953e-02 2.3241817701e-01 1.7279519094e-01 -2.3127550828e-01 -3.2944292290e-01 -2.1077783172e-01 2.8092513776e-01 -3.3850940210e-02 -3.7056212791e-02 -5.5074921362e-03 4.5697695064e-02 1.2904744102e-01
7.7467168837e-02 -1.7739387198e-01 4.6650685071e-02 3.1084415636e-01 -1.5994916873e-01 -1.2388944303e-01 9.1837102829e-02 -2.1486628671e-01 -1.3268182636e-01 7.7511780289e-02 -7.6166759371e-02 -2.8475224307e-01 -1.3719515855e-02 -2.7855574886e-01 -2.5591235409e-01 3.1934545060e-01 2.9850978516e-01 -3.6907320862e-02 -1.6530807769e-01 3.4426873980e-02 -9.8111090602e-02 -4.7360535047e-02 1.8410137289e-01 1.5748012970e-01 7.1113482190e-02 -1.2448943468e-01 2.5465146274e-01 2.0482235101e-01 -5.4519233046e-02 1.1399512976e-01 1.9634384673e-01 1.4099611382e-01
3.1473097282e-01 1.9203232356e-01 -4.9495037179e-05 5.2047762106e-02 1.5371547020e-02 -1.9303164119e-02 -1.5271243474e-02 -7.8329174596e-02 -2.5842747761e-02 -2.9056291484e-01 -1.5094952634e-01 -5.4972890941e-02 1.8227971377e-01 -3.4042630571e-01 2.5075461259e-01 8.3878814021e-02 3.4721246395e-01 1.5882951163e-01 -1.1430107492e-01 3.4588594214e-01 2.5876145872e-01 2.0298176925e-01 -1.0829191482e-01 1.9601420233e-01 3.5566639837e-02 2.4743647337e-01 -3.6031003187e-01 -1.6833888947e-01 -1.7699049668e-01 -4.6009290337e-01 -6.4210531979e-02 -1.9320997442e-01
9.2600736279e-02 3.6408640127e-02 -1.2789384999e-01 1.3679356592e-01 -4.7579057709e-02 -2.3791586882e-02 -8.7049895179e-02 1.9295971736e-02 -1.5589640349e-02 1.3137249232e-01 -6.7618156674e-02 -1.1400133477e-02 1.2852109848e-01 2.3197006822e-02 -2.2593111832e-02 1.7512821671e-01 1.8171983344e-01 -2.3475795522e-01 -1.3951854898e-01 2.9150774071e-01 1.0261695602e-01 -6.8976888365e-02 5.5014885326e-02 -1.4392393964e-02 2.2281902542e-02 3.7665663893e-01 -1.6061002585e-01 -1.1474308647e-01 2.6661382520e-01 9.8548378150e-02 -2.0672524928e-02 1.1337448752e-01
3.4491457551e-01 -1.1962890445e-01 2.3191711146e-01 1.4492089536e-01 -3.0714166717e-02 6.9345477628e-02 -8.2777067616e-02 2.2576414240e-01 1.2206250376e-01 -2.9876543009e-02 1.0622924441e-02 -1.3986657602e-01 8.7944778097e-02 -5.4661335060e-02 -1.7285324834e-01 -4.2306176101e-02 -2.4304213499e-01 1.5833726691e-01 -8.5014937277e-02 -1.1954794998e-01 -3.3968429837e-02 8.0501110721e-02 -3.0228335181e-02 -3.1030649065e-01 -1.4009592261e-01 5.6739701166e-02 -1.8946074013e-01 -1.7697925005e-02 5.0431799629e-02 1.2241096367e-01 1.8791314400e-01 5.7167366990e-03
