-2.9252439180e-01
3.6401797523e-01
1.1019118937e+00
-1.3885972377e+00
-5.1032931168e-02
-1.3033903486e+00
-4.8016706764e-01
4.0634090538e-01
2.7749933904e-01
3.5805429484e-01
-5.6049463797e-01
9.7019587328e-01
-1.8061499581e+00
-2.4569261361e+00
-1.3378176856e+00
-2.4812004600e+00
-1.7162868067e+00
-1.8608639431e+00
-4.3691302733e-01
7.7568934081e-01
-4.5030867854e-01
7.4409658114e-01
1.4036522573e-01
-1.0700844957e+00
-3.6767313808e-01
-7.8612521654e-02
7.4852055251e-01
4.4643609178e-01
1.1325612979e+00
-6.6701981719e-02
-4.5986695755e-01
2.1209447328e+00
