-9.5107543014e-01
-1.4276405230e-01
-2.7007437841e-01
2.3511466884e-01
-1.2580738858e+00
6.7571626009e-02
-8.2357946768e-01
-1.1525543692e-01
3.4949182939e-01
-1.5485784161e+00
-9.1788757302e-02
1.7855619775e+00
-1.4178487798e-02
4.3789106977e-01
-1.1652856055e+00
6.4020121310e-01
1.4151762157e+00
-2.1720382014e+00
-2.1242787308e+00
2.1881251292e-01
-1.2917429069e+00
-5.2810139301e-01
-2.5184161039e-01
-8.0625608256e-01
7.1439900619e-01
-2.8059438927e-01
-1.2468064562e-01
-1.1417697403e-01
-2.6296316157e-01
-1.5962217039e+00
-8.2423731977e-02
1.9091483740e+00
-5.6671587504e-01
-4.2519719992e-01
-2.0677625347e-01
-3.8386667242e-01
3.8585189024e-02
-3.8369158119e-01
7.2012732104e-01
2.5314943814e+00
3.5339212827e-02
-5.4197722972e-01
-1.6896677614e-01
1.3556619191e+00
-8.7305585946e-01
-2.4677078552e-01
5.3221986203e-01
4.4625600130e-02
1.0444258997e+00
4.1178739467e-01
