4.6037287013e-02 1.8342267451e-01 -6.3774255637e-02 -1.7744161702e-03 1.2727318261e-03 -2.0658292240e-01 1.0225472794e-01 -1.7446403632e-01 -4.9228532999e-01 -1.4791403193e-01 -1.2158893024e-01 -4.5312204154e-02 -2.9326634552e-01 -1.0317238553e-01 2.8455947567e-01
-9.2321465996e-02 5.6369126842e-01 -2.1852998582e-02 -2.1531284292e-02 8.3022327032e-02 -1.9120021510e-01 4.1991193432e-01 -2.8186478786e-01 1.0836877540e-01 1.3690146265e-01 -1.3260012438e-01 -1.7512864185e-01 1.0936425878e-01 -2.0848658044e-01 -7.9222778301e-02
-5.1376069234e-01 -4.3613844700e-01 -2.5754158026e-01 -2.7333599015e-01 2.6342199539e-01 2.9780659031e-01 3.3476886276e-01 4.2610325753e-01 9.3219426646e-02 1.9298197410e-01 -1.9285407868e-01 -2.4056485193e-01 1.1596355526e-01 4.3343023814e-01 -2.1599109844e-01
-1.4622110002e-01 6.0377863135e-02 1.1696648795e-01 -1.5865787974e-01 -1.0686697018e-01 -3.2925557707e-01 4.5442607774e-01 -1.7557836663e-01 3.0557658366e-01 1.2338429118e-01 -1.0134673982e-01 -3.4377167710e-01 -2.8527737590e-01 1.4306232058e-01 -3.3154829298e-03
1.2379946398e-01 2.9493878367e-02 4.5536660094e-02 2.8428046762e-01 -1.4563178974e-01 -4.6721235170e-01 3.7733564752e-01 -9.6340994391e-02 2.8770647167e-02 2.3322798238e-01 1.7199698572e-01 -5.8175073215e-02 -1.3677950754e-01 2.1911378614e-01 -1.1354605284e-01
1.4632247289e-02 2.9746045257e-01 -1.8136165857e-01 9.7614101638e-02 -1.8417237318e-01 -4.0861805946e-01 1.3446976670e-01 1.0396764808e-01 1.6175291296e-01 -6.6135531905e-01 1.1597913660e-01 -2.9280284631e-01 -4.3656851024e-01 1.3057808705e-01 1.6656378341e-01
1.4770488317e-01 -6.8058320229e-02 -8.2490056198e-02 8.1489572489e-04 -1.3321062228e-01 -1.7608076140e-01 -2.0001262891e-02 -3.2152675967e-01 -6.1892506539e-01 -4.1754083854e-01 3.6788278683e-01 7.7182854444e-02 -5.1215796796e-02 -4.8416465958e-02 -4.0759140930e-01
1.1614331871e-01 -4.7283283247e-01 2.7227891341e-01 -1.6800262553e-01 -3.9287292417e-02 -1.9122770450e-02 -2.5970891346e-01 -5.5887812166e-02 1.8308274446e-02 -3.1893119972e-01 -1.4297099034e-01 -3.5403805345e-01 -3.8440820584e-01 -4.8695802060e-01 1.8240853769e-01
7.5290227422e-02 3.6505609113e-03 1.3698851793e-01 1.2302134570e-01 -6.8759785389e-02 -1.3575098025e-01 4.3073967419e-02 3.4764212275e-01 3.8297167013e-01 5.2996779535e-03 -1.3379204934e-02 -5.1580934054e-02 3.1989373791e-01 2.2574598830e-01 -2.0140855475e-01
1.6401433559e-01 1.1990360767e-01 7.3924163524e-02 -7.8412752972e-02 3.1289871512e-01 -2.8168233233e-01 2.2803617672e-02 1.7924250420e-01 5.4032138859e-01 -6.3347207648e-02 -4.0042353574e-01 1.9039843392e-01 -1.9232147790e-01 -4.5789068422e-01 2.7426912922e-01
3.4703278328e-02 3.3292035064e-01 2.3742233572e-02 -2.3622825451e-01 2.1896132877e-01 -4.6183855513e-01 -2.1496128878e-01 -2.1319317062e-01 -4.0446890995e-01 -3.9990591580e-01 3.7253462786e-01 -7.9252358219e-02 -1.4842611984e-01 5.0418314883e-01 -1.9114858729e-01
8.6181201007e-02 -1.3344199692e-01 -1.6281574383e-02 3.6178251773e-01 4.5753896362e-02 7.2266542455e-02 8.3026100248e-02 -8.3663114283e-02 -1.1105139454e-01 -1.1741616899e-01 -4.5915469848e-01 2.5896823171e-01 3.0424571663e-02 1.4794186220e-01 -8.7837045043e-02
-4.7838289399e-03 -1.5641164104e-01 -7.8612206825e-02 -6.3266665075e-02 -1.3833652286e-01 7.6112597082e-02 -2.2945449094e-01 -3.7399109448e-02 -2.9449752014e-01 -2.5110606325e-01 -1.0535615846e-01 -3.6640884915e-01 -4.3082104576e-01 1.0244684632e-01 1.7172123026e-01
2.5722204334e-02 2.6311928355e-02 -1.9950878665e-01 1.5296444543e-02 6.4708877465e-02 2.9420981526e-01 -4.0664472098e-02 -8.4515121137e-04 -1.3740795217e-01 -7.6607522272e-02 1.7593752493e-02 2.4698892480e-01 -3.3728577337e-01 2.5287145103e-01 2.5957772546e-01
1.1143079187e-01 5.3771663445e-01 -1.3158940034e-01 -2.9762656344e-01 1.6450870238e-04 -4.5336466105e-01 -3.5467993151e-01 -1.8304133635e-01 2.1547851738e-01 -8.9444066787e-02 1.5257636670e-01 4.0462828873e-01 -4.2508660269e-01 -1.4456233210e-01 -2.6741181411e-01
1.4887975468e-01 1.9058730308e-01 1.9954627568e-03 -2.5597275994e-01 -9.3519848262e-02 1.6744779257e+00 -1.1873490910e+00 1.4389523787e-01 -2.1788001183e-01 -2.5770026089e-01 -7.1999391765e-02 3.3409922653e-01 1.1741680524e+00 1.6369789233e-01 1.6058991188e-01
3.8927826869e-01 2.3751100952e-02 -9.5757608024e-02 -5.9389872419e-02 -2.0855841661e-01 6.0552963909e-01 1.6643320742e+00 6.3833257549e-02 -7.4364944464e-02 7.4252022339e-01 1.2556202629e-02 -9.1851877710e-01 1.4487470770e+00 -8.4867527230e-02 2.7306812774e-01
