3.9688513157e-01
-6.5333161004e-01
-9.0303264186e-02
-2.7296433602e+00
-1.1692567193e-01
1.2388955597e-01
-1.1806684125e+00
-6.9046636505e-01
5.6614523911e-01
1.0355088357e+00
-1.4440663112e-01
-9.2164768650e-01
1.3254278490e+00
1.2439867288e+00
1.0990856046e+00
8.2799283216e-01
9.0034347657e-02
1.6995237256e+00
-4.3435311533e-01
-1.1597113201e+00
3.3845713453e-01
2.1220085082e-01
1.9146132210e-01
1.2449338075e+00
1.0743883326e+00
-3.3917161265e-01
9.8907031956e-01
-3.8556856960e-01
9.8362591974e-01
-2.9212972496e-01
1.0991998111e+00
3.7002295612e-02
