1.9169943269e-01
-7.2940831103e-01
1.1451005908e+00
-1.2521123969e+00
-3.8165838441e-01
-1.4282025806e+00
-4.7287881547e-02
-2.9927078583e-01
-3.7128285221e-01
-1.6733822976e+00
1.6383435281e+00
-1.5393031406e-01
-1.9965194842e+00
8.8595858918e-01
-1.7183447714e-01
-1.9755315303e+00
-6.0803106752e-01
1.4267117008e+00
4.8727618733e-02
-6.3992495693e-01
-2.8636177446e-01
-1.2933177819e+00
2.6269600089e-01
9.0301238705e-01
6.5818755819e-01
5.2363171151e-01
2.3726220346e-01
-1.5942559195e+00
-4.2422336267e-01
-8.8714025982e-01
1.8175495808e+00
5.8319840920e-01
