-1.9389812504e-01 1.6439066068e-02 -2.0485151843e-01 -6.7569489294e-02 1.3114069070e-01 4.5164522544e-02 -6.1725483836e-03 -1.7824650622e-01 -2.7182686876e-01 1.0211516872e-01 -4.0229896292e-02 3.9245698447e-01 -5.7066128746e-02 -3.1266354624e-02 -8.8862610181e-02 1.3838874960e-01 2.0704287324e-01 -1.2380089617e-01 -1.2778681558e-01 -2.2332091726e-01 -2.8911913900e-01 1.4705486663e-01 2.0422910725e-01 6.3070666595e-03 2.5226641760e-01 -1.0530085698e-01 -7.5110214091e-02 1.9953497964e-01 -2.7947612923e-01 -3.7331935679e-02 -6.3999167533e-02 -4.8345080398e-02
-4.7338809716e-02 -1.1549029148e-01 2.9998540827e-01 5.9751409508e-02 -2.3483360007e-01 -1.2296810474e-01 -2.0729098213e-01 -4.9465143422e-02 2.1218273963e-02 -1.4720894625e-01 3.2972264367e-01 1.6616238025e-01 -5.5835925232e-02 -3.6888646595e-02 -2.0339160364e-01 2.9885738007e-02 -1.9960623990e-01 -5.0670760845e-01 4.1474985901e-02 -8.7695966786e-03 -1.7022718781e-01 -3.1320700816e-01 -3.9872392261e-02 -2.7950383943e-01 1.9480714430e-01 9.2996863871e-02 7.8379106646e-02 4.5663344018e-03 -2.3275024957e-01 1.1423238784e-01 3.0324636716e-01 -1.0391147111e-02
6.2780874587e-02 1.7476295907e-01 2.3700908073e-01 -1.8666380073e-01 -4.1797989817e-03 -2.7448344923e-01 2.8089164912e-01 -2.3629457335e-01 -2.5829394335e-01 -2.4092867286e-01 1.7859105930e-01 -2.5102466030e-01 -6.2277855720e-02 -1.2353972020e-01 -2.1099326539e-01 1.9124639517e-02 -1.7111375798e-01 1.0230726276e-01 1.4600697661e-02 1.9888098344e-01 1.2398878621e-01 2.5782745666e-01 -2.6554798594e-01 -1.4183970538e-01 6.0767810134e-02 -1.0515031867e-01 1.9951753221e-01 -3.8754553142e-02 -1.4695414543e-01 -6.9271180814e-02 -7.9022208022e-02 7.7497981659e-02
3.9993857082e-02 -1.9550607186e-01 2.6491692544e-01 7.7784203139e-03 -2.1374346919e-01 -8.6987850162e-02 2.1704397523e-01 -3.2416616400e-01 1.2371828849e-02 9.3945559819e-02 -1.0180701814e-01 4.5880500058e-02 2.2989140558e-01 1.1441366660e-01 -4.8887962223e-02 1.3803349623e-01 5.6599318214e-02 -1.1415508601e-01 -6.1650481137e-03 -2.3601297688e-01 -9.9441116677e-02 1.3752161030e-02 7.1199245093e-02 5.3708564366e-02 -1.5253470466e-01 -1.2942406169e-01 8.8383103726e-02 -4.4136802449e-02 -8.5356246000e-02 -6.5832162838e-02 -1.5497958982e-01 5.0418336442e-02
-2.6784424922e-01 -1.1569290258e-01 4.9073389642e-01 2.8840525360e-01 5.3573949849e-02 9.1122981454e-02 1.9833920244e-01 -7.5906930955e-02 1.7652976274e-01 1.4073232489e-01 2.6959383377e-01 7.3939634454e-02 -6.3034894990e-02 3.0402949180e-02 2.2373748335e-01 -2.7745546498e-02 -2.0821876251e-01 4.3102747901e-02 -8.7874857267e-02 -8.0431625933e-02 9.7157627401e-02 -1.2966530454e-01 2.1017371475e-01 3.9326168374e-02 -1.6865281532e-02 -1.2101033926e-01 -1.2421787005e-01 7.4661152626e-03 -2.9174966885e-01 -9.2372909158e-02 -8.6626638629e-02 -1.7585737704e-02
-1.7044031718e-03 -1.1357363313e-01 9.7229305774e-02 -1.1295621412e-01 1.5085073954e-01 -1.0227202143e-01 -2.5761174939e-02 1.5751461852e-01 -3.8710256460e-02 2.8398333781e-02 9.1331502936e-03 1.2652322230e-02 2.0293666242e-01 1.1633209491e-01 1.1427947047e-02 -2.7857814126e-01 -3.5071434889e-01 -8.3143769185e-02 -6.5616679380e-02 -1.8124175094e-01 -2.5502706133e-01 1.8826437766e-01 -3.0338452964e-02 -1.0492165748e-01 -1.0472200071e-01 -6.5386156979e-02 -3.0145407074e-01 2.6442752318e-01 1.0316101599e-01 -7.7146382013e-02 1.2926138260e-02 6.6653322826e-02
-2.3535335521e-01 -2.3151921693e-01 -8.3762153909e-02 1.3355242243e-01 1.0541190977e-01 2.5056839420e-01 -3.3452590168e-01 1.5608553384e-01 -2.0939090969e-01 -5.6676809518e-02 -2.0981300582e-03 1.2865267843e-01 3.5289464679e-01 3.5101642564e-01 8.1184653516e-03 2.5635313833e-01 -2.8418774569e-01 -2.5319223141e-01 -3.5429625798e-02 3.6076851681e-02 -1.1695634317e-02 -5.1001479671e-02 -3.7095980670e-01 -3.2751761328e-02 9.2902430279e-02 4.1214442475e-02 1.9930266521e-02 3.1039231731e-02 1.3842930012e-01 -2.1886993763e-01 -3.2686287454e-02 9.7330735553e-02
-2.6960893426e-02 -3.4329044070e-02 -1.3311403743e-01 -2.5758059668e-02 2.0824340423e-01 1.1120627376e-01 4.2132962920e-03 -8.7864008875e-02 1.8091416724e-01 3.7134860345e-02 2.3226686414e-01 -1.3308705934e-01 -3.5394786719e-02 3.0047138244e-01 1.1077392334e-01 -9.6315651386e-02 -7.6314286600e-02 2.8609726590e-03 6.7791117854e-02 1.7992193563e-01 1.3717108410e-01 -8.3470319312e-02 -1.2795060486e-01 -2.7339243991e-01 2.1338237692e-01 3.3166202251e-01 7.3301448056e-02 -2.5436508522e-01 -8.4057369269e-02 1.1443711911e-01 -2.3061727378e-02 -8.8881597714e-02
-8.7924157782e-02 1.0220814137e-01 3.4694096968e-02 -3.4206150354e-03 -3.7867600825e-01 -2.9379346058e-01 -3.5214471086e-01 9.9990422399e-02 -4.5104820418e-02 3.4279268201e-02 -6.9344097831e-02 3.3126299470e-01 -2.7863749464e-01 1.3762484267e-02 3.0675084342e-02 1.8228712144e-03 5.9318865984e-02 -1.2924948361e-01 -8.0021008869e-02 2.0402508288e-01 -4.0178301178e-01 8.7908806175e-02 2.4506104795e-01 4.2693111965e-02 2.9561256726e-01 1.1274230306e-01 -3.9881793583e-02 -4.7149685233e-02 2.3822919673e-01 -2.3013386197e-01 -8.7291575049e-02 4.7879897241e-02
1.3711469102e-01 2.8209141053e-01 -1.5774243675e-01 -1.5540842917e-01 3.1889549015e-01 -1.6175321449e-01 -7.7962419543e-02 1.3470510227e-01 2.2046266227e-01 1.2344169529e-01 4.6225203908e-02 3.3581274595e-01 -9.8937116116e-02 -1.4990519673e-01 -1.3531597943e-01 3.0624762986e-01 7.7681927624e-03 2.4554008207e-01 2.1982294863e-01 2.6159194185e-01 -9.7098555891e-04 -4.3078948837e-02 -4.4943557931e-02 5.0671837543e-02 1.8411423480e-02 1.1569333950e-01 3.2318245349e-02 -3.2020478019e-01 2.7437050992e-02 -8.0013471192e-03 -2.6546996657e-01 2.5819379553e-01
-3.3052376300e-02 3.3548668198e-01 -3.3502838427e-01 4.4690209062e-02 3.2843783326e-02 8.8597761611e-02 -1.5944080709e-03 2.1578972725e-01 1.1495064426e-01 2.1765212500e-01 -7.1203313127e-02 2.9272640883e-01 -1.1463307198e-01 -3.0830579440e-01 -2.0895208960e-01 2.4815410421e-01 2.3284367694e-01 -1.4024209491e-01 -2.4053590272e-01 -1.8765187752e-02 -3.9512765670e-01 -1.8314496893e-02 -9.8859942203e-02 -3.6522546357e-02 2.4899186543e-01 2.1675654614e-01 1.6246974255e-01 6.0038171602e-02 -1.5748313725e-01 -3.4611954709e-02 -1.1133434721e-01 8.5577291419e-02
-4.5025778039e-02 9.2628858343e-02 2.6547179869e-02 3.9971402174e-01 8.2452442818e-02 -2.3597653821e-01 -1.8860123801e-01 -2.0789481176e-01 -1.2747948514e-01 -6.8064086400e-03 1.1737886755e-01 1.2395372440e-02 -3.5361732553e-01 1.7569916470e-01 6.9027035912e-02 8.4582183996e-02 1.0051282376e-01 5.5464089573e-02 -5.5663427701e-02 2.1585668482e-01 1.0762115644e-01 -2.2091987559e-01 6.5194878299e-02 -1.7805276266e-02 -1.0338559786e-01 -9.9173533825e-02 -1.1717640631e-01 -1.0037067117e-01 -1.4026613207e-01 6.2532270055e-02 -2.1992313130e-01 -2.1933657784e-01
-1.3044412167e-01 -1.6248189714e-02 -6.0493090656e-02 1.2046622385e-01 1.9517169118e-01 1.0226841006e-01 -1.8602038910e-01 8.6459213120e-02 4.5926294232e-02 -1.9209883248e-01 8.4136243433e-02 1.9392107043e-01 1.4278001588e-01 -1.9685997096e-02 1.1199899133e-01 2.5610676676e-01 5.7327950397e-02 5.4133737887e-02 -6.6213861224e-02 9.8659479639e-03 -6.1698745156e-02 2.9648896334e-01 2.4707813567e-01 1.7599853927e-02 1.2822046837e-02 -1.1689636992e-01 -6.3485711360e-02 -2.6451943703e-01 1.3403162967e-01 2.2950579501e-02 -8.2864700708e-03 -2.7641249592e-01
-2.7514282918e-01 1.3608335161e-01 -2.7957599591e-01 6.3236985148e-02 -2.8645499452e-01 -2.1480595866e-01 2.5722789769e-01 3.7395332977e-03 -7.5251418657e-02 1.4815121946e-02 -3.7708051640e-01 -1.3210970029e-02 -2.2439381495e-02 6.3396102743e-02 -9.0452079073e-02 -4.0996009990e-02 4.6334497053e-02 3.6201144962e-01 -4.6602683235e-01 7.8233769289e-03 -1.7000541189e-01 7.1205601619e-02 1.3556986054e-02 -7.2371595906e-02 -1.7315208002e-01 -2.0355335733e-01 -1.6555692230e-01 9.7183180121e-02 6.9579434570e-02 -1.6571390748e-01 -2.1288549626e-01 -1.0728712132e-02
-2.6243723954e-01 8.0073834205e-02 1.5139358160e-01 -1.5460085056e-01 -1.7336329462e-01 2.4805859436e-01 1.8340811679e-01 -1.0238404447e-01 1.4300209638e-02 2.1878917355e-01 8.3753258452e-02 6.6515180646e-02 8.8798439692e-02 1.7888244579e-01 1.3294979940e-01 -1.1523480998e-03 -1.0802246187e-01 -1.4612814935e-01 -4.3729357964e-02 -3.4043887368e-02 1.2260662725e-01 -1.0189553826e-01 6.3125120865e-02 -2.2706653045e-01 1.1316323632e-01 4.5377466138e-02 -1.6409954697e-01 1.7875248540e-01 -2.3840488100e-01 -5.7509966224e-02 1.0814158250e-02 -1.9013123547e-01
-3.3941468456e-01 2.5199423940e-01 9.6748380497e-02 2.2430583710e-02 -1.3785499235e-01 3.1852500951e-02 1.3112012935e-01 -1.5030930658e-01 9.3277660455e-02 -2.8374109698e-01 2.0355423063e-01 3.3789870187e-01 5.9226972428e-02 -2.2182331656e-01 -8.9318315786e-02 -1.4965370013e-01 -1.1326738787e-01 -8.4862853377e-02 1.1335641199e-01 -1.1656589458e-01 1.0550684288e-01 -7.0534091475e-02 -8.1158378467e-02 -5.2239859636e-02 -2.5198303384e-01 -3.4801872127e-01 -2.2318755316e-01 -2.1330576184e-01 1.0545516771e-01 -3.9272975005e-02 -7.5433987495e-02 -2.1883765286e-01
1.9361026910e-01 -9.7085542103e-02 4.7003073143e-03 1.9164650684e-01 3.5024985701e-02 -2.9552951622e-03 -2.6295980290e-01 1.9783822805e-01 2.5710797935e-02 2.5724912638e-01 -4.9207570491e-02 2.6992034745e-01 1.5766478896e-01 1.0687636595e-01 8.6268547974e-02 2.0172986056e-01 -4.7524204162e-02 -9.4847469323e-02 2.2081259464e-02 9.9410133109e-04 -5.4206356458e-03 -1.1668237842e-01 6.5907479645e-03 2.1275364139e-01 -1.9263406550e-01 -2.1557149189e-02 1.2645316551e-02 2.8055716417e-01 9.3998988492e-02 3.2639742719e-02 -3.6283059723e-01 -8.0588237904e-02
2.0172315916e-01 9.5420996749e-02 -4.9297306757e-02 2.9558781571e-01 1.0317862469e-01 -2.4957882983e-01 -8.7583290038e-02 -9.4727617334e-02 -8.4727267009e-02 7.3335667411e-02 -1.8196515195e-01 -4.5226963692e-02 -9.4253615182e-02 -1.6017922880e-01 -4.6002728900e-02 9.6103101102e-03 2.1086532849e-01 3.9861071683e-01 -2.8368790657e-01 1.2687842451e-01 1.4784300018e-02 1.3054011152e-01 5.2421600608e-02 -3.6561289125e-01 -5.0651551402e-01 1.6549943099e-01 1.7623954463e-01 -2.3936652806e-01 2.1038546151e-02 -1.9685358166e-02 -5.9230603980e-02 -4.6075729744e-02
-1.9338175584e-02 2.2287714887e-01 -2.2685857541e-02 -1.0298790349e-01 1.8190502693e-01 1.8952925731e-01 -1.6797170279e-01 1.8755374456e-01 2.9864708312e-01 -2.3432250064e-02 -2.3072805172e-01 -9.1141490666e-02 -1.9138847380e-01 -1.2360747332e-01 2.9406707661e-01 -1.8356495804e-01 -7.5899188776e-02 7.8732722624e-02 4.2974228197e-02 -2.5845067785e-01 6.8998213341e-02 2.9173560350e-03 8.4789458719e-02 -2.3601844859e-01 3.4358640832e-01 3.2326767125e-01 -8.2867975801e-02 -9.4225255872e-02 6.9513441332e-02 1.4082784979e-02 -6.1979702449e-02 -3.2750081106e-01
8.1543597042e-02 1.5006065924e-01 1.3788705887e-01 1.8837394467e-01 -2.0415624328e-01 5.3729261318e-03 6.6274409640e-02 6.2348233144e-02 -1.5065333423e-01 -4.1385208012e-01 -5.3700646741e-02 2.6195787133e-01 6.3772448701e-02 -2.8000443523e-01 -9.9689465887e-02 1.8624718385e-01 1.9932025015e-01 3.3563606826e-01 1.5976712298e-01 2.1010454126e-02 2.2740048827e-01 -7.5654840238e-02 2.8476505230e-02 -3.5659073527e-02 -3.0608023031e-01 -4.9300920868e-02 -1.0780105414e-01 -1.6370213692e-01 1.2053596866e-01 1.7918734954e-01 1.6232278564e-01 -6.0375662022e-02
1.0538771643e-01 -2.0743078017e-01 -9.5411921029e-02 -5.1414486944e-02 -2.8585858063e-01 -1.1073308837e-01 1.7429851959e-01 -1.1319627979e-01 -4.1700693852e-01 3.6445810579e-01 6.5872937317e-02 -7.2278300466e-02 5.0548070323e-02 -1.4069205779e-01 -3.5586159760e-01 2.3780253362e-01 -2.9062546525e-01 5.0941853730e-02 1.3515173056e-01 -3.1699161780e-01 1.8542784328e-01 -9.4142556001e-02 -1.5940907216e-01 3.3760627627e-01 -1.0731038841e-01 1.0182279555e-02 -1.2508970631e-01 -2.3612893696e-01 -9.1102156334e-02 -8.8716813343e-02 -3.8702412187e-02 -2.6267605535e-01
-2.2169513568e-02 3.3887522463e-01 -2.0758690917e-01 -2.8393809667e-02 5.8217818020e-02 5.1336163797e-01 1.5874919543e-01 -1.2733877172e-01 2.1479790219e-01 -1.8048091456e-01 8.5092537145e-02 -1.1768342350e-01 -1.1983097088e-01 -2.4304359501e-01 -1.2933135050e-01 -1.3664746182e-01 -6.8946260252e-02 1.7236259807e-01 -7.5585132669e-02 -1.2616035997e-01 -2.0982331900e-01 4.2889799928e-02 -8.3389331567e-02 4.4890132889e-02 -2.4669544251e-01 -3.9197835971e-01 7.9038305366e-02 3.3112971075e-02 3.7913300832e-01 -6.2715886942e-01 1.4852554502e-01 1.1735162196e-01
1.9737033563e-01 -1.1509034623e-02 2.7173497084e-01 1.9099733502e-01 -9.7004205153e-03 -1.8361716045e-01 -2.4174729273e-01 -2.7015772341e-01 -1.3608050990e-01 2.8455676173e-01 2.5166254102e-01 1.9316604669e-02 -1.0148380898e-01 -6.7278828326e-02 2.1327700399e-01 3.9467218663e-02 -1.0972658459e-01 6.5189075199e-02 2.0523581781e-01 -2.0791500312e-01 -1.8468926262e-01 -8.8539675201e-02 -3.8266213447e-01 1.7527506646e-01 1.9003183547e-01 -1.1888248039e-01 2.5621849853e-01 6.8065589873e-02 1.2246964460e-01 -4.0314505463e-01 4.8177340470e-01 1.0470846190e-01
4.6363774122e-02 1.8529315798e-01 -3.4099572425e-01 2.0637102555e-01 -1.9894187730e-01 -1.7099908106e-02 -1.0894708252e-01 -8.5461961978e-02 -1.3329538016e-01 -4.1466410527e-01 -1.7105776876e-01 -1.9025512803e-01 -5.0073714322e-02 2.3906875812e-01 -2.2168660287e-01 -1.9682671925e-01 8.9612057531e-02 -1.2417294640e-01 7.3201245016e-02 6.6944980911e-02 7.8878485798e-02 2.6348399514e-01 2.0683863228e-01 3.5371643830e-01 -2.4434810198e-02 -2.5069927425e-02 2.4087295525e-01 -2.9861282737e-02 -8.8387432676e-02 -8.6544774454e-02 2.0539257799e-01 -1.3506799472e-01
1.5004554668e-02 3.2539824625e-01 8.4346988666e-02 1.1263081234e-03 -1.3819869285e-01 4.1566359686e-02 -3.9202350758e-02 4.4082596735e-02 6.8151960189e-02 -2.9209764256e-02 -6.4525818658e-02 6.4487670659e-02 5.3997185434e-02 1.4795575906e-01 -8.5148313620e-02 -1.5030555468e-01 -7.2061580911e-02 3.5061486050e-01 4.9255675788e-02 -1.0343615703e-01 3.0765466869e-01 -7.0870126325e-02 7.9386907524e-02 1.0848357468e-01 -2.1121878432e-03 -7.2347325944e-02 1.1929044137e-01 1.6970727245e-01 -7.7085759883e-02 -7.4745277513e-02 2.7067117226e-01 1.2486158443e-01
-9.9265383197e-03 -1.0749385470e-01 -1.0860617984e-01 1.9179902608e-01 8.9737454272e-02 -3.0120092801e-01 1.8813461922e-02 -7.1262140638e-03 -1.2721662458e-03 5.4750859964e-02 1.1018193758e-01 -1.1461343887e-01 -1.1004037147e-01 1.9584301278e-01 2.0308078704e-01 1.4168222972e-02 8.8935958123e-02 8.3379813141e-02 2.6713649045e-01 -3.4098247039e-01 3.2862611781e-01 7.2571108710e-02 6.4419183591e-03 -2.3934454879e-01 -2.7142894338e-02 -4.0474423646e-02 1.4624676814e-01 1.8819347982e-01 1.3960223746e-01 -1.5188944894e-01 -1.1405560174e-01 1.3045429878e-02
5.8265746898e-02 1.8231101797e-01 3.0284396742e-02 1.7522915355e-01 -1.9827017537e-01 8.4887946877e-02 -2.0903344206e-01 -1.7485441058e-01 -1.4835348682e-01 1.9153969447e-02 -6.5964518961e-02 -2.5752244369e-02 1.6417442841e-01 -2.9465535168e-01 -1.8108143961e-01 -2.1678918748e-02 -2.3798039546e-02 -1.0185991584e-01 1.1571259647e-01 -3.5592984620e-02 4.7680594872e-03 -2.6091885676e-01 3.3633353542e-02 4.7694454637e-03 3.3236935232e-01 -2.5696286679e-01 1.5138246362e-01 5.9497168882e-03 1.0675457257e-01 -6.4432973696e-02 -3.0530040630e-01 7.8284800893e-02
8.6226760942e-02 1.8374572365e-02 2.7458125014e-01 1.7182057932e-01 -3.5289488082e-01 1.0193481334e-02 -1.3417512324e-02 -2.0759358016e-01 6.3666951413e-03 -3.2011425484e-02 -7.4986844029e-02 -2.9786472843e-02 -1.3564627285e-01 -5.5371482075e-02 1.4725881321e-01 1.3168538545e-01 -2.3718571669e-01 4.0142740419e-02 -1.0495923177e-01 1.8145467760e-01 4.1960643502e-01 -2.1704902655e-02 7.6927181573e-02 1.0226382641e-01 1.1815576395e-01 2.1906357118e-01 1.4738489123e-02 -1.2825506925e-01 -1.7154051928e-01 -1.6205168972e-01 -1.1357443595e-01 2.2822883522e-02
-3.2307644978e-01 1.3594165527e-02 -1.9512392497e-01 3.1928241507e-01 7.1369620992e-02 -3.2901075937e-01 -5.2407695884e-03 1.7269581451e-01 7.6373145228e-02 -1.0106643458e-01 -2.5873445854e-01 2.3570758074e-01 -1.5143609960e-01 1.4705371841e-01 -3.0327559680e-03 2.1574129799e-01 1.9933751381e-01 -1.1163640749e-01 1.2821000710e-02 -2.3075679461e-01 -7.4106659874e-03 1.8624440829e-02 -1.0025672727e-01 1.6210517684e-01 -5.3921849211e-02 -2.0482626342e-01 -1.3441011030e-01 9.4376482453e-02 1.2525120099e-02 -2.5633961305e-01 -5.2775869681e-02 9.8248660599e-02
-1.1250517868e-01 -5.3689888516e-02 -3.9433195139e-03 2.6705371608e-01 -1.2159174678e-01 -2.4754411330e-01 2.0699509120e-01 9.9405131387e-02 -2.7377220153e-01 3.0037002149e-01 5.1932178853e-02 2.1207789003e-01 3.2464705737e-02 1.1188404462e-01 -1.3919501466e-01 6.2763979390e-02 2.6193693248e-02 -2.4335604708e-01 -4.2661235837e-02 -1.7621773336e-01 -4.4760005664e-01 -1.4784038871e-01 3.5606666648e-02 1.1519427570e-01 2.6235438286e-01 2.0648515109e-02 3.7754242011e-02 -6.1876043212e-02 6.9460737522e-02 -3.7224420776e-01 -8.0643265730e-02 -3.1978090120e-01
-5.1189969878e-02 1.6860834608e-01 -1.5626058659e-01 9.7869421296e-02 -2.0678519838e-01 -1.0286880745e-01 1.4309778371e-01 3.0052234482e-01 9.4029587350e-02 -4.1324501965e-01 2.4990030164e-01 2.8083854445e-01 -3.9508288321e-03 -6.1528301850e-02 -2.6688446103e-01 1.9014914637e-01 -3.4911030893e-01 3.2034240290e-01 -3.4360003204e-02 -3.3675719409e-02 8.9741845577e-02 1.1330434289e-02 -3.7306384677e-02 -1.1193952063e-02 -1.2338529626e-01 -1.0233921254e-01 -1.2018451019e-01 5.2758568182e-04 -2.0919086002e-01 -7.1870621999e-02 -1.1123185110e-01 1.0889881778e-01
-2.7288598538e-01 -1.1237822675e-01 2.6350922361e-02 -2.0693141547e-01 3.3697791951e-02 -5.2147887829e-02 -1.0731588437e-02 -6.4893739972e-02 -2.3158401273e-02 7.2643988398e-02 -3.2908286982e-02 -2.5701954360e-01 4.9100891211e-02 -9.2830956019e-02 -3.8900367987e-02 -3.3356252857e-01 -1.0338985994e-01 -8.6357255340e-02 4.8285842928e-02 -2.9203483075e-01 -2.0369432372e-01 -1.0350733327e-01 2.2698900743e-01 1.8777680605e-01 2.0980062285e-01 -3.2850708532e-02 2.2984179439e-01 -1.1506362874e-01 2.8446343171e-01 -1.7445369588e-01 -1.0036397369e-01 -1.4258178063e-01
