1.1434625007e+00
1.5908568862e+00
-2.0834054494e-01
9.9672539433e-01
-6.9368719465e-01
-9.1036965982e-01
-1.4490525515e+00
6.2863530846e-01
1.7152704651e-02
-4.4062189223e-01
1.4887718956e+00
-1.2623869978e-01
-6.2242052713e-01
1.3361593064e+00
5.7887909908e-01
2.6355511258e-01
1.6614993861e+00
6.1576184405e-01
-1.2184572756e+00
-8.4709202892e-01
1.5798651253e-01
-9.9190607137e-01
-8.1658514716e-01
-1.4578020482e+00
-1.2728831430e-01
-1.9210723667e+00
-1.2758683757e-01
4.7114806524e-01
1.3828865625e+00
4.9119008008e-01
1.2323253974e+00
-1.4351956371e-01
