-4.6455835532e-03 9.5191555956e-03 -2.3061250264e-03 -1.3271226233e-01 -4.1781569861e-02 1.2775534495e-01 -2.4168651376e-01 -2.0075915425e-01 2.8213007994e-01 2.3135560436e-01 6.2746015563e-02 -1.0075490866e-01 5.9752738280e-02 -2.5222376570e-01 1.8957333422e-01 3.5781153130e-01 -3.3555477486e-01 1.6345852092e-01 1.8134850729e-01 -2.1643727325e-01 5.9164327015e-02 -1.7865957851e-02 -1.7442654200e-01 -1.1925129089e-01
-1.0139603627e-01 2.2455012274e-01 -2.5279717614e-01 -1.9186098578e-01 4.4462071624e-02 1.5828535589e-01 2.6182056665e-01 2.5029433139e-02 2.0386389889e-02 9.0901426966e-02 -3.2809664164e-02 -1.4833194870e-01 3.5097008065e-02 -8.6699520467e-02 -2.2082461831e-01 2.3992800277e-02 -7.7117244617e-02 -2.4935317196e-02 -1.7323483957e-01 2.2145645606e-01 2.9031199445e-01 -3.4502775271e-01 1.9523778208e-01 -1.8069376163e-01
2.7383078953e-01 1.4983006359e-01 -1.6202169263e-01 -3.3729917303e-02 -1.6186351282e-01 4.0490612655e-02 -4.5468404386e-02 4.4612037005e-01 2.3859281689e-01 -5.6540306870e-02 -2.8708840256e-01 -2.1380783868e-01 2.4536072828e-03 6.0415457169e-02 -2.9439743714e-01 2.4592824526e-01 -7.1804939848e-02 -4.0011155457e-04 -2.2364309400e-01 -8.5218505682e-02 6.4279588672e-02 2.7136422211e-02 3.0050692056e-01 -6.6106183413e-02
2.6346242925e-01 -4.0650699773e-01 1.3451190921e-01 3.9216868971e-01 -2.4818119163e-01 2.3271594456e-01 5.1642529373e-01 2.4793700810e-02 -4.6582735393e-02 -6.1712314651e-02 1.2053285194e-01 -3.2997301253e-02 -9.1028021783e-02 8.3141824066e-02 1.1580994354e-01 6.6375204982e-03 2.0421011710e-01 -6.9738500725e-02 9.4516031182e-03 -3.5306580658e-02 -1.1996939814e-01 -2.3015753905e-01 -1.1223197336e-01 9.7650109150e-02
1.8590646309e-01 -2.1068508360e-02 3.3012885660e-03 -5.6450391840e-02 -1.2160114533e-01 -2.2301202192e-01 -3.6872988524e-01 -1.8670874684e-01 5.7194291256e-01 -2.6745741139e-01 2.9544636884e-01 -2.9767069204e-01 -1.6647917901e-01 1.8137221407e-01 -2.8129604780e-01 1.1446421512e-01 1.0011774096e-01 -1.1327327146e-01 -3.5301015329e-02 -9.7731417376e-02 1.3878616978e-01 -3.9688701949e-01 7.9324875843e-03 1.2218148169e-01
7.8396942261e-02 1.9732974998e-01 3.3734106831e-01 -2.2265713876e-01 2.3989931848e-01 -1.8131645061e-01 6.9343817077e-02 1.5919644243e-01 -1.2810254429e-02 1.8503318956e-01 -3.9885676821e-01 6.9903791906e-02 4.0865460037e-01 -7.3001993682e-02 4.0000115951e-01 1.4406546907e-01 2.8056202022e-03 -2.2040937362e-01 9.3242950468e-02 3.0067790075e-01 3.4796261618e-01 7.5629713132e-02 8.7061908910e-02 -9.6406917511e-02
5.2665819706e-02 4.6406622938e-04 -1.2157901055e-01 -3.1400814623e-01 -4.3192036149e-01 -3.2588621082e-01 1.9136565876e-02 8.2810234931e-02 1.1861494733e-02 -6.5019557817e-02 1.9588534491e-01 7.4279477090e-02 -4.7487622065e-01 4.0884343938e-02 -9.6301670946e-02 -8.3570629810e-02 -6.6130542366e-02 -1.7738161251e-01 -1.2005839229e-02 -4.6326742512e-01 -2.2871998081e-01 -2.3859379186e-01 -2.4293158175e-02 -4.1613925235e-01
-5.4489437322e-05 2.0423143474e-01 -3.3096822106e-01 -4.9443794025e-02 1.8713549239e-02 -1.7576525219e-01 4.2377142404e-02 1.4080924726e-01 3.3192381541e-02 -2.6493494176e-01 1.3904639322e-01 -6.2996106733e-03 -3.9481217042e-02 -4.3897340335e-01 -3.0790018869e-02 3.0743962603e-01 -3.3473633916e-01 -4.0071427449e-01 4.4937088966e-02 5.2927736891e-02 2.0239745664e-01 3.3200565594e-01 7.3747103381e-02 -2.3125517583e-02
1.1407279825e-01 3.2341636326e-01 2.9083265540e-01 2.3901532604e-01 8.4521433088e-02 3.3528555265e-02 -2.9993194306e-02 3.5741440052e-01 -2.2692256669e-01 -1.6671632333e-01 -2.0167557374e-03 1.9191549937e-01 1.2333835413e-01 2.2636839566e-01 2.1661211075e-01 3.7181929456e-01 -1.0871863009e-01 3.7729336297e-01 -1.3926601261e-01 -2.2371598466e-02 -2.8280767211e-02 7.0571821561e-02 4.3639804154e-01 -4.3353667296e-02
-2.3630540763e-01 -4.2203617019e-02 -1.5002699350e-01 7.7622832090e-02 -1.1454995786e-01 2.3226955496e-01 -1.8568078251e-01 -2.5411011375e-01 2.3594333137e-01 -1.9543365264e-01 -3.5560913159e-02 4.4275449282e-03 9.5930395259e-02 -9.8639092845e-02 7.8222467619e-02 -4.6502384327e-02 -2.9260280573e-02 8.8147358356e-03 1.9152525171e-01 -1.1190603351e-01 -8.1854006220e-02 -1.1744036352e-01 9.4476858756e-02 -1.7723959371e-01
-3.1366079103e-01 -4.0017180728e-01 -3.9345743371e-01 1.7581560521e-01 -1.2513349739e-01 -5.0515394799e-03 -1.4410646295e-01 1.4629164564e-01 5.1809045240e-02 -2.6938648826e-01 -2.5647362193e-01 -1.2362747477e-01 1.4150763052e-01 -4.5170767944e-02 2.2875852599e-01 5.0002769295e-02 1.5313724832e-01 -5.7471453879e-02 -2.0463073822e-02 -2.9045401580e-01 -2.5609630044e-01 -3.8094179635e-02 9.5651388525e-02 -2.3614474556e-01
9.6414957606e-02 -4.6087022550e-02 -1.0483303307e-01 3.5264989870e-01 -1.9701745315e-01 5.4047513176e-01 -3.2634943550e-01 -1.2663617348e-01 9.9199480804e-02 2.2817274457e-01 -9.6437321560e-02 -9.6609443351e-02 2.2234980462e-01 3.8997132524e-02 8.8793613082e-02 -1.9494170763e-01 -4.0206735687e-01 2.3309230762e-01 1.2212858544e-01 -7.4896523162e-02 -1.8307192390e-02 -1.4623659211e-01 4.9925743285e-01 -4.1386712645e-03
2.0571956704e-01 9.4668740582e-02 1.2336583335e-01 -3.0178805827e-01 2.1046464440e-01 1.9555066748e-01 -2.9796589460e-01 4.1183715662e-01 -2.8570005292e-01 2.7045513923e-01 -4.1827806668e-01 -3.3972035577e-02 -1.1899692433e-01 4.6221137944e-01 3.4340915339e-01 4.1012815864e-01 -7.9435106737e-02 1.6762631467e-01 2.6956390818e-01 -1.0674631794e-01 -9.7688389316e-02 2.2048150782e-01 1.3956618868e-01 -3.4092974156e-01
-5.9921843532e-02 2.0463717859e-02 -2.3206165873e-02 3.8500987326e-01 -3.5053388100e-01 -8.5067459248e-02 3.5937779035e-01 -5.8333804025e-03 1.0244370200e-01 1.5757280165e-01 5.5117483911e-01 -1.4599907476e-01 1.0201859263e-01 -2.9462292700e-02 1.7360449644e-01 2.2901442142e-01 -2.1275463369e-01 -1.6789882069e-01 -1.1362414749e-01 -1.1131202992e-01 -2.0976462023e-01 -1.8355644495e-01 5.1898399681e-01 1.8963601941e-01
1.4469062347e-01 1.9027845143e-01 -2.6506223339e-01 -6.6702808547e-03 -2.9115366513e-01 -1.2860192845e-01 1.2709265653e-01 1.0445383179e-01 -1.7111295482e-01 -4.4698870366e-01 -6.2378799010e-02 9.8825381254e-02 -8.4080118948e-03 2.0452283114e-01 -4.1539421757e-01 2.5404295758e-01 -2.4992919186e-02 1.3688351609e-02 -3.7403084398e-03 -2.5990629439e-01 4.2953958273e-03 -2.3261874297e-01 -5.5924653429e-01 -5.2802492758e-02
-7.3616589641e-02 -7.2714887254e-02 -1.9173099103e-02 -3.5502076629e-01 2.6445893606e-01 -5.0631715190e-02 9.2223667367e-02 2.2848343127e-01 1.1410431822e-01 -9.4793447037e-02 4.3487048250e-01 -2.3793010822e-01 3.6679719022e-01 2.7115199335e-01 7.6036363510e-02 -2.8690059102e-01 6.8218653037e-02 3.2486660432e-01 4.3753361187e-02 2.8596447039e-02 -3.8255339514e-01 -1.5693044245e-01 -1.4283633176e-01 2.0520711955e-01
4.5255905501e-01 -3.8891647780e-01 1.6924894185e-01 4.2892113008e-01 1.9379406384e-02 3.6329907266e-01 -1.6128622409e-01 -1.1203262591e-01 5.7196725008e-01 -7.7944181727e-04 -3.4210839550e-01 -7.5077929563e-02 -2.2843045725e-01 1.5166583445e-02 -1.3404313150e-01 1.7562062378e-02 1.5332930452e-01 3.6716797162e-01 -1.3465135336e-01 -8.6514401180e-02 -5.5635274086e-01 -1.1395561515e-01 -1.4193753086e-02 -7.0821829749e-02
-2.6323661247e-03 3.9560073433e-02 2.6547766971e-01 1.0014574054e-01 -6.3478304895e-02 6.6505837639e-02 -1.1129196865e-01 -1.8305289509e-01 -1.6480181005e-01 1.8152050970e-01 2.8927775462e-01 8.5406196624e-02 -6.7566498100e-02 -2.2712703162e-01 -2.5555138242e-01 2.7511323948e-02 -2.7814798691e-01 -2.9400980172e-02 3.3887602407e-01 -1.7784385478e-02 -1.9989587356e-01 -7.9976885023e-02 1.9147633674e-01 -5.2499031545e-01
-1.5108065426e-01 -1.4411481409e-02 -3.7032662184e-01 1.9238023673e-02 -1.3379630082e-01 9.2953193529e-02 3.1711531532e-02 -1.3738602155e-02 -1.8390169625e-01 6.6222123536e-02 2.9042112439e-02 1.3962466416e-01 9.0009640710e-02 -5.4441529091e-02 1.7254116933e-01 4.1903136114e-01 -2.4301784697e-01 7.4072948531e-02 -1.2316022204e-01 -1.0333626809e-01 2.0652967556e-01 -1.5744482322e-02 -3.6868254743e-01 -1.8674636012e-01
1.0798936924e-01 2.3391171145e-02 -8.5471461609e-02 2.4021352612e-02 2.7013348752e-01 1.2783700899e-03 -8.1377363950e-02 8.6834052186e-02 -9.0465494656e-02 1.6331676432e-02 -2.7769695537e-01 3.6533234189e-01 -2.4036493806e-01 -2.6198994718e-01 4.9815804402e-01 -3.0538865807e-01 -1.4998585393e-01 -3.8252866537e-02 3.1105073945e-01 1.8940346767e-02 -7.4306582386e-02 2.6604620344e-01 -1.2092209022e-01 -1.7255276299e-01
-9.9533073859e-02 2.6756975282e-01 2.9407747979e-02 1.4095296096e-01 -3.1088164114e-01 -3.8178530994e-01 -2.4222250631e-01 -6.7970211371e-02 1.1243010655e-01 -9.5012823414e-02 1.2735783750e-03 1.6876142841e-01 1.2068891425e-01 -1.4923771502e-01 1.5499914333e-01 1.1463176509e-01 -6.5657086337e-02 -1.6498799050e-03 -1.6873798566e-01 2.4693904564e-01 -2.2447928162e-01 1.4333607342e-01 -1.3778067949e-01 1.9007330441e-01
3.9770186411e-02 -6.5959436916e-02 1.2716225167e-01 8.7994574222e-02 -5.1792670939e-02 -2.3877522759e-01 5.8169434119e-02 -6.8441133657e-03 -1.6736552770e-01 -2.7663471025e-01 1.6220519702e-01 -1.3421664199e-01 1.8344645099e-01 -1.6493050738e-01 -2.3754830371e-01 -3.2804948275e-02 1.2301921333e-01 -5.9244185476e-01 2.6873376091e-01 2.5810766557e-02 5.6220526512e-02 3.6110976933e-02 2.1813325488e-02 2.7810267496e-01
-2.8741531094e-01 1.7904822149e-01 -1.7746427969e-01 4.6616730397e-03 -2.5968560569e-01 -2.5779904175e-01 2.6056555142e-01 -2.7233728571e-01 -1.0039775255e-02 -6.7540955268e-01 -1.4765803975e-01 -3.6848341164e-02 -2.6020154336e-01 1.8918854178e-01 -2.7546584045e-01 -3.7569819376e-02 3.3573612263e-01 4.5302714626e-01 -1.1270629960e-01 -5.8181990394e-01 3.8759261429e-02 -7.7852939782e-02 1.1121130778e-01 3.0302815591e-01
3.4671481091e-01 -1.0093106919e-01 1.3035846907e-01 -2.3071801156e-01 3.2558575520e-01 1.8866168010e-01 2.0041534986e-02 -1.3750957615e-01 5.6712245456e-02 -2.2257808890e-01 9.3919889698e-02 9.2101185286e-02 4.4991540904e-01 -4.9013980905e-03 1.1434500573e-01 -8.1735003328e-02 1.5964712530e-01 -3.4469429450e-02 1.1963299699e-01 3.3541562774e-01 -6.5940745171e-02 -9.0171664329e-02 -3.1685133957e-01 1.0194413934e-01
