-8.6565342046e-02 -1.2046431914e-02 -3.6027437406e-01 3.4397378688e-01 1.9441801042e-01 1.2740052810e-02 1.7599242595e-01 -4.2501123768e-01 3.4605660830e-01 3.1684405596e-01 -1.2860146485e-01 6.2128825755e-02 2.4936156029e-01 4.2163921253e-01 2.6451766655e-02 4.6348379050e-02 6.8725939442e-02 2.4230699480e-01 1.5312434500e-01 -1.2118638076e-01 1.2260159561e-01 -4.1594371985e-02 -3.1603290299e-01 3.0218457900e-01
8.4548389954e-02 1.7196848301e-01 3.2378424278e-01 1.8387732751e-01 3.5512990991e-02 4.6635383357e-01 4.1638144055e-02 -8.0096041827e-02 1.5379075382e-01 2.3982554059e-01 3.1934470164e-01 -1.3465352992e-01 -4.4217156851e-01 3.2687636304e-01 1.1329410984e-01 -6.2926621195e-02 2.5870265496e-01 -2.1303563949e-01 2.7491211049e-01 3.1411400903e-01 5.0003136343e-02 4.9329746704e-01 9.4409304719e-02 6.4280476843e-02
2.2803341159e-02 -1.4869882344e-01 5.8236414424e-02 8.4675692176e-02 3.8307463331e-01 1.7216065570e-01 1.2261698958e-01 -7.1015341457e-02 -1.1694224870e-01 -3.8243122926e-01 -8.0585346746e-02 -3.3492428870e-01 1.3489479294e-01 -1.6528328910e-01 -5.5074519031e-02 3.7745317911e-02 -2.0573155708e-02 -2.1413672457e-01 2.7467112477e-02 5.9925746029e-02 3.4550157724e-02 -2.5975998171e-01 1.2115018546e-01 -1.4343657054e-02
1.2883435624e-01 -8.8806708048e-02 -4.2702577369e-01 -2.5489246617e-01 -2.0052478370e-01 3.1116095798e-01 2.2743003475e-01 5.8935481096e-02 1.6274007042e-01 -7.9847213905e-02 1.2914718829e-01 2.8523004587e-01 1.9196842209e-01 -2.0819711733e-01 -2.2687322570e-01 -2.7765998845e-01 -1.7793618897e-01 1.6623284400e-01 -3.2475102640e-01 1.2100831957e-01 2.5151082405e-01 -1.1364803053e-01 -2.1050738278e-01 5.2170468814e-02
-1.9391132598e-01 -2.7766137309e-01 8.8252239249e-02 -3.8543675714e-01 -2.6406135310e-01 2.0401354587e-01 4.2293055781e-01 -1.9535350518e-01 -2.5222253667e-01 -5.8815839624e-03 -3.3465890815e-01 -2.0018275296e-01 -2.0746376065e-01 -6.9618079370e-02 3.2178640901e-01 9.1171944601e-02 -2.3109625593e-01 2.5871392502e-01 -2.1380142641e-01 -3.5971913981e-01 4.4719114125e-01 1.3549065302e-01 1.1545323218e-01 2.3563103062e-01
1.6682780130e-01 -1.6092878984e-01 -1.4479044292e-01 9.2976701436e-02 2.3090984789e-01 5.3518763124e-01 3.0373441472e-01 -2.1768133555e-02 3.8320622914e-02 -6.9248213604e-02 -4.6792924189e-01 2.2353178463e-01 -2.5429310823e-01 -1.0575683059e-02 -1.3394369130e-01 -2.8579956910e-02 1.1093156761e-01 1.7665956943e-01 -7.2201491121e-02 -2.0701547995e-01 -7.4387144271e-02 5.0815477180e-02 -6.9603217985e-02 1.1629053129e-01
-8.1386649589e-02 7.7997361576e-02 2.0552915961e-01 1.0960519643e-01 -1.3180505952e-01 -1.2556719820e-01 6.8821658696e-02 -2.0798671060e-01 3.3592002840e-01 2.9844861907e-01 2.9140804190e-01 1.0052732774e-01 1.3956460700e-01 1.8862635510e-01 -2.9335130127e-01 2.0706415597e-01 3.6287748431e-02 2.7432258409e-01 -1.6367706818e-01 -8.5078588054e-02 -2.3398640146e-01 -2.4332819843e-01 -3.2472635088e-01 1.1925135258e-01
1.0394039497e-01 -2.5298239189e-01 1.4140130516e-01 -8.5269573909e-02 -1.8615825167e-01 -1.9724864377e-01 -2.7866166346e-01 -2.6601145938e-01 1.9176730576e-01 -6.5510962396e-02 1.5095604069e-01 3.2966843089e-01 5.1586727495e-01 4.2746955001e-01 2.5262967382e-01 -9.0766334143e-02 -3.6616345558e-02 -3.8901498123e-01 1.2653155986e-01 -7.2552099368e-02 -2.6915405319e-01 6.2167385685e-02 -6.0419453774e-02 4.8855408383e-01
2.2545632823e-01 6.5550507472e-02 -6.9524914461e-03 5.5656119939e-02 2.2420183043e-01 -1.0978486568e-01 1.3923107262e-01 -1.1163207896e-01 2.3600803692e-02 4.8133243994e-01 -2.9476310119e-02 -2.5913872983e-01 -2.1120890685e-01 -2.8768288533e-01 -2.5657368945e-02 -5.4209668589e-02 8.9457650324e-02 -1.0009593703e-01 -1.1375968999e-01 7.8349529760e-02 -4.8758029775e-01 -2.6086522544e-01 -2.7194957690e-01 -2.6413795284e-01
-2.6720202046e-01 9.5323963006e-02 -4.0891736464e-02 -1.8338054152e-01 -2.5472814985e-01 2.8196090640e-01 5.5971261735e-02 -1.5207576870e-01 -3.7811756279e-01 -2.1160569593e-01 -1.9292329875e-01 2.2847826133e-01 1.9003817448e-01 -3.3190207183e-02 8.8007936305e-02 -2.1877974564e-02 3.8694943214e-01 -1.8158578200e-01 -2.9749949894e-01 8.1107831936e-02 2.0707192482e-02 -1.9215314445e-01 -1.1905738898e-01 -1.2740768085e-01
4.8327792426e-02 -1.3670937962e-02 -1.6338197320e-01 1.0685734214e-01 -1.1804573986e-01 5.2353506325e-01 -3.8347467661e-01 -2.8910850046e-02 2.5577295475e-01 2.3115579558e-02 3.1747413817e-02 -1.2658013346e-01 5.9999212989e-02 1.0005692211e-02 3.2411257661e-01 -2.2307299338e-01 -2.4617519474e-01 1.5136584590e-01 -3.5119243055e-01 -1.2836276597e-01 4.9719370448e-01 -2.0070576644e-01 -1.9003047284e-02 5.7002714688e-02
1.7941098765e-01 -4.9950058995e-02 2.3281374562e-01 1.1592622148e-01 8.0736368068e-02 3.5590703556e-01 -1.4097284184e-01 -4.8430840384e-01 2.7734064630e-01 4.9813304798e-02 -1.5245075612e-01 -2.0691480589e-01 -3.5137462828e-01 3.0500373537e-02 1.8139360725e-01 9.4428270780e-02 -3.4750005696e-01 -2.6229233574e-02 1.9662911417e-02 7.5974942197e-02 1.9600081521e-01 -9.6119170908e-02 2.1777996340e-04 -1.2330136494e-01
7.8139508251e-02 -1.3536940724e-03 -3.4011329047e-01 -2.7038355626e-01 -1.5355264041e-01 -1.8580216483e-01 -2.2605711458e-01 2.3639889093e-02 2.8911326620e-01 1.4067420502e-01 -6.5648687398e-02 8.9551109472e-02 -3.3395209006e-01 -1.6489406727e-01 9.6294913844e-02 -4.2522213021e-02 4.4346972552e-02 -2.1774524628e-01 1.5887361203e-01 -1.9031239078e-01 3.2935139580e-01 6.2333905712e-02 -4.4197796225e-01 -2.5275313302e-02
-4.5460894579e-02 -1.7486224564e-01 -4.7112564252e-02 6.5944678654e-02 3.0850112012e-01 -2.2337553733e-02 1.6901737064e-01 1.1011234949e-01 1.5691148199e-01 -1.4531799541e-01 4.6299087157e-03 7.7679944452e-03 3.3604217269e-01 4.3307189635e-01 -1.9910515009e-01 3.7652782338e-01 5.2914666635e-01 -2.8612196765e-01 -4.9545158355e-02 -3.1463948166e-02 3.5097390742e-02 -7.1561279065e-02 2.1157307398e-01 -5.7665895138e-02
1.4192898203e-01 4.2288368737e-02 7.7057834747e-02 -2.9623785607e-01 2.6776331566e-01 -1.7378424521e-01 1.8430342155e-01 -9.2267919620e-02 -1.6395589233e-01 9.4099918750e-03 2.3583067383e-01 -3.8192674951e-01 1.7234246503e-01 -2.5625743834e-01 -1.7509707770e-01 2.8788552204e-01 -4.7764837495e-02 -1.2546190281e-01 -7.2329704790e-02 7.4941853612e-02 5.6172802732e-02 2.6331548955e-01 1.0162398852e-01 -1.0964915221e-01
-3.1911915241e-01 1.2420286412e-01 -3.5596770859e-01 3.0721360985e-01 -3.0923278125e-02 2.4539630822e-02 -1.6034819234e-01 -2.2172646328e-01 1.3370877798e-01 -1.9284570463e-01 9.2095839048e-02 -1.7379560111e-01 6.7688915634e-02 3.5247175323e-01 2.0281022295e-01 -1.4967514928e-01 2.6436845137e-01 -3.0762636730e-01 4.8306290668e-02 2.5280882555e-01 -7.8281821383e-02 6.0630876475e-03 3.0032870961e-02 6.4283721679e-02
-4.9896977881e-02 1.7633658478e-01 -3.5486197076e-01 -5.1615703042e-02 3.0716019126e-02 -1.6644830585e-01 3.8103996757e-02 -3.4411250844e-01 -1.2185545013e-01 -1.0957363085e-02 2.7886979513e-01 1.8529112883e-01 1.4772772945e-01 1.2162095334e-01 7.3706836221e-02 1.5738987315e-01 -1.4943386747e-01 5.7563247655e-02 -4.8528603877e-03 -2.2127507333e-01 1.2424796557e-02 -1.5738105938e-02 4.4795103866e-02 -4.3800423366e-02
-2.9801711548e-01 2.3068492999e-01 1.1635610163e-01 -9.4448662141e-02 1.7746806742e-01 4.1453629223e-02 -1.1430078094e-01 -4.1927824112e-02 1.1504444689e-01 -3.3446128323e-01 -2.7864412687e-01 -5.3276737846e-02 2.1634165374e-01 -2.5083750724e-03 -1.1234684917e-01 -9.6355220590e-02 3.4967637754e-02 5.0198078305e-01 3.0088375345e-01 -1.9561832316e-01 1.1204977112e-01 -1.7352076550e-03 -1.5761049686e-01 8.6365091655e-02
2.1606099014e-01 -1.9525547994e-01 2.2817421381e-01 -1.7583261207e-01 -2.1326791754e-02 1.1812945018e-01 -3.0429729912e-01 -1.4977400662e-01 -4.5826215674e-04 -1.2022774962e-01 -2.6992448133e-01 3.1900151464e-01 -2.3437725368e-01 2.5178266747e-01 -3.1969035001e-01 8.4759815251e-02 -8.1930108280e-02 -2.7821357493e-01 2.5394902610e-01 -4.4711876339e-02 1.3246849789e-01 -8.0861403368e-02 -1.5094887322e-01 -7.2645879015e-02
-8.4824767418e-02 -3.5001514600e-01 -3.1890669825e-02 1.2806291424e-01 -7.9852345200e-03 4.6192218879e-01 6.8446749320e-02 -2.4852212582e-01 1.4517018168e-01 1.2855713903e-03 3.8728168816e-02 -1.5949445321e-01 -1.5801174240e-02 -3.0862764082e-01 -1.3979171892e-01 -1.9294570898e-01 -1.1410586299e-01 -2.5347947897e-01 -1.9805870133e-01 1.6929210473e-01 -1.3401590442e-01 -1.2631533604e-01 -4.6802980980e-03 -5.6558788899e-03
-2.3025999259e-01 -7.3504016639e-02 1.8855181624e-02 2.1891430753e-01 1.8745011299e-01 1.9832932114e-04 6.5951945676e-02 -8.2805709052e-02 -2.6910581066e-01 2.2383645421e-01 7.3860303575e-02 -3.4648995355e-01 3.4872797011e-01 2.1328861625e-02 -1.5257903794e-01 -4.0360537117e-02 1.5076478365e-01 6.5983536675e-02 3.3823013562e-01 -9.2803064623e-02 5.2158148095e-02 -1.4508967912e-01 1.0654267759e-01 -2.9103335736e-01
-5.5334323693e-01 -5.5008866945e-02 1.2554504494e-01 4.1907487402e-01 -1.0196193932e-01 -1.3303857258e-01 -2.2664782514e-01 1.1831679427e-01 1.3039448843e-01 -2.9948745737e-01 -4.2123143608e-03 5.3459848601e-01 -1.5718367987e-01 -2.5154242750e-02 -2.0239785795e-01 -2.1373105904e-01 -3.7482217328e-01 -2.1384477814e-01 4.4686308935e-02 3.5739426847e-01 -6.5265433234e-02 -1.6369437355e-01 1.8186005592e-01 -7.7964918669e-02
4.1507653991e-01 -1.1701964941e-01 2.3652808866e-01 5.3583987268e-02 -4.8093679444e-01 2.5693867962e-02 9.2302163482e-02 -1.6748848564e-01 3.5141743955e-01 -1.9910021637e-01 1.3392828417e-01 8.4725000550e-02 -4.4604091821e-01 1.4822505461e-01 1.5171021817e-01 -1.2116829840e-01 4.0706859524e-01 -6.4520721173e-02 -4.7344094763e-02 -1.4546333988e-01 -2.4486331853e-01 -9.3135608729e-02 8.6597800773e-02 4.1187067609e-02
-1.2245211950e-01 1.8389789167e-01 2.0399739989e-01 -2.9326545367e-02 7.9125013641e-02 -2.8967653001e-01 1.5321001507e-01 -1.4012219979e-01 -3.5289375946e-01 -8.9487550685e-02 -7.3283240487e-02 2.9568643515e-02 4.5114237913e-02 4.1247129825e-01 -1.0751421252e-01 2.0374406040e-01 4.1311621390e-01 -1.9179738261e-02 2.7329748290e-01 -1.4950126249e-01 -5.8438885300e-02 2.6571580011e-01 -1.5105494867e-01 -1.6856569602e-01
