-1.3205345453e-02 -9.5482308041e-02 9.4904994472e-03 -1.5670492336e-01 1.7377075152e-01 -1.0160033399e-02 2.2039992222e-01 3.5108295962e-01 -1.5611156415e-01 2.7379050390e-01 1.5818475983e-01 7.5150296623e-03 1.2462533679e-01 -3.3650061049e-01 -3.8760758326e-02 1.2490824029e-01 -1.5380673033e-01 -1.2810645585e-02 -4.6265858800e-03 5.7299712037e-02 1.2130744083e-01 -8.6362193294e-03 1.1004001014e-01 9.1175466740e-03 -1.9389247445e-01 -1.2637937713e-01 1.8428167737e-01 -4.4742382096e-03 2.6800698291e-01 1.0339968188e-01 -2.0711895430e-01 -3.0630956687e-01
1.8419306864e-01 -1.0134316863e-01 -3.4467466332e-01 -1.8544278435e-03 2.2530272928e-02 1.8212383957e-01 4.9467815427e-02 1.3011961669e-01 5.9719576469e-02 -3.6863251685e-01 1.2885850649e-01 1.0065536701e-03 1.0555296008e-01 -2.1517407020e-01 -5.0587248152e-02 5.7287161411e-02 1.3103515378e-01 -1.4346033899e-01 -1.1005628444e-02 -1.1463006347e-02 2.8709988987e-01 -6.4523997250e-02 -1.8737275815e-01 -1.2127404413e-02 -3.6256571763e-01 -2.5108937588e-02 -2.5271452673e-02 3.1925207688e-02 1.0740649358e-01 -1.7528852407e-01 -4.5746981762e-02 -9.3263892823e-02
-4.9790736176e-03 1.2610398985e-01 5.1999947971e-02 6.5898169726e-02 -1.8634200359e-01 -2.5638617631e-02 2.2982216715e-01 7.9987573530e-03 -1.2278400875e-01 -1.9369429377e-02 4.8475669402e-02 9.8708656056e-02 2.7209192397e-01 -9.6207441801e-04 -4.6874163086e-01 -5.8962309720e-02 1.8093896595e-02 1.9228775193e-03 -1.8326136353e-01 1.6682833371e-01 -1.7006647051e-02 -9.1914487782e-02 6.1446504435e-02 1.4280599313e-01 2.3013741900e-02 -3.8079029372e-02 3.3031575153e-02 6.4291126116e-02 5.8657686098e-02 -1.1383161717e-01 3.0493644152e-01 -1.3642984043e-01
7.7960452905e-02 -6.0313167681e-02 9.5553512198e-02 2.8745103552e-02 -2.3518646318e-01 3.2777242273e-01 -3.9466978068e-02 1.4426402216e-01 -1.6539345232e-01 8.3233860070e-02 -1.3029605288e-02 6.7186350069e-02 -2.4470294024e-01 7.7213907284e-02 1.5354520457e-01 -2.0230185747e-01 2.0478410597e-01 2.0767111160e-01 1.5803064759e-01 -2.9470691799e-02 2.3792155180e-01 -1.1603531426e-01 -5.7465450942e-02 2.2989189516e-02 1.1087150363e-01 3.7867657389e-02 -2.6746469896e-01 3.5215739604e-02 -3.2614359248e-01 -8.6555553176e-02 3.5976075636e-01 -1.2498047312e-01
2.8444857660e-01 -1.8064050360e-01 1.9868692051e-01 4.6173224156e-02 5.2293420989e-02 -2.8646160867e-01 1.9180587057e-02 1.7067071079e-01 1.1649929329e-02 1.6901899221e-02 9.3515480501e-02 2.8714670495e-01 6.5549792744e-02 5.0026138317e-01 2.1925700676e-01 -4.1534515023e-01 -5.2917667675e-02 1.1183462500e-01 1.6191952478e-01 3.7447640825e-01 1.8526074776e-01 -4.1431792300e-02 -1.3661362887e-01 2.4507253662e-01 1.4400283821e-01 8.2931005408e-02 -1.6364364385e-01 2.1275337704e-01 2.1526015214e-03 3.0986475557e-01 1.8960728799e-01 -1.7219403585e-01
-2.0043660625e-01 -6.3835011069e-02 -6.0678853773e-02 -1.9894999835e-01 -2.1937609457e-01 -1.3041446759e-01 -1.6331633401e-01 1.4095882495e-04 -2.6667888284e-02 -1.4467855191e-01 2.6662887798e-02 -3.9230935110e-01 -1.0538651905e-02 1.5981383232e-01 -2.6763670753e-01 1.3194616856e-01 -2.8986056073e-01 -9.8572014416e-02 -4.8661018978e-02 1.5458911094e-01 -1.8277145230e-01 7.9242920206e-02 7.0946180048e-02 -3.3009722667e-01 1.1250188377e-01 9.5176290489e-02 -1.6942993191e-01 -1.6654234853e-01 -1.2677639852e-01 -3.6617602703e-01 -1.3298501454e-01 1.2639919777e-01
1.1219713096e-01 -3.0356817707e-02 -1.9079228654e-01 7.4353198246e-02 -9.6211188729e-02 3.4313955655e-01 -1.1539031256e-01 8.4113463379e-02 -4.7108165422e-02 7.1768294042e-02 -1.3219604168e-01 1.0293437701e-01 9.7798866998e-02 2.6536828720e-01 7.7586624835e-02 9.4541443908e-02 -1.0580490628e-02 1.0449950908e-01 3.4884340031e-02 5.3193449418e-03 2.8172681280e-01 -2.2981936946e-02 1.9012296113e-01 -3.3764112444e-01 4.0615819408e-02 -4.0988709985e-01 1.3939162527e-01 -2.3736023519e-01 1.6881270081e-02 -2.1545094307e-01 -1.0269395849e-01 4.3469349846e-02
1.3847805543e-02 -3.0777846200e-01 -2.2205837691e-02 6.2501473695e-02 7.8618926689e-02 4.5153388603e-02 -1.5375676500e-01 -4.7106878223e-02 4.8100321241e-03 -1.4812377882e-01 -2.2868200929e-01 -2.0168444119e-01 8.4407272214e-02 -1.0390169956e-01 7.3296877405e-02 -2.8577541817e-01 8.0371945394e-02 -3.6320435978e-01 -2.5325824689e-01 -6.2657112839e-02 -7.9348898518e-02 -2.3284746531e-01 -4.9927387604e-02 -4.3423971570e-02 8.0536796047e-02 -5.7532935369e-02 1.9891326758e-02 2.8104415929e-01 1.8184860933e-01 -1.3074351027e-01 -3.6112137790e-02 -1.4523622182e-02
2.7214387256e-02 -2.2435252445e-01 -2.7262863565e-01 -3.1747045869e-01 -3.9417815287e-02 -5.9145452683e-02 2.5861347526e-02 1.8209557854e-01 -1.0718860310e-02 -1.3499064598e-01 4.6284642925e-01 2.4954440724e-01 -1.7555964152e-01 -1.2433301655e-03 1.9014819786e-01 3.5554464439e-02 8.8300717097e-02 5.2202718792e-02 1.3085952403e-01 -1.4495275771e-02 1.2631918206e-01 -3.3858966863e-01 4.2547970632e-02 -1.4139011670e-01 -1.8269254708e-01 1.1912566964e-01 2.2498183453e-02 2.2619564218e-01 5.5856479415e-02 -3.5634520714e-02 4.8997951392e-02 -2.8163023987e-01
-1.1317985688e-02 1.2698711336e-01 -1.4199729495e-01 -2.6010320606e-01 -1.6052389629e-01 2.4979591931e-01 -3.1262553049e-01 3.2381868727e-01 1.7465992896e-01 1.0039058750e-01 -3.9259457558e-02 6.1854875259e-02 1.6521054105e-01 8.5369935416e-02 3.6195049251e-01 -8.7458911090e-02 1.2201578321e-01 6.6191938266e-02 2.6407550398e-01 2.0962687293e-01 -1.0433608386e-01 -1.5134457264e-01 -9.1081633836e-02 2.3323226726e-01 1.9248925881e-01 -1.5516034204e-01 7.5418222415e-02 1.1778793065e-01 8.6695180864e-02 -1.1808050941e-01 4.3607693480e-02 -1.4551387672e-01
7.1715488629e-02 2.0653179533e-01 1.1343402502e-01 -2.1572377323e-01 -4.7515222885e-02 -2.4664774516e-02 1.4002919698e-01 1.7368662047e-01 7.5878389578e-02 -2.3760256045e-01 -3.1211560942e-01 -2.9451281139e-01 7.8741364390e-02 2.3872800664e-01 2.7574254435e-02 -7.8273790161e-02 1.8262604103e-01 -1.4370743436e-02 1.6822838353e-01 3.4554857375e-02 -4.0721029557e-01 8.4256459057e-02 -2.4216838832e-01 -1.3126863405e-01 -1.3266016132e-01 7.2553570890e-02 -2.0562112016e-01 1.9256088240e-01 1.5641847648e-01 1.5253426573e-01 1.6278486139e-01 8.5250730056e-02
-2.6657553284e-02 2.9815604062e-02 -2.2816348144e-02 -2.2605451420e-01 2.3074863939e-02 -1.8298214735e-01 6.3004280619e-02 -6.3697102142e-02 -1.5349135216e-01 -1.3544763328e-01 -4.0501144370e-03 1.5668692237e-01 -1.5477309156e-01 1.1331178470e-01 -4.1055384604e-01 5.0165553612e-02 1.1131101780e-01 2.0135329262e-02 2.5381322482e-01 -2.1507733198e-01 -3.6410061927e-01 -1.7289895342e-01 1.5102554305e-01 5.5638642918e-02 1.7220878551e-01 -6.4880668311e-02 5.6555206918e-02 -8.1508384202e-02 3.2321307834e-01 -2.0820771438e-01 2.3136011575e-01 -4.9264763989e-03
5.8903935762e-02 8.0093085988e-02 3.4096488500e-02 -1.7682717748e-01 1.9479544397e-01 2.2402360061e-02 1.9675242232e-01 2.2124107826e-01 1.3447784197e-02 -9.1285115259e-02 3.3774923645e-02 1.7696566199e-01 -1.5220469334e-02 -2.9318955765e-02 -5.0339078974e-03 -1.3903578453e-01 -1.6668906390e-01 1.3320051258e-01 -5.5972858621e-02 1.3797847248e-01 1.2452957721e-01 -3.7235528558e-01 8.6409692740e-02 4.6418692863e-02 6.7409360941e-02 -2.4220117358e-02 6.0573798854e-03 1.1083243009e-01 1.0812185140e-01 -2.2622239088e-01 -1.4329092711e-01 3.7999747868e-02
-1.4755846896e-03 8.6391990533e-02 -1.0005073653e-01 8.1906377232e-02 -8.1286117891e-02 2.7133629244e-02 -3.6287752266e-02 -3.3317774143e-01 5.5614347507e-02 -5.7108251855e-02 -1.7646510595e-01 8.3139674521e-02 4.0084687018e-02 7.0681800704e-02 -1.3681484501e-01 1.1592107490e-01 3.6597625953e-02 1.6348024505e-01 -4.2592279238e-02 -4.2924257752e-02 -7.3953200778e-02 3.0233972501e-02 -4.2070867392e-01 -1.4240941268e-03 -7.4407659066e-02 4.4122092885e-02 1.4889927274e-01 -3.6695429282e-01 4.6483017104e-02 1.5654597866e-01 2.4350436830e-01 3.3534176878e-01
-4.5365476035e-02 4.1122842281e-02 -9.2557508630e-02 -8.9943162047e-02 5.0348071197e-02 -1.7399988447e-01 1.6558461549e-01 2.9987085742e-01 2.1333277461e-01 3.3953636423e-01 2.4084355352e-02 1.7150335240e-01 5.1237340184e-02 3.8295108941e-01 -2.4642610811e-01 1.7477189016e-01 1.6282090672e-01 -1.9318867218e-01 1.9802010178e-01 6.7193766852e-02 -9.2851432717e-02 8.3999728459e-02 6.6205629696e-02 7.9429131913e-02 4.1116395033e-01 -8.7651195522e-02 8.4265262957e-02 -7.6820572268e-02 8.8145388168e-02 3.0632276398e-01 8.1186359560e-02 1.1215004040e-01
8.6379781662e-03 -2.5181503271e-01 -2.7528883706e-01 -3.1129666914e-01 1.2374686008e-01 -2.5194522676e-01 -2.1998335836e-01 -2.1791269303e-02 -3.1676746814e-01 -9.8685511715e-02 -1.7299502422e-01 3.4766923431e-01 -2.4084308585e-02 -5.7641253541e-03 -9.4297236853e-02 8.5748437573e-02 -2.1174898673e-02 1.2360084730e-01 -5.1327883874e-01 3.7191618650e-01 3.7099462277e-03 3.1920967670e-01 8.2581006131e-02 2.3446964947e-01 6.0743437756e-03 2.1407594958e-01 2.3377720285e-01 2.1279472887e-01 2.8306563914e-01 3.9244890131e-02 3.1412152229e-02 2.1662766533e-02
1.3006522415e-01 -2.2794408963e-01 -1.1218833606e-01 -3.6767220118e-01 1.6239590149e-01 5.2628359101e-02 7.2116204034e-02 1.8457610132e-01 -3.1952152709e-01 -2.2396358589e-01 -1.1782022789e-01 3.2780163608e-02 3.2735415583e-02 -1.6741669729e-01 -4.2542263373e-03 7.4185577052e-02 3.3279869108e-01 -1.6641948376e-01 -2.3719913953e-01 -1.5700462188e-01 -6.9162200693e-03 -2.9218077157e-02 -1.1602141213e-01 1.0491044925e-01 1.8536951213e-01 2.1216940381e-01 1.3315043389e-01 5.7203424785e-02 -4.3969529329e-02 -3.3724059522e-02 -4.5624329396e-01 6.4860645385e-02
-2.7462274079e-01 -7.9942973997e-02 5.8876410677e-02 -1.0514622018e-01 2.0478670324e-01 2.8762575621e-01 2.5113161448e-01 -3.2156736064e-01 2.4757356874e-01 -1.1110746979e-01 2.8655464935e-02 -2.6878362365e-01 -2.7202607629e-01 -9.3096499922e-02 4.3429877988e-02 -6.3703664506e-02 -1.6189877045e-02 -5.5390661028e-03 7.6878006761e-02 -3.0124420252e-01 -8.3583870894e-02 2.3111991916e-01 3.1194327968e-01 -1.9331122674e-01 -1.8197361194e-01 -1.5219239754e-01 -2.4399334312e-01 3.0099563858e-01 6.1677154185e-02 2.4318751959e-01 9.9292371258e-02 -3.7631196768e-01
1.8053369074e-01 -2.3858540627e-02 2.9353553256e-01 -2.3866850508e-02 -1.9835184973e-01 -2.6066795443e-01 -1.4041601593e-02 1.9735381649e-01 -1.1946254288e-01 -1.0989254410e-01 3.4855378589e-01 -1.8868820188e-01 1.1364598791e-01 -1.8682085988e-01 9.6393820177e-02 2.6539723936e-02 8.9870180235e-02 -5.7060746265e-02 2.1136630141e-02 3.3647702877e-01 1.4015252149e-01 8.5956379672e-02 2.8926735298e-01 -2.0814916625e-01 -8.4009385862e-02 -9.1666370613e-02 1.7022245296e-01 -2.7997984147e-02 1.8570453308e-01 9.0867603184e-02 -1.0003137015e-01 1.7734216828e-01
5.4140558465e-02 -7.7535331220e-02 9.8261700810e-02 6.1877537454e-03 -2.2017760695e-01 -2.0571272898e-01 7.0868585181e-02 1.1203783376e-01 -1.7108819197e-01 -3.4531301908e-01 -2.9446273956e-01 1.9243146906e-01 4.2905453287e-03 -2.0661749449e-01 3.1704262720e-02 -2.4275585076e-03 1.6250610616e-01 5.6992881897e-01 1.5685933145e-01 1.5756832978e-01 1.5587607943e-01 2.2758503452e-02 -8.5109413488e-04 -1.8275582494e-02 2.0136018039e-01 1.4546347309e-01 -2.3293444584e-01 1.1507428428e-01 3.5525623920e-01 5.7598706687e-02 -3.2929389181e-02 -2.7773405808e-01
3.0950318423e-02 -3.8614373844e-02 -7.6502740380e-02 -4.1504944675e-02 -2.9725078831e-03 -2.1505764194e-01 1.3303129714e-01 1.6885433886e-02 -2.6330363374e-02 1.7088349831e-01 -3.8773252942e-01 8.8615122737e-02 3.6087457229e-02 2.1622130423e-01 1.8684608086e-01 1.3090427335e-01 -1.5488059431e-01 5.7379757962e-03 -1.2611232091e-01 7.5638594178e-02 -1.9330261217e-01 -6.4758642697e-02 -6.7075134579e-02 1.4873088303e-01 -5.1841255147e-03 -1.7312829427e-01 -4.9864104788e-02 1.6055308547e-01 3.7444220673e-02 1.7613473812e-01 -6.6511985498e-03 3.3822910190e-02
-1.0193311360e-01 1.7845997898e-01 -3.2350530608e-01 1.0912460587e-01 1.0645109541e-02 2.3855082460e-01 -4.0521452308e-01 1.9247867734e-01 -1.5269938772e-01 2.6289827053e-01 -3.5790990590e-01 -1.9570798399e-01 -1.3191092652e-01 -3.0582936965e-02 1.4109804378e-01 -2.2151105631e-02 2.6665689980e-01 1.8997321139e-01 -7.8308112035e-02 2.5741573006e-02 1.7076951743e-01 1.7123220862e-01 -5.9010460765e-02 1.4430340760e-02 1.3684282035e-01 9.0999411989e-02 -1.3336556895e-02 8.2953199732e-02 -2.1016479370e-01 3.3812123265e-02 -2.0751733723e-01 3.8236735322e-01
1.9023118012e-01 4.3234381766e-02 -1.7651594014e-01 2.2639786142e-01 -5.0340432983e-01 4.1557738888e-01 -1.4424180657e-02 -1.5691187496e-01 -3.2194465534e-02 -1.5740842663e-01 3.4993233870e-01 -1.5023963317e-01 -4.0667636617e-01 -1.7587781167e-01 2.7346006500e-01 -2.9472866080e-01 1.4955721564e-01 -3.9312580736e-01 5.7469809894e-02 -8.7675142118e-02 1.0725517153e-01 -9.4326640915e-02 -1.2350810154e-01 -1.3465928741e-01 3.0344464757e-02 1.8165751273e-01 1.1922176117e-01 -2.3484214334e-01 -4.0376122200e-02 1.9021225235e-01 1.8675591046e-03 -3.2904167105e-01
-2.6441522584e-02 -8.7041091037e-02 -3.3787454294e-01 -5.7190647865e-03 -1.9482917009e-01 2.0147199305e-01 -1.0001760517e-01 -3.4047958949e-01 -1.4146616681e-01 2.6155642593e-01 -2.7526374589e-01 1.8640038649e-01 1.2702959884e-01 4.1572862703e-02 -2.6849250280e-01 -1.0824647582e-01 2.1193639417e-01 1.1601044840e-01 -2.4779286355e-01 -1.7020822074e-01 8.1493218731e-02 -2.0564506067e-01 2.6518528165e-01 -1.1022360324e-01 -5.1843669120e-02 2.9047653055e-01 1.0174473833e-01 -1.5624086068e-01 5.5103281783e-02 3.7095064154e-02 -3.5114337594e-02 2.2402381924e-02
1.6382581037e-02 8.4381809206e-03 2.9530804528e-01 -8.1522263216e-02 4.8414298010e-02 1.6728344613e-01 5.5784910591e-03 -6.1513884052e-02 -3.0955344119e-02 -2.1512686409e-02 -2.6630766906e-02 3.0738912093e-01 4.8482866049e-02 -2.6454338770e-04 5.5053817121e-02 -2.5616145902e-01 1.0671725854e-01 -4.6840546687e-01 -1.0130627710e-01 -2.1915812411e-01 -1.5956013160e-01 1.2608768285e-01 -1.9384034653e-01 -1.0182281988e-01 1.2472602196e-01 -3.5384634137e-01 -4.2858306550e-02 -3.0062137909e-02 -2.7225264944e-01 -8.2319010408e-02 -7.0344853555e-02 -4.5820292422e-02
1.9591537421e-01 2.4466273112e-03 -1.8312287286e-02 1.5899838279e-01 -1.6588211716e-01 7.8936983829e-02 -6.6230182647e-02 3.2322108813e-03 1.6419194764e-01 1.1264551518e-02 4.3009880295e-02 -1.9990131293e-01 1.8093091397e-01 1.0477691606e-01 -2.5781273871e-01 6.3098562419e-04 -1.7932134336e-01 -3.9441424196e-01 1.9199738023e-01 1.4366343392e-01 1.8995384136e-01 -4.1024331347e-02 -2.7521420526e-01 1.6288755577e-01 2.4609801716e-01 1.6625925042e-01 -1.8927870373e-01 1.4208788682e-01 -2.1453455160e-01 1.2966794295e-01 6.4027100308e-02 5.3685368466e-02
-3.7628156656e-01 -2.6970848671e-01 7.8715399486e-02 -9.8688503896e-02 -1.9901885293e-01 1.2180521751e-01 -8.5716051023e-03 -4.3917893823e-02 2.9461996010e-02 -1.6992993046e-01 -1.4544607764e-01 2.5492900511e-01 -8.4028688468e-02 -1.4937060249e-01 1.3001794580e-01 1.5007600764e-02 5.7197476474e-02 2.1796513161e-01 1.1345670200e-04 -5.0488828265e-02 -5.2834366535e-02 8.8158541790e-02 1.9568417915e-01 2.0382043725e-01 5.4108487584e-01 -8.7071377923e-02 -1.8792992611e-01 1.2162570904e-01 2.9335593513e-01 -2.7611781764e-01 -1.7039109632e-01 -4.1767804673e-02
3.9794819241e-01 1.5718787122e-01 2.1918234478e-01 1.1707523663e-01 -1.3925806645e-01 -8.2756325494e-02 -3.5427577944e-01 1.4259650838e-01 -2.4924056917e-01 -2.2171838838e-01 3.4879610201e-01 1.3228415186e-01 1.5470453716e-01 1.9014777719e-02 -1.6369636969e-01 3.4743105606e-01 2.2400752596e-01 -7.9557837806e-02 6.6794495629e-02 -3.6646309847e-01 -8.1149823905e-02 -3.7312403572e-02 3.7177194314e-01 -1.5270403422e-01 5.9424004926e-02 -1.9492155461e-01 5.2313383418e-02 2.1069259906e-03 -8.4078652680e-02 -1.5158726442e-02 -2.2137905291e-01 -1.2248536904e-01
2.2516666058e-01 7.9079366788e-02 -3.1363209815e-01 1.4535767555e-01 -3.5148524233e-01 -4.0247284686e-02 -9.4256705352e-02 2.6395543645e-01 -5.1126178051e-02 -8.0363072252e-02 1.4884476062e-01 2.5766497653e-01 1.3342987078e-01 1.1179964001e-01 -7.3729790192e-04 7.9457166745e-02 8.2223112816e-02 1.6978834050e-01 -2.6652417363e-02 1.8749500799e-01 -6.8884018713e-02 7.1639461289e-04 -7.1727164786e-02 -6.4212471543e-02 -7.3412959145e-02 -3.3593412923e-01 8.2064416771e-02 2.5835653490e-01 -2.6439958891e-01 -1.5983428930e-01 -1.6437861373e-01 -2.2497075813e-02
1.0194498288e-01 7.2930172206e-03 -8.6699302120e-02 -8.8453122412e-03 -9.4470840883e-02 -1.9473706141e-01 -5.0121906972e-02 3.0183328825e-02 -1.8463196805e-01 1.8189989510e-02 4.8769870287e-02 -6.9633992392e-02 -3.9796998374e-01 -5.0322520555e-02 -1.3523957621e-01 -3.4461664343e-02 1.6915466219e-01 4.0825652668e-02 -3.5228649809e-02 -1.2439891215e-02 -2.3315820666e-01 8.3932333075e-02 -1.9917564803e-01 -7.8251403979e-02 -2.5382455166e-02 -1.4946595675e-01 -1.1135475718e-02 1.7222692967e-01 -1.5537478061e-01 -2.9007596324e-02 1.5132622116e-01 -1.8375112809e-01
-1.2680275655e-01 -1.8746505012e-01 -5.5641707088e-02 -1.3000948787e-01 -4.3377397614e-01 -1.9450971380e-01 -6.7579593164e-02 -1.7785910978e-01 1.5001358025e-01 -3.3528313913e-01 2.5169237418e-01 2.5920145102e-01 -4.7312537489e-03 -1.2161315084e-02 2.0884250281e-01 -1.4300963044e-01 -2.0182474422e-01 -1.1093718820e-01 -2.5505876423e-02 -3.0129854163e-01 5.1487384480e-01 -9.8838350203e-02 2.1955244642e-01 -2.9311079731e-02 -7.7715085234e-02 2.5552229309e-02 -2.6409328703e-01 -2.1509710920e-01 3.3319298644e-02 1.2566675419e-01 1.0668186390e-01 -6.4862343701e-02
2.5341606759e-01 -2.4815964145e-01 -2.0640436925e-01 4.2759821419e-02 -3.0182301270e-02 -2.2025840124e-02 2.7239632369e-02 -1.4638704941e-02 -8.3481253980e-03 2.7206978921e-01 2.9551504100e-01 1.1281358210e-01 -4.7941084656e-02 3.2594922877e-01 2.0712254160e-01 3.3556803963e-02 2.9576708794e-02 -1.0453705713e-01 -6.8836340401e-02 2.6417545828e-01 1.0193631622e-01 6.0506101289e-02 -3.6643587695e-01 -2.0197887622e-01 -8.3400863839e-02 1.1241568098e-01 -1.5584455611e-01 3.5045439549e-02 -1.4031463610e-02 2.2866101623e-01 -2.2648043180e-02 5.8465636512e-01
