-1.5790031341e+00
6.8158758796e-01
-2.6564438700e-01
1.9132835052e-01
1.2466464787e+00
-1.2806050023e+00
-3.2480589536e-01
-6.4028894423e-01
2.5951429879e-01
-2.2110530773e-01
1.8864383162e-01
-2.0696307173e-01
-8.8251088422e-01
6.8387937674e-01
2.0404085022e-01
1.7422822683e-02
8.8999521345e-02
-1.2530808691e+00
8.3818171941e-01
1.2733653450e+00
3.8297121475e-01
1.2353684216e+00
-9.5140904632e-02
3.5786264558e-01
1.6860211802e-01
-9.8154573855e-01
-1.9371692273e-01
1.8472156543e-01
3.1110195459e-01
-2.3074126378e-01
-1.3397140352e+00
1.5796156785e-01
