-1.6227775168e+00
-5.8925243337e-01
-1.2753239451e-01
-4.5344988432e-01
-1.3032822416e-01
-5.5750119678e-01
-7.5473598972e-01
-1.2196827052e+00
-1.9895658442e+00
1.3652182013e+00
8.1510127924e-01
3.2432760153e-01
-2.5099952692e-01
1.9423523232e+00
-2.4421829242e-01
1.0961814253e+00
3.9197063694e-01
-5.5234421295e-01
3.4338883610e+00
-8.1449064452e-01
-1.6375064945e+00
-3.7792592764e-01
-2.0424263544e-01
-1.7687647252e-01
-6.0076008180e-01
-1.1583097586e-01
-1.4486499681e+00
1.2658788271e+00
1.5304591363e+00
-2.2167661583e-01
-2.0392673790e+00
6.9978513139e-02
