-9.2229973649e-01
-5.8189687822e-01
3.0925035236e-01
-1.3134086223e+00
4.7190485961e-01
-5.3449286055e-01
2.6339826346e-02
1.7657442069e-01
6.1775869891e-01
-1.1625150380e-01
-4.0415692885e-01
-3.0608043367e-03
-1.4187902411e+00
7.7897313539e-01
-1.7988444893e-01
-8.8552927910e-01
3.1179531997e-01
1.1452361500e+00
3.5001786266e-01
-3.3515410061e-01
-1.2532661770e+00
6.2861873378e-01
1.5892054099e+00
-2.2815813080e+00
1.4693933058e+00
1.1787215418e+00
1.2186655327e+00
1.6485319698e+00
-1.9553297915e+00
-2.7104305578e+00
1.5553397007e-01
-8.1486547046e-01
