-4.3893010829e-01
-1.1362984588e-01
-1.3302489965e+00
8.1570595316e-02
-4.9773142645e-01
-1.0019290736e+00
-6.2510835378e-01
-9.2636776948e-01
5.2698630502e-01
-9.3837131923e-01
1.3842420645e+00
2.0329068152e+00
-1.9563503735e+00
2.2336837130e-01
-3.8007585795e-01
3.4182324698e-01
-1.8748663484e+00
-8.5828442705e-01
1.7495219647e-01
-5.1555506489e-01
1.5706378621e+00
-1.4437677616e+00
-8.6429548834e-01
-7.6143098742e-01
2.2921984899e+00
-9.3801215517e-01
9.7771378471e-01
3.2057474647e-01
1.4065763374e+00
-4.0617885497e-01
-4.3251817436e-01
1.0140428535e+00
