1.3367645273e-01 2.3742819387e-01 -5.6978536441e-02 6.0249040610e-02 2.9945770998e-01 -6.3450437792e-02 -2.6265368974e-01 -1.3452750019e-01 -1.9857309542e-01 9.3801520209e-02 -2.2070781575e-01 1.3654680590e-01 -3.9184394260e-03 -4.2642939578e-02 -2.3640224594e-01 2.9173442949e-03 2.1712462866e-01 -3.4420027010e-01 -1.1276051014e-01 1.1863732921e-01 -5.9353225255e-04 -4.5749535142e-02 -5.8828339904e-02 4.9998464068e-02 -1.5217361557e-01 -4.9019866116e-02 -7.5207589879e-02 3.2788619916e-02 2.3379935143e-01 9.3782945758e-02 1.9345345814e-01 1.0566804598e-01
4.0509671574e-01 -9.3153209276e-02 -2.8750124293e-01 -5.2566129715e-02 3.6730082309e-01 2.3641553789e-01 -1.2457516398e-01 -1.0104786810e-01 -3.3813584999e-02 3.3271845065e-02 -1.9643180511e-02 1.9583333046e-02 2.9795830565e-01 1.3285805464e-01 5.4799940542e-02 2.6118032721e-01 3.7394529178e-01 -1.5878496853e-01 3.8651021686e-01 -1.6442914398e-01 -1.5448326059e-01 6.9731475848e-02 1.2159846941e-01 -9.9567193843e-02 2.4586722666e-01 -2.6916667807e-01 -4.3175613833e-01 1.8378931363e-01 2.6629044449e-01 3.8643519553e-02 9.9934900341e-02 1.9400351394e-01
2.2793214111e-01 -1.0356498827e-01 6.8804972219e-02 -1.0692139693e-01 2.9269404140e-01 -6.3985466561e-02 2.1746404305e-01 -1.9387546508e-01 -2.7330750666e-01 1.1312557262e-01 3.1220152987e-01 -4.8417793270e-01 -9.7561384498e-02 -1.0967288372e-01 3.2635820340e-01 1.8336244479e-01 3.3233116317e-01 -1.2476268243e-01 -1.8545578764e-01 1.4348048084e-01 -4.7829487492e-02 1.6810313871e-01 1.2957033100e-01 2.9939681391e-02 -2.1647448507e-01 1.2482271439e-02 -6.9155390773e-03 1.6739632753e-01 2.1480290270e-01 2.7749588791e-01 -1.1474989066e-01 1.4665252504e-02
-2.6253065984e-01 2.1085042601e-01 -2.3270389547e-01 -4.7271287398e-02 -2.5985622517e-01 6.7718869974e-02 -2.3053708928e-01 7.0916371597e-02 8.8895046453e-02 7.5815105587e-02 -1.1467445111e-01 1.0384248884e-01 -1.9253901164e-01 -5.2892226875e-02 2.1666369441e-01 2.4066427221e-02 -7.5925392624e-02 3.0444831794e-03 -2.5438419855e-02 3.3909207301e-02 -8.7091766491e-02 1.0494811871e-02 -1.7532572949e-02 3.3296412307e-01 6.2944008076e-02 3.5549313829e-02 3.4626855491e-01 3.2782185265e-01 -3.2800621684e-02 1.7484555759e-02 -2.8468019455e-02 2.5015293406e-01
-8.2884673083e-02 2.9788107790e-01 1.3728343554e-01 2.4139255512e-02 1.4071481408e-01 -1.1641942665e-01 1.0827860793e-02 2.8240870351e-02 -2.3263856978e-01 -3.9298494773e-02 -1.1841024051e-01 -1.7497322039e-01 -5.0515081496e-02 -1.0872263065e-01 -6.2330417670e-02 -4.3227553716e-02 -1.9355173797e-01 1.5235333467e-03 -2.0100372749e-01 -2.2430232698e-02 -2.6598855438e-01 -3.6565809472e-03 7.7533873919e-02 1.3887258213e-01 1.6833280827e-01 7.0885729299e-02 -1.6700134235e-01 2.0121323129e-02 -8.1736577719e-02 -2.7812634152e-02 9.8286227819e-02 5.0964095523e-02
-1.9171660468e-01 9.5637766583e-02 2.0136111314e-02 3.5563614893e-02 2.8570089623e-02 -1.2451068474e-01 -8.2879489121e-02 -1.1195837643e-01 -1.9106580883e-02 -3.9162496161e-01 -2.2007981596e-01 -1.2027246026e-01 -6.4560965375e-02 -7.3611843998e-02 -1.3963561905e-01 1.1544551228e-01 2.0895682958e-01 -1.7231715128e-01 -2.7543831037e-01 -2.8001284390e-01 -1.2505087275e-01 -1.3738846811e-01 -1.6284439406e-02 2.6410272346e-01 -5.9542224655e-02 7.2301798871e-02 -3.7873877556e-01 9.8323996663e-02 -4.4094693500e-02 -2.0951970333e-01 1.1763762869e-01 2.5002122770e-01
-2.1576819011e-01 -1.7877518098e-01 -3.7088668712e-02 -1.8772454217e-02 2.4441865549e-02 5.2901765764e-02 1.4745345174e-01 -2.6121358462e-01 -1.0085578306e-01 3.2330373294e-01 1.6756909517e-01 8.1302896283e-02 4.1457723869e-02 1.8483121104e-02 5.1275721114e-02 -1.4055531827e-01 -1.8024991989e-01 -6.0808937530e-02 1.4596390995e-01 1.5539633308e-01 -5.3668900797e-03 1.1491161931e-01 -2.1736395567e-01 -3.5175029455e-01 -2.2930677534e-01 2.7458381140e-01 6.2575506173e-03 -2.0627867399e-02 -2.1792804380e-01 -2.1115153856e-03 -5.5617617465e-02 3.1312910809e-01
3.1334151606e-01 2.6600313996e-01 -1.1394872802e-01 -1.4855503462e-01 -4.2314821232e-01 -2.0424201092e-01 -1.8084084862e-01 -3.1445107191e-02 -2.8422598251e-02 -1.0611089451e-01 -9.3587940388e-02 2.4374457395e-01 3.7171189940e-01 6.4362857304e-02 1.0565616587e-01 1.0852470429e-01 3.4429938978e-02 4.2406735066e-02 -7.0748023335e-04 -3.0568865392e-01 1.3144911913e-01 2.5234572700e-01 1.2374091691e-01 -5.5318477050e-02 -1.5205708418e-01 -5.1925354119e-02 2.3799031501e-01 1.3026342239e-01 1.6510228038e-01 -1.5580581419e-02 3.9312187635e-01 2.5442276142e-03
3.0420979681e-01 -6.4541405770e-02 -3.8372046613e-02 3.3368102548e-02 1.7471407200e-01 -6.3804286199e-02 -5.4079477016e-02 -1.6214455380e-01 -3.0154155574e-02 1.2172885869e-02 -1.3202347841e-01 8.8292665189e-03 4.8975807349e-02 3.5599772191e-01 5.3109808834e-02 -1.0848850700e-01 1.5653369180e-01 1.9023531094e-01 4.5325904967e-02 -4.2634183550e-01 -1.8435737531e-01 -1.3244357779e-01 2.1119251684e-01 -1.3864265426e-01 1.1832632968e-01 2.1591788020e-01 3.6407803557e-02 9.9510688451e-02 3.2657313085e-02 6.2590647552e-02 1.7273012293e-02 1.4228596864e-01
3.6222012903e-01 -1.2744679456e-02 2.3350221806e-02 6.6856557784e-01 5.6260323666e-02 1.9409404992e-01 -1.2956277221e-01 5.0515560268e-01 -2.6746175065e-03 -2.6793875210e-01 -2.2568683563e-01 6.4011097357e-02 7.4641438368e-02 1.8164720190e-01 -1.2090490842e-01 -9.7493066971e-02 -1.6154534398e-01 1.1605789982e-01 2.2851838670e-01 -1.0547685356e-01 1.2670353536e-01 2.1406342213e-01 -2.7589815205e-02 2.1337391030e-01 1.3426194654e-01 2.2349096805e-01 -1.0350123075e-01 2.7744196992e-01 -3.4985596773e-01 3.6490183469e-02 7.8719888307e-02 2.8466680096e-01
-8.5771283050e-02 -6.7689404643e-02 -2.0675942388e-01 1.7466446224e-01 1.0478987128e-01 1.2397424062e-02 -3.3293210961e-02 2.9657517590e-01 -9.2638033906e-02 -1.5762759903e-01 5.3045689229e-02 7.0355669942e-02 -1.9952841526e-02 1.1559066440e-01 -2.1486276717e-01 1.6711502045e-01 1.7437196113e-02 -3.7369945014e-02 -8.2170491738e-03 2.0848519338e-01 1.0040797899e-01 -1.5716055980e-01 -8.1556703751e-02 1.1087056198e-01 8.7823562535e-02 -2.6566468609e-02 1.3442120145e-01 1.1557041072e-01 2.2655002239e-01 -1.9217051037e-01 -1.7855747410e-01 2.1747534141e-01
-7.2122100245e-02 1.3417490934e-02 3.5047152461e-01 2.1444067320e-02 1.4903770858e-01 -1.4131830954e-01 -2.1224758332e-02 -1.1766561225e-01 4.9118215228e-02 -3.5772909069e-02 -1.8910672291e-01 -2.6610501504e-02 -5.0135273481e-02 -1.3409629012e-01 9.5814546791e-02 1.2539545826e-01 5.8498785004e-02 1.2741907582e-01 -2.8229456988e-01 -5.4385505360e-02 4.0896376324e-01 -2.0975491809e-01 1.0661497009e-01 1.5253001993e-01 1.9337396123e-01 8.9656285101e-02 -1.5685218061e-01 -1.8439130024e-01 -2.8405819867e-01 -1.2473453446e-01 -1.5532694915e-01 9.7823576653e-03
9.1846971343e-02 1.1763847283e-01 -1.8462544206e-03 9.8354583469e-03 2.5926692469e-02 -1.8343055870e-01 2.7372816754e-02 1.0401077951e-01 7.4923627269e-02 2.0417303024e-01 -9.3672510104e-02 -2.4114027321e-01 -1.1064333487e-01 -9.4152504326e-02 2.2929040747e-01 2.3771435185e-01 1.1955906853e-01 -3.4236873295e-01 -1.5215025286e-01 -2.0090921843e-01 -5.1348170928e-02 -3.4926433428e-01 -1.4232851022e-01 -6.2709338964e-02 -2.4765763765e-02 -7.7413815123e-02 6.2280862522e-02 2.1134572336e-03 -5.5481163701e-02 -1.7343877381e-01 -8.3155727067e-02 2.5813416047e-01
2.3274150422e-01 8.0485404479e-02 1.4477529041e-01 1.5451784638e-01 2.2714468561e-02 2.2377490977e-01 -7.0378972231e-02 -4.6457166084e-02 8.0075617243e-02 2.1322123082e-01 -1.0822295618e-01 -1.2837458917e-02 1.4115982578e-01 -3.3597874982e-01 2.6291950310e-01 -2.7380756618e-02 2.0326571342e-02 -2.0615766011e-01 -7.3224007902e-02 -4.0329618788e-02 -1.2849528655e-01 1.0719317196e-01 -6.9694583209e-03 -1.0283113076e-01 -1.5491400393e-01 -5.0684953103e-02 -1.3020821883e-01 8.1471081271e-02 -9.9437902868e-02 3.9636686858e-02 -2.5074219798e-03 -4.2760638254e-02
9.9851353600e-02 1.4168336326e-01 1.0361095991e-01 2.0202166058e-02 -1.0601271493e-01 -2.7750466396e-01 1.4281604588e-01 1.6915490160e-02 3.0245540739e-01 1.1151092155e-01 -3.9544813747e-01 7.9060828889e-02 4.2830140923e-03 -7.0212089624e-02 -1.2383213209e-01 -9.2154070963e-02 -1.5518287745e-01 3.1700757065e-02 1.3777631235e-01 1.3076000736e-01 7.2863098996e-02 -2.4786516579e-01 -2.7959232614e-01 4.3640067331e-02 -4.6494981235e-01 1.7237555389e-01 2.4257219249e-01 9.0915217251e-02 2.8968031956e-01 2.5304083805e-01 5.3650196934e-03 3.2204192332e-02
-1.1115365678e-01 1.1655070686e-01 5.5794497900e-02 1.9383401348e-01 -1.0408829252e-01 1.4340912314e-01 1.9512238924e-01 2.1570333483e-01 -3.9656598444e-01 3.6722268979e-01 2.2968230247e-01 1.3589533331e-01 8.7229705734e-02 -1.1546736275e-01 1.1705745069e-01 -6.5047996020e-02 -7.9142759585e-02 3.7808861256e-01 7.9136430410e-02 -1.1702554386e-01 -1.6887648724e-01 1.8656883464e-01 3.4637222185e-03 1.2048389877e-01 -3.0560727926e-01 2.8392935094e-01 -3.6439507591e-01 3.2424671208e-01 -3.4618958959e-01 -1.7022805529e-01 -2.4647600626e-01 -4.4811976241e-02
4.4284920093e-02 9.3609173676e-02 -2.7890365463e-01 8.4082699299e-02 2.4780161223e-02 -3.1854307284e-01 -4.9216834733e-02 -7.4900179271e-02 -8.2347814368e-02 4.2648245751e-02 1.9308406259e-01 2.8683660607e-01 1.3436274422e-01 -1.2423169412e-01 4.5069273812e-02 3.9006993553e-02 -1.3845160656e-01 -3.2842162497e-02 -6.9268388070e-02 3.1112286979e-01 -9.6081467016e-02 2.6231452509e-01 5.6892223587e-04 -8.2479629916e-02 5.1094804539e-02 -1.5807285168e-01 1.6768177204e-01 -6.3263567656e-02 6.3843039221e-02 6.6598260574e-02 -1.4440248897e-01 2.2120473909e-01
1.5717482241e-01 9.5367032381e-02 6.3585084599e-02 -5.8426525284e-02 -6.7379441758e-02 3.1498624974e-02 -1.9981507778e-02 -1.8129915602e-01 -1.0741766085e-01 1.8305562036e-01 6.4967412602e-02 1.8664095692e-01 1.0329410867e-01 -2.8431075083e-01 7.9609324111e-02 -3.8867150218e-02 2.4157182088e-01 -4.6379327275e-02 -2.6353448054e-01 -1.1992859907e-01 -2.3663155471e-02 8.2701062368e-02 -2.6344018586e-02 -3.1005665601e-01 -7.1612954409e-02 -3.7489541716e-01 -1.8990442220e-01 -2.9278090652e-02 1.4766860119e-01 -1.8202590298e-01 3.2121485276e-01 -2.6450016218e-02
-1.3231169050e-01 1.9564196721e-01 -1.7212090233e-02 -5.6167073034e-04 -4.3893318381e-01 1.6497192409e-01 1.9103179732e-01 -6.7281715635e-02 1.3838943497e-01 5.5025749661e-02 -1.7176716183e-01 -2.9446014945e-01 -5.8081714078e-02 7.1795962624e-02 -2.6304323737e-02 1.6584511010e-01 -2.0866474453e-01 2.5760775628e-01 3.0895608204e-02 -5.0917488371e-02 1.5093199724e-01 -3.4543574095e-03 4.7645533116e-02 -1.1476856816e-01 -1.4601781455e-01 -3.4107641972e-01 2.5653730359e-02 -2.8177877568e-02 -4.7384589004e-01 2.7505444459e-01 5.5658162979e-01 -4.8934820113e-02
-2.6833833502e-01 2.1003293632e-01 -3.8652595541e-01 -2.9269155924e-01 -3.3732422422e-01 -1.4714017191e-01 5.8151884907e-02 -1.3595366003e-01 -1.2832584211e-01 -3.5402979397e-01 5.7027644614e-02 2.7177066024e-01 3.1515773612e-01 8.1263317311e-02 -1.0035546729e-02 -9.3852985497e-02 -1.7850355061e-01 2.1667562219e-01 1.3597361894e-01 3.5647558421e-01 4.4808007094e-02 -2.4158521518e-01 -4.4352877343e-02 7.3427414558e-02 1.1987740195e-01 2.3402982078e-02 1.2038711999e-01 1.9532671787e-01 1.7220807209e-02 -1.0162103043e-02 -1.1005818695e-01 -3.4817069425e-01
-3.5652553785e-02 -2.3982371467e-01 -1.7951276975e-01 -8.6800162221e-02 -1.2401541912e-01 -2.5971978356e-01 -8.7455952750e-02 -1.6430028393e-01 1.3441813554e-01 4.0144506744e-02 2.3627199258e-01 -1.8399640042e-01 1.3576739143e-01 -1.0462212903e-02 3.2453923752e-01 -2.1612390046e-02 -9.8789922254e-02 2.6522895394e-02 4.2280853191e-01 -1.3175477937e-01 2.9353282623e-01 1.5280554266e-01 3.5716704553e-02 1.6837959205e-01 -2.4381669417e-01 -9.9625338483e-02 2.5093024911e-01 -6.4162634509e-02 5.3736208344e-02 1.3630572598e-01 -1.8107944927e-01 -1.6260469484e-01
-1.7075193967e-01 2.5387466284e-01 1.4668618581e-01 8.3348193292e-02 -4.0379120214e-02 1.4687150481e-01 -8.3606651500e-02 -1.5687006681e-01 1.8318328494e-01 -1.1096351162e-01 -3.0836942770e-01 -4.1359038219e-02 2.8385148782e-01 -4.2052896039e-01 -1.5819541545e-02 -1.8324072140e-01 2.1198865581e-01 1.2676469117e-01 -8.9938506636e-02 -2.4955565031e-01 -1.8851747312e-01 1.5901880808e-01 -1.5351120522e-01 -3.7089768378e-02 1.5881103869e-01 1.4286669144e-01 1.0806915439e-01 -7.8259728583e-02 1.6142725400e-01 1.0007600660e-01 -7.2093996755e-02 4.1740808553e-02
-1.1331433815e-01 1.3073197047e-01 -1.5767860061e-01 1.5832035229e-01 -4.0963545082e-02 3.7473717767e-01 -4.6630145541e-02 -1.4153380255e-01 -1.4171209524e-02 8.8553579680e-02 1.2529058869e-01 -6.4214088954e-02 7.2037727813e-02 1.6800871676e-01 2.0801583561e-01 6.8128927193e-02 -4.1296788945e-03 2.5874874951e-02 -1.9651546511e-02 1.5721522669e-02 7.0409992128e-02 4.0454576608e-02 -2.7116737178e-01 -1.1375332014e-01 -2.4469778527e-01 -2.8293874535e-01 5.3091289091e-02 6.5344694479e-02 -1.4785332226e-01 -2.0316025101e-01 5.4759976213e-02 2.5827469520e-01
-1.6121593066e-01 2.5144509876e-01 -1.0291364321e-01 2.5085124752e-01 3.3009336313e-01 -6.8488901876e-02 3.8051995000e-01 -1.5342788628e-01 -7.4162199741e-02 -5.8072312238e-02 -1.6159035959e-01 1.7105904990e-01 -7.9310507675e-04 -1.7862726553e-01 4.1739084378e-02 1.1578098893e-01 -3.2740269341e-01 -1.2950647066e-01 9.2010949380e-02 5.2814641096e-03 1.4268219321e-01 -2.2095782292e-01 1.7906830005e-02 5.0320257363e-02 -1.5633997419e-01 -1.8666049431e-01 4.3714406875e-02 -1.4791634884e-01 2.7063981574e-01 1.6860838436e-01 9.5966488929e-02 -7.9738471303e-02
4.4197924006e-02 -7.0017600664e-02 -2.0188216448e-01 5.1957612542e-02 1.3289582093e-01 7.9692422828e-03 -1.9643619819e-01 -1.8064138028e-01 -6.5680329172e-02 -1.2900447557e-01 -1.3451691850e-02 5.3924195913e-02 -1.3495320787e-01 1.6080609306e-01 1.5171439969e-01 3.9965364869e-01 -5.9631512123e-02 -3.2606657834e-02 -1.8174662048e-01 -1.1475799256e-02 1.9608076671e-01 1.8827088985e-01 -2.8086401427e-01 2.6246658847e-01 3.3626157915e-01 7.3273283343e-02 6.3830226382e-02 -1.1473393731e-01 1.1823702831e-02 2.7512972790e-03 1.3287816576e-01 -2.6702328968e-01
-8.0633662244e-03 -3.3810758527e-01 -1.0373739313e-01 -5.8184826609e-02 -6.6095412468e-02 3.1394737789e-02 7.3321550389e-03 2.2291447971e-02 -9.1021453630e-02 -1.3440587285e-03 1.7089325746e-01 6.8082374472e-02 6.1381609820e-02 -2.3757776981e-01 1.1710857422e-01 -2.9899290790e-01 -5.8669597107e-02 8.0580410937e-02 -1.6129537899e-01 -1.5698427603e-01 4.0160378469e-02 -1.1897510382e-01 -2.2972442201e-01 4.4608201392e-02 -5.0415257487e-02 -1.4844212512e-01 2.3812748488e-02 5.4344519232e-02 -2.9650093997e-01 -8.3786880656e-02 4.1053697798e-01 -3.0646889216e-02
2.6587288245e-02 -2.7496699920e-02 -5.5080813783e-02 5.6101975744e-02 1.4714840362e-01 -1.3712708846e-02 1.1173999444e-01 -2.4095352296e-01 -4.3449740868e-02 5.9081978041e-02 2.1828112106e-01 -2.3912994493e-02 8.8641749276e-02 1.6652722842e-01 3.6727133527e-02 -2.3588597058e-01 -1.3056306480e-01 2.3879242797e-02 1.4429155383e-01 -1.7444382559e-01 1.7830152552e-01 -2.9232351618e-01 -2.9159692682e-01 -5.7900295153e-02 1.4157263943e-03 -2.5379156987e-01 1.1859259779e-01 1.5016935388e-01 5.8690133453e-02 6.7876264780e-02 -3.2594222056e-01 1.1379077854e-01
-3.0762821697e-01 -3.2650841057e-01 -1.0087884461e-02 -2.1050313006e-02 1.9324899623e-02 -1.1965361731e-01 -3.5001375085e-01 -8.7383417495e-02 5.2421552496e-02 1.3138200346e-01 -2.1753061947e-01 -2.2000643957e-01 -1.2862406706e-01 -2.5849274211e-01 -3.0262074806e-01 3.0708586922e-01 -2.2931988212e-01 7.2044660288e-02 -9.8577496906e-02 1.5542001919e-01 3.6833319915e-02 -4.8810338503e-02 7.4878203077e-02 1.0911047670e-01 -1.6303034443e-01 -6.7229359816e-02 3.3323395175e-01 -2.2408596463e-01 -1.5920903155e-01 1.2392801701e-01 -6.7108831507e-02 -1.2506084015e-02
-1.8617057383e-01 -4.0134083596e-01 -5.8515027597e-02 8.4162559427e-02 2.0603413012e-01 3.3582912916e-01 2.2209775442e-01 9.7855099792e-02 -1.1935128997e-01 -2.9918630208e-04 -1.5081113342e-01 5.3504655278e-02 1.0155189551e-01 4.8572979370e-03 -6.4862199548e-02 -1.6262793251e-01 2.2304036722e-01 -1.7993679468e-01 -1.8333200499e-01 2.2644046593e-01 2.2125273712e-01 4.6227386318e-02 -3.8106707096e-01 3.1177663397e-01 -3.9937287048e-02 2.5821476100e-01 3.5805425792e-01 -2.6614211417e-01 -4.4195474578e-02 -1.9700182386e-02 4.9018674962e-02 2.7355258022e-01
-6.7542304152e-02 2.6390142987e-01 -3.1373837554e-02 1.8096922837e-01 1.3049264061e-02 1.6838034024e-02 4.2012737305e-02 -2.7132979699e-01 9.6343714143e-02 -3.1803447626e-01 5.2383737801e-02 -9.4809715457e-02 1.0122788359e-01 3.3589385977e-02 -2.0537248009e-01 -1.1365998136e-01 -1.1071748389e-01 -2.4062535570e-02 -1.4848374550e-01 -2.0213131451e-01 5.1951445284e-02 -2.2757302073e-01 1.4083258385e-01 2.0725113217e-01 -1.9331953258e-01 -1.9551451609e-02 1.6451356204e-01 -2.0771537742e-02 1.1607986950e-01 7.4661105805e-02 -3.6099708308e-02 -5.3567378685e-02
1.3421429558e-01 3.1128032375e-02 -6.4321773087e-02 5.5561209582e-02 -3.2450939813e-01 7.5700447116e-02 2.2590420764e-01 -1.4629062142e-01 -3.4539725409e-02 -4.1252743678e-02 2.6703220511e-01 2.2143600996e-01 1.5943428709e-01 1.7887608452e-01 -2.2224992140e-01 1.6473141541e-01 9.9595554319e-03 -1.4699650920e-01 3.1924783874e-01 -1.8925393545e-01 1.6511011373e-01 5.8251244662e-02 -1.1410052424e-01 -2.1352698176e-01 1.0927757313e-01 -3.2644315586e-01 1.2726489253e-01 -3.0198839268e-01 -3.1963049125e-01 -1.3097533128e-01 -2.1282294695e-01 -5.7436739390e-02
3.7224002729e-01 1.6552039815e-01 -1.8255352636e-01 1.7068685492e-01 -2.3250951911e-01 3.4874733686e-01 -1.6087749645e-01 -5.0248920412e-03 -1.8189195934e-02 -1.6733158162e-01 -1.8905671892e-01 2.7325387136e-01 1.0064314195e-01 -2.7658039301e-02 -3.7144229244e-01 1.1440967299e-02 1.9197286580e-01 1.9900724250e-02 7.1754744239e-02 -8.2126273911e-02 -1.2438541268e-01 -4.2046541635e-01 2.7229037732e-01 2.9425733724e-01 2.4751892544e-02 -1.2417237249e-01 -1.2659397335e-01 -2.7532484900e-01 -2.4908569142e-01 5.9515006177e-02 1.3302102248e-01 2.6331139841e-01
