1.9835011115e-01 2.7904843660e-02 2.1515853723e-01 -1.4895886135e-01 -2.0785671061e-02 -5.0684277713e-02 -2.5911992312e-01 -1.2587928497e-01 -3.9167186909e-01 1.1400468394e-03 -1.5818109228e-01 -4.2363676465e-02 9.8866940357e-02 -1.4169775631e-01 -3.9149729420e-04 -6.8150093412e-02
2.9908316400e-01 -5.9290249708e-02 -4.3185145309e-02 -3.3865959258e-02 -1.5166253610e-01 1.7483252010e-01 2.7975317937e-01 7.3742618249e-02 -1.1810423892e-01 -7.9968883055e-02 1.5719993224e-01 -1.4873073582e-01 2.6052911897e-02 -1.0716366992e-01 -5.1252701673e-02 -2.3494720285e-01
3.0858824169e-01 1.2167049798e-01 -1.1247738050e-01 8.0782034984e-03 4.4394051667e-02 2.5029658241e-01 1.2439860434e-01 -4.0678462721e-02 -4.9749518239e-01 3.9503822124e-02 -6.9297691446e-02 3.0960797817e-01 3.2909304141e-01 5.8278647446e-02 3.1093542510e-01 4.6070844993e-01
-1.7717286667e-01 -2.9159815270e-01 4.5830722045e-02 -5.8131790134e-02 -2.4501758087e-01 1.5294459612e-01 2.8190549216e-01 -1.9650170093e-01 2.5892328120e-01 -2.7715911044e-02 -8.5455384992e-02 -3.3714058003e-02 2.1076815776e-01 4.3697231540e-03 -3.9465838323e-01 2.7513080042e-01
-1.9840722703e-01 9.9260366396e-02 -5.3210167864e-03 1.9440526217e-01 -2.6619871647e-02 2.6311376799e-01 1.1439456006e-01 -2.2599057686e-02 -4.8656396548e-02 1.1345813832e-01 -9.4665772924e-02 -2.4154068911e-01 -1.6966573277e-01 3.2039073723e-03 -1.2730307654e-01 -1.2572797556e-01
3.2738321012e-01 4.6629471588e-02 3.1417773429e-01 -1.7144898586e-01 2.4043954230e-01 3.1376589621e-01 -1.9538152464e-01 -3.2803995857e-02 3.6311525361e-02 -1.5504246049e-01 -2.4083256408e-01 -1.8815605891e-02 -1.2447267793e-01 1.4414652402e-01 -2.5754950896e-01 2.2044120487e-01
3.0516762691e-01 4.1842138929e-02 -1.5566991955e-01 -4.2765245756e-02 -2.1393315319e-01 6.1208732839e-02 2.9887143805e-01 4.5633305559e-02 1.5557319831e-01 -2.1872545060e-01 -1.1262275998e-01 -2.2723326251e-02 -3.2888629607e-01 4.1847586976e-02 2.2130609510e-01 -1.4696155750e-01
-1.5635748645e-01 4.8402727476e-02 3.0747192499e-01 2.8100825662e-01 3.5283764055e-01 -2.4756310405e-01 -1.0119134548e-01 1.2079934652e-01 1.1199348869e-01 3.4763555533e-02 1.9108524559e-01 6.8260508552e-02 -1.1200945661e-01 4.8531123609e-02 -1.7975189356e-01 -3.2130268757e-01
4.5516248567e-02 -1.6805668313e-02 -2.8130760318e-01 3.3120873296e-01 -1.5761890332e-01 6.2563867574e-02 -5.9427110707e-02 -4.8739406402e-01 3.6527436796e-02 1.5724588148e-01 -2.8685554850e-01 -1.8440700732e-01 -8.2214340719e-02 -1.4753687932e-01 1.0347245608e-01 7.6901500511e-02
-1.4397609577e-01 9.8852868253e-02 1.8694670036e-03 -4.9879702754e-03 -8.2132541014e-02 1.7338034246e-01 2.4619608212e-01 1.8223142363e-01 -3.0128198470e-01 -1.3411565692e-01 -3.6775930547e-01 6.9309023949e-02 2.4380704981e-01 5.4093316477e-02 4.3630683684e-02 2.2570934801e-01
1.0367441285e-01 3.0698353089e-01 -2.9680982525e-01 -9.9352759836e-02 -1.1774598813e-01 1.0971604604e-01 -3.1300448022e-02 -1.5745650054e-02 1.1179720916e-01 4.8782917842e-01 -9.1803254230e-02 1.0935522334e-02 -2.2456490345e-02 2.1571987323e-01 1.5764317031e-01 -1.2207876820e-01
1.4043117637e-01 2.4934451910e-01 -2.4425041967e-01 3.4327831370e-01 -6.5296594749e-02 -1.1733197288e-01 2.1141502366e-01 -9.1493108032e-02 1.9955563827e-01 -5.3178466633e-03 -7.1533146671e-02 -6.7317136313e-02 -1.3785671771e-01 -2.5464123871e-01 -2.1153915315e-01 -1.4760309065e-01
1.6978245232e-01 -8.7085890811e-02 8.0226445899e-02 1.1487814150e-01 -2.0478886543e-01 1.8256349815e-01 1.0484322756e-01 -2.5856311608e-02 -6.1463945799e-02 -9.3487549550e-02 9.1076191375e-02 7.5813729186e-02 4.4439013595e-02 -2.6609157732e-02 7.8286828205e-02 1.0564040890e-01
2.6382505964e-02 -1.8346300166e-01 2.4136578258e-02 -1.2837757604e-01 3.7711614053e-01 -3.1442329369e-01 7.9223628748e-02 3.6152755213e-01 2.6228774849e-02 -1.6277608596e-02 -2.8754027045e-01 1.0307690769e-01 -4.0855700937e-01 2.2988998852e-01 -6.2422220732e-02 7.3760840021e-02
-2.1352554946e-01 -3.1873933132e-01 3.0096497315e-01 -1.1420315082e-01 2.5805796923e-01 -4.0196771360e-02 2.9000146763e-01 9.4375145278e-02 -3.7457537903e-01 8.9284246277e-02 -2.3895826305e-02 -2.5249802388e-01 9.4651335358e-02 2.3000063518e-01 -6.6037401740e-03 5.4940928817e-01
8.2888796043e-03 -6.3890504746e-02 7.6757811386e-02 1.2808472442e-02 -1.4111701750e-01 1.2788292807e-01 -1.3789049832e-01 -2.2193055021e-02 1.4318991940e-01 -2.9424235614e-01 -1.9180892571e-01 -3.1837030018e-02 2.3645687287e-01 5.0214644921e-01 3.4333020182e-01 1.6523582160e-01
-3.5074331365e-01 -4.4158014862e-03 8.4084647551e-02 -1.3168651527e-01 -1.2499536542e-02 1.7762523001e-01 2.5591042988e-01 1.9798055060e-01 -1.7727213600e-01 1.6572267914e-01 2.5902472958e-01 5.6116974974e-01 5.2999347910e-01 3.0569831761e-02 -2.7483426934e-01 -1.0311886047e-01
4.9076849553e-02 -1.7102508829e-01 2.6662794320e-02 4.9285915377e-02 -2.9879504120e-01 -1.6640487540e-01 9.3491859842e-02 1.8250102620e-01 3.5787094639e-01 -2.4102703468e-01 -2.9292485693e-02 -3.8489567781e-02 -1.3917262609e-01 -5.3277500709e-01 -3.5547954068e-01 -2.1447896311e-01
1.7793683746e-01 7.0756481690e-02 3.9686625200e-01 5.3247891721e-02 -3.9353462736e-01 2.0086844982e-01 -2.0031957121e-01 -2.3908495708e-01 2.2129329806e-01 -9.9924838268e-02 2.9120964203e-02 -1.9222357258e-01 7.2817808557e-02 2.4874045817e-02 -2.7509675663e-01 1.7329671706e-01
2.7952939080e-01 -8.8562454709e-02 2.6411180467e-01 3.7204378248e-01 -7.5444279658e-02 -4.4214415206e-01 -9.6051887947e-02 -2.6987453895e-02 4.9517830533e-02 7.4107826984e-02 -5.1058429843e-02 -5.9855531041e-02 -4.1765885823e-02 -2.6533274201e-01 -1.1790915715e-01 -1.2488116659e-01
-2.1903893318e-01 1.0022940751e-01 -2.4982503202e-01 -2.0777140075e-01 -1.8435608519e-01 5.5109459055e-01 -5.0617524578e-03 -1.2788167170e-01 2.4184606007e-01 3.7116238815e-01 3.6566936191e-02 1.9082453092e-01 -3.8250584863e-01 -1.2321344026e-01 -3.1676529064e-01 1.8262103967e-01
-3.2078942582e-01 -1.5269392266e-01 -1.3738365990e-01 -1.2487112186e-01 7.6147605707e-02 -1.9990912340e-01 4.7800469811e-03 -1.1171112303e-01 2.9636914524e-01 8.4901465217e-02 3.8235849101e-01 -4.9429332223e-02 3.9295640143e-02 4.4664847461e-01 -4.2423261013e-01 1.5538558827e-01
-8.1629941056e-02 1.2480026823e-01 -7.1236168970e-02 -3.9721181744e-02 1.2907023168e-01 -4.9616680763e-01 -5.6866721081e-02 -1.3830127877e-01 -1.9544794228e-01 -7.3671245235e-02 1.2120010990e-01 -1.6629859929e-01 -1.1822935356e-02 -1.5422446813e-01 1.0255996893e-02 -1.8753536073e-01
3.4476191268e-01 -2.8149454704e-02 -1.4058214938e-01 1.0353954001e-01 6.9403483825e-02 7.4991721125e-02 -3.5824222996e-03 1.7430868560e-01 1.9966954111e-01 -2.0036415714e-01 1.2592831821e-02 2.0365111179e-01 -3.9956711385e-01 1.4709972190e-01 -1.9613337339e-01 2.6050136110e-01
