9.7641687877e-01
9.7873457533e-01
-1.5418572633e-02
1.5608982701e+00
1.0625343492e-01
4.1008372970e-01
-8.6780009837e-01
2.2053549433e-01
1.3490466333e+00
-3.7067578685e-01
3.9050810920e-01
1.4699545189e+00
1.9257681262e+00
-7.9585964147e-01
1.0110264156e-01
-7.8024253482e-01
-7.1423096949e-01
1.5247622034e+00
1.6560454614e+00
9.5224862166e-01
-3.4612925253e-01
7.1850436095e-01
-1.2296911905e-01
1.2245174476e-02
2.0714351474e-01
9.6823884977e-01
1.4320451201e+00
-6.0884350684e-01
2.3521687355e-01
-5.3213674934e-01
-7.2656477000e-01
2.0013740216e+00
