1.7544057163e-01 4.6696533525e-02 4.3062195370e-02 -5.9394917859e-01 -6.8446321818e-02 5.9393455785e-02 1.9692354196e-01 -3.6822947587e-02 3.3988180078e-01 -4.7424881952e-01 2.8588798495e-01 1.5986933864e-01 -1.4469762378e-01 -4.4358004717e-02 9.1475944370e-02 2.2175072168e-01 -9.7445126956e-02 1.4084326123e-01 -7.5466163257e-02 -4.7899660564e-01 -2.2874879909e-01 5.7224826362e-02 2.4553399381e-01 3.4961138164e-01
2.5745804801e-03 -6.9321956641e-02 -6.2481122684e-02 -1.3290293949e-01 2.9343614933e-01 2.5739469696e-02 1.9448927413e-01 -1.0838007730e-02 -2.2547164318e-01 -1.1766196637e-01 3.4087365545e-03 5.5472754607e-02 -3.9501693427e-01 1.9475164460e-01 3.6882390679e-01 3.7402728179e-01 8.5882276553e-03 3.4558354283e-01 2.7916962313e-02 -5.8094506363e-02 -3.4750270056e-02 -1.8777546245e-01 1.2516763076e-01 -3.5458988971e-01
2.2208866264e-03 -8.1392658475e-02 -3.6261425044e-02 -4.0950901198e-02 1.7742907670e-01 -9.7560732999e-02 -1.6385906523e-01 -9.6886959235e-02 -9.1344193607e-02 -1.4406600532e-01 9.1958202150e-02 2.2307886024e-03 -2.2373523211e-02 -1.2268525440e-01 2.8707087847e-01 8.1471375230e-02 -3.7789748339e-01 -1.0688211680e-01 -2.4389855375e-01 2.4503589028e-01 1.1004066960e-01 1.1659326148e-01 3.3461770382e-01 -1.1636968501e-01
-5.1706019941e-02 1.0327234675e-01 6.9358505869e-02 -8.0690242156e-02 -2.9883103680e-01 4.2804025778e-02 2.2700510584e-01 -3.6333441721e-01 -3.7968056736e-02 2.0032830862e-01 1.8493440973e-01 2.3662156973e-01 -1.5638062621e-01 3.1815007125e-02 -2.1258266239e-03 3.3263050497e-01 -3.9985874443e-02 9.2541370761e-03 7.1282457640e-02 9.2353111361e-02 -3.1589009752e-01 6.9706680998e-02 -2.2774775696e-01 9.2232328121e-02
-1.1529929526e-01 -1.7784371144e-01 -1.0435406162e-02 3.7720776761e-01 -1.2982472140e-01 -1.8901471497e-01 -1.5356953649e-01 1.5758917414e-01 1.5863023732e-01 -1.9884070249e-02 -4.4717315580e-02 2.6636824049e-01 -2.3536419424e-02 6.0241294456e-03 1.2982794455e-01 1.7703123547e-02 -4.3809068419e-01 -1.9007755750e-01 3.9102340029e-01 -1.7611550366e-01 9.0678921315e-02 -1.1706692935e-01 -1.1821100654e-01 1.2400799362e-01
1.6491504562e-01 3.0625078178e-01 3.1574290783e-01 -6.3101010483e-01 1.6537410595e-01 1.0449526894e-01 3.1578080911e-02 -1.7770306778e-01 1.4804517519e-01 1.9089489301e-01 -2.7731242145e-01 -5.6257025404e-02 -1.7575404838e-01 6.6127992492e-02 2.4867260854e-03 -4.3464010658e-02 3.1098573900e-02 -3.5786857429e-01 -8.9806342349e-02 3.1911692323e-01 -4.9669140458e-02 4.3763261419e-01 -9.5746802671e-02 -1.4586411897e-01
-1.3251449491e-01 2.8121520830e-01 -8.4729071170e-02 -4.0582242784e-01 -1.7882666058e-02 1.4686467602e-01 2.7609709185e-01 2.6070830444e-01 1.7516086378e-01 -4.1084303989e-02 2.6994877327e-01 1.8576467868e-01 -1.0671541621e-01 2.3740181000e-01 2.7249002547e-01 1.5548998408e-01 2.6246220158e-01 -1.9800472730e-01 -6.4108217101e-03 -2.6695540299e-01 2.4397940744e-02 3.6551233127e-01 -1.9065363157e-01 1.5138024800e-01
-4.1635852444e-02 -1.4842381967e-01 5.1388772502e-01 -1.1361688802e-01 2.5108663669e-01 9.7905089609e-02 1.8496958827e-01 -9.3593118128e-03 6.6857766433e-03 -2.4699632338e-01 -1.5727292699e-01 -1.4760530479e-01 -1.2321086021e-01 4.1268687444e-02 1.9628041364e-01 1.4950955793e-01 2.0459049715e-02 1.3379085377e-01 2.0631727618e-01 9.1172943983e-02 2.0185173958e-01 -7.8320263700e-02 -6.2355327687e-02 -1.0983161975e-01
1.0227966959e-01 -2.0227636318e-01 1.3386565995e-01 -1.3177787170e-01 2.0112717905e-01 1.4029702735e-01 1.2023930401e-01 1.4808564994e-01 -6.8477511111e-02 1.7919788030e-01 -2.8503993069e-01 1.2994574566e-01 3.8066702296e-01 -7.7407202126e-02 -1.0221980728e-01 -2.3497828329e-01 2.9584950554e-01 -1.8104959521e-01 5.7107249446e-02 1.9674420464e-01 -2.5290954336e-01 2.7897478755e-01 -3.1808162350e-01 -2.2455118680e-01
-4.6182493505e-01 7.8402836758e-02 6.5153690614e-02 9.3832751709e-02 1.8405946808e-02 1.4711067234e-01 -6.6728344704e-03 1.2739418378e-01 2.7597211982e-01 -5.0147727147e-03 1.2723820890e-01 -9.8900406234e-02 -2.5335960596e-03 1.2841819721e-01 2.4935051956e-01 -6.5246452425e-02 1.5020812203e-01 -3.7729406260e-01 -2.7741495619e-01 1.5404583104e-01 -1.6527783020e-01 -8.9083440289e-02 -4.1767659068e-01 8.1928773939e-03
-2.6920704166e-01 -9.4252644161e-02 -1.3726640142e-01 -8.7165966888e-02 6.3251769327e-02 -1.4243292530e-01 1.5649891766e-01 6.6487057520e-02 -1.0545786660e-01 2.2837874594e-01 -7.3798188805e-02 -1.2972929430e-02 -1.6710075429e-01 -8.0434632979e-02 1.4981573161e-01 -3.4645948172e-01 -1.5773134034e-01 1.8875285971e-01 6.8949496841e-02 3.0167946865e-01 3.4989426131e-01 -2.0230012832e-01 2.4377311648e-01 6.5588849929e-03
-2.4855179254e-03 9.4708005567e-02 1.1543116572e-01 -6.0826129566e-02 2.9367684817e-01 1.1901707207e-01 2.2665605958e-01 7.0159346049e-02 -3.3646946002e-01 -5.4267052967e-01 7.7473575742e-02 3.4740702036e-01 -3.4824617181e-01 -1.6905327428e-01 6.1737524799e-04 -2.0936823543e-01 -9.1750129143e-02 -3.1835338789e-02 1.0150851771e-02 3.8987379257e-02 2.6749751982e-01 -1.0380022874e-01 -2.1044118573e-01 1.6416564802e-02
2.0412068233e-01 -1.2217355504e-01 -3.4353296641e-03 1.0049164262e-01 2.2692621442e-01 2.1409548106e-01 1.0455029220e-01 -2.6097255083e-01 -2.7417572683e-01 -2.3062402546e-01 -7.1698324064e-02 -3.2599445782e-02 -9.9176429011e-02 -7.9494042641e-02 -3.1982404538e-01 4.3658443607e-01 2.4892498563e-01 4.5252235379e-02 4.2345933361e-01 -2.5239561325e-01 -2.9808750944e-01 -6.4793949681e-02 -2.3339652998e-01 -8.8310084767e-03
1.9113471677e-01 3.0166946105e-01 -3.7712034665e-01 1.0805809583e-01 1.5833046282e-01 9.5636020082e-02 -1.6719137820e-01 8.8842641774e-02 -3.8461631679e-01 -2.3937418740e-01 -2.5023533748e-01 6.7409258474e-02 -6.8570119606e-02 2.2431569770e-01 3.2956410920e-01 -1.0521311335e-02 -1.6328317122e-01 3.9078274434e-01 4.0103086584e-01 3.2365011933e-01 7.0770264268e-02 -1.7864192025e-02 -3.3312259361e-02 2.6573813754e-01
2.1824847061e-01 -1.3248540747e-01 1.0251505782e-01 -5.5367606157e-01 3.3169363076e-01 -1.0530107841e-01 1.7459431931e-01 1.5826156048e-01 3.0792997296e-01 8.2615361077e-03 -2.1584820995e-01 6.5501167211e-02 -3.9776321590e-01 1.0232662292e-01 -4.5728708536e-02 1.1413121227e-01 -2.1464723527e-01 -9.2213243106e-02 -8.0194428408e-02 -1.1249583231e-01 6.2624863285e-03 1.2075039693e-01 -1.4909566335e-01 -2.5418815868e-01
-6.1814456052e-03 1.0861019904e-02 8.1259410570e-02 -3.5911505498e-01 -2.0113846817e-01 -4.2384184683e-02 2.9294398239e-01 -6.5901092135e-02 -1.6745670744e-02 2.2338066703e-01 -1.3244655808e-01 -2.3704703359e-01 3.2015237758e-01 4.6544943309e-03 2.3052646845e-01 2.5807373508e-02 -4.8593777085e-02 -1.5882051585e-01 -3.8657182202e-02 1.8964106360e-01 3.1663033594e-01 -2.0339040664e-02 -3.5505962348e-02 -1.5762312901e-02
1.1938469287e-01 -2.1176118172e-01 2.3498146025e-01 -1.0426354024e-02 2.0575400863e-01 -6.4583381387e-02 1.4939406965e-01 -1.4530250749e-01 -1.5272643897e-01 -2.2765454190e-01 -1.1594733688e-01 -1.8165508082e-02 -5.5363892294e-02 -2.6788611500e-01 1.4487510153e-01 1.7557856377e-02 1.9534112344e-01 -5.0349811359e-01 3.2271956993e-01 -6.4926407202e-02 1.2145267541e-01 8.0953652929e-02 -2.8907070948e-01 -3.5310314027e-01
2.3642948260e-01 -2.7905218644e-01 -1.6372218411e-01 -2.9983752066e-01 1.9244218089e-02 6.3514228148e-01 -2.1870715146e-01 -2.6667905227e-02 7.4628653486e-02 3.8609063486e-01 -1.5513979739e-01 3.0542858762e-01 -1.5949150691e-01 4.2017068657e-01 8.9798618836e-02 1.6962705853e-01 -6.6869211967e-02 6.8001949234e-02 1.1779101593e-01 -7.9919838937e-02 -2.5965752109e-01 3.8093954490e-01 2.3644245375e-01 9.3819136237e-02
5.8524325479e-03 9.0682353929e-02 3.5202632376e-02 -1.7143269373e-01 -4.7827754902e-02 1.0467207790e-01 -7.4500601530e-02 -3.3778011941e-01 4.8529301149e-02 -5.0810942722e-02 -1.4130328188e-01 1.7733423728e-01 -2.3479068667e-01 -7.4620930625e-02 -1.8126491256e-01 -3.3693788061e-02 1.0087863106e-02 3.2202882967e-01 1.5567925519e-01 -1.6394807007e-01 -3.1085359926e-02 1.2995233753e-01 1.2673906448e-01 3.1798254971e-01
-3.2908069047e-01 -1.3620331978e-01 -1.9404918750e-01 3.1930427620e-01 1.0637587019e-01 -3.6253318282e-01 -1.6580474379e-01 -2.0848990516e-01 -5.7182478850e-02 -2.3930882072e-01 9.5297939946e-02 -2.8054670438e-01 -3.9608470172e-01 1.6992011346e-01 -9.6315785339e-02 -4.1458509185e-02 -2.5213465599e-02 -3.6771468504e-01 1.1446576367e-01 -7.8522016868e-02 1.8588654895e-01 8.2826198723e-02 -2.4622413796e-02 1.3132352671e-01
2.9441591428e-02 -1.1641475987e-01 -5.8414183950e-02 -2.7952859733e-01 1.3469654975e-01 9.2513316720e-02 -2.9614582931e-01 -2.1091593501e-01 2.4004974354e-02 -1.9987186873e-01 2.5095364475e-01 -3.5511496553e-01 -4.2335278156e-01 -4.2897718179e-02 -3.9366141078e-01 2.5407025712e-01 3.1444351039e-02 1.3598952543e-01 -1.8252794061e-02 -1.4048169755e-01 3.4651899679e-01 1.3129159216e-01 6.1015427044e-02 1.1654250179e-01
1.7076142036e-02 -3.3817200705e-01 7.9389240200e-02 -5.0482674513e-02 3.3288470728e-01 -3.3779301391e-02 -2.8945451486e-01 3.9822641295e-02 6.1856024991e-02 -8.7592773955e-02 -1.0160472402e-01 5.0871238458e-02 1.1626822813e-01 -9.7133694529e-02 3.2245000008e-02 9.1671829054e-02 7.5552346112e-02 1.2319654688e-01 7.3915719601e-02 1.1075309469e-01 2.5376506229e-01 5.3763800014e-01 -4.6139527689e-02 2.6754337086e-01
1.0104954430e-01 1.3067922840e-01 -1.0353799889e-01 -1.7564697105e-01 -9.2602751447e-02 1.6861546312e-01 1.2945991090e-01 -2.3843891248e-01 -1.0794737974e-01 1.7899882471e-01 5.8892099982e-02 -2.0979393688e-02 2.5010405847e-02 2.7799502434e-01 -6.3251674458e-01 1.1240435106e-01 -9.2124851579e-02 1.3336440348e-01 1.6786709910e-02 2.8253527059e-02 4.0663043322e-02 1.7739703111e-01 9.0661148511e-02 1.1964142644e-01
-8.7524490861e-02 6.1117506315e-02 -1.6798169692e-01 6.0307706096e-01 4.5451532226e-02 8.5216807112e-02 -2.3673457535e-01 1.8609168935e-01 2.9510376514e-02 -3.9870667837e-01 1.7882059524e-01 -1.3839864163e-01 -1.0383150442e-01 4.2413218535e-02 2.5265348698e-01 -1.3140850131e-01 3.7948986157e-01 1.3874589951e-01 -1.4480904429e-01 1.3289118629e-01 1.2905404854e-02 2.5631264505e-01 -8.9442679565e-02 -5.6297132128e-02
