-2.0918544211e-01 2.9755696166e-01 5.9323746581e-03 -5.0118753151e-02 2.6702849800e-01 1.4961150587e-01 8.8845114682e-02 -1.1675030104e-01 -1.0865270002e-01 6.4461671772e-02 1.9987314116e-01 -1.2920134622e-01 -9.4938812371e-02 5.6561507377e-02 6.4746483464e-02 1.3759349249e-01 1.1924145632e-01 -1.0825589556e-01 9.1698906884e-02 1.0864723985e-01 5.1494795836e-02 1.7069025513e-01 1.7895785470e-01 6.0738476063e-02
-2.3411513867e-01 -3.1755885928e-01 -1.5737490395e-02 1.8984317493e-01 2.7082651158e-01 -8.0989248041e-02 -1.6652479618e-02 -3.1575716698e-03 1.0685384784e-01 -9.4273035044e-02 1.6498497452e-01 4.1115080064e-01 1.7238840277e-01 -1.6919708935e-01 6.6242635892e-02 1.8600351062e-02 -2.5884001105e-01 -3.6006953927e-01 4.3415000513e-02 -2.4055567196e-01 -4.5332729924e-02 3.9087390200e-02 2.3451383838e-01 -1.0189160266e-01
1.5390712658e-01 2.9425900542e-01 -1.4269033610e-01 1.1568745736e-01 9.7725536784e-02 1.7350168159e-01 -8.6780818399e-02 -1.4070573444e-01 7.3744718222e-02 5.4712795660e-02 9.7836095295e-02 1.2874884462e-01 -1.3422894110e-01 6.7072732798e-02 -1.1870853955e-01 -4.6200453181e-01 1.9227721796e-01 1.1117973152e-01 7.9609070129e-02 1.1202208360e-01 -5.8953182029e-02 -7.9212651911e-02 -1.7749462892e-01 6.0283111541e-02
-3.0868555007e-01 4.2725296908e-02 1.7178791144e-01 -3.2507308881e-02 4.8575207646e-03 -3.1302278433e-01 4.4458956198e-02 9.4932844883e-02 3.3046889677e-01 -2.6353437248e-02 -2.0955058796e-01 -3.5832241978e-01 -3.2488580801e-02 2.2051844586e-01 -3.3152966434e-01 9.3681831476e-02 2.3269141219e-01 1.5460593843e-02 -1.0785007219e-01 -1.0521917209e-01 1.1089058798e-01 1.3808201479e-01 3.3188715641e-01 1.1841348972e-02
-2.7546960965e-01 3.1903980285e-02 -1.3336146324e-01 -1.2983447127e-02 1.4080274508e-01 2.3098362017e-02 -8.8971868694e-02 -1.0061632876e-01 -2.7735840770e-01 2.5851895293e-01 9.4824616470e-02 8.2977088697e-02 -5.9231582188e-02 4.3238879022e-01 8.7997283344e-02 -1.9140334697e-01 7.2861256623e-02 1.4753671031e-01 -7.1162272588e-02 2.7535010257e-01 2.3057140372e-01 -3.1346926035e-02 1.2689521026e-01 1.2518562197e-01
-1.8983546145e-01 3.7588109717e-01 -4.8911575031e-02 -3.1720114498e-01 1.3915073541e-01 3.1903212574e-02 -9.7647758351e-03 -3.4743964299e-02 5.2172555800e-02 -3.6750178020e-01 -1.7656421879e-01 -1.3366029953e-01 2.0324623248e-01 3.3208428924e-01 4.8498661265e-02 6.9778464775e-02 -8.1612715354e-02 -3.8603775606e-01 -3.8901304853e-01 -1.3545262348e-01 -8.4664427329e-02 1.4732095020e-01 -1.9875912317e-01 -2.4971100701e-01
3.7321082713e-01 -2.4659433214e-02 -2.3001954552e-02 3.8389254836e-02 -2.2636067271e-01 -7.0102507176e-01 1.5299869557e-01 2.7663731095e-01 5.0583588687e-02 1.3249787785e-03 -1.0879947913e-02 6.4201000986e-02 -4.7627118667e-01 1.8757636605e-01 1.9213569974e-01 -9.9297131724e-02 -3.0395031175e-01 6.7731274033e-02 4.1798757674e-01 1.0488975909e-01 1.0293825676e-01 2.4503577025e-01 -1.9961317575e-01 1.0595058038e-01
-4.6666037768e-02 1.6106395673e-01 4.1288914531e-02 -1.1520436575e-03 2.5969675635e-01 -5.1102250493e-02 -2.8240499487e-01 2.8103815609e-01 3.3646442028e-01 4.1624638181e-01 1.2848312730e-01 3.0281453049e-01 2.7325750057e-01 1.0198418078e-01 2.9998534486e-01 4.0483537082e-01 2.7031783570e-01 1.2869054738e-02 -9.9986830662e-02 -1.4944646916e-01 -1.8237814130e-01 3.8554484388e-02 2.9811588625e-01 -7.8463492667e-02
-6.7797293099e-02 4.2730731845e-02 -1.0074764715e-01 -1.6746033087e-02 1.2764175601e-01 3.0860055035e-01 3.0682909568e-01 2.3268642497e-01 6.6918722990e-02 -1.4997885686e-01 1.8728020124e-01 2.7802339297e-01 -1.3090573534e-01 -8.4606240306e-02 -2.8211797796e-02 1.3221980847e-01 2.4752594951e-01 1.4054128362e-01 4.8438225992e-02 2.4547347141e-02 2.8106824822e-01 -8.2461107740e-02 -3.8767628892e-01 -1.4201631328e-01
1.9214917963e-01 -1.5725975060e-01 3.6513110054e-01 -6.3125280877e-02 -1.9608489238e-01 -1.1242499608e-01 2.2110443632e-01 -9.9119601144e-02 -3.5182920026e-03 2.7748492964e-02 -4.4282540043e-01 2.2873413276e-01 6.6330065127e-02 9.4296704189e-02 5.8834060101e-02 -1.4729198295e-01 -5.2066784850e-02 -1.3715091182e-01 3.3464277588e-02 -1.3440001657e-01 1.8279430961e-02 -3.2409436940e-01 2.4337001435e-01 -3.6297767949e-01
1.5761294090e-01 1.0483532031e-01 -2.5916279059e-02 3.1487373435e-01 -1.8013337159e-03 4.1369873200e-02 -3.3273702965e-01 -4.0248589701e-01 2.1652934924e-01 1.0283533547e-01 2.5697929387e-01 -2.4346265943e-01 1.5640519286e-01 -2.6477761320e-01 -1.0912945760e-01 -4.0818472250e-01 9.4530087498e-02 9.1784348081e-02 -1.1650704483e-01 7.9256352122e-03 -7.3060258562e-02 -2.5127480407e-01 -7.7708079667e-02 7.0182387700e-02
3.6775906002e-01 -2.9472343229e-01 1.2628657972e-01 1.3759130328e-02 -1.2102261313e-01 3.8797687535e-02 -2.4010554739e-01 4.1804479864e-02 -9.6253891046e-02 6.7863489630e-02 -1.5331301743e-01 -9.3744851994e-02 3.0872167509e-01 -5.8479551153e-02 -4.7379039397e-01 4.0263550613e-02 -4.8604266945e-01 3.5918885825e-01 -2.1277497093e-01 3.6977698058e-01 -6.5578426664e-02 9.0427708053e-02 4.9329587736e-01 1.8248303306e-04
1.5807282282e-01 -1.1547825671e-01 3.7132766448e-01 -3.9948194321e-01 -3.3123230710e-02 -8.9105300561e-02 -9.8125615280e-02 -3.7269126368e-01 -9.7257772297e-03 -4.1570623666e-01 -6.1970335469e-02 6.5817853333e-02 -1.8450720220e-02 1.6608403431e-01 -3.0697818682e-01 -2.0154821566e-01 1.1032863951e-01 7.5911079694e-02 2.8197760429e-01 -1.1130036791e-01 1.8716316783e-01 -1.1240728799e-01 4.2851666654e-02 -8.1071044594e-02
-5.7384813084e-02 -2.5307123984e-01 1.1614678033e-01 2.3444675865e-01 1.4819197885e-01 2.5924478498e-01 1.8236232021e-01 -1.6303335918e-01 8.7257145675e-02 3.2896545760e-01 1.8607961582e-01 -9.8600532859e-02 -4.7565206747e-01 -1.5893037899e-01 5.2420381912e-02 -8.6948203893e-03 -8.5172789169e-02 6.7757673722e-02 -1.0546622091e-01 3.0439632908e-01 -2.3009624061e-01 -1.4654833571e-01 -2.0167803714e-01 2.7138089731e-01
-4.0256474798e-02 -1.9670641684e-02 1.2418825013e-01 -6.5732184469e-03 -1.0290884586e-01 -3.2629937570e-02 1.4091210506e-01 1.9104314423e-01 3.4464876546e-01 6.1862271087e-02 -5.8263129570e-03 -1.4627748331e-01 -2.4003271951e-01 1.0779266980e-02 -1.3673999829e-01 -4.5414470529e-01 3.1417327838e-01 -3.2706060342e-01 -4.7906770018e-01 -8.3865191224e-02 1.8679786171e-01 1.0080851008e-01 -2.2433002939e-01 1.0471742997e-01
1.8876697694e-01 -1.1986736230e-01 3.6579518942e-02 -1.0864724473e-01 4.3786113936e-01 1.4388941375e-01 2.4227960672e-01 1.4187256483e-01 4.6879762995e-01 -2.7091495872e-01 -2.0736931031e-01 -6.1913299283e-02 8.4605570330e-02 -8.2613267085e-02 1.5176183186e-01 4.4045416698e-02 -3.1532327748e-01 1.7661536790e-01 7.4597823532e-02 -1.6785268636e-02 1.4193524499e-02 -5.0850331104e-02 2.0177800736e-02 -9.4424191605e-02
1.6993693781e-01 -3.6359843527e-02 2.1055642899e-03 -8.0473764301e-02 7.7196886368e-02 1.9750529036e-01 2.2066482481e-01 2.4856992002e-01 2.9286301267e-01 1.8545991863e-01 -8.3474215439e-02 7.1495135800e-02 -2.4642292417e-03 -1.6486038391e-01 -2.0834320282e-01 1.9983008224e-01 2.2888670548e-02 9.0373528119e-02 -1.9339895912e-01 -1.0641774437e-01 -5.4663478962e-02 -5.7739708783e-02 -2.3445463843e-01 4.2213705803e-01
1.7954927349e-01 -1.5708471298e-01 1.6994373940e-01 1.7909752244e-01 -2.2568443399e-01 2.8342750351e-02 3.2282589979e-01 3.1327134380e-02 -1.9450045116e-01 4.3224462963e-01 1.2748587218e-01 3.7734415205e-02 -1.4549846396e-01 3.1420664667e-01 -2.5833276385e-02 -1.8501055184e-01 -5.2076661277e-01 1.2199227363e-01 2.9533227972e-01 8.1956243992e-02 -1.6566387034e-01 1.9288521358e-01 -2.2120517954e-01 -1.4522482459e-01
-8.1433475405e-02 8.2033060708e-02 -3.1871483795e-01 8.5802158590e-02 1.3172515886e-01 -4.0109737551e-02 2.1867457582e-01 -1.9107705477e-01 2.2035815165e-01 2.0443516583e-01 -5.3795325139e-01 1.9434424207e-01 -1.2004158428e-01 -8.9672035882e-02 -4.6532157618e-02 -3.0703185615e-04 6.8934626764e-02 8.2786703664e-02 -1.7980104279e-01 -5.1384510956e-02 -2.9433866867e-01 -2.7437750228e-01 -2.4715247530e-02 1.5793556430e-01
-1.0703430178e-01 1.7635348430e-01 -3.6106367136e-02 4.8610741228e-02 -2.4524366062e-01 1.1769860833e-01 -6.1099704784e-02 -1.3137487593e-01 4.9414483505e-02 4.9367213892e-02 8.0335562585e-02 -9.0912455996e-02 -2.6009882945e-01 -2.1834351802e-01 3.1387175721e-01 -1.5387108628e-04 -8.0686211592e-03 -1.7101126749e-01 -3.1554526531e-01 1.9857147979e-02 -2.6410069416e-01 -1.5726600590e-01 -1.3116542341e-02 1.3710941549e-01
-2.1862539911e-02 7.3068742439e-02 2.3301495967e-01 2.3479017590e-01 -1.4740354023e-01 -1.9727907874e-01 1.4745859727e-01 -2.2830905820e-02 -7.0514775441e-02 1.6325050873e-01 -1.3578725255e-01 3.3235991960e-01 1.5497435875e-01 -3.4319361181e-01 -8.7315496539e-02 1.1294538504e-01 4.7946791064e-02 9.4642876242e-02 -7.5692123613e-02 1.2869111253e-01 3.0819047400e-02 3.2264773511e-01 8.5625238718e-02 -1.7589756014e-01
-3.6757930368e-01 -1.9616576334e-01 5.1156353620e-02 1.1608793562e-02 6.0126347674e-02 -4.3374958679e-01 -1.2341151509e-01 1.4482899851e-02 2.9013299222e-02 -2.7226875104e-01 -1.7551795819e-01 -2.2675823891e-01 8.3339264842e-02 1.6574231514e-02 -2.9106388795e-01 2.5265966378e-02 -3.1886234978e-01 3.6815926881e-02 1.4202962164e-01 -2.6789281689e-01 2.6035856801e-01 1.7415545371e-02 -2.0327214152e-01 -2.8441728017e-01
1.3442794134e-01 1.0307053202e-01 -3.4072493857e-02 -1.9011215136e-01 1.2789871693e-01 1.5311767856e-01 3.9995901474e-01 1.0134348197e-01 4.9638412379e-01 -2.3465167546e-02 2.9005521625e-01 8.2269280761e-02 3.0437060488e-01 1.9997953304e-01 2.1060521150e-01 1.8567674099e-01 3.3769890267e-01 2.3135804344e-01 1.5487003249e-01 -5.2026795209e-01 2.0897293045e-02 -2.5246544797e-01 1.5332276935e-01 -2.5531269618e-01
-1.8219606294e-01 -2.0034183204e-01 1.7325359168e-01 -7.6089848825e-02 3.6987035683e-02 -3.1758803347e-01 3.6371285729e-01 -1.2096732783e-01 -2.9448080451e-01 1.5920029735e-01 2.9273989240e-01 1.3440770633e-01 -1.8172283573e-01 4.7046112725e-02 -3.5834836218e-02 5.6666952854e-02 -2.6547686894e-01 2.6709016598e-02 -2.9344112981e-01 -4.8434338871e-02 2.1316362965e-01 7.3914788163e-02 1.6530485772e-01 1.0152018074e-01
