-4.0922388188e-01 -1.0933244550e-01 -5.2577822370e-02 5.2349274988e-02 -1.9340035224e-03 1.2108098266e-01 1.1717534873e-02 1.0055282082e-01 3.2804740393e-01 -1.2428663231e-01 6.0948167404e-02 5.1933116356e-01 -4.2793868259e-01 6.4065608851e-02 -1.9422352489e-02 -1.2509874267e-03
5.3431222813e-02 1.6786253525e-01 3.7149549389e-02 4.7831591007e-02 2.4959261395e-01 1.3942619075e-01 -2.5114120950e-01 1.1099427512e-01 -4.4293389477e-02 1.3697074806e-01 -3.1179120945e-01 -6.8863622418e-01 2.2181127450e-01 -9.7173841349e-02 1.6552364184e-01 -2.8634150656e-01
-3.3974574101e-02 -3.9946184306e-01 -2.0025179828e-01 1.4435233095e-01 -1.8369682312e-01 -1.1879916601e-01 2.2302767190e-02 -1.1439292866e-02 -1.0369101049e-01 -3.5266607089e-02 -5.0229902032e-02 2.4329344083e-01 -2.1942422121e-01 -7.0114466729e-02 -1.0504184969e-02 3.2057759937e-01
-7.8176819617e-03 -6.2626905786e-01 -1.5094517921e-01 -4.9041623200e-01 2.4889083656e-01 -2.5750194429e-03 -3.9863268464e-01 -6.7578812555e-02 -2.6637497730e-01 6.7401688646e-02 -3.9575876729e-02 -1.1494315491e-01 3.6267966780e-01 1.9444631134e-01 -3.6486500331e-02 1.5873623993e-01
1.2411515486e-02 4.2705652814e-01 1.6267399294e-01 -2.7489045232e-01 2.0665376712e-01 2.8918798237e-01 -9.7588555151e-02 9.4870529755e-02 3.0171859562e-01 1.7637556022e-01 1.8465048740e-01 -4.9379407176e-03 -1.3927133774e-03 3.0392397832e-02 5.1518231300e-02 1.8674941286e-01
3.1803278914e-02 -7.1277899688e-02 -2.5857678948e-01 5.7316202796e-02 2.3832505643e-01 1.7418151810e-01 -2.4041156947e-01 -6.1494614426e-01 -2.6777162104e-01 -1.9921818271e-01 -2.2196408518e-01 5.2599544863e-02 -5.0376459933e-01 -4.7595288110e-01 -3.0770429349e-01 -1.6618967961e-01
2.7048775195e-01 2.3016804942e-01 8.5823895060e-02 1.4136717708e-01 2.3284729733e-01 2.9110270587e-01 2.3627149470e-01 8.3494537401e-02 3.1750588032e-02 1.9559984943e-01 -1.1776456561e-01 1.4976371783e-01 2.3147274335e-01 -1.7045897268e-02 1.3973260678e-01 2.2471416706e-01
-4.4633401718e-02 2.1018478711e-01 -1.4128050413e-01 1.0128095378e-01 -2.0423416581e-01 2.3237719750e-01 -2.6159025857e-01 9.8804636311e-02 1.1539527231e-01 -2.2479861878e-01 2.9132300895e-01 -2.1279726670e-01 3.5588134379e-01 1.0196977231e-01 2.9647635352e-02 2.3390672251e-01
-1.1200775247e-01 -6.4996766148e-01 1.0419667401e-01 -3.9837116391e-01 2.0803556857e-01 -2.3162922758e-03 -6.1103607577e-01 3.5094737018e-02 -1.5988924360e-01 1.5396959412e-01 -3.1857122199e-01 -5.0863809358e-02 -2.0405931992e-01 8.5764628648e-02 4.1963996467e-02 1.2272442597e-01
-3.0726958503e-01 -1.8959571757e-01 -4.7813967830e-01 3.7679367452e-02 -2.8809268118e-01 2.3164128972e-01 2.7261032898e-01 -1.8425878215e-01 5.7698443768e-03 3.2556968101e-01 4.0541280682e-03 -4.2250896629e-02 4.5702843956e-01 -5.4733828647e-02 -1.6866281736e-01 1.5265938430e-01
9.3692101127e-02 -1.7444136272e-01 -3.3588168360e-02 -9.3615609695e-02 4.1294278766e-01 -5.4780388784e-01 -5.3864396181e-01 2.6684653823e-01 -7.0229482442e-02 -4.3140119470e-01 2.7155491472e-01 -1.7614532082e-01 3.6310130663e-01 6.2061139265e-02 -1.2416193410e-01 -8.2074289016e-02
1.0758701776e-01 6.7370009210e-03 3.9467793016e-01 -9.9953923299e-02 -2.8983317752e-01 -4.8049508801e-02 -4.8559797721e-01 4.3746985279e-01 -1.2774445220e-01 -3.2283297653e-01 1.0239332142e-02 -2.8897274208e-01 2.5370361331e-01 7.8561752414e-02 -3.7430630992e-01 4.1007223863e-02
-1.7739360597e-01 -1.0140805783e-01 2.7272096130e-02 3.5461474019e-01 3.0311426988e-02 2.8921993693e-01 1.0851055017e-01 -8.5905225757e-02 2.7448007694e-01 1.8730862960e-01 -1.4310466550e-01 2.6322349898e-01 3.5684845521e-01 2.5630119921e-01 1.7923712942e-01 4.8875011367e-02
6.8193501281e-02 -2.4967813480e-01 6.9209450263e-01 -3.5492145083e-01 -1.3341686590e-01 1.3487448471e-02 -1.1346078536e-01 1.0615092673e-01 -5.6017650621e-02 3.2393167979e-01 -1.4810599374e-01 1.1269336595e-01 4.1118651495e-01 6.7106764189e-01 -1.7361605179e-01 -2.2683231664e-01
2.6949461581e-01 -2.3350560166e-01 2.2569575259e-01 -3.6527468784e-02 2.2525179072e-01 -2.2652100514e-01 -2.6202406114e-01 -3.4686101278e-01 -1.2389122523e-01 -6.3229384068e-02 2.3887115373e-01 4.1593343669e-01 4.0291357908e-01 3.5272066706e-01 -4.4834746520e-01 -1.0478542591e-01
-1.1390034855e-01 1.2577201236e-01 -3.5780187593e-01 3.0660368250e-01 4.4002598811e-01 7.7279468334e-02 -1.2275591315e-01 6.3966388602e-02 1.8336846407e-01 -1.8770638785e-01 4.4490111434e-01 -1.2694844457e-02 4.8905686980e-02 2.3283207657e-02 -2.5194833358e-01 -6.7665727132e-02
