-6.7178678887e-01
7.8084313297e-01
-2.8764143743e-01
-2.7410175063e-01
-1.0221368093e+00
5.6525402122e-01
1.2412889469e+00
7.6735744689e-01
-1.7990783792e+00
-1.0925063017e+00
1.9330859994e+00
4.2415732056e-01
-4.1158428727e-01
1.0260823008e+00
4.8463569365e-01
5.9849809594e-01
1.0702875560e+00
-6.3113293233e-01
8.6123619161e-01
-9.0456565191e-01
4.2617030570e-01
8.9384509475e-02
-5.5930191315e-01
-9.0936659477e-01
-7.1560659663e-01
4.5252144652e-01
6.9172234612e-01
-4.7044012280e-01
4.0991660966e-01
-1.6964319392e+00
4.4337724822e-01
-4.3142859237e-01
