-1.1975324517e-01 -3.7432340424e-02 -2.9780947471e-01 -2.5123358513e-02 -5.7570608231e-02 -1.0208316933e-01 1.8903710426e-01 1.2052217971e-01 -4.9423175656e-01 5.0931173711e-01 -2.0615537989e-01 -1.6861187281e-01 1.6601800690e-01 -1.1224700606e-01 -4.8796498257e-01 1.5512604610e-01 1.0172931989e-02 1.1348889236e-01 -1.8945225183e-01 3.0902729814e-01 -1.5595684146e-01 2.3587335447e-01 -2.1469395376e-01 4.5322692647e-01 -7.0285020624e-02 -3.3163683814e-02 -1.2872714931e-01 -5.8614390506e-02 1.4739789413e-01 -8.9935788477e-02 -1.0579188543e-01 3.0699888542e-01
2.9413202726e-02 9.6132809147e-02 1.1222494854e-01 -1.2335207148e-01 -8.4661768822e-02 -3.1458200928e-01 -4.3692752888e-02 -8.2141809083e-02 -1.4142230790e-01 1.1633448403e-01 2.6095041037e-02 1.8237455375e-01 -1.0562340410e-01 7.2444844136e-02 -6.0978154470e-02 -1.2165370842e-01 -8.6583979509e-02 -3.8465718421e-03 -1.0654777925e-01 -2.3528476565e-01 -5.2939136395e-02 8.9273204020e-02 -2.2010084060e-01 -7.5868474390e-02 2.9005234162e-01 -2.0046156159e-01 2.8355800473e-02 -2.3561938300e-01 -2.9983155081e-01 -3.1950543960e-01 1.3746066573e-01 -2.8070679807e-01
-1.8737303071e-01 -1.2071947577e-01 -5.9612303772e-02 -1.2076169767e-01 6.7763469239e-02 -1.6671455821e-01 1.3118205268e-02 1.0871073958e-01 -8.8782834182e-02 9.2431225067e-03 -1.2927079945e-01 -3.6202264015e-02 -1.8624166829e-02 7.2791518538e-02 -5.1174974956e-03 2.5290277360e-03 1.0347295553e-01 7.3972419728e-02 4.1826828979e-02 3.2652636627e-02 -3.9837716322e-02 1.1797609991e-01 -1.0704067559e-01 -1.3440053448e-01 1.8657861697e-02 1.1820101552e-01 1.6488472550e-01 -3.1826820721e-02 -3.2792256183e-01 -2.8808864603e-02 -2.1887306443e-02 5.1628631394e-02
-2.2122628171e-01 -9.8942192026e-02 1.7819346604e-01 1.1747699491e-01 1.1826754909e-01 -2.8473765505e-01 8.1534731608e-02 9.8461700412e-02 -4.9885567244e-02 -2.1625934192e-01 4.9448931424e-01 -2.0076713663e-01 9.0734258287e-02 7.6137269848e-02 1.0326995517e-01 6.2646249986e-02 -2.4283469978e-01 -9.3290116139e-02 -9.9813345287e-02 1.5080072650e-01 2.2965754303e-01 -1.9721480533e-02 1.8566601892e-01 1.5535603951e-01 -1.4042892820e-01 1.6448225443e-02 9.0097645910e-02 -1.1070353480e-01 4.0188478818e-01 4.8089374807e-01 -6.4960343489e-02 1.0329170279e-01
-1.1190400888e-02 6.8303152502e-02 7.6715057239e-02 -1.2739891592e-01 2.4434907864e-01 -9.0881615979e-02 -2.5069592735e-01 6.9951275793e-02 -1.0915824051e-01 9.1248096671e-02 -1.1383102313e-01 -1.8248766322e-02 -2.1890312497e-03 -2.4310246932e-01 6.4969456391e-02 -1.6855433671e-01 -1.0157595929e-02 3.6824769140e-01 3.1646038418e-01 5.3920958881e-03 2.9856820084e-01 3.9382495758e-02 8.6922037603e-02 -9.3963497865e-02 1.2773198631e-01 -7.8351935985e-02 1.6112987157e-01 -2.9201518861e-01 1.8868113981e-01 2.8229084435e-01 -4.9582792629e-02 -2.9395365836e-01
2.9673755956e-01 1.6654891297e-01 5.1183169268e-02 3.9612632424e-01 -9.5280217350e-02 -2.0381785788e-01 -2.0032772192e-02 -1.1034730454e-01 1.8396056187e-01 -1.3055473909e-01 -1.4209812181e-01 4.2682649610e-03 2.6474549385e-01 2.3274971941e-01 -2.2934341249e-01 -3.2626987548e-02 9.0857828968e-02 -1.2726214207e-01 1.1754330354e-01 2.3454551897e-01 1.6298619246e-01 3.5513235183e-01 6.7203830715e-02 -1.3609328527e-01 6.0831626726e-03 -1.8343573295e-01 -8.7765908367e-02 2.1146672355e-02 -7.2793143773e-02 -3.4307780214e-02 3.5255132705e-01 -1.0546739527e-01
4.1545170711e-01 -3.0679034137e-01 -1.0816086686e-01 1.0143839800e-01 2.8787591897e-01 -6.1445486100e-02 -9.3848907996e-02 4.9970381881e-02 -1.5179036407e-01 2.3100854838e-01 -1.2174334102e-01 -2.5658757307e-01 3.0697004935e-01 2.5540470368e-01 3.0027508255e-01 1.6019196152e-01 -2.3956535129e-01 1.6415565534e-01 2.3523550116e-01 -2.1733728099e-01 -5.8138044913e-03 -2.2775571786e-02 -3.5377699461e-02 1.8922897960e-01 -6.4442382338e-02 1.8822015644e-02 3.3976353958e-01 -1.8592710371e-02 2.1271087773e-01 5.9111116012e-02 2.3509377432e-02 -1.0595505696e-01
-2.2541721124e-02 1.8917582653e-01 3.4205428021e-01 2.3423704356e-01 -1.1362959924e-01 -2.0021358867e-01 -1.4051815117e-01 1.1228922346e-01 -2.4442669436e-01 -2.3860869682e-01 2.2528471233e-01 -2.1800050061e-02 -6.5328967223e-02 -1.4185577406e-01 2.2261039560e-02 -7.6633909122e-02 -4.3851803290e-03 3.0802332459e-01 -2.2662494665e-01 6.3817529147e-02 2.1929104840e-01 2.8591812477e-01 1.8183273587e-01 -1.4515583647e-01 2.5106874696e-01 1.5468717971e-01 5.3595566500e-02 6.3544004801e-02 -1.1418405578e-01 -6.4971301107e-02 9.9935728516e-02 -8.6841614926e-02
-1.9763069418e-02 -3.3234535302e-01 7.4245534552e-02 1.4004548509e-01 -1.5503838844e-01 8.4879065023e-02 -2.3400524344e-01 2.2390447191e-01 1.7852358591e-01 -8.9927110107e-03 1.3438097750e-01 2.7975667984e-01 6.9486913120e-02 -9.7519571095e-02 1.3381358928e-02 2.8323276278e-01 -1.4425508246e-01 1.0278905903e-01 6.1434199514e-02 1.3873878260e-01 -1.6984026658e-01 -5.6648265677e-02 1.5936838792e-01 1.3862581342e-01 -2.5300269151e-01 2.9439765441e-01 1.9114638453e-01 2.0957648285e-01 4.7275387208e-02 -1.0518715038e-01 -1.4654749717e-01 1.2578638666e-01
-4.7552427753e-02 -1.1363781710e-01 4.4642346092e-02 8.2028542901e-02 -3.6644477524e-01 -2.6769208410e-01 7.0274062242e-02 -6.3515854052e-02 2.0917308263e-01 3.4906724592e-02 -8.3317750836e-03 1.7322224134e-01 1.6338599741e-01 7.6724044237e-02 -5.1003186368e-02 1.3004217686e-01 -4.0530865163e-01 3.7023601205e-02 2.6091238180e-01 -1.1077521314e-02 8.6894636835e-02 -4.2935423816e-01 -2.9981557132e-01 -1.9569959926e-02 1.2242684340e-01 3.0070266027e-02 -2.9330577183e-02 5.8316399096e-03 2.2706122803e-01 6.8899890377e-03 -3.1219245872e-02 1.1255686899e-01
3.1338621594e-01 -1.3936980523e-01 4.3168440103e-03 1.9681256769e-01 1.8905816074e-01 1.9914118108e-02 2.5232039868e-01 -1.1000318815e-01 -2.1364817209e-01 1.0102637270e-01 1.6017362513e-01 -1.1611052488e-02 2.8809274034e-01 -5.4116492957e-02 7.0063939003e-02 -6.0644496816e-02 -9.8145027754e-02 -1.9379921989e-01 3.2628337692e-01 -1.5914379028e-01 5.5135166825e-02 6.8430189894e-02 6.4229995973e-02 7.9847743014e-02 -3.5913658233e-02 -1.7787179637e-01 -1.6819617413e-02 1.0388125333e-02 -4.4853711316e-03 -1.2278408960e-01 -2.0930209771e-01 1.1640399242e-01
1.1302497165e-01 -1.2351070499e-01 -2.2675331041e-01 -1.1928443482e-01 -8.6558993851e-02 -6.6621324330e-02 -6.6968100221e-02 2.4519024034e-01 2.8295678600e-02 -1.3162267787e-01 -5.0485483575e-03 8.6731492564e-02 7.2008950313e-02 1.8000606436e-01 2.4299574085e-01 -2.5717197649e-01 -1.1486752211e-01 -1.6117584148e-01 -2.3390749912e-01 9.5153587715e-02 6.6766018694e-02 2.2656695809e-01 -2.3509073400e-01 1.8786792124e-01 2.3131534734e-01 1.1431461903e-01 5.8268443364e-02 -2.6891950092e-02 1.9733952637e-01 -1.0099472891e-01 1.0251662702e-01 -3.5886254981e-01
-9.4309852169e-02 1.4026425665e-01 5.6289029734e-02 -4.7237129408e-02 -8.9746151316e-02 1.1049157747e-01 6.6315559007e-02 -8.3624258555e-02 -1.7522206461e-01 5.5204764030e-03 1.4089909461e-02 -3.1591180108e-01 1.0033294570e-01 -1.2575132391e-01 6.0830988025e-03 -8.9793978443e-02 1.1856969687e-01 -1.4715486739e-01 -5.6280421009e-02 1.7267306414e-02 -4.2565025482e-02 -3.1519213863e-02 -3.3153821077e-02 7.8376542456e-02 5.6851989468e-02 -1.9963433838e-01 6.7317759854e-02 7.2293604923e-02 6.5567476340e-02 -1.4803658672e-01 2.6938181920e-01 -1.2968440356e-01
-1.7580739181e-01 2.8303883879e-01 -6.9717363255e-03 1.6020273904e-02 6.8541243885e-02 -8.6858923265e-02 -1.6137579303e-01 -1.4558393459e-01 -5.0518265313e-02 -1.2496113086e-01 3.5240578994e-01 -1.3443868724e-01 -1.1696596954e-01 3.0800830508e-02 1.5097934230e-01 3.8458364330e-02 -2.6543673280e-02 -3.7585803336e-02 -4.0378312412e-02 6.5011379621e-02 6.2308573849e-02 -2.2703672383e-02 -2.8691429259e-01 -1.1470217237e-01 1.1868865232e-01 -2.7711350922e-02 3.3427525557e-01 -2.1953754214e-02 1.1265798490e-01 2.2565826719e-02 2.6414528811e-02 1.5726135167e-01
9.4064368539e-02 -1.8541053095e-02 1.4526219059e-01 -5.4952792023e-02 -1.4044416579e-01 -1.6546694389e-01 -6.1516594707e-02 -1.5956384710e-01 4.7654250042e-02 8.0175822275e-02 1.8179286397e-01 2.3528170095e-01 -1.1583300664e-01 3.4364331673e-02 2.4661297333e-01 -4.0565756224e-01 -2.3876412875e-01 1.8011835615e-01 -2.3038041804e-01 1.0463473886e-01 1.5820479077e-01 -1.5642728261e-01 -8.4586679254e-02 9.3316061433e-02 -6.4962115229e-02 -2.8824315049e-01 1.6649936928e-01 -6.7291829465e-02 1.1977537669e-01 -1.0716030898e-01 2.9982898563e-01 -2.3131323480e-01
2.4794778625e-01 2.3193757082e-01 -9.0925802394e-02 -1.5018839913e-01 5.5076907397e-02 6.7565852975e-02 -7.4102304942e-02 -1.4445352539e-01 2.9001889538e-01 -9.0450021599e-02 6.8848331372e-02 2.7897509449e-01 -7.2750996072e-02 -4.7486712816e-02 -1.1201674004e-01 -1.3478079381e-01 -2.8724182891e-02 1.9887463823e-01 -1.7700317948e-01 -5.6069209432e-02 -5.0888400949e-02 -2.0248207057e-01 -2.0952585042e-02 -1.9310944777e-01 9.1326279316e-02 -5.4130308479e-02 9.0064008068e-02 1.0074287407e-01 -6.3212779531e-03 2.6433497666e-01 -2.1671050223e-01 -1.4172496847e-01
2.5698616442e-01 -3.5331336240e-02 5.6994333881e-02 -1.3242765598e-01 -2.6956064889e-01 1.0300624866e-01 -1.0382321245e-03 2.1764269054e-01 -5.7918442235e-02 2.7544452250e-01 4.9322772411e-02 6.3209957390e-02 7.3280132820e-02 5.1652212671e-02 2.9288884680e-01 -1.6121058367e-01 2.8108208179e-02 1.1922823380e-01 1.1418915922e-01 -8.1390905913e-02 2.0625824352e-01 6.8726491941e-02 7.6802070241e-02 5.0044967592e-02 -1.8941868702e-01 -1.0635707908e-01 -2.2993287230e-01 -1.4199105199e-01 3.8204213279e-01 7.7357796218e-02 -4.2914374090e-02 9.2065182017e-02
-5.2927453379e-02 -3.2127645324e-01 -1.3753920356e-01 1.1644484198e-01 -5.0894683679e-02 2.3364803868e-01 -5.7953701420e-02 -3.8378459531e-03 2.3239961247e-01 6.3172050724e-02 -1.6072969625e-01 -8.1640956012e-02 -6.1286419232e-02 7.4488916167e-02 1.3549545782e-02 6.1350080058e-02 -1.4413990281e-01 7.6666731207e-02 -1.5773970305e-01 1.1451650268e-01 4.4310446507e-01 1.4267262442e-01 -1.3895434924e-01 1.0583063667e-01 -9.6984618797e-02 3.2750105110e-01 -1.3556753063e-01 -2.0321319092e-01 -1.8668379262e-01 2.1675143105e-01 -1.3489022078e-01 7.2505594602e-02
2.7496548285e-01 -6.8736558218e-02 -1.6609899193e-01 1.5786876345e-01 9.6516469216e-02 1.7459391491e-01 2.2267066717e-01 3.3223713335e-02 -1.5392891183e-01 -2.9245142219e-01 1.0907869518e-01 2.1563084445e-01 -3.5453440455e-01 -1.1807237680e-01 1.9772133769e-01 -2.7022235680e-02 3.3160235004e-01 9.0276411142e-02 -1.2395628620e-01 2.8849053969e-02 2.2410967966e-01 1.8910726531e-01 1.1464453268e-01 7.0926810545e-02 1.7212166466e-02 1.4653660303e-01 2.9141156974e-01 1.5534897980e-01 -2.0832371024e-01 -2.4360788029e-01 -1.8857352326e-01 -1.7490155189e-01
-9.0982497478e-02 -1.1776925286e-01 -1.3788064192e-01 2.8119739522e-01 2.1642060633e-02 -1.3505175205e-01 3.2692428702e-02 -5.9499704537e-02 -3.5039022431e-02 -2.0536765260e-01 2.2783411306e-01 -2.3001200001e-01 2.2397182159e-01 -3.3611114452e-01 -3.0714287917e-02 -1.0868040226e-01 -2.2900395479e-01 3.1877396309e-01 1.2178417164e-01 5.8251821707e-02 -9.3506453136e-02 -1.6739194183e-01 -3.0527957432e-01 -7.7477553187e-02 1.7401148243e-01 -2.4969932434e-01 -9.5568446104e-03 -8.8526441212e-02 -2.1203778258e-01 -3.1766968037e-03 1.4997033601e-01 1.4977131083e-01
9.9225310999e-02 -1.2714540792e-01 -2.1143780949e-01 4.2161307190e-02 -3.0332951509e-01 -1.6221135927e-01 5.6739910583e-02 8.7791564746e-02 3.9090020900e-02 -1.3051177010e-01 1.4219617881e-01 -1.5760234361e-01 -5.2841734182e-02 -3.9714767586e-01 -1.8182141694e-01 9.9284675529e-02 -4.3799844667e-01 7.6641234682e-02 -7.4002864924e-02 1.8530576062e-01 6.3324299821e-03 -2.7961735353e-02 -1.7109511718e-01 4.4300719041e-02 7.0546935523e-03 -1.0376519716e-01 3.0478300711e-01 -9.2322430547e-02 1.3369294852e-01 7.3346806687e-02 1.9578496518e-01 -1.5377396438e-01
-5.4882597661e-02 1.0475707602e-01 -2.3018219035e-02 -6.7052775181e-02 5.9742871187e-02 -1.4718582750e-01 -9.7005122816e-03 -1.5611724470e-01 5.5965668533e-02 -1.8133021429e-02 2.5602077974e-01 2.7182951056e-01 1.1123801011e-01 -3.5717375684e-01 3.7844235374e-02 -3.7233472763e-02 7.7474772662e-02 -1.7506836559e-01 -7.7462004672e-02 -4.1462105062e-02 1.6520057456e-01 3.0110901212e-01 -2.8626459240e-02 2.7235239983e-01 1.2215954894e-01 -4.5097260982e-02 -1.3601049352e-01 -5.9871612902e-02 -5.5263739072e-02 3.8642771824e-02 1.6282584604e-02 -1.4244113207e-01
-4.2680340911e-02 -7.8778166801e-02 1.0832227703e-01 -1.5712331915e-01 -1.9388309415e-01 1.3100829926e-01 3.3823959303e-01 -1.4025056852e-01 1.6253860473e-01 -1.3316858734e-01 1.7972119793e-02 2.5790064165e-02 4.0720114390e-01 -3.2033125129e-01 -3.4409354477e-01 3.6193857259e-02 -8.9461942607e-02 -4.5741202918e-01 -2.6404093608e-01 9.4200056807e-02 1.9957150373e-01 5.7546115398e-02 1.6416992786e-01 -2.9661607142e-01 2.2984503857e-01 7.6649103236e-02 -9.5050124565e-02 1.3069134703e-01 2.1066564439e-02 4.4941294315e-02 -8.9211681712e-02 2.5848373373e-01
9.7569019883e-02 1.3626703460e-01 -2.6540498255e-02 1.6422570638e-01 1.6860524633e-01 8.1981547341e-02 -1.5490572757e-01 -1.4753438754e-01 -2.0928741440e-01 2.5334141342e-01 -1.5580094841e-01 -1.8897122781e-01 3.5805501157e-01 6.1840155888e-02 9.1816550553e-02 7.3311477826e-02 -1.9171811963e-01 3.7173145362e-01 -2.3733311691e-01 1.4549550004e-01 7.3769156414e-02 -1.5289129954e-01 -1.1806226184e-01 -6.8544174788e-02 -3.5636343640e-02 4.3462823132e-02 4.0878130783e-01 -1.6009332804e-01 2.8309387080e-02 -7.0919473460e-02 2.0063111479e-01 -3.3891334365e-01
-2.6603755277e-03 7.6092458442e-02 1.0775394756e-01 8.6694118217e-04 -2.4935900839e-01 5.3899585467e-01 -7.2642908801e-02 7.9885555716e-02 2.2519707961e-01 2.7347828580e-02 -3.0528946778e-01 1.3469274591e-01 2.6730150567e-01 -1.4883075753e-01 -4.7465752171e-02 -7.9211117688e-02 -1.6684284144e-01 -4.0933948770e-01 -3.9655824022e-01 8.9370841312e-02 3.4352973191e-02 -6.6546709393e-02 -2.2248276373e-01 1.0796658037e-01 -4.1144425466e-02 1.2845683934e-01 7.6536894786e-02 6.7625394571e-02 -2.5129971910e-01 3.5797831357e-02 -2.2805850826e-01 -6.2287238639e-02
2.1619739995e-01 3.3667041638e-01 1.0606939348e-01 -1.8108972639e-01 5.2553154223e-02 2.0482341787e-01 -8.9618355352e-02 -6.6985600858e-02 5.5514820885e-02 1.9664362026e-01 1.1849670169e-01 -1.1641884852e-01 6.5335736216e-02 -1.1064515784e-02 9.9155167986e-02 1.5870215567e-01 2.8752566052e-02 -2.0780681382e-01 -6.8286964410e-02 -9.8169908282e-02 1.3987092909e-01 2.1450531797e-01 3.0601372103e-01 -1.9146935074e-02 2.6904746305e-02 -2.1163262691e-01 4.7999082170e-02 1.9761060455e-01 -6.6088596677e-02 1.9659076403e-01 -1.1350938760e-01 1.5241679656e-01
2.9876219343e-01 3.5188879188e-01 3.1407123016e-02 -2.2472597790e-01 -8.9794072742e-02 -2.1589984263e-01 -1.7315738647e-01 -2.5075396079e-01 -1.0749664343e-01 3.6054737106e-01 -1.9754563210e-01 -1.6469615869e-01 -1.8016335439e-01 1.3946630378e-01 7.1741194794e-04 -7.5706545375e-02 -2.2828251226e-01 -2.1412777954e-01 6.7333595028e-02 -1.7480926669e-01 -8.2631806748e-02 -1.5114272674e-01 3.3805605289e-02 -8.6130185588e-02 2.4203281624e-02 -4.3682112900e-02 -4.2171430451e-01 -1.4955357180e-01 4.4334679568e-02 -1.7295711881e-02 3.6563998599e-01 -3.1742666829e-02
2.2881768010e-01 -1.8786202003e-01 -2.0697923439e-02 2.3040497944e-01 -2.9065830529e-01 1.0200009987e-01 1.8905877480e-03 -1.7937727910e-01 1.9819151917e-01 -2.8891791391e-02 1.6784036062e-01 1.6164428262e-01 3.9912039096e-01 1.2267414458e-01 1.0087056176e-01 2.4421034596e-01 1.2368118331e-01 -5.6684805690e-03 3.4539757427e-02 1.7280147273e-01 8.2709669166e-02 3.1199240384e-01 2.4680696798e-01 1.6831223833e-01 2.9740471729e-01 -2.5930630079e-01 8.3691923510e-03 1.3261451779e-01 -2.3981353184e-01 -6.7049950009e-02 4.0213249474e-01 -3.0465013393e-01
-1.4927633377e-01 1.9712484895e-01 1.2447503663e-01 -2.4556716031e-01 -1.3289229021e-01 -1.2551953425e-01 3.2391347274e-02 -8.0957776289e-02 -3.0838815492e-02 -9.2848658617e-02 -6.9099447994e-02 1.1009578345e-01 8.5591256751e-02 6.4182745542e-02 -1.2755603376e-01 9.4917317755e-02 -9.0459228214e-03 -1.4114891331e-01 2.3235023263e-01 3.5153027703e-01 1.6492842887e-01 -1.0252006000e-01 -3.8784607171e-01 -1.8550814436e-01 6.0073837522e-02 3.3741685101e-01 -1.9097479280e-01 -1.7985997905e-02 1.7325077769e-02 1.2434391236e-01 2.9228524317e-01 -7.5177854875e-02
3.9469684533e-01 2.0027591497e-01 -2.7066803749e-01 9.8235916245e-02 1.1304324382e-01 -1.2745931390e-01 1.2341908572e-01 2.2071283739e-01 -3.0549764081e-02 -3.2034513875e-01 3.7412871023e-01 8.9947215721e-03 -2.3669911581e-01 -1.1463320144e-01 2.5776502729e-01 2.9490327716e-01 -8.3226873192e-02 1.0725562438e-01 -2.9891338553e-01 -1.3910016172e-01 1.3076893201e-01 -3.3545835538e-02 1.0958910760e-01 4.7554429678e-01 1.4340417725e-01 -8.1715192943e-03 2.6480997815e-01 2.5636953550e-01 -1.4587692743e-01 -1.2271660252e-01 3.6834579843e-02 1.7475196411e-01
-1.3328202882e-01 5.2756928791e-02 -1.5662022888e-01 -7.1634199261e-02 -1.2725187527e-01 1.9814091903e-01 1.4919342481e-01 -2.7500084830e-02 -1.0923885109e-01 -1.2537075446e-01 -2.9624692281e-01 7.3304510047e-02 2.6229052597e-01 7.5352911420e-02 -1.2334401534e-01 1.3379037593e-01 7.1857571323e-02 -8.0501683964e-02 -7.6113623445e-02 -2.1522060730e-02 8.2762258611e-02 1.9570866360e-01 8.9743479175e-02 -1.0699706336e-01 -7.1062898989e-02 -2.4295227037e-01 -6.9055556745e-02 3.0303911821e-01 2.8639295681e-02 -5.4614602342e-02 1.9805122208e-01 -2.9202628218e-02
-3.1201565786e-01 -1.4603927293e-01 7.7525687716e-02 -4.6127289619e-02 1.1829772612e-01 1.0816744916e-01 -1.6771155328e-01 1.6855107204e-01 -1.1387257541e-01 2.9796464558e-02 1.2434292969e-01 6.6709604748e-02 2.8161652666e-02 2.1778791029e-01 -5.0858266934e-02 5.1206747512e-02 -1.0009655165e-01 -1.5426050163e-01 1.5142550950e-01 -2.2713622221e-01 -4.3890383370e-02 1.6864507352e-01 -8.6069160416e-02 1.5031059529e-01 -1.1087925805e-01 1.6509325194e-01 -1.5067457843e-02 5.3162421976e-02 1.2064440200e-01 1.2060287222e-02 -3.6174615882e-02 6.3634083021e-02
