-2.6732576560e-01
-6.1285724152e-01
2.4679225814e+00
-3.5741705823e-01
1.6836933744e+00
-1.4589840669e+00
1.1344521366e+00
1.1230480230e-01
9.5119746052e-01
-4.2052711149e-01
-1.6250210446e+00
1.1828017434e+00
-8.1227803038e-01
4.0569071316e-01
-2.3426420370e-01
9.7804075836e-02
-7.9055433031e-01
-4.5437460114e-01
9.4419973811e-01
1.4862601950e+00
-2.0643842490e-01
-2.5657388841e+00
6.6525872391e-01
-1.9533413682e-01
4.5988783416e-01
4.0913481696e-01
1.0576797282e+00
6.9954391260e-01
8.1335080064e-01
-1.5055672291e+00
-5.0011905605e-01
2.1681083241e-01
