1.8227013913e-01 3.2757317733e-01 -8.4415478198e-02 -7.2163232335e-02 -3.1508516619e-01 6.5897765524e-02 6.3680038994e-01 -3.1712226169e-01 -1.6940984032e-01 -5.6122877033e-02 -3.3868573383e-01 2.8309903538e-01 -3.4260194362e-01 -7.9452241409e-02 -1.0298007456e-01 -2.0167585436e-01
3.1928742378e-01 -3.2588251052e-01 -3.6825006943e-01 -3.7918855648e-01 1.6014874737e-01 -1.4569256771e-01 -1.1445962728e-01 2.8125999114e-01 5.5729309858e-02 2.7482986185e-01 -2.1009052940e-02 -2.1828624509e-03 7.3550590699e-02 3.3714273672e-01 1.1513595946e-01 3.0785476440e-01
-2.2285944896e-02 1.6474639244e-01 1.7280193766e-01 4.3770292467e-01 7.0338303249e-02 -3.0989649151e-01 -3.4048646097e-01 7.2892577697e-02 -1.9147613167e-01 -3.9829799248e-01 -2.3579905787e-01 2.4441555945e-01 3.9485227062e-01 2.7858274415e-01 5.3911063525e-03 -6.1196149376e-02
-2.8951368973e-01 -2.2907209800e-01 -3.4117305774e-02 1.5521083680e-01 -2.0989283848e-01 -3.5625197770e-01 6.5394199350e-02 2.1447576082e-02 1.5372409831e-01 1.0380491745e-01 1.6267134089e-01 -2.8805665734e-01 9.3971055145e-03 -3.5556732151e-01 7.2573859754e-02 -1.1020852613e-01
-3.7115174592e-01 8.2604387041e-02 1.2769072787e-01 1.9244870260e-01 -1.1906759246e-01 -1.7552280755e-01 -1.7260147910e-01 -1.3388982808e-02 1.5813373503e-01 1.1415125618e-01 9.3363802147e-02 -3.4957125215e-03 -5.2212181659e-01 3.5036591968e-01 -1.5369194330e-01 7.9924402607e-03
-2.9059694809e-01 -1.9135110883e-01 3.5360309859e-02 -8.6625208125e-02 -4.3763475863e-01 8.5790737731e-02 2.7982287553e-01 1.7848798975e-01 -6.4056247641e-01 4.8980100896e-01 -2.6772039744e-01 3.6693621644e-01 -1.4501080963e-01 -1.0073278862e-01 1.3923264529e-01 -1.4950779203e-01
1.5735288898e-02 -2.2949518717e-01 2.4894033876e-02 7.3385888937e-02 1.5893453916e-01 -2.5041524245e-01 1.1378283836e-02 4.8690093041e-01 -2.7156534818e-01 -1.5237457427e-01 5.5414004130e-02 -3.3506799901e-01 2.3774957500e-01 1.9782752191e-01 -3.8600572658e-01 -2.6389645524e-01
2.8240754254e-01 4.7889586866e-01 -1.6757688130e-01 -3.2074992770e-01 -1.1618438110e-03 1.5173939753e-01 -4.1474098971e-01 -3.9073051366e-01 -3.5113192983e-01 3.7114415597e-02 3.3324399616e-01 -4.1008973548e-01 -1.7638508341e-01 1.0110191034e-01 1.1509437027e-02 -4.6448015793e-01
-4.7460236894e-02 1.5538027903e-01 -5.4306618686e-02 -2.3118697080e-02 -8.7888310160e-02 -6.1720412609e-03 -1.6170020556e-01 -5.8712352923e-02 -1.8884642275e-01 -4.8310539657e-02 1.1124417087e-01 3.3795569164e-01 -1.4547614044e-01 -4.3522871006e-01 2.2393078337e-01 -3.4632304598e-01
-1.6219651668e-01 1.9882513218e-01 -5.1760611979e-01 2.1563947258e-01 2.4357785171e-01 -1.8166243013e-01 -1.2699317436e-01 5.7745605561e-01 1.1987572049e-01 3.3525958147e-01 4.9077575095e-02 -3.4535069484e-01 -2.7076458314e-01 3.3341563041e-01 -3.0477033498e-01 7.4592545505e-02
-1.7644797108e-01 2.4179412317e-01 -1.8154255760e-01 5.5246895564e-02 5.0784868822e-01 -2.4837803953e-01 -3.2067445181e-01 4.6414427764e-01 2.1126341438e-01 3.0417433925e-01 9.7735106839e-02 -2.9154769779e-01 3.9163955602e-01 1.7019295842e-01 -3.3772099010e-02 -3.9109648191e-02
-8.0417768358e-02 5.6152654882e-01 3.2496786552e-01 -2.7375004483e-01 8.6250887874e-02 7.6061251085e-02 -2.9676896637e-01 1.8544822870e-01 -8.3200579399e-02 2.6574737837e-01 -1.4090667599e-01 -5.1946909514e-02 -2.6257889776e-01 -3.8149784395e-01 4.9899511725e-01 2.6281193737e-01
1.6995258264e-01 1.9851858384e-01 3.7224787691e-01 -2.0447855340e-01 8.8413820326e-02 7.2878081227e-02 -2.3538028266e-01 3.8393152955e-01 -1.2904947302e-01 -1.6033611903e-01 -2.8771903291e-03 -2.1705593931e-02 4.4446741327e-01 -1.2232517175e-01 8.6391974370e-02 1.3413177026e-01
2.9999677485e-02 2.0845767895e-01 1.9572795032e-02 4.7411217250e-01 4.5009164621e-02 2.0805738623e-01 3.5389759185e-01 3.0452886974e-01 -9.3051154496e-02 -3.6285116115e-01 -6.7218727629e-02 2.6578194412e-01 -3.9810033949e-01 -4.3092160244e-01 2.1963726206e-01 1.9158668343e-01
3.6739192258e-01 2.1233259247e-01 1.5314726838e-01 4.2548303419e-01 -1.7372027679e-01 -1.7368062532e-01 2.2422542345e-01 -6.0420545054e-02 -2.1701693427e-01 2.3689750521e-01 -2.4705322153e-01 -1.1792646664e-01 -3.9782218499e-01 -8.8613237385e-02 -2.4403671649e-01 2.8528823555e-01
7.3967656969e-02 -1.3470385923e-01 -1.5659438591e-01 -1.9458101047e-01 2.6894271438e-02 -1.5398908124e-01 7.0728485430e-03 -2.2142371288e-03 -3.8839614974e-01 -2.1600988071e-01 -1.0940166303e-01 1.5862325800e-01 -4.7016755349e-02 2.4464851437e-01 -3.8037524888e-02 -1.5131080029e-04
