1.0713593821e+00
2.3496013371e-01
-2.3178796297e-01
1.3807019313e+00
9.7602799756e-01
2.8500410671e+00
-6.9071850906e-01
3.0888493643e-02
2.4201288571e+00
-9.7950277491e-01
-2.2503170412e+00
-2.1751211335e-01
-1.8379302030e+00
-8.6300432698e-01
3.0601977443e-02
5.9075109576e-01
-2.3053647014e-01
-6.8643917791e-01
6.1619663514e-01
1.9182845145e+00
-1.5157486176e+00
2.9687995359e-01
-8.6694499143e-01
8.5332554928e-02
-3.4218740593e-01
6.1409135052e-01
-6.7633083160e-01
2.7331712129e-01
3.8123738378e-01
-1.6671067456e-01
7.1880169095e-01
-6.8615388628e-01
9.2529286923e-01
-8.4045861165e-01
1.4367235548e+00
1.9686371270e-01
2.4196995935e-01
3.4171808091e-01
2.0560975977e+00
2.7583164647e-01
-7.1914073953e-01
1.4667671320e+00
1.9823601611e-01
-5.1693516099e-01
-1.2931395374e+00
6.0126320376e-01
-2.8253010622e-01
-3.8433976050e-02
1.4553185289e+00
-2.8796449896e-01
-7.4052793276e-01
-1.4100570083e+00
1.1329136706e+00
-5.9193280522e-02
3.0147926056e-01
-2.0374311880e-01
-1.1148648689e+00
6.3209344376e-03
-1.0734870288e+00
5.7665015589e-01
1.4343542635e+00
-7.1363813685e-02
-1.8159748465e-01
-2.0061092570e-01
-1.0792636626e+00
-6.4031710430e-02
2.2632074814e-01
-1.0106794743e+00
2.3613898756e-01
-1.9247733185e-01
-1.9425156097e+00
8.5312283311e-01
-1.3707558838e+00
5.9634834908e-01
-5.0069336585e-01
1.6743265312e+00
1.0295289454e+00
9.1061513283e-01
-4.5605538467e-01
7.3744687820e-01
4.9072343341e-01
-1.1827008134e+00
4.9380397115e-02
6.7083522720e-01
5.2589170340e-01
-1.0660347197e+00
6.0115522743e-01
4.7914954862e-03
5.7234938562e-01
-8.9066147899e-01
1.6058087778e-01
-2.4049580152e-01
-1.6477842326e-01
-1.3597156034e+00
1.4642943537e+00
-2.0793198933e-01
-1.7243242420e+00
1.4201401158e+00
-5.7705407053e-01
-6.5940994689e-01
-1.5363868024e+00
-1.1122047875e+00
1.1415493346e+00
-2.4022801344e-01
-4.1319338272e-01
9.6915911087e-01
-1.6026159843e+00
1.6812079288e-03
-7.3683834513e-01
1.2250083878e-01
3.2123939126e-01
6.5129231319e-02
-5.1469685008e-01
6.6374354687e-02
-1.0417111986e+00
-2.5612047249e-01
-2.6536397140e-04
8.1614449899e-01
-1.7477006826e-01
-6.3985868461e-01
-6.9133426805e-01
-1.1488238860e-01
1.5357869709e+00
3.8866831708e-01
1.2779192783e+00
-2.1551229694e-01
-1.9610557348e+00
-1.6379997146e-01
1.4721793312e+00
1.2897790883e+00
6.6841743918e-02
1.6599422585e-01
1.0556809954e+00
6.8552024459e-01
-8.8296504502e-01
1.2363630538e-02
7.5449329999e-01
1.5645108887e-01
2.9654515903e-01
-3.8451184017e-01
-1.2110830970e+00
-1.4157434899e+00
-1.6569382683e+00
-9.2013658252e-01
1.5573165952e+00
-3.0923364282e-01
1.2005272341e+00
-1.3095431743e+00
9.0896726546e-01
6.7699779934e-01
8.8961793544e-01
3.8171418576e-01
8.4389344115e-01
5.4213894380e-01
-1.3426369697e-01
8.5815374813e-01
5.3082058104e-01
-1.4587592630e+00
3.5772926473e-01
8.3601284946e-01
1.1288567317e+00
-7.4532535583e-01
1.1474482311e+00
3.1618752651e-01
-7.1307741594e-02
4.3574561502e-01
1.4598426701e+00
9.5675154304e-01
1.3861613130e+00
-7.7584886006e-01
4.9405219368e-01
-9.9171251219e-01
9.3184132070e-02
-1.4955960728e+00
-1.4435191176e+00
1.0752054844e-01
-8.0692192433e-01
1.5705242430e-02
4.0003631346e-01
3.9722640329e-01
2.5313000209e-01
-6.6207498792e-01
2.3258081864e+00
-1.0993418210e+00
8.7283921090e-02
-1.1014582751e-01
-4.7033714466e-02
6.4858907290e-01
-3.3074260895e-01
-1.3466732116e+00
-2.1130729111e+00
-1.2017351137e+00
-1.7626897314e+00
-6.9378842591e-01
-9.2681988105e-01
-2.9612406074e-02
1.2018412488e+00
-4.2600570860e-01
-5.9801082554e-01
5.4398169348e-01
9.5895135942e-01
-1.1312024306e+00
-5.5235896559e-01
4.9240492899e-01
-7.4827521984e-01
1.9894349045e+00
5.1783564264e-01
1.3938855638e+00
3.5647724801e-01
2.0271440159e+00
1.2310973644e+00
-1.1727017134e+00
1.4998948669e+00
2.8301533883e-01
-2.6475975759e+00
5.4997029881e-01
-5.0263336075e-02
-4.3297983617e-01
4.4410668059e-02
9.0252792958e-02
1.0334772294e-01
8.6028272509e-02
-1.3305774049e+00
4.6632126908e-01
-1.4217164962e-01
1.1050129691e+00
4.2343162987e-01
6.7130416784e-01
-1.9790876572e-01
-2.1712235435e-01
-1.7740002213e+00
-2.9648869660e+00
-1.6379017383e+00
9.9308859998e-01
-2.2071155396e+00
1.3219278874e-01
1.4460779291e+00
7.9475526449e-01
3.1923789825e-01
-2.8588033610e-01
5.4761649369e-02
-7.0339845739e-01
-1.7443158048e-01
4.1417161811e-01
1.3793453484e+00
-1.2862400759e+00
-8.3288239241e-01
-1.4905652203e-01
5.0027876087e-01
5.3165350345e-01
8.1040877338e-01
1.4208502755e+00
1.2242564776e+00
1.0431742561e-01
9.7845571741e-01
-4.7689878143e-01
-6.4127036474e-01
3.7535429127e-01
-8.8448894180e-01
-2.7006395255e+00
-1.0795564166e+00
-9.8970038604e-01
2.0396439255e+00
9.2880495769e-01
-3.1391265682e-01
4.8003090340e-01
5.7874230987e-01
-1.1915392195e+00
6.8948889740e-02
9.1609105923e-02
3.6269355338e-01
-5.9120204557e-01
-1.1562248787e-01
-4.5786356932e-01
2.6850636638e+00
-2.6530492562e-01
1.4197540747e-01
-1.0728794285e+00
9.5020752861e-01
-9.4964865967e-02
-1.2062745988e+00
-9.4296064496e-01
2.2974605164e-01
-6.2593314562e-01
-6.0593821063e-01
-9.5549535917e-01
1.7118102936e+00
1.1660877502e-01
-2.4378036494e-02
1.0127572360e+00
7.8759643856e-01
-1.3576189213e+00
7.3273147764e-01
-1.5482419417e+00
1.3851864136e-02
-8.4964106793e-01
5.9746165548e-01
2.8215636322e-01
-6.2745768810e-01
9.2190604705e-02
8.4652451247e-01
-8.9723778787e-01
5.6027367813e-01
-2.7094130749e-01
-1.7091060605e-01
-4.0592071409e-01
3.2325509267e-02
-7.4561213715e-01
-3.8904034872e-01
2.4797732966e-01
5.7370114531e-02
-2.3219467154e+00
-1.6626819812e-01
3.6351798477e-01
3.1700362951e-01
-1.4536187176e+00
4.6580752898e-01
-1.6430832670e+00
1.2942027139e+00
-1.2654523532e-02
-7.3632016284e-01
1.2009600216e-01
-5.4373399966e-02
1.0469182856e+00
4.9568356749e-01
1.3682360364e-01
1.2316581293e+00
-8.1275997486e-01
-6.3461103678e-01
1.7640600621e-01
-1.7240368232e+00
-7.4767019699e-02
-2.4850158981e-01
-3.8527613725e-02
1.5006521175e+00
-6.7246519249e-01
1.2144027666e+00
6.2654655340e-01
-7.4154764579e-01
-7.1413347925e-01
-7.1439984752e-01
1.5753117128e+00
4.0834950699e-02
-2.4565790738e-01
9.2696383396e-01
7.4502254185e-01
-1.4844879339e-01
-1.3230418985e+00
7.1895961126e-01
1.8547572847e+00
-5.2415358168e-01
1.3538076636e+00
1.9348976570e-01
-2.8371369569e-01
-6.9138162621e-01
4.3446726997e-01
-9.2046787494e-01
2.2512466248e+00
-3.9164227770e-01
-6.4035783346e-01
1.5920075604e+00
-1.5968279999e+00
-9.0012407926e-01
3.7264943091e-01
3.6090743615e-01
-9.4315687998e-01
8.9611663331e-01
8.7765026897e-02
-8.0170670751e-01
1.2316766280e+00
1.7971735405e+00
1.6627121837e-02
-9.3612168139e-01
-1.0435114165e+00
-2.8514767957e-01
-1.2357379290e+00
1.1624711839e+00
-1.4037316882e+00
7.0961666968e-01
6.9554092675e-01
7.8254817192e-01
-8.6845381391e-02
-3.0068842547e-01
-6.5118451895e-01
6.2837875396e-01
-1.6474067019e-02
5.7701785008e-01
1.7462542124e-01
3.8394349927e-01
2.5899611876e-01
-2.0553152495e+00
-1.0412606178e-01
7.2580789195e-01
1.2326381191e-01
8.1379633828e-01
-1.9217581541e-01
4.2872095569e-01
-5.8415823237e-01
-1.8144733931e-01
2.2807757157e-01
6.4759503071e-01
2.3691875883e-02
1.2447178730e+00
-8.1015817401e-02
-1.1650067858e+00
-1.8451598964e+00
5.4271425749e-01
1.8315015506e+00
3.3017684596e-01
1.3523335603e+00
1.7508398390e+00
4.9709788766e-01
1.0631679333e+00
-1.6058094157e-01
6.4547855605e-01
1.8661000075e-01
2.5722536202e-01
-7.0197890365e-01
1.0930176271e-01
-2.1938351107e-01
-6.4474843511e-02
-1.6419976293e-01
1.2937224179e+00
1.0246779749e+00
-2.7366916111e-01
-2.4256142329e+00
4.1768504312e-01
-2.8542711040e+00
7.4041323738e-01
-2.6318911075e-01
-1.0422120944e+00
-5.1339981950e-01
1.3928198717e+00
2.8367325616e-01
4.2205189719e-01
-2.3863345868e+00
-1.5247940618e+00
2.3532256581e+00
-5.9364416182e-01
-5.9845055001e-01
1.3349878423e+00
-1.2517467548e+00
-1.0952708977e+00
-8.7906523991e-01
4.7572513051e-02
8.4674067920e-01
4.5919791622e-01
-1.4257330000e+00
-1.2902273887e-01
-3.2768310518e-01
-1.1100146274e+00
-1.8121541557e+00
-1.7272874454e+00
5.5583693424e-01
-1.3762487449e+00
8.1836423419e-02
7.2020797316e-01
-3.0992145416e-01
-6.2188613740e-01
5.5465974679e-01
-5.6275521485e-01
2.3852788116e+00
7.6407829316e-01
-6.1879824788e-01
-1.8306864046e-01
2.3049075293e-01
-3.6393087805e-01
1.4731475644e+00
1.2256718548e+00
-7.8708275486e-01
1.8628481199e+00
-1.0733406055e-01
8.6389078660e-01
-1.7940036653e+00
-4.6877604997e-01
-9.6746445059e-01
-9.5948456117e-01
1.4207377557e+00
1.0155624740e+00
-1.7243992654e+00
-6.8560081014e-01
1.0291686897e-01
4.0602823191e-01
2.1182042302e+00
8.0629147850e-02
5.3042623953e-03
-2.4881708474e+00
8.0595370687e-01
1.7776511641e+00
2.4759425339e-01
-2.7645886946e-01
2.7634160144e-01
-6.1064523988e-01
1.5279996729e+00
-6.3203998922e-01
3.9916252985e-02
1.4413922084e+00
-2.8584163656e-01
1.9041690436e+00
-4.1458103664e-01
