6.1975581915e-01
2.1854896462e-01
-6.2394046920e-01
-4.7049151565e-02
-6.1597578940e-01
1.1598040413e+00
1.1952207850e-01
-2.1230337626e-01
4.4784529776e-01
4.4869283419e-01
-4.5814566919e-01
2.3835497195e+00
-5.9041533663e-01
-5.8988249743e-01
1.7032326714e+00
-4.8859631515e-01
1.8061802998e-01
3.2428536588e-01
-4.1413503264e-01
-1.2523707908e-01
-7.9430198346e-01
2.4321855161e-01
-1.6884461711e-01
-8.5025239926e-01
5.0522611894e-01
7.6199785653e-01
1.7103152804e+00
1.8881601424e+00
-4.4760229960e-01
-1.8733993058e+00
-1.7421638097e-01
2.1171506070e-01
-8.7139551417e-01
1.8901054075e+00
-1.7252675774e+00
