-1.7957283466e+00
-2.2805899641e-01
-7.4404227192e-03
7.3815181418e-01
2.1604298921e+00
8.3503706063e-01
1.7158161148e-01
4.0760926125e-01
1.5433745088e-01
3.7808813648e-01
5.9156828357e-01
-1.4163358975e-01
-4.3913688571e-01
1.5598414707e+00
9.0204904400e-01
6.5929750202e-01
-9.0847766623e-01
-8.9222179768e-02
5.7457392614e-01
-3.5573600292e-01
-2.0773578318e-01
-8.5690011038e-01
-9.3985242647e-01
6.6196222167e-02
-1.6653025147e-02
-2.5206776009e-01
5.7197969416e-01
1.1910812633e+00
7.8261216375e-01
-1.0796967650e-01
6.0206054846e-01
7.8525278280e-02
5.0514677647e-01
-2.7088798084e-01
-5.4756633878e-01
-4.4975996818e-01
-3.6500174401e-01
5.6506909217e-01
1.5953715345e-01
4.9687311004e-01
3.9002628363e-01
-6.0001536370e-01
-2.8853083194e-01
-4.6920798478e-01
-7.0772678626e-01
-9.3555582448e-01
2.9948318906e-01
-1.4095149266e+00
3.9265463433e-03
3.6586853374e-01
1.6414567068e+00
3.2174182993e-01
5.9541379671e-01
-7.5575989022e-01
2.7624018275e-01
-1.8939582611e-01
1.4288392846e+00
-1.8404924480e-01
-2.8772501987e-01
-3.9300712500e-01
2.1686420766e-01
-2.6799837073e+00
2.0000185844e-01
2.6435742526e-01
5.6650231232e-02
5.9487724452e-01
-1.5840802413e+00
5.2383360731e-01
1.9750753454e+00
-1.3057192604e+00
-2.2179911151e-01
-3.1659992613e-01
-1.5785500801e+00
-7.1858699093e-02
-1.9608298423e+00
1.1420807465e+00
5.5046513291e-01
-4.4968553665e-01
-8.9796063209e-02
-7.1554870274e-01
2.3572736246e-01
-9.6754351708e-01
1.0397588665e+00
-1.0825297103e+00
-1.8546299630e-01
1.5623519633e-01
1.0889277017e+00
7.5202627168e-02
1.2593740957e-01
-2.4781936809e-01
-1.0014412716e+00
3.5244169466e-01
-4.9831121638e-01
-1.6150858206e+00
2.1855739218e+00
-4.0883915992e-01
-9.2179540608e-01
1.6333840146e-01
-2.4085072000e-01
-2.6185288540e+00
