1.2420694722e-01 5.9593636821e-02 -1.9359842809e-01 2.4539816566e-01 -1.8088948971e-02 -6.6877151503e-01 -1.1366707813e-01 -2.2302350840e-01 -4.2887496720e-02 3.9417247935e-01 8.9901042200e-01 3.9262038338e-02
3.9262168757e-01 -5.1115421266e-01 7.6317912077e-01 7.4734703981e-02 2.3681524335e-01 5.0961882538e-01 4.3505034675e-02 3.7252942424e-01 6.2177014096e-02 2.5783623998e-01 -5.6478734638e-02 -8.2458456348e-02
5.7999535415e-01 -3.2252578141e-01 -5.2647479233e-01 3.6271569276e-01 -1.2522101595e-01 -8.5517637541e-01 -1.3495118503e-01 2.4385202957e-01 -2.7117921194e-01 4.9189051320e-01 2.9852840231e-02 -1.6672637849e-01
-1.3797306919e-01 -7.2567719301e-02 -4.2457934825e-01 2.3969061651e-01 1.5934204573e-01 2.2130902762e-02 7.1546579450e-02 -3.2265991159e-01 -1.2889971175e-01 -1.9918784949e-01 2.8278745221e-01 2.7011421199e-01
-1.6742820532e-01 -1.6162456571e-01 -1.0895039639e-01 1.9205549760e-01 -3.3161550246e-01 4.2022403720e-01 5.6495863392e-01 4.7390568722e-02 -8.5522144660e-02 8.7694863336e-02 1.4939828070e-01 -6.0918816526e-01
7.5899387961e-02 -1.5338053210e-01 3.6494598403e-01 6.2145578474e-01 1.3645398349e-01 -4.6362687320e-02 -5.0585419535e-01 -2.9269536748e-01 1.0116328064e-01 4.0871968898e-01 -1.4379062886e-01 3.6203325319e-01
1.7861822300e-01 3.9785063487e-01 5.5950966964e-01 -5.0031636799e-02 3.4596932686e-01 -4.5894671885e-01 2.4396972140e-01 3.2922309089e-01 5.7358888392e-02 -5.1449277722e-01 -4.8311012223e-01 5.3658711258e-02
8.6695400388e-02 -8.6867880527e-02 7.2952339455e-02 5.6252297150e-01 -2.3983194767e-02 3.7916742939e-02 -1.5932006942e-01 -2.9783454270e-03 -1.5917784810e-01 4.4640567816e-01 -1.5501271537e-01 8.1298750994e-02
2.3083417794e-01 3.2412342101e-01 2.4674236699e-01 -1.7765197910e-02 1.6653588003e-02 -4.5152022941e-01 -3.2697808143e-02 -1.0707313526e-01 6.2047868011e-01 -3.4497316414e-01 -7.9804784641e-01 -2.5782592623e-01
-1.6974061659e-01 -7.0919381402e-03 -1.4575872013e-01 1.4278256912e-01 -2.2430973207e-01 -4.2734772675e-01 -2.3597021845e-01 3.7020143951e-01 -8.9860233163e-02 -9.3088931954e-02 1.5349501761e-01 -1.5286587590e-01
3.2739413907e-01 -2.1125773475e-01 6.2999142747e-01 -3.5491975652e-01 -2.7109831008e-01 -2.4580495076e-01 1.8892559214e-01 -1.6118620971e-01 2.9751152703e-01 2.0149213787e-01 2.1904992743e-01 -1.5947507470e-01
-2.1644004765e-01 -9.5230934963e-02 -3.7211044598e-02 1.3253225342e-01 1.9716697574e-01 -1.8192640768e-01 -5.1939162855e-01 3.5125533979e-01 -5.4484609357e-01 -1.0700080380e-01 -1.0180826566e-01 3.6403076328e-01
