3.0606616459e-01 -3.9479715591e-01 9.1059007383e-02 1.2651592859e-02 2.3643363031e-01 3.5669910733e-01 -2.0962543621e-01 2.2592191445e-02 7.1782749127e-02 2.7992469864e-01 -1.7311563629e-01 3.8740126654e-01 -2.8190281543e-01 2.1194546077e-01 -1.3062825519e-01 1.7879672325e-01
2.9324448282e-01 -1.6301942063e-02 -7.4631918026e-02 -7.2873624493e-01 1.7533430977e-01 2.1695188264e-01 -2.0126722845e-01 2.3190818955e-01 4.6594763242e-01 3.2629989817e-01 1.6452409737e-01 -3.4747104082e-02 -6.3319353475e-02 -1.5614635974e-01 2.2054297988e-01 -3.2753497426e-01
1.1053100557e-03 -2.8233858159e-01 -2.0187960543e-01 -8.3541375869e-02 -3.3297397726e-01 4.9915930321e-02 -6.2227938012e-01 3.4290153489e-02 -1.3781805733e-01 -4.0713414881e-02 -5.8641687035e-02 7.6372468675e-02 -8.0173462189e-02 3.9470738102e-01 -2.6119656810e-01 -1.4036140101e-01
-2.1606377900e-02 -8.3488887476e-02 5.6908693887e-01 8.9767526734e-02 2.2186580573e-02 1.8290925396e-01 -5.4673063598e-01 1.0356113745e-01 2.5041638156e-02 -1.4037467968e-01 3.2427825289e-01 -3.8561950680e-01 1.9442643621e-01 -2.5460269205e-01 1.8422187793e-01 5.3262813850e-02
-3.2777101275e-01 -1.8663255730e-01 4.9143644259e-02 -2.3681183216e-02 -2.3972616737e-01 -9.8014576627e-02 3.1127630352e-01 -2.9437023892e-01 2.1293880476e-02 2.1550042100e-01 -6.1545662525e-01 -1.8794711802e-01 -2.1405857999e-02 1.3973506753e-01 -1.4392826532e-01 -1.0406633675e-01
4.7946556727e-01 8.0383542606e-03 -2.4630190494e-01 -5.3854525030e-02 -3.3563437103e-01 -3.7762797222e-02 -4.5288656042e-01 -1.6180051017e-02 6.4854854652e-02 -2.4863416692e-01 -1.5202369175e-01 -2.5134831731e-01 -6.2069512124e-01 2.1886308963e-01 -1.6779469358e-01 -5.4310742970e-01
-6.1979568590e-02 9.7195169920e-02 -2.2293573497e-01 -1.4824645072e-01 2.6347228793e-01 -9.6252542299e-02 3.3806929534e-01 -1.6810193542e-01 3.0467318376e-01 1.3016743510e-01 1.0706220300e-01 -3.1213526222e-01 -1.2420865497e-01 -4.2764217251e-02 -3.2311828062e-01 2.9099643571e-01
-2.4031417352e-01 -5.6409344514e-02 -1.0987905176e-01 2.6489771416e-02 -3.0024387670e-01 -4.0522214571e-02 1.3815625122e-01 1.0453359760e-01 3.1801789928e-01 2.6574733302e-01 -5.9805864587e-01 5.8365160453e-02 2.2637125270e-02 -1.2984168002e-01 4.0997432831e-01 2.8463243693e-01
-2.0140150650e-02 1.5341661501e-01 9.0512776600e-02 -1.9172935418e-01 1.4519081818e-02 -1.1927414364e-01 -1.7029652194e-01 1.7738707360e-01 8.8425903314e-02 -1.8472704339e-01 -3.1798077702e-01 -3.7156220635e-02 2.8202928232e-01 -1.0967121746e-01 1.6186273516e-01 -4.3910437589e-01
1.7003818129e-01 -2.6450071454e-02 5.0481750096e-02 -6.5652049142e-02 2.7879332666e-01 -5.7432225403e-01 -1.8955887482e-01 3.9347860024e-01 4.0896780426e-01 3.0104500153e-01 -3.6253407577e-02 -3.7185587586e-01 1.0805840223e-01 -3.8989236296e-01 -1.6543304869e-01 1.6340475377e-01
2.9458980278e-01 6.5078695393e-03 -1.9835780678e-02 -2.7149900895e-03 6.7243809833e-02 -3.5143047638e-02 -2.9993239524e-01 5.9645256800e-02 -3.5627629120e-01 1.9607825138e-01 -1.1314200112e-01 1.3631201306e-01 -1.7027649120e-01 2.7058919671e-01 -1.2815746237e-01 1.3568368380e-01
5.0206205451e-01 -2.6050546571e-01 2.4383039801e-02 -5.9739986429e-02 -1.2500372806e-01 4.6520436767e-01 -4.8662997535e-02 -1.0000085029e-02 1.7786364161e-01 3.4533974911e-01 -3.8441816782e-01 -1.5713440270e-02 4.6899512750e-01 6.2542796239e-02 3.3878811977e-01 3.7809831739e-01
-1.2845910201e-01 -7.0377184167e-02 3.1799164829e-01 3.2047564955e-01 -1.9925927139e-01 -5.4072067830e-01 -3.5623071943e-02 -1.3718579117e-01 4.6374825315e-03 1.4336166418e-01 -1.9309352800e-01 1.0338760023e-01 6.9598794574e-02 1.6745792188e-01 -1.3741551506e-01 -5.2340393253e-01
-8.0538779195e-02 -4.0389499936e-01 -2.5037529400e-04 2.7022755906e-01 -5.3693355309e-02 -9.3974221695e-02 4.3655478709e-01 -4.2497791949e-01 4.2183716089e-01 2.9873062521e-01 2.8990704943e-01 4.0607642371e-02 -6.2857295081e-02 2.6748160696e-01 -1.4856224882e-02 2.0088797330e-01
-1.9843448746e-01 2.3743274338e-02 -1.1958080770e-01 -1.7225992409e-01 2.7236054746e-01 -2.5622019568e-01 -3.4978015534e-01 2.3447185769e-01 -2.1175519540e-01 -5.6265990856e-01 2.0562736207e-01 -2.1952143635e-01 -5.1823509064e-01 -4.5965078400e-01 -5.3902572491e-01 3.1928161923e-01
-2.0915271550e-01 -2.7548804432e-02 -3.7332689112e-01 3.7094400955e-01 6.1056216294e-02 2.8063485666e-01 -1.4858181134e-01 -3.4071303227e-02 8.2887015048e-01 3.5998973027e-02 -1.1543835418e-01 1.8566713082e-02 -4.1019489064e-01 -6.7714766810e-02 1.7742865084e-01 3.2407431531e-01
