3.2569358894e-01 3.6391311128e-01 -4.8784404665e-01 3.2281863865e-02 -4.6319214170e-01 1.2800812202e-01 9.5686994720e-02 2.5770090165e-01 1.9731842120e-01 4.5981699627e-01 2.7300430268e-01 4.5350684963e-01
-2.7198746491e-02 1.6444651522e-01 -4.3484344843e-02 -7.1859409169e-02 -5.1404634716e-01 -6.3210267183e-01 1.2020844094e-02 7.9161471233e-02 9.2004114690e-02 1.5508840352e-01 1.7689518073e-01 9.5342786463e-02
-1.4749881173e-01 5.0234405389e-01 4.4078562541e-01 4.0315714370e-01 2.3908070319e-01 -2.7747461435e-01 -1.6783097747e-01 -2.4691476833e-01 -7.9535157852e-02 4.7142792620e-02 -1.1465879404e-01 -2.8463664142e-01
9.7278272536e-02 -1.0142472224e-01 5.6447645581e-02 -2.4530851519e-01 -3.9669772299e-01 -9.4237115798e-02 2.7765287867e-01 4.7202928969e-01 -1.8395794278e-01 -2.6105712203e-02 -5.5879680653e-01 3.9198982127e-01
-4.2366300348e-01 -1.0357404280e-01 -3.1789036328e-01 -5.4173514656e-02 -2.1162808401e-01 1.1543469373e-01 -4.2362910257e-01 5.8639146238e-02 1.6983837148e-01 4.6090878243e-01 5.1931977608e-01 2.9005786462e-01
-1.1298765523e-02 -6.7137690173e-01 -3.8344791098e-01 -4.2392744884e-01 -1.5090221517e-01 -2.6849356928e-01 2.5023959166e-01 -9.6657574283e-02 5.7695144534e-02 4.9404803805e-01 4.7533224320e-01 4.2824688409e-01
2.6401489797e-01 -1.7199859313e-01 -1.4789038114e-01 1.8690017296e-01 2.0477121116e-02 4.2488220112e-01 -2.7383595830e-01 2.4152181716e-01 1.2610677415e-01 1.1191230639e-01 -2.0548439961e-01 2.6172233392e-01
2.5191744021e-01 5.9482418726e-01 -1.8700903402e-02 -3.8730288124e-01 -1.5278551303e-01 -1.1879599163e-01 3.3559552305e-02 1.5715367443e-01 -5.3687677390e-01 -1.9578810826e-01 -1.3204550289e-01 7.9291245268e-02
-6.4523391435e-01 -6.2115706535e-01 2.4463684174e-01 5.1621170166e-01 3.3911518510e-01 1.8247101628e-01 -6.2112420931e-01 -3.7414106518e-01 6.4825260775e-02 -3.1991403623e-01 -1.6925203929e-01 7.1339086637e-02
-3.5000398109e-01 -5.9292643794e-02 2.1435547807e-01 -3.6035346789e-01 -2.5188361947e-01 -3.7732369438e-01 3.3995588472e-01 1.3934187704e-01 5.0914677647e-01 1.1478548583e-01 -4.3884557359e-01 1.3248145198e-01
6.7579077799e-02 3.1016550327e-01 2.9114006152e-01 -4.5354790182e-01 1.7771571452e-01 1.6856403471e-01 1.6095674670e-01 3.3373890139e-01 2.5231247424e-02 -3.4206647480e-01 4.6447049539e-01 1.2061929502e-02
1.0494928083e-01 -2.4725418276e-01 6.3559334989e-01 7.4520710545e-02 5.9181778348e-01 -2.8821365903e-01 8.9921538052e-02 -3.4715702552e-01 -8.6056268726e-01 2.4053515541e-01 -2.1378730372e-02 -2.0963857299e-01
