4.2515094999e-01 2.3572782240e-01 2.8736849504e-01 1.7205530749e-01 3.4720890012e-01 1.5964046352e-01 3.3489337713e-01 -2.6507121409e-01 -1.5183797429e-01 2.7823436842e-01 -5.2675663531e-01 2.1232986642e-01 -2.9449877994e-01 -2.6931983352e-01 -3.4160402580e-01 4.8475735286e-01
-3.3808957033e-01 6.2149435892e-01 -8.0366009577e-02 -8.4161303482e-02 1.9080624845e-02 -6.7163637794e-02 4.1538603682e-01 3.2977013060e-02 1.7702657214e-01 5.1454955824e-02 -1.2271501259e-01 3.2075552477e-01 -3.6717067290e-02 -4.1601801859e-02 -2.0960091279e-01 7.0597540257e-01
4.2959077461e-01 2.2169556973e-01 -2.1857988640e-01 -2.8812616203e-01 1.1299900361e-01 -2.4101456824e-01 -3.8363933253e-02 1.3882018810e-01 1.9782718529e-01 4.3184505273e-01 2.9974592147e-01 -2.3512379554e-01 -1.8678300905e-02 2.7942017078e-01 -1.8418801982e-01 -2.8790749457e-01
-3.2601183576e-01 6.9434296583e-02 -3.8410498258e-01 -2.5850981689e-01 -1.2033891819e-01 8.2773815584e-02 2.2482486550e-01 8.1559336990e-02 2.5435008511e-02 2.0009828494e-01 -3.6656329808e-01 1.9911518494e-01 3.8029955444e-01 1.8193634584e-01 4.1044701840e-01 -4.8700271142e-01
1.2051301224e-01 2.5982442674e-01 -6.0856904100e-01 2.0301366082e-01 -2.4893154237e-02 8.2709433455e-02 -1.0983490847e-01 6.2821330704e-03 -1.7401670768e-01 2.5173199126e-01 -5.0006697078e-02 -1.8270808391e-01 -1.7738840062e-01 -1.9340088228e-02 -1.3591681763e-01 -1.2935843888e-01
1.8688382555e-01 3.0458456117e-02 1.0204863243e-02 2.8828187105e-02 1.2622185082e-01 4.7625026127e-02 4.4473201204e-01 -4.1407874402e-01 5.1635349747e-02 -1.6060650842e-01 3.6246984186e-01 3.4891142822e-01 1.6668814293e-01 -3.3950217110e-01 1.6672717055e-01 -2.8754013289e-02
-3.0131417005e-01 1.4874149501e-01 -1.7684678074e-01 -6.5609703938e-01 9.8716879347e-02 1.7729990316e-01 -2.2289800859e-01 3.0712983550e-01 2.0126411006e-01 3.4826812947e-01 1.4954110208e-01 1.4177146528e-01 -3.4451157394e-01 -1.8995348886e-01 3.7914622941e-01 2.7381830442e-01
-5.6853777089e-01 -5.5499745813e-02 -2.3489868244e-01 4.3411479398e-01 3.2883376264e-01 8.0766974251e-04 -2.4266084132e-01 -6.0172505474e-02 3.3237653746e-02 2.4562159931e-01 1.1793653616e-01 -2.6754257961e-01 2.7319842633e-01 3.3520729555e-01 -6.5355172091e-02 -3.1774694853e-01
2.8157158311e-01 -2.2198693124e-01 -1.9189055383e-01 4.4412236014e-02 2.2139329369e-01 3.9853497352e-01 -2.7883265490e-01 3.3673749227e-01 3.2552999380e-01 1.6989479288e-02 2.0516973478e-01 5.1193514696e-01 -2.6717493018e-01 -1.7992801749e-01 -1.5830639418e-01 -6.4188379381e-02
-2.9948909612e-01 -2.6274996537e-01 4.4643967092e-03 -2.8514218260e-01 -3.0529150287e-01 -3.1342942573e-01 -1.5205210218e-01 3.6882960530e-01 4.2141897341e-02 -1.1038705425e-01 8.4060469295e-02 -3.5139111790e-02 3.0273768500e-01 3.9921090417e-01 -6.7614109264e-02 9.1290052451e-02
-2.2350366553e-01 3.9819778351e-01 -2.3310871139e-03 -1.1119506589e-01 -1.6348132096e-01 -7.2069688439e-02 -1.2075542012e-01 -1.9894095760e-01 2.5069046927e-01 -3.0950325252e-01 -2.8060857312e-01 -2.2761070794e-02 1.2251228684e-01 4.3635772561e-01 -6.3373291583e-02 1.2336525039e-01
7.4553374283e-02 8.8593478098e-02 2.7713954797e-02 5.4841757787e-01 -6.4285547754e-01 3.2539577231e-02 -4.3719442849e-01 -3.4354201399e-01 -6.9166295480e-02 -4.3945212563e-01 3.8104905154e-02 1.0377550935e-01 -1.6889482555e-02 3.1070046942e-01 4.4369159619e-01 2.7163147150e-01
5.1658364373e-01 1.6581084715e-01 5.1965241036e-02 1.3071729583e-01 1.1435486747e-01 1.8360011069e-01 3.5499381757e-01 1.6544928205e-01 3.5047928404e-01 -2.0593406663e-01 -1.5626449721e-01 -1.0460453190e-01 3.3545894243e-02 -1.3628127067e-01 2.5689017472e-01 2.8114045332e-02
4.9608349921e-01 3.9783663206e-01 -1.1038813620e-01 3.6461329436e-01 -2.6447706071e-02 -5.4541285597e-02 2.4350188054e-01 3.8738226883e-02 2.2087314781e-01 -2.7849720827e-01 -7.6106292378e-02 2.3510076595e-01 -5.1786868164e-01 2.2084860245e-01 2.6616594973e-01 1.8915576066e-01
1.8093383482e-01 -2.4109074156e-01 1.2852491675e-02 8.1984609390e-02 2.8144502143e-01 -7.7009267942e-02 4.2376330075e-02 1.1449120377e-01 1.0236401488e-01 3.7884330020e-02 -4.2825805119e-01 2.6836757055e-01 -5.5921144190e-01 5.6712778556e-02 5.1467627081e-01 -5.1956540885e-02
2.0749373572e-01 -1.0746039093e-01 -1.1986910199e-01 5.2795194389e-02 -3.3292967971e-01 1.4622041457e-01 -1.1270400752e-01 1.9534359669e-01 -8.7736399484e-02 2.9559297239e-01 1.8229875241e-01 -1.9596997152e-01 -9.3666340098e-02 -2.4437743333e-01 -2.0644514575e-03 1.8568904575e-01
