7.9686962336e-02 -4.1386195686e-01 2.8469392194e-01 -1.0307727070e-01 3.0067094336e-01 3.0406952019e-01 2.5702462897e-01 2.3629472044e-03 6.0577354835e-01 -3.1323581611e-01 -8.8339844238e-02 1.7133746104e-01 -1.4212909437e-01 6.3833651533e-01 1.6314414672e-01 5.8080567576e-02
3.2461028781e-01 -2.9344205161e-02 -2.3217722433e-01 1.9569876581e-01 -4.7700493651e-02 9.1600154252e-02 -3.3298383045e-01 -1.4611932692e-01 -1.6123318326e-01 2.2072388499e-01 -4.0738736269e-02 -1.3977807042e-01 -1.6051619447e-01 -5.9344281917e-01 2.3067091948e-01 -2.1971114666e-01
3.3209230895e-01 -1.4789731228e-02 -7.5724434798e-02 -4.3507471528e-02 1.2446490270e-01 -2.5118179517e-01 7.4964016804e-01 -5.7417815590e-02 -5.0083634289e-02 -5.2073284930e-02 4.1918308860e-01 -1.6620922716e-01 5.2699732006e-02 -1.2081432227e-01 -4.4328179871e-01 -7.1545687689e-02
2.1025719034e-01 -3.4949102890e-02 -4.8386557521e-01 4.9067772642e-01 -1.4820145108e-01 5.7008885960e-02 -4.3411786749e-02 1.9743547907e-01 9.1278637327e-02 -2.6910973958e-01 4.5108420540e-02 -3.5215719053e-01 2.1856711321e-01 1.0112940261e-01 -2.1762027708e-01 -2.4826039864e-01
-2.1937515974e-01 4.7073740538e-03 -6.2486957938e-02 -1.7740947481e-02 2.1877064448e-01 2.8919912195e-01 -2.0890466486e-01 5.1405958591e-02 3.7418240282e-01 1.1959895472e-01 2.3413966315e-01 6.9153963928e-04 1.6271501755e-02 3.0582013305e-01 -4.2150213019e-03 -2.9967935062e-01
3.6976126697e-01 -2.9090532307e-01 1.1528438446e-01 -9.8454280345e-02 -1.1994449314e-02 -5.3276548601e-02 -6.5632812419e-02 7.6183938725e-02 -7.5415139444e-01 -1.8281357354e-01 1.7878225172e-02 3.4843978591e-01 -4.5570122788e-01 -1.4680851800e-01 -1.4698488039e-01 -1.6198061817e-01
-2.0981541596e-01 -2.3154303757e-01 -1.2985841448e-01 6.9488794758e-02 -1.4299811616e-01 -5.0604968228e-01 1.9017659324e-01 -1.8080967432e-01 1.4338332899e-01 -4.2403693737e-02 -2.7949664899e-03 1.5439040361e-01 8.1357406734e-03 7.0996281998e-02 -1.5909724201e-01 -1.7162488473e-02
-2.0233380670e-01 -4.3581972083e-01 5.2010301527e-01 5.7424089020e-02 -1.7007429582e-01 -7.4101994728e-02 4.2990654638e-01 -8.2470530769e-03 6.5223215962e-02 -7.4303321392e-02 -4.7729237321e-02 -6.3674275913e-02 -4.1809669297e-01 7.7582761750e-02 1.4345563545e-01 3.2325864196e-01
2.5815238657e-01 -2.3330772364e-01 -1.1745607923e-01 -1.8189349108e-02 -1.7847368443e-01 2.1588394851e-01 -2.8687672961e-01 -5.6140660002e-02 3.0363640364e-01 -1.6527921633e-01 2.9090654793e-01 6.7592366375e-02 9.1970524929e-02 -4.3414598713e-01 2.0733278269e-01 -1.4804377048e-01
-1.6040784034e-01 1.9039864518e-01 5.5690326329e-02 3.1584575815e-02 -7.8072085950e-01 2.1720068756e-01 -6.0047304184e-01 -1.2452931267e-01 1.0294063019e-01 -9.9059700385e-02 1.3917190537e-01 -1.0223169392e-01 1.5831335332e-01 -8.7152697587e-02 -3.5787057486e-02 -2.8482037027e-01
3.9086823015e-01 -1.1659762000e-01 -3.3842045933e-02 7.1440285488e-02 -2.3320955739e-01 1.9465131910e-01 -5.8272547329e-01 1.0790000598e-01 -1.4037586659e-02 1.7923559790e-02 3.1522002844e-02 3.1580469143e-01 1.2504138400e-01 -1.0032019645e-01 -2.2345192588e-01 7.7026894537e-02
-3.9562696776e-01 -2.4616085172e-01 -4.2051808599e-01 -1.3156069015e-01 9.4748575096e-02 1.8793843205e-02 -1.5074447131e-01 1.3464633473e-01 1.1935894406e-01 3.8716077729e-01 -5.5536778516e-01 -1.3746225642e-01 4.4743990846e-02 2.0212087883e-01 5.7667916390e-02 2.8001331262e-02
-4.7648009050e-02 8.5265704116e-01 3.1062117964e-03 1.9251083033e-01 -9.5119342899e-02 -2.8494010756e-01 -4.7258989913e-01 4.3231392554e-01 8.4317849863e-01 5.9223800788e-02 1.1718228581e-01 -3.9027374767e-01 2.1538728170e-01 6.8783375073e-03 -7.9460254714e-02 2.1408008398e-01
-2.6779583651e-01 8.0635451558e-02 -3.4956738958e-01 -3.5038258336e-01 -1.0539164370e-02 -1.6864239425e-01 -3.5572567207e-01 -9.7329166459e-02 2.9077814643e-01 1.2866165417e-01 4.8423401801e-01 2.8319924438e-01 -2.2060833630e-01 -2.9136058795e-01 -2.3854090036e-01 5.3140312504e-02
-2.2111103603e-01 -4.7156183581e-03 2.1121632955e-01 -2.8597959249e-01 -1.0419260327e-01 -3.1749977973e-01 1.2760368320e-01 5.4687579328e-01 1.9482593219e-01 2.0376942128e-01 4.1674108300e-01 2.9492597258e-01 2.7995918580e-02 -4.9294344996e-02 -1.6161481889e-01 -1.8003393965e-01
-2.0326364354e-01 5.5702722581e-02 6.1389474762e-01 1.1067917538e-01 3.4350755420e-01 -1.1615926297e-01 7.2784279346e-01 1.4102689506e-01 -1.9543782772e-01 -1.5428732494e-01 -2.1895927318e-01 -1.8575787675e-01 7.9013828862e-01 2.9586936220e-01 -1.0431011358e-01 2.7040626744e-01
2.9674273518e-01 1.7721268469e-01 4.5962961743e-01 -6.9060788764e-01 -2.7562407278e-01 4.3346054628e-01 1.7072003578e-01 -1.6310626556e-02 1.3148164518e-01 -4.1822105914e-01 2.4933233818e-01 1.9081558331e-01 4.6448349291e-02 -1.1012974223e-01 3.4500067562e-02 -1.4536125523e-01
