2.3067453252e-01 3.4482090380e-01 -5.7680617643e-02 -2.5125422148e-01 3.8261808378e-02 1.0315827850e-01 5.1154590270e-02 -1.8002697541e-01 -3.7617435759e-01 2.9641963246e-01 3.1865686359e-01 -1.1276130991e-01 -1.7775050175e-01 -1.3311864740e-01 -3.1011102416e-01 -3.2371502660e-02
2.0222032388e-01 1.7909874506e-01 -1.5123567502e-01 -2.2599260623e-02 1.4360712412e-01 2.0571887702e-01 -3.2862879477e-01 -3.1312524811e-02 1.5892531263e-01 3.1397953075e-01 -6.8258491648e-02 -4.6520615931e-01 1.7780493015e-01 4.8582944305e-01 3.3729314385e-01 1.3288725413e-01
-4.0726126998e-01 -2.5290860790e-02 -1.3039843983e-01 2.9392276981e-01 -1.4959600030e-01 7.9662142521e-02 -4.1459723691e-01 7.3806302229e-02 1.7931641598e-01 1.3720931804e-02 -1.8514523581e-01 3.0025848262e-01 -3.5584275517e-02 -2.2823703475e-01 5.1867072809e-01 3.8038060268e-02
-6.3367840741e-02 3.3208722476e-01 -8.0820603706e-02 2.5817899113e-01 -1.7736345608e-01 -2.0732978905e-01 -4.1621919195e-01 -9.6515114166e-02 1.0616723035e-02 -2.5513161751e-01 2.2380668151e-03 -1.4648442456e-01 2.4742530489e-01 2.3171652968e-01 -1.7040359660e-01 -2.3516527357e-01
-1.6155529435e-01 -2.0663312059e-02 3.2535392639e-02 -1.1468828823e-01 -4.2546808058e-02 -3.0079423134e-01 -6.8200555583e-02 2.9669367819e-01 6.9836140786e-02 2.4430116883e-01 -9.1567121352e-02 5.3462525457e-01 -3.3498211208e-01 -4.8509387298e-01 1.2428464217e-01 -4.6715382809e-01
-2.3620353485e-01 -3.3857831373e-01 -1.3187333246e-01 -1.0321538967e-02 -5.5734551270e-03 -7.0604783360e-02 1.8220968694e-01 2.8149952708e-01 4.3697276488e-02 3.1377377524e-01 -1.8587736309e-01 4.1572070472e-01 -2.8463426300e-01 -1.7556215560e-01 -8.0867070960e-03 -2.5187571903e-01
-3.6105299193e-01 2.8882557486e-01 -1.1745012946e-01 3.3657785227e-01 1.7349449270e-01 4.8512238984e-01 -2.4121757971e-01 1.5490478435e-01 -6.8600370554e-02 2.4915086522e-01 -3.3975369261e-01 6.1247610911e-02 3.2661973484e-01 -2.2659195204e-01 -1.8861231545e-01 -9.0227069924e-03
2.0896261737e-01 -3.5337597982e-01 4.1685112477e-01 2.0092408889e-01 2.8476933213e-01 -8.5369467829e-02 -2.1882107511e-01 3.6381859902e-01 2.6896035275e-01 -2.4784947437e-01 3.9381422667e-01 -5.8150904148e-01 2.4991588374e-01 6.0476394175e-02 -3.2175543278e-01 -1.9372733289e-01
-4.2121681436e-01 2.0689649786e-01 3.2989253363e-01 -6.2809547623e-02 4.4635878201e-01 8.8526634923e-02 -3.9926372827e-01 1.5275602416e-02 -3.4135125962e-01 1.7734506488e-01 1.5359241303e-01 6.0236850345e-02 -2.3296106607e-01 1.7915644059e-01 1.1514810918e-01 -3.7956096735e-01
-4.3387801424e-01 -3.1306602090e-01 1.4679810353e-01 -2.6436866073e-01 8.7820248205e-02 5.1430307645e-01 4.1161141546e-02 -1.4155628974e-01 -3.0726113711e-02 -1.1039687978e-01 -5.0572688518e-01 2.2956463831e-01 3.8128585823e-01 4.9809133303e-02 3.8865891909e-02 5.9062634559e-01
-8.7374694808e-02 -1.1473944937e-01 -1.0538404507e-01 3.3921108246e-01 -2.0690980568e-01 -1.7706672607e-01 -5.7889036379e-01 8.6052937972e-02 2.9319010950e-01 -1.2606575391e-01 1.1911679045e-01 3.6784652664e-01 1.4451670632e-01 2.4498439011e-01 -1.0306716116e-01 7.3607695756e-01
-2.0289445123e-01 4.3527422792e-02 5.6385259304e-02 -4.8142127765e-02 -1.2087805968e-02 2.7213823650e-01 -3.7266697847e-01 1.7541156289e-01 7.2190134394e-01 -1.8976475869e-01 3.4839413799e-01 1.7881595822e-01 1.1845066075e-01 -5.9249258888e-02 5.9816027861e-02 -4.5302695088e-03
2.2250558529e-01 -6.6891365827e-01 9.3332584430e-02 1.2123683617e-01 -1.1877435418e-01 1.0636625925e-01 1.4441140592e-02 2.9923409139e-01 2.4879468426e-01 1.5363114846e-01 -8.8759904096e-02 2.6826320265e-01 1.6669292090e-01 -4.7302927326e-02 2.2426086263e-02 -1.8521952849e-01
2.2064735657e-01 -8.6037142068e-02 -1.9801059999e-01 1.3336061252e-01 8.0835875209e-02 2.9485346327e-01 1.4248048934e-01 -3.4325351778e-01 -1.1062711469e-01 -4.6214458753e-01 -2.4561073610e-01 -2.8735365856e-01 7.5435849717e-02 -1.8201619320e-01 -2.2216842682e-01 -2.2165991916e-01
-5.1079154093e-01 4.0158686768e-01 -1.0056787139e-01 1.5055170207e-01 -1.3104755621e-01 -1.4017611748e-01 -4.3004105241e-01 2.8445911505e-01 -1.7222976835e-01 -2.2029241565e-01 -2.7923791364e-01 4.8676756301e-02 -1.7929917182e-01 -1.3010015078e-01 1.8732723263e-01 3.2352510777e-01
1.4855374691e-02 3.6837317781e-01 -7.7932866417e-02 -5.0906808924e-01 -3.9098747184e-01 1.8480184557e-01 -3.0807054075e-01 3.7135537375e-02 8.5142066072e-02 -4.6825794151e-01 -3.4044270935e-01 1.9527440713e-01 -1.3024518878e-01 -2.2901776355e-01 -1.2350801377e-01 -3.5472143138e-01
