4.4319876879e-02 -2.6096249797e-01 -3.9901322781e-01 2.7494105874e-01 1.7084613019e-02 -6.4865395623e-01 8.2095437977e-02 -2.6729847038e-02 3.5013083214e-01 3.0197696122e-01 -8.5236545258e-02 1.1603382457e-01 5.7165653587e-02 -1.5549494401e-01 2.3260850549e-01 2.6469487106e-02
2.5777665432e-02 5.4615902078e-02 -3.8763800149e-02 -2.7970572579e-02 -3.0061867906e-01 1.2961783046e-01 2.9026763458e-02 2.2176168603e-01 -2.6801077093e-01 -5.3781789178e-03 3.2588833531e-01 4.4386819215e-01 -4.2136743682e-02 1.4927021364e-01 2.2821436255e-01 -1.2067964611e-01
-9.6512074634e-02 -2.1890894782e-01 -1.1454170072e-01 3.1499120614e-01 3.9611360545e-01 4.0642868852e-01 -3.1614508865e-01 -4.6109668920e-01 -3.1143315591e-01 -3.2092959294e-01 1.1953607655e-01 -9.8711252369e-02 -4.0737810744e-02 2.4232214522e-01 -1.7398751759e-01 -2.8252897957e-01
2.1695239228e-01 4.1945026938e-01 1.3154495312e-01 -1.0594464439e-01 -1.0102290278e-01 1.8340627319e-01 -3.2799399182e-01 -1.7975083551e-01 1.9506172159e-01 4.6793938539e-02 2.3087940707e-01 1.1113906804e-01 7.3623381674e-03 1.5201440786e-01 -3.3343049378e-01 1.1997808938e-01
6.5611598065e-02 -1.2530338434e-01 4.6667301402e-02 -1.6884993735e-01 -1.9877441599e-01 1.3463947624e-01 2.1416948700e-01 -3.7281773521e-02 -1.8410089263e-01 8.2639210409e-02 2.4861249227e-01 1.4126675240e-02 2.2645196990e-01 -1.4039094020e-01 -2.0383872870e-01 -1.4531882631e-01
-1.2396554264e-01 1.4697739919e-02 -1.4441082216e-01 -8.4409171187e-02 8.3942283118e-03 -1.5793113310e-01 -1.4110735639e-01 2.0492827268e-01 -3.3135080650e-01 2.4698163006e-01 -2.0164223611e-02 5.2733031976e-02 -3.2751926591e-02 1.4365085599e-01 1.7428888899e-02 1.0729870053e-01
4.6887877207e-02 7.6997135607e-02 -2.2886465753e-03 1.9068273838e-01 2.4249784759e-01 1.0276149784e-01 -1.6148357540e-02 -2.3960123469e-01 1.4897521759e-02 1.7319185437e-01 1.7149957455e-01 2.8466096669e-01 -6.8790642448e-02 4.2893396829e-01 -9.2186350766e-02 -7.4784640739e-02
2.6200068800e-01 -1.4206439183e-01 -1.1254717203e-01 1.8337760650e-01 -2.7372100856e-01 -3.6853806479e-01 1.4328647773e-01 3.8619820060e-01 1.6341201687e-01 2.7607125333e-01 5.0176770199e-02 2.7267880287e-01 -2.4735615719e-01 -4.7462264444e-01 1.0458325263e-01 -1.3514202451e-01
5.4994535176e-01 -2.3143446773e-02 -1.8598132974e-01 8.2628867696e-02 -2.1086345355e-02 1.5043998337e-01 -6.3292046085e-02 -2.2507037219e-03 1.6978930491e-01 2.5089924607e-01 1.4213863329e-01 2.4983637071e-01 2.8361148284e-01 -2.2890868755e-02 -5.1500727022e-01 -2.4984685942e-01
-5.7524871838e-01 5.5494495443e-03 -3.3852498367e-01 -1.9470455295e-01 3.8765831020e-01 -1.2067258861e-01 4.0703813344e-01 -3.5440483071e-01 2.8139461330e-01 -8.2628153227e-02 4.3013708443e-02 2.5306376737e-01 -2.1724223917e-02 -2.4822439424e-02 5.1194248440e-02 -4.7826079372e-01
-1.9168702522e-01 5.4995956153e-02 7.3433291987e-02 -6.3448567543e-02 5.9975996251e-02 -3.3027831280e-01 1.0247718244e-01 -3.0397299172e-01 -5.0094591649e-01 2.2834495553e-01 3.0862807209e-03 1.6082686296e-01 -7.4598152911e-02 2.3114074066e-01 -1.1434166948e-01 2.2008772852e-02
5.8196528181e-01 -1.7364796771e-01 2.1535011665e-01 -4.7225937367e-01 8.6869928709e-02 8.1976813028e-02 7.5975426070e-02 3.6283281268e-01 2.8033447180e-01 -6.5935973883e-02 6.2717383696e-02 3.0289207689e-01 -2.3034288034e-01 -3.8152967818e-01 -4.2292788230e-02 1.0180353648e-01
-1.2915713949e-01 2.9612304283e-01 -3.3271065906e-02 -2.2919401521e-01 1.5474102004e-01 2.4911786842e-01 2.3406469416e-01 2.3359112512e-01 -4.6468355899e-02 3.1127534384e-01 -2.4924126444e-01 -2.2078554878e-01 -4.1455279683e-03 -1.8668803040e-01 -1.4238534680e-01 1.4330008787e-01
3.8305969418e-01 1.4852188631e-01 2.1358878085e-01 -1.7231590139e-01 2.9139028796e-02 6.7813336587e-02 -2.7906022768e-01 -7.8500465187e-03 -6.2676144450e-02 4.7254261766e-02 4.6910138245e-02 1.2733550258e-01 2.5768101089e-01 1.0125590664e-01 2.4258279712e-01 -1.5890518890e-03
2.7978056442e-01 -5.1448952694e-01 2.5005018913e-01 4.1053818649e-01 8.3483166263e-02 4.5908829327e-02 -1.5667314677e-01 1.2334338099e-01 -2.1861997113e-01 4.0835931850e-01 -2.0177511848e-01 9.5737581799e-02 5.7177088931e-02 -2.2792521250e-01 -2.7171938997e-01 -4.4323311544e-02
-5.1606148467e-01 -2.8008652541e-01 5.1170913142e-01 1.2217661316e-01 -1.0907088091e-01 -2.0680682021e-02 1.4455504246e-01 1.9659310534e-01 6.5165314001e-01 5.0354415283e-01 -6.5710133074e-01 3.4508513226e-02 1.8869273321e-01 -6.2523356145e-01 2.4688126607e-01 1.3742846636e-01
-3.9664821905e-01 -3.1328162576e-01 -3.7061404827e-01 -1.3546436125e-01 -2.4261683314e-01 6.2089051761e-01 -5.2504225118e-01 -2.7524073628e-01 4.2697384334e-01 2.3225070406e-01 3.7289935896e-02 2.0832025697e-01 -2.2180481018e-01 1.1927285389e-01 1.2154918400e-01 2.7723299182e-01
