-4.8119833611e-01 -6.0674215651e-01 1.2500621526e-01 3.1136525910e-01 3.6879607061e-01 -6.5206569329e-01 -9.3807676509e-02 6.3803635662e-01 5.6702542321e-01 -1.0879318886e-01 3.0156412187e-01 -2.4945208840e-01 1.7364362192e-01 -3.5174668599e-01 -9.9681916902e-02 -9.6480153923e-02
2.3604989726e-01 1.8802469087e-01 2.5838195374e-01 2.1924187010e-01 2.4779891338e-02 9.0653217898e-02 -1.6196062944e-01 5.9327272356e-01 9.6059648985e-02 1.9504841438e-01 -3.7717807693e-01 -8.6669591979e-02 1.7621701443e-02 2.0499916742e-01 1.2382675777e-01 -6.1405193318e-02
-5.6834635085e-02 -3.8743905897e-01 4.3897209262e-04 -4.6400105029e-01 -1.4731943709e-01 5.3554552586e-01 6.0487814021e-02 -2.2622972620e-01 1.2699723202e-01 4.4727166709e-01 -2.5307163018e-01 -7.5561175153e-02 -1.7396503553e-01 -6.3000022461e-01 -3.1325996216e-01 -3.0717759286e-01
2.9195240525e-03 -1.3570067598e-01 2.3520255786e-01 -9.9335336375e-02 1.5442803869e-03 2.5339607303e-01 1.3346294351e-01 1.0924426557e-01 -3.4177444182e-02 -8.0990606832e-02 -2.4277285484e-01 6.2067860792e-02 3.9064732741e-01 3.9352875605e-01 4.3832626596e-01 -3.1529332579e-01
-8.9096667999e-02 -4.3858286678e-01 2.6453872972e-01 -1.1694636430e-01 -3.8666258097e-01 -5.4417123614e-02 4.6491817424e-01 1.2401581045e-01 -3.0908686760e-03 -8.0487037570e-02 1.0839068305e-01 -9.1152111519e-02 -2.8934270931e-01 -1.2221999374e-01 6.3356026102e-02 -1.7792357367e-01
-4.9886658237e-01 -8.4271853792e-01 2.8810904497e-01 1.0607664857e-03 1.9980085170e-01 -2.1281709892e-01 -3.2375598655e-03 1.2701052162e-01 5.4268453118e-01 -3.5019295735e-01 1.7100651411e-01 -7.5076772444e-02 -2.7458757058e-01 -1.8019457223e-01 -3.7024657654e-01 -5.9684281386e-01
-4.7491776152e-01 -3.6418620349e-03 -3.5061872971e-01 8.0443394809e-02 3.5832391427e-01 -1.5451336502e-01 -3.8861059966e-01 9.9631733915e-02 3.8037629834e-02 -5.0865576184e-01 1.4409743442e-01 1.2263677766e-01 1.2463543598e-01 -3.0565562811e-01 3.3341917062e-01 -7.4763815786e-02
-2.8236979929e-01 -1.0450495111e-01 -2.3565282467e-01 1.5507669670e-01 -5.9031696151e-02 -4.2919799254e-01 7.1918592992e-02 4.4142618851e-01 9.0340848964e-02 -1.9703584767e-01 -3.3042556893e-01 2.7501703203e-01 7.9706447704e-03 4.2317765050e-01 -1.3930289369e-01 -1.2062581343e-01
-2.0783458823e-01 -6.0979206501e-01 1.6564269558e-01 7.2208435902e-02 -1.4958852988e-01 1.9179369431e-01 1.7379343805e-02 2.0535189764e-01 2.2355161196e-01 4.8284926299e-01 -3.3245604332e-01 -6.7526424050e-02 -3.7069020333e-01 -6.3636903684e-02 -4.4019722014e-01 -2.9506603507e-01
-5.0696507574e-01 -1.5304280826e-01 2.2856153174e-01 -5.5712881537e-02 3.6450062852e-01 -2.5678799345e-02 9.2187242608e-02 3.4326833288e-01 -1.8894023167e-01 1.0073965560e-01 -1.0994573585e-01 -2.0454383959e-01 -8.9301673826e-02 -1.4467440210e-01 -1.3314891829e-01 2.7694666665e-01
4.4577073015e-01 2.9517304000e-02 -1.5361810400e-01 -3.5891318523e-01 1.0967477409e-01 4.5586175756e-02 -5.5231088478e-01 -4.9255373860e-01 -1.3782425484e-01 -1.9093959043e-01 -2.5707870804e-01 1.1453499652e-01 2.0653112709e-01 -1.4365033725e-01 2.3879819228e-01 4.6336887598e-02
2.0806751158e-01 -2.1591526867e-01 -1.0731492251e-01 -2.2363883643e-01 -1.7916007901e-01 4.8527011744e-01 2.5357192243e-01 -1.8112274463e-01 -2.8362377225e-01 1.6673394173e-01 1.5317240563e-01 6.9222162187e-01 7.8213359820e-02 2.9788671858e-02 -1.9761516034e-02 -1.7690552847e-01
-1.0639321789e-01 -9.4419598559e-02 -2.6536593389e-01 4.5240538082e-01 -2.5533488558e-01 8.3519771151e-02 6.4667203004e-01 3.8049849760e-01 3.2851110445e-01 -1.4568879084e-01 3.0386005558e-01 -2.6693297942e-01 4.1908044112e-01 -3.1320696447e-01 3.0597144519e-02 1.3571690991e-01
1.5833070005e-01 5.2499043518e-01 -2.2627013437e-01 2.4240630056e-01 -1.3688087137e-01 5.8347005559e-01 -3.0641903683e-01 1.9671903669e-01 -1.3049513525e-02 9.9071488154e-02 3.3535247792e-01 -1.1168276373e-01 9.5917081350e-02 -3.9952143551e-01 -2.3639863295e-01 -4.7681674036e-01
6.0884594622e-02 1.5964528220e-01 -4.0460233379e-01 -3.8711650596e-01 -2.2774514096e-02 9.6124660431e-02 -9.9618112386e-01 -1.3572228491e-01 -2.9503224825e-02 -1.0987239834e-01 -3.5017873437e-02 2.1288716620e-01 2.1449350751e-01 2.5951351172e-01 1.5993903972e-01 -2.7570003599e-02
1.0441417656e-01 -7.3003805682e-02 -1.4681384098e-01 1.8675971243e-01 -9.9143920798e-02 -4.4829480716e-01 -2.2115655278e-01 1.2309043601e-01 3.7552124013e-01 -6.5873234348e-01 -1.3679005954e-01 -3.8959236465e-01 -2.4253253732e-02 3.8623608828e-02 3.7484468885e-02 -1.2588103326e-01
