6.3575191366e-01
-7.3913177885e-01
4.6548417383e-02
-8.5963938089e-01
-9.0519638126e-01
7.1189461367e-01
1.7687494637e-01
8.1372623960e-01
7.3016762974e-01
1.6075268994e+00
-1.2991597181e+00
-1.6896930509e+00
1.0935751941e-01
-1.9555338957e+00
1.7264533779e-02
-8.7965122767e-02
1.0780927640e+00
-3.5458685587e-02
-3.0249290512e-01
-5.9122282422e-01
1.3058196371e+00
2.3990581336e+00
1.1438613925e-01
-1.2642971581e+00
1.4726862869e+00
-6.9639099054e-01
5.7633462534e-01
-1.3158343445e-02
7.3575966308e-01
9.7510462172e-01
-4.7806965033e-01
3.6664814573e-01
7.4716898269e-01
4.5501737037e-01
-8.1373303950e-01
1.6660800274e+00
-1.3982148319e-02
2.1932328187e+00
-8.4864397767e-01
-7.0989166271e-01
-9.8558880114e-01
-2.1058853609e+00
-7.4057529875e-01
-1.5910461304e-01
2.2948757547e+00
2.6876037796e-01
8.8162282835e-01
5.5244886570e-01
3.8184880170e-01
5.9381584968e-01
