2.9930735449e-01
3.2919640889e-01
1.1806990659e+00
-2.9989491830e-01
8.8503929818e-01
5.3115922227e-01
1.1767455797e+00
5.0720586367e-01
-5.2277653529e-01
3.9509453448e-01
4.3051312203e-01
-1.0452784511e+00
1.1761739087e+00
4.8086136070e-01
9.4198219931e-01
-9.3870974429e-01
-1.1649209347e+00
-1.1413048164e+00
-1.0354150532e+00
-9.5906921977e-01
4.3665764684e-01
-4.7132455845e-01
-3.9071431689e-01
-3.0487559006e-01
-1.1946146525e+00
1.0350279738e+00
9.5884058373e-01
-4.2467555900e-01
-4.6020500757e-01
4.9384025516e-01
-4.4613463376e-01
-1.2294323591e+00
-1.0965556551e+00
4.2539194626e-01
-4.1179255614e-01
-1.1302515719e+00
3.3391447683e-01
-1.2320653727e+00
-4.3673564663e-01
-1.1512942779e+00
-4.4456004650e-01
1.0954005419e+00
1.3936784801e+00
-3.0299446164e-01
5.4453708808e-01
-5.1433690082e-01
-4.7402951214e-01
-1.1880672634e+00
3.2407147376e-01
1.2716312994e+00
-1.3537758705e+00
-6.0662875788e-01
-5.0097720574e-01
3.6703722577e-01
1.1231726480e+00
3.1073332435e-01
1.0079106293e+00
-1.1108780406e+00
9.4124559625e-01
-9.1623366476e-01
-1.0233846139e+00
3.2072219474e-01
1.2401926354e+00
1.1512673710e+00
3.1552079015e-01
9.1511370069e-01
-5.4335090939e-01
-1.1834425346e+00
-7.8351598550e-01
9.6891688335e-01
4.6772828101e-01
4.2741680983e-01
6.5764308603e-01
1.2177893136e+00
9.4319406604e-01
-4.6904184745e-01
-4.3278257445e-01
-8.4988332355e-01
-3.9289345042e-01
8.4868798570e-01
-5.0641185830e-01
-1.1043437895e+00
-3.0457804462e-01
4.4318919862e-01
-3.6509500277e-01
-3.1930695122e-01
-4.8590799813e-01
-1.0574741364e+00
-5.2171799199e-01
4.6163921574e-01
3.5442669494e-01
-9.1790419213e-01
9.6559991635e-01
-9.5033468937e-01
4.8259724099e-01
-4.0715576963e-01
-1.0775102389e+00
1.1887765518e+00
-4.5324496824e-01
-3.9193528567e-01
