-2.3418007538e-01
-4.5039534922e-01
-2.5147942939e-01
5.3661881276e-01
2.0127741074e-01
5.5147452510e-01
2.4434744250e-01
-2.0400081924e-01
2.3866339381e-01
-2.0666786048e-01
-6.8086653844e-01
-5.6279756946e-01
5.3379157608e-01
1.9410167157e-01
-5.6502093639e-01
-2.0367184745e-01
-6.3046709654e-01
-2.3021883287e-01
-1.7654443788e-01
1.8092652327e-01
-5.3569375022e-01
6.4153183978e-01
2.4246658131e-01
6.0605111468e-01
2.0021131446e-01
2.6116282363e-01
-2.3234810817e-01
2.2123057108e-01
2.4172164992e-01
4.3543705431e-01
-3.3900796036e-01
-1.9631363345e-01
-3.9174226112e-01
-6.0070052237e-01
-1.8590626678e-01
-2.1104657647e-01
2.3821180374e-01
2.4282321178e-01
-6.6028731312e-01
-1.8706031669e-01
6.1305676016e-01
6.0951864553e-01
2.5546887540e-01
7.4188608258e-01
1.8029553534e-01
1.9249754487e-01
1.9021175946e-01
-2.7871028386e-01
2.0996733441e-01
2.3389457745e-01
-5.9410712708e-01
-2.5701755779e-01
4.2135672179e-01
-1.9924297943e-01
-2.9328308252e-01
5.8274453480e-01
-2.0137790584e-01
6.3587373636e-01
7.0060575563e-01
-6.0333225197e-01
-2.8773336518e-01
-1.7823472220e-01
-6.9664453426e-01
5.9631379984e-01
-1.9760023427e-01
2.1418813370e-01
-2.9678235831e-01
-1.7710042112e-01
7.4150583443e-01
1.8464244864e-01
-5.4206539433e-01
-2.6868412013e-01
-2.1083012976e-01
2.6023229909e-01
2.0344288457e-01
-2.8359141848e-01
5.8061556003e-01
-2.4355523687e-01
-2.0498804299e-01
6.7080412336e-01
-5.7025220920e-01
-3.0236763807e-01
-2.3810812540e-01
-5.5769986852e-01
-5.4141595476e-01
-6.2589026964e-01
-2.1122115513e-01
-5.9875175195e-01
2.1545680417e-01
-1.8494177558e-01
2.0277394513e-01
-1.7951556584e-01
-2.6517314248e-01
2.5988614298e-01
5.6884108479e-01
1.9389481742e-01
2.4271921373e-01
-2.5917015117e-01
6.6448579420e-01
-6.9014142725e-01
5.6504544798e-01
-1.7715444494e-01
5.6703899668e-01
-1.7930871093e-01
-2.0958387682e-01
-5.3349145028e-01
5.3627414900e-01
-2.2125293122e-01
-5.4031413954e-01
6.7821374370e-01
-2.0120479048e-01
2.6072085143e-01
-2.7240105766e-01
2.6942705781e-01
2.3709181841e-01
-2.3457244698e-01
2.9531962609e-01
-2.4956106877e-01
2.3375816845e-01
2.5776132560e-01
6.1088243523e-01
2.5028089544e-01
2.3820025881e-01
-2.0862740506e-01
1.9513176406e-01
1.9723901976e-01
7.5860388064e-01
2.2503882984e-01
2.2170280805e-01
-1.8379843552e-01
1.8252744113e-01
6.5041402644e-01
-6.3196643195e-01
2.0824151144e-01
-6.1254988690e-01
-2.2523967676e-01
-2.0568012916e-01
6.3056593324e-01
2.2542200488e-01
-6.6528456704e-01
2.5436127464e-01
-1.9854184963e-01
-6.9536613717e-01
2.1186866838e-01
2.1358129637e-01
-2.1601166599e-01
4.9870733384e-01
1.9916709637e-01
-6.4874769678e-01
-5.7860522554e-01
-2.3869266689e-01
-6.0100443037e-01
6.0970190398e-01
-5.4918422755e-01
-5.2398360308e-01
-2.9513132104e-01
2.4228124873e-01
2.2123961304e-01
-1.7686700558e-01
5.4525079428e-01
2.7155571083e-01
2.9949022750e-01
-2.0999549214e-01
2.0788866194e-01
1.5479584622e-01
1.7636342884e-01
2.3349343144e-01
-2.3379293919e-01
6.1752027934e-01
2.3678717305e-01
2.0681816224e-01
-6.2011825330e-01
2.1953273162e-01
2.0967419020e-01
5.6692823158e-01
-2.5917099272e-01
6.7184553617e-01
-5.7757624331e-01
-1.9798035061e-01
-5.9622002132e-01
1.7335400377e-01
-4.4132850909e-01
-1.8023443218e-01
2.9974083633e-01
-6.5645041210e-01
-2.2722706210e-01
-2.2169597107e-01
-6.6324548390e-01
2.1398745972e-01
4.8225437097e-01
-2.2040296880e-01
1.8518540195e-01
-4.9061198742e-01
-1.9340550246e-01
-6.3419184482e-01
2.2255699612e-01
1.9366827557e-01
2.1080616924e-01
1.8446021886e-01
5.1377340857e-01
-6.7779258763e-01
-2.3198228949e-01
6.0694354621e-01
1.7415836905e-01
2.0084366396e-01
-2.3269746738e-01
1.7876973312e-01
2.0835739762e-01
-5.8020391591e-01
2.5007066970e-01
5.8467282647e-01
-1.9678569310e-01
6.0828013662e-01
6.1694012997e-01
-6.6092077054e-01
-5.0411784483e-01
1.9201978629e-01
2.4090930964e-01
-5.3414246013e-01
5.7250868879e-01
-2.4431682932e-01
6.0670975942e-01
2.4076723132e-01
1.8978592850e-01
6.0659934769e-01
-5.6583789426e-01
2.0088078972e-01
-2.8152748014e-01
1.8759334545e-01
-2.1000789207e-01
3.4175495294e-01
-2.2885840429e-01
1.5202632678e-01
-2.2341662603e-01
-2.2813631858e-01
-5.3259535442e-01
5.9863815752e-01
-6.6397126098e-01
2.1290986052e-01
-6.3356268473e-01
-5.6991963155e-01
-2.4567020716e-01
-2.2162359552e-01
2.3787024034e-01
1.9300741272e-01
-5.6905883157e-01
5.9718895526e-01
-1.7588739536e-01
4.7128362357e-01
-1.9634688692e-01
-1.4476316211e-01
8.0312905333e-01
-6.0891287318e-01
-5.6792967916e-01
6.2313130905e-01
5.6719423927e-01
2.6741645560e-01
2.7689635929e-01
-2.2924468553e-01
-1.8602950081e-01
-2.1753217666e-01
5.1021040618e-01
1.7080293946e-01
-2.3018290487e-01
6.3024479340e-01
-6.7619402083e-01
-7.1282950778e-01
-5.9606619399e-01
2.0785118084e-01
-1.7704505801e-01
2.0498125435e-01
-2.9850068512e-01
-7.1140296222e-01
-6.4465296249e-01
6.2144007725e-01
1.8465059945e-01
-1.9681802114e-01
-6.7875860449e-01
1.8287414222e-01
-6.3133490021e-01
2.7934112134e-01
5.3495386680e-01
2.0719820406e-01
1.7543637181e-01
-1.9563088965e-01
-6.2280678375e-01
-2.6198647406e-01
6.5167767640e-01
2.9491596322e-01
-1.8846931780e-01
-4.3624593399e-01
-6.9897619202e-01
1.9314929350e-01
3.0287374009e-01
2.1326232172e-01
-4.8617890516e-01
-1.8500008855e-01
-1.7809388610e-01
-6.9148948676e-01
2.1142939196e-01
-6.9275930185e-01
6.1724824414e-01
-1.9151149971e-01
2.3850539552e-01
-2.0062472835e-01
-1.9031261683e-01
-5.8207963600e-01
5.7263526488e-01
-2.1452658045e-01
-1.9257282729e-01
1.9546646439e-01
-2.6333524614e-01
-1.8840908207e-01
2.1508830740e-01
6.3660581415e-01
-5.6243405451e-01
2.3507481839e-01
3.2502194500e-01
2.9604539019e-01
-1.9450013812e-01
-1.9889765306e-01
-1.6947853649e-01
1.6670067283e-01
-2.5220593582e-01
-2.0196746045e-01
6.2216081520e-01
-4.8191928930e-01
2.2107990036e-01
2.1459566539e-01
-2.2974110165e-01
2.0378722134e-01
6.8866632220e-01
-2.0282361903e-01
2.2320928246e-01
9.7194634282e-02
-2.9516903286e-01
6.4522392228e-01
2.2071614178e-01
-3.6596262542e-01
1.7342833612e-01
-6.5555365405e-01
-6.5228263436e-01
-4.5895409317e-01
-6.2203205892e-01
-2.3800733447e-01
-2.4092690069e-01
2.2249048518e-01
-1.6943908654e-01
-4.7926323433e-01
2.1365314162e-01
