-1.0888524243e+00
-1.0094139175e+00
-1.3761833066e+00
1.1637710728e+00
1.2805017060e+00
4.0437900999e-01
1.0761832090e+00
-1.0469699992e+00
1.4120272943e+00
-2.1087659742e+00
3.6529772852e-01
-7.5703111770e-01
2.4150452855e+00
1.8451744430e+00
3.4969202354e-01
7.7896815232e-01
-1.1691122965e+00
-1.4367887373e+00
7.1902649643e-01
-7.8455573920e-03
-2.2239646676e-01
-1.1940653122e+00
-1.9704373173e-01
1.4004108604e+00
-1.1048150631e+00
-1.5437470663e+00
3.9334527925e-01
-7.2792588689e-01
-1.5750852387e-01
-3.4536425676e-01
4.3452407938e-01
4.3201431053e-02
