-7.9947380553e-01
-1.8888700312e-01
8.9398780848e-01
3.0484394867e-01
-5.4481999618e-01
-1.6351696155e-01
-2.1659201995e+00
4.3605291738e-01
-3.6405016292e-01
-1.5180128871e+00
-7.6656180544e-01
-9.8520897029e-01
3.6900432302e-01
7.5300737012e-02
8.5938154533e-01
-1.3646282815e-01
2.4264573590e-01
1.4038343356e+00
5.1341099453e-02
-1.1456486774e-01
-1.1591696562e+00
-8.0333256056e-01
1.0431444823e+00
9.8749789662e-01
2.8619797793e-01
3.9597011493e-01
1.0473089871e+00
-7.2055925211e-02
-1.6916027105e+00
-2.7060920694e-03
-1.0467021759e+00
1.0962508669e+00
