-1.8988520943e-01 8.9318916529e-02 1.3738875259e-01 -2.0137706773e-01 1.5644130044e-01 -1.5640196918e-01 1.9449256683e-01 1.0357682853e-01 -2.9806674352e-01 6.7081941205e-02 -1.0918230498e-01 -6.6180130030e-02 -7.5714182787e-04 1.0294244451e-01 -7.6478046354e-02 4.6135245321e-01
-3.8595129844e-01 5.2788188378e-01 -2.5133391129e-01 -1.1409480457e-01 -2.4103641723e-01 4.3011459426e-01 -3.0867220082e-01 5.8055942250e-01 3.0624663973e-01 3.9442482949e-01 3.3410762289e-01 4.3950089299e-01 2.2600302226e-01 -3.5974411252e-01 3.6974417180e-01 -4.5428074634e-01
5.3675850716e-02 -4.2983159123e-01 2.4637513008e-01 2.8933547353e-01 9.1492687231e-02 -3.8818447326e-01 -1.6267333999e-01 -4.7695404378e-01 -2.1861793990e-01 -2.1271780026e-01 -1.8727370569e-01 -4.1007066356e-01 -3.6978897718e-01 1.7536547915e-01 -4.1426922724e-01 3.5814398991e-01
9.1847536816e-02 -2.9383756812e-01 1.8710399183e-01 7.2749576310e-01 3.3955814514e-02 -2.7020238334e-01 -3.7134271836e-02 -1.3625994056e-01 -3.8446115794e-01 -1.9845943397e-01 -8.6762291148e-02 -1.7796468712e-01 -3.6197556984e-01 1.3911036339e-01 -2.7659875204e-01 3.6300217803e-01
2.5156471307e-02 1.1794243275e-01 -4.7510698570e-01 1.0972780496e-01 -8.1702014266e-02 2.5273290864e-01 2.5471308365e-01 8.1057621702e-02 1.7502628266e-01 -7.7394419973e-02 -5.0796868677e-02 1.9965977361e-01 -4.9922090461e-02 4.1123397980e-02 -1.1627780468e-01 -1.2917174687e-02
-1.7979247824e-01 6.0319291251e-01 -7.1737259771e-01 -1.6380616352e-01 -2.3704171476e-01 6.8388738197e-01 -2.8524322000e-01 3.0766575282e-01 7.2308786790e-01 4.5027560418e-01 3.0612096346e-01 2.7775592383e-01 5.2304834895e-01 -7.0762568186e-01 2.7865198419e-01 -3.9316125506e-01
-1.8912172554e-01 4.1638913398e-01 -3.4556049421e-01 -2.8122170377e-01 -1.8997942334e-01 9.7202377915e-02 -2.0038106667e-01 5.9125969085e-01 1.7122182449e-01 1.4175880041e-01 5.0731463053e-01 3.6131770915e-01 3.1230359736e-01 -5.6359613808e-01 1.8529219096e-01 -4.4908392673e-01
1.1793297595e-01 -1.7278493028e-01 -7.6571268621e-02 1.8148704010e-01 2.5905419489e-01 -5.6389143627e-02 1.3392172625e-01 -2.0026382754e-01 1.9867090634e-02 -2.3660172540e-01 -2.4873973026e-01 -3.6438828424e-01 -4.0015833968e-01 1.0745712463e-01 -2.6206617906e-01 -1.3534703155e-01
2.2798866063e-01 -1.5419313951e-01 1.3464794117e-01 2.2404788232e-01 3.8728461095e-01 -3.2348625616e-01 2.4100357617e-01 -2.9719869782e-02 -3.7608527924e-01 -3.1220298693e-01 -4.0485892262e-01 -4.0193953477e-01 -2.0137648689e-02 1.8032877539e-02 -2.1247812415e-02 2.0328916637e-01
-9.9388267141e-02 2.2607698316e-01 -6.5523416243e-02 -3.2986944306e-01 -2.9008427036e-01 1.8902566169e-01 -3.0827719698e-01 -1.0837007848e-01 1.9249799496e-01 1.4361398968e-01 -2.2933924314e-02 -1.9248843713e-02 2.6173805776e-01 -1.5330485100e-01 1.9138792279e-01 -3.5951877448e-02
1.2361846565e-01 -3.5588661719e-01 2.5552531143e-01 2.6347600361e-01 -1.7353816307e-01 -6.8576920211e-02 1.9978024464e-01 2.1352960954e-01 -1.3525060801e-01 -1.7044103795e-01 -6.8601015916e-01 7.9980417799e-02 -2.1931751375e-01 -9.4744862154e-02 -2.4628977499e-01 1.8950511069e-02
1.7252926486e-01 -6.6716453401e-02 -1.6323682439e-01 1.5226887826e-01 2.9124787285e-01 -4.6185213848e-02 2.1171407007e-01 -5.8190007021e-01 -1.8179735477e-01 -4.6574244892e-01 1.1815357438e-01 -3.2770794201e-01 -2.6369819351e-01 2.2934974240e-01 -1.8139368900e-01 2.7805916151e-01
4.3902536835e-02 -8.3914780903e-02 2.4309177851e-01 1.6071289487e-01 1.1888726269e-01 -6.3991226182e-02 4.2173769903e-01 2.0963632843e-01 -2.1501326376e-01 -2.3758149454e-01 -5.6409608428e-01 -1.8810022134e-02 -4.1231924145e-01 1.4139596119e-01 7.5381566790e-02 6.3358911610e-01
-1.1868673054e-01 2.3474403279e-01 7.7217930310e-02 -2.3794156392e-02 -2.4351747747e-01 -6.5696266094e-03 3.4839083140e-01 5.5561053896e-01 1.0904351760e-01 5.5342772385e-01 3.4653885846e-02 1.2687219358e-01 9.9764881396e-02 -2.9774811547e-02 1.6167983337e-01 -5.5804262132e-02
-1.1684355151e-01 4.4779830358e-01 6.4870015472e-02 -3.2119092495e-01 -4.6444421653e-01 3.3013941513e-01 -1.4108684964e-01 3.2396845846e-01 3.8700700514e-01 5.0880641580e-01 3.9601666033e-01 2.1405629223e-01 6.5850270717e-01 3.9154802014e-03 5.7657052765e-01 -2.1161478185e-01
4.0803629546e-01 -4.7023070753e-02 9.6760463646e-02 -3.8995079284e-01 -4.4741394310e-01 1.3455059361e-02 -1.5085836980e-01 2.8093091971e-01 6.0765752810e-02 -4.5841819846e-01 -6.0870778437e-03 6.7658786955e-02 1.0541771244e-01 -2.6238263997e-01 -1.0422456032e-01 -3.5200009783e-01
1.1788495278e-01 -2.9140155405e-01 -9.8441888427e-02 9.6670940624e-02 -3.5952110702e-01 2.0289397634e-01 -2.6156163065e-01 -5.5630542673e-01 2.4209276302e-01 6.1921568249e-01 5.0758577245e-01 3.2318123514e-01 -1.2883056349e-02 -3.3042546021e-01 -3.8569272350e-03 1.5518600306e-01
-2.2860913278e-01 1.4977088300e-01 -2.7948579810e-01 -2.2371796698e-01 3.3337798510e-02 -2.9531280342e-02 6.6942091574e-02 -5.7451195875e-02 8.5668370699e-02 -3.5622511800e-01 1.8205372579e-01 6.7361128615e-03 1.0956862065e-02 -3.3393197585e-02 -3.5642503986e-01 -9.1108369469e-02
1.6312741681e-01 -5.6193199720e-02 2.4310085267e-01 5.6689001811e-01 4.0596712757e-01 -1.9453898809e-01 5.1137394537e-01 -1.8411697958e-01 -6.7250230163e-01 -5.6668063612e-01 -3.9029339712e-01 -2.6346907649e-01 -1.1485179790e-01 4.4667872741e-01 1.7773877378e-02 2.7815907493e-01
1.1037219818e-01 3.8363651297e-02 -5.9374857019e-02 -3.2725267571e-01 1.7295533847e-01 -1.6979004993e-01 6.4251455824e-02 -3.7211084343e-02 1.1546786392e-01 2.3646840254e-02 3.4584277299e-01 1.8414493339e-01 2.6703762304e-02 -1.8977363095e-01 3.7075721855e-01 2.0320353948e-01
-5.4192588402e-01 3.9132152291e-01 -6.1587714565e-01 -7.3187430189e-01 -5.5562547202e-01 2.8025021408e-01 -2.9674037964e-01 5.1772516708e-01 4.2295170408e-01 4.7005557289e-02 4.3139055733e-01 4.4908605677e-01 6.4798378190e-01 -4.0185053488e-01 2.5586437827e-01 -3.1186639331e-01
6.1304607850e-02 -1.6924222844e-01 2.4839757420e-01 2.9224969887e-01 -4.2716930295e-01 -2.5222821173e-01 5.4893988288e-02 -8.9473802216e-02 -1.5715530519e-01 -1.5584959534e-01 -1.2406406144e-01 -2.7908222424e-01 -2.2470746585e-01 -1.3300644577e-01 -3.2189450351e-01 -7.1393383493e-02
2.2391936026e-02 8.6921786212e-02 -3.5233818451e-01 -2.7370906623e-01 -1.4123285929e-01 4.4047326387e-01 6.3895311403e-02 -1.8188193761e-01 1.3043395403e-01 4.6169186510e-01 1.2927480891e-01 4.3560246514e-01 2.7711958934e-01 -3.9780523383e-01 6.1785755323e-01 -3.0537079104e-01
-8.7232606336e-03 -2.0379943532e-01 3.1023117063e-01 -8.4218621013e-02 1.8816694005e-03 1.0604104624e-01 -3.1508663511e-01 -8.8002802098e-02 -3.0316385346e-02 1.3310492065e-01 3.5387268350e-01 6.9611610336e-02 2.1425601691e-01 2.5602382806e-01 2.5160463319e-01 -1.7513729064e-01
