-8.4194876667e-01
1.1258489230e-01
-1.5332977810e+00
9.5040798247e-01
-1.1175046023e+00
-6.0121700230e-01
-6.7921877522e-01
2.3536001452e+00
-6.3078053212e-01
1.0732574555e+00
4.2023538467e-01
-6.2515527811e-02
-3.4830612776e-01
-2.9774699179e-01
-2.9636722762e-01
2.3863364427e-01
-1.3030055223e+00
-2.7733081940e-02
2.8422731319e-01
1.4712194686e+00
-2.6294706510e+00
-2.7502578725e-01
-1.5808813822e-02
2.5497724548e-01
-2.0909620208e-01
-9.7607163480e-01
-1.2603344201e-01
-1.3381739752e+00
-5.0805154557e-01
-2.8641531956e-01
1.0599647948e-01
1.4987274653e+00
-1.0365536642e+00
-1.0276202651e+00
3.5560019092e-01
-2.6260439783e-01
9.8507563837e-01
-1.8141333646e+00
-1.2916099782e+00
-1.0885499028e+00
1.8852555748e+00
7.3649163909e-01
-3.7010825036e-01
-9.9418345594e-01
2.9129081653e-01
-1.4465339529e+00
7.2019468209e-01
6.6833135490e-01
2.2750705593e-01
4.7865744947e-01
2.5253990179e+00
-1.5083525251e+00
2.2798061701e-01
-8.6589649982e-01
-2.4297886958e-01
-1.4339927081e-02
-1.1641114153e-01
1.3645042230e-01
-3.9981048857e+00
-2.4748054143e+00
-1.4905701248e-01
-1.2807082446e+00
8.3296646139e-03
-8.6399082606e-01
-1.8469673998e+00
1.5747590785e+00
-4.7233235450e-01
7.7689536498e-01
-1.3891212096e+00
4.5273183620e-02
-1.0992895048e+00
1.9974622894e-01
1.1689478712e-01
-9.8622335929e-01
-6.9611836628e-01
-1.0962675526e-01
6.3395809630e-01
2.0925944569e-01
1.6908156870e-01
-3.0058562156e-01
-3.5523326007e-01
-3.9435814329e-01
-3.1991693678e-01
3.5077109996e-01
-1.8930611114e+00
2.0237297043e+00
5.8662001192e-01
9.1215604338e-01
-1.3385586235e+00
-5.6634974536e-01
-1.7418962224e+00
1.4482974098e+00
5.8805269437e-01
-2.4173346885e-01
1.1136944318e+00
-5.5545813813e-02
-2.1103597688e+00
-1.0695134554e+00
3.1171368928e-01
-4.6655725097e-01
1.1164844127e+00
-2.1277167465e-01
6.2348255315e-01
-2.5073350021e-01
-3.5028619319e-01
6.0528030958e-01
4.2186811038e-01
1.1565100347e+00
-1.3211769813e+00
1.9864771774e-02
-6.4417716507e-01
3.6927074304e-01
-5.3383793264e-01
-3.4930324644e-01
1.3793017507e+00
-1.0048483730e+00
1.7212462808e-01
-3.1349913893e-01
-6.7022919485e-01
-7.4272166735e-01
-5.8840434338e-01
-9.1273711164e-02
1.1743156746e+00
9.3704767899e-01
7.3528615118e-01
-1.4936761979e-01
1.8516553994e-01
8.2201876078e-01
-4.4625795224e-01
-7.9911899565e-01
1.4513583988e-02
-8.9284487978e-01
3.5142369945e-01
9.7859722412e-01
-2.5403123095e-01
-1.1088858840e-01
1.3885660546e+00
-3.2436741388e-01
1.7334845461e-01
1.2391394999e+00
-1.6959988410e-01
-2.1848552437e-01
-7.3536351975e-02
1.0880560550e+00
-1.7985571535e-01
-1.2561387866e+00
-1.6775248687e+00
-1.0002239140e+00
-2.2000029514e+00
-9.5155011059e-01
