-2.2035387853e-01 -3.2118750594e-01 1.3314975764e-01 -8.7281175651e-02 -1.0390854022e-01 1.7290465000e-01 -1.4021342872e-01 2.0400213410e-01 3.1528075608e-01 3.2816814479e-01 -1.9619438996e-01 2.3754351928e-01 -1.7327530352e-01 -3.1277872889e-01 8.2031941237e-02 -1.4370985598e-01 8.6552448749e-02 3.1742454100e-01 -1.3647552108e-01 -8.5090116471e-02 -5.6740883942e-02 -6.6796362295e-03 1.9200327952e-01 1.9942001817e-02 3.9491124595e-02 -4.1054297413e-01 1.7175104425e-01 2.2237989571e-01 -1.3883838509e-02 7.3021648566e-02 1.8195668980e-01 2.9338125957e-01
1.0284150113e-02 5.5201476463e-02 -1.5390769121e-01 1.1502497200e-04 -1.1904040147e-01 -4.6137558071e-02 7.2907631990e-02 3.8095830446e-01 1.9999796566e-01 -2.0699040802e-02 -6.7656130173e-03 1.6487597996e-01 -1.2023913788e-01 1.6045151943e-01 -1.4233455839e-01 8.2710488453e-02 5.9107519767e-02 9.0975196556e-02 1.7060893447e-01 -2.8692752868e-01 2.0973669188e-01 -2.4291285071e-01 2.3021561872e-01 2.0277245942e-02 -7.2644847104e-02 3.5935786837e-01 -7.4243329967e-03 1.9844320500e-01 -3.5506616955e-02 -6.5730740742e-02 1.7009595482e-02 4.7812247564e-02
2.2067169026e-01 5.6604669071e-02 1.9692420912e-01 -1.0917961263e-01 5.0799685667e-01 -1.5232751521e-01 -5.5278921311e-01 -5.1333927753e-02 4.5579812676e-01 -3.4869835246e-01 5.0897648107e-01 -5.9092249752e-02 5.0257612018e-02 1.1665692412e-01 3.0886148814e-01 -1.7170862133e-01 5.1932915314e-01 1.3155183554e-01 2.9643849152e-01 -2.2975024151e-01 -6.5201564574e-01 3.8996067540e-01 -5.6616394541e-01 2.3914469131e-01 -1.4271703620e-01 2.5221100706e-01 -3.0588647382e-01 -9.8477478332e-02 -3.3259123800e-01 7.2101985897e-01 -2.2270036304e-01 2.1147150247e-01
1.3641480166e-01 -2.4492651765e-01 -3.7619824444e-01 1.2533966496e-01 -2.9537431902e-01 -3.7735743653e-01 -1.3373159675e-01 -8.3608450320e-02 1.9953359821e-01 -3.3887931010e-01 -1.7600324451e-01 8.4880006832e-02 3.6327552876e-01 1.3447408621e-01 -1.4136359036e-01 3.9213307902e-01 2.1544527475e-01 1.7558689678e-01 -1.5926388392e-01 5.2182459477e-02 3.3264308446e-01 -2.4056114837e-01 8.4693447461e-05 -8.3927481271e-02 2.0678024751e-01 4.7510772559e-02 3.8643128418e-02 2.2704678652e-03 4.4760423938e-02 -3.1417151857e-01 5.6976898098e-02 1.4620675870e-01
1.5309237249e-01 1.8302425624e-01 3.4224143740e-02 -1.7487940143e-01 8.0649863506e-02 -2.4732623486e-01 -6.0130350137e-02 1.9210278680e-01 2.1818366688e-02 7.4606276565e-03 3.1004977361e-01 4.8696239320e-02 8.1527488233e-02 4.5340927237e-01 1.7600623157e-01 -1.7876603880e-01 2.2571918956e-01 -9.3739772790e-02 -6.5309816571e-02 -1.1002627747e-01 -4.0559014726e-01 1.4349140137e-01 2.1374566932e-01 1.4002245984e-01 -1.2758799941e-01 -4.6074159266e-02 -6.2215491931e-02 3.6008581466e-02 -9.6316410524e-02 5.2210754303e-02 -1.6905632236e-01 -1.9075185354e-01
-2.0422216685e-02 -5.4622455370e-02 -8.0274651572e-03 2.1046938134e-01 8.7065060539e-02 -1.9578656758e-03 1.8993760598e-02 1.2819789690e-01 2.4249538448e-01 -2.0254391874e-01 -1.6600912951e-02 3.6446468877e-01 1.3463225270e-01 1.5606978416e-01 -1.5714945464e-01 2.0411787638e-01 -2.3074812866e-02 -3.2626869904e-02 2.6711991254e-01 -1.6568582166e-01 -3.2548458862e-02 1.1562249841e-01 -2.7979646740e-02 -1.9817755537e-01 1.9340311287e-02 5.5102967039e-02 -1.8586791610e-01 -4.5940360165e-02 -1.3283533498e-01 2.3522727615e-01 -2.0393830290e-02 4.3610199341e-03
4.3724813962e-02 -3.3666048509e-02 -2.4815369589e-01 1.6640942697e-02 -9.9378992848e-02 -1.0822492982e-01 -6.0837102488e-02 1.2053039934e-02 1.5664203547e-01 -2.4933955664e-01 -1.5258518581e-01 5.0758198430e-02 1.1963976039e-02 1.6213812641e-01 7.5407085255e-02 7.5608878309e-02 1.5663440072e-01 -4.4102209539e-02 -8.6933317079e-02 2.8508223271e-01 -2.4000967944e-01 1.7233081271e-01 -3.3337669684e-01 1.8875532152e-01 8.1664172847e-02 1.8332456515e-01 -2.6092015762e-01 2.6234259997e-01 3.2704314645e-02 -3.7592227403e-02 -1.0499693693e-01 1.8506551646e-01
-8.0795544890e-02 2.4281004046e-01 -3.8326103627e-02 3.9932754816e-02 4.7795086297e-02 -1.7215465302e-02 -1.3500374420e-01 1.2115291278e-01 -1.6902252938e-01 3.2051314899e-02 -7.4213420126e-03 8.7825000476e-02 4.7241976106e-02 6.7020703653e-02 -4.9231226842e-02 -7.1141997144e-02 -1.5696994547e-01 -1.4970150936e-01 -3.3683026577e-01 2.3036560374e-01 2.6069370249e-01 -2.4668794961e-02 -2.9304714675e-02 -8.5542455944e-02 -2.5986733180e-01 -1.1594459538e-02 1.3916941786e-01 -2.9028514881e-01 -1.7680463982e-01 3.7709341531e-01 1.9403875258e-01 -5.1518965812e-02
2.6647429924e-01 -1.7633722911e-01 -2.4840951040e-01 3.2219671887e-02 9.4860905239e-02 -1.2287945384e-02 2.5024975166e-01 -6.6294694306e-02 5.8796987977e-02 -1.9157826087e-01 -1.7275943063e-01 2.8071298400e-01 9.2024561043e-02 -1.2424931095e-01 -3.7061445249e-01 -7.9310751935e-03 -1.7290118888e-01 -9.7597598024e-02 -1.7735511545e-02 8.0529437374e-02 -5.7441356885e-02 1.3359740075e-01 -4.9866657713e-02 7.9682244219e-02 1.6956250361e-01 -3.6488777539e-02 2.8744397375e-02 1.2295985552e-01 -1.0430641853e-01 3.3955278926e-01 2.5912590553e-01 -3.0407241211e-01
1.2792743849e-01 -2.4055374515e-02 -1.2687383184e-01 -7.1882301570e-02 4.6931267435e-03 7.0238409447e-02 -1.3904535535e-01 -3.5817311504e-01 2.1954263259e-02 1.5713435340e-01 -1.7761331747e-01 2.0089747795e-01 -8.2685400078e-02 1.0425766457e-02 -9.5707231205e-02 2.7631594760e-01 1.4712355742e-01 8.3674747725e-02 -6.6123344361e-02 1.7992423948e-01 -4.8068959262e-02 6.4313437572e-02 8.6549614838e-02 2.4408195215e-01 -1.2303370720e-01 -1.2343394482e-01 -1.2650196194e-03 1.5753460941e-01 -1.2651733230e-01 3.1741431018e-01 -2.5047992919e-01 1.6382894842e-01
2.2298152455e-01 -1.4951829259e-01 1.0481525332e-02 -1.6438717931e-02 -9.5802128278e-02 4.5465586720e-02 -2.9987548754e-02 -1.7758524394e-01 -1.6980672207e-01 2.6298089744e-01 -2.3833015315e-01 2.8966576238e-01 1.8188011939e-01 3.2238267345e-01 -4.0366858557e-01 4.5837695304e-01 4.3825825028e-02 -1.7010354368e-01 9.7366656240e-02 4.1595951353e-02 2.8798241448e-01 2.0840010385e-01 -1.3793601225e-01 1.8289161650e-02 1.7455223193e-02 6.8610523616e-02 1.2218712295e-01 -6.9247845667e-02 1.1437514152e-02 7.2705300490e-02 -2.0865517418e-01 -8.4974560699e-05
1.8101974828e-01 1.5431972316e-01 -2.1122058493e-01 -2.4337199367e-01 3.6988545916e-01 -1.4830751337e-01 -2.1726413990e-01 1.8335401447e-01 1.6788157931e-01 -1.0656933544e-01 2.1853058759e-01 1.4353280889e-01 -2.5433601734e-01 3.9489832398e-01 -7.1053524432e-03 -2.5336214910e-01 1.0193552294e-01 -2.3838458411e-01 3.6034236141e-01 3.5449778921e-02 -6.3651177185e-01 2.0880302714e-01 5.3492082751e-02 2.9988525178e-02 -1.4165724134e-01 8.2721230971e-02 -1.2330511552e-01 -2.0246833502e-01 -1.7461251901e-01 -3.5651049260e-01 1.8245396529e-01 2.2786453533e-01
5.9084466637e-02 1.9508858894e-01 8.5742730970e-02 -1.3999717284e-01 3.2591995568e-01 -9.9032451451e-02 7.5301533743e-02 -1.2522478059e-01 -3.2561735941e-01 -1.4678495859e-01 6.2140312678e-02 -2.1768125951e-01 1.2389556622e-01 4.0323224584e-01 -8.2014104515e-02 9.2003200467e-02 1.3788768224e-01 -2.3018373611e-01 3.5830784237e-01 -1.1181514152e-03 -1.4301766499e-01 2.5321303912e-02 -1.8275368761e-01 -2.7484999807e-01 1.6676889445e-01 -7.7147991361e-02 -1.7558381924e-01 4.4148265299e-02 3.1437962029e-01 6.3818688652e-02 2.1725065340e-01 -2.7965481463e-02
-1.9178799809e-02 -5.3297905522e-02 -2.8665998538e-01 -5.4165134131e-01 2.0479950870e-01 -2.5685504839e-02 -1.7648806628e-01 2.6464469309e-01 -2.4489990670e-02 4.1890477590e-02 8.9858066425e-02 -3.8929683353e-01 -2.5287467523e-02 -1.7768861033e-02 -1.1308500224e-01 -5.1948016994e-02 -4.3347517528e-03 2.3703334439e-01 -1.2094172645e-01 -3.9095784654e-01 1.0056416287e-02 -9.6986952376e-02 -1.1487700146e-02 1.6132707440e-01 -2.9713054174e-01 2.9876701659e-01 1.1985334168e-01 -7.5830767034e-03 2.0105598476e-01 1.3537903658e-01 1.1847805380e-02 2.2825184323e-01
2.1938295651e-01 1.4354389313e-01 5.3323651155e-04 -1.9344305864e-03 2.5646768832e-01 -2.2625128259e-01 -1.9112232229e-01 -1.8636303438e-01 3.6929189804e-01 -9.1220142673e-03 5.3688311094e-02 -9.1019730519e-03 7.5858487711e-02 3.3089630057e-02 4.7183005426e-02 2.4591703192e-01 -4.0449534693e-02 8.9858401368e-02 4.5282944979e-01 3.4273830633e-01 -2.5911119122e-01 2.4008394729e-01 -1.9733046058e-01 1.3866307064e-01 1.9257782639e-01 1.8829961886e-01 9.4281356260e-02 9.7714198113e-03 2.0481451173e-01 -2.4077196347e-01 -7.7741192976e-02 -1.1874288267e-01
4.1418396121e-03 -3.7450337934e-01 1.8275441341e-01 1.4685028456e-01 -7.8428830095e-02 -1.7699088645e-01 2.2640736358e-01 -1.2788565922e-01 3.5668615341e-01 3.7871231070e-03 -9.6856006684e-02 -8.6042311328e-03 1.4731317278e-01 -1.5440657216e-01 1.4952421210e-01 2.0229203839e-01 -1.4764150996e-01 1.7235941139e-01 -5.1190190404e-02 1.7165994839e-01 1.6913813918e-01 2.3926320888e-01 4.5362509034e-01 8.3968385880e-02 5.4704648507e-02 1.4832745323e-01 -3.1257851562e-01 -1.2613188479e-01 6.6977973697e-02 -2.2046392317e-02 1.5050267174e-01 1.1747343325e-01
-1.7090840259e-01 7.9009858583e-03 -1.8263916583e-02 -2.5172300183e-01 -7.2097295221e-02 2.6406456348e-01 6.8570677299e-02 -7.5218020229e-02 2.7287393301e-01 -1.0830702232e-01 5.6684263487e-01 1.8657309553e-01 -1.8817916721e-01 3.1003933846e-01 -8.2548522752e-02 5.2411944138e-02 2.4636333409e-01 -1.0135154449e-01 -1.2956344064e-01 9.9903148458e-02 -4.9054145012e-02 -1.9426332061e-01 1.5877211069e-01 7.4799533331e-02 4.3272073942e-01 1.7073454896e-01 -3.6440718238e-01 -1.1750079713e-02 1.3606529033e-01 1.2393972685e-01 -2.0354384620e-01 7.0989680056e-02
1.6270533967e-01 -9.4400187408e-02 -1.5271731020e-01 -1.7214608908e-02 -1.2929342934e-01 -1.2192206186e-01 -1.7167073519e-01 3.0158480641e-01 1.4981402532e-01 1.1551905440e-01 -1.7078735132e-01 -4.3837572381e-02 2.0121189683e-01 -2.4997432096e-01 -1.5538629662e-01 -2.6224972622e-01 8.2655534706e-02 -1.2924301387e-01 8.6969674388e-02 2.2138830615e-01 -3.1019693842e-01 3.2883419565e-01 -3.9492736119e-02 3.1944508988e-01 -1.0371577414e-01 1.5344461054e-01 1.2321363636e-01 -6.5168519890e-02 -3.2231459015e-01 4.8772858381e-01 -1.9551816452e-01 1.7161602779e-01
-2.7557979872e-01 -6.7745041181e-02 1.7926976941e-01 3.8817795643e-01 -6.0729332707e-02 -2.3543818878e-01 -8.1624614614e-03 5.3076177414e-02 1.8396659441e-01 -5.1817487461e-02 -2.6563504135e-01 5.4099832205e-02 2.8160370829e-03 -3.1202457249e-01 1.8131411409e-01 2.4232444173e-02 -1.3986328089e-01 -2.2002509728e-01 2.3867211821e-02 -3.0430140578e-01 -1.3746459421e-02 -2.9019966613e-01 5.4874238500e-02 -1.6776582149e-01 1.6596444044e-01 6.8078335558e-02 1.0552211694e-01 -1.8996150366e-01 4.2209108608e-02 2.5499193927e-01 -4.8612038509e-02 2.3150717446e-01
-9.8471664052e-02 -3.2661814998e-01 4.6031715108e-01 3.9305916675e-01 -3.8873032273e-01 9.5411426298e-02 4.1654799704e-02 2.0863677709e-01 4.9658419800e-02 -7.9791690280e-03 2.3317936359e-01 1.4880008730e-02 -4.9600643928e-02 -7.9377042729e-02 -5.2223239566e-02 4.4203490255e-01 -2.8729598500e-01 -2.9706197506e-01 -1.9138602257e-01 1.2706209139e-02 2.3167781249e-01 -1.1414482601e-01 9.7230194994e-02 2.8621657798e-02 2.1986366887e-01 -1.2729446951e-01 5.1546005529e-01 1.1163543207e-01 -1.4592988466e-01 -3.0102483715e-02 1.6834672539e-02 -1.8079624164e-01
-2.1095181114e-01 7.8634659128e-04 3.0539842041e-01 -1.5258447853e-01 -2.5705557211e-01 2.5470883325e-01 -1.4040540420e-01 -2.5581020834e-01 -8.8924389411e-02 -6.3013986784e-02 3.0358748409e-01 -2.9750081204e-01 -2.7219651736e-01 -8.8634659038e-02 -3.9791783162e-02 2.5392038844e-01 4.5226926608e-01 3.2291754026e-01 2.0978060240e-01 1.3749859081e-01 4.9093130553e-02 -1.9329749405e-01 4.7443449165e-02 -7.5480530735e-02 1.8062434258e-01 2.7960926825e-01 1.0174770888e-01 -5.6765938086e-02 7.7183486666e-02 -2.0596828998e-01 3.0696404757e-02 4.7630434905e-03
-1.4647035411e-01 -6.5879155039e-02 1.8513004551e-02 -3.6974322314e-01 -1.5432990566e-01 4.5380932430e-02 1.7130801388e-01 -4.4823621575e-02 -3.2022122089e-01 -1.6077860699e-01 1.3280086604e-01 -1.6742669708e-01 -2.2825674572e-01 1.6965805860e-01 -1.0228722282e-02 1.8360432090e-02 1.1285395077e-01 -1.4713558033e-01 -5.3773541818e-02 2.2571043880e-02 2.0740170153e-01 2.8579233187e-01 1.4155865506e-01 -9.3541153214e-02 -1.2749785281e-01 -8.9249965909e-02 -4.9478396281e-02 -1.5146734495e-01 2.2658182960e-01 1.9205605290e-01 -1.3840641653e-01 -2.5105551470e-01
4.2768788532e-01 1.2523679545e-02 1.9005234581e-02 -2.8956567200e-01 1.3886461519e-01 -2.9621709592e-01 3.2496815706e-01 1.7254306093e-01 3.8090711192e-01 4.6875756870e-02 1.0644077665e-01 -2.0323576404e-01 -1.6025942104e-01 1.9186827524e-01 1.1508132209e-01 1.0785550776e-01 -2.7079152599e-01 3.7357965381e-03 -1.5976763930e-01 9.8089400280e-02 2.1667157924e-01 1.1690135241e-01 1.3584366157e-02 -1.2725753165e-01 -5.7939356147e-02 -2.7001623601e-01 2.6212538100e-01 -3.8160485652e-01 2.0467695908e-01 1.2687524966e-01 1.2197997869e-01 2.1033143473e-01
9.7963836761e-03 8.3986526246e-02 -5.7090582017e-02 -6.5161683722e-02 1.8519944445e-01 -1.2295015758e-01 1.1933074440e-01 -2.8467164960e-02 4.6671436612e-02 1.0146868542e-01 8.8032019541e-02 1.6035986543e-01 -8.7335868251e-02 -1.7439168680e-01 1.5551240334e-01 -1.4520689621e-01 -2.1186981431e-01 -2.0454082558e-01 1.4480145835e-01 1.4930146764e-01 2.7022451596e-01 -5.1594149588e-01 2.5492600793e-01 -2.0421643314e-01 9.8323542038e-02 -1.4910294699e-01 2.3404790401e-01 2.1335694315e-01 6.9217142831e-02 1.0888101683e-01 2.1098527959e-01 2.6250793517e-01
4.3066170214e-02 2.2870559806e-01 3.4280031415e-02 1.1415480607e-01 -1.3341902618e-01 1.6551551981e-01 -3.8131969362e-01 8.6597415452e-02 3.8074289176e-01 -1.0176493039e-01 -1.6840384313e-02 8.3386208695e-02 2.5427720608e-01 8.0327593224e-02 -5.9926745211e-01 -1.2006928144e-01 -3.6452057590e-01 -1.8696269809e-01 1.2202268678e-01 3.8129988933e-01 -1.0204112604e-01 -3.9704508700e-02 9.7261233257e-02 2.0001367567e-01 5.5029306173e-03 -5.2057841516e-03 2.9510275205e-01 -1.8888173840e-02 6.0768524077e-02 1.6993022920e-01 -7.0485377800e-02 3.2769300347e-01
1.6902103744e-02 3.3471917400e-01 -8.6750166373e-03 2.0466721995e-01 1.9558957097e-01 -9.6744178172e-03 1.6824845108e-01 3.3020758617e-01 3.1385268857e-01 -3.0446402140e-01 1.0797139166e-01 6.5242503799e-02 -2.0102334017e-01 5.9509199336e-02 2.7038020234e-01 -3.4488037629e-02 -2.5039802774e-02 -1.6085929412e-01 -3.2796993463e-01 -3.2475271763e-02 -2.1045299407e-01 -9.5462324628e-02 2.2886696950e-02 1.0553753592e-02 -6.2428087119e-02 9.0531223090e-02 -5.2376279127e-02 1.1798103958e-01 -2.5963716489e-01 1.0556768965e-01 5.2437857855e-02 1.0357291533e-01
2.9857733919e-01 -3.1488681310e-02 -1.5325566332e-01 1.0670338060e-01 4.3422957994e-01 -2.8437797320e-01 -8.7647803762e-02 2.4963005897e-01 -4.4203939565e-02 -4.2741652758e-01 2.1765571076e-02 1.7791490525e-02 -1.8515903600e-01 1.8806164446e-01 -3.2034839130e-02 -3.7555710760e-01 2.6057046423e-01 -9.0076003629e-02 4.1282431644e-01 2.7015889647e-02 -3.1164648543e-01 2.8028929785e-01 -1.1531717292e-01 4.7297333388e-01 -4.1097637924e-01 3.0778611105e-01 -1.2726393897e-01 -3.5320668352e-01 -5.7950185815e-01 3.8323774172e-01 -4.7642186836e-02 3.0973577048e-01
-1.0212809988e-01 3.2459325565e-02 2.4046099308e-01 -1.2742883787e-01 9.7131413903e-02 1.3081444290e-01 3.4222203786e-01 1.0500938584e-01 -2.1506168588e-01 1.8245668885e-01 -1.0126563994e-01 -6.5183201269e-02 -1.5032094685e-01 -4.1648248709e-02 1.1872587523e-01 1.6837268803e-01 -4.2295314713e-01 -1.0311182074e-02 8.2981565582e-02 1.5398930108e-01 2.4056396534e-01 -2.8113314651e-01 -3.3679931772e-02 2.2292849732e-02 -1.3499568013e-01 -9.6667163298e-02 -1.3714940645e-01 -7.1546240847e-02 1.1209420166e-01 2.3170453480e-02 -1.6734593402e-01 -1.1958203808e-01
5.3531127494e-02 8.7810542156e-02 -4.7267432827e-02 -2.0554385960e-01 -1.6590239241e-01 -3.1188297045e-01 1.5947831697e-01 1.0328101128e-01 1.6354578935e-02 -6.7517159461e-03 -7.4813338451e-02 2.7254401745e-01 -1.3332388087e-01 1.0036608703e-01 -6.3325881438e-02 1.3454067014e-01 -1.1163222783e-01 2.1499949511e-02 -2.2665996474e-01 5.0735541873e-02 -9.6800755191e-02 2.8394918286e-02 -8.3755993399e-02 -2.7816051155e-02 1.9519697006e-01 5.3317372896e-02 -1.6257119292e-01 5.7577871493e-01 -9.8198173945e-02 -1.3501696677e-01 9.4518615464e-03 1.4857474148e-01
-1.5526280713e-01 -2.1984086169e-01 -1.0958310640e-02 1.1723598006e-01 1.1826604964e-02 -4.1347932661e-02 8.5145216805e-02 4.4474821943e-02 -2.7560488549e-02 -8.0531892849e-04 -2.1322462875e-01 1.4003284415e-01 9.1160821932e-02 2.3329835617e-03 -8.8924779964e-02 2.4404912450e-01 3.0801277934e-01 1.6154445960e-01 -2.4021340512e-01 3.9894405410e-01 1.0417273793e-01 -1.7707847342e-01 -2.4632465233e-01 -4.0390295932e-03 2.4174846055e-01 -3.7423906510e-01 7.0649084092e-02 -2.5188014555e-01 1.8943380670e-01 3.9890285583e-02 -3.1588608415e-01 -3.5309797807e-02
3.4740579320e-02 -1.0182145101e-01 4.7760302466e-02 3.1199769339e-01 3.6440762229e-01 -2.6733812019e-01 2.1124585350e-01 3.0198968186e-01 -3.4261864614e-01 -1.0830483281e-01 6.5385086602e-02 -5.8061354612e-03 -9.4399585492e-02 -2.7220029566e-01 2.1467936368e-01 -2.1171647565e-01 -9.5259975427e-02 1.9211826241e-01 -1.6769628671e-01 6.4220681855e-02 2.1071802923e-01 -1.1915946892e-01 -1.4534335842e-01 -2.8404215225e-02 2.0189474676e-01 6.0093830399e-02 -3.9721548741e-02 1.0142466062e-01 2.8444299638e-01 -3.0494302809e-01 1.4671810702e-01 1.4674179926e-02
5.6744231576e-02 1.7566876064e-01 -1.9438511879e-01 1.9921011687e-01 3.6076895773e-01 -2.3503013536e-01 -2.0629639998e-01 2.7226639622e-02 1.5753078027e-01 -2.6335382791e-01 5.8838861429e-02 -2.3556758894e-01 -4.1691804767e-02 -3.3525091445e-03 -7.4926426605e-02 2.3158409600e-01 2.7889291059e-01 -2.5334917995e-01 6.5516881639e-02 7.4896572529e-02 -1.2663144678e-01 4.4204535128e-02 -5.3788921959e-01 -3.1268173934e-01 2.9793647758e-01 -5.6926175230e-02 -2.4456791944e-01 -5.2512495242e-02 -6.0801660282e-01 1.1436572634e-01 -8.7168787947e-02 1.3080450088e-01
