-2.5592741457e+00
3.2735625321e+00
1.1391453966e+00
-2.0070910352e+00
1.8405448439e+00
1.1372978500e+00
2.3266322581e+00
-9.7044488055e-01
9.5466445010e-01
1.1064140212e+00
-1.0083169347e+00
2.1862277027e+00
1.1106021183e+00
-3.0956945245e+00
2.1953972031e+00
4.3236839100e+00
-2.9163673710e+00
-1.2456820852e+00
-2.5862282367e+00
-1.1664212331e+00
9.3333291588e-01
-2.1917397065e+00
1.0103892733e+00
-1.3099975155e+00
2.4927392186e+00
2.7766114771e+00
9.6494599414e-01
2.9464086033e+00
1.0631718592e+00
-1.2552370657e+00
-1.0258982046e+00
2.1981363142e+00
1.0948425713e+00
-2.0146923789e+00
1.3116024457e+00
1.4342827623e+00
2.1274168853e+00
8.9032822742e-01
4.3447387114e+00
2.8154534038e+00
-1.0183723983e+00
-1.9685969939e+00
-1.3034980730e+00
1.0799976243e+00
-1.1072407820e+00
2.1815672033e+00
9.6795305679e-01
-1.9847694174e+00
-1.7548499905e+00
2.4746307294e+00
1.0075964589e+00
1.1865437040e+00
-9.6795561723e-01
9.7987996408e-01
-2.3048756287e+00
1.0860237754e+00
9.6043546448e-01
-2.2866977098e+00
1.0595554018e+00
2.1147940423e+00
1.1278040846e+00
-1.1217807524e+00
-1.3126825770e+00
2.1844225803e+00
-3.9592282366e+00
1.0960821782e+00
-9.4556778123e-01
-9.8922160823e-01
2.7992014061e+00
9.5184873228e-01
