-1.1027952990e+00
2.4756808366e+00
-3.3622061686e-01
-1.2500271848e+00
2.9124893550e-01
-4.2661720103e-01
1.6781180260e+00
5.8634238611e-01
-3.7513267656e-01
-2.7819700699e-01
3.3210101052e-01
2.0774820477e-02
-1.6645454742e-01
-8.9925087964e-01
1.0748369644e+00
9.6866302640e-01
-9.2282814659e-01
1.5904905766e+00
-4.9694891353e-01
2.8889877906e-01
-9.0037413603e-01
-1.7638665662e+00
-1.8267495320e+00
1.0070081810e+00
6.2240180678e-01
3.5725061231e-01
-6.3021167587e-01
2.8440721214e-01
-1.7977278920e+00
5.9244981151e-01
8.2146747709e-01
4.4495542863e-01
-4.6557918101e-01
-6.0617085579e-01
-2.9406945235e+00
-9.5676333438e-01
1.0638280714e+00
-1.2600643737e+00
-3.4868674639e-01
7.6391748769e-01
1.3443832966e-01
-5.7654251915e-01
9.6843717554e-01
-1.0017278017e+00
1.5845347385e+00
2.1954369699e-01
-3.8844324859e-01
-7.0417691204e-01
-7.3245131266e-01
4.7304718605e-01
-3.9719977094e-01
-1.3685937340e+00
4.3858474196e-01
-8.1938827369e-01
-6.7057610235e-01
-2.5042267187e+00
2.1017898745e-03
-1.0706802512e+00
-9.7738517115e-01
5.7196776474e-02
-1.8045924728e+00
1.4097908987e-01
1.8358236333e+00
7.2102606712e-01
-4.3774974867e-01
-3.0017452893e-01
9.0194191425e-02
9.7896206949e-01
9.8922428647e-01
5.2886571927e-02
