1.4397832875e+00
1.6969029089e+00
-1.7513732372e+00
-2.2230469718e+00
7.8805926168e-01
2.4279769766e+00
8.7009164221e-01
-8.6882161822e-01
-1.5277984101e+00
-1.6217772906e+00
-1.0845405989e+00
-3.2855597861e+00
-3.5932645129e+00
1.2895375065e+00
-3.7712597977e+00
-1.1195533621e+00
2.8599259357e+00
1.0432535347e+00
-2.5694934449e+00
2.3787328982e+00
9.7861985780e-01
8.0747495433e-01
1.9836533176e+00
-2.8882629262e+00
-2.5774535363e+00
-1.2248665577e+00
-1.2221218070e+00
-2.9614498900e+00
1.2673149546e+00
-8.1708085756e-01
3.6590907321e+00
-1.1476180608e+00
3.6300838265e+00
-1.6431278727e+00
1.0189993006e+00
