-4.7072199246e-01 -1.3862571991e-01 7.1480679535e-02 -8.2376206668e-02 1.9740142334e-02 -2.1059258889e-01 -6.2221449537e-02 -2.1516236506e-01 9.8535550701e-02 -4.1549217687e-01 -1.5778022639e-01 -2.2304160042e-02 -2.7163727326e-01 -3.1611338690e-01 -5.7134274010e-02 -1.2442880855e-01 9.0423593268e-02 2.0228148974e-01 3.4669850834e-02 -6.3553633698e-02 -3.8220167831e-02 1.3433947180e-01 4.7905415934e-01 7.6717528846e-02
2.6461369685e-02 -2.3328742100e-01 -1.0818001901e-01 -1.9448882689e-01 -7.1935912478e-02 -3.9720788623e-03 -2.6152174883e-01 6.5082808598e-02 -3.5318100515e-01 2.1175151778e-01 -1.0323212982e-01 5.3239052001e-02 -9.6782234626e-02 9.5672620970e-02 -5.5947318679e-02 2.7229421419e-01 -3.5861518832e-01 2.7339336409e-01 2.1512918254e-01 2.2759484751e-01 3.4428893673e-02 4.5908455567e-02 1.6965304884e-01 1.4323416111e-03
-2.3380634113e-01 -2.7020008357e-01 -1.8335916659e-01 1.0124387830e-01 1.7342533063e-01 1.9847354012e-02 -4.6761904316e-01 -4.5026231869e-01 -1.6245323057e-01 -5.1702785097e-02 -1.0705821162e-01 -4.5865923736e-02 -6.6812650158e-02 -2.5287117427e-02 7.5936485781e-02 -3.5311716755e-01 2.0568783039e-01 2.7728416811e-01 1.1131977703e-01 -2.5941446062e-01 -1.3129594563e-01 -3.9781034503e-02 -7.4804576153e-02 2.4730919116e-01
3.4013293090e-01 -4.1573805799e-01 3.0341855374e-01 -1.9044965514e-01 -1.8838821286e-02 1.3259581347e-01 -4.6998959019e-02 -6.6875962613e-02 1.3775451978e-01 9.1794733907e-02 3.3981650087e-01 7.0416438057e-02 -2.5233608008e-01 -1.1514357815e-01 1.1290614147e-01 2.8214236273e-01 -4.9918466770e-02 -1.5552118734e-01 1.0568227843e-01 -4.6367669728e-02 -3.1410360457e-01 5.5087300650e-02 -3.7052766241e-01 -3.8592149451e-01
4.5327871215e-02 -5.1068900334e-01 6.1297256453e-02 -1.2622130214e-01 -3.2825970032e-01 2.5533630603e-01 6.8436207691e-02 1.4140960160e-01 -2.5948860746e-01 9.1420287797e-02 6.5622365341e-02 7.8774312063e-03 -3.6063566337e-01 -2.6242380636e-01 8.6389580873e-02 -1.3372119479e-01 -1.8415832690e-01 -1.4369988516e-01 3.8632981650e-01 1.2479391484e-01 -8.5255110971e-02 -1.4309249018e-02 -3.0034166287e-01 -8.9903181909e-02
-8.2491907653e-02 1.9577138510e-01 2.2463027498e-01 -2.7610199229e-02 2.1044841963e-01 -2.2984247387e-01 3.8799293196e-01 1.2004740338e-01 3.6549952932e-02 -4.6698991930e-02 -1.2713593238e-01 -4.2633875437e-02 1.4491010546e-01 -2.5294367136e-01 1.6394297106e-01 7.5339062778e-02 -4.6519016009e-01 -4.6280263692e-01 3.6962384039e-01 -8.2620241925e-02 -1.8094074994e-01 3.2025793943e-02 -2.0427746636e-01 -1.5250633896e-01
3.4564979788e-02 -2.6177521089e-01 -2.5444668974e-01 -2.9439753198e-02 1.3599788495e-01 1.3526660072e-01 4.6891995692e-01 -3.5131456468e-01 -1.0646458544e-01 -7.5912151453e-02 1.8990042988e-01 -1.3903000485e-01 2.1819373551e-02 -7.7653239157e-02 1.7214142746e-02 -3.8524827483e-01 3.5231768677e-01 -4.5710122362e-01 -2.0983690440e-01 -1.4789893724e-01 -6.1853229553e-02 3.1198841370e-01 -5.1974971688e-01 -3.0107852982e-01
7.8512507343e-02 6.7890640039e-01 1.1848767704e-01 1.2414829683e-01 6.4613796407e-02 -1.5853552364e-01 -1.7781422510e-01 -1.3907447447e-01 2.1448763715e-01 -8.1832621258e-02 1.8961230839e-02 -1.2214409878e-01 -1.5868920414e-01 2.3368476501e-01 -4.9154030063e-02 -1.2108994389e-01 3.1908917080e-02 3.2152653380e-01 -5.5493309924e-02 -1.8406826350e-02 -7.3293287228e-02 -2.7623086695e-01 -1.2666419758e-02 -9.3736789045e-02
5.6844541657e-02 -9.4054290351e-02 3.0660743742e-01 -6.9240705630e-02 -1.6109787530e-02 -2.3419296503e-01 -1.1144766242e-01 -5.4197039721e-02 7.3227005323e-02 -1.6120022316e-03 7.8329281599e-02 1.9791440454e-02 1.2850131151e-01 -3.0678618926e-01 -3.3721269684e-02 8.4691530345e-02 5.8639880546e-02 -4.0640530391e-01 1.4162621593e-01 1.6783489907e-01 -2.8623277272e-01 2.1968578340e-01 3.7758982721e-01 -1.5701824486e-01
-7.2830129998e-02 5.2847302067e-01 2.7422431839e-01 -1.4845890265e-01 2.8134128104e-01 1.5914726210e-01 -1.5927593097e-02 3.8840806865e-02 -1.2368806596e-01 -2.6549237719e-01 -1.4968597305e-01 3.4803883865e-01 -2.7952405555e-01 -2.5739430935e-02 -2.2460841254e-01 8.9673410040e-02 1.5618567808e-01 -9.1028278176e-02 -1.4330228453e-01 -7.5346238232e-02 -8.9014653129e-02 8.7255157568e-02 -1.7656547752e-02 -6.1724436114e-02
2.2290220672e-01 -1.1279621077e-01 8.3838473228e-02 2.2914293472e-01 4.3148897828e-02 2.4228806473e-01 6.0248233617e-03 -3.1649954924e-01 3.2926797984e-01 -4.2259622551e-01 -1.0032873320e-01 -7.3631545707e-02 3.0661816176e-01 -1.7126512201e-01 -1.4689638874e-01 -1.5120409410e-01 3.4260077586e-01 2.0903648416e-01 2.6056413125e-03 2.7515357324e-01 -3.2566257352e-01 2.6096592843e-02 -1.0731797064e-01 -6.2606013528e-02
1.0340596633e-01 1.4284589063e-01 -1.6004659545e-01 3.3043948622e-02 -7.8169518437e-02 -1.6949512698e-01 -1.4798246085e-01 -1.8901123057e-01 1.1525688644e-01 -8.8136566665e-02 -1.2285949174e-01 -9.8408691512e-02 -2.2262639082e-01 4.0388427494e-02 -9.7370726697e-02 -1.5499018683e-02 2.1555297555e-01 3.9688435820e-01 3.0385205843e-01 -1.9545063997e-01 -2.6155592697e-01 -1.5037547886e-01 1.0171985650e-01 -2.4294367716e-02
-9.2019735997e-02 -2.4025206706e-01 1.1672395799e-01 -9.6184559122e-02 -1.0682006573e-01 -1.6788620565e-02 2.9699567755e-02 6.8613078561e-02 -1.3206804065e-01 6.6046388819e-02 3.6490425459e-01 -1.6477889312e-01 7.9572528723e-02 1.8335121403e-01 2.0210560028e-01 -2.3977998985e-02 -3.5663897192e-01 -2.7251236559e-01 4.9516850518e-02 9.1800571044e-02 -2.7369000803e-01 -1.8313289334e-01 -8.9790768122e-02 -1.0307761682e-01
-1.3876879843e-01 2.6929180590e-01 -3.2738764050e-02 2.0922334841e-01 2.7827236369e-02 -3.2091417717e-01 -1.3908943775e-01 2.9152117661e-01 -7.7444042003e-02 -3.0492915889e-02 2.7686146606e-02 -2.2649071162e-02 -4.8057215413e-03 -1.0371919008e-01 -2.9046203484e-01 -2.3731650272e-02 -2.6152968095e-02 3.6539942967e-03 1.3257930409e-01 1.7637176850e-01 -5.5775630153e-02 8.8925253980e-02 3.8237421059e-01 4.6643112533e-01
-1.5088149190e-01 -3.9094583726e-01 2.1806055699e-02 7.6960803310e-02 9.4497380332e-02 2.0004610595e-01 4.2563905863e-01 -5.1032467791e-02 1.2503581676e-01 -2.0030301996e-01 1.6509933315e-01 -2.4438319241e-01 -2.5855085012e-01 -4.5384955645e-03 3.5947984672e-01 1.6425497010e-01 4.0927615049e-01 -2.2737189655e-02 2.2442298546e-03 2.3168222722e-01 1.1847980662e-01 -3.9717400108e-02 3.9461452336e-01 8.5406801134e-02
1.6560935560e-01 3.0889648877e-01 7.5780572107e-02 2.4160582003e-02 7.0757553689e-02 6.4836603112e-02 -2.7520516167e-01 4.1166028909e-01 1.0928855362e-01 1.3664574603e-01 4.2909683888e-01 -4.6878586646e-02 1.0178337661e-01 -2.1133195764e-01 -3.1705123049e-01 4.9796493942e-02 -2.2647857885e-02 -3.0017658987e-01 -2.6389965816e-01 3.4687075374e-02 2.4839143171e-02 -5.0660503718e-01 -1.1587489553e-01 -1.4391206833e-01
3.9404253046e-01 -8.1431346841e-02 -2.8374639517e-02 -8.0892018873e-02 2.0233574783e-01 6.5527239301e-02 7.7376186829e-02 5.9063925206e-02 3.7270441864e-01 2.2589476021e-01 -3.2952314329e-01 -4.3300331117e-01 8.0289460223e-02 3.4003619834e-01 3.6547991919e-01 1.3937749485e-02 -1.0411644298e-01 -1.9386179097e-01 1.6679803791e-01 -1.4776951189e-01 -1.9469319615e-01 -1.7804559694e-02 -4.5438220845e-01 4.3582731030e-01
-2.5037377578e-01 3.8689875050e-01 3.0929111398e-01 1.8258472014e-01 5.5121548625e-02 -2.0365365790e-02 2.2440472427e-01 -7.4687138311e-02 -1.8235955346e-01 -1.9113081108e-01 -9.8502330054e-02 1.7927486187e-01 -2.6389949891e-01 -4.0495336929e-01 -2.0599497028e-01 1.2397051562e-01 2.2435967888e-02 -4.9537024972e-02 -5.2678141238e-02 -5.3709748259e-03 3.9336140460e-01 -2.5861287999e-01 2.2946401930e-02 -2.6683795604e-03
1.1841385548e-01 -8.4403411900e-02 1.0545722442e-01 2.5230937034e-01 -1.9093548123e-01 -2.3515738201e-02 -6.9238093162e-02 1.4757417026e-01 -3.9124776826e-01 -1.5427382537e-01 -4.0241552473e-03 -3.5356995295e-03 -3.5541150654e-03 -6.5186468257e-01 -4.6922652584e-01 -9.2964510308e-03 3.8628774803e-02 -1.3830144594e-01 -1.2409218250e-01 -6.2822754139e-02 2.0985342369e-01 -2.5856367989e-01 5.0746258761e-02 -4.3832084826e-03
3.3033796301e-01 -1.7497826445e-02 -4.0385653800e-01 1.3700061773e-01 -1.3235532468e-01 7.2686284553e-02 2.8759202662e-01 4.0583229612e-02 2.1244668639e-02 -2.5529290567e-01 -3.0630936599e-02 1.2447043829e-01 -5.6944024953e-01 4.4706974066e-01 2.5597040074e-01 1.5246955488e-01 -1.1532498756e-01 3.4429996237e-02 9.0597035962e-03 1.1374417206e-01 2.9971822857e-01 4.9995345692e-02 -2.4842450613e-01 5.9379992371e-02
7.7396096557e-02 -6.0435654061e-02 8.8621591217e-03 2.4571702720e-01 6.8748904881e-02 5.1182375111e-02 1.4348983793e-02 -1.8006145064e-01 2.1215027930e-01 4.5784027866e-02 -3.2681524098e-02 -2.9312795770e-01 -7.3369694943e-02 -1.1501898642e-01 -1.1519427288e-01 -3.0596533570e-01 5.6297699393e-02 -1.9951968685e-01 3.2071101985e-01 5.0844970779e-02 3.4446881225e-01 8.4630212594e-02 -3.5052240753e-03 1.2452175136e-01
-5.4043925001e-02 -1.0062278477e-02 -2.3764587412e-01 -2.5921098827e-02 -9.6760746185e-02 -1.2383323103e-01 -8.3323795305e-02 5.2733454928e-02 1.8841050472e-01 8.2910313324e-03 -2.9091340016e-01 2.6745051555e-01 -3.0878668314e-01 2.0610513429e-01 3.2178914296e-01 2.0961973403e-01 -1.2059337954e-01 -4.1476378599e-01 2.5693367633e-01 -6.3671073306e-02 -1.7960177623e-01 4.0673129329e-03 -4.1573197496e-01 -2.2480501642e-03
-8.2684188104e-02 -2.1069862135e-01 -1.3973137134e-01 1.9618660859e-01 1.0131098557e-01 2.5831460451e-01 -1.6275715219e-01 -2.5846171086e-03 1.8023224356e-01 7.3342611587e-02 -1.7908719070e-01 8.9839180520e-03 -2.9015856569e-01 -3.1575705789e-02 4.6990516761e-01 5.2826836194e-02 1.2102533693e-01 -1.0303104268e-04 -3.5691045221e-01 3.2312301233e-01 -2.2245363638e-01 -2.2200263155e-01 -2.1535179761e-02 9.0931264994e-02
2.7093999052e-01 -3.8110565637e-01 -3.2133961023e-02 1.6637022026e-01 -2.7960187358e-01 1.0766959307e-01 -1.8560817617e-01 7.3075444567e-02 -4.0544320987e-01 3.5575930297e-01 -2.3570818598e-02 -4.9170608236e-02 8.5776345333e-02 -2.1810491277e-02 -2.8678941132e-01 1.0195457178e-02 2.6821932581e-03 3.9344182407e-02 -9.4201020166e-02 5.2933369496e-02 7.9753436681e-02 2.8319959718e-01 1.7951006483e-01 -3.6851853923e-01
