9.2091060043e-01
1.3392511049e+00
6.1518756855e-01
5.0430026510e-01
-1.4911395758e+00
5.9227884655e-01
-2.9459975464e-01
1.0957836790e+00
5.7422939345e-01
7.0510833204e-01
-1.2286860993e-01
1.0980996163e-01
2.3385781960e-01
4.4946535690e-01
1.7425830053e-02
-3.9798334154e-01
-1.0119304100e+00
5.6513481016e-01
5.9867572253e-01
8.6563941469e-02
1.0270565584e+00
-2.3207900349e-01
1.0214453798e-01
-1.0563747460e+00
2.8543799671e-01
-1.0179083568e+00
-1.9324763480e-01
8.9487278917e-01
8.1742063495e-01
4.0181836200e-01
2.5748500779e-01
-1.4207545873e+00
