2.0045606331e-01 1.9633834543e-01 4.7308717754e-02 2.0791015195e-01 -1.3928211794e-01 6.4365543466e-02 -2.7904111475e-01 -4.4696086271e-02 1.7078098560e-02 2.4729631280e-01 1.9130688252e-01 3.3222439526e-03 5.4242467281e-02 -3.3425068761e-01 3.4360550934e-02 -2.5235875443e-01 -2.0131351071e-01 2.0912970126e-01 -1.7317921561e-01 -2.1001569569e-02 -2.4167237885e-02 -4.9516383510e-01 -1.1380136581e-01 4.2918280880e-04 1.6284344968e-01 3.1221090928e-02 8.2898159767e-02 1.5861133201e-01 -1.4669973769e-01 1.3727445558e-01 2.2826293280e-01 -1.4072759157e-01
3.1616586012e-01 -2.0461797659e-01 4.0020294291e-02 1.0776488788e-01 3.4334836795e-01 -8.4507542506e-02 -3.6572442395e-01 -4.6617117560e-02 -1.9433882161e-01 1.5671678977e-01 -1.5680378752e-01 1.6512888900e-01 -1.0027020719e-01 8.8597035599e-03 2.2061614681e-01 -2.0929094315e-01 1.3898849442e-01 -1.0708088156e-02 1.1573901273e-01 2.6835997772e-01 3.3907044313e-01 1.0159058352e-02 -3.8304785554e-03 2.4859015936e-01 -1.0753158955e-01 2.0072820967e-02 -3.1709182569e-02 2.4620204569e-01 -1.0126094541e-02 9.4452319456e-02 2.3664991170e-01 -3.6070519061e-02
-1.2851335591e-01 1.2433562115e-01 6.3427474893e-02 5.6203719695e-01 5.3444720842e-02 -1.9850548877e-01 -1.6458935852e-01 1.5120127541e-01 -1.9402970578e-01 7.1465213088e-02 -8.8214997250e-03 2.7746099529e-01 -3.9470801631e-02 -2.0566018641e-01 2.2751429462e-01 -3.1008575016e-01 -2.3336356605e-02 1.4632191679e-01 1.2787935878e-02 -2.3441011422e-01 2.2651704534e-01 -1.8664857730e-02 -7.4067031010e-02 -9.8843111788e-02 -5.8580306432e-01 2.2226724577e-01 6.1015312172e-02 1.9985506079e-01 3.8547112731e-02 -1.7369693417e-02 4.0266257314e-01 -7.2761138056e-02
1.3005071557e-01 1.5584238344e-01 8.2904103978e-02 3.1681982031e-01 1.0540153103e-01 1.1599408540e-01 -4.1435216396e-02 -1.7387679219e-01 -7.4540936348e-02 1.0798899230e-02 -5.1218408814e-02 -5.7817444469e-02 6.7383834884e-02 2.8531425048e-01 -2.8100550871e-01 1.6735252047e-01 -2.5314402552e-01 1.5443918737e-01 2.4425936148e-01 -1.1243689579e-01 7.9324080978e-02 1.7125807796e-01 -1.2316891580e-01 -1.2204482434e-01 7.5079715176e-02 1.2320928434e-01 -8.5733715245e-02 5.0589979029e-02 -2.2973492245e-01 -8.3363666405e-02 -1.6933174655e-01 -9.5679096633e-02
2.6653669658e-01 5.2575132231e-02 5.4993229684e-01 2.1627637660e-01 8.8691459416e-03 -6.8644649375e-02 2.7157289228e-01 1.3073196251e-01 -2.8818263370e-01 -9.9701242889e-02 2.3015467032e-01 3.1146648389e-02 1.1365814620e-01 -2.9103998067e-01 -4.4865987914e-02 -9.2257944350e-02 7.9672989621e-03 -1.2912938271e-01 -1.0049658541e-01 -4.5933039183e-02 7.8626743452e-02 -3.2818567833e-02 -1.6542038683e-01 2.8515120247e-01 -2.2367036381e-02 1.4305400479e-01 8.7918075483e-02 -1.3711049617e-01 -9.7542049298e-02 7.9411413797e-02 7.1690383073e-02 9.1776472549e-02
-2.4005420395e-02 3.0405057192e-01 -3.2584613880e-01 -2.7386630044e-01 3.0230246744e-03 -1.9522172048e-01 -9.8930866881e-02 -5.3722057536e-02 1.6496367636e-01 1.9611624824e-02 1.5673601933e-01 2.0976169025e-01 1.7796981025e-01 -3.4060902672e-01 -1.5296492759e-01 1.4226026603e-01 7.1298324993e-02 -2.4093920741e-02 -6.8376027376e-02 -1.0974325011e-01 -1.7338960988e-02 -3.6319704503e-01 6.3758583974e-02 -8.5075126800e-02 3.7096780610e-01 -6.3503563006e-02 -3.2304293411e-01 4.0190919102e-01 -2.6811291401e-01 2.4709778680e-03 -1.8264781592e-01 -5.6898871831e-02
1.8004309168e-01 6.2054575702e-02 8.4518358703e-02 -1.3793352695e-01 2.2112948197e-01 -9.3268480953e-02 -1.1112050277e-01 1.9249516346e-01 3.0458250538e-02 2.8336233324e-01 4.7987744621e-02 -1.6286015894e-01 -8.8797478649e-02 9.0766495207e-02 1.6039592572e-01 -1.1246593663e-01 3.4660812338e-01 -6.5424727254e-02 8.7507927926e-03 9.4470948251e-02 2.4260344304e-01 -1.0962000548e-01 -1.6537714437e-01 7.7848984212e-03 -2.1841167395e-02 4.6035801590e-02 1.2653550882e-01 6.4477189456e-02 -7.2893520058e-02 -1.5598509585e-01 2.4038725710e-02 2.2084025117e-01
3.3639858602e-01 1.8222105070e-01 -1.6755699971e-02 -9.9500517707e-02 1.5532296517e-01 -2.1713687232e-01 1.3857557416e-01 1.5806852948e-01 -1.3432482281e-01 2.9263693806e-02 -4.1835911003e-02 -1.4843037735e-01 1.2981841564e-01 -7.9694799380e-02 2.1310974246e-02 1.9892453108e-01 -1.7391214790e-01 -4.8104929258e-01 -2.8052174832e-01 -1.1835181235e-01 2.7835302923e-01 8.1331731682e-02 4.0577236003e-01 1.7896963686e-01 -5.1627265564e-02 9.0204367005e-02 5.7797637804e-02 -4.2376402179e-02 -2.2111804743e-01 3.2119867859e-02 2.0710452003e-01 -1.3125723664e-01
1.9422852437e-01 2.3306829981e-03 7.2313780109e-02 1.9897443047e-01 2.0729778696e-02 2.3184308169e-03 1.0959263743e-01 8.9167444933e-03 2.1944307198e-03 -2.4977498874e-01 6.8430383733e-02 -6.0772937699e-02 -2.0036066294e-02 -6.1498017715e-02 -2.7879966028e-01 2.6345487562e-01 -1.4738269802e-02 -2.4179521543e-02 3.1734027442e-05 1.7305513929e-01 -2.1533894497e-01 -6.7091309543e-02 5.6707755994e-02 -2.7254090775e-01 1.5600307065e-01 -2.5622608121e-01 -1.4465055069e-02 3.4103447784e-01 1.4801189929e-01 -2.1201204658e-01 2.5477640098e-01 -1.2915165820e-01
-5.8931354040e-02 7.8624011219e-02 -2.2930256268e-01 6.7576514520e-02 -1.3379001829e-01 -8.0200496806e-02 1.0296378457e-01 -2.6277709446e-01 -2.8168849271e-02 1.8624759325e-01 -1.1730103529e-01 5.0136721899e-02 -3.1110094215e-01 6.7224764435e-02 7.6542208931e-02 -2.4552680683e-01 2.3174649895e-01 1.1922256287e-02 -2.0377616271e-01 -1.5547255939e-01 -4.4906694671e-01 -4.4499464852e-02 1.8129579166e-01 1.1627000869e-01 -1.2190578050e-01 1.3049242469e-01 -1.9987610715e-02 -6.3976219666e-02 9.0803980969e-02 5.2839092434e-02 -3.7567756301e-02 8.1152285651e-02
-1.5930719229e-01 -1.8664659340e-02 3.5412593825e-02 -2.5974081066e-01 9.1743609126e-02 2.8947312597e-01 -2.4322404667e-01 -3.4989370020e-01 -2.4806999251e-01 1.2756000388e-01 9.3959848190e-02 1.4783386603e-01 -5.1868357885e-02 -1.9130464169e-01 -1.1260747139e-01 -7.1001553117e-02 1.0083067391e-01 -1.2847115742e-01 -1.6194291587e-01 8.7296727579e-02 1.1847337464e-01 -1.3341044924e-01 1.4920903042e-01 -1.3676078937e-01 -7.6735219966e-02 -2.0814618010e-01 -3.5885840685e-01 -1.0400956375e-01 8.5208402288e-02 8.6122653496e-02 6.6510185864e-02 -1.2718986528e-01
-5.9663939287e-02 9.0314134025e-02 -6.4975800819e-02 2.6195063001e-01 -1.0130714916e-02 4.0960963560e-01 2.7778456499e-01 1.9396167944e-01 -3.1197703742e-01 1.8215081756e-01 -1.3392793322e-01 3.4060509103e-03 -1.5291385265e-02 4.4678294664e-01 1.7336134703e-01 -6.4884360528e-03 2.4876578894e-01 -6.4244020824e-02 -2.7449986571e-01 2.1136014675e-01 -1.1021826388e-01 -6.3721047051e-02 4.6264228551e-02 -6.6669046852e-02 1.4853058077e-01 3.2949246086e-02 1.4455270343e-01 1.6884229339e-01 -2.4550206632e-02 -1.4142742090e-01 -2.6021437370e-02 -1.3908657505e-01
3.6313956028e-01 -2.0061039031e-01 1.8663304104e-01 -1.4160223996e-01 -2.3304410126e-01 1.0654924863e-01 1.0622900671e-01 -7.0607455901e-02 5.3432226960e-01 1.1484966986e-01 -2.1285767050e-02 5.2010805972e-02 2.4242413187e-01 -5.8629650738e-03 -8.7217017180e-03 1.1858381276e-01 -1.2477002051e-01 9.8209608621e-03 6.3942255665e-02 -1.1768443002e-01 -1.0054383849e-01 -1.1590019247e-01 5.3128220465e-02 4.1585652750e-02 -4.0611545506e-02 -4.1235423100e-02 8.5720804907e-03 -4.8429475662e-01 -1.8595829238e-01 -1.2325445002e-02 -4.1103581780e-01 1.0215730085e-01
3.7620587749e-02 6.3012929479e-02 -2.6292653946e-01 -3.3972540279e-01 4.0279790732e-01 1.7061826085e-01 2.8858869418e-02 1.7619502500e-01 1.3623661862e-01 -7.8460187282e-02 -3.9460503849e-02 2.5555340071e-01 -1.5653337505e-01 -3.1499673617e-01 -4.0963658259e-01 2.7294776893e-02 -2.6816983115e-01 3.3436492384e-01 -2.4883702730e-02 -1.8433280611e-01 5.2053175831e-02 1.3767443714e-01 1.8639674460e-03 9.3274184490e-02 -9.0360653955e-02 1.2616932209e-01 -2.2072034775e-02 2.1392116956e-01 -1.8521022270e-01 -3.2727146468e-02 1.1931150593e-01 8.0522174620e-02
-1.7481126081e-01 -1.7356406229e-01 1.9919885588e-01 -3.3495578170e-01 2.1821211161e-01 2.0316832804e-01 -1.4514173484e-02 -2.1833262496e-01 1.4538011154e-01 1.2142312622e-01 -1.1230092611e-01 7.2173198066e-02 -1.0279038689e-01 7.4975072647e-02 -1.4843195996e-01 -1.4993146312e-01 -5.8040632810e-02 2.7251265674e-01 6.3676433578e-02 3.1813838991e-01 1.8667834913e-01 2.2053043460e-01 -6.9321856501e-02 -1.1170148424e-01 2.7978249851e-01 -6.5304882747e-02 2.1635853273e-01 -9.5557012267e-02 1.6465149698e-01 1.4771375868e-01 6.7014486383e-03 -1.1909090736e-01
1.2267802108e-01 2.1421373541e-01 -1.6289131782e-01 1.6137765571e-02 9.7588648380e-02 1.8021819061e-01 7.1335945517e-02 -4.9365602717e-02 -3.2690028823e-01 -3.7555600625e-02 -8.2838217717e-02 1.7319086684e-01 -1.2544752432e-01 -1.0946772162e-01 -1.2840230596e-01 2.4820308663e-01 -1.1769164580e-01 2.7182676435e-01 -2.0718246845e-01 1.7258584317e-01 -2.6866573019e-01 -9.6827289244e-02 1.4656634408e-01 1.6791753970e-01 -9.4412061883e-02 2.4824819769e-02 2.5948097368e-01 8.6620425896e-02 -2.4752701502e-02 5.5224373386e-02 -1.4800969958e-01 3.2547784139e-02
2.0436930072e-01 1.6388541493e-02 -4.7240908925e-01 -4.9116756782e-02 9.4710389254e-02 -1.1329314353e-01 5.6350038043e-02 -1.4010712598e-01 1.7457893939e-01 1.4431174204e-01 3.1337934483e-02 1.2599988231e-01 2.2930320994e-01 -1.0386945342e-01 2.1411901494e-02 2.0101913476e-01 5.3159391429e-02 -1.2301234547e-01 -1.0522544893e-01 -6.9798219534e-02 -5.8709244848e-02 3.5382329212e-02 -2.1063686438e-01 -1.6915342189e-01 3.8672216470e-01 1.1782608865e-01 5.0038232966e-02 -4.1204119434e-01 1.8270804187e-01 -3.4853343355e-02 -2.5646172530e-01 -3.2123955819e-02
3.6542642910e-02 2.8690757287e-01 -5.4199206006e-02 -7.8071723101e-02 -1.2000046702e-01 -1.9883049561e-01 -2.7182729902e-02 5.7212206934e-02 -4.1596213175e-02 -1.9123300131e-02 8.4660028892e-02 -1.2039168074e-01 3.3087909141e-01 1.3230625899e-01 2.3949712552e-01 2.9599623643e-02 -1.1591089603e-01 -2.2573229555e-01 1.6662329745e-01 -5.3616370185e-01 7.9582878608e-02 -1.1423287419e-01 -1.4059741610e-01 -1.5486951250e-01 -8.7718370780e-02 -4.0179542470e-02 -1.1913442055e-01 -9.7490128878e-02 2.1856589479e-01 4.2250559987e-01 2.0006789614e-02 -5.4574160516e-02
1.9419692820e-01 5.6853248010e-02 -2.4658929610e-01 -6.2864042027e-02 1.0263865608e-01 -5.7685694220e-03 9.9173347809e-02 8.0639325385e-02 3.1388965429e-01 -5.7363412922e-02 3.6450938517e-01 -6.1795513078e-02 1.2373224639e-01 5.0853619260e-02 -4.3118301389e-01 3.4079782092e-01 1.6654262656e-01 1.0592025708e-01 4.2989820333e-01 2.2158847176e-01 1.7516779089e-01 -1.2778316711e-01 2.5651154835e-01 1.4289216320e-01 -2.3681668494e-01 -1.0769257586e-01 1.2564649280e-01 -7.3208953519e-02 -1.6124272340e-01 2.0800161340e-01 -8.3600026312e-02 -2.1198556684e-01
1.4870198026e-01 -9.0611276765e-02 1.0362189202e-02 1.1547668749e-01 1.6617353866e-01 -3.4581103932e-03 -4.5916394697e-03 2.8286731559e-01 3.6309016287e-01 1.0538701932e-01 3.5670347832e-01 -1.1336545889e-01 6.4747986682e-02 4.6571533885e-02 -1.1095686085e-01 -2.1181562177e-02 1.5744481722e-01 -1.5689512105e-01 -1.1146514634e-01 1.6399267891e-01 1.3191529992e-01 -6.1440638418e-02 -2.0203941964e-01 1.9174433544e-01 8.9923933745e-02 -3.2579680064e-01 1.3324182938e-02 3.1338698714e-01 4.3894155037e-02 3.5635892011e-02 -1.3115915110e-01 1.7928252450e-01
-3.8814616905e-02 -3.3182349405e-01 6.2267884194e-02 -6.9367690949e-02 -2.1025003580e-01 4.2099352739e-02 2.9804365317e-01 1.7013413522e-01 -3.1104907174e-01 9.7427212918e-02 5.7026876251e-02 4.3126554597e-01 -1.6354800962e-01 2.7230868822e-02 -1.1029191232e-02 5.4095483388e-02 -1.6042662969e-01 4.4529089614e-01 -2.0488142405e-01 1.3780662751e-01 -1.4125295622e-01 -2.0352369096e-01 5.1038048744e-02 -2.2528508107e-01 -1.9404924319e-01 -8.4811562263e-02 3.1369732176e-02 -2.1108574492e-01 2.9613206377e-01 -1.0877301550e-01 -9.3778625633e-03 -3.4462508700e-01
2.8934274855e-01 -2.2077869193e-01 -1.3923461743e-01 1.1484899688e-01 -9.7854725018e-02 1.2526721264e-01 -2.2276237986e-01 8.6585740275e-03 1.5631692268e-02 1.1566929627e-01 -4.7491985165e-02 2.0560219864e-01 1.5094414817e-01 -9.7973757100e-02 1.3133824863e-01 -1.2274296023e-02 -1.6137687201e-01 -1.0294949821e-01 -1.7299064441e-02 -1.2725500040e-01 4.9377487684e-02 1.7259030843e-02 -3.2909848834e-01 -1.5651881577e-01 2.5696545080e-02 1.7259383597e-01 2.1715129560e-02 -2.9140032594e-01 -4.2710666548e-02 -9.1230646371e-02 2.1765031134e-02 -5.8671782620e-02
-1.1641673510e-01 3.8446933236e-02 -1.1463353537e-01 -8.9810142709e-02 -1.0295057279e-01 2.0772314938e-01 -1.9103868536e-02 -5.4890580113e-02 1.8988847241e-01 -2.1363293921e-04 2.8285643929e-02 -5.3139402442e-02 2.5647088532e-02 7.7651161366e-02 -2.6699263562e-01 1.9137530078e-01 1.0700145427e-01 2.6385943773e-01 -3.0749050410e-01 1.2920987517e-01 -4.1543194601e-01 -4.0432758064e-02 -3.5685274462e-02 -4.9151980382e-01 1.1021443194e-01 -1.1703646568e-01 -1.2634769811e-01 1.4528765431e-01 7.7667583750e-02 -1.5778261308e-01 1.8128873896e-01 -1.4698648614e-01
2.0540272754e-01 -1.5063297281e-01 -1.2465367002e-01 -6.0189942285e-02 2.4118591252e-04 -9.8380023692e-02 1.3307890818e-01 -2.0095174430e-01 -1.7097255635e-01 1.3403517105e-01 -2.2961878215e-01 -5.5264480188e-02 -6.2632272807e-02 4.5638912948e-02 -2.2189767897e-01 -2.5681472529e-01 -6.1062435055e-02 6.8978900117e-02 1.7764093192e-01 -3.0186594857e-01 2.4238487212e-01 1.9091916938e-01 2.4676172818e-01 -1.8624477328e-01 -1.4840691599e-01 1.4307496236e-01 2.7136631311e-01 -8.5586527009e-02 -1.4031842921e-01 -7.8550044223e-04 -3.8255288100e-02 2.6623838193e-02
6.2866290969e-02 1.9014610781e-02 8.6015135459e-02 1.4850432145e-02 1.7851788917e-01 5.0961193284e-02 3.7864400763e-01 -2.0786370993e-01 2.3699425241e-01 1.9561710801e-01 6.0444163774e-02 -1.8688821096e-01 1.3035564586e-01 -9.4974188853e-02 -2.6619605486e-01 -1.5016445773e-01 -1.1312597724e-01 -1.3029209691e-01 1.4671714187e-01 6.8446214405e-02 -9.4719596496e-02 -2.0807954285e-02 -3.3346939787e-02 4.4837650517e-02 2.1470087352e-01 3.1563918301e-03 -2.0951869656e-01 1.6177218725e-01 -7.1373466751e-02 6.1986253686e-02 6.6105681391e-02 -1.3346261960e-01
1.1979680651e-01 -2.9648297246e-01 6.0244459035e-02 -1.4939581548e-01 -5.2349153471e-02 -3.3086315497e-01 -9.4937102970e-02 2.4135998969e-01 -2.2102188879e-01 -2.3242413239e-01 -1.9428150963e-03 -3.7503865531e-01 2.6768665938e-02 -1.5996956671e-01 3.4295574247e-02 1.8409961180e-01 -6.0646973828e-02 2.5259358763e-01 1.6936926866e-01 1.4811141869e-01 4.4889286097e-02 5.5937990010e-02 -1.4730819047e-01 -1.9878199097e-01 2.7905199235e-01 -7.7878649541e-02 -1.3710488354e-01 1.1703643603e-01 -3.8343437856e-02 4.9449179688e-02 -3.5204877132e-01 2.0064223913e-01
-1.2671672382e-01 -1.1416837191e-01 -1.5571198657e-01 1.9419972779e-01 -2.1754537653e-01 -1.0467848500e-01 -2.9798087212e-02 -8.8053182446e-02 2.2249346638e-01 1.2818721406e-01 3.5850626177e-01 2.0674992602e-02 -1.5135079157e-01 7.0533759625e-04 -5.4989598456e-02 1.5696988886e-01 -1.3559161520e-01 1.3432668767e-01 -1.0648780293e-01 7.6836513337e-02 2.8563931246e-03 -6.7650463440e-02 1.1788263520e-01 3.6829029421e-02 1.3214815877e-01 -1.1785209345e-01 -5.2085125100e-01 -2.5111244509e-01 3.8334933916e-02 -2.0214623130e-01 6.7516148130e-03 1.4153756301e-01
8.1968666049e-03 -1.9664129390e-01 7.3886361959e-02 1.1703249978e-01 -1.5841860151e-01 4.6421286537e-02 -3.3066315299e-01 1.8200270788e-02 -2.4291941103e-01 -1.0986654672e-01 2.4723883590e-01 -8.9181047622e-02 -5.5626027945e-02 7.1913240909e-02 3.7374413374e-01 2.8671582363e-01 9.4947170641e-02 -3.9869112482e-01 -9.3430571523e-02 4.8039889235e-03 -1.8685736173e-01 1.0421023126e-02 3.8775662175e-01 -1.8392807154e-01 1.9776658906e-01 1.8250203405e-01 -1.6620144250e-01 5.7054563093e-02 2.2916903565e-01 -1.4841544547e-01 9.6366853795e-02 -2.3444537395e-01
-9.1178064074e-02 1.0878530817e-01 7.9009022125e-02 1.4082187421e-01 -1.1922228585e-01 -2.3592516431e-02 -5.5066241533e-02 1.6080346036e-01 -1.8118898283e-02 -6.9697330322e-02 -5.3055239371e-02 -3.1711418181e-01 6.4900198618e-02 1.6950214908e-01 1.7630115306e-01 -5.8159770692e-02 -2.8958135689e-02 -1.4890937511e-01 1.3784132437e-01 2.3281655263e-02 2.2160891986e-02 -9.3011997050e-02 -1.4896471619e-01 4.4019203045e-02 6.3907859850e-02 -9.8655581263e-02 1.0530990467e-01 -2.1056298793e-01 4.4432768700e-02 -1.8385215551e-01 -1.3948933084e-01 -1.7630820500e-01
8.7680115306e-02 1.9843060789e-01 3.2325394139e-01 1.6726023115e-01 3.2435257201e-01 -1.8201649717e-01 -2.6341695988e-02 5.5568057595e-02 -8.5970801640e-03 2.5698306676e-01 -7.3262176260e-02 -3.3691539500e-01 -2.5745971212e-01 2.9678739358e-01 2.6135670745e-01 1.4844409159e-01 -2.3753588820e-02 -1.2551449957e-01 -2.1947199084e-02 -2.0334823612e-01 1.1753601818e-01 7.2181956676e-02 1.2001988539e-01 -1.7503339622e-02 1.2137929733e-01 -2.1402178055e-01 8.9909730830e-02 -1.3357667450e-01 -3.0200698573e-01 1.9066509530e-02 -2.7167365162e-01 -2.7801783723e-01
2.5981561301e-01 3.6284408492e-01 -3.2378883794e-01 4.8422412375e-02 2.2746246641e-01 9.8627104039e-03 -3.7524906306e-01 1.1776151002e-01 2.6217924531e-01 -1.1547680020e-01 1.7576704432e-01 3.6921224003e-02 1.1594382148e-01 1.3124135963e-01 1.9541490962e-02 -2.9083784149e-01 1.3202365769e-01 -1.1535694690e-01 1.4504207608e-01 -1.7158593309e-01 -3.2498712482e-01 -3.0705973227e-01 2.5736715792e-01 -2.4111112860e-01 -6.6489156951e-02 4.1230773505e-02 1.7116087695e-01 8.2638371389e-03 -1.2574920608e-02 1.6277746238e-01 -3.8621028614e-01 6.4225309506e-02
3.2569899138e-01 1.5528218623e-01 -2.6253367356e-01 2.0280133820e-01 4.2425216804e-02 2.5662447891e-01 4.2710832787e-02 -1.7475187998e-01 -5.3736241895e-02 5.6365309259e-02 -1.1272332911e-01 8.2263537195e-02 -3.7857918465e-02 7.8803733637e-02 9.3460296128e-02 -3.8508462277e-02 -2.4208734565e-01 2.6284050081e-02 -4.6380324037e-02 -1.3495547706e-01 1.4605151750e-01 1.2963387446e-01 -1.5997614838e-01 -1.0569345568e-02 -2.4781405986e-02 8.2271993720e-02 -1.4690873010e-01 -6.2910971667e-02 1.4864754881e-01 -1.5889757672e-02 6.5220133733e-02 -2.2141313317e-01
