-1.1263718116e-01 6.0565949140e-03 -2.9892525871e-01 1.0755337051e-01 -2.4687774931e-01 2.1318772421e-02 -2.8250867876e-02 -1.2521790265e-01 -5.6666373220e-03 3.2548145241e-01 -2.8264215778e-02 1.1978960484e-01 1.0698887514e-01 1.2455982414e-01 -5.0284659813e-02 -2.3219791291e-02 2.1918262630e-01 1.1041086298e-01 -3.6731923376e-02 -1.0598324604e-01 4.6738680417e-02 -2.5004475172e-01 -1.8568913380e-01 4.8384208755e-02 -2.7848249219e-01 -2.8489429899e-01 -4.0588707958e-01 2.8574541787e-02 -1.6525018989e-01 -1.3734635412e-01 1.3493649878e-02 -6.5074653221e-02
-7.9185589814e-03 -2.5108148345e-01 1.7184592326e-01 -4.5965590318e-01 -2.8543319921e-01 3.6345997615e-01 -3.5647752245e-01 9.4488850202e-02 8.2459184166e-02 2.8949363342e-01 2.7140625010e-01 -1.5644211710e-01 -5.6542469272e-02 2.6938036962e-01 6.4550996094e-02 2.1342031562e-01 -1.2478180750e-01 -5.2581650825e-02 8.9814497243e-02 -1.6386790492e-01 -2.9107484405e-01 1.4391610247e-01 2.0493524722e-01 2.8388865527e-01 4.2948939781e-02 5.3711941350e-01 -6.3937746198e-02 -1.0887030737e-02 7.8107197843e-02 4.0443811542e-01 -6.1970929033e-02 -1.9874916435e-01
-1.5562730035e-01 -1.3089031104e-02 -1.9875474989e-01 -1.3812638025e-01 -3.7698676695e-01 -2.0033910016e-01 -3.0762927951e-02 -4.4977762788e-02 -1.9746702642e-01 -3.7139912930e-02 1.4390026932e-01 -2.9963618644e-02 1.9573258549e-02 2.9666593194e-02 -2.8774578974e-01 -1.6551907844e-01 -1.3782812484e-01 2.3613123882e-01 -9.8118821947e-02 -1.4177657060e-01 1.3819906535e-01 -2.2057175251e-01 1.2523962971e-01 2.7954273000e-01 5.3350828314e-02 3.4578437504e-01 -1.3575177287e-01 1.8852497813e-01 1.2368016094e-02 4.3373718224e-02 1.2320980699e-02 -7.8410276564e-02
1.8426552683e-01 -1.6453775162e-01 8.1755991404e-04 2.1339792614e-01 -4.8410974596e-02 3.3047215751e-01 1.0408032561e-01 -1.4656371325e-01 2.6701751087e-01 -6.4278887591e-02 6.7935470773e-02 9.9828201246e-02 -1.5503736698e-01 1.8056964243e-01 -6.5504746138e-02 1.8373838682e-01 -1.8034805843e-02 3.2611031874e-02 -1.6314355149e-01 -3.7345632726e-01 -3.5805176626e-02 -2.7323303624e-01 9.9231341581e-03 -1.8073540251e-01 2.9269457511e-02 1.2911702588e-01 8.1395951213e-02 6.3820676121e-02 -1.6893334257e-01 -8.4616131836e-02 -4.0011388590e-02 1.2346456682e-01
1.5686679618e-01 -2.5418556028e-02 -5.2905438640e-02 -1.0531353822e-01 3.2415449963e-01 4.2365901118e-02 1.4261735201e-01 7.5020624567e-02 -2.6546369645e-01 -7.4378415076e-02 -3.4043264323e-01 2.1882312383e-02 -1.5027458656e-01 -6.8550729608e-02 1.7802681316e-01 8.0507411054e-03 2.7580251329e-01 1.6824566455e-03 1.9662834242e-01 1.1149903973e-02 2.4014143051e-01 -1.9007408135e-01 3.3966201506e-01 -2.2945450948e-01 8.1561906301e-02 -8.1492740983e-02 -7.9970297912e-02 2.3360594222e-02 -7.4912845526e-02 -1.4501161773e-01 -2.5937706974e-01 7.8034716342e-02
2.2074496787e-01 -9.0090727419e-03 1.4085490534e-01 4.8178556759e-02 1.8744604850e-01 1.5175092602e-01 -1.3227178601e-01 -1.1502848824e-01 -1.6355648838e-01 5.5040481593e-02 -1.8077265214e-01 1.8355409180e-01 2.4108517169e-01 -3.9208876186e-02 -8.2210311196e-02 -2.2238388029e-01 2.0752747675e-01 -1.9567200992e-01 -5.6854063923e-02 5.4278209880e-02 -6.8663963906e-02 3.7034945779e-01 -2.0296350977e-01 -9.7497784518e-02 1.0032529713e-01 1.4645339765e-01 9.5290363039e-02 -8.5709224211e-02 1.6625554918e-01 -1.3809237584e-01 1.7923937308e-01 3.3105596343e-02
9.0411355593e-02 7.0106014548e-02 -1.6419688371e-01 -4.0155166902e-02 -2.7105891480e-01 1.4552310700e-01 -2.3563078353e-01 1.1060982827e-01 -1.4567665786e-01 8.0926575497e-02 -7.8688088472e-02 -2.3516733589e-01 -8.5198807022e-02 1.6036613195e-01 -4.4605908038e-02 1.3137531587e-01 1.3214236565e-01 -2.3045790685e-01 -1.4843969462e-01 6.9604239122e-02 -7.8728667376e-02 -2.1537799150e-01 -1.2180653067e-02 2.4424292987e-01 -1.3398167840e-01 -7.8814130855e-02 5.3186260887e-01 1.0821566865e-01 2.3779904163e-01 2.0877040579e-01 -7.3488748914e-02 2.6446514392e-02
9.4849585550e-02 2.2177868215e-01 2.1358292607e-01 -1.3777373758e-01 -8.5009727400e-02 -3.8698952401e-04 1.7518507197e-01 1.8519777950e-02 -8.0065518578e-03 -1.6744781144e-01 -3.4760554342e-01 -2.7753011975e-02 2.1998735301e-03 3.9156207089e-02 2.1053128280e-01 1.8827890348e-01 -2.1721357829e-01 2.2348647238e-02 -6.4637028055e-02 -1.7567173134e-01 2.6968866477e-01 -3.5905807644e-02 8.4746184739e-02 2.4311217899e-01 2.2031281811e-01 2.2961276501e-01 -2.8558650282e-01 -1.0668682403e-01 -8.3003135199e-02 -3.0968280910e-02 -3.3282216634e-01 3.9259535964e-02
-1.3276009412e-01 -3.2983284917e-02 -4.2580440434e-02 -2.3024123088e-02 1.3530191355e-01 -3.5524699450e-02 -4.4065810811e-02 -1.4478267096e-01 1.6972468430e-01 -4.2487520965e-02 -2.2491105421e-01 7.7974206410e-02 -4.8302428841e-02 1.5708019949e-01 1.5187538671e-01 6.3422996706e-02 -2.1673962894e-01 -2.6744906056e-01 1.9831775550e-02 2.4188539674e-01 5.2246540246e-02 -7.3421660445e-02 3.3105576781e-01 -9.6105039514e-02 -1.2859930466e-01 -1.5725822877e-01 -1.4508043140e-01 6.8581733231e-03 1.7169637645e-02 -1.6143919027e-02 -9.3496285998e-02 1.1661857740e-02
4.5035414352e-01 4.2267682082e-02 -7.6171513023e-02 1.8192619874e-01 -9.7112302593e-02 -2.7493193967e-01 -1.4341705115e-01 5.3411302224e-02 -4.5465796973e-02 1.7532372388e-02 -7.9518267754e-02 1.7110441464e-01 1.6924961990e-01 -3.4764635459e-01 9.5161696221e-02 -3.4518081468e-01 2.2560285014e-01 -2.7630194019e-01 3.3862981176e-02 7.1181933527e-02 -7.5859403378e-02 2.5064523156e-01 -6.3678820372e-02 2.9052526754e-01 3.7479204711e-01 2.2699998814e-01 -3.7663991053e-01 1.1299526107e-01 5.3316292318e-02 1.2422801617e-01 -2.7156300672e-01 1.7138476825e-01
7.5597513061e-02 -2.7900324024e-01 2.7176621216e-02 -1.6071868510e-01 7.1020106958e-02 -1.9157948925e-01 -5.5116137484e-02 -7.1580859439e-03 -2.7984479511e-01 2.7695778712e-01 2.7472412382e-02 -1.3212966676e-01 3.3634447019e-01 3.2608866388e-01 3.3201990521e-01 -2.7557124798e-01 -2.5582370484e-01 -2.0844290073e-01 4.1318795830e-02 1.0445008848e-01 1.6967160684e-01 -9.6178872710e-02 -2.1251025789e-01 -3.1166377421e-01 2.5264799550e-02 6.0593810975e-02 -6.4044849305e-02 1.8094516012e-01 6.7031723597e-02 1.9831333819e-01 1.0272888904e-02 -1.5448168749e-01
3.6972419146e-01 7.3980335475e-02 -1.8258805942e-01 -1.3116226841e-02 -7.3540788106e-02 -1.0611038811e-01 1.0280748148e-02 -1.6686643730e-01 -4.4367961188e-01 -1.3339308686e-01 -3.5160471924e-01 3.1365275485e-01 -6.2435523283e-02 -3.8124859286e-01 -1.5919214461e-01 -4.5743607733e-02 9.9684573233e-02 -2.8332541966e-01 -1.8617673160e-01 4.3587207389e-02 2.7837675179e-01 -2.2076677048e-01 6.2588191363e-02 -1.1013907162e-01 -6.0118797939e-02 -2.0174640376e-01 4.3245162398e-02 6.9185442309e-02 -2.3160336180e-01 2.4981151816e-01 8.2093110557e-02 -9.7400698217e-02
1.4554422838e-01 5.5043048601e-02 6.4672257663e-02 5.8768145654e-02 3.5305631278e-02 1.9772707927e-01 -1.7131269976e-01 2.5867523551e-01 4.7353964815e-02 -5.7949232229e-02 1.1193799404e-01 1.4262056469e-01 -1.3749786537e-01 1.4177070163e-01 2.1185080009e-01 5.6354778965e-03 1.1105848222e-03 8.7847367267e-02 2.1101598469e-01 5.3417712832e-02 -1.2583596311e-01 -2.0741987896e-01 2.2449156943e-01 -7.1951045362e-02 -6.5607278425e-02 -4.4263763850e-02 -2.9974672203e-01 -2.3768463041e-01 -1.8720827082e-02 1.9637544695e-01 6.5833082656e-02 2.7182659515e-02
-5.3372548664e-02 4.0049583110e-01 -2.9079395260e-01 6.4363802243e-02 -1.9663905651e-01 8.7857367660e-02 -6.9086588544e-02 3.3252436776e-01 -2.4764254689e-02 1.5705917713e-02 7.0611351295e-02 4.0682024054e-02 -1.8264202425e-02 2.8274963250e-02 1.9022808288e-01 -1.3530486499e-01 -1.5902859714e-01 1.1012967395e-01 -1.8683141912e-01 1.4288699692e-02 5.7636904570e-02 2.5366324405e-01 -1.8218622404e-02 9.4269794790e-02 -2.1248400104e-01 1.9233694407e-01 1.6751574166e-01 -5.5208450884e-02 -5.4516005822e-02 1.0443070332e-01 -7.6352712744e-02 -1.1770514644e-01
-3.7458222651e-02 2.0082853777e-02 -1.4649482584e-01 -1.4403337906e-01 -2.5938471399e-01 1.7425968019e-01 4.3828976806e-02 -4.6644090928e-01 -1.5634318926e-02 2.1697736577e-01 8.5001998998e-02 7.2218091265e-02 2.0790936528e-02 -4.6056160006e-02 -3.9334960783e-02 -7.2513425259e-03 -3.0506122356e-02 1.5176957911e-03 -1.5492319985e-01 1.1756676701e-01 -5.7175504000e-02 -2.3104350316e-01 4.0931560558e-02 5.6711577539e-02 1.6023931896e-01 2.7022992656e-02 -2.1482662112e-02 3.3802574456e-02 8.2657213846e-03 1.6202507515e-01 -1.0041239427e-01 -5.0893099490e-02
-2.7261634220e-02 7.4264511499e-02 -2.6010971892e-01 1.1164911287e-02 1.1604292503e-01 5.5943960399e-02 1.8617667667e-01 2.7778565530e-01 1.3441953539e-01 3.6658948226e-02 1.1004387070e-01 3.2150126010e-01 -9.5685602927e-03 2.7863147279e-01 1.6089440870e-02 3.1163450106e-01 -1.3994471156e-01 -2.1333411978e-01 3.3552799316e-01 4.6438966183e-01 3.6546062483e-02 -3.4563356680e-01 -7.8357020739e-02 2.0592785778e-01 -4.1607996878e-02 -1.1320928902e-01 1.9984041028e-01 1.4622769667e-01 2.8850570453e-01 -1.0926933331e-01 -1.0934661351e-01 -3.9479816363e-01
-2.6467470719e-01 1.6675007750e-01 1.3172604145e-01 8.0285700852e-02 -9.5575527230e-02 2.0422915953e-01 -1.2944196424e-01 -1.6148445022e-01 -1.0156323618e-01 -1.8912400342e-01 5.2883028591e-02 -2.1991434014e-01 2.9330263577e-01 4.7722357549e-02 -1.0655156531e-01 2.0382095612e-02 3.9701716142e-02 5.3523534731e-02 -2.8607220954e-01 -6.2559506514e-02 1.4842249907e-02 2.1123187414e-01 2.9938174095e-02 3.3148991157e-01 6.9487882976e-02 -1.5224438993e-01 3.8063662093e-02 -1.4641778618e-01 -1.1337525116e-01 4.9440613236e-02 3.3579458698e-01 -5.6397360527e-01
1.1608878587e-01 1.0975079991e-01 -6.0286812569e-02 1.9007647375e-01 -2.9153557667e-02 -1.1462190928e-01 2.7878230847e-02 1.9509774178e-01 -3.3551103122e-02 3.5443229704e-02 3.1699866590e-02 -3.7547893863e-01 -1.0162162970e-01 -1.4232525102e-02 2.0059840698e-01 -4.3029117401e-02 -3.8612042466e-01 -2.8305230424e-01 1.1612947704e-01 -9.0217497266e-02 2.0082648323e-01 -2.3299432346e-01 1.5300782663e-01 2.8814714518e-01 3.5200470341e-01 -9.3471446819e-02 -3.1037881314e-02 1.7000103270e-01 7.9144551049e-02 -1.1714322589e-01 1.9884556293e-02 -1.2690684855e-01
-1.4635153750e-01 1.8543990474e-02 3.2242553664e-01 3.2546012901e-01 6.9430784591e-02 -7.1854731155e-02 1.0400484775e-01 -5.0526636790e-03 3.2344171665e-02 -8.1314749003e-02 1.9743170988e-01 -4.0370732721e-01 9.4241781537e-02 -1.5363708251e-01 -1.5811557128e-01 3.2120046461e-01 -1.5928880145e-01 2.0941336268e-01 -9.2313356388e-02 -2.6105759715e-01 -4.2760715504e-03 3.9653254893e-01 7.0670414311e-02 -4.1729126437e-01 -1.4844670860e-02 -1.2795626920e-01 5.3123295030e-02 -1.1396970981e-01 -4.5045735664e-02 7.2646741286e-02 -9.2819089004e-02 -1.7764673659e-01
1.2363055577e-02 -8.3169442739e-02 2.1776745324e-01 8.2722942078e-02 3.2673147352e-02 -2.3223828922e-01 -6.6139739391e-02 1.5318231280e-02 1.1052764423e-01 2.0871113347e-01 5.4970240318e-02 -1.4424996027e-01 1.5213168360e-01 1.1701511658e-01 -2.3319331240e-01 -5.4308433097e-02 -8.0699703595e-02 -2.8229758903e-01 -1.2261004805e-01 5.8959716198e-02 -1.4970714266e-01 -7.7227465224e-02 2.0915048666e-01 2.4553203074e-01 1.5915077141e-01 1.0506922821e-01 2.4148284717e-02 1.7642797624e-01 1.6185681203e-01 2.7827368308e-01 3.2788864781e-02 -1.2242906801e-01
9.2777355892e-02 3.4549846853e-03 1.2588832477e-01 -2.0429880947e-01 2.6746276182e-01 7.8367510008e-03 -4.2129293571e-01 3.1591541071e-01 -1.5972338173e-01 -8.1207765754e-02 -1.5926722652e-01 2.3357889059e-02 -1.4905514910e-01 -3.8804368403e-02 1.5156755454e-01 -5.6245023404e-02 -6.7127593931e-02 2.8137925005e-02 -8.1687351920e-02 -8.8835538582e-02 -1.9035367418e-01 -2.1669349285e-01 2.7596962827e-01 -7.9044177974e-02 1.1112796094e-02 7.9315710041e-02 1.4278429533e-01 4.7573851505e-02 1.8621092276e-01 -5.5815224135e-02 -3.2095025664e-01 8.2679249319e-02
1.8560167677e-02 -1.9143142430e-01 7.3997573819e-02 -1.7493116637e-02 -7.9050799658e-02 1.7369010439e-01 -1.9775938747e-01 -2.5029420985e-01 1.3253235183e-01 -4.1346388856e-02 3.3675776778e-02 7.1484302039e-02 1.6824514902e-01 -3.2943843902e-01 -2.4586389749e-01 -2.8230369843e-01 -2.1121393381e-01 -9.9790619377e-02 1.2447911681e-01 -8.2285062710e-02 -4.7605502637e-02 6.7736095186e-02 -3.5147276661e-02 -2.5416701979e-01 -1.2261347316e-01 -1.0272242643e-01 1.2744300067e-01 -2.4184719970e-01 -1.8157880807e-01 -1.6556065314e-01 3.1496615506e-02 -1.7740658172e-01
2.2746468648e-01 -2.1240906795e-01 5.0333610077e-02 1.4578486133e-01 1.6713141884e-01 -4.2567148337e-01 1.2088392072e-01 -1.8837584300e-01 1.0546143942e-01 1.3973700081e-01 6.9841060915e-02 -1.6485653641e-01 8.7556931280e-02 4.3102070746e-02 -2.1187043896e-01 2.6745932279e-01 3.3162019321e-01 3.2149401419e-02 -6.0279900705e-02 -3.2740285917e-01 -1.6399570052e-01 5.6963670429e-04 -1.9098575611e-01 -1.2817521864e-01 -3.4281085226e-02 4.0462787171e-02 8.9663956896e-02 2.1263675247e-01 2.0555062186e-01 -5.8337434428e-02 2.3781474364e-01 1.3247440288e-01
-1.0583504559e-01 4.1192522587e-01 -1.9020579239e-01 -9.1256290486e-02 -4.0618274300e-01 2.0027917218e-01 4.9036535521e-01 1.3549727798e-01 2.4662687352e-01 -2.2850665738e-01 1.6005023566e-01 -2.2126178831e-01 1.0198633082e-01 5.8732820264e-02 -6.3587651740e-02 -3.1255600281e-01 -8.7634867398e-02 1.1630458760e-01 3.4589050837e-01 1.4380936283e-01 1.9030413354e-01 1.3569272246e-01 1.1079298594e-01 6.9441119046e-02 -2.1852333386e-02 6.4970421668e-02 1.2329757751e-01 -1.4926068692e-01 -3.0354524929e-01 3.3059026640e-01 -6.5943504286e-02 4.3203839209e-03
-1.5058820552e-01 2.4839998641e-02 -1.7358355723e-01 3.0444684649e-01 -2.8052182940e-01 -3.7454189559e-02 -2.8338374034e-01 1.0728619427e-01 2.2862859781e-01 1.1537485406e-01 1.8605835158e-01 3.9915903096e-01 3.3028134529e-01 -2.3127042439e-01 7.0096199585e-02 -1.5891744898e-01 7.5866744015e-02 7.0577312195e-02 1.7241071318e-01 1.6227305660e-01 -3.6448636490e-02 3.3534714897e-01 1.2707825107e-01 -3.8008587926e-02 1.0438043273e-01 -2.7903938259e-01 -1.0385197375e-01 7.0975162624e-03 9.9420416697e-02 6.7146431673e-02 4.6506881503e-02 4.5536086822e-02
2.0638917835e-01 3.0129652251e-01 9.4024709100e-02 1.5301258766e-02 -3.0731902825e-01 2.1093563749e-01 4.2775725772e-02 -5.1542037755e-02 -8.6770120513e-02 1.9386354620e-01 -2.2974773691e-01 -1.1133826306e-01 -1.6296790390e-01 -9.6566657533e-02 -1.5550322018e-02 -3.8754607945e-01 -6.6641481607e-02 -4.1498222510e-02 -6.4820583217e-02 -1.4660295305e-03 -1.7587208912e-01 -1.4740738418e-01 -2.9205789160e-01 -1.1155281079e-01 2.3577542619e-01 -5.8949694403e-02 -4.0765471735e-01 9.3160301689e-02 -1.1448713612e-01 3.2634730218e-01 3.5500019379e-01 2.4677343436e-01
1.0476656207e-01 -1.2073648150e-01 -1.1040205245e-02 5.6787840886e-02 1.2965402431e-01 4.0746352068e-01 -3.8818048089e-01 3.1523279405e-03 1.9100004800e-01 -2.9554712428e-01 -2.6838560357e-04 3.3766997576e-01 -1.9487932138e-01 -3.0374105112e-01 -1.5938030323e-01 1.4179374715e-01 5.2896460582e-02 -4.2907265729e-02 -1.8627234394e-01 2.2444998087e-01 -9.6990174216e-02 2.4477153973e-02 1.0498965787e-01 8.2294677267e-02 -2.4455196045e-01 2.5886220886e-01 5.3604489258e-02 -1.1911579461e-01 2.7426696674e-02 1.4388145319e-01 -1.2002209804e-01 1.7642092596e-01
-1.3388871079e-01 7.3347211136e-02 -8.2456321120e-02 1.0941846921e-01 -3.4191002200e-02 -3.1501199068e-02 -1.3037155455e-01 -1.4229235463e-01 7.0924425850e-03 6.4096744487e-02 8.8396062707e-02 -2.9341346672e-01 1.0663771797e-01 -1.5485993634e-01 6.3903330665e-02 -1.7024357351e-03 -1.1626620456e-01 -1.6337620773e-01 2.1050910625e-01 -2.6952847563e-01 1.5947833771e-01 -1.9617588977e-01 -2.9107149355e-01 -1.8319441038e-01 -2.6668774555e-02 1.0139219190e-01 5.0041232374e-02 -1.0136578813e-01 1.5608584277e-01 -9.9088573424e-02 2.1514189793e-01 -5.1498558465e-03
-3.4202086936e-01 1.6972503687e-01 2.1851814714e-01 -6.3281593720e-02 -1.6680548667e-01 -2.0755851131e-01 3.1346017872e-02 1.7121749975e-01 -1.5160622567e-02 -1.0725061165e-01 3.2270254392e-01 2.5058726458e-02 -1.4116888741e-01 2.5115300645e-01 4.0328325397e-01 -3.0113192371e-01 1.1195687115e-01 1.5856168563e-01 1.7030974089e-01 -3.5595346912e-02 3.7454089612e-02 4.7896012437e-02 3.2013191553e-02 1.5667303258e-01 -7.9892750598e-02 -9.4588306294e-03 4.6954986351e-01 -1.0714203512e-01 -5.9484104451e-02 -7.9371059533e-02 -9.8345770419e-02 5.3647314298e-02
3.0412313240e-01 -1.1528245231e-01 1.1268232268e-02 -2.6000122684e-01 -1.5908778127e-01 1.6631339410e-01 2.1574946490e-01 3.5624629753e-02 6.1315232892e-02 1.4343134515e-01 -1.9403176328e-01 -5.2534150516e-02 1.9988790614e-02 1.7268424950e-01 3.4213018843e-01 -1.2488871961e-01 -8.1955321115e-02 1.8809201994e-01 -2.8459699246e-01 -9.5878771128e-02 -3.3538253310e-02 -8.7579215757e-02 -2.2810778647e-01 8.5759885592e-03 -6.9455430038e-02 1.4189451494e-01 2.4854532970e-01 7.6264162037e-02 5.5031957237e-03 1.5474410137e-01 4.5840355357e-01 -8.6729174733e-02
2.3434254079e-02 -9.1502196914e-02 -8.1796578141e-02 4.5083505240e-01 1.9901744586e-01 -2.5179379853e-01 1.2010583245e-02 -3.9445230305e-01 1.8562303851e-02 3.0761700267e-02 -8.0896003338e-02 2.8803120717e-01 1.6156469148e-01 2.3882325605e-01 1.2769754718e-01 5.7495088206e-03 1.0347894760e-01 -5.2459216795e-02 -3.3906924250e-01 -7.6157997874e-02 1.0697827045e-01 8.5627706348e-02 -1.6810060520e-01 8.1468255609e-02 2.7995828111e-01 3.0440726926e-02 -2.0074533383e-02 -4.9066500977e-03 1.5247196689e-01 2.1464405485e-02 -1.3711532722e-01 8.7833743976e-02
-2.9535368821e-01 1.7624524818e-02 3.1547336118e-01 -2.6892912775e-02 8.4670244708e-02 -1.8433189494e-01 4.7681824918e-01 5.4664244493e-02 1.9284281980e-02 4.0122764898e-01 -3.4422974831e-01 1.6648046485e-02 -9.8416034452e-02 3.2319469927e-01 -5.1711991491e-02 -2.9724231678e-02 1.0568094626e-01 -5.1818255653e-02 3.2587532416e-01 -2.7992386551e-03 -2.5935215167e-01 -5.9903226437e-02 -3.8893399991e-02 -8.7219289156e-02 -4.0397760876e-01 2.4971753328e-01 -8.7083343720e-02 -1.4037269264e-01 4.5565151793e-02 2.1047659117e-01 -2.5993443724e-01 5.6164055267e-02
