3.8418425077e-01
1.3792753341e+00
1.1656175622e+00
-3.2666344890e-01
3.5697297381e-01
2.0523781016e-01
9.2660297887e-02
9.2867866442e-01
-3.3784379238e-01
-6.3412617064e-01
-1.1803780864e+00
-8.9101214855e-01
-1.5383717372e+00
1.1095245563e+00
-1.3000734771e+00
2.3375415389e-01
1.0893999048e+00
-2.7959858053e-01
-1.3489626655e-02
-9.0733662677e-01
-1.5254434482e+00
-2.0004156919e-01
5.7399256209e-01
1.4810902815e-01
4.6819791413e-01
8.4153780143e-01
9.5085405938e-01
3.9872739734e-01
9.9681665669e-01
6.8079563801e-01
3.6897552971e-01
1.3124746139e+00
