6.7550659484e-01
7.0719770782e-01
1.0581657414e+00
6.5581023870e-03
-2.5371416074e-01
-8.9929083240e-01
-4.0214122639e-01
-2.0870935010e+00
-9.6217938642e-01
-6.4979192019e-01
-2.1774077916e+00
6.8862386435e-01
9.9716239888e-01
-3.1001786116e-01
-3.7525943323e-02
8.8119640507e-01
-5.3434695816e-01
1.7636686350e-01
-1.0054340315e+00
-8.2682258671e-01
6.6432544547e-01
1.6049108357e+00
5.5052287784e-01
7.0306183879e-01
1.5512258198e+00
-1.4048504540e+00
-1.1504632793e-01
-6.5199388699e-01
-6.8692062949e-01
-1.2327209894e+00
-7.7053386183e-01
-4.8616799672e-01
