-1.5219847186e+00
6.3104644904e-01
1.9828825536e+00
-9.9284919620e-01
-1.5179341925e+00
-1.5639469596e+00
1.0609606674e+00
1.8186415591e+00
-4.7169808536e-01
-1.3123266822e+00
-2.8464729592e-01
-7.6886960420e-01
-9.3784534401e-02
2.1258242034e-01
-1.3523971891e+00
1.0180526815e+00
-2.1502257089e+00
5.5321146051e-01
-2.2594134209e+00
-6.4036033391e-01
1.6673478197e+00
5.0390399948e-01
1.2363991268e+00
2.0823735654e+00
-5.0983582283e-01
5.4731783518e-01
3.1134942223e-01
1.0235377448e+00
5.5743137636e-01
-8.6031465308e-01
1.1884601848e+00
-7.4953745945e-01
