1.1216937717e-01 1.4561207338e-01 -3.5682023134e-01 6.9086254628e-02 5.2189102035e-02 -5.2929217177e-02 -8.8550528926e-02 -9.0144537951e-02 1.5049691634e-01 -3.3563129739e-01 -2.2898934579e-01 3.6606509140e-01 -1.6196941442e-01 9.7508314564e-02 8.1345190050e-03 2.2632463422e-01 3.8191350923e-02 -9.5495178052e-02 1.2251187789e-01 2.7581783900e-01 -1.3466219146e-01 1.3046629701e-01 1.3877847923e-01 -8.6209073454e-02 2.5756600004e-01 -2.9530499574e-01 1.8953979962e-02 7.8771411114e-02 -7.0310112563e-02 -1.6440504639e-01 2.9953290302e-02 1.1114453290e-01
4.6801400746e-01 -1.0287071544e-01 9.8411572059e-03 -6.2177195034e-02 1.2181527739e-01 -2.3468264609e-01 2.2466136873e-01 -2.5031024672e-02 -1.6529253222e-01 1.6074734955e-02 -8.1522947343e-02 1.3831639201e-01 2.3343627823e-01 -2.1967601398e-01 -2.1272021436e-01 5.5380805039e-02 2.5622536780e-02 9.8256446492e-02 1.7354148057e-01 -2.1625649057e-01 -7.5416449134e-02 2.5353044871e-02 -1.6668369200e-01 3.4631025772e-01 1.2893562573e-01 6.5188844381e-02 1.8129515111e-01 8.0067498068e-02 -8.4861362554e-02 -8.7514538658e-02 7.7568998687e-02 1.1424500739e-01
-7.7518950585e-02 8.1510916865e-02 2.1634826981e-01 -1.0960408548e-01 -9.3046515049e-02 -3.8777098674e-02 1.1586305205e-01 -7.5114055549e-03 9.4093709332e-02 2.1023144058e-02 -1.3955165012e-01 -4.3080374027e-02 2.4485131245e-01 -1.7988913078e-01 3.0098325771e-01 -1.7541121627e-01 3.3933608225e-02 -1.3551834812e-01 9.8576715441e-02 1.0127876686e-01 -1.5824678263e-01 -1.4297058632e-01 6.3222066720e-02 -4.1523983934e-01 -7.6425911923e-03 -7.1304564140e-02 5.0732923716e-02 -5.3414669331e-02 1.9712310510e-01 -4.4048270353e-02 2.0420133868e-01 -5.5802397063e-02
-2.9666637722e-01 4.2260211290e-01 -6.2010773013e-02 1.6978089259e-01 -4.8674396326e-01 1.8303778841e-01 -1.5926546936e-01 -1.7969660006e-01 1.2610462471e-01 -1.8883489908e-01 1.8343867735e-01 -1.5353061535e-01 2.8737885766e-01 -1.7631579078e-01 2.2542995388e-01 -1.4963191819e-01 4.0449387660e-02 -1.3589081736e-01 2.1002438611e-02 2.2261596646e-01 -2.5845640168e-01 1.4870793446e-01 2.0658300438e-01 9.1980205498e-02 4.0817299723e-02 3.8982193720e-01 6.6412413871e-02 2.8514752526e-01 -1.7723981441e-02 2.6448622153e-02 -9.9311907908e-02 -4.0266540158e-01
6.9693928958e-02 -1.5133746288e-01 -1.8144014604e-01 1.2511324526e-01 -2.4251520417e-01 2.9423330882e-01 1.1583227192e-01 5.3893689178e-01 -1.8249160318e-01 -8.1427093027e-02 4.1236763052e-01 -2.3001935277e-01 1.2749052043e-01 -4.5120936034e-02 7.4062568169e-03 1.1097438738e-01 6.2287856200e-02 9.4691534615e-02 1.7288153367e-01 2.8359853739e-01 2.2052042329e-01 1.7359878489e-01 3.3593022601e-01 -1.7951537142e-01 -2.8950457838e-02 1.5241292432e-01 -1.9376629637e-01 -2.2004726787e-01 3.7772163334e-01 -1.2286647873e-02 7.2080016513e-02 -9.2958101641e-02
-2.2493819736e-02 4.9816811949e-02 1.8879695169e-01 -1.7050723123e-01 1.8925166913e-01 2.1389087312e-02 -1.5178056067e-01 -1.1718320267e-01 -7.7531432926e-02 -6.5983643834e-02 5.3936451134e-01 1.2873947435e-01 4.6138880715e-01 1.2005173606e-01 9.7742944320e-02 -3.4811636316e-02 1.9709224183e-02 2.5653212618e-01 -5.3909194634e-02 2.1743242472e-02 -3.1816982658e-01 2.3972183108e-01 -1.7727741672e-01 -3.0490248702e-01 -2.0584201244e-01 1.8590301444e-01 -2.9733019799e-01 -4.0913650454e-01 -1.1397416268e-01 -2.0142120853e-01 -1.9542978574e-01 -1.2472447298e-01
8.5890921827e-02 -6.6834286714e-02 1.1237187521e-02 1.7968757032e-02 -2.5281326133e-01 -8.5620001944e-02 3.7561919816e-01 1.0374512188e-01 -1.8770163536e-01 4.6614771821e-02 6.7589890554e-02 -1.1669946548e-01 1.5876100869e-01 -1.1958438955e-01 -1.4321456828e-01 -1.2827738832e-01 -2.4218948948e-02 -1.3403889819e-01 -2.3878534689e-01 7.8022348513e-02 -3.3101870226e-01 1.7608429440e-02 -8.0025133944e-02 -1.6203759605e-01 9.9615628784e-02 -1.1047884182e-01 -9.7592713266e-02 -1.2133844295e-01 1.0994078162e-02 3.1414124241e-02 1.3248878104e-01 -6.0706093227e-02
-3.5577893311e-01 1.7334625712e-02 1.1108171118e-01 5.9969635171e-02 -1.0874693746e-01 -2.3623327702e-01 -1.8936034856e-01 4.9617785422e-02 -1.0958638404e-02 -2.0109689533e-01 -9.6876518943e-02 -3.8184401435e-01 1.8108739312e-01 -1.9274366531e-01 -1.8327909253e-01 -2.3893335905e-01 2.5315399533e-02 1.7902904771e-01 -1.8236750980e-01 1.9290784419e-02 -1.7165841689e-01 -3.3644106103e-01 -2.7091563092e-01 -1.2507298425e-01 -1.1880396683e-02 -3.4651095440e-01 1.2709835895e-01 5.2467627695e-03 3.5753003313e-01 -6.0635985604e-02 3.4645396074e-01 6.3456215550e-02
-2.5131995689e-01 -1.8163815050e-01 2.2718530672e-01 1.3682438869e-01 1.2072206764e-01 -1.0825606062e-01 -3.5859663591e-02 3.5529237686e-01 -2.4986434914e-01 -1.4609220305e-01 1.0044594827e-01 -2.2840591162e-01 2.0630919258e-01 -1.5545454847e-01 1.5910823925e-02 3.1911169986e-02 -3.1468007253e-01 3.5938420850e-01 1.4706376596e-01 1.2342456315e-01 2.1625465346e-01 2.2160835439e-03 4.2338891627e-01 1.5328807966e-01 1.1738722735e-01 -1.2567194803e-01 -7.1218930171e-02 2.6182027398e-02 -6.4716585362e-02 3.6879841158e-01 -1.2415489304e-01 1.8375344086e-01
-1.2428630956e-01 2.1954265641e-01 -1.1229233718e-01 2.5952410829e-01 1.3116390217e-01 -5.3581266981e-02 4.8205482952e-02 1.1417143158e-01 -3.1290446071e-01 2.5723696119e-01 1.0317455415e-01 -2.4408407120e-01 5.2944051806e-02 7.8987449325e-02 -1.4116016479e-01 -1.9291886682e-01 -6.0182676395e-02 3.1306569290e-02 1.0323014444e-01 -2.0216679640e-01 6.6844713227e-02 4.0870229871e-01 9.5410759332e-02 1.2412237953e-02 -2.8712000435e-01 -4.7424014851e-02 2.2964273439e-01 1.2818297579e-01 -3.1861737313e-01 1.1779269960e-01 2.5865714326e-02 1.0383701734e-02
2.0294878749e-01 -1.7091010589e-01 -2.1396283670e-01 -3.3479808813e-02 1.7068255041e-01 3.7657359897e-02 -3.1477831241e-02 -6.2340502442e-02 9.5280699734e-02 -1.3284688166e-01 2.7443042738e-01 -1.1721139321e-01 2.7207044035e-01 1.5275028821e-01 2.1841137557e-01 -1.7907499116e-01 1.3798000127e-01 4.4242816588e-01 -6.1976057307e-02 5.8751502318e-02 -5.0004348248e-02 -1.7218892218e-01 -9.1743682809e-02 8.5557362288e-02 -6.2227591883e-03 2.8861295989e-02 2.7240891692e-02 -3.8943530951e-01 -7.7819128358e-02 -1.6336607091e-01 -1.8543419680e-01 1.8016215731e-01
-5.9166828593e-02 1.2296061215e-01 -5.7892217443e-01 2.1365555457e-01 5.5992637462e-02 -1.3491790952e-01 -6.1480867670e-02 -1.0599005877e-02 -8.9137154267e-02 -6.2620941301e-02 -3.3718412739e-01 -2.4349153487e-01 3.3799680952e-01 -4.5119639076e-02 -4.0752691658e-01 4.8969537308e-02 -3.0465331242e-01 2.3467379307e-02 -2.3002061399e-01 9.0850905691e-02 -5.6598125287e-01 -5.7723936747e-03 2.2156927575e-03 -2.4500319060e-01 1.0412331127e-01 1.5442707845e-02 5.3974512142e-02 -9.8954104999e-02 2.5753857538e-02 -1.5634085133e-01 2.1110044179e-01 2.5567684828e-01
-1.2587478664e-01 -1.1425727153e-01 3.6396805117e-01 -4.1718945581e-01 8.6044866105e-02 -2.6418850842e-02 -1.0207412909e-01 -4.3563628830e-02 1.5749675410e-01 -2.9316059577e-02 -6.9032112818e-02 8.1773597238e-02 4.8944137164e-02 1.7840946346e-01 -8.5690006856e-02 -2.6341300174e-01 -8.1459933696e-02 1.4924782392e-01 -4.5871755611e-02 2.5380236253e-01 2.7459969252e-01 1.5497945383e-01 1.3589916283e-01 6.6099523223e-02 1.0831836934e-01 1.9287153792e-01 1.2345324521e-01 4.2675411356e-02 -3.7599008072e-02 -2.4371210053e-01 -3.6428810648e-01 -1.4348598361e-02
3.0471871113e-01 -2.4345876499e-01 -6.9795979293e-02 -5.5172338659e-02 -1.5187778738e-01 -1.9118123438e-01 3.0668928609e-03 2.9949783576e-01 -1.0108046318e-01 9.5930624815e-02 -1.7906139008e-01 5.3291920768e-02 -6.5347245733e-02 1.1688481312e-01 -1.3807096715e-01 -4.1394603967e-01 5.6020059953e-03 2.0117388389e-02 2.6290156668e-02 8.3556006292e-02 -4.0082045166e-03 1.7890136602e-01 3.2494540327e-02 -9.4375248160e-02 -1.1097933323e-01 -1.1629473517e-01 3.4396427154e-02 -2.1870541110e-01 6.8074963364e-02 -5.1619587875e-02 -3.0045508420e-01 -9.2872941989e-02
-2.5742347931e-01 -3.5875241682e-01 -1.6835511226e-01 2.2173415491e-01 4.3256983609e-02 8.0481270706e-02 -3.2958969556e-01 2.6797391601e-01 -1.1035799369e-01 7.0701384903e-04 -1.8779573754e-01 1.3888277604e-01 1.0979074361e-01 -2.6698713984e-01 -2.2729010875e-01 -4.2966936048e-04 7.3985126361e-02 1.0884825143e-01 -4.2877674205e-02 1.4864409824e-01 2.5924240357e-01 2.6765330506e-01 -8.5384215227e-02 1.4087650283e-01 1.9193439068e-01 7.8538138230e-02 -1.1572311608e-01 1.9156455596e-01 1.6769078679e-01 -1.2949112462e-01 1.1738096715e-01 5.4270253098e-02
9.7179648976e-03 -5.9679955402e-02 -6.2448296143e-02 1.3075929086e-01 2.3527265050e-01 -3.9537080643e-02 -1.6316424568e-01 4.5386899755e-02 1.4807802241e-01 7.7296878559e-02 -1.0106266443e-01 5.5328557367e-02 2.5298210760e-01 1.0534425906e-01 -3.2887037832e-02 2.0318930256e-01 2.0385916604e-02 7.1533699858e-02 8.4978915381e-02 -4.3400787003e-03 1.2173562204e-01 -7.7205738951e-02 -1.2965937794e-01 -3.2774197070e-01 2.8771470702e-02 -2.6847723337e-02 -4.8281992606e-01 -2.2957193369e-01 -1.9121612651e-01 9.1454255096e-02 -5.7102693107e-02 -4.4019623082e-02
-1.0627783911e-01 -1.6328310078e-01 -3.4590820546e-02 -2.1732646551e-01 2.2007808087e-02 -4.8831046441e-01 2.2996762113e-01 1.5865502723e-01 -1.7501940774e-01 5.2084274641e-02 -1.5733360164e-01 -1.6666983920e-02 -1.5674385240e-01 -1.6025395953e-01 8.1937875332e-02 -1.7830378763e-01 -1.5699295798e-01 -8.2027059745e-02 9.1460633430e-02 -7.5292554239e-02 -1.4950671836e-01 2.3666666157e-01 6.3546698144e-02 -2.0041669837e-02 -4.1558925536e-02 4.8928721330e-01 2.0530263806e-01 -3.2411236799e-01 3.9045486322e-01 1.6663897168e-01 -8.9164851817e-03 -2.3543656013e-01
-1.4309582608e-01 5.7687132033e-02 -2.4833771688e-02 -4.5943223558e-01 -9.3667019697e-02 -8.2048459242e-02 2.4846904727e-02 1.7307847717e-01 -2.6854302506e-02 1.4147111534e-01 -3.4751911448e-02 -3.0981613622e-01 -2.1602349977e-01 5.8864030082e-02 -9.4751283760e-02 2.5600047063e-01 -3.3130865638e-01 1.9713787694e-01 -1.5930440239e-01 1.7918235426e-02 -2.7355381701e-01 -2.4427293582e-01 1.9726883380e-01 -1.8654688547e-01 -2.2437547451e-01 1.0958648922e-01 3.3820249984e-02 7.3356060605e-02 1.7884725069e-01 3.1897033933e-01 -2.0944680182e-01 8.6816504817e-02
2.1240458123e-01 -2.6418279382e-01 -7.6135331436e-02 -1.3350377119e-02 4.3076386001e-03 -3.8592110494e-01 -1.2200335885e-01 3.8994167527e-01 -6.8077877252e-02 4.1820885367e-02 3.5591816610e-01 3.7168874626e-02 1.2960800935e-01 -1.7196096112e-01 1.5614300168e-01 -6.0934106952e-02 3.5947597823e-01 1.1227131811e-01 -3.6398740015e-02 1.6387711534e-01 -1.6207159837e-01 2.2982841449e-01 -8.7898872221e-02 -3.1789344818e-03 -7.9809489963e-02 -8.1690269760e-02 -1.9490878091e-01 -2.2110522694e-01 1.4654831787e-01 -2.0622062044e-01 2.1989853760e-01 1.1925915337e-01
1.5462641609e-01 1.8162193755e-02 -1.4717355057e-01 3.9179236809e-01 2.0912159478e-01 -3.5193402512e-01 1.5265680943e-01 -2.1954810617e-01 1.4076276537e-01 -6.4795888555e-02 -5.8754815176e-02 8.6056758569e-02 -1.9327298031e-01 -8.4518269607e-02 -2.1032356858e-01 -1.8443182698e-01 1.8411602252e-01 1.3032810869e-01 7.6583625770e-02 -1.7645376110e-01 2.9712442473e-02 2.0617361011e-01 -4.9348688747e-02 -9.6919417525e-02 9.2944717548e-02 4.9765450179e-01 -1.9692269903e-01 -9.6850234248e-03 -1.0116915234e-02 2.0815837719e-01 -1.8304660333e-01 -4.9517100106e-01
-8.6879758988e-02 -2.3767947599e-02 -2.5274035311e-01 -1.7519502834e-01 2.4344244875e-01 -2.3356478444e-01 2.1692845308e-01 -8.0999226517e-02 -7.1991706172e-02 -1.8502182710e-01 -7.9171056627e-02 -2.9794288209e-01 -1.9667394829e-02 -2.4503410676e-01 3.4975694046e-01 -3.9272209857e-02 1.7639470666e-01 -7.6712302869e-02 3.4090990770e-01 2.2435784738e-01 1.3791097386e-02 -1.7837669697e-01 2.9984399220e-02 -1.9209331291e-01 -2.2122427693e-01 2.8022223728e-01 2.8297300753e-01 -9.0156055410e-02 7.4675272049e-03 -2.4975894185e-01 2.4752780086e-02 -1.1162634643e-01
-1.1335065666e-01 1.9143803128e-02 1.1002093417e-01 -8.0221366229e-02 -2.3322627003e-01 2.5627826208e-01 3.8784024580e-02 -1.1017312308e-01 -8.2196536430e-03 5.4056015384e-02 5.7884069638e-02 9.8045111242e-02 1.0670699358e-01 6.1602875025e-02 9.2482007346e-02 -3.2696940136e-01 1.0935706682e-01 -3.0205193200e-01 -6.7979681973e-02 2.3720197222e-01 -8.1790442674e-02 -1.7757393738e-01 -7.4614034420e-02 -8.1439397411e-02 3.8835079846e-02 -1.2988635125e-01 3.6812356949e-02 1.0072802313e-01 -1.0945729518e-01 1.1133402416e-01 3.1515951837e-01 1.9237988129e-02
-3.6411104337e-02 2.7214022087e-03 -9.8320874471e-02 -1.6069456206e-01 8.7078070896e-02 7.5971911654e-03 -2.9871865899e-02 -5.3061855139e-02 3.1563525295e-02 3.3320595932e-01 2.0916187346e-01 1.7186888136e-01 3.5758930586e-01 -1.3522138744e-02 1.0410692648e-02 2.7235873254e-01 1.5018948233e-01 -1.5888841302e-01 -1.7452553271e-01 -1.1275708213e-01 -9.3098767469e-02 1.8337580125e-01 1.2818628780e-01 1.3046654841e-01 9.6679553839e-02 2.4579904627e-01 3.2736422543e-03 8.4340756479e-02 -3.5608672235e-03 9.3852370368e-02 7.7361781181e-03 -1.8347878347e-02
4.2683026133e-01 -1.8347524584e-01 -1.8796300995e-01 4.6781125119e-01 -1.1431413210e-01 6.2596535129e-02 2.7470394006e-02 3.6831462021e-01 2.8396328446e-01 6.0624339837e-02 -4.4562270769e-02 9.2430623322e-02 7.4191590230e-02 -7.0756270664e-02 2.3168192974e-01 2.6261410983e-02 1.5653333173e-01 1.3903370887e-01 -2.5316005729e-01 -3.3225890085e-02 -1.3882955650e-01 8.2625725184e-02 -1.5389777355e-01 1.0967677297e-01 -1.1818449487e-01 -1.0738063531e-01 -3.6848967116e-02 1.1090419907e-01 2.2541294673e-02 -4.0912734252e-02 1.6670343119e-01 -1.5542969409e-01
-1.0548412637e-01 -8.4822123944e-02 2.6343664999e-01 -8.8459392059e-02 2.0418647425e-01 2.0040545739e-02 -6.6715130921e-02 -2.8421837923e-02 -4.4725660729e-02 -1.9434744390e-01 -2.3152969860e-01 -1.6974326208e-01 -5.7883077386e-02 3.0150346568e-01 -1.0464479247e-01 -7.6754973214e-03 2.4044304582e-01 2.1334613474e-01 -1.2689090340e-01 -1.5953251225e-01 -1.3942305384e-01 -4.9474282841e-02 2.7601688827e-01 2.1937334481e-01 9.5359197883e-02 -1.1926023859e-02 -1.1675107412e-01 -3.8868571186e-01 -1.4827284746e-01 -1.6516135080e-01 1.4615968972e-01 -1.0325206171e-01
2.8811406173e-01 1.8231282800e-01 -7.9627570611e-02 4.8867285938e-03 -1.1841283373e-01 1.1262684322e-01 4.6978575072e-03 -2.4489933681e-01 9.5157764628e-02 1.3940671988e-01 -1.1263372501e-01 -3.2896493450e-02 1.2489105401e-01 -1.8833891357e-01 -5.8356872574e-02 -4.6499613725e-01 4.8616755392e-02 2.0230019166e-01 -8.0713165162e-02 3.8232829875e-02 -3.1051523700e-01 -1.3625702635e-01 -2.7857775007e-01 -1.6865953354e-01 7.5080454280e-02 -1.6865188649e-01 5.3498804275e-02 1.7903526805e-02 1.1700550111e-01 -3.9002335109e-01 -3.3650471771e-02 2.8840489213e-01
-1.7382930719e-01 1.7083633538e-01 7.6725082386e-02 -3.2100262014e-01 1.3553207990e-02 -6.1941766571e-03 1.8616777227e-01 -1.2294830349e-01 1.9138716257e-01 -7.6516450745e-02 5.2839971893e-02 1.4692569768e-01 2.7626077912e-01 3.0608668454e-02 -8.0045537802e-02 7.9141159433e-02 -1.6759509750e-02 -6.0831856957e-02 -1.1749459718e-01 2.2954831831e-01 3.8301233279e-01 5.1011368328e-02 1.4150939697e-01 -1.4047615583e-01 4.1442397932e-01 -2.4399354136e-02 -1.9015888269e-01 -2.8896575652e-02 -2.8132785608e-01 3.3206574139e-02 2.0105449439e-01 -2.1600398709e-01
1.3286545661e-01 -5.1460050359e-02 1.7925826278e-01 -2.8166324255e-01 -2.9437943927e-01 -4.1214394961e-02 -1.4351795003e-01 7.6295956724e-02 3.6166646213e-01 -5.9407920230e-02 -2.0068919685e-01 -2.8701134890e-02 1.4333072038e-01 7.5884936663e-02 -1.5608039517e-01 6.3295487725e-02 -9.7200308766e-02 -2.8859943479e-01 -1.7712369087e-02 1.6267990717e-01 2.3720557575e-01 -1.8635473190e-01 1.0809847992e-01 1.0714629303e-02 -2.3714587481e-01 2.2424845188e-01 -1.9395155482e-02 8.9060059407e-02 -2.4819603646e-01 8.7552924358e-02 5.6631814061e-02 6.5760163455e-02
2.1351930822e-02 -6.4730199763e-02 2.2068366069e-01 -3.5717388766e-02 6.7761104685e-02 -2.2850008389e-01 1.4485600925e-01 2.0963829380e-01 5.8773045417e-03 -1.7015511321e-01 1.1253093528e-02 5.4613638302e-02 -2.4372734344e-03 -4.5640442237e-02 -9.4273375869e-02 -4.7338289874e-02 -3.1196112859e-02 2.7011010210e-01 3.5407610438e-02 3.6444716054e-02 1.6335988367e-02 1.1841335301e-02 -2.4872912120e-01 3.6431520263e-01 1.5793571839e-01 -5.2340426027e-02 1.8032818881e-01 1.8636732022e-01 7.9104254173e-02 -1.1749271535e-02 9.3209217377e-02 1.3498834840e-02
8.2431546734e-02 -3.1439443813e-02 1.7220686881e-01 -2.8129320781e-01 2.0343322160e-01 -3.3417811586e-01 -4.1516434250e-01 5.9460252861e-03 7.5402202636e-02 -1.9797645774e-02 2.1076044404e-02 1.1886760207e-01 -2.0847360380e-01 -2.1491673687e-01 5.8667588704e-04 -1.2088978843e-01 -1.0875093244e-01 -2.2868641022e-01 -1.7299981486e-01 3.2971100323e-01 1.1635796208e-01 -3.4429877420e-02 -8.0463445402e-02 -4.7726708288e-02 1.3031661147e-01 -2.7707670941e-01 -2.2245235165e-01 -1.2127739401e-01 1.7019073362e-01 4.0560179000e-02 2.3500120304e-01 4.1314249185e-01
1.8403478233e-01 2.8085599830e-01 -1.9844620439e-02 2.0739983401e-02 -1.3772156998e-01 6.0787265373e-02 -6.0625352263e-02 -1.5276105031e-01 1.6990376489e-03 8.0020432789e-02 1.9465045185e-01 -8.0369376309e-02 -1.5915282410e-01 -7.9505661483e-02 -3.1032607286e-01 1.6841788301e-01 -2.5875289111e-01 -9.0337219545e-02 -3.2520489179e-02 -9.5173900335e-02 -1.0287781863e-01 2.6204444687e-01 4.5747536945e-01 -1.8189386897e-01 1.0092855248e-01 -9.2691140310e-02 -1.1117737825e-01 6.1067341191e-02 6.2192656153e-03 -7.5956265164e-02 8.5999598091e-02 3.2789885194e-02
6.7726960527e-02 -1.8353320940e-03 -1.3768558793e-03 -1.5833260630e-01 9.7380822923e-02 1.9178942248e-01 -2.3003369359e-01 -8.9011202713e-02 6.7663556784e-02 -8.6214619093e-02 -9.2244597726e-02 1.2741582072e-01 1.5317042697e-01 9.3956729650e-02 -3.5198699295e-01 7.5559766696e-02 7.4247100614e-03 7.7776584658e-03 5.2392195936e-02 -1.2976987929e-01 2.2806511154e-01 8.1173380435e-03 5.7012736149e-02 -2.5587602996e-01 -1.6153247002e-01 -3.9878039326e-02 5.1089574515e-02 8.6238793429e-02 -5.6427785636e-02 1.1921687661e-02 1.3276035359e-01 -4.3680013521e-01
