-2.1131291201e-01 -2.4811384099e-01 5.8057835702e-02 -1.3361237789e-02 -4.5252418741e-01 3.6513998003e-02 -2.2828884291e-01 -4.8293447280e-02 -3.4304209020e-01 5.6772261490e-02 -3.2507815323e-01 2.7011198965e-01 -2.2519998584e-01 -6.7727021022e-02 -4.3213876754e-02 -1.6359259413e-01 -1.8665794068e-02 -2.0819334022e-02 -1.9697998735e-01 1.8329915811e-02 -2.9924650570e-01 2.5183360124e-01 -8.1090366111e-02 -2.9349682971e-01 -3.9237550381e-02 7.0989080837e-02 1.3475912470e-02 3.8366871134e-02 1.1027095395e-01 2.3548529798e-02 3.9923563189e-02 -1.8761492529e-01
2.9714998004e-02 3.9152745181e-02 -1.1385928701e-01 -8.6334539416e-02 -1.3583888042e-01 4.3049806051e-02 1.6577035008e-01 1.5732791444e-01 -2.0614968520e-01 1.5295095567e-02 -1.8520644912e-01 -8.0085082936e-02 2.5632852306e-01 1.0981125180e-01 -7.2781881890e-02 2.8022187682e-01 -1.2209841513e-01 -1.0872622285e-01 -1.4056442065e-01 -2.5444797120e-01 3.8978215118e-02 1.5399437559e-01 -3.6588671814e-02 1.4984374644e-01 3.7761290682e-01 -3.6375154419e-01 -3.2108123460e-01 -1.6249603220e-01 -4.1118622021e-02 -2.8342966968e-01 9.6796190293e-02 -2.8827247697e-02
-2.2391884847e-01 1.5752561291e-01 3.4333124108e-01 -5.7978362918e-02 -4.3266622835e-02 -1.1916902142e-01 -1.0126600158e-01 3.6367953947e-01 -8.4509667071e-02 9.4298030098e-02 -4.3021704491e-02 1.4962154114e-01 -1.3642216394e-01 -1.7915017097e-01 -2.6453618432e-01 2.4196499284e-01 -5.4432793394e-02 -2.5433677828e-01 1.4019925286e-01 -4.1730072619e-01 -1.8052806369e-01 1.2327053838e-01 -6.8187710149e-02 2.9579199359e-02 3.4897057831e-02 -1.3199471370e-01 -6.1129669178e-02 -4.5341424571e-02 -1.3508751724e-01 2.6112476079e-01 1.4619698000e-01 -2.0890387858e-01
-8.1103812839e-02 7.0449602072e-02 3.0701600276e-02 3.6124438433e-02 -2.1180813776e-01 3.8665287252e-03 -1.9419731809e-01 -2.7897349538e-01 8.1531530455e-02 -7.0419906774e-02 -1.7075787174e-01 1.4668479306e-01 -1.0488871262e-02 -7.1273030150e-02 8.6266914005e-02 -1.4478260006e-01 -7.6257993394e-02 2.9827708603e-01 3.9342958927e-02 -7.5316715088e-02 6.9262804834e-02 2.6956391667e-01 -1.5849095137e-01 -9.7196328998e-02 3.4284031105e-01 -6.7910791177e-02 -1.3831086434e-01 -6.0977642243e-02 1.2207918029e-01 7.8130026574e-02 -1.4113476406e-01 1.7496820167e-01
-9.0160648528e-03 -2.8896129757e-02 4.2483746164e-02 3.9699997511e-02 9.8287242103e-02 -1.0732482873e-01 -1.0667617963e-01 1.6469557344e-02 3.9424131528e-01 -6.3584293242e-02 -3.6411994575e-02 1.8949088764e-01 -6.7612660531e-02 -1.1405107371e-01 3.2806193962e-02 -1.4646174314e-01 1.3437433963e-01 2.9045856437e-01 -3.5059759925e-01 -1.6745642414e-02 -2.2307276717e-01 2.7218591767e-01 -5.6801810423e-02 -3.4388156804e-01 1.9567165983e-01 -3.9971427232e-01 -3.1139619899e-02 2.6773269610e-01 1.0933568788e-01 1.3989338272e-01 -6.8007760844e-02 1.3007356081e-01
1.9795176740e-02 -2.7088217711e-02 -3.1043619212e-01 7.1264584466e-02 -1.6881977745e-01 2.4186627617e-01 -1.1828825448e-01 -7.0511449299e-02 8.1672197218e-02 6.9086768491e-02 2.8231692546e-02 1.3510719678e-01 9.0960438344e-03 -1.1330195387e-01 -2.1282137655e-01 5.2887023457e-02 3.7035775580e-02 1.3819728174e-01 1.1794154012e-01 -2.9695275155e-01 -8.8491576435e-02 -2.7173299310e-02 -1.8896813538e-01 1.2191145623e-01 -7.5979509732e-02 5.8825794425e-02 9.1149038994e-02 1.8181678131e-01 -2.1944781328e-01 -2.3504948383e-01 1.4758696782e-02 -6.5642017736e-02
-1.2619773895e-01 -1.9032928399e-01 3.0425777311e-02 2.8571173324e-01 -7.0712413564e-02 -7.6270668397e-02 -1.6028059900e-03 7.5150176532e-03 8.6208672976e-02 -8.1526330900e-02 4.7974888976e-01 2.5931614336e-01 -1.3950726197e-02 4.2338451936e-02 -3.9046014472e-01 1.2019044738e-01 -1.8562534903e-01 2.2727465773e-01 3.8878029646e-01 7.9223273993e-02 7.2253109378e-02 -6.0316878420e-02 -1.2387756700e-01 -1.5144700281e-01 1.1964793275e-01 2.7152484744e-03 -2.9496764862e-01 -1.1014819065e-01 -1.1692690087e-01 3.4698031392e-01 7.3404023407e-02 2.5945291939e-01
2.3938825015e-01 -1.2447260821e-01 -1.8288165157e-02 1.9563496816e-02 -2.1820509204e-01 9.1292416320e-03 1.5857979335e-01 -4.8732062309e-02 1.6743066885e-01 -2.4340626195e-01 1.1297215359e-01 1.2386354932e-01 -1.8805563480e-03 -7.0034172234e-02 -7.6970621969e-02 -1.4973774119e-01 8.1734550702e-02 -9.0786361923e-02 -3.4175042635e-01 1.6574389917e-01 1.7483741744e-03 -1.2853920458e-01 7.8611588072e-02 -3.8969628934e-01 4.4501566126e-01 5.5201375869e-02 1.0239870117e-01 -3.7992269112e-02 -1.3853862075e-01 -6.6578066313e-02 -1.2022684894e-01 -1.0646518611e-01
2.2593354258e-02 8.2263969095e-02 8.5610071216e-02 -1.8452305892e-01 -4.0129719670e-01 -3.2287183410e-01 -1.3746314445e-01 4.8639585596e-03 1.0734251608e-01 -2.0572044416e-01 6.7790088691e-02 -2.5226106596e-01 -9.3346567489e-02 -4.0180605704e-02 1.7639075369e-01 2.1662724876e-01 8.9378246474e-03 1.9203712128e-02 3.9662658382e-02 -2.4327042364e-01 -5.3208575301e-02 1.2486915215e-01 1.1837009356e-01 6.0586006208e-02 1.9303915217e-02 1.9821415785e-01 8.1033880846e-02 3.9689185457e-01 -1.6893366467e-01 -1.0568119403e-02 -7.9862776929e-02 1.2382976529e-01
1.6452863225e-01 -5.7042954263e-02 -1.3879348468e-01 -1.6957062593e-01 2.8742046246e-02 -6.4075106517e-02 -2.6179039235e-02 2.4491023627e-01 -7.9970668954e-02 -1.1988843037e-01 2.4961166758e-01 4.6828092713e-01 -4.5231841522e-03 -1.5874587046e-01 3.7530436708e-01 -7.6926069128e-02 -9.1856499675e-02 -4.0373724449e-01 -1.8976223733e-01 -3.2736238812e-01 -1.9766384588e-01 -1.6522635324e-01 3.8734813972e-02 1.2469156075e-01 -5.2998116307e-02 9.1177120311e-02 7.2588824497e-02 -1.4231277196e-01 -1.3050256712e-01 7.0402881037e-02 -2.4231764062e-01 -5.1314672151e-02
2.1259380227e-01 1.4174978814e-01 -3.0258735017e-02 1.3248860076e-01 -5.0700025436e-02 5.2915499522e-02 -1.2358409540e-01 2.4190777286e-02 -2.8469995583e-04 -1.4403933211e-01 7.7731556898e-02 2.6185506825e-01 1.6203078626e-01 -6.1098802823e-02 6.9304123998e-02 -8.3620892070e-02 -1.2042197827e-01 -2.1855463624e-01 -6.2991781558e-02 2.1703670431e-01 -1.5677973052e-01 5.9926201578e-02 3.5963415642e-01 -3.0713663775e-02 1.1738244994e-01 -1.1785212938e-01 2.0219429736e-01 -4.4492023907e-02 1.4256735022e-01 -2.7014363376e-01 5.8547048967e-02 -7.4588192408e-03
1.5872623919e-01 7.6888678380e-03 9.8907515146e-02 -2.9373135360e-01 7.1758125185e-02 4.8936619829e-02 -4.9939891614e-02 -2.0804779346e-01 7.5247950725e-02 -2.1190135215e-01 -5.9802850458e-02 -1.4681052911e-01 -3.6602659800e-01 5.0124847951e-01 -1.3678779986e-01 1.3253766443e-01 -1.4204870080e-01 -1.9572034941e-01 1.0201908981e-01 -9.2196385865e-04 8.6524453039e-04 1.5004583942e-01 -2.1898915423e-02 -1.1707885446e-01 -1.4418035844e-02 1.5424701332e-02 3.6982601082e-01 5.7131510063e-01 2.3749956908e-01 1.4629054859e-01 -4.2714525775e-01 1.6748945477e-01
-7.7743298818e-02 2.8247592540e-01 1.2901902008e-02 -8.1900185078e-02 2.6392191276e-01 -4.4008393440e-02 1.3627884958e-01 2.2842312415e-02 -6.4530298067e-02 2.7488607232e-01 1.0709810539e-01 7.4472059774e-02 1.5730101377e-01 -3.6503801535e-01 9.8490209449e-02 8.5506968613e-03 2.2063823603e-01 -1.6446098639e-01 -4.2737459702e-02 -3.9993947980e-01 -3.8299197874e-02 1.0718554530e-01 -2.1455127000e-01 -1.4890198651e-01 -1.4188591313e-01 -1.4203383243e-01 -5.2432841214e-02 -1.3584244336e-01 -1.5594231745e-01 1.3269671532e-01 -1.1507988989e-01 -6.0266429034e-02
-1.2584163083e-02 -1.4039627617e-01 2.6566541569e-01 2.1383861416e-02 -4.8080041357e-02 6.0383180849e-02 6.9579007331e-02 6.4836410230e-04 2.7020312725e-02 7.9112419412e-03 1.5036593246e-02 1.6917794288e-02 1.6441819088e-01 -1.1268720303e-01 -5.4504365008e-02 2.3403738494e-01 -1.6510872034e-01 -1.1858672845e-01 8.1698241097e-02 -9.7549591840e-02 5.8913762740e-02 -9.9376295306e-02 1.1493955195e-01 1.4950219814e-01 4.1689874574e-01 -3.8425437069e-01 -7.3728719385e-02 -1.4199617298e-01 -2.5493510040e-01 2.7285817763e-01 -1.2125524584e-01 -1.1359312782e-01
2.7488912510e-01 -1.3879364724e-01 -9.9635914634e-02 2.9419781320e-01 9.9383296172e-02 1.8379319930e-01 2.6355256394e-01 3.9806452203e-01 -5.5981096649e-02 -1.7891753680e-01 9.4055457950e-02 -7.9119033602e-02 -4.8239289438e-02 1.8521261402e-01 1.3794465712e-02 8.7404462590e-03 -2.0142124551e-01 2.6614440454e-01 5.0775096390e-02 -9.0910590196e-02 4.3517013612e-01 1.2806169966e-02 -5.3292299524e-02 -6.0036628907e-02 -2.9243846664e-01 -1.5107319806e-01 1.6358616274e-01 4.0118531374e-02 1.0308333821e-01 -5.6756540340e-02 -1.2081589182e-01 3.7095171561e-02
1.6448607869e-01 1.2393168165e-01 6.8650125575e-03 -1.6326821450e-01 1.6745843105e-01 -2.5049868422e-01 2.5577800635e-01 -1.5614351234e-01 -6.5394484581e-02 -3.0607688091e-02 -3.2278399663e-02 -1.0361565078e-01 -9.1580927529e-02 -2.8252784885e-01 -2.5143413641e-01 -5.3187092092e-02 -1.8420616374e-01 -4.8624517485e-02 1.8468526919e-01 -1.3175233462e-02 -3.8485244533e-02 -1.6908971678e-01 -7.3878198248e-02 2.2869695184e-01 9.2543405806e-02 -2.8582679320e-01 -4.1266083409e-02 4.9597315889e-02 8.3043912311e-02 -2.7875285384e-01 1.2257076482e-01 1.7749083721e-01
-4.3140483016e-03 1.6177981973e-01 -1.1377738937e-02 1.2030281983e-01 2.8562455408e-02 3.8396669339e-02 -7.6436668620e-02 -5.1128527438e-03 -2.0269872045e-01 -2.9923548580e-01 -2.1938812361e-01 -6.5470228510e-02 -5.4578562867e-02 1.9609569835e-01 -2.0234300887e-01 4.7980431384e-02 -1.6067222163e-01 -3.2717532812e-02 -1.8200603361e-02 9.2640774178e-02 -2.5020187193e-01 -2.6617660072e-01 2.1426842070e-02 -1.6169891968e-01 1.1732908509e-01 1.2375084866e-01 1.9903930974e-01 -1.1862387708e-01 1.6943228276e-01 -1.2627908455e-01 -1.2631138804e-01 -2.3309681423e-01
-6.8699498521e-03 -2.5536916064e-01 -1.8782761916e-01 6.7124178556e-02 -4.6048154753e-04 2.0317826381e-01 1.9518930169e-01 -2.0575303784e-01 8.1827402031e-03 -1.2145342083e-01 7.1425219459e-02 -1.7456692158e-01 2.6094869052e-01 -1.7210828807e-01 -3.0233137063e-01 -1.2136295324e-01 -3.9002115424e-02 -1.7988502855e-01 -6.6492968568e-02 3.6152569285e-02 2.2239684922e-01 2.6328493680e-02 -2.0644578342e-01 -3.2415836996e-02 -2.5176479760e-01 1.2824479487e-02 3.7788966923e-01 -2.0758733831e-01 1.2079616185e-01 2.0863677319e-01 1.3650038744e-01 2.3962350753e-01
-2.7249616663e-02 -3.2217398813e-01 8.1823320150e-02 7.4668419930e-02 9.9174687473e-02 -1.4258393657e-01 -9.8470315874e-04 1.2525501040e-01 -7.1457792851e-02 -4.6388609886e-02 -1.2782144513e-01 4.6038885450e-02 1.8805745753e-02 1.9670590952e-01 -7.6702473128e-02 -2.0753568401e-01 3.6246729606e-02 1.3746007661e-01 -3.5882774798e-02 -1.2934534446e-01 6.3087952083e-02 5.1494554083e-02 2.6305774017e-02 3.6088422134e-01 2.7301321387e-01 2.0698452228e-02 3.9636994302e-02 6.3904690619e-03 2.2693081642e-01 8.0356040464e-02 -1.0750213636e-01 -4.0751754356e-01
-1.4991815671e-01 1.5144289955e-01 2.8343853232e-02 2.7859674347e-01 8.2716088796e-02 1.4548804328e-02 2.7323800038e-01 1.4139920196e-01 2.5239023987e-01 -9.6689738409e-02 7.5029424888e-02 -2.3520465271e-01 -3.1949417342e-02 -2.3554833448e-01 -1.7795133529e-01 1.9011038610e-01 -1.3929940311e-01 4.2824084122e-01 -1.4946405439e-01 1.0466989168e-01 1.2675170214e-01 -1.2828196954e-01 1.0061627104e-01 1.0256444925e-01 -1.4968968018e-01 -4.7922890045e-02 3.9139724611e-01 -1.3567006067e-01 6.4841041817e-02 -6.5703888160e-02 -1.7851825223e-02 -5.9657263107e-02
1.8956381410e-01 8.8267369400e-02 -2.0527895494e-01 3.0091123884e-02 1.5082550687e-01 3.3975253236e-01 2.4842358046e-01 1.1324659717e-01 -1.2509688444e-01 3.4898146480e-02 -3.3982646901e-01 -1.1697157296e-01 1.0345953274e-01 5.9508271486e-02 1.4250105954e-01 2.0810896101e-01 2.1699161175e-01 -1.2167770788e-01 1.4503579131e-01 -1.6563964709e-02 -2.2991315303e-01 3.4548832513e-02 4.4992667220e-02 1.3767690586e-01 -3.3271086118e-02 -3.5105799849e-02 8.9284940248e-02 -1.1940126059e-01 -7.9896951599e-02 1.4388078014e-01 6.1969647506e-02 4.1257555821e-01
-4.0305591164e-01 4.4333755415e-02 -1.3272215142e-01 -3.1181212557e-02 1.4089397981e-01 -1.1507164587e-01 -1.3300548127e-01 5.3682749969e-02 1.7990973547e-01 -2.0103634272e-01 4.4996110738e-02 9.0203867319e-02 -4.0986263885e-01 -2.3714481373e-01 -1.1805699717e-01 -1.9272584268e-01 -1.4829273107e-01 -2.9115265318e-01 -1.1303252065e-01 7.9644973712e-02 1.6428775767e-01 9.2017421036e-02 -3.7018367274e-01 -1.7279096722e-01 1.4619218241e-01 2.3687504543e-01 5.1877179541e-02 5.9057048225e-02 1.2785764997e-01 6.9991404150e-02 -2.0502178194e-01 -1.7466691980e-01
3.4257936537e-01 4.0499075996e-02 -6.7484979208e-02 1.9903665874e-01 -6.7181827462e-03 -3.9441177825e-02 -4.0403463616e-02 -6.5605566392e-02 9.1558625102e-02 -3.2686259765e-01 -8.8657927727e-03 -9.3049638928e-02 -1.9988666122e-01 -8.4918265973e-02 -2.2610138228e-01 1.8282790974e-01 2.4790404133e-01 2.6556990831e-01 2.8861519080e-01 -1.2320371832e-01 1.1822198142e-01 3.0950623882e-01 1.4481343585e-01 2.6409040537e-03 5.4318567437e-02 2.6935783776e-01 -1.2331787718e-01 3.6535933175e-01 -1.3432592663e-01 -1.9081053149e-02 -5.5126506026e-02 2.6710145489e-01
-2.5845201763e-02 -1.4665861155e-01 9.8861117325e-02 2.4330415997e-01 -2.3156255734e-02 -3.8661643412e-02 1.3024556662e-02 7.2438173402e-02 2.2254485367e-01 -1.8490411895e-01 1.7902998550e-01 -2.2268393662e-01 -2.6865214620e-02 1.6170966029e-01 3.8882563854e-02 2.7697896646e-02 -1.4465112049e-01 8.9342463426e-02 -1.4905363609e-01 -1.0386295082e-01 2.5227396806e-01 -1.5665651302e-01 -1.2263026107e-01 1.1996375870e-01 1.5098627605e-01 2.1778193228e-01 3.0933435724e-02 -2.1384581425e-01 -2.8680446996e-02 -1.2007719752e-01 -1.4758521061e-02 3.5890247035e-01
1.6220353531e-01 8.9307267862e-03 2.1245096135e-01 6.9522240518e-02 2.9305245032e-01 6.3465872280e-01 4.6285894856e-02 3.0683742828e-02 -1.0697942277e-01 9.4746352832e-02 -1.2678449877e-01 2.1981400119e-01 -2.0034144579e-01 6.3746621919e-02 -6.5486036660e-02 -1.0049931602e-01 4.7400561831e-02 8.4681993707e-02 1.5569279296e-01 2.7666666363e-01 5.2149063726e-02 -1.0191028616e-01 -4.7046038385e-01 -1.2970543804e-01 2.5313270468e-01 9.1554234419e-02 -1.8364513770e-01 -2.7766275291e-01 1.4967351260e-02 1.4593649967e-01 2.9877498487e-01 4.9116819085e-02
-1.5091873302e-01 -1.3970650742e-01 9.1975240700e-02 2.1486816227e-02 3.7060808064e-01 -6.1572176468e-02 5.7337948401e-02 1.1282287656e-01 -1.0790908415e-01 -1.7190853128e-01 1.1562488698e-01 1.1864828513e-01 1.4621429572e-01 -7.9154285086e-02 8.1965098191e-02 2.7733749159e-01 9.6068646623e-02 -2.9195976532e-01 -2.6053318147e-01 4.8518958865e-02 1.6637820374e-02 -2.0970566323e-01 -1.1879279041e-01 8.4634181000e-02 -9.6287856803e-03 -1.4976577376e-01 -5.3773243784e-01 -3.2125398698e-01 1.5167353705e-02 2.2692931849e-01 1.9418323842e-01 -9.4749886305e-03
-5.0256357400e-01 3.7497699059e-02 -2.0063412954e-01 -3.2640466199e-01 -2.4330355509e-01 1.3267563942e-01 1.0125789723e-01 -1.0109074847e-01 -7.7337513865e-03 1.2672238210e-02 4.9493587704e-02 -3.2161967295e-02 -2.5507845054e-01 8.6236895515e-02 3.9244474069e-01 -2.2339585113e-02 3.2271045073e-02 -2.5747107142e-01 1.5061958800e-01 -1.2653155958e-02 -2.5096802610e-01 6.2511198114e-02 7.1123813255e-02 1.3260805076e-01 -7.6424634616e-02 -1.2344122197e-02 -8.6463366706e-03 5.1542623456e-02 3.7280626032e-02 2.6724967909e-01 3.0755716404e-01 2.7434156280e-01
1.0219096756e-02 -1.0512927847e-01 -6.8007488372e-02 1.1255395530e-01 -2.9382792657e-01 1.8936370756e-01 5.2092437118e-02 -1.3702646229e-01 -2.0773126412e-02 -8.9678239593e-02 -1.4016181192e-01 4.9720469750e-02 3.1371375417e-01 -1.6448722590e-01 -1.5132097491e-02 7.8702367177e-02 -1.8445490011e-01 -1.3190502177e-01 -1.5748877089e-01 6.0003851357e-02 -1.7880080140e-02 -7.3714958589e-02 1.9632451371e-01 -1.3679039986e-02 2.4435305849e-01 6.1869951568e-02 2.1024166183e-01 -1.8428680661e-01 -1.6040022936e-01 -1.7258188956e-01 7.5337271306e-02 2.6074601062e-01
-2.5692506805e-01 1.5334540030e-01 -4.6623795273e-02 -1.3235171481e-01 -1.3835863841e-01 -9.1976467809e-03 2.3938758098e-03 -1.5521924965e-02 -6.4117339474e-02 -5.3578852459e-03 -8.3436721116e-02 6.9429384370e-02 9.3692963160e-02 -3.2430583713e-01 -1.2246899467e-01 -5.5500683811e-02 3.0354422566e-01 -1.0799739574e-01 2.0521001031e-02 -1.2341833998e-02 8.6568851905e-02 -2.3314678860e-01 4.6030217269e-02 2.5520328615e-01 -7.6394240626e-02 4.9650100337e-02 9.2774685628e-02 -1.4870616137e-01 8.4613185474e-02 -1.9033942715e-01 -8.8024989446e-02 -1.2054962077e-01
1.2117648870e-01 1.4103301549e-01 1.1523219009e-01 -2.2072600393e-01 5.6260830131e-02 2.3541678503e-01 -5.6932033051e-02 -7.7021810656e-02 4.2906460551e-01 1.3593528970e-01 1.3382869545e-01 3.7852334012e-02 1.9515438509e-01 -1.4633373800e-01 3.6570165941e-01 -1.2506537812e-01 1.7239562290e-01 2.2451544167e-01 3.8842467117e-01 -1.4520958059e-01 1.5530629221e-01 -6.9579304097e-02 8.5223056283e-02 2.6612227134e-02 5.7852379542e-02 8.1777213159e-02 1.5938993428e-01 -8.0182682654e-02 -2.7184304355e-01 -3.6113206407e-01 -3.8468232315e-02 5.7029009076e-02
-8.2172015904e-02 -3.3259059847e-02 -1.1803248631e-01 -1.0359722753e-01 -1.9959295938e-01 -2.9945629654e-01 2.2494090691e-01 -1.0762714423e-01 8.8427573998e-02 2.0649594150e-01 -9.0053693942e-02 1.7888898341e-01 9.7433266119e-02 3.0944028842e-01 1.8608928105e-01 -6.4838494456e-03 2.1029325250e-01 3.5843316034e-03 1.3099941121e-01 -1.1685247856e-02 -1.3634957514e-01 3.5605449549e-02 2.3444101757e-02 -5.5112991707e-02 -9.0350990502e-02 2.3644925021e-01 -7.7892078095e-02 -9.8222863751e-02 -1.2071119485e-01 -2.5131495815e-01 5.3715550608e-02 -1.4362496718e-01
-4.1566596443e-02 4.2736532737e-01 -2.9431323028e-01 -3.8717996486e-02 3.1797737345e-01 -5.1997124686e-02 3.8094261850e-02 7.5069288227e-02 -2.5468212485e-02 -1.6630429279e-02 9.2817987949e-02 -1.4330084790e-01 -1.4568423625e-01 -1.1979365951e-01 1.5069294373e-01 -8.8341814059e-02 3.9181079325e-04 2.8950808840e-01 -1.8722299675e-01 6.3956789316e-02 -1.9766786797e-02 -6.2036053626e-02 1.7548470478e-01 3.1715492226e-01 9.1699494081e-02 -5.8461312969e-02 7.6057499792e-02 -5.6870726061e-01 -2.1635462965e-01 -2.9030067310e-01 7.7145858573e-02 -1.4474488700e-01
