5.5747378464e-01
2.5205841549e-01
-7.0501540908e-01
6.4817477615e-01
-4.3767129381e-01
6.8507152975e-01
7.0136073705e-01
2.1344254684e-01
-8.0885694433e-01
-1.3968638271e-01
6.2355648995e-02
2.6973270669e-01
-4.0470176198e-02
-1.6270180898e+00
8.3894404207e-01
-3.2400189593e-01
-9.5839436051e-01
-1.2590873577e+00
-6.1889535289e-01
-1.4845133728e+00
1.8130279804e+00
4.1559057141e-01
1.5914617836e+00
-7.0531754940e-02
1.3099147402e+00
3.3510824465e-01
-1.2456486189e+00
-6.3294395990e-01
7.6711116996e-01
-1.3324486124e-01
7.2405539823e-01
3.6391240068e-01
