-4.2238574427e-01 2.8190620400e-01 -3.3769168274e-01 -2.8171650360e-01 2.0563185804e-01 -5.0705462538e-02 -7.5620557916e-02 3.4645787799e-02 1.5768966207e-01 -1.5929097447e-01 -4.1090410685e-01 1.4369743235e-01 6.3674266115e-03 -4.0895313612e-02 -1.6693803736e-01 -6.3555130352e-02 -1.8583504543e-01 4.8619604875e-01 9.5567378510e-02 -3.8086150981e-01 1.6836773340e-01 -4.3623560285e-03 1.6870623485e-01 7.7286089799e-02
-4.2349749792e-01 -4.7680440311e-01 3.7161338865e-02 -1.7550159607e-01 -4.4716725861e-01 3.6791846632e-01 1.3380477481e-01 -2.5762885458e-01 1.5466861773e-01 -1.9696396285e-02 -4.9161908482e-02 -2.0322530950e-01 1.4604243145e-01 7.1084433445e-02 2.2634686612e-01 -1.9514695194e-01 -6.7345409124e-02 -1.3770418120e-01 1.0695060751e-01 4.6516287273e-03 2.2604241146e-02 1.1349803316e-01 1.2476108771e-01 -2.1988671759e-01
1.8843269407e-01 1.5428638207e-01 -3.4053085358e-02 1.9080710550e-01 -2.1318839871e-01 -1.8080989256e-01 -2.2195901903e-01 -1.6327528560e-01 2.5011022629e-01 5.1487616682e-01 1.9534047995e-01 -1.4238034550e-01 -1.2808781677e-02 -7.1728328844e-02 -1.1611843914e-01 3.9980728248e-01 2.5189580458e-02 -4.8568543025e-02 1.7239175497e-01 1.2252139643e-01 -3.0075807677e-02 -7.6852053957e-04 3.8401739323e-01 2.1187740745e-02
-2.1850604031e-01 8.2731038719e-02 4.0482227411e-01 6.5463100579e-02 -7.1597733915e-02 2.0061871246e-01 -2.7606595856e-01 -2.5152421839e-01 -5.3916591929e-01 1.7735136822e-01 -1.5933815083e-01 2.8510093689e-01 7.6192841854e-02 -2.2950768640e-02 -1.6035283350e-01 1.6281715253e-01 -5.6992425826e-02 8.2524584580e-03 2.0895486660e-01 3.4518915435e-01 -2.3207590069e-01 6.2545427496e-02 -6.4279360767e-02 -1.6441999246e-01
-1.4012912544e-01 -1.4720373239e-01 -8.5139186528e-02 -2.6930949360e-02 -2.2925377645e-01 -2.2582050240e-01 -1.2684351811e-01 -3.1480811741e-01 2.2821071520e-01 -3.8328623582e-01 3.1958419402e-01 1.0774618815e-01 1.4437275539e-01 -1.6622407570e-02 -2.6507633456e-01 2.1802699492e-01 1.9729710628e-01 -8.6153502948e-04 -5.9067185813e-02 6.1666069519e-02 1.9863653922e-01 -3.8253720950e-02 -3.7612322130e-02 7.8991263522e-02
5.9853959309e-02 2.8013415253e-01 2.2852661664e-02 -6.0845611909e-02 -1.4211744499e-01 2.9377402755e-01 4.0888455461e-02 7.3597437876e-02 7.7204455381e-02 2.2967347232e-01 2.5227188085e-01 -1.2229921772e-01 2.9522311260e-02 8.7662813333e-02 2.0517239162e-01 -1.7929352305e-01 1.1285592346e-01 -2.3907471880e-01 -1.7320601959e-01 -2.0064922961e-01 -9.0813592084e-02 -9.9364766253e-02 7.4973003081e-02 3.3021358654e-02
-4.8617684206e-02 -4.9532321860e-02 2.0249783900e-01 -2.0479684493e-01 -6.3502383683e-02 3.6966633662e-01 -2.8383695346e-01 1.6055884490e-01 9.8272504989e-03 1.0371604151e-01 1.9343560830e-01 1.8629222883e-02 1.8771054295e-01 -2.1392931165e-02 3.0017891944e-01 3.1075870786e-01 -3.1763190095e-01 -4.3315684832e-01 -3.0285273933e-02 -3.5418834815e-01 -3.6878415701e-01 1.2147458659e-01 5.2249570203e-02 -1.5396474300e-01
-2.5015012008e-01 2.1919459063e-01 -1.5844773857e-01 1.7870281171e-01 -1.3904244261e-01 -1.3062441305e-01 6.0683354961e-02 1.0327826841e-01 -7.5275207695e-02 -8.7650350631e-02 1.3910903465e-01 5.5525419393e-02 -3.1942584832e-01 -1.4244671442e-02 -9.7479545936e-02 6.9860345041e-02 -1.4629764792e-02 -9.4116896105e-02 9.3458834619e-02 1.5492361137e-01 -3.1315915705e-01 1.1142748398e-01 2.1581414568e-02 2.1631708300e-01
-2.3022056604e-01 3.5758393334e-01 -5.4095996000e-01 1.8577464307e-01 2.6670500894e-01 2.1161875739e-02 -1.7897005216e-03 -1.6385012079e-01 -1.1279459883e-01 8.2236731592e-02 2.2699115242e-01 1.5998728886e-02 -5.1859542158e-02 -1.6921522470e-01 1.1378893116e-01 -2.9478346808e-02 4.7112327368e-02 -1.3941449472e-01 3.5029248860e-01 1.5658413435e-01 -1.2213599589e-01 3.2522178023e-01 2.0165372501e-01 3.0912595449e-01
-1.0507447800e-01 2.9028468542e-02 -3.9742507063e-02 1.4727751399e-01 3.0560685935e-01 -1.7849503188e-01 -1.5457559175e-01 -5.6499565203e-02 -1.7148201831e-01 1.0532783190e-01 2.7416164518e-01 3.0633599772e-01 1.5078043286e-01 -6.6433634957e-02 -1.9555918522e-01 2.7199085323e-01 5.1104928943e-02 1.6075522308e-01 1.4123188433e-01 -2.5594087578e-01 -1.4003654747e-01 4.8745353364e-02 -5.1673558724e-02 1.7468292660e-01
3.4070129202e-01 -3.6944844358e-02 1.4055242588e-01 -2.5936297673e-03 2.9977807311e-01 -9.5772031936e-02 -1.9503896837e-01 1.2367576632e-01 -8.7006019251e-02 6.4522301055e-02 -5.0432919003e-01 1.0978600191e-02 9.9535448243e-02 -8.9486323303e-02 1.4895729025e-01 -7.5999746773e-02 -7.9280175318e-02 -9.2866933836e-02 -2.7996756481e-02 -4.5116860057e-01 -6.9683271911e-02 -1.0674758105e-01 1.2559835250e-01 1.6433756322e-01
-4.8135576901e-01 4.9501492745e-02 -2.8626471023e-01 -1.2215931497e-01 -4.2837388751e-03 1.4975585186e-01 3.9090878095e-01 -1.6558766144e-01 1.4265587932e-01 -1.0130270300e-01 8.2993670934e-02 1.8207465630e-01 2.2296301975e-02 -2.0833650878e-01 2.0527575296e-01 -6.2069224021e-02 2.9512261743e-02 -3.4233220171e-01 1.3507338889e-01 4.9685144950e-02 -3.9196801142e-02 -2.9563873127e-01 -8.4180654195e-02 3.0161767792e-01
-1.6083671434e-01 1.9173033160e-01 6.4777261292e-02 -2.1668779782e-02 -6.3538689566e-02 -9.2189600367e-02 -2.8751896051e-01 -3.9067635712e-01 -3.9564908745e-01 2.9377549918e-01 -3.5242113179e-01 5.9762437907e-02 2.2969543307e-02 1.6072002497e-01 -9.3187750818e-02 2.9346668654e-02 -2.7249066036e-01 -2.0063718824e-01 -2.9363953312e-01 -1.9239228865e-01 1.5452305761e-01 5.4955077270e-02 -1.1341925303e-01 2.8373671768e-02
-5.5037122881e-02 -2.4103734794e-01 2.8776393680e-02 1.3403472199e-01 -1.0292748682e-01 1.4869959962e-01 -2.3891605028e-01 -4.4330693590e-01 1.3484714214e-01 -2.8421503185e-01 -2.1126155051e-01 -2.2267712545e-01 8.7929226144e-02 3.6700363202e-01 -2.8701981313e-01 1.8498620829e-01 -1.2489727395e-01 -4.7890195391e-01 2.2292795282e-01 -1.9655637594e-01 -1.7959289439e-01 -5.3051160598e-02 4.8014803901e-02 1.4986314015e-01
-1.8116366486e-01 1.3049999895e-02 4.3215229182e-01 4.0511210579e-01 -5.9708147195e-02 4.2905630062e-02 -2.4898257711e-01 2.3968424870e-02 -1.9933547095e-01 1.5204861074e-01 -1.0982207726e-02 -1.4669943337e-01 -2.4854493519e-02 -1.4941758260e-01 6.8118723416e-02 7.7618815164e-02 1.3295007542e-01 -3.0533019395e-01 -5.6110874257e-03 9.3008466122e-02 1.0922894699e-01 1.1535605842e-01 -2.3885477046e-01 -1.5008254558e-01
-3.6393634839e-01 -1.1245765834e-01 -3.2465859376e-01 4.2117306713e-02 -3.1889925324e-01 1.5596268301e-01 -2.2879755346e-01 2.2797022550e-01 -1.3521291771e-01 4.9998664714e-01 -2.0092578238e-01 1.5071771707e-01 3.0536099703e-01 2.4415508939e-01 1.0268013443e-01 -4.6753889331e-02 -5.6960541705e-02 1.2442467171e-01 -2.2853108049e-02 -3.0823445447e-02 -1.8002605160e-02 6.3267986167e-02 4.5693401487e-03 -1.1735577366e-01
-1.3238757740e-01 -2.3202247955e-01 -1.8595794443e-01 8.3583557294e-02 1.1526634317e-01 4.2919170876e-01 -3.2014118118e-01 9.6210278551e-02 -8.3100452293e-02 -5.9247696360e-02 -3.6599046218e-03 1.0049885977e-01 2.3170944044e-01 3.1051271542e-01 2.8627709015e-01 -2.2361465514e-01 1.4711718400e-01 -3.7387762302e-02 2.3481360011e-01 -2.0261666855e-01 -5.1396458300e-02 2.5958911989e-01 -1.5967881285e-02 1.7475521745e-01
-5.8492548551e-02 2.4650682448e-01 -1.6615150016e-01 -1.8599156986e-01 2.3958939571e-03 2.6321104672e-02 -1.6862746300e-01 -4.0309524841e-01 9.7615204590e-02 -1.7327964782e-01 -1.0725073292e-02 -1.0353504527e-01 -2.3652528280e-01 -9.8464062686e-03 1.4321595678e-02 1.0531420143e-01 -1.9614209670e-01 -1.2508003360e-01 9.8340041951e-02 -2.9961813902e-01 -1.1559113706e-01 -1.5688094632e-02 -7.6787809518e-02 -3.0792773325e-02
1.1105266568e-01 -5.6287559142e-01 -1.9723927547e-01 -3.4426319575e-02 2.8955718767e-01 -6.3111517016e-02 1.7295615171e-02 -3.6774701114e-02 -1.8578377503e-02 4.5853662370e-01 -1.7579194121e-01 -1.8179301879e-01 -8.5662295480e-02 -5.3751436819e-01 -4.2580091627e-01 -3.3363295497e-01 -1.5729150689e-01 2.8862860020e-01 -3.3167216793e-01 -5.2974706852e-02 -3.0727702083e-02 2.2555700636e-01 2.5706572290e-01 1.5669526491e-01
1.0475351563e-01 -8.1284208133e-03 -1.8965835397e-01 1.0574716495e-01 -1.9599281486e-01 -8.6180416913e-02 1.2742274403e-01 2.8782365727e-01 1.6777950647e-01 1.8540955804e-01 1.9195905747e-01 2.3245814670e-01 -6.9448073749e-03 1.3809910775e-01 6.1663138683e-02 -1.3146198962e-01 2.0724733308e-02 -1.7345368022e-01 2.9537958031e-01 3.7058256795e-02 4.1471734449e-01 -1.3147797533e-02 3.7041794658e-02 -1.4744094808e-01
-2.9541328697e-01 -6.5100802099e-02 -2.5761127772e-01 2.3564107552e-01 1.4316979808e-01 1.2319546123e-01 -1.4579755276e-01 -8.6760848833e-02 -1.4120183410e-01 -1.4844788447e-01 2.0626044499e-01 -2.4007256050e-01 1.0395821624e-01 -3.4258475752e-01 -1.1543390782e-01 -2.8064277725e-01 2.5960525469e-01 -9.0759510272e-02 1.4435587430e-01 1.9425624882e-01 1.2968325270e-01 7.7934427498e-02 -5.3207913514e-02 -1.9231364956e-01
-2.0966128894e-01 -2.6138997721e-01 2.0499932841e-01 -9.8774893768e-02 -4.5196811730e-02 9.6655822199e-02 -1.3089671083e-01 7.3514551859e-03 5.7242974486e-01 -3.3048027374e-01 -1.6006839999e-02 -4.5878731176e-01 -3.5503291900e-01 6.9115941792e-02 3.9441930961e-01 8.0628856558e-02 2.2935225680e-02 2.8337668602e-01 -2.2916054671e-01 2.9626657743e-01 -6.6365876892e-01 5.5804270376e-03 9.2702449418e-02 1.3351130431e-01
-1.5767763678e-01 -1.4997930391e-01 -7.2071644398e-02 -2.5837292536e-02 1.6082714109e-01 -3.5538578953e-01 1.8535399327e-01 -6.0967156949e-02 -7.4980446047e-02 1.2457046118e-02 2.2718999846e-01 9.3345516618e-02 -5.2199165904e-01 -1.2278913642e-01 3.2703028403e-01 -8.9278657206e-03 4.5513994419e-01 -3.4121012971e-01 -6.3672253744e-02 1.8364137303e-01 -1.0269221936e-01 -9.9799000323e-02 7.3011023505e-02 1.4821036307e-01
2.7574267715e-01 2.6077717504e-01 -1.4107911272e-01 -4.3065577493e-02 1.4278897174e-01 -3.7231649607e-02 -4.4981593629e-01 -2.9693009688e-01 -2.4923312421e-01 1.0122488522e-01 1.3274192710e-01 -1.1837597896e-01 -3.4038629942e-01 2.1537067017e-01 4.6944645651e-02 4.7479676651e-03 2.9986345519e-01 -2.5400660003e-01 4.4600648189e-01 1.0730912112e-01 -1.1783004342e-01 5.5989174136e-02 3.1882261538e-02 2.0886590096e-01
