-1.0198601395e+00
-7.4497557975e-01
-2.3728319880e-01
-7.3011391360e-01
2.3263881617e+00
-9.4906587233e-01
-7.8089932638e-01
-2.4765364190e+00
2.6148122061e-01
9.2498529944e-01
8.1060838971e-01
4.1535964318e-01
-6.2049109716e-01
3.6029156741e-02
2.1074890697e+00
3.3430922459e+00
-1.0537475085e+00
-4.8425234236e-01
1.2688799793e+00
2.3467843034e+00
1.1887481133e+00
2.7476107111e-01
-3.3310490939e-01
-3.9644846066e-01
1.5659587001e+00
-1.4627626751e+00
-2.2964961121e+00
-3.6240474582e-01
-7.4755695950e-01
2.6121061155e-01
-2.1417942362e-01
2.6249077104e-01
