1.1783276816e-01 5.0613245239e-01 -1.7241848589e-01 1.3554858385e-01 -2.0290699088e-01 -8.6331335054e-02 -9.8256294935e-02 6.8492066528e-02 -1.0387710581e-01 7.7758818288e-02 -4.8459909013e-03 8.1505888008e-02 2.1575240263e-01 -1.3292060605e-01 -4.2000555491e-01 -2.2307832683e-01 -6.1357708270e-02 6.2919719268e-02 -6.3489709229e-02 -2.3514301076e-02 -1.3508865232e-01 2.8181737588e-01 -2.6098498807e-01 1.5195850149e-01
4.0576473083e-02 2.8799532026e-02 -9.9100240529e-02 -6.5028556821e-02 1.1871784933e-01 2.3020613977e-01 3.0783395202e-01 1.0100479518e-01 -3.5053116558e-02 -3.5259959549e-01 -6.4739629616e-02 -3.3369902244e-02 1.9165237236e-02 1.1838826607e-01 9.4075539035e-02 -2.7152086710e-01 -1.7696273757e-01 -1.6819645032e-02 3.2687120852e-02 5.8406488852e-02 1.0894475099e-01 -7.3173916802e-02 3.7416223095e-01 -1.2441289353e-01
1.1648281504e-01 1.7761733375e-02 2.7760961729e-01 5.4944168098e-01 3.2565593561e-01 -1.3748203160e-01 -1.4426434575e-01 1.2274499636e-01 1.0174258918e-01 1.5957270425e-01 2.2987085095e-01 3.9855010120e-03 5.8869218489e-02 -3.3599671820e-01 -4.8564867401e-02 2.0997074218e-01 -4.9270462961e-01 -7.2837829316e-03 1.0671794986e-01 -2.8576394554e-01 -1.9719819893e-04 -3.7512233418e-02 -9.6242280588e-02 1.1920894032e-01
5.2314798854e-02 6.0426366021e-02 -2.0824980030e-01 1.0868054767e-01 -2.3407062944e-01 1.5745926607e-01 -1.3205760731e-01 2.0281086670e-01 7.2146270210e-02 1.8064256968e-01 5.0925690548e-02 8.0096014149e-02 -1.8842285812e-01 -1.0605619716e-01 5.7246090288e-01 8.5046796021e-02 -2.0130349234e-02 1.4165431567e-01 -6.7800864203e-02 -1.0403460700e-01 -5.4449555261e-02 2.2441998358e-01 -2.0886251817e-01 7.9931363244e-03
2.7911761371e-02 8.9651861735e-02 1.1905431451e-01 -1.7663673953e-01 -2.3873201071e-01 1.0360632549e-01 -2.5322183876e-02 2.8088389691e-02 8.3553555020e-02 3.7611828139e-02 1.5115731399e-01 -3.8754899233e-02 -8.2248662522e-02 1.6714176402e-01 -3.4024788315e-02 -2.6285052998e-01 4.1381317384e-02 -4.0359174057e-01 -2.1667194066e-02 -5.9817786795e-02 -2.6993901358e-02 -1.0167644175e-01 -1.5025630886e-01 -8.1623448097e-03
2.9754228473e-02 -1.6273534993e-02 -2.4337894227e-01 -1.0366595569e-01 -2.1942813456e-01 -7.4245762807e-02 2.0415736597e-01 -8.5270723222e-02 -1.6421572527e-01 2.2961360218e-02 2.3873346291e-02 -3.9220260572e-01 1.6611354826e-01 -1.4761302920e-01 -5.5639082970e-02 -2.0623420835e-01 -1.2792792579e-01 -2.7358256437e-01 1.3688660715e-02 -2.6706463723e-01 -6.2179545533e-02 -1.0936525417e-01 1.1249120818e-01 -1.4095246846e-01
-1.7629848334e-01 -8.8829518309e-02 -8.4304843565e-02 -1.5340521112e-01 -2.5090682692e-01 1.0396118713e-01 1.5606908323e-01 1.9429706896e-01 -2.5828194841e-01 2.2338164434e-01 1.1400776826e-01 1.5071226127e-01 -8.8849581366e-02 -5.2945450944e-02 -9.7382177055e-02 1.6941066727e-02 4.1290464087e-02 -1.1859466223e-01 -1.2604782956e-01 -7.0795747724e-02 -1.5788600675e-01 2.2747615398e-01 1.1204482559e-01 2.3293783849e-01
-2.2443972387e-02 -2.0508857825e-02 -1.2126224593e-01 1.6362320646e-01 -2.2092880688e-01 -1.3089022765e-01 8.7763635756e-02 -9.3670649097e-03 -8.2960827404e-02 2.2454484846e-01 -2.2862110882e-01 1.2725421864e-01 2.5826417636e-02 2.4913806204e-02 8.4821472219e-02 2.2924152408e-01 2.8379073571e-01 -5.4074045321e-02 3.5668414144e-01 -1.0761905203e-02 -3.2845821704e-01 4.2190209187e-02 -1.7755764574e-01 -4.3418583141e-02
5.0030487619e-02 -1.3608612628e-01 -9.4451545725e-02 7.4281810998e-02 4.1845214904e-01 -6.6118428029e-02 -1.2855242229e-01 3.8125857205e-01 2.9585963948e-01 8.8762597865e-02 -5.0153928738e-02 -1.0526393280e-01 1.4846418385e-01 1.3737174812e-01 5.5583871844e-03 1.1748023692e-01 8.6596524626e-02 2.0331860566e-01 2.1909561889e-01 -1.1442583107e-01 4.9366007102e-02 -4.5967025913e-02 2.0547334829e-02 -1.1051932407e-01
1.4309482689e-01 1.2713668948e-01 -3.6823326495e-01 -7.1709775901e-02 -4.6467981099e-02 -7.0778046906e-02 3.0155961019e-02 3.1135341142e-01 -3.6446399872e-02 -8.6894187697e-02 1.6046075630e-02 5.1687515110e-02 -2.5887464479e-01 6.5115056168e-02 -1.3544885616e-01 -3.5058818051e-02 -3.4237941067e-02 1.1846154583e-01 -1.7276561025e-01 1.2808163789e-01 1.5336928539e-01 1.1909606218e-01 -1.2765610270e-01 2.8194259860e-01
2.0809011364e-01 -6.8431086361e-02 -2.2621873467e-01 4.0696328229e-01 1.2917009832e-01 -1.7630506238e-01 -2.4641374168e-01 2.4134293864e-01 -1.1837666507e-01 -3.4082839412e-01 -7.6900379534e-02 -2.4498505496e-01 2.1064468532e-01 1.8019684210e-01 1.4005633540e-01 -7.5349489454e-02 1.2112226779e-01 6.0696276569e-02 -8.9158632438e-02 -1.0424514845e-01 2.2358080372e-02 1.2161126556e-01 -1.1865919577e-01 4.2416930790e-02
5.6875977076e-02 -4.2790714378e-02 1.1671296577e-01 -1.8112244654e-02 -1.1813278635e-01 -9.2684922909e-03 -3.5702582611e-02 3.9220746675e-02 1.1006430246e-01 2.4916424693e-01 -2.1805908638e-01 1.5843424805e-01 -1.0337318145e-01 -2.9971129541e-02 -3.3465889444e-02 1.0529609593e-01 1.8480496752e-01 -4.0514248914e-01 7.0942034325e-02 -2.2391722760e-02 7.6377435645e-02 4.0830126509e-01 1.8171841931e-01 -1.7946903338e-01
5.3087215096e-03 1.2164376419e-01 -6.2002145542e-02 -1.3629961906e-01 2.1514976370e-01 9.4901928444e-02 -6.1651085166e-03 2.0310531183e-01 6.4185618988e-02 2.0798770435e-01 3.5690985906e-01 -1.3427554664e-01 3.5486665234e-01 -8.1723720571e-02 -7.2668378085e-02 -1.5532446436e-01 -2.7173387056e-01 -3.0826290267e-01 -1.6938388614e-02 -1.4077969782e-01 2.9558555552e-01 1.5216314062e-02 2.8329593170e-01 -1.3314795183e-01
4.4351416387e-01 -2.5567442637e-01 -1.3708416534e-01 4.2882161662e-01 -2.1921601523e-01 -2.1792829431e-01 -3.5053299533e-02 -4.0198706580e-01 3.8810447917e-02 1.4462033211e-01 -2.0902723309e-02 3.2213385306e-02 -2.4066798937e-01 4.0951816846e-02 2.6658939013e-01 1.0945174104e-01 2.9768174142e-02 2.4178029904e-01 7.3718517850e-02 2.1790082120e-01 -1.3435652564e-01 2.8957884879e-01 -1.3914047038e-01 -6.5071265728e-02
-2.8369042878e-02 -7.2978286231e-02 1.3166141302e-01 2.4058459188e-01 -1.4349189970e-01 -2.1256513314e-01 -1.0185268661e-01 6.7074545477e-02 -1.2988520992e-01 -1.1528155612e-02 -6.9584361336e-02 5.7626504096e-02 -6.6667384605e-02 -1.6413331213e-01 9.3672484697e-02 1.0406341372e-01 3.5810573326e-02 8.5069233686e-02 2.2462054605e-01 7.1058418938e-02 -1.7383964904e-01 -2.0179502360e-01 1.3461846714e-01 -3.2960043841e-02
4.1495015890e-02 3.7323240198e-01 -3.9478002232e-02 3.5892223723e-02 -5.6974132545e-02 6.6471255688e-02 -1.3065778685e-01 3.4674404823e-01 1.8185984815e-02 -2.8754704746e-02 -1.7404134647e-01 -2.7625875853e-01 -1.5532520276e-01 2.2424454402e-01 -8.9280627024e-02 -1.1707927222e-01 -1.8686917031e-01 -1.6914909225e-01 1.3207572727e-01 1.4417341939e-01 -1.1259160356e-01 1.7499739273e-01 6.2972163443e-02 9.5658845024e-02
-3.0631413019e-01 -2.8137304379e-01 6.3655057435e-02 -1.3392040419e-01 8.3762776207e-02 5.1844121554e-02 -2.2466741822e-02 -3.6017447562e-01 3.3430501187e-01 -5.2374109603e-01 1.4303700810e-01 5.6121129232e-02 -2.2124448485e-01 1.7977555383e-01 -1.0167452033e-01 1.9375998542e-02 -1.1277730931e-01 3.8199428826e-01 -2.3190523079e-01 -3.0763659028e-01 -1.7879358159e-01 -1.9007850815e-01 -2.8458528669e-02 -2.8614184739e-01
-7.8667906183e-03 -1.8596707214e-02 -1.2139650735e-01 -1.0093851481e-01 -2.3793685392e-02 -4.9318841343e-02 -1.0860941045e-01 -1.5877557426e-01 2.8394718662e-02 -3.5034922976e-02 -2.3026796092e-01 1.3072886406e-01 -1.2694681430e-01 -3.9310972056e-01 8.1406285619e-03 -2.9254413987e-01 -3.1688640449e-02 -4.4593466771e-01 -2.4057688958e-01 6.6236222514e-02 -1.5656226269e-01 1.9116759807e-01 2.2925334026e-01 -7.9201676517e-02
-1.2863503986e-01 1.5231335878e-01 1.1110250785e-01 1.1240958149e-01 5.2106194097e-02 2.7928325452e-01 -1.8716543255e-01 -5.9882993985e-02 -4.5305227872e-02 -4.3428866903e-02 -4.0264164194e-01 -1.5258318942e-01 3.2387426555e-01 1.9202996506e-01 1.3849765340e-03 2.2937378372e-02 1.5985576004e-01 -1.6345928823e-01 -1.0196396772e-01 -1.5799998570e-01 -5.7187700971e-03 -3.9613486743e-02 8.0273354295e-02 2.7784602211e-01
-2.3243938171e-01 -7.0497487694e-03 3.1071050424e-02 -2.5074123097e-01 1.0642625225e-01 8.7633013896e-02 9.2830826705e-02 -1.1024474159e-01 -1.6395052743e-01 -2.3451494902e-01 1.8585023600e-01 3.7086782942e-01 -2.7382709523e-03 -2.0485642916e-01 -2.8793708407e-01 -1.9370036419e-01 6.9613963252e-02 -3.6952415446e-02 -8.7542372845e-02 3.7333689991e-03 -1.0695387557e-01 -2.3043713799e-01 -1.5903933254e-01 6.0648344325e-02
-2.6954226416e-01 2.3707580665e-01 1.9483072685e-01 -1.9528858814e-01 1.7395191311e-01 3.0685821381e-01 1.3260068258e-01 2.0357322205e-01 -7.3165115318e-03 1.9415562503e-01 -7.5126015827e-02 -1.0790067781e-01 4.0121678077e-01 6.1677848698e-02 -2.0986231668e-01 8.9221112514e-02 5.5885616496e-02 -1.7051421222e-01 -2.0999325214e-01 -2.4206646910e-01 -1.0751797758e-01 -3.1517340160e-01 1.1034312733e-01 2.8687916168e-01
-1.4367268538e-01 2.2014559261e-01 -3.9952751256e-01 -1.3661683206e-02 9.6381830222e-02 7.5881191803e-02 1.3793806223e-01 2.5033615990e-03 -1.7683396546e-02 1.7099476957e-02 -7.6917118856e-02 -7.8834278835e-02 2.4016581005e-02 -1.4265861047e-01 4.9245786978e-02 -1.2745322015e-01 9.2054423069e-02 3.8840934575e-01 -1.1086217317e-01 1.1138039418e-01 2.8758881892e-02 1.3071537160e-01 9.3067501664e-02 6.6365072805e-04
-2.9958890063e-01 1.8798951890e-01 -1.8796955096e-01 -9.7955009901e-02 -2.4618701208e-01 -1.7173253754e-01 -3.2304593826e-01 2.5429291921e-01 2.3574395740e-01 -1.3046196406e-01 1.2217716451e-01 2.4241073906e-01 -7.4483387954e-02 3.7098484566e-02 -2.2065498538e-01 -3.6369943518e-02 1.4744809187e-01 -7.6121292924e-02 -1.6126003871e-01 1.4280028116e-01 3.2045859322e-01 -5.7273179161e-02 -1.9557564075e-01 -4.0734456721e-02
-1.0580507774e-02 5.8430123974e-02 5.9670848129e-02 2.6290506758e-02 -1.9661168192e-01 1.5246258403e-02 2.5620840481e-03 -1.4531806767e-01 -2.8238907492e-01 1.1206826296e-01 1.4964980193e-01 1.1310510647e-01 -1.4096339654e-01 -3.0562767039e-01 -1.4853279751e-01 -1.9783626860e-01 5.0736621438e-02 -8.3596325688e-03 -2.3338551154e-01 2.0211899927e-01 -4.2865349800e-01 1.6063125889e-01 1.3507838020e-01 -1.3486302603e-01
3.0998353336e-01 -9.7163986546e-02 2.5645051316e-01 1.2909880111e-01 3.4979847720e-02 -3.9211941029e-02 7.2221021417e-02 2.3417786382e-01 1.1561997499e-01 2.1178029592e-02 -3.0891219244e-01 6.0320930284e-02 1.3712479695e-01 3.6204383296e-01 -2.0216251663e-01 3.0369187142e-02 1.2804949672e-01 1.8494525207e-01 -1.0270743559e-01 -2.4580263640e-02 -1.2255032748e-01 -5.2089473383e-02 1.0488723209e-01 1.3182114505e-01
-1.5004677538e-01 -1.4504074980e-01 1.4902754843e-01 3.2897301507e-03 -2.4213189979e-01 -2.7993545052e-01 -1.7765933506e-02 3.7945776246e-02 -3.5110783414e-03 -1.9309250300e-01 2.2433873012e-01 -2.9627161830e-01 -1.3523608144e-01 2.8851162211e-02 -6.6624137599e-02 -2.8447323962e-01 4.2602550852e-02 -1.4483278678e-01 -3.9121091070e-02 -2.5615863845e-02 -1.6023544057e-01 1.4627655432e-01 1.6043775032e-01 -1.1436367308e-01
-7.6544612388e-02 2.1138836154e-01 -2.9231907062e-01 2.3523668719e-01 1.4638141612e-01 -8.6242278185e-03 -1.6044680907e-01 1.6666388622e-01 9.0509076346e-02 -6.7799094002e-02 -7.7895199605e-02 -1.2601017678e-01 3.8853111237e-01 4.1052219899e-02 -5.2632478746e-02 -1.1836715603e-01 1.5091140788e-01 -8.2138000031e-02 2.8723385853e-01 -7.3512368139e-02 -7.7270683939e-03 -8.6860267098e-02 1.6006992663e-01 -2.9074931135e-01
-2.4547148958e-01 3.0312226595e-02 -2.9749434351e-02 1.2666737343e-01 -1.4510404932e-01 -2.9400013921e-01 6.7735781542e-03 -9.5287232934e-02 1.6381595701e-01 4.5486349484e-02 7.7753313766e-02 -7.7500425609e-02 -3.0461695434e-02 2.0847494728e-01 1.2345862853e-01 1.0183005588e-01 -1.3200030112e-01 -1.5511933180e-01 -1.5046591841e-01 1.7630073837e-01 1.5878024170e-01 2.8274726883e-01 -5.0483466557e-02 -3.2241282146e-02
1.9161792168e-01 4.1743142462e-02 -1.0019768673e-01 -2.5845654664e-01 -1.3413917027e-01 -3.2586028825e-02 2.5437217466e-02 1.0935112447e-01 1.4881690394e-01 -3.6082519906e-02 -6.9675237036e-03 4.8382219436e-01 -3.1179462852e-01 1.9590199161e-02 -6.4029727949e-02 3.9849215785e-01 3.8067049284e-01 -3.3278112206e-01 3.4597703266e-01 1.5608194574e-01 1.8093794250e-02 2.6118076088e-02 1.9016539085e-01 -1.6186842979e-01
1.0953878625e-01 5.5092331533e-02 -1.6005923944e-01 1.9365032553e-01 1.4466991166e-01 -7.0635064813e-02 1.9888662444e-01 -4.7988578670e-03 1.2737518969e-01 4.1684072276e-01 3.0976396344e-01 -1.2570109206e-01 3.4182501200e-02 -1.2287726127e-01 2.1494974205e-01 -3.2368802600e-04 1.0942950266e-01 2.3292322670e-02 8.9572013406e-02 -3.1876390305e-02 1.9995894041e-01 2.0154228230e-01 -3.3768092066e-01 2.6965587859e-01
-2.2470165259e-01 -8.8659590179e-02 -3.0466803437e-01 1.3691157128e-01 -8.2192483177e-02 -1.4359511471e-01 6.4810756443e-03 1.5125262081e-01 -3.0300209926e-02 1.4598050665e-01 -4.1307566222e-02 -4.7982737688e-02 1.6962253070e-01 -2.8052261049e-01 -2.7394517000e-01 -1.9009161429e-01 -5.5114596569e-03 -8.2940646421e-02 9.5476888997e-02 -1.0063466518e-01 -6.2132448141e-02 -1.9594472875e-01 -1.7329508620e-01 1.4305784252e-02
1.5077865202e-01 -8.6948579651e-02 1.1729342444e-01 -1.4676337462e-01 4.2341398474e-01 2.5339787360e-02 2.0653249160e-01 -6.3843371605e-02 -1.3403521324e-01 1.6134529632e-01 1.6153445459e-01 1.6605168610e-01 -3.1224928132e-01 8.0992633876e-02 2.2319779684e-01 8.3306652962e-02 2.1365734757e-02 -1.9325810593e-01 -9.6652100336e-03 1.6824418122e-01 -3.1588121035e-01 -1.6383129170e-01 1.9365515879e-01 -2.7799000436e-02
