-1.6791336923e-01 -1.8594026970e-01 -1.3234533155e-01 1.5177574723e-01 1.9702609214e-01 1.5292852946e-01 -2.8338058357e-01 -3.5609304200e-02 2.8262521184e-02 1.4049580971e-01 -8.0116961532e-02 -2.3655147415e-01 1.0498323772e-01 -2.7962525272e-01 1.0369793740e-01 7.1272641569e-02 2.5131804059e-01 -4.9544060423e-02 -1.7106494633e-01 3.2596389667e-01 3.5885856834e-01 2.1673512608e-01 1.3656152676e-01 3.7492872067e-01
2.1507469281e-02 -1.4530105625e-02 -5.5376854614e-02 -1.7144875549e-01 -3.5055340478e-01 3.8140559084e-01 2.0504107841e-01 -2.9496501583e-02 1.7858748474e-01 1.0203640169e-01 -1.1806996207e-01 -3.4405263897e-01 6.4430610230e-03 -7.4047249017e-02 -1.4590288231e-01 -4.6853781439e-02 1.2646860472e-02 3.6689396443e-02 6.1580740671e-02 -9.1885903081e-02 -1.6927491474e-01 -1.2855864741e-01 -2.7640691963e-01 -2.0418999234e-01
5.3249538537e-02 -2.7649330217e-01 -1.3511887031e-01 -3.5853075163e-01 4.2171537244e-01 3.4561020237e-01 1.4200902906e-02 1.2984682116e-01 -1.4013459033e-01 -8.1093731915e-01 1.2277261916e-01 -5.3473292913e-02 3.8612442582e-03 4.4450641076e-02 3.8781535229e-02 -3.2982337545e-01 -2.4936790910e-01 2.6900092671e-01 1.2759826446e-01 4.0925540661e-01 3.4086057324e-02 1.1142701319e-01 8.2048307092e-02 -5.3070926528e-02
2.2686202750e-01 -7.4974310974e-02 1.2765492125e-01 1.7010815985e-01 2.1285007876e-01 -4.8388383230e-01 3.0262626382e-02 2.3924851770e-01 -3.1946392514e-01 -1.5531913367e-01 -4.3465593114e-02 1.7557005363e-02 1.2378467373e-01 2.1955693894e-01 4.0059758423e-02 5.6211389174e-02 2.8810435560e-02 9.4291166900e-02 2.4726596672e-01 -2.7314156468e-02 -1.7966483587e-01 -2.8608683373e-03 2.3262191579e-01 -3.6370562495e-01
2.1692055905e-01 6.5642861556e-02 2.4050166893e-01 -1.2795117541e-01 -1.5319547126e-01 -1.5172966372e-01 -1.4995968912e-01 -1.1170661730e-01 -9.3319702944e-02 2.0285868266e-01 -6.5884561574e-02 2.6546156847e-01 -1.7739764925e-01 2.0281277598e-01 -1.6044524583e-01 1.4391441328e-01 -7.1585563594e-02 7.3610283604e-02 -2.1093330806e-01 -7.8753408752e-02 -4.9306376085e-02 1.3691262203e-01 -9.4183147859e-02 -3.3299091692e-02
2.3959124852e-01 2.8924479368e-01 2.0399811931e-01 -1.1345102216e-01 2.8276302507e-01 -1.9702422120e-01 1.3302473150e-01 -6.3007333186e-02 6.0879095575e-02 2.8877800317e-01 -1.1253092366e-01 1.2220503639e-02 -7.3984205635e-02 5.0093604096e-01 2.0148891836e-02 1.2431055246e-02 4.7319987390e-02 -6.9071513072e-02 1.6243721653e-01 2.5076909836e-02 -1.1336767739e-01 -1.1372184959e-02 2.1256823141e-01 4.4333960515e-01
2.8020056916e-01 -1.8899686124e-02 3.5300947325e-02 -1.6229177370e-01 -8.6136844852e-02 7.2589435184e-02 1.7977794097e-02 1.5876711017e-01 1.0272227233e-01 -2.2247616022e-01 1.8556077614e-01 3.8348866499e-01 -3.6984201633e-01 -3.8461924379e-02 -8.8175680579e-02 -4.9389360225e-02 -3.1390161123e-01 6.5778856958e-02 -3.1847168337e-02 -1.5925292286e-01 -9.2473727638e-02 -6.7208624769e-02 -1.3615865186e-01 -2.7588184145e-01
-1.5980680434e-01 1.3438568570e-01 9.8552938271e-02 -6.0455996811e-02 -7.3289498291e-02 1.6310525967e-01 -4.9030635358e-01 7.2141858013e-02 -5.3768694419e-01 1.9715661038e-02 1.2518397467e-01 -6.9552990143e-02 2.5599199086e-01 -3.3157053812e-01 -8.9799078626e-02 -4.8900777650e-02 -3.4967552021e-02 -4.1171020838e-01 1.9436678246e-01 2.2945980181e-01 -2.9930393816e-02 -3.0517309600e-01 1.5163723194e-01 -1.5435249788e-01
-2.3126613617e-02 -9.2885916268e-02 -4.7749713677e-02 -2.2595850307e-01 -1.3142836660e-01 -1.1033891242e-01 -7.9568672306e-01 4.2178672487e-02 3.2871653945e-01 -4.5427014413e-01 2.1387435953e-01 2.2031187095e-01 -3.8029796047e-01 2.3923005062e-01 -4.0812446787e-02 1.6426195744e-01 -4.4355259196e-02 3.1947416386e-01 -8.5118056168e-02 -1.6109231503e-02 -2.0956235395e-01 1.6945897261e-01 3.4142513707e-01 7.9082805728e-02
1.2185733218e-01 2.1522785838e-02 -3.3339194864e-02 -3.4416624346e-02 1.6311635013e-01 -5.5932930317e-02 1.9454343584e-01 1.1146391244e-01 4.4792989328e-01 2.1184871364e-01 1.7442430928e-01 -2.6543616279e-02 5.4187704823e-02 -2.8051108040e-01 -1.8913867217e-01 2.8398827481e-01 -1.1872711859e-01 6.3367605444e-02 -1.5193348546e-01 1.0886121325e-02 1.7941086035e-01 -1.3546617091e-01 3.1418353982e-02 -2.0233118945e-02
4.6815409452e-01 -2.9874308273e-02 2.0691343711e-01 3.5771018035e-01 -2.2191292689e-01 7.6745273986e-02 3.1054421274e-01 -2.1392658363e-02 -3.8988105686e-03 -1.0058186873e-01 1.8955913853e-02 2.4031779735e-02 -2.7095927566e-01 -1.7017457246e-01 -6.7229223495e-02 5.0997124059e-02 2.2289404232e-01 -3.5589950224e-01 2.8167657634e-01 1.3971355924e-01 -1.8632152511e-01 1.5115407096e-01 -3.8232931756e-02 1.3420756997e-01
-5.7444870829e-01 3.6932858018e-02 7.6092833034e-02 2.2239913312e-01 4.3401087818e-02 4.6549780596e-01 2.6522597608e-01 7.5734706264e-02 2.5873954422e-01 2.0099339104e-01 1.0688559915e-01 2.4789495852e-01 -2.3663430779e-01 1.3107811488e-02 -7.6169875729e-02 -5.0412384206e-02 2.6362790473e-02 4.0209674854e-01 -3.5130023851e-01 -5.3054619785e-02 -9.0628506533e-03 -1.9706137233e-01 5.1923174077e-02 2.0982090365e-01
-2.9625701998e-02 -1.7653639764e-01 5.5620089810e-01 -5.0826385770e-01 1.2685599803e-01 2.8176738891e-02 -8.8254827973e-02 6.8460899727e-02 6.1050519856e-01 -4.5468857849e-02 4.3728296594e-02 1.3647649594e-02 -1.7405095901e-02 2.6154871892e-01 -1.6336209818e-01 -8.7298211212e-02 -2.1046295779e-01 -3.4774548803e-01 -2.8159780442e-01 -3.1492731829e-01 -2.3516224986e-01 -3.2304713320e-01 -1.2996260987e-01 1.6852844063e-02
2.4752886359e-01 1.7260035437e-01 2.2174098174e-01 1.4032943589e-01 -4.1736434658e-02 -2.4846502116e-02 -1.4542881110e-01 -2.0810844562e-01 2.9276682155e-01 4.5312540649e-02 -9.4027391830e-02 9.9981138480e-02 3.9417814947e-01 2.7848111441e-01 -1.5359592589e-01 1.7402013796e-01 2.1475559460e-01 -3.5889741224e-01 -1.7974433335e-01 -1.8816431326e-02 1.6134441531e-01 -9.2113273502e-02 4.4185336000e-02 -1.8743570919e-01
-3.6979670551e-01 6.3411723895e-02 -2.5037545101e-01 8.6690105524e-02 1.8573422869e-01 -2.7871637723e-01 2.4967254555e-01 6.1708074199e-02 3.8245065623e-01 -1.4956116048e-01 -1.0971388604e-01 2.7625417014e-01 -8.2971488081e-02 1.2638595862e-02 6.7075538876e-02 -2.4524952770e-01 3.6297840152e-01 1.1056382952e-01 2.4832395501e-01 -3.5913824883e-02 -6.7491524674e-02 3.7825987562e-01 -3.2149782422e-01 -3.5755756818e-01
-9.7570631014e-02 9.3328977889e-03 3.3652234216e-01 2.6316936568e-01 -4.2295830760e-02 6.2623846171e-02 1.2262747226e-01 2.0266174160e-01 3.5006623876e-01 3.7816433469e-02 1.3960595626e-01 1.9202016114e-01 3.1984711917e-01 -2.3306133602e-01 -1.8228518071e-02 9.8141062444e-02 1.1250922741e-02 -2.3168491832e-02 -9.5933871792e-02 -9.0241059865e-02 -2.5292145657e-01 -2.7189120948e-01 -1.3787340925e-01 9.4355328320e-02
1.3259186710e-02 -1.5564654235e-01 -2.7514808435e-01 -2.6734581549e-02 -2.9387250816e-01 3.0147736404e-01 1.0588825459e-01 3.8415643564e-03 -5.8224925278e-02 -4.3659927327e-01 -9.2450181094e-02 1.6275248629e-02 1.1282060069e-02 2.0917717547e-02 3.9494717147e-02 9.1806491590e-03 -1.5346298310e-01 -1.0893876196e-01 -9.4408747182e-02 6.4869435667e-02 -2.7330219776e-01 -2.0359525920e-01 5.3552214152e-01 1.7623514961e-01
-2.4416940692e-03 -2.6268809043e-01 -3.9830786944e-01 -1.4085698940e-01 7.4355616848e-02 6.4970581090e-01 -1.8951538189e-01 1.2158673062e-01 -3.4772033254e-03 1.8105647973e-02 2.1072852285e-01 -3.9956410761e-01 1.4012591694e-01 1.9124945917e-01 -2.9024441723e-01 -3.0855819705e-02 -3.8158270822e-01 3.3976940415e-01 1.4180403063e-01 -1.8888468315e-01 -3.0156102659e-01 -1.2996494251e-01 1.3004463972e-01 2.4986414496e-02
5.8800180557e-02 -5.5718511494e-02 -2.2980307177e-01 1.9174505212e-01 3.7445294796e-01 -2.6008222530e-01 1.8586788546e-01 2.0086345755e-01 3.8241804033e-04 3.0289975307e-01 4.8072036949e-02 1.3601248182e-01 3.8261440558e-01 1.4094929507e-01 -1.9617745421e-01 2.1995940045e-01 -5.3702380788e-03 1.0069569583e-01 3.9450192537e-01 3.1911357009e-02 -1.2665559412e-01 2.2747246849e-02 1.4734813243e-01 -1.5162946697e-01
-2.3858814158e-01 9.3140324698e-02 -1.8789272136e-02 -4.4578460320e-01 -7.2020054294e-02 -3.4343311272e-01 -9.2620249304e-03 -2.4105231605e-01 5.3488148321e-02 -1.0188420384e-01 -2.2457994066e-01 -2.3558167575e-01 2.6461146651e-01 6.6714784474e-02 -1.4412400896e-01 -1.6693252393e-01 -1.0698999739e-01 6.7202935600e-02 -1.6385422015e-01 -4.0606554198e-01 2.9740659193e-01 6.1283053166e-02 3.2596376444e-01 -1.8324667395e-01
2.6400399136e-01 1.2400923509e-02 -1.0592235749e-02 -1.0774090389e-01 -3.3160638850e-02 -8.5337146546e-02 1.1062086147e-01 8.9366546595e-02 -2.7286897528e-01 9.0098569914e-02 -2.4523170778e-02 -4.3813828934e-01 1.0333520251e-01 5.5993199249e-02 1.3552485884e-01 1.7343587908e-01 -1.8826761745e-01 -1.3922812093e-01 -9.4919050680e-02 -7.2741500902e-03 -4.2721734764e-02 1.9074406931e-01 -3.3648923324e-02 -4.1651544472e-03
-3.6815324507e-02 -4.0584910131e-01 6.7767303799e-02 1.7656389542e-01 -2.7493918637e-02 -1.9757224801e-01 -1.3857183240e-01 4.6448080556e-01 9.5085578519e-02 1.5623577486e-01 4.5016373131e-02 9.2255101487e-02 1.3401592503e-03 -1.9158542839e-02 -1.7056121350e-02 2.3115676248e-02 3.4623078725e-01 5.5174849127e-02 -1.7078490457e-02 1.1314050912e-01 -1.3307452473e-01 -7.0007300730e-02 3.6780784896e-02 3.1756212606e-01
-1.2254413448e-01 -1.5661681051e-02 -9.9275683638e-02 -3.1522357669e-02 4.8032828217e-01 -3.7626518240e-01 3.2571576379e-01 1.5340636747e-01 1.0975681785e-01 -8.6060382833e-03 -2.3161575812e-01 -2.1881385390e-01 -3.1917081751e-01 2.0867000838e-01 5.7047938632e-02 5.8227731864e-02 1.5316274369e-01 3.4540381191e-01 -2.2792137787e-01 -7.5408788825e-02 -1.3316824879e-01 1.4429901438e-01 -6.7892933204e-02 -1.2087091699e-01
-1.2912667036e-01 -6.5216377945e-02 -3.5304272620e-01 -2.7603838313e-01 9.4547390180e-02 -1.1404881411e-01 2.9645195697e-02 4.5229124908e-02 -2.4466496438e-02 -9.7902151550e-02 -9.0207825047e-02 1.9015173777e-02 1.1058501468e-03 -2.0500394767e-01 1.2680104727e-01 1.3778130209e-01 2.2323982038e-01 -1.2023713652e-01 1.9036836415e-01 -9.6831370664e-03 2.4694235734e-02 -1.5130323301e-01 2.7047528438e-02 -2.6924586440e-01
