5.7250010324e-01
-1.5024735789e-01
-5.8529283844e-01
7.9545257554e-01
1.6221155692e+00
-1.6061020595e+00
-7.4057764233e-01
-1.7955617330e+00
1.4513189621e+00
-1.2601678740e+00
8.3473242429e-01
1.0086117420e+00
-5.1315043541e-01
4.7604696696e-01
-8.3850554279e-01
7.1628815608e-01
-4.1140413727e-02
9.2393627228e-02
-6.0070744970e-01
-1.1659861291e+00
7.2340444286e-01
-3.7592023615e-01
9.8162246016e-01
5.4320170038e-02
7.2520431343e-01
-7.7916432997e-02
-1.7970955018e+00
8.8997392071e-01
1.0843198946e-01
7.1563886558e-01
-6.7032517111e-01
-1.8296206069e+00
