-3.1650869878e-01
-1.3903530073e+00
-7.6317581783e-01
7.0980902831e-01
6.7645187207e-01
1.5310068514e-01
4.5012211324e-01
1.4172299860e+00
-9.3607316802e-01
9.8103834256e-01
-1.7555592224e+00
-1.3966310597e+00
-4.4425560986e-01
-6.6388264875e-01
2.3365267477e-01
-7.8722128425e-01
6.4071518404e-01
-6.4803330052e-01
4.0279207055e-02
9.4094367256e-01
2.3368725168e-01
1.6574635093e+00
2.3214929009e-01
-1.0983784105e+00
7.4703492569e-01
2.9352570248e-01
-1.5810919828e+00
8.5774410471e-01
1.1238751183e+00
1.1040231789e+00
1.7110988852e-02
9.6703774157e-01
