1.5880145230e-01 4.0087013360e-02 -7.3541897426e-02 -1.9095562080e-01 1.2436603229e-01 1.9595512621e-01 5.7776757137e-02 -1.2690528168e-01 -9.8919834018e-02 1.0620986609e-03 2.7019645236e-01 -1.1255360396e-01 -3.6473027940e-01 2.5536745068e-01 -8.3236231767e-02 4.2519955512e-01 6.3204623931e-06 -2.7751664851e-01 -1.6689822476e-01 -1.0787965482e-02 1.7452739279e-01 -6.6475091106e-02 6.3746647602e-02 2.0836813415e-01 -1.6799331406e-01 -4.2498033723e-02 1.5497910810e-01 2.1647320411e-01 -1.1302688786e-02 2.8221170428e-02 -2.2947995805e-01 -4.4432731599e-02
-2.8867092604e-01 -4.4853995397e-02 6.9132349085e-02 -5.3958972401e-02 -2.5167619329e-01 -1.4841708000e-01 -1.6849812791e-01 -2.2746736271e-01 3.2730358398e-01 5.5250316712e-02 1.2848235627e-03 -1.7255627402e-01 -3.9156370631e-02 1.2937716239e-01 -2.8117344043e-02 -1.5471487244e-01 -6.4074357575e-02 -3.3595134998e-02 -1.0216225459e-01 -1.7204756413e-01 2.2587465787e-01 -4.7980841426e-02 -1.3167880709e-01 9.2318878222e-02 2.5584610413e-01 1.9301493805e-02 1.4831276161e-01 -2.2353327752e-01 1.2052573172e-01 -4.7615030519e-02 2.8641633674e-01 -8.2231611321e-02
9.5079709902e-02 -5.2819446631e-01 -1.8966892984e-02 -6.5713867551e-03 -3.2616045945e-01 7.5774185292e-02 1.7986975798e-02 2.3004091815e-02 7.4820331773e-02 2.3984579775e-02 1.1060539096e-01 -9.1488951589e-02 -2.2681823671e-02 1.9712399598e-01 1.4391079637e-01 -8.8847091936e-02 1.4494078569e-01 -3.1134935697e-03 -4.0340368855e-02 -4.1994159118e-02 -1.9462950572e-01 -2.9369206880e-01 2.2592966915e-01 5.4818582562e-02 2.5495561411e-02 -2.6430177645e-02 1.6490230302e-03 1.4841710147e-01 2.1941619929e-01 3.9073283027e-01 3.0423322248e-02 -1.8110697036e-01
-2.7820640306e-02 5.4370689066e-04 2.7232290457e-01 -2.1203565981e-01 7.3644178521e-02 1.2083381593e-01 -1.5493161170e-01 -5.5504001700e-02 -7.5057662954e-02 -1.9880845892e-01 2.8655183450e-01 4.8758648947e-01 2.3318429767e-01 -3.2209813954e-01 2.4346774837e-01 -7.6284542763e-02 2.8532282276e-02 -1.8381132235e-01 1.0636865116e-01 -2.3038833030e-02 1.7280348939e-02 1.4563365788e-01 -1.2279327012e-01 2.4042434072e-01 -2.1227109538e-01 2.9920738765e-02 -9.9676907589e-02 -1.0575526964e-01 2.8803019187e-02 2.6523396825e-01 -1.5106021780e-01 2.8102962830e-01
-4.3707487180e-02 1.7322958410e-02 -4.8387336810e-01 1.1945421060e-01 -9.1542556931e-02 -1.9820390379e-01 -5.9627341962e-02 3.6981745167e-01 7.8542022759e-04 -1.6215585159e-01 1.6168407864e-01 9.7166594030e-02 -1.6374391851e-01 1.3655262398e-01 -2.7569696564e-02 1.1903836804e-01 1.3880017298e-01 1.6062758354e-01 -5.5052278038e-02 -5.4002003355e-02 -3.9637735838e-01 -8.1423952748e-02 -8.6013752232e-02 9.6500496139e-02 1.4197203715e-01 -1.5142007420e-01 2.7996462674e-02 1.8501074134e-01 5.3084863116e-02 1.1938438605e-01 -1.9484286997e-01 5.3765844271e-02
2.1055723884e-01 1.1329714629e-01 1.6013475093e-01 -2.0120458288e-01 -2.5742625596e-01 2.9053107983e-01 3.5046671945e-01 -2.3278613030e-01 1.9473466728e-01 -6.9199205715e-02 1.0290895546e-01 1.1955184491e-01 2.6126506250e-03 1.1277469694e-01 -2.3664440702e-01 -1.8074511070e-02 -8.8678757582e-02 -1.0783691045e-01 -3.2782444635e-01 5.9354598563e-02 9.7485786163e-02 -1.7405974175e-01 1.0784274798e-01 -1.1851906583e-01 1.9550076578e-01 -6.6561390166e-02 -4.5747545793e-02 -9.6900269331e-02 7.9729153263e-02 2.8041769869e-03 1.4659842510e-01 4.9790772021e-01
-4.7991057181e-02 -4.6669008589e-02 -3.1803490998e-01 -2.5202408267e-02 -1.0813271446e-01 1.3178502787e-01 -2.7017412745e-01 9.8799374910e-02 -5.5589799371e-02 -1.8593945465e-01 -2.3146301305e-01 -3.1543080022e-02 -4.4322632872e-02 1.8793959132e-01 -6.3581190936e-02 -3.3841280332e-01 1.2400988124e-01 -5.7906917722e-02 -1.2635919494e-01 5.0728706199e-02 1.9438422033e-02 1.3843967612e-01 -2.1526569468e-01 4.1370531841e-02 7.7154130973e-02 8.7057088614e-02 3.4547913505e-04 9.3406876028e-02 3.1074495970e-01 -1.5818333267e-01 1.8673263486e-01 -5.8719106650e-02
1.3388340967e-01 1.9770980307e-01 -9.7654317023e-02 -8.0240866904e-02 -4.4136889659e-01 5.3428359340e-01 1.4347445135e-01 -2.8106339521e-01 -8.1894363009e-02 -2.9841804029e-01 3.5851845287e-01 -1.1786990063e-01 1.6353781275e-01 1.6527159032e-01 9.8502966436e-02 -1.9557522047e-01 -1.8254072375e-01 1.5304599085e-01 -2.5983095449e-03 -1.7746618094e-01 3.3836448209e-01 -5.0194388970e-02 1.4813875201e-01 -4.4569530009e-02 5.0225445072e-02 -6.4811948285e-02 -8.8266170506e-02 2.0000486495e-01 -1.4952769740e-02 6.1522339822e-02 1.4041007282e-01 -2.1571848331e-01
-1.3199992465e-04 -5.3235874570e-02 9.0204379156e-02 2.3297467487e-02 -1.3715023563e-01 1.3309346031e-01 3.3584565112e-02 -4.7770378985e-01 -6.3418833773e-04 -7.6947186229e-02 -3.5315026299e-01 -1.9935311375e-01 -1.7511831208e-01 -6.9577678785e-02 3.1377574952e-01 -3.0554398863e-01 -2.1821686063e-02 -1.9396350119e-01 -1.1944660363e-01 -6.6075103015e-02 3.5274474520e-02 -1.6538619765e-01 2.7898772948e-01 -2.4090326112e-01 1.1812318968e-01 1.1356045996e-01 -7.4270366533e-02 1.5786917170e-01 -2.0766770573e-01 -1.0996575030e-01 1.6583425845e-02 2.3958384759e-01
-2.1886643757e-02 -9.0036737582e-02 7.9922760502e-02 8.5511852023e-03 1.1916951743e-01 2.0513411793e-01 -1.3317144369e-01 -1.5008871845e-01 1.1372657553e-02 -5.6927447373e-02 -6.0168779534e-02 1.6748740747e-01 -5.0971932253e-02 2.6841262387e-01 -8.1368993834e-02 2.3157029067e-01 3.3619757789e-02 -1.9437990912e-01 -2.3892176234e-01 -1.5712352391e-01 4.5749965056e-02 -1.6014877123e-01 2.3982965431e-01 -8.8531435197e-02 1.8787141693e-01 2.1388286084e-02 3.7218022427e-03 -2.1935454701e-01 -2.5475029323e-01 1.4242454721e-01 -2.0012215659e-01 -1.4522239317e-01
-3.5082819181e-01 4.3907490693e-01 5.5840737576e-02 -1.6502461660e-01 3.6228835449e-01 1.4424169886e-01 -1.6988848756e-01 -3.6606545757e-02 -4.8796939069e-01 3.0934272588e-01 8.9195378781e-02 -5.7501406705e-02 5.2713388108e-02 -6.8580118517e-02 -1.7851848802e-01 -1.5549585491e-01 -2.3101073151e-01 2.4688855413e-01 -3.0472280571e-02 3.6236348431e-03 -2.2042448552e-01 -9.8509843780e-02 -3.7718913113e-01 -4.1301680600e-02 3.0293071472e-01 -2.9603737393e-01 -3.3040250527e-02 -1.2418818980e-01 -6.5888031097e-02 1.3873655351e-01 -1.0883002906e-01 -3.1808027912e-02
1.1226374036e-01 -2.2056827801e-01 -1.4610967274e-01 -1.4751222561e-01 -2.6624471983e-02 2.3241306472e-01 2.4359812697e-01 -9.3986211115e-02 2.5335692826e-02 -7.8705449778e-02 -1.9674563832e-02 2.3250388337e-02 -1.8383699194e-01 -7.6799517999e-03 8.7645424129e-02 -2.6286676588e-01 1.2750702482e-02 -1.6405840579e-01 -3.5953020266e-01 1.4480404602e-01 6.3701273436e-01 4.1511070531e-03 -3.9550095472e-01 -2.6181668309e-01 -9.8361487889e-02 -6.8774087526e-02 -3.2051146120e-01 2.2294621568e-02 5.1900816013e-02 4.7969212988e-02 -5.7877151747e-02 4.0574189173e-02
-3.8722298301e-02 -9.5500782149e-02 1.4022246802e-01 1.0102872124e-01 -4.5262078200e-01 -2.0772729303e-01 3.0706002164e-01 -1.8813059773e-02 -1.5288869533e-01 6.8782947464e-02 4.4954859005e-02 1.1029935278e-02 4.5758412119e-02 3.9050195336e-02 -2.2973284826e-01 -2.6319700289e-01 1.1770526654e-02 -3.6441070667e-02 -6.2683595596e-02 -7.8070201821e-02 -1.1695007191e-01 -2.5184852285e-02 -5.4495480551e-02 -8.8150111556e-02 1.9745641486e-01 2.5484151654e-01 4.1899379285e-01 -7.6050745466e-02 1.4590676059e-01 1.2542673122e-01 7.3742766917e-02 -2.3153307018e-01
3.2397095900e-01 -3.9875415800e-02 1.0641698694e-02 1.4566198169e-01 2.6548211158e-02 -1.2810229019e-01 -5.8536297071e-03 2.7065203620e-02 2.1664373308e-02 1.0766982134e-01 -2.0079080166e-01 -2.7849957330e-01 1.5260317839e-02 2.5040185934e-01 3.1362005608e-02 6.4190238464e-02 -8.4717491507e-02 5.4878883762e-01 2.0678421249e-01 6.2663275983e-02 -3.1406286398e-01 2.7661757242e-01 8.5059627247e-02 7.7474220646e-02 3.6014048207e-02 1.4328329746e-01 -1.3633372537e-01 -1.6893348648e-02 -1.9631555409e-01 3.0890672342e-01 1.3730361526e-01 -6.5672381104e-02
2.8233397850e-01 1.5752551986e-01 1.4138292091e-01 6.5331741944e-02 9.2036515810e-02 -2.1381354501e-01 -2.7169284508e-01 1.1696837604e-01 3.2452985016e-02 -3.2477095145e-01 -1.3053703228e-01 -3.3090035649e-02 1.2345230193e-01 -1.2546676098e-01 -1.7881492400e-01 8.6954625550e-03 -6.5658560534e-02 -9.6257953187e-02 1.3361295339e-01 -3.6464039894e-02 -2.3030787393e-01 -9.4604520797e-02 2.0219299671e-01 2.3418724710e-01 -2.0976315908e-01 -1.0762900475e-02 -3.1471727868e-01 -4.8268977505e-02 -1.2536730301e-01 9.8448249418e-02 -1.3499520692e-01 -8.4114482576e-02
-2.9534018747e-01 5.4809552605e-01 1.3620804742e-01 -2.4521873215e-01 -1.1512630042e-01 7.1284389548e-02 2.1330497154e-01 1.9682771800e-01 5.1350165161e-03 -1.7765371032e-01 -1.5408005298e-01 6.8665724994e-02 1.1372901802e-01 -2.1982859393e-01 1.2913365583e-01 8.6751764016e-02 -1.3069608485e-01 -8.5271486627e-02 -8.3993316504e-02 6.8613893718e-02 -3.4818166309e-01 4.0261846121e-01 1.7663467727e-01 6.0041427314e-03 -1.2644694273e-01 1.3222013557e-02 -9.3028191760e-02 9.3752607956e-02 7.7524872676e-02 6.6475989523e-02 -8.6591127400e-02 -1.0492132497e-01
-2.8633096351e-01 -2.1399913982e-01 3.6829983897e-01 1.0521481171e-02 -3.8758318804e-01 -4.6086319766e-01 -2.9920933539e-01 -2.8185073138e-01 -2.5372763337e-02 -1.3707342979e-01 -2.7818081107e-01 -3.4466533550e-01 2.5307245119e-01 4.7078837357e-02 5.5380843227e-02 -1.5653397517e-01 2.4940745807e-01 2.4054480394e-01 1.9015834425e-01 -4.8993615968e-03 8.6501365951e-02 -1.0748040841e-01 1.3847117762e-01 1.2082481343e-01 -2.9695144563e-02 -2.1573148206e-01 -2.1461782482e-01 -1.3421620260e-01 -2.3738366548e-01 2.7602837281e-01 -6.1747033024e-02 -2.3695311461e-01
-1.3013722465e-01 1.3359847302e-02 -2.0446271390e-02 -3.0353081528e-01 1.3542438972e-01 -1.7302007995e-01 -2.5542206945e-01 6.9880718522e-02 -9.4648082489e-02 2.7847270273e-01 -9.6069559132e-02 4.2260086716e-02 7.4552909837e-02 1.8518139058e-01 -2.4465736366e-01 7.7357961077e-02 3.1126421487e-02 -2.9169207233e-01 2.5160611826e-01 -1.7782863775e-01 -1.4729105118e-01 2.8058199996e-01 1.6776649073e-02 -2.0317242493e-01 1.7155823819e-01 -1.4329350992e-01 -6.1962358673e-02 2.4067179266e-02 1.6172109794e-01 -9.6504808547e-02 3.7753682539e-01 8.6685852765e-02
-1.7097567873e-01 -2.2622828679e-02 -2.0540426079e-02 -2.1795885376e-01 1.2255079144e-01 6.8958774725e-02 -3.2521124731e-03 5.0624391984e-02 -7.8452957159e-04 1.5087966764e-01 -1.8317874751e-01 -4.8708699992e-02 1.7469013392e-01 -2.6843252663e-01 -6.8153148101e-02 -9.0498823816e-02 5.9988673346e-02 1.6618159020e-01 1.5729681799e-01 -1.0538651244e-01 8.5281529607e-02 -2.7121911898e-01 4.1309268295e-01 1.4163137082e-01 -1.9508737236e-02 -2.3778204572e-01 1.4452001931e-02 1.7757792824e-01 -9.8721372464e-03 4.9807389173e-02 1.7527282923e-01 -1.3690400442e-01
-1.1802407254e-01 -1.2219444872e-01 -1.5434611316e-03 -1.7389269722e-01 -1.8239342735e-01 7.4970000463e-02 1.3594486113e-01 -1.0784307224e-01 -8.7594164813e-02 -3.9154655273e-02 1.8942558529e-01 -2.6293879140e-02 2.3143066233e-01 -2.8127313374e-01 -1.0644113030e-01 9.9346861335e-02 1.1692594981e-01 -1.7336633022e-01 -2.2187778975e-02 -1.2547001954e-01 -6.8367567045e-02 -1.0679946533e-01 -2.2204901255e-01 1.1501872796e-01 1.9828587760e-01 -1.1276988581e-02 1.8772468031e-01 -8.5955510895e-03 -1.8478941266e-01 -5.1934590412e-02 -2.3276476272e-01 -5.0427475946e-02
-1.9019106659e-01 -3.6387407545e-01 -4.6847600389e-02 -1.8217273170e-01 4.5969965610e-03 7.7146135392e-02 -9.8682715250e-02 -2.7350012659e-01 -2.8859552185e-01 -2.5096606520e-01 -4.2653725878e-03 -2.7262769006e-01 -1.7156957830e-01 -2.6229123416e-01 1.5633912555e-01 -3.5432095888e-01 1.8333940231e-01 3.6904852253e-02 2.1803574268e-01 2.7553322050e-01 -3.8569550326e-01 1.9363952760e-01 8.6657077035e-02 1.1713375756e-01 3.2927356870e-02 -3.5728010687e-02 1.0967967870e-01 4.9781400562e-01 4.9508065540e-02 5.3369905634e-02 -1.5641448922e-01 -1.0907752046e-01
1.0689338485e-01 1.6104472800e-01 6.3078618688e-02 -3.3167726364e-01 1.4112731434e-01 6.6186563485e-02 -3.3563642760e-01 2.6301759493e-01 -1.3704977009e-01 3.6869707536e-02 1.6537832484e-02 2.5060939459e-01 -1.6002687965e-01 -2.5386298691e-01 -8.1914752305e-02 -3.6821296054e-02 -2.1650980966e-01 -4.0720586074e-02 9.5830420131e-02 -1.1107364733e-01 6.6895104307e-03 -2.3838041990e-01 -1.5441311582e-01 -9.1950892311e-03 2.0647881201e-01 9.0544301603e-02 -1.1641285237e-01 -8.8717792151e-02 -7.9213264214e-02 1.5870516217e-01 -1.1327650712e-02 2.1777392513e-01
-4.0350245758e-01 7.5207973463e-02 -1.0590771202e-01 2.4681859050e-01 3.3277459094e-02 -1.1731263035e-01 2.9490580403e-03 2.8085067934e-02 1.0970127632e-01 -4.5910742330e-02 1.8324017732e-02 -9.6169464743e-02 -5.8394089007e-02 -2.4689993704e-01 1.6126661801e-01 -2.3042506267e-02 3.9613973805e-01 1.1646946733e-01 -7.6193632701e-02 4.5449760444e-02 1.2183989265e-01 1.4665710728e-02 -1.3319158512e-01 -8.2760991589e-02 -4.4283656537e-02 -3.4883647456e-01 2.2464066634e-02 -3.1552384508e-01 -9.0456279125e-02 8.6775308640e-02 -1.0713282583e-01 -2.8151386273e-01
-2.4554039731e-01 -7.5692955366e-02 6.3489495455e-02 -1.7594367706e-01 -7.6664758548e-02 -1.4398228206e-01 -2.4908007117e-01 1.5572766463e-02 1.4115336403e-01 -5.2077994209e-03 -2.1292534249e-01 -9.7296111245e-02 5.9631213942e-02 2.1028667518e-01 -1.6158228646e-02 1.5669614880e-01 -2.2483276975e-01 -1.3552960057e-01 -3.4176816636e-01 1.9620512203e-01 3.5800403231e-02 3.8840906681e-01 1.5032768744e-01 -2.7839592126e-01 -7.8023157319e-02 -6.3539675400e-02 1.6429876303e-01 -1.7118548646e-01 -2.8302473808e-01 7.2382008038e-02 4.5244178081e-02 -1.5094974043e-01
1.4096038593e-01 -1.9086677710e-01 -1.1387271749e-01 1.1958860324e-02 -2.4451042244e-01 1.8619901177e-02 5.4588396937e-02 8.0528218508e-02 -1.6174102212e-01 9.7318133155e-02 1.7316791644e-01 -8.5091794788e-02 6.7796229297e-02 4.5066120981e-02 -3.7991277704e-02 2.6564886288e-01 1.5850805883e-01 -1.4977275951e-01 -7.1502902784e-02 8.5812153449e-02 5.2469847959e-02 2.0738147362e-01 1.2415691015e-02 -8.8562019886e-02 -3.6461668261e-01 -2.1887501113e-01 -3.0760125245e-02 -5.8224139752e-02 6.3508680581e-02 1.8894449452e-01 -2.1160660981e-01 1.3556705764e-01
-1.9289153729e-01 -8.8557092432e-02 1.6161031189e-01 6.4658264107e-02 -6.3022772101e-02 -1.2350552357e-02 -5.6160957366e-02 -1.1525108669e-01 -4.2918578713e-02 -1.0029846169e-01 -8.5322646294e-02 1.8531133998e-03 -3.5340313424e-02 -1.3406715702e-01 4.8922917832e-02 -2.8632284790e-01 -8.2039202999e-02 -9.8567436114e-02 6.7390028224e-02 -1.2612172923e-01 1.5866303668e-01 -1.7911969740e-01 2.2446112465e-01 8.7293715586e-03 -1.1978583925e-01 1.3150247145e-01 5.5688679583e-02 -7.0404777870e-02 2.7299388189e-01 -5.5102409040e-02 3.0080727692e-01 -8.4142754107e-02
-2.3080335888e-04 3.2687068329e-01 1.2921524656e-01 -1.0352176486e-02 -8.9957391090e-02 -8.4910119961e-03 -2.2556652619e-02 7.7769398373e-02 -2.2676403357e-02 -3.3012482570e-03 -2.7819301643e-01 1.0886593348e-01 6.8854549739e-02 1.4482052664e-01 1.9053283661e-01 1.8250229891e-01 2.1359055665e-01 -2.0996622675e-01 -1.6486600967e-01 1.7172756371e-01 9.9775309853e-02 6.2265800165e-02 2.8367418942e-01 1.2703010687e-02 1.4122086730e-01 1.1799193344e-02 1.8580562136e-01 -1.2594380374e-01 1.6258244186e-01 -2.7099095321e-01 3.3051275521e-02 2.4730322992e-02
1.7145943089e-01 3.0489930689e-01 1.5984716064e-01 5.5497205327e-02 1.0360617858e-01 -4.7314913003e-01 8.2034853953e-02 3.3038668686e-02 -3.3947102552e-01 -1.9975830865e-01 2.4051760361e-01 2.6985909398e-01 -3.5822329871e-02 -1.0162231731e-01 -5.7967460066e-02 3.4791741850e-01 1.2745726017e-01 1.2513787747e-01 -5.6681724982e-01 -1.6774809770e-01 5.3162476241e-02 -1.6875896787e-01 -1.2186710297e-01 -2.9111176031e-01 -1.9512142678e-01 1.4391649343e-01 -8.2290763195e-02 -5.2092253660e-02 -2.3138871327e-02 -2.5862546268e-02 -1.3001951566e-01 1.2589945109e-01
5.1324800773e-02 -8.9233245023e-02 1.8478596442e-01 1.3547178989e-01 7.8211404790e-04 -2.2329714508e-01 -4.6497497128e-01 3.4786409872e-01 -2.5666372317e-01 2.0623145451e-01 -2.6356080736e-01 -1.5718798264e-02 -1.3113493526e-01 7.3335693427e-02 -3.5546756203e-01 7.9797892302e-02 -2.9193867764e-03 -2.7794673225e-01 -6.4157931399e-02 -8.1204090319e-03 -9.0309426042e-02 -2.9552493677e-01 -2.8076106811e-01 2.4085541360e-01 -3.0223585209e-01 8.2994989168e-02 1.7223737259e-01 -1.4685811585e-02 -1.2923232636e-01 -2.8430481261e-01 -2.5855827388e-01 1.0155873048e-02
-1.5899158376e-02 1.2927905251e-01 1.3730806583e-01 9.7617317228e-02 2.2927981290e-01 -2.0335648696e-02 1.5778109232e-01 -1.4267232746e-01 9.4482787529e-02 -1.2898241440e-02 -2.3427952958e-02 3.0880997675e-01 -3.7038635007e-01 -2.0861288480e-01 2.4730276665e-01 -1.5749201635e-02 -1.4003692251e-01 -3.3850456079e-01 -5.9828388584e-02 -8.8052384358e-02 -2.3275443223e-01 2.7397851589e-01 4.1004600759e-01 8.8930530443e-02 -5.4282794367e-02 2.4496527773e-01 3.5583874913e-02 -4.3842752090e-02 -7.3594888762e-03 4.4613624128e-01 1.1166155825e-02 3.8657387822e-02
2.3267137845e-01 -1.3309984740e-01 -4.5661611118e-01 -9.8594365866e-02 2.5177940608e-01 -8.9394280238e-02 -2.7285548730e-01 -8.6551572128e-02 -7.6360383458e-02 2.1077323028e-01 3.0974731433e-01 -1.6497137071e-01 -3.5908427465e-01 2.1515372979e-01 -2.1182326151e-01 1.1213467259e-01 -7.2327142520e-02 2.1133378467e-01 -1.5223599901e-01 -2.1244371629e-01 6.9679252331e-02 -3.1970894291e-03 -1.1840939099e-01 2.5955015337e-02 -4.6922784755e-02 1.5931998404e-01 -1.6648610992e-01 1.8327493498e-01 3.0538020343e-01 -8.7853433547e-03 -2.2608674978e-01 1.1477320299e-01
-1.7196833557e-01 -2.9882311038e-01 -7.9686908540e-02 -6.4501340204e-02 2.4660083507e-01 2.2212597639e-01 -7.4339860463e-02 7.6548188411e-02 -1.4540066971e-01 2.1368409560e-01 5.7611049281e-02 1.0543930775e-01 2.1625255038e-01 -1.6187655392e-01 1.3445803711e-01 -1.0036299967e-01 1.6478187476e-01 -6.3396933454e-02 9.1599068482e-02 -5.4135181534e-02 7.5308830778e-02 1.0998749317e-01 3.6960799958e-01 -2.6726905640e-01 4.5996108485e-02 2.2792441927e-01 2.0057977474e-01 -3.7702127314e-01 8.6520926503e-02 5.9858843427e-02 3.5130344473e-01 -7.2706233109e-02
