-2.0967553917e-01 -3.0218711518e-01 1.9865582739e-01 1.5020068126e-01 -2.7231426932e-01 -4.1517274298e-01 3.2214531131e-01 -1.2904706461e-01 1.4567084416e-01 8.7394774140e-02 -2.3456961180e-02 1.1031656504e-01 -1.9568483473e-02 5.1002550484e-02 -2.6537486176e-01 -2.0336376471e-01
-5.2361280241e-01 1.7986428414e-01 -1.7701238163e-01 2.1779078841e-01 -5.8415840844e-01 -2.7033670782e-01 -8.4800920936e-02 3.2446416878e-01 -9.1446014814e-02 8.8391967977e-02 2.5919707066e-01 2.0430073884e-01 1.8438216059e-01 3.7872475686e-01 -3.0111376804e-01 -2.5491987527e-01
-7.8277508259e-02 4.4134367021e-01 1.1965346211e-01 1.2359154607e-01 1.1230599040e-01 1.5267817795e-01 8.1403235563e-02 3.3159064540e-02 -1.4015819808e-01 7.7716080653e-02 8.0489121733e-02 -2.0024960437e-02 -2.5911371995e-02 -1.8261870108e-01 -3.3460252771e-01 -5.3771726627e-02
-1.2003881092e-01 4.1123637969e-01 1.2970754286e-01 3.2170134307e-01 -2.3427622965e-01 1.6677810523e-02 -1.3450709016e-01 -2.6833215176e-01 4.7672195608e-02 -5.3118311523e-02 6.7626936746e-02 -1.8259878391e-01 -2.7981631926e-01 1.0005181237e-01 3.3716271176e-01 -3.8234340765e-02
-3.2348927258e-01 4.7436340974e-02 -1.1904338522e-01 1.7997951662e-01 -2.0763725176e-01 -2.2294310855e-01 5.1380825142e-01 5.1041782524e-02 2.0120278546e-01 3.7736678556e-01 2.9962281403e-02 -7.3172127821e-01 1.0189239955e-01 1.9251983474e-01 9.7643501584e-02 4.1384702353e-01
-3.2669696480e-01 -9.7915279761e-03 2.0113641260e-01 2.4698176286e-01 -1.7434769666e-01 -2.0714287804e-01 -3.6203284971e-03 -9.1910699102e-02 7.1681232678e-02 -2.6125528444e-01 2.8444135124e-01 -2.3866451894e-01 -9.2657403599e-02 2.7464528958e-01 -6.8529698467e-02 4.1303158958e-01
-1.0515918401e-01 -4.9803063547e-02 -1.2898331268e-01 -1.4525978000e-01 -1.3810167901e-01 2.1274709340e-01 -1.8711260060e-01 -4.3730023947e-01 5.8066809542e-02 -5.7829029328e-01 5.1837132908e-02 -2.3220518295e-01 2.1885785103e-01 -2.5973114755e-01 1.2215143669e-01 2.4352035759e-01
-3.1583782132e-01 -6.7783078819e-01 -9.9232154242e-03 2.3139017664e-01 1.3058410089e-01 1.5555363647e-01 -1.9758060455e-01 -2.1175191647e-01 2.4351359267e-01 -1.0550287619e-01 -2.4438140565e-01 -3.9764521959e-01 -8.1770083690e-02 -3.4244210156e-01 3.2492303922e-02 3.1971418774e-01
9.5144032137e-02 8.6251795212e-03 6.6019553276e-01 1.9436081459e-01 6.4989624829e-03 2.4916337202e-01 7.7361798344e-02 1.2576714183e-01 -3.9280471945e-01 5.8671999742e-02 1.7367900938e-01 -9.4087523194e-02 4.5244456605e-01 -3.1889332473e-01 -1.8120500333e-01 -2.9175034944e-02
-1.4171529250e-01 2.4357462979e-01 -9.8465543163e-02 -1.2874224340e-01 -2.9116292928e-01 1.8682104678e-01 -2.5013507559e-01 8.5188130459e-02 -1.9311699094e-01 1.4033603471e-01 1.1041191496e-01 -4.3780351980e-01 1.3307297958e-01 -2.3371971244e-01 -8.0988252092e-02 -1.4636350710e-01
2.4520970765e-01 -2.6725990610e-01 -2.4965587690e-01 -2.3822515138e-01 2.1152577273e-01 1.7577716595e-01 -8.0025608808e-02 6.8367572296e-01 4.9045713772e-01 3.0611520760e-01 3.1569310023e-01 3.0769883865e-02 1.6800771449e-01 4.3370788288e-02 -5.6423226920e-01 -2.0109312006e-01
-1.7989734951e-01 2.7650054529e-01 -2.6356794806e-01 -3.0120909063e-02 -2.1737517632e-01 -4.0194227713e-02 3.1078364591e-02 -7.0830468198e-01 -1.1692316663e-01 -1.2186861377e-01 1.4882504309e-01 3.1093010300e-01 8.6152953284e-02 -3.2029886379e-01 -2.1422023725e-01 2.0070019677e-01
-1.1816621951e-01 1.7727368127e-02 -2.5311506410e-01 1.3417899441e-01 -2.9426841585e-02 -1.7468226784e-01 1.0987993993e-01 -6.2659308435e-02 4.8663979981e-01 -2.7204962677e-01 2.2442073599e-01 2.1876180534e-01 -2.4508913059e-01 -2.7651655760e-01 -9.0358040208e-02 9.5871336551e-02
-1.0970217802e-02 7.1289016802e-03 -1.9749091562e-01 -2.3782024535e-01 -1.3267694060e-01 4.6059783648e-01 -5.1069327408e-01 3.5016088002e-01 2.2591261622e-02 5.3287587015e-01 7.6522554106e-02 2.4350858088e-01 -1.0233156568e-01 -9.8403753494e-02 9.7411683639e-02 -4.3217747994e-01
1.2185644767e-01 -2.7666706605e-01 -3.4564911145e-01 -2.9295791077e-02 -3.6503594269e-01 1.3749862143e-01 -5.9233805395e-01 -9.7000771062e-02 -2.6611631245e-01 -1.0837720672e-01 -3.8028530483e-01 4.7884705684e-01 3.3170029967e-01 -3.2816322692e-01 2.9918087187e-01 4.4174939653e-01
-2.5443598676e-01 6.9841788461e-01 2.0183622683e-01 7.3688889672e-02 -1.1979946457e-01 -1.1499132506e-01 -9.0202853310e-02 5.8704122952e-02 -1.6068530174e-01 -6.8677072418e-02 1.9643155480e-01 -4.8075529785e-02 -2.8283882483e-01 2.7407372934e-01 -1.7200350453e-01 1.2915913378e-01
