-5.8108175574e-01
1.4038795607e+00
2.0576167654e+00
-6.1563841686e-01
3.0259586327e-01
2.2976196430e-01
4.7935172405e-01
7.0041474521e-01
-5.5999485474e-02
4.6098708403e-01
-1.3621584832e+00
1.0742640276e+00
1.8964489101e-01
-4.6053407269e-02
-8.5306576597e-01
9.4142875823e-01
-2.7466078767e+00
-5.2349807480e-01
-2.5387199720e-01
2.8483708377e-01
-1.0287889720e-01
-8.9140023973e-01
1.2945906960e+00
-1.5114614408e-01
-7.9070445799e-01
9.4608658311e-01
-1.0064826264e-01
-6.4559387596e-01
1.5222835348e+00
-7.3174033871e-01
2.0180164965e+00
-1.0572830815e+00
