-1.0917302053e-01 -1.3108135447e-01 -3.4514980279e-01 -1.6024918550e-02 -2.8058955129e-01 3.1983826036e-01 1.9598955362e-01 -3.6816753836e-01 -6.5789821138e-02 1.7059961538e-01 5.6646319695e-02 8.0680601417e-02 2.6463389454e-01 -3.0854721895e-01 -1.3479614196e-02 2.6455308549e-01 -3.1927232458e-03 5.8441327343e-02 1.2728167443e-01 3.3157375258e-02 -1.9096339902e-02 6.5583624000e-02 1.1537693708e-01 -2.7831224129e-01 5.1726527808e-02 -9.0278081866e-02 2.0128849175e-01 -1.5610019908e-02 2.3454788654e-01 -2.4011417368e-01 2.0458656218e-01 5.4039602075e-02
-6.8993690497e-02 1.8014325022e-02 1.7396795314e-01 -1.8628028670e-01 4.6763695360e-02 -1.6379079433e-01 -9.0394743337e-02 -2.9259789516e-01 -1.9479962382e-01 8.0019148355e-02 7.1026402954e-02 -3.0819028627e-01 -7.0496604593e-02 2.0429139636e-01 -2.0229079612e-02 -1.5605226255e-01 -2.9864339726e-01 -2.3188790436e-03 2.1231624498e-01 -8.0903521548e-03 7.9108704231e-02 -1.8168125544e-01 2.4697536886e-01 5.6477485332e-02 5.6925106656e-02 -2.0314260542e-02 3.1683583100e-02 1.9135129517e-01 -7.9368693855e-02 -4.5848957490e-02 -1.4718313022e-01 -1.6438256720e-02
-1.9494456428e-01 -1.8378688420e-01 6.9567873723e-02 4.1956945738e-01 -1.0563592453e-01 2.8149199763e-01 -1.5142106765e-01 1.7734593101e-01 -5.7113519012e-01 -1.7977209698e-01 1.0649018579e-02 -3.7420446924e-02 -1.8426717828e-01 2.1482215575e-01 -1.2349179574e-01 3.6465167992e-02 5.9819435189e-02 2.7159213289e-01 2.3355784357e-01 -1.6432659303e-02 -1.0138782454e-01 3.8807295793e-02 1.4737102444e-01 1.4256184297e-01 1.5851198960e-01 -6.9488387949e-02 1.3249702605e-01 -2.0311633686e-01 -7.5683024151e-02 2.5532513711e-01 -9.1404127656e-03 -6.3155102300e-02
-1.7470257226e-01 -1.0364458223e-01 1.3377910829e-01 -1.3534108953e-01 -4.3899129080e-01 -1.0259315940e-01 -1.3758613862e-01 1.2878809895e-01 -1.8945376421e-01 2.0619399748e-01 -2.9117214935e-01 -1.3950915215e-01 2.7613752235e-01 1.9773345586e-02 -6.8429326961e-02 1.0861897596e-01 1.4745126020e-01 -7.6507183136e-03 1.6429790215e-01 1.5283591208e-01 -2.2120768883e-01 6.5180632546e-02 7.5756669856e-02 9.3011016841e-02 -1.2446411839e-01 -1.4788997841e-01 -3.1453118192e-02 1.8114241891e-01 7.1565393016e-02 -3.1889211516e-01 -8.2976210353e-02 -8.9466311983e-02
8.9330530062e-02 2.2765698142e-01 4.8987282609e-02 -3.8893252306e-01 9.3186224677e-02 1.0388392083e-01 2.3192024930e-01 2.1352162930e-02 -2.3802450925e-01 -2.2444218793e-01 9.2005405169e-02 -7.4038883332e-02 6.6580809045e-02 -1.2447810675e-01 -1.1643914653e-01 -1.9408624527e-01 -1.0705937085e-01 -4.6891819664e-02 -9.2013162258e-02 2.8244150961e-01 9.9685873738e-02 -3.7667137537e-01 1.3032120669e-01 -2.7287228908e-02 -1.8843088949e-01 2.0659399693e-01 -1.5996686472e-01 4.7897314158e-01 1.3113133144e-01 1.9448900714e-02 1.3539690423e-01 -5.1305482205e-02
-9.8092062589e-02 -1.9220397890e-01 -5.2676960905e-03 -2.0561984456e-02 -2.8937824893e-02 -2.4320016409e-01 1.2012921114e-01 4.8127227111e-02 9.8659199580e-02 -2.8429341215e-01 1.5581192908e-01 1.3166908383e-01 -1.0418398303e-02 1.4345276765e-01 5.9656440160e-02 -1.0346721564e-01 -9.4257555211e-02 7.5763363746e-02 -9.5260168374e-02 -1.2870288390e-01 1.1761502302e-01 1.1838394796e-01 -3.0470242835e-02 3.1440249416e-02 2.5447767523e-01 3.9469449582e-02 6.0075630848e-02 2.2706517955e-02 1.8392872009e-01 -3.7292822946e-01 -3.6936647136e-01 -2.3087018466e-02
-7.2112677647e-02 1.1304761881e-01 -1.4184074266e-01 9.5641719257e-02 1.6928353122e-01 1.5628681063e-01 -3.3812155651e-01 -2.8506089980e-01 -4.8468843598e-01 1.3872030437e-02 2.5209223073e-02 -4.7408112185e-02 2.4114687232e-01 6.1733316183e-02 2.6231852135e-01 5.7736567523e-02 4.3861788335e-02 1.4873759248e-01 2.1313747837e-02 -1.2188798940e-01 -2.2114959481e-01 4.5762316026e-02 -6.2992081630e-02 1.6327835303e-01 -8.1137993109e-02 7.7824005158e-02 5.7264973782e-02 2.6388042751e-02 -9.9192847906e-02 -9.8834806405e-04 -6.7790697246e-03 9.4350809612e-02
-1.5039853203e-01 4.3514187866e-01 -4.9399181519e-02 1.8316352633e-01 -1.2071036530e-01 -7.4595981823e-02 -1.8058248811e-01 -6.1241391479e-02 -9.7662585976e-03 -2.2216828734e-01 2.5730434477e-01 2.1790710698e-02 -2.3388033594e-02 -2.6431469282e-01 -2.7972450239e-01 8.2933397346e-02 -1.5619880672e-01 -2.4931890454e-02 -3.0799041292e-02 1.1790278331e-01 1.0154240175e-01 5.1595603854e-02 3.1218416608e-01 3.7629207584e-01 2.0221150028e-01 -2.1072090638e-02 -3.6295593777e-02 4.1468041901e-01 -9.3379615887e-03 1.6955114281e-01 -1.5522571731e-01 -3.4895889639e-01
-1.3931610249e-01 -4.8923793401e-02 -2.2705279908e-01 -2.1988730217e-01 1.1664437635e-01 -1.5647432380e-01 1.8401085347e-01 -8.6689123831e-02 -3.9635495967e-03 -2.9346089691e-01 -2.3776872953e-01 -2.1841375865e-01 -2.9307733086e-01 -3.3562862524e-02 2.1133592745e-01 -1.5751029965e-01 2.6521420703e-02 -1.6095993042e-01 1.6187922242e-01 -1.6940874991e-01 -9.0617349993e-02 1.5110482585e-01 1.2399678796e-01 -3.1506133231e-02 -2.5870414339e-01 1.3575110303e-01 -1.2971449261e-01 1.1015812913e-01 -4.6328985979e-02 -2.1973384544e-01 -1.9708215298e-01 -3.5320500514e-01
-1.8428221039e-01 1.9635410040e-02 -1.8822802226e-01 -1.0853041827e-01 -2.8579326403e-01 -2.2825445365e-02 -3.7127189288e-01 8.7932227768e-02 2.8423651953e-01 5.4109130756e-03 1.1028194217e-01 -3.1011469235e-02 -1.3222277970e-02 -4.1451840068e-01 -2.0252763564e-01 1.5301777752e-01 -2.9553409720e-02 -9.9292679823e-02 -3.9093852474e-01 8.6730218422e-03 -1.1258437766e-01 7.8437601907e-03 9.1752155425e-02 -1.3554509256e-01 -1.6207423391e-01 -2.3618031822e-01 4.9009288560e-02 1.1879447256e-01 4.4705623996e-02 -5.8046325692e-02 -2.2717430691e-01 2.2858092582e-01
-2.4649656363e-01 -4.6696434093e-02 2.6294013955e-01 -3.2300466903e-02 -4.5822190126e-02 1.0030673860e-02 -4.6306933642e-02 -7.0596923529e-02 -4.4287558669e-01 -5.0522567621e-02 8.7625686895e-02 -2.2540555074e-01 -2.3429613068e-01 -4.3237354490e-02 1.3499826142e-01 -1.1412098100e-01 -3.4700125908e-01 -2.5089420629e-01 1.7057591649e-01 -3.0484634632e-01 6.2164955156e-02 -8.9806297820e-02 -3.6632642106e-01 3.9634639767e-01 2.3268857585e-01 -1.2650390830e-02 -1.5430302984e-01 -1.5209709199e-01 1.7919382263e-03 -4.8237028980e-02 -1.8249911087e-02 2.7554580171e-01
-1.9197076089e-01 3.5190694206e-02 1.7496354138e-01 8.7354293205e-02 -5.3718669762e-02 -3.8435542220e-02 6.2036544873e-02 5.4235393256e-02 -1.6574067231e-01 1.8388870428e-01 5.8300596118e-02 9.3908426783e-02 -1.1141040016e-01 6.7601688520e-02 -2.6362291489e-01 -7.9425078577e-02 -3.4588156465e-02 -8.7877489922e-02 -2.6366364576e-01 -7.9364340534e-02 -1.9208207848e-01 -9.1830533205e-02 -1.4836647738e-01 2.6026255396e-02 2.9136047135e-02 1.0742165222e-01 -7.0757270850e-02 5.3697494034e-01 -3.4722225478e-02 2.6406781676e-02 1.3282776644e-01 -1.2098000062e-01
6.1743320824e-03 -3.7110004802e-01 2.0344624978e-01 3.1605168359e-01 9.5353615443e-02 1.1162695101e-01 7.9037173448e-02 -9.6963205743e-02 -8.6822374096e-02 1.0106734458e-01 1.2960294254e-01 -1.8037621221e-01 9.2706657284e-02 2.6298021346e-02 2.1219417750e-01 3.0416087394e-01 -1.4415355388e-01 -1.1116730728e-01 -3.6859464737e-01 -2.4912880994e-01 1.9673315816e-01 -4.5841897930e-01 -6.8402109427e-02 2.4757242346e-01 7.7937399543e-02 -1.4640478902e-01 2.9928759141e-01 -1.6648526764e-01 -3.6818254041e-01 -2.1718729553e-01 4.1965510887e-01 -1.0422379656e-01
2.1055441551e-01 -9.4630157594e-02 -2.1053616313e-01 -1.4057340430e-01 1.2674818378e-01 -3.0478823952e-02 -4.5481877192e-01 -1.9660839382e-02 -1.0398647612e-01 -1.8251941194e-01 3.2896096351e-02 -1.3492224952e-01 2.1256120777e-01 -8.7501989352e-02 -2.2432741627e-01 -1.3063750610e-01 2.6125088934e-01 -1.1478684157e-01 -2.5870398934e-02 -1.2289709603e-01 -1.2123625599e-01 4.7414428020e-02 -3.0646670269e-01 7.2702931574e-02 -2.1608365003e-01 1.5917458901e-01 -1.7658972728e-01 -1.3802466894e-01 2.6846149748e-01 1.1617766638e-03 2.1517466453e-01 1.7488305661e-01
-2.1816008804e-01 1.2124399209e-03 6.6551961039e-02 2.8383974332e-01 1.3485623088e-02 -3.2384215929e-01 -2.5993637644e-01 -2.1708072672e-01 -2.1062432541e-01 -3.4700505957e-01 -4.5356940213e-01 1.0237652895e-01 -2.1698783602e-01 -1.0568920701e-01 2.6674851595e-01 1.6476205915e-01 -1.7447289263e-01 1.9360484795e-01 -1.6713180035e-01 -1.7261749430e-01 -3.6539577151e-01 6.4636911110e-02 1.4853480655e-01 1.3466278093e-01 -1.2969455658e-01 2.4954772946e-02 -8.5418739947e-02 -1.8600144733e-02 -2.9792196404e-02 3.1638275497e-02 2.4852559655e-03 5.6471565476e-02
3.6306605905e-01 -1.0848205343e-01 -1.4745441341e-01 -1.0668587504e-01 2.0382311159e-01 -4.8356672623e-02 1.4871377139e-01 3.0617088883e-01 -5.5800731820e-02 4.4224536828e-01 1.7878930072e-01 2.3416360058e-01 1.0633033111e-01 -1.8483514446e-01 -2.0417050836e-01 -2.1800941235e-01 -2.0812784876e-01 2.4976973718e-01 -2.0497489835e-01 -7.0902599785e-02 -1.3511898048e-01 5.1102805449e-02 -2.1331127906e-01 7.4723129119e-02 1.2077806473e-01 3.5464544588e-01 -3.2362982532e-02 1.5863452403e-01 -7.3502769495e-02 2.7934736989e-01 3.7682804041e-01 -1.6630782295e-02
-2.1791218229e-01 4.7218698089e-02 -1.7515353169e-01 1.5437285563e-01 -1.4546743164e-02 1.5134905382e-01 -1.0587702314e-01 9.3284583767e-02 1.6373266197e-01 -6.9480624670e-03 -1.1971944569e-01 2.9449986578e-01 -1.7921832539e-01 7.0218775118e-02 2.0460843975e-01 -1.0904942213e-02 1.0541269224e-01 -1.6037332126e-01 -1.8625069568e-01 1.7510777702e-01 -3.8743788599e-01 -1.3291180512e-01 9.7763296159e-02 2.1597058204e-01 -3.4948592445e-02 1.8709686418e-01 2.3855552765e-01 8.9644484394e-02 1.4395767175e-01 3.9726916198e-01 -1.3677940758e-01 2.4826680269e-02
-2.6996963801e-02 1.5800953720e-01 1.8524602568e-01 -6.2860641105e-03 -1.1637788139e-02 -2.0772478025e-02 1.1500174242e-01 3.1464038348e-01 -1.1170546485e-01 2.3224791358e-02 5.9199063873e-02 -5.9310671522e-02 -1.2120983163e-01 -1.8507036344e-01 -9.7561324868e-02 -4.0302697665e-02 3.5947327617e-02 2.3747545744e-01 -1.6434890097e-01 -1.3673046014e-01 1.3966142588e-02 3.6147603351e-02 2.3814348190e-01 -3.3005240736e-02 -9.8299562890e-02 -7.0427920360e-02 -2.5870614296e-02 3.4988611473e-01 -1.4568130428e-01 7.0419981628e-04 1.6126029822e-01 -2.1740650833e-01
-2.3118661732e-01 -1.9734419532e-01 -2.3596775916e-02 -2.1306177478e-01 2.8043594938e-03 3.7966901827e-02 -2.9655783117e-01 3.5328526554e-01 6.0325045407e-02 -4.3985507663e-02 5.1794606527e-02 -3.4023896125e-01 -3.2588645590e-02 -6.6229611169e-03 1.6173982673e-01 7.9608079209e-03 -7.3050790727e-03 -4.5278221719e-02 2.3366212244e-01 -2.0473303243e-02 1.6208197601e-01 -6.7244540111e-02 -5.1848631663e-02 2.5714016063e-02 -9.1070908849e-02 -8.6493473967e-02 -1.5152580238e-02 -5.4676592834e-02 -5.3688681036e-02 7.9585436117e-02 -1.6001639025e-01 -2.9837309556e-02
9.7404083754e-02 1.0816583181e-01 -3.9294439754e-01 6.0230591073e-02 -2.6381036821e-01 2.2504379945e-01 -6.0275831890e-02 3.9869632318e-01 -4.6594621287e-02 -3.2307954287e-01 -3.8124587168e-02 -9.9766179942e-02 1.4325294058e-01 -3.7679662954e-01 1.3257603790e-01 -1.1309226733e-01 2.4607803623e-01 -2.7374571380e-01 -1.8966542877e-01 7.1383174736e-02 1.6463870224e-01 8.3219036801e-02 2.6206010409e-02 2.3151145168e-01 -2.4938620716e-01 -8.4384758167e-02 -7.4422410794e-02 -1.4984412836e-01 -3.1941831662e-02 3.1757710539e-01 3.6801881825e-03 -3.7489682185e-02
1.6829901105e-01 -3.3346418791e-01 3.0903401991e-01 -2.3326645680e-01 1.8083116076e-01 -2.0821282884e-01 3.1537170025e-01 1.6431771261e-01 -8.9160393125e-02 1.4923985156e-01 -9.5715826715e-02 1.2886217590e-01 -1.8182494240e-01 -2.1920663847e-01 -1.2846680020e-02 4.3602407659e-02 2.6155459782e-01 -1.5611493104e-01 2.0523588023e-01 -7.4084494651e-02 1.6733851398e-01 -1.2932180854e-01 3.6403584916e-01 4.4891030274e-01 -2.9919095109e-02 2.3237447012e-01 -2.7426873542e-01 1.2085026634e-01 8.8901194851e-02 2.3922648402e-01 -2.6695684381e-01 1.7509960125e-02
-1.9549646691e-01 -4.5715160203e-01 -8.3030111402e-02 5.1967494071e-02 -9.0345837649e-02 1.3610255473e-01 2.3798653219e-01 -4.6318804816e-02 3.0382400238e-02 7.3916282368e-02 4.7679789533e-02 4.8921033963e-01 -1.9189892940e-01 2.3640505159e-01 5.3231436637e-02 2.2307673208e-01 -1.9131688440e-02 1.0760466849e-01 4.6632582095e-01 -8.0044864704e-02 -1.1944101618e-02 9.2616078052e-02 2.1865694061e-01 -7.6165270464e-02 5.5481176593e-02 1.6933924074e-01 1.4990616636e-01 2.7306874443e-01 2.1440387801e-01 9.7602361208e-02 1.3912494900e-01 -9.4607806791e-02
-1.3236400152e-01 1.1022585666e-01 1.8727885435e-01 1.6020881611e-01 -1.8399431431e-02 -2.1726887433e-01 -6.1363494198e-02 -1.0148313374e-01 1.0851795469e-01 6.8572722310e-02 1.3252842422e-01 1.2694116385e-01 -9.2505144568e-02 -6.5230974671e-02 -1.1997258574e-03 -9.2626462290e-02 1.4891567961e-01 3.6446244134e-01 -1.4312338392e-01 -3.2353094023e-01 1.3867493106e-01 -2.3125684201e-01 -1.4146866296e-01 9.3776540665e-03 -3.6893025547e-01 -5.2333844289e-02 -7.0832343635e-02 3.0723358270e-01 -6.4321010732e-02 -2.2415668830e-01 8.1154547483e-02 -1.7978451035e-01
-9.5594121999e-03 -7.6283765378e-02 1.3744768849e-01 9.4819490327e-02 1.2441990731e-01 1.0920436091e-01 2.6619773621e-01 2.0156978488e-01 -8.8063588003e-03 6.3778596600e-02 4.2371135250e-02 6.1041874341e-02 1.6789570558e-01 -8.3782977666e-02 1.1005396673e-01 -3.7527549638e-02 1.2496206545e-01 -1.1136998219e-01 2.6313829340e-01 -1.3809123102e-03 -1.9705486444e-01 -2.9866034149e-02 8.1305346766e-02 -3.8634029014e-02 -1.4561943373e-02 1.4617157876e-02 2.4296136737e-01 2.4039049008e-01 1.4193198341e-01 1.1058748034e-01 5.4645132092e-02 -2.7583177338e-01
4.8230046700e-02 -2.2322143337e-01 1.2882937275e-01 -5.2767972723e-02 4.8901603462e-02 -7.1176329449e-02 -7.3254694991e-02 -2.0840888063e-01 -1.1832878546e-01 -3.3035839716e-01 -1.0363210081e-01 2.8709063668e-01 6.8437519583e-02 -1.4194774640e-01 -1.0673135245e-01 -2.4848650775e-01 3.0340013270e-02 1.4660883195e-01 1.0127484678e-01 -7.6197562225e-03 -1.0156420629e-02 1.2409948832e-01 -8.4109407106e-02 -2.5144556569e-01 2.7727289922e-01 1.1875322582e-01 -9.0107987428e-02 2.7231993930e-01 2.1665691343e-01 -1.3670039188e-01 -5.1268695190e-02 7.0819563624e-02
-4.1829482357e-01 -2.1690169182e-01 -4.4200581844e-02 -2.3128973110e-01 1.2972747624e-01 -6.6958678817e-02 2.6649366806e-01 1.6142841683e-01 5.7502815733e-02 1.3407644737e-01 1.3305752855e-01 -1.3190573346e-01 3.6623777258e-02 -1.5462360972e-02 1.0882880856e-01 -7.3495127901e-02 6.3469532514e-02 6.0991316910e-02 -2.2082859184e-01 -3.3389894618e-01 2.0336417446e-01 -9.8726276278e-02 1.5951007484e-01 -7.0246256691e-02 9.6235193743e-02 5.2580953319e-02 1.4629228362e-01 -2.9281877992e-02 -1.2044455948e-01 -2.0744257241e-01 1.9583192657e-01 -1.3928245234e-01
3.4147600712e-02 -1.0000225545e-02 -1.9122766602e-01 -2.8515489776e-03 -6.1487934239e-02 -3.3799615712e-01 -1.7400250811e-02 6.3889055153e-02 3.0973137894e-01 1.3752874535e-01 -2.0012651305e-01 -1.6140295836e-01 -8.6657614076e-02 -8.2200372756e-02 1.7507044133e-01 3.4161849756e-01 6.1158240502e-02 -1.7069786059e-01 1.2444452903e-01 1.1592280749e-01 2.4609959553e-01 -3.0161863002e-01 3.0913862725e-01 -4.0718360479e-01 -1.2303348555e-01 -3.3311809234e-02 8.2360391390e-02 -3.1961381323e-01 -2.7131222246e-01 1.7317210633e-02 1.7731728024e-01 -3.8957504498e-02
-1.8482796642e-01 1.1226746677e-01 -3.0559262081e-02 -1.3100249606e-01 -6.2705351699e-02 2.9219318712e-02 4.9119590103e-02 -8.3332841948e-02 3.9834110095e-02 -5.4731412245e-02 6.8866568989e-02 -3.1024073702e-02 -1.2880329979e-01 1.7599338545e-01 1.4223938077e-01 -1.4514953179e-01 2.5058129276e-01 1.3555241464e-01 1.7197217525e-01 1.1866587414e-01 1.7099209196e-01 -1.6554342346e-01 4.2570992422e-02 2.0508965651e-01 1.0440133674e-01 3.8614982435e-01 -1.2330751176e-01 -2.0920093786e-01 9.9176954360e-02 -2.6296810737e-02 6.1234950845e-02 -1.5842158174e-01
-1.8411318917e-01 -1.7460736981e-01 -2.2787115920e-01 -1.2385615805e-02 -3.9205416307e-02 1.1344633842e-01 2.0625270782e-01 2.2654553320e-01 1.4938995302e-01 1.6773930684e-01 1.1453117795e-01 1.0150112108e-01 2.8565534889e-01 -5.2965341254e-02 -9.5705358338e-02 6.4825187725e-02 -3.4284673514e-01 -3.0408155970e-02 5.8475259963e-01 -1.3097492569e-01 2.1225358017e-01 -1.5185195136e-02 -1.2059044018e-01 -1.3360370129e-01 9.8940778462e-02 -1.2495427127e-01 2.4666279373e-01 -1.0930257217e-01 1.5535525182e-01 1.7969352725e-01 8.6472878848e-02 -1.1179580886e-01
4.4732097575e-01 -8.6633441791e-02 1.0245029881e-01 -3.8022018028e-01 1.7608246638e-01 -2.2679288231e-01 1.1400201027e-01 1.1049166134e-01 -2.2235689434e-01 -2.8181229675e-01 1.4012888491e-01 -1.4724505209e-02 1.6177020905e-01 1.4354492795e-02 1.4060036724e-01 1.7887588643e-01 -7.5932407973e-02 -1.4442581483e-01 -1.2663038470e-01 -1.5181348542e-03 -4.9917853746e-02 1.4965282496e-02 2.0556469968e-01 -3.9354409996e-02 -4.5143717117e-02 -1.1305129209e-01 -9.4496490589e-02 5.2260314408e-02 4.4292676191e-01 -8.4935046592e-02 -2.2264446829e-01 1.3117546345e-01
-2.0960512413e-01 -1.6615185203e-01 -1.8904818982e-01 2.7458945373e-01 -1.4169054249e-01 -3.1072736461e-01 -1.9551793526e-01 -1.5495002158e-01 -1.6608345023e-01 1.6486108495e-01 -4.6439908477e-02 -2.8263482912e-01 -6.0735305428e-02 -5.9223148633e-02 -4.5314174646e-02 7.2245325522e-02 -2.2911437088e-02 -1.8939526849e-02 -1.7388161747e-02 1.2577061746e-01 -1.4758460533e-01 -1.0351838661e-01 3.5351256766e-01 3.1128274295e-02 1.9145240947e-01 -1.2820151869e-02 8.8648196302e-02 1.6041896586e-01 -2.2806092211e-01 -4.4081637964e-01 9.6206961311e-02 5.6726407589e-02
7.7129833798e-02 9.9603317320e-02 7.9255462030e-02 -1.5721037643e-01 -3.0065076417e-01 8.0301681302e-02 4.2813904140e-01 1.8870523376e-01 2.8963450071e-01 -1.8959897229e-01 5.7483284585e-02 -1.4326928037e-01 3.1085730773e-01 -2.3227120774e-02 -6.0308356830e-02 5.1719641295e-03 1.6258214854e-01 1.0190390232e-01 -3.9577070976e-02 -9.0225226711e-02 -2.7399557654e-01 -1.6874645724e-01 -1.5098439699e-01 3.9151956872e-02 4.2396684867e-01 5.8625103040e-02 1.5969931159e-01 5.0904124701e-01 2.9265884372e-01 -1.6031264978e-02 -3.4599666768e-01 3.3397449752e-01
