6.8652113271e-02 -2.8927586073e-01 2.9587445032e-01 -2.5015037842e-01 4.8327686047e-01 1.1805194356e-01 -1.4651338121e-01 -2.9775445122e-01 -2.8714007758e-01 3.7342463822e-01 3.8794352395e-04 -1.1673622201e-01 -3.0527705613e-02 -1.2103802842e-01 1.4478813383e-01 -1.0405422401e-01 1.6692376441e-04 3.5322820346e-02 -1.5547865827e-01 7.1509409060e-02 -4.3738273209e-02 -7.0676395173e-02 1.3378879149e-01 -1.1339185788e-01 -1.1727718227e-01 2.7984243093e-01 -1.9992274069e-02 1.4196652902e-01 -8.8319472035e-02 -1.6561677841e-01 -6.6428736408e-02 2.6637706085e-01
-6.0565767319e-02 -9.6886606496e-02 -3.3149660129e-01 1.3174022262e-01 8.1434423553e-02 -1.9953677789e-01 1.3432397201e-01 1.0382909857e-01 -3.6053236138e-01 3.3439342114e-01 -1.7399052302e-01 -2.3212823075e-01 2.0218203962e-01 1.3052009565e-01 4.8641580291e-01 -1.8540394036e-01 -1.3464070372e-01 2.2954624915e-03 9.3224265673e-02 -2.1876152589e-01 -9.1005510695e-03 -3.7963775736e-01 -5.7274740286e-02 2.0421243403e-01 1.8304961351e-01 -8.6689505142e-02 6.4319988873e-02 3.4547488919e-01 -1.4992756862e-01 3.0933998267e-01 3.5498011798e-01 -1.4234218965e-02
-1.1503188149e-01 2.3547381429e-01 -7.8339953725e-02 1.7679908989e-01 1.7212863423e-02 1.2201225969e-01 1.3678265421e-02 2.4250501705e-01 2.2660691152e-01 -8.1203788343e-02 -1.9244342559e-01 1.4838965452e-01 1.2673808678e-01 -2.7905301278e-01 -5.9061376400e-02 -1.5535139984e-01 1.4694602016e-01 -6.5832254544e-02 1.3719008415e-01 -1.2678391724e-01 2.6233312851e-01 7.5074987960e-03 8.3506005565e-02 -3.3332620845e-02 -2.8035637820e-02 3.1770463938e-01 -1.1129628828e-01 1.3091081216e-01 -3.2606220136e-02 7.1278669769e-02 -2.1125852248e-01 -2.0336116409e-01
-2.2399699768e-01 3.6861969927e-02 2.8117239873e-01 4.9820000677e-01 8.2781034768e-02 3.1306524856e-02 1.2535676856e-01 5.2494171659e-02 1.7488676059e-02 -1.7610036352e-01 3.6380714643e-02 2.1530337406e-01 1.4529102281e-01 4.0656265020e-02 3.4817673197e-01 -2.9222564325e-02 -5.7771902020e-02 5.2663785848e-02 1.8053538536e-01 -3.2217549275e-03 2.5429291064e-01 -2.6142715645e-01 2.5685157182e-01 2.1161052115e-01 1.9312866712e-01 -7.3285585849e-02 9.0519188330e-03 -3.5172595649e-01 1.2795946785e-02 8.9840085962e-02 5.3731571642e-02 2.8036149868e-01
-7.1281347267e-02 1.9634642226e-02 -1.7619928544e-01 -8.7607916037e-02 -5.0885529785e-02 -2.2708257987e-01 2.3478603914e-02 -3.3109871305e-01 -3.8001714628e-01 -4.6806907278e-02 4.4930973411e-02 2.6637091415e-02 3.5544012427e-01 1.0703729144e-01 1.9254547828e-03 -1.9507465976e-01 -1.3027387336e-01 -6.5016636246e-02 -1.2146486914e-02 -2.3149047096e-01 -8.3870405995e-02 -1.0027459751e-01 1.8439285094e-01 -1.4108816837e-01 4.4739191450e-01 4.5357917689e-02 -7.4929484628e-02 -1.7323851868e-02 7.5650608893e-02 -4.2352777572e-02 3.7406640417e-02 -1.2763339802e-01
2.4039613502e-02 2.1963742310e-01 6.0099836224e-02 1.9504468202e-01 -7.1936935102e-02 -1.1883206896e-01 4.0349544407e-02 1.2147751211e-01 2.7623019768e-02 3.4122095188e-01 2.3584643673e-02 -8.5250090581e-02 -1.0411824778e-01 -6.7200473112e-02 -1.4370628167e-01 1.5559378912e-01 -1.0167757997e-01 4.5948190432e-02 1.6261609445e-01 -4.0485117420e-02 -2.3538522763e-01 1.2533146288e-01 2.0976180258e-01 -1.5694209341e-02 -3.7888295925e-02 1.7742717239e-01 -1.0960240721e-01 7.8747827256e-02 1.5459907922e-01 -2.0677463613e-01 -1.3706625333e-01 -2.2539131986e-01
1.0617052029e-01 2.7862388103e-01 -1.9615872251e-01 2.9313325614e-01 1.3204638712e-01 1.1977369805e-01 -7.6976498864e-02 8.9196952886e-02 5.9905554916e-02 5.0214870599e-02 2.7370842462e-02 -1.3889034529e-01 -6.4672340727e-01 -3.7152769683e-03 1.1912674715e-01 -1.7309872426e-01 -2.4605054894e-01 -2.5948563829e-01 1.9427703263e-01 -1.3864937738e-02 -1.0850814204e-01 1.9618480131e-01 -2.1644103949e-01 -1.9465021763e-01 1.7391640747e-01 -1.4492673439e-01 5.8450468245e-02 -2.8102791772e-02 1.1551703871e-01 1.4877572547e-01 3.4122583428e-01 -1.9034890464e-01
-3.3162995042e-03 1.7747716224e-01 -1.8214917286e-01 -1.0036855563e-01 9.0474670032e-03 -8.3361692692e-02 -2.3316865043e-01 1.0434772444e-01 -6.3398487003e-02 2.1744514629e-01 3.1561431533e-02 1.1066134389e-01 -2.7551469604e-01 2.2284744566e-02 9.7379873216e-02 1.3713025677e-01 1.1726125195e-01 1.8544401116e-01 1.0541518153e-01 -4.8183334672e-02 -1.9593944425e-01 -1.5959944545e-01 -1.4117388125e-01 9.0710657338e-02 -1.2353996708e-01 -1.9189382500e-01 1.0389045363e-01 -6.4521967693e-02 -3.3781855910e-01 1.0962938899e-01 5.2192742472e-02 -1.9329460791e-01
7.9685041569e-02 -1.8091847516e-01 1.8026786893e-01 6.3357416685e-02 -1.7585735117e-02 -9.1404294912e-03 -1.4841789482e-01 4.2256765126e-02 2.6166807742e-01 6.0921647712e-02 1.0327423490e-01 -6.2764203964e-02 4.4619602643e-02 -1.1570556742e-01 -2.1899189096e-01 -8.3509648811e-02 -2.2049651885e-01 -8.5470142351e-02 -2.3607626025e-01 -1.0308848152e-02 8.8021418775e-02 -1.0347831706e-01 2.2225349784e-02 -1.0086236538e-01 1.5481795974e-02 2.4952638525e-01 6.1250982911e-02 1.4151367768e-01 6.3988321507e-02 3.4108475550e-01 -2.3719383970e-01 2.0872738633e-01
-2.3743016135e-02 2.4671188748e-02 2.0863819314e-02 -1.2199633238e-01 -3.4149964273e-02 1.8751416880e-01 4.0821340903e-02 9.7124382198e-02 -8.0819018510e-02 -5.3037688454e-02 6.3571542335e-03 -1.6726428345e-02 2.0499880934e-01 2.7348176543e-02 -1.4834533104e-02 8.1275509035e-02 1.6819991218e-01 -2.1890187735e-01 -2.1066675027e-01 4.7752745935e-02 2.0086507373e-01 1.0158199682e-01 1.8342704201e-02 -3.0269504509e-01 -1.0606998654e-01 1.4265337363e-01 1.9590784782e-01 -2.4485388297e-01 2.3221641702e-01 -1.0131828393e-01 -1.0506619108e-01 1.2388704777e-01
-5.4165585376e-02 3.0838619627e-02 -1.2772310474e-01 1.9565205047e-01 -5.5744134513e-02 -1.7608232608e-01 -6.7352675968e-02 2.8946492902e-01 -2.3319733893e-01 -6.7249583602e-02 -5.3690592116e-02 1.6126887042e-02 3.2933490888e-02 1.9487761572e-01 1.0331039598e-01 -1.4166532319e-01 -1.3369283217e-01 5.2756613792e-02 1.7299971337e-02 -3.2288409838e-02 1.4520907899e-01 -3.0308120014e-01 2.8147024302e-01 -1.3444818797e-01 -6.0087175071e-02 -2.2965655260e-01 -3.7458919129e-01 -2.5062978083e-01 2.0653337709e-01 -1.8377331202e-02 2.1532221513e-03 -3.9942534745e-01
6.8577127918e-02 7.2253193699e-02 -3.5202426346e-02 -9.1600827843e-02 -1.8028136622e-01 -1.8620316853e-01 1.7374197302e-01 1.0070359801e-02 2.7249032632e-02 -5.5207526638e-01 2.0855927976e-01 1.0547474410e-01 2.0503731016e-02 8.0924906370e-02 2.4082462279e-01 -1.6352875850e-01 1.4828683477e-02 1.6908006833e-01 5.5851394090e-02 -1.8338163822e-01 6.8919753339e-02 -7.2700922159e-02 -1.5153088861e-01 9.1664379736e-02 1.1439981660e-01 -3.3028140969e-02 3.9384297802e-03 2.4954606446e-01 8.5223370445e-02 -3.1316446451e-01 1.8444049801e-01 -2.8352137774e-01
1.5655500187e-01 1.2992081702e-01 -2.8209216291e-01 1.1057600542e-02 -3.1500143081e-01 2.1132434560e-01 -1.5250556754e-01 -2.2009242382e-02 5.4317620131e-02 -8.5661378564e-02 -2.3544422098e-01 -1.7890166002e-01 -2.4257643670e-01 8.2450357738e-02 1.1636798636e-02 -1.6534564027e-01 -3.2194385909e-03 -2.8330006955e-01 -1.9964399319e-01 1.8772319649e-01 1.4267892440e-01 9.9837535830e-02 1.7180724326e-01 -1.1987210859e-03 5.2387755747e-02 1.2645148627e-01 -3.3166099151e-02 2.9867956583e-01 -1.0591409755e-01 -2.6771324527e-01 5.3485967684e-02 1.4866411183e-01
1.9808102713e-02 -2.5929610362e-01 1.1432609733e-01 -2.4536199745e-01 -2.6841058349e-01 -3.7282614847e-02 -9.3670172341e-02 2.1895568954e-01 -1.1938392635e-01 -9.0296424397e-02 3.8048917454e-01 3.5709807003e-01 3.0481116616e-02 1.7002611409e-02 2.0545844777e-01 1.9807789483e-01 -2.0144426489e-01 6.9207688384e-02 7.0449743229e-02 7.3359444866e-03 -1.9445754437e-03 5.6220936852e-02 -5.7445183983e-02 1.5442232067e-01 2.1143045555e-01 8.5136617889e-03 5.4427521080e-02 8.4556975946e-02 -5.4359482076e-02 9.7198838800e-02 7.7515605289e-02 -1.0523509045e-01
-3.6464112468e-01 4.5095615365e-02 2.0383656606e-01 1.2224993067e-01 1.1333725519e-01 1.9885382769e-02 -8.7918456203e-02 9.3702087473e-02 1.2248499252e-01 6.9577696925e-02 -8.1722396642e-02 1.0458385785e-01 -8.5468413322e-02 2.1010528617e-02 7.2277198960e-02 -1.8910329546e-01 -2.6872024455e-01 -6.8921094743e-02 1.2987428282e-01 -3.0599801246e-02 3.3197014944e-01 -1.4284452448e-01 1.4345199797e-01 1.1420474646e-01 2.0884693961e-01 -2.5155783967e-01 -2.0119232578e-01 3.1641882813e-01 2.3821549261e-01 -2.1677689341e-01 -1.2506051385e-01 -2.8321471075e-01
1.9727763582e-02 -3.1247488714e-01 3.6319088616e-01 -1.6427060062e-01 -4.7656225917e-02 3.6100685233e-02 1.7389959567e-01 8.5197639924e-02 3.9912163732e-01 -7.1345154685e-02 1.0155535120e-01 1.3410251249e-01 -4.4129349232e-01 -3.9450800424e-03 2.5592757131e-02 8.4695457699e-02 -2.8255396777e-01 1.1540428339e-01 -1.1557528589e-01 -1.9004022632e-01 -3.5728215995e-01 2.2388383633e-01 -4.3676742790e-01 -8.8308887221e-02 -1.7729478516e-01 -1.1416148954e-01 1.0604941087e-01 4.5048393489e-02 4.2958140950e-02 3.6282097225e-01 9.8034513813e-02 2.2178801033e-01
-2.3386317658e-02 2.5750497924e-01 3.2641265766e-01 -1.7882990793e-01 3.6543509011e-02 -3.5418409904e-02 -1.0949052567e-02 2.1417306982e-02 -2.9223771000e-03 -1.1630624855e-01 -4.3402526784e-02 -1.8177519179e-01 1.9013323734e-01 1.1356898672e-01 2.9200804008e-01 5.8753795396e-02 2.2909059730e-01 -6.3942902451e-02 1.3787848859e-01 -2.8821723317e-01 8.5134729066e-02 -4.5316767299e-02 2.2409691156e-02 -2.9019069019e-01 -9.7536782239e-02 -7.1888130078e-02 1.1278834094e-01 2.6860300417e-01 1.0396142433e-01 -1.3888505364e-01 -9.8654140496e-02 1.1241799520e-01
3.3286792404e-02 1.6432094259e-01 6.5361854488e-03 1.4096756533e-01 1.9270342959e-01 -1.6561752483e-01 2.9972407406e-02 -2.7966454064e-02 4.4192879844e-02 7.9469847750e-03 1.1790575580e-01 4.6592920435e-02 4.7630715508e-02 -1.9207354231e-01 -6.4429486172e-03 -9.3278260741e-02 -1.7063941076e-01 1.0114573415e-01 -5.1019630864e-02 1.1479067283e-02 4.6593052901e-02 -1.7984324618e-01 4.2161152305e-02 -6.8159412891e-02 -2.7147066096e-01 1.5425088768e-02 -1.8519503376e-01 3.7775846288e-01 -1.2373592876e-01 -6.4192802224e-02 -2.6712707575e-01 -1.8394535174e-01
-1.1066503693e-01 -1.6297840035e-01 -4.1295544022e-02 5.5792767480e-02 1.8711297228e-01 1.0830922238e-01 -6.2442308868e-02 6.3828467067e-03 -5.5048925007e-02 -2.2056779302e-01 -3.9015838574e-02 2.8972256536e-01 -2.1105995742e-01 7.7056738170e-02 -2.8000303000e-02 -8.0729093349e-02 1.7133346128e-01 -7.5737684339e-02 2.8430268313e-01 2.1027117656e-01 1.8945488904e-01 -2.0624110555e-02 -2.6726997534e-01 -4.8439406382e-02 1.6013455906e-01 1.3608819262e-01 7.3580781430e-02 1.0007310752e-01 -1.2210100604e-02 -2.8549853415e-01 1.3712501591e-01 -3.2361835638e-01
2.5004447930e-01 1.0805074851e-01 -1.6992367943e-01 3.3124918429e-01 -1.9550017085e-01 3.0400671635e-01 2.9557919838e-01 6.5208059866e-02 -1.9460828808e-01 -5.5990072689e-02 1.4501007208e-01 -2.0369603501e-01 8.3081344455e-02 -1.5677605466e-01 1.1849922212e-01 5.0787777414e-01 -7.5197184208e-02 4.4469810905e-01 2.1276595947e-01 3.5205718063e-01 2.0146325326e-01 9.9734821449e-02 -2.5164847211e-01 -3.3182688478e-01 1.1842386674e-01 -8.7904289813e-02 1.2798137248e-01 -1.4765943435e-01 8.4347077210e-02 -5.1448622028e-02 1.2299790652e-01 -2.7461301403e-01
-1.3601204443e-01 6.8629478981e-02 4.2567947956e-02 -2.0190451924e-01 3.6974553817e-01 -5.9284417918e-02 5.1426132226e-02 3.4268302712e-01 2.2183702216e-03 -1.7756225432e-01 -8.9252410085e-02 9.5500797600e-03 4.7521470844e-02 -3.5906596256e-03 -7.0423197531e-02 -2.5551340388e-02 -1.4227834434e-01 1.9892442397e-02 -7.7330204765e-02 -2.2341387121e-02 -1.7627946914e-01 -4.1122326071e-01 -2.2924013943e-01 -2.5795269291e-02 2.4525434514e-01 -4.2207024824e-02 -6.6407946776e-02 -5.9673856578e-02 -3.4558086957e-02 2.7439305345e-01 -2.1570530653e-01 2.9478594118e-02
-1.5329111028e-01 -1.2391497307e-02 -1.9079177872e-01 2.4343321028e-02 4.6935779549e-02 -1.3055498147e-01 -8.8192633647e-02 -2.1148210272e-03 7.9257032534e-03 -2.0852820762e-01 1.0445088639e-01 4.9149625334e-02 -5.7817886342e-02 -1.1597209945e-01 2.2521658645e-01 2.7368961625e-02 9.7933588617e-02 3.0696386328e-02 -8.2353361715e-02 2.1871090740e-02 -9.9885779486e-02 3.2716865469e-02 1.3162625026e-01 -5.8548691755e-02 -1.1233055201e-01 -2.2534051197e-01 1.9612844800e-02 1.8611982063e-01 -1.1380098300e-01 5.1012379478e-02 -7.7533218268e-02 1.8868264690e-01
1.1470573453e-01 -1.8753400634e-04 -1.1359954425e-01 1.1530380784e-01 -1.3168577854e-01 3.1025423150e-01 -2.7485523207e-01 1.3893918785e-01 3.4496725877e-02 1.4029592917e-01 -2.5229846610e-03 2.6656693384e-01 -8.1610006574e-03 4.0084901015e-02 5.0683678225e-03 4.5493300927e-02 -4.9547636967e-02 9.2884551491e-02 3.3397719024e-01 3.4087010352e-02 8.0186767231e-02 2.7327913769e-01 1.8859721929e-01 5.7044164167e-01 -4.3857831511e-01 7.6700499985e-02 -2.4859505213e-01 1.2937865081e-01 2.2070233177e-01 2.5902199095e-01 1.1575152665e-02 1.3701843208e-01
-3.9717073767e-01 9.5835582954e-02 -1.4302851780e-01 1.6174325605e-02 4.5740723684e-02 -2.0234974075e-01 -1.4149327928e-02 -1.5947641958e-01 9.5603492452e-02 1.6205240723e-01 1.7077375936e-01 2.4247827443e-01 -1.5924761136e-01 -6.1874640769e-02 -2.4232934487e-01 4.8042471444e-02 8.4248516215e-02 6.6501026379e-02 1.3209024735e-01 -1.6128337429e-01 -1.3485587878e-01 7.3253253650e-02 -2.2957399074e-01 -2.1236581807e-02 -2.2233064241e-02 1.0879024401e-01 -4.6452459949e-02 -2.8667774844e-01 1.3300639157e-01 -6.8387514290e-02 1.2575835741e-01 1.3390336645e-01
6.1768599092e-02 -1.5985683487e-01 3.7177954673e-01 -8.7566606146e-02 -1.1960642597e-01 1.0810473063e-01 1.1968136498e-01 7.1198774405e-02 1.4090651501e-01 -1.4411627187e-01 -1.2386386566e-01 3.0012252075e-01 3.2872297382e-03 1.0538728860e-01 2.3470631527e-03 -1.2225333242e-01 -3.7431384297e-02 -8.9492119226e-02 -5.7709040685e-02 2.0199381956e-01 3.2536801223e-01 -1.4990242180e-01 2.9819207342e-01 8.0966892461e-02 -3.7329248310e-02 1.6960186238e-01 -3.3781409927e-01 -5.2123487172e-03 -3.1749325177e-02 1.9995550750e-01 8.0500976694e-02 -1.5616492913e-01
-3.1659231784e-01 -3.2850820833e-01 -2.9816906799e-02 3.6538248451e-01 1.9224127846e-01 2.7667453853e-01 -1.0268361453e-01 9.9454209962e-02 1.7484042917e-01 -4.1972970899e-02 -5.0615022502e-02 -1.4196056593e-01 6.1999549890e-02 1.5808530687e-01 1.0358602097e-01 2.2517247318e-01 -1.1616589536e-01 3.8268427633e-01 -9.2148974604e-02 2.0709263781e-01 1.3257616864e-02 -1.7097458235e-01 -1.3447080872e-01 -1.5016935465e-01 -1.7173224281e-01 3.2689618216e-01 -3.4307884705e-01 -5.3657242753e-02 -2.2391400255e-02 3.5321623144e-01 2.5815665905e-01 2.3358844198e-01
7.4638881189e-02 2.0203200242e-01 -4.6427592588e-02 -3.7317234597e-02 3.4020244419e-02 -4.8335748535e-02 -8.7178224040e-02 -3.1210132590e-01 6.1553036952e-02 1.3403218637e-02 -1.2152784103e-01 -2.7391151373e-01 -2.7318942511e-01 4.2980238799e-01 -4.0086615343e-02 -7.4476763106e-02 -1.0191528310e-01 5.2053293419e-02 7.8582510087e-02 -8.2956112436e-02 -3.9618209672e-02 -2.2233822956e-01 3.3352860512e-02 -2.0182803283e-01 3.9607825544e-01 3.0250332321e-01 5.7205357561e-02 1.1100254877e-01 1.0598427871e-01 -2.0482972213e-01 -1.7196430598e-01 7.3865332259e-02
3.5386202441e-03 -1.6208546278e-01 2.7708675933e-02 -1.0560290251e-01 8.3292577831e-02 1.0005675701e-02 -3.8997487933e-01 1.3815318407e-01 -1.2769575436e-01 -5.2995990516e-02 -1.8175906159e-02 -2.0296700719e-01 -9.4428136107e-02 1.9473349279e-01 -1.1787036802e-01 -2.7025412387e-02 -1.5916026304e-01 -7.7375798304e-02 1.9769739415e-01 -3.6604213193e-01 -2.7013709562e-01 -2.1897289497e-01 2.4874148774e-01 -1.8008158797e-01 -1.6369536140e-01 5.1791263319e-02 -1.3833103571e-01 2.8416742077e-01 -1.0900821582e-02 -1.5464229649e-02 2.3252081160e-02 2.1817501222e-01
1.6026596446e-01 -2.5597315063e-02 -4.1855008055e-02 -1.4951512261e-01 -1.5977948775e-01 -7.4623308693e-02 1.6933758790e-01 3.0469803207e-01 -1.0249062488e-01 -1.1309835795e-01 -3.8229238523e-02 3.5918669401e-01 -9.0002356214e-02 -3.4503185026e-02 -1.5387135518e-01 1.1183975879e-01 1.8191203536e-01 -5.7905166170e-02 8.9562923909e-02 -2.0318148180e-01 -5.8304230857e-02 -3.3603899941e-01 1.8388279475e-01 1.4451889862e-01 -2.3340849398e-01 -9.3844595124e-02 1.6833268598e-01 -3.1313262861e-01 -7.8691730912e-02 -3.1265495177e-01 -4.1086139441e-03 1.3047554268e-01
-1.8455256037e-01 9.7903570818e-03 1.1247600877e-01 -1.6935481989e-01 -8.5350230796e-02 -1.8298070214e-01 1.0314719173e-01 5.0901437371e-01 2.9802248110e-02 -4.3897933036e-03 -6.5001026607e-03 3.9955514812e-01 -2.6177348698e-01 -1.8405765173e-02 1.1543354229e-01 -8.3224412084e-02 6.7790425438e-02 1.0105930357e-01 1.8173554406e-01 2.2194349370e-02 -1.3798776818e-01 1.2007108135e-01 -2.8647370470e-01 -7.4736787677e-02 1.5794652238e-01 -2.2311026686e-01 -2.8901720248e-01 -1.1170263949e-01 5.4602467435e-02 -2.0751887985e-01 1.3033992179e-01 5.7206706392e-02
1.0191471682e-01 2.7033220094e-02 -6.6202901573e-02 1.3512933296e-01 -2.8148801381e-01 -2.4581188403e-01 1.6264758834e-01 2.7125159231e-01 1.6446077842e-01 9.1236694230e-02 -3.4329552738e-01 -7.8831730028e-02 2.7174926117e-01 -2.2475430286e-01 -1.2925917843e-01 1.2339965420e-01 -6.8632660235e-02 -1.9666752450e-01 -3.0834445509e-01 -2.4821078823e-01 1.0347650138e-01 -1.1654826423e-01 1.3086395357e-01 -2.3638065246e-01 -2.8513702270e-01 -2.5960621386e-02 -3.6446903692e-01 -1.4739909613e-01 7.4792705801e-02 3.7768314250e-01 -2.0298887270e-02 9.7015999524e-02
3.1793726402e-01 -3.1388795778e-02 -2.1143204818e-02 2.5371442371e-02 3.2385462853e-03 -9.7384383913e-02 1.1616319530e-01 -2.7531146505e-01 1.4113125935e-01 -9.3598510286e-02 -2.5370289696e-01 1.5808681217e-02 1.4754830390e-01 4.1362836837e-01 3.4466292206e-02 3.0509292669e-01 2.6706367058e-01 4.7613468411e-02 2.5723528834e-01 4.8664219093e-02 -4.4809513059e-02 -4.2735651041e-02 4.7444698539e-02 -2.2900834475e-01 -8.8981824886e-02 -1.7881354755e-01 1.2929181670e-01 1.4464216481e-01 3.3048762256e-01 4.1838957022e-02 3.1876294093e-01 3.5720529439e-01
