-2.6008234905e-02 2.1245802888e-01 -3.8295670520e-01 3.5770296053e-01 -3.9476372694e-01 -1.2740695865e-01 5.4243639479e-01 3.8221801110e-01 6.6167950605e-02 9.0493952223e-02 -6.9772425263e-03 4.1208704830e-02 -1.7019463214e-01 9.8448576158e-03 -4.3223372500e-01 2.0447717971e-01 -2.4741482335e-01 -1.3097245786e-01 -3.0203098624e-01 -2.0938290618e-02 2.5692596803e-01 2.4723844252e-01 -4.0679484701e-01 7.1046973447e-01 -4.4180114901e-01 5.5839586730e-02 1.0658969663e-01 -8.3569023346e-02 -5.2066788857e-01 -2.7121609193e-01
1.9287358686e-02 2.6621922835e-01 1.6841148802e-01 3.1042516348e-01 -8.6595019081e-02 3.8282977968e-01 3.0415415110e-01 -1.1558730859e-01 -5.9317262739e-02 7.1773815121e-01 4.2662913426e-01 2.2411151480e-02 4.8249321378e-01 -3.9379427408e-01 -1.5661219457e-01 -2.2969098573e-01 3.0813828174e-01 3.3660845499e-01 -3.2931521291e-01 2.5805748141e-02 -3.6742089076e-01 -1.0427012235e-01 1.4438136712e-01 2.7025462727e-01 2.1233426256e-01 3.1882233889e-02 5.9677599891e-01 3.8084025093e-01 -8.4627846432e-01 -2.8687760135e-01
-7.9016709254e-03 3.2602520521e-01 -2.7911818802e-01 4.2160693787e-01 -5.4755744108e-01 8.7559034627e-02 4.0053394098e-01 -7.8514862466e-02 2.2719003824e-01 -2.1916742440e-01 2.0939455335e-01 -1.1323140551e-01 1.2318620668e-01 5.4681782088e-01 -3.0147520237e-01 -5.5072613381e-01 2.1297958780e-01 2.9804575686e-01 -3.2045194838e-01 -2.2800231986e-01 2.5333740660e-01 2.5994038802e-01 -1.2124880142e-01 1.1660531902e-01 -2.4838416203e-01 1.0280515923e-01 1.0780850796e-01 -8.3527155509e-03 -4.0732607611e-01 -3.4278785079e-01
-2.5504063838e-01 1.8136153842e-01 3.1073870145e-02 -3.4589363052e-01 4.4240878557e-02 1.5457474320e-01 -2.3716140094e-01 -1.3341272011e-01 -8.3023022998e-02 -3.0910956919e-01 1.6412656026e-01 3.8250913216e-01 1.3783775983e-01 -3.9212619589e-01 1.0731497823e-01 -5.4088249816e-01 1.6083699939e-01 3.0881396169e-01 -1.7761529370e-01 1.1124713229e-01 -6.0670846907e-01 -2.0799112471e-02 -2.5587493756e-01 3.8545736031e-01 -8.6075510803e-02 -2.1837658660e-01 1.0159076490e-01 1.3925634445e-01 -5.5703099634e-01 5.8126205292e-02
1.3908457209e-01 4.1760186882e-01 1.1530762978e-01 -7.9383835433e-02 -7.5018984109e-01 1.7920720773e-01 7.6548614208e-01 -4.7228277891e-02 2.7423104841e-01 5.3516591164e-02 -7.3606280507e-02 -1.4856988023e-01 -3.0977537379e-01 -3.2517046486e-02 1.4077685828e-01 4.0126715038e-01 4.3678067823e-01 -1.9780549080e-01 -3.3462182611e-01 -7.9681881826e-02 -4.0392519991e-01 -2.3707087536e-01 -2.3359134376e-01 1.7363888961e-01 5.3901881681e-02 -5.3715855904e-01 7.1115013827e-01 3.8997744954e-01 -1.0497374746e+00 -3.4838046722e-01
2.0481510608e-01 8.7539611144e-01 -1.2298631380e-02 4.1162339955e-01 1.2049831229e-01 2.2110704155e-01 -2.7113479425e-01 4.9032718897e-01 -3.1387052858e-01 -7.1420288170e-02 4.6858157707e-02 -6.1272342182e-02 -2.4931381833e-02 -2.3937120250e-02 3.0180230208e-01 -1.0961511567e-01 3.0548280392e-02 -2.6271077938e-01 -2.3110425509e-01 3.4438134228e-01 1.8267087549e-01 2.8892678050e-01 2.9885631937e-01 1.8954905888e-01 1.5178076356e-01 3.6202396486e-03 -3.5774660683e-02 -2.3719860801e-01 -5.5180705478e-01 -1.0414244035e-01
3.5328934412e-01 2.4313205516e-01 -7.9974671830e-03 2.7898162687e-01 -3.7732261855e-01 4.3267397400e-01 2.1586218128e-02 1.8060609659e-01 2.4423907610e-01 1.4273428721e-01 -4.3048119594e-01 -2.2780699129e-01 2.1458052476e-01 1.0582042763e-01 5.6076719968e-02 -6.0885220098e-02 6.5064653236e-01 -7.6643570453e-02 -2.2519489100e-01 1.3334104950e-02 -3.0211820633e-01 -1.2384933456e-01 1.2697903971e-02 -1.6236112313e-01 -3.0031028687e-01 -6.9490809459e-01 5.3902590245e-02 2.1845569055e-01 -1.0320952607e+00 -1.6410201115e-01
1.1587428727e-01 4.0521964735e-01 -3.1651796746e-01 -4.4723296409e-03 -4.7214896293e-01 -3.4650721681e-02 1.5912251069e-01 1.5780546186e-01 1.0789241307e-01 2.6776111128e-02 1.3485184103e-02 3.2560495878e-02 3.6010367507e-01 -1.4382038970e-01 8.6835255831e-02 -1.5480491442e-01 -4.0915154238e-01 -3.5143406715e-03 3.2994988792e-02 -2.1132952502e-01 -2.3169350765e-01 8.8060139631e-02 2.9615001290e-01 8.4248165528e-02 -4.7067200490e-01 1.0646808951e-01 -4.5954809381e-01 -2.3101709186e-01 -7.3357190484e-01 2.3603446571e-01
2.1890175445e-01 -1.2925681589e-01 -1.0409750163e-01 -3.9613081404e-02 5.8014586307e-02 5.1988757393e-02 -3.7426731390e-01 3.8849147060e-01 -7.8538566896e-02 -5.2979150633e-01 -6.4932238486e-02 7.2447476647e-02 2.8696884682e-01 -1.3710873258e-01 6.1804022600e-02 -2.5318100591e-01 1.1212686142e-01 7.7544219152e-02 2.6396355112e-01 -1.0648277620e-01 -1.4508091355e-01 -3.2517900189e-01 2.2712591349e-01 4.9369149133e-03 -9.6166543691e-02 -2.9453825793e-01 1.2055756533e-01 2.2519535527e-01 -7.3334478122e-01 3.5918191608e-02
1.7898982157e-01 2.9503786630e-01 7.7179900320e-01 -1.6799695562e-02 -2.3063739354e-01 -2.5878513758e-01 -9.3130288531e-02 3.5309892360e-01 -5.4926129006e-01 -2.1067865824e-01 3.4948155360e-02 2.1576019933e-01 -1.0744022750e-02 8.3768905896e-02 2.0496833091e-01 6.7422112477e-01 3.8283134844e-01 -1.0126344225e-01 -1.0619983232e-01 4.2628341635e-02 9.4004405260e-02 3.6996994891e-01 8.3185740871e-02 3.9202517784e-01 -4.3419313710e-01 -4.2626854194e-01 6.9297342950e-02 -1.1884585810e-01 -5.1311292797e-01 -4.2835907653e-02
-3.0499098230e-01 1.1563434693e-01 7.0342644009e-01 -2.2004185410e-01 3.6901813489e-02 -1.0778573118e-01 3.0558371144e-01 2.0631846191e-01 -1.2163471034e-01 -2.6998676893e-01 1.6679000822e-03 -1.8726218794e-01 -3.7228264135e-01 -1.9299101020e-01 3.7691885600e-01 -3.9561282219e-01 2.6069916222e-01 -3.0520806578e-01 -5.2337912513e-02 1.6323496199e-01 -1.5835765908e-01 -1.9033378229e-01 5.6358255927e-01 -2.9473536800e-02 3.7485626825e-02 -1.8452390443e-01 -3.7391238624e-01 4.8201693175e-01 1.0085511718e-01 1.6799909162e-01
3.7773789785e-01 1.5673657424e-01 -1.2717921331e-01 -2.5812097091e-01 -7.9893337344e-02 -2.9938811568e-01 8.9011808456e-02 3.6832108313e-01 -3.3483616921e-01 3.1180483195e-01 -2.2576832842e-01 -2.4335390754e-01 8.6373903282e-02 -2.2430904022e-01 2.1897410485e-01 3.5160199645e-01 2.5981146533e-01 -7.3384143872e-02 3.1813465687e-01 1.5611856199e-02 -6.3505965659e-02 2.4933314764e-01 -1.4335187135e-01 -1.2307259889e-01 5.2488641577e-03 -4.7196170892e-01 -6.8023557331e-01 5.5300381179e-01 -4.0144100981e-01 5.8124610148e-01
2.1348855420e-02 -9.6751425481e-02 1.3194949278e+00 -4.4783459972e-02 -3.5937985508e-01 -3.7319868742e-02 1.2488330873e-01 4.3714054076e-01 3.0967239595e-01 -1.9865222508e-01 -2.2503563000e-01 1.2821355175e-01 -1.5501631947e-01 1.4954494816e-01 -2.5465142688e-01 -3.8861546861e-03 -4.1938605158e-02 -5.2204431989e-01 -4.6680835110e-01 3.3901775569e-01 -6.5450023287e-04 5.4698949649e-02 8.1251086737e-01 -4.6579380471e-01 -2.1562837600e-01 -1.2429119167e-01 7.0302625104e-01 -9.4032109100e-02 8.5371915465e-02 -2.2918208571e-01
4.2128219437e-01 -1.0219633474e-01 1.2928688008e+00 -5.8544440008e-01 2.8186408354e-02 -3.9854386314e-01 -3.6151337800e-01 6.4913877895e-01 3.2461766606e-01 3.4669726372e-01 -8.5464014818e-02 -2.3345859318e-01 -3.6522776322e-02 1.1098811297e-01 -1.7434763616e-01 1.1368055707e-01 3.6423042135e-01 -3.6551180882e-01 -2.1301954383e-01 1.5990928507e-01 7.3745459746e-02 -4.1909546533e-01 2.9190026109e-01 9.5578206439e-02 -3.2656750729e-01 1.5110972655e-01 -1.5780832495e-01 1.7794395759e-01 -1.7065744298e-01 2.8501062885e-01
5.0007948591e-01 -5.2906386648e-01 1.7510398451e+00 -1.9245433172e-01 5.7644026247e-01 -5.7782936767e-01 -3.1249078532e-01 3.5208663099e-01 4.0690262911e-01 2.0788770174e-01 -4.7777146954e-01 -3.2661977910e-02 1.0932674990e-01 7.0444184539e-01 4.9532176602e-01 1.8633660266e-01 5.8347825164e-02 -3.1182755177e-01 -5.5602911135e-02 7.9093991127e-01 1.8372309482e-01 6.4868975168e-02 8.1932114476e-01 -2.6438922127e-02 -3.7348142828e-01 -4.9218503137e-01 5.3323883016e-02 3.4361841501e-01 -1.9716650295e-01 5.0976883108e-01
-9.8296728937e-01 -1.5507102189e+00 -1.1871057667e-02 -5.8446502840e-01 1.3623539078e+00 -2.7886803558e-01 -1.0176576934e+00 4.8448763332e-03 -5.8379134414e-01 -4.8870804631e-01 1.2545664639e-01 5.5060838815e-02 6.5385021551e-01 -1.4401449231e-01 -4.3615398835e-01 -1.1598493989e+00 -1.2874421544e+00 5.6289111406e-01 1.6240899814e+00 -5.4561854579e-01 1.3736216677e+00 -7.7771803064e-02 5.0500340307e-01 -1.3510684021e+00 1.0014389504e+00 1.6180859539e+00 -7.0715510800e-01 -1.2221113140e+00 1.0652756962e+00 4.6080953399e-01
-1.7051370488e+00 6.5028831253e-01 8.0206651603e-01 1.5934943712e+00 -2.7869000896e-01 1.6496022696e+00 9.1298669659e-01 1.3083278129e+00 -4.5167406243e-02 3.3858045150e-01 1.5766587409e+00 -2.8064995817e-01 -1.9703343996e-02 -7.9740893567e-01 -1.5650764744e+00 4.2590147164e-01 -1.0929200061e+00 2.1865125330e+00 -1.9672384893e-01 -1.6477794545e+00 1.4351462385e-02 -2.4181974906e-01 -1.3861163932e+00 1.2560500087e+00 1.6777143707e+00 2.0290262367e+00 1.1147786813e+00 -9.0321139528e-01 1.6575672283e-01 -1.7870201557e+00
