-3.0738898463e-01 -6.0736896160e-02 -1.1622294060e-01 1.0953848830e-01 1.1736580270e-01 -2.7023640246e-03 5.3908161906e-01 8.0023962248e-02 -3.0713540890e-01 1.4458251271e-01 -1.8995009364e-01 -3.1572923983e-01 2.6165897584e-01 6.9069920531e-02 -1.6918182352e-01 5.6002399053e-02 -1.0909850966e-01 -2.9146790043e-02 -9.0298487003e-02 -1.5765866581e-02 -1.2918949475e-01 -1.1191712616e-01 1.2911858286e-01 3.8121315434e-01 1.3244880644e-01 -4.2171575522e-02 -2.5557530544e-01 2.4697484973e-01 -4.0102572751e-02 -1.7868953142e-01 -1.4900133498e-01 -2.6852241320e-01
-6.8734472193e-02 -2.0724171763e-01 -4.5959318417e-01 3.1718222901e-02 2.6127678970e-02 5.1646054506e-02 2.6296452379e-01 2.7515654392e-02 1.3536254361e-01 -1.1176184319e-01 2.0120602865e-01 -4.3816466863e-02 3.2946829762e-01 -3.4257056793e-01 1.7169894144e-01 -3.3571981550e-01 1.0933176600e-01 3.1480181572e-02 6.0959187932e-02 5.1229734499e-01 6.8418526321e-02 6.9118016202e-02 -1.6684583720e-01 -2.8988637370e-01 1.9980035900e-01 -1.0818326829e-01 5.0768114532e-02 -2.8993277610e-01 -4.6230002787e-03 -4.6278116698e-02 1.1662288364e-01 2.1087898194e-01
-6.3359208915e-02 -2.6320612945e-01 -9.0740421073e-02 -3.9362735007e-02 3.0251530112e-01 2.8130504434e-01 2.0710949471e-01 -1.0923711109e-02 4.2804952956e-02 9.8569883262e-02 -1.1011067956e-01 -2.1520655913e-01 2.4371123002e-01 -2.8264589268e-01 1.7366735052e-01 -2.6882135375e-01 1.9237542857e-01 1.6621131394e-01 1.3337011019e-01 5.0518594696e-02 7.6692859961e-02 2.1370790071e-01 3.0404899524e-02 -1.8816636290e-01 -1.8073717967e-01 -8.4435405257e-02 -1.1811771184e-01 -2.2498990837e-02 2.8150084950e-01 -1.0925959769e-01 -9.6735607129e-03 -4.0807328793e-01
-3.3633110334e-01 9.0233798654e-03 1.3646884540e-01 -2.7573223936e-01 -3.8413222489e-01 -4.2296842170e-03 7.7408944821e-03 -4.3329702483e-02 1.7797169113e-02 1.9863105676e-01 -2.9941681287e-01 1.8252258724e-01 -7.5284910212e-02 4.1486138906e-02 -1.8047436546e-01 -2.0573886097e-01 2.9534575726e-01 -3.0829334769e-01 -2.3919561304e-01 -2.5734294744e-01 3.4965633797e-03 -3.6873860228e-01 -1.0489211398e-01 5.8368456286e-02 -3.6734083628e-02 8.1935976652e-02 1.0707028812e-01 1.7770811405e-01 1.7337861937e-01 3.0344054882e-02 8.2208008504e-02 2.2138412548e-01
2.8397610279e-01 -6.7219998688e-02 -2.1168327698e-02 1.4649861997e-01 1.4331185171e-02 -3.1162745638e-01 2.3326284830e-01 2.7718318393e-01 9.8392155791e-02 1.0954377309e-01 -1.9876989878e-01 5.4971265724e-02 1.9322292545e-01 -1.4873625014e-02 3.6575874832e-02 -1.7578533409e-01 -1.4286433270e-02 -2.0362614920e-01 1.9822398615e-02 -1.2844299341e-01 -6.9047946872e-04 -1.1904038213e-01 6.5378913836e-02 4.6873990571e-02 -1.0923178669e-01 1.2736423885e-01 1.6201444830e-02 -1.8639934752e-01 2.3873130238e-02 -1.5894371814e-01 3.4771631898e-01 -1.2315518049e-01
2.0554942623e-01 7.3463443723e-03 -5.8298146030e-02 -1.8448522021e-02 -2.1080482979e-01 -1.7207567611e-01 1.0130143715e-04 3.4199839451e-01 1.0444337667e-01 -3.6394383325e-02 -1.9214362732e-02 1.0645771644e-01 -1.5822451806e-01 6.5790262836e-02 5.1547988206e-02 2.2900271906e-01 1.5680690613e-01 -6.0072877146e-02 3.5007183745e-02 -3.5284112092e-01 -7.0940697578e-02 5.0571578841e-02 -1.0814522881e-01 2.2130551876e-01 1.0294469514e-01 -3.5617174369e-01 2.2081964307e-01 2.1207606937e-02 7.0418720766e-02 -1.5596577508e-01 2.2229506047e-03 -4.8045543656e-02
2.8326797927e-01 -3.5039767281e-02 5.1840858931e-02 -8.3413022492e-02 1.0679190648e-01 2.3473876339e-01 -1.4243081946e-02 -1.1462545833e-01 -5.1763895938e-02 -2.3558980935e-01 4.2601885696e-02 1.0075934606e-01 -5.2887601735e-02 -3.7968015144e-02 5.7090360800e-02 4.9795676759e-02 1.5692569784e-01 -5.2857850672e-02 -5.3674073146e-02 9.1092291689e-03 -1.6870529636e-01 -5.4286124714e-02 4.1924892737e-01 5.0017226100e-02 -4.3087893639e-02 -3.7582979562e-01 8.8174376097e-02 6.0989539622e-03 -2.5282748958e-01 -1.3779329732e-01 -1.2326957571e-01 -5.3780043159e-02
-1.4215937602e-01 1.7802645054e-01 1.5160874805e-01 -1.1066058601e-01 5.9808139661e-02 -1.0032494589e-01 -1.1438684998e-01 1.4927240063e-01 2.0585934312e-01 -1.8171112773e-03 1.9805824943e-01 -5.1484836309e-02 -1.7080444497e-01 -1.9094481057e-01 1.0870936616e-01 -2.0945340667e-01 1.0086248940e-01 -8.3738316786e-02 -1.2585730231e-01 1.4096617279e-01 3.5510020947e-01 2.2153340652e-02 3.1267351650e-01 -2.3983163248e-01 9.9271003963e-02 1.4519246552e-01 8.1957146374e-02 -1.8726155431e-02 -1.4494058933e-01 -1.8236698694e-01 -1.7905204365e-01 -9.9883612181e-02
2.6094407703e-01 -1.7068024145e-01 -1.1338240352e-01 -7.8320921887e-02 2.1763002302e-01 -7.1852282134e-02 3.9589856740e-02 -1.9336068994e-01 3.7614081793e-01 3.5994655062e-01 1.0197920895e-01 2.1298821809e-02 1.8031524678e-01 2.9097947002e-01 -4.0474700997e-01 9.0580710217e-02 -2.8351786522e-01 2.4480779163e-01 -1.1769568268e-01 -5.4283049520e-02 4.6321952032e-01 -1.0960881202e-02 -1.8141418938e-01 -1.5285717036e-01 2.9590084141e-01 9.5198575392e-02 -1.2936734395e-01 3.8094610175e-01 -1.4013841332e-01 2.1332795313e-01 1.9197014463e-01 2.4134268588e-03
2.3348413809e-01 -1.9429947357e-01 1.5560780988e-01 8.4526622314e-02 8.4304781829e-02 -5.1397184817e-02 -1.1799332690e-01 1.6040436803e-01 -1.5535664787e-01 -1.2961980437e-01 -1.2014800266e-01 1.8472458294e-01 6.0423585222e-02 7.0724525205e-02 3.6181838757e-02 -9.6502340841e-03 -5.5863787421e-02 3.8820478548e-01 -3.5770713665e-02 2.0800026562e-01 7.4457294780e-02 6.9102824296e-02 4.3948695258e-01 6.5646695251e-02 -3.3292355421e-01 -3.0605741145e-02 -4.7729024375e-01 6.6989080335e-02 -9.0130535392e-02 3.7388973654e-02 2.7693426780e-01 -3.7680665401e-02
1.7551178511e-01 7.1876498046e-02 -2.0593870098e-03 1.5261096460e-02 -1.8342468876e-01 1.8423956707e-01 7.3012899355e-02 -1.3936488619e-01 1.2533218520e-01 -3.7133352098e-03 -3.8173534814e-02 5.3531736643e-02 -1.0169580470e-01 -1.3715727586e-01 2.4760707835e-01 -2.2708561144e-01 3.5281824900e-01 -1.7779447324e-01 6.6758651192e-02 3.2752523107e-01 -1.5374997576e-01 -7.3967797514e-02 1.2599337719e-01 1.7550528316e-01 1.3505208949e-01 -1.0936470678e-01 -1.0251681149e-01 -3.2602207840e-01 -2.2480341004e-02 1.5772761240e-01 1.4551696417e-01 -7.1205811478e-02
-2.0146916030e-02 4.8142202577e-01 2.5546620437e-01 -1.4517995583e-01 -1.4755140609e-01 1.2342935819e-01 2.0235250431e-02 3.7400808144e-01 -9.0789453013e-02 -9.8959426771e-02 -1.2038915388e-01 1.4812819710e-01 -1.9310836670e-01 1.5648428727e-01 -2.7386837096e-01 3.6118483301e-01 2.8948351672e-01 -5.1490586423e-02 -1.7768866850e-01 -3.0634206012e-01 -3.1228346162e-03 -2.2554660609e-01 -2.5456143871e-01 -8.9204162461e-02 5.9062750355e-02 3.7874155568e-02 5.2104277367e-02 1.2007647440e-01 -1.6015595345e-01 -3.1265419694e-01 -7.5770841604e-01 -1.2770138010e-01
-1.3971848043e-01 1.7413008466e-01 1.0134543344e-01 3.9322170462e-01 2.2248907774e-01 2.1018516517e-02 2.6797616136e-01 -1.1445225456e-01 9.2064237505e-02 3.1824807447e-01 1.0730313109e-01 1.4217608284e-01 -2.6538310656e-01 6.4828626006e-02 3.8609329650e-02 -2.9336564549e-01 1.4375898533e-01 8.1801941893e-02 2.1275064926e-01 5.3879295832e-02 -3.7217478780e-02 -3.6574366352e-02 1.8160697312e-01 2.3961398309e-01 7.7686333995e-02 8.8541048029e-03 1.4267388734e-01 1.7829477251e-01 -2.8660829627e-01 -7.5618748125e-02 -1.9917693751e-01 -2.8280704006e-01
-5.3467353800e-02 9.6076572866e-02 -1.1232225390e-02 4.7356138384e-01 8.2491748626e-02 2.5370540635e-01 6.2527369353e-02 -1.6701481662e-01 3.0774385373e-02 1.7187696968e-02 -2.0235563614e-01 6.7150816175e-02 -1.8327157357e-01 3.1831283678e-01 -7.6126412289e-02 1.0954711309e-01 -2.2000113666e-01 1.4779066577e-01 1.7473847280e-01 -1.3042652916e-01 -2.0581677946e-01 2.0375553916e-01 -2.8012212981e-01 1.9887692631e-01 -6.0641636376e-02 1.1582756036e-02 -1.5480463124e-01 -1.5865777539e-01 2.0725937481e-01 2.5238289729e-02 1.7015964169e-01 1.3200261404e-01
7.0443939730e-02 4.5829570404e-02 -5.4234470331e-03 -2.8314811956e-01 2.0119739819e-01 1.5582490745e-01 5.9638840529e-02 2.7372001947e-01 -1.7440465141e-01 1.8544580949e-01 3.2189050749e-02 -3.2361330947e-01 -2.8946344282e-02 3.3096299948e-01 -1.2675272410e-01 -2.9166797260e-01 -8.7177062472e-02 4.4597620102e-02 7.5493087948e-03 -1.1736859727e-01 3.7923947465e-01 1.6425627692e-01 8.6761907136e-02 -1.2095528375e-01 6.2727915374e-02 -2.2261433849e-02 1.4868407638e-01 2.7108201909e-01 -3.9370299661e-01 -3.5639503243e-01 -1.5316562634e-01 -1.7102383204e-02
1.4929981345e-01 2.5231554702e-01 9.5000301230e-02 1.2077546785e-01 -1.2292271279e-01 3.3730949202e-01 1.3105537672e-01 -3.4245437929e-02 -2.9126549102e-01 5.5176461572e-02 1.6699185016e-02 3.1775878050e-02 -2.1051673192e-01 -1.9078127011e-01 1.5241905138e-01 -1.0271612585e-01 3.0446070010e-01 -4.5398189013e-03 -1.0722624133e-01 1.4682887031e-01 5.9735963202e-02 1.4066786946e-01 3.6615639555e-01 2.7050061140e-01 2.7622295287e-01 5.6136105995e-02 8.9443102837e-02 -2.9388205345e-01 1.4298721085e-02 -1.9848436021e-01 2.8022253502e-01 -8.2306632670e-02
1.5857700266e-02 2.2100080004e-01 -2.7948267358e-01 -9.8790956828e-02 -8.2416808386e-02 1.7038605075e-01 -1.0908029103e-01 3.3478249707e-01 -2.3879742933e-02 -6.8386132983e-02 -1.3902338553e-01 5.1786735748e-02 -2.8654293847e-02 -8.4867346488e-03 -8.9392705289e-02 2.9175807211e-02 -3.1241203264e-01 1.5328514789e-01 1.7697409324e-01 1.1207220846e-01 2.0761179079e-01 -5.8211424485e-02 -4.0083719850e-01 -1.3700980736e-01 -8.1665478856e-02 -2.6345939409e-02 -1.6679606012e-01 -1.2406053155e-02 3.9339699052e-01 -1.7100321568e-01 -1.4739651836e-01 1.0468714998e-01
-3.3103260920e-01 -3.0047305030e-01 -1.6807108458e-01 1.4160090157e-01 5.2368799119e-02 4.1298387039e-01 -6.9199251788e-02 6.5434743341e-01 1.4423217787e-01 -2.2506622968e-01 3.3115892873e-01 -3.8870690868e-02 -2.9505316901e-01 -4.2888143147e-03 4.0206789852e-01 3.6425814012e-03 -2.5775487290e-02 -9.3251281605e-02 4.2846657967e-01 9.7317416346e-02 3.6032213768e-01 1.1654070537e-01 2.6215819371e-01 -1.2545397775e-01 7.0219704870e-02 2.9551309139e-01 7.6989897464e-02 -5.4036478360e-02 4.1978620319e-01 1.3158115083e-01 -6.3701519363e-01 -9.6115167252e-02
-8.9118851538e-03 1.5390801883e-01 -3.0035981803e-01 -1.2398926534e-01 1.7402846421e-01 2.2969013848e-01 -1.5969399477e-01 -1.0255088343e-01 2.3973956629e-01 4.7599531640e-02 4.5062251133e-02 1.5791220217e-01 -3.2585892580e-01 1.5577291930e-01 9.1427864113e-02 4.9044823821e-01 2.1987729190e-02 -1.2257838239e-01 1.4709888604e-02 -1.9122874779e-02 -8.1793930421e-02 5.0009075912e-02 1.5114219733e-02 2.6576375413e-01 2.8456816735e-01 -9.4911931003e-02 1.4615417420e-01 4.0057201393e-01 -3.4572990104e-02 1.2834929778e-01 -1.6071622782e-01 1.6636722529e-01
3.4527239537e-01 -3.7819414785e-02 7.5555586385e-02 4.1914260128e-01 1.6113752584e-03 -2.3596705245e-01 -2.2624439991e-02 2.0454088820e-02 7.5965003814e-02 -2.3790995753e-01 -1.7511705994e-01 2.5439360602e-01 3.5749757933e-01 -2.7744248129e-01 -6.3908331346e-02 3.0947281601e-01 -1.3194414937e-01 2.1740928925e-01 -2.4817231434e-01 -1.0992463525e-02 3.1994176983e-02 9.9740081185e-02 3.5633293386e-01 1.1309617581e-02 -6.6580423835e-02 4.8316647253e-01 -1.5652294192e-01 -1.4667653467e-01 -1.8974232140e-02 -2.7754861150e-01 -3.7812555979e-01 -4.0887872776e-02
-9.2200328532e-02 2.0875386917e-01 2.5024053212e-01 3.6755277914e-01 -7.9991568283e-02 8.4042920832e-02 2.6713928666e-01 1.5032821730e-01 -1.4055088600e-01 7.0887394947e-02 -1.0904760808e-01 -2.4800450998e-01 1.0735663861e-01 -1.3832808497e-01 -5.9158079390e-02 -4.8774345237e-02 -1.4385592790e-02 1.1662765915e-01 1.7972680562e-01 2.8964370035e-01 3.0506389968e-01 -1.0955978662e-02 -2.5551488598e-01 9.7969286827e-02 2.3949860658e-01 -2.0324610307e-02 1.9488984636e-02 -3.6821506611e-01 -2.9152329283e-01 -9.4399200272e-03 -8.0066848975e-02 2.0026615799e-01
4.1731932661e-02 1.4861566041e-01 -1.5322024837e-01 -2.9629360305e-01 -1.1366092204e-01 2.4668703834e-01 -5.1068868383e-02 -1.7912647591e-02 -9.3351275333e-02 1.4115448076e-01 2.0705123330e-01 2.3726048181e-01 1.1847022270e-01 2.4162492410e-01 -1.6841557978e-01 -1.1715752202e-01 -3.5576491496e-01 -1.7129465235e-01 -2.5250558953e-02 7.4809769394e-02 3.3109941080e-01 -8.0314264486e-03 -1.9846109806e-01 1.0346270045e-01 -2.7421456297e-02 1.9097874428e-01 1.3173346755e-01 1.5727128186e-02 -1.0999392129e-01 1.4250797532e-01 -3.6971027144e-02 -2.2511204154e-01
1.0870284500e-01 -8.5780838230e-02 -1.7459573307e-02 5.3047149219e-02 1.1464077661e-01 -3.7431371492e-01 -4.4673331187e-02 3.2788488463e-01 -1.0716549761e-02 -1.8295636393e-01 -1.9518736339e-01 -1.0959728319e-01 -1.3930535162e-02 -5.3679710427e-02 -4.4996470620e-02 1.0320980716e-01 1.4390292377e-01 1.0185156722e-02 -4.8976226020e-02 -7.0637066836e-02 -2.1361332903e-02 4.2205332324e-02 -1.3341623132e-01 6.4548665042e-02 3.5037229634e-01 3.5648277960e-01 9.3889386677e-02 -4.7374125651e-02 -4.2491896539e-02 1.7396457618e-01 2.1479076026e-01 5.6243455239e-02
9.5369083123e-02 6.3014649853e-02 -2.2720486050e-01 -9.1606413172e-02 -1.7538079224e-01 -1.1881703151e-02 1.1574322228e-01 -7.6390569068e-02 1.6353593747e-01 -2.9634938126e-02 2.9019448587e-01 -6.4797481732e-02 -7.3125669058e-02 -1.0871733907e-01 7.9218640264e-02 7.5405287177e-02 -5.7773645170e-02 -7.3259957783e-02 -2.6337816447e-01 -8.4237024784e-02 -1.1779459607e-01 -4.7524710924e-02 6.0169966414e-02 -1.3663470675e-01 -1.0413017586e-01 1.6206291804e-01 1.0649833090e-01 -1.4314873365e-01 1.4863523614e-01 -1.4212365718e-01 2.3090209336e-01 1.8139594450e-01
2.8301132536e-01 -5.0878690772e-01 -8.7270071258e-02 -3.4743386042e-01 1.6722576044e-01 -4.5518873357e-01 2.8777085062e-01 -1.7843158441e-01 1.0723678144e-01 -6.2042175305e-02 4.6524909815e-02 -2.5239529928e-01 4.6054322138e-01 -2.3354614821e-01 3.8050488801e-01 1.8983406089e-01 -3.8672354634e-01 3.5125952124e-02 -2.3463863767e-01 -2.8069381984e-01 -4.5736903093e-01 4.2647148315e-01 4.6892405936e-02 -1.8235479160e-01 2.4214225211e-02 3.3440697510e-01 -1.5278135547e-03 -2.1049410193e-01 -6.6371218226e-02 -3.3155388449e-02 1.7188080835e-01 -1.3779642519e-01
3.0989134027e-02 2.5103944080e-01 -1.7725278723e-01 3.3025241038e-02 1.5039977597e-01 2.2872850067e-01 2.6293357307e-02 -2.4152329164e-02 -6.8096069601e-02 1.8123479078e-01 -1.8764398697e-01 1.3246007563e-01 1.0781286371e-01 -1.0542470961e-02 -2.5363187733e-01 -2.0376196403e-01 -1.0122079620e-01 -4.4525238009e-03 -1.3807862680e-01 -8.6910048731e-02 -1.0380141851e-01 -8.0527041447e-02 -3.7519985878e-02 3.1473756984e-01 2.3869304647e-01 6.4831747853e-02 1.4984281360e-01 2.0513162293e-01 -1.9666287525e-03 7.5239287651e-02 -4.0575297192e-01 1.3302129423e-01
2.4807233183e-01 -1.6090875338e-01 3.2460595266e-01 2.8701888861e-01 3.2174815168e-01 -1.8961426091e-01 -1.1638290279e-01 5.1218893233e-01 -2.7399463093e-01 -4.0185614756e-01 2.2160189383e-01 -3.3958592896e-01 -1.0527562810e-01 -1.4590635336e-01 -1.0726183780e-01 -3.7987310189e-01 2.4973884232e-01 -1.4353790771e-01 -7.3107165415e-02 -2.2816609942e-01 -1.6130119314e-01 6.9294179615e-02 -7.1168081088e-02 3.7080936111e-01 2.3009184526e-01 -3.0191955389e-01 5.0837846213e-02 3.1527086066e-01 -3.3562046777e-01 -2.9089627373e-01 -2.6641466821e-01 -1.0671918522e-01
1.8677133727e-01 -2.3195238956e-01 2.2824512473e-02 -1.5987164221e-01 -3.8413074297e-02 1.1924381869e-02 8.8765419261e-02 1.5727001962e-01 -5.6640842557e-02 1.7627411758e-01 2.7009649656e-01 -1.7730225886e-01 1.6966205403e-02 -3.0348071091e-01 8.6416051694e-02 9.7175919456e-02 -1.4903310325e-01 1.4494884024e-01 1.3023441882e-03 7.3677317441e-02 2.0047156187e-02 -1.3926410479e-01 -9.0599012887e-02 1.3147762584e-01 -1.0907291060e-02 -2.0741970993e-01 4.6302680679e-02 -9.6280101691e-02 1.2984404963e-01 2.0788539698e-02 1.4433600523e-01 6.2076210575e-02
-1.1308339403e-02 1.2831313687e-01 2.2796367473e-01 -6.4249085046e-02 -5.3529080837e-01 8.5588951730e-02 7.8694270100e-02 -1.2056654905e-03 7.0518833349e-03 7.8253542353e-02 -9.2253085558e-03 7.2546248078e-02 1.2843842734e-01 1.4694555834e-01 2.8081452329e-01 4.0276803339e-01 3.2611210132e-02 6.4759480813e-02 -2.3838654114e-01 1.9574892084e-01 1.8376735057e-01 -4.2616434581e-02 6.9459304169e-02 1.8013728961e-01 -1.3440432130e-01 -6.3708776397e-02 -2.0797452105e-01 8.8334241390e-02 7.9900106787e-02 5.0761444142e-02 -1.6500258216e-01 2.6457817168e-01
-1.1646288283e-02 2.2142573705e-01 -7.6262997360e-02 3.3305305784e-01 2.9641412551e-01 -2.2453375672e-01 -1.0631273702e-03 -2.8891314988e-01 -2.0459696746e-01 -2.5721863281e-01 2.4020223276e-01 -8.3134185491e-02 8.9670667467e-02 -1.7680676741e-02 -1.4095842341e-01 -2.3497229753e-01 5.5586580828e-02 2.8225006737e-01 -1.1118215217e-01 5.6798501429e-02 2.1754311667e-02 8.2477037460e-02 -8.1616060318e-02 4.3411583839e-01 5.3946016129e-02 -1.0447734057e-01 1.5798682501e-01 5.8860155461e-02 1.2182536348e-01 2.2298647982e-01 4.3533667099e-01 4.2775513354e-02
-1.7571792809e-02 4.6905010983e-02 6.4262211868e-03 -3.7200172452e-01 -1.3791343940e-01 -5.5510876241e-02 1.4664644152e-01 1.4736341463e-01 -7.1529574803e-02 1.9999040189e-02 4.4162590132e-01 -1.2375107704e-03 -4.3966861641e-01 -2.8749655387e-01 1.9323109769e-01 -1.4413067179e-02 3.7707661079e-01 5.5180935355e-01 -1.7096656678e-01 -4.7848695586e-01 -3.1266311222e-02 -2.3683111374e-01 1.2097455690e-01 1.6812931100e-01 -2.9121063548e-01 6.2429299958e-03 -3.7833923074e-02 -5.3984845372e-02 -8.7705895229e-02 7.5914297445e-02 8.2841827940e-02 -5.2593857249e-02
-1.1483146479e-01 -2.2760443265e-01 3.2119920598e-01 2.6034100208e-02 6.3501441660e-01 -1.9871082636e-01 1.3431876642e-01 2.2930956055e-01 7.6445939232e-02 -6.3336416434e-02 -2.1895857220e-01 -1.4006839799e-01 -1.0385133044e-01 1.9735409537e-01 -9.9089247045e-03 -2.3715640302e-01 -2.8529210918e-01 1.1053826314e-01 -1.2160487167e-02 -1.2111912327e-01 -7.5648183782e-02 -1.0862496349e-01 1.2349530733e-01 1.3632848936e-01 -1.1178750864e-01 -2.4051156172e-01 1.5614183793e-01 -1.2007666789e-01 6.1811807936e-02 -2.5915674078e-02 2.8580560875e-01 3.2923214114e-02
