1.3123534542e+00
-8.2285328219e-01
-6.3026298688e-01
1.4300116667e+00
1.0050359091e+00
5.6560411862e-01
1.1397697841e-01
-4.4666007097e-01
1.0173720174e-01
9.7698761116e-02
-8.1524099452e-01
-6.4661913296e-01
-8.0525493703e-01
-1.1410554294e+00
-3.2843686136e-01
-4.9590898854e-01
-5.1406768245e-01
-3.5116314410e-01
-1.8239044846e-01
1.4924066409e-01
4.1302431025e-01
1.3947612185e+00
1.9950616998e+00
-8.5983719542e-01
2.9358561657e-01
6.2904309759e-01
7.1765749636e-01
-2.3506859661e-01
3.8670693197e-01
2.7872390279e-01
-8.5957661384e-01
6.7215083443e-01
