-1.6893180414e-01 1.9563782200e-01 7.9327082883e-04 1.5842938532e-02 1.8172873036e-01 -4.6525817986e-01 5.2679848894e-01 4.7553604029e-01 -3.9039884650e-01 4.4563559810e-01 -8.1602831735e-01 -1.5905664176e-01 1.3037426491e-01 5.9719844229e-01 -4.8843129764e-02 9.4287845037e-02
-2.4756757231e-02 3.0216042318e-01 -4.5748267776e-03 6.5333758794e-02 -1.0763718380e-01 -8.1856525329e-02 2.1864391264e-01 -7.9479863847e-02 -9.8761071890e-02 -5.7488526717e-02 -1.2732741289e-01 3.0624104192e-01 -6.6406929181e-02 1.3071482172e-01 -5.8961010003e-02 -2.3801210926e-01
-2.9970195281e-01 -7.9893272570e-02 -6.1205858221e-02 -4.4736832073e-02 4.3513858351e-01 -8.7906260024e-02 -2.8221812118e-02 2.2060784102e-02 -3.1104173286e-01 -5.0113453225e-01 2.1698912138e-01 -1.0037967977e-01 8.6505156807e-02 -1.8795395991e-01 2.9096344691e-01 -3.1714718989e-01
-5.1129823541e-01 -5.3293469536e-02 -1.6217636359e-01 -2.3843139459e-01 3.1101225808e-01 1.2568623344e-01 -1.7797645413e-01 1.8778321680e-01 -3.5320832908e-01 6.7901322571e-02 1.0345537082e-01 4.0888603770e-01 7.1741425508e-01 -2.7177627282e-02 -1.2149397293e-01 -4.4775431526e-01
6.9820694889e-02 5.1293108258e-01 -1.4526212748e-01 -2.0234942603e-01 1.3543740227e-01 -8.7992875397e-02 -4.1520356559e-01 -2.5094346441e-01 -2.4062742113e-01 -2.2736565604e-01 1.2792845038e-01 4.4030304747e-01 2.3181427592e-01 -1.2391460697e-01 -3.1867410752e-01 -2.3204639840e-02
-1.1505323834e-01 -4.4300631084e-01 -2.3870418260e-01 -3.9368793382e-01 1.3442711508e-01 2.8915084638e-01 -4.8642732757e-01 -2.5122024299e-01 -1.5656721709e-01 -2.2423602874e-01 3.0946806179e-02 8.3218636318e-02 1.5795523023e-01 -1.4549864326e-01 8.8093027382e-02 -2.8332575596e-01
-1.9034594023e-01 6.3847202634e-01 -4.7425706155e-01 -2.6825789059e-01 -2.5914485968e-01 -3.6463153171e-01 -1.0593458847e-01 4.0839965224e-02 -4.7955854219e-01 2.4080629467e-01 -5.0534346264e-01 -1.4326744998e-01 -1.7363658145e-01 3.7885396782e-01 -2.0621496669e-01 -2.6371845981e-01
-1.3040809762e-01 -2.8031518737e-01 -1.5955140274e-01 -9.5828354116e-01 1.2987400548e-01 1.3647313493e-01 -1.7420987960e-01 -3.2278676997e-01 1.1811689635e-01 1.0002546760e-01 8.2249452880e-02 -3.2385994375e-01 2.0580546040e-01 1.6411001076e-01 -3.5959922457e-01 -4.0408505248e-01
-1.7065941099e-01 -2.0992322311e-02 -5.5171687557e-02 -2.4468179904e-02 1.5061875400e-01 -5.2644970617e-02 -1.4949693090e-01 1.0365922575e-01 -5.6870649459e-02 2.7440493050e-02 1.1320122583e-01 -2.1494358129e-01 2.7754257043e-01 -2.1220722879e-01 3.0195379277e-01 -1.7548568560e-02
8.0880667685e-02 1.9612445434e-01 6.1992057414e-01 2.4913504042e-01 6.5696310911e-02 -2.6299664479e-01 -2.6225934207e-01 -3.4538402708e-01 -6.1766577879e-01 9.6382481367e-02 -1.6116551918e-01 9.2174562757e-02 2.2719351484e-01 -6.4187695051e-01 8.4077410926e-02 3.6741628841e-02
-3.3390392757e-01 2.1253085802e-01 -5.8795748883e-02 -2.1145965859e-01 2.2444187994e-01 1.6773950361e-01 -3.6360318597e-01 -6.7561539005e-03 3.7460954748e-01 3.1427519963e-03 6.1246331673e-02 -3.5366331513e-01 1.2067579798e-01 -2.2007861480e-02 2.0193037965e-01 1.5220555274e-01
2.8285845277e-01 -9.5606517422e-02 3.8034521981e-01 4.9054119027e-01 -9.9602139654e-03 -2.7126098804e-01 1.0442029333e-02 -2.8303661201e-01 -1.9035029386e-01 -4.6443741689e-01 -3.1593463593e-01 -5.4436380074e-01 -1.6154595551e-01 1.7581303338e-02 -1.3679631100e-01 6.2354204034e-01
1.4918186506e-01 -3.2394761028e-01 -9.6649596303e-03 1.9910148558e-01 1.7149977610e-01 -2.6803326951e-01 -2.4293056000e-01 -3.7480776734e-01 -4.3689787834e-01 9.3016930004e-02 5.0562363891e-01 1.4011288239e-01 1.9937371959e-01 -3.8535945931e-01 5.7343883335e-02 -1.1026597022e-01
-2.2882421007e-01 -1.1563915281e-01 2.1704322645e-01 2.6010077883e-01 -7.7645716470e-02 8.3361890087e-02 -7.9661752509e-02 -4.4943598713e-03 -1.6698546512e-01 1.3433833279e-01 1.3282157119e-01 9.1091600477e-02 6.4501989116e-02 7.4843877718e-02 -6.8559086447e-02 1.2869427180e-01
3.6271429827e-02 -4.3313707808e-02 3.9645811920e-01 6.3129689724e-02 -1.9553694208e-01 -4.8631317710e-01 2.6424872008e-01 1.4262330329e-01 3.7299991472e-01 4.5127016509e-01 -4.4144549154e-01 -4.9479595702e-01 -1.6164274576e-01 6.0581174669e-03 -3.0038899732e-01 -3.1961085255e-02
1.8141392436e-01 -2.7464297338e-01 1.0665239767e-01 2.9372424752e-01 -1.9977598125e-01 -1.9557126735e-01 1.4667211327e-01 3.4668126442e-01 -3.2362400167e-02 -6.2888455335e-02 1.1860665944e-01 1.6549672230e-01 1.2849798125e-01 3.1221395762e-02 2.2354071505e-01 -1.0915278661e-01
