-2.6742231472e-01 -1.1369452870e-01 -7.7558531916e-02 3.7606557819e-01 1.2390403962e-01 -1.7652968730e-02 -2.9268560019e-01 4.3355033478e-02 6.1256775005e-02 2.4795883369e-01 -1.0746488481e-01 1.8024706012e-02 -4.3320632612e-02 1.6254321927e-01 -4.3907914493e-01 -8.1714342188e-02 -3.4969090382e-01 -3.1510567754e-01 1.8919675078e-01 -2.2521975273e-01 -7.2134865599e-01 1.1824299203e-01 -1.6541184026e-01 3.9010629232e-01
1.8531382878e-01 1.6658232078e-03 -3.2984553486e-01 2.1300522139e-01 -5.1837735683e-02 3.1087963428e-01 -1.3813204414e-01 4.6595083839e-01 2.4371228048e-01 2.6279509825e-01 -4.0303975511e-02 -2.2262197993e-01 -4.0834046013e-01 -2.1100773370e-01 5.3292717706e-02 4.1366129747e-01 2.9397863341e-01 -4.0775052267e-01 -1.8102865106e-01 -4.6021380590e-02 2.9034221571e-02 -2.5396511081e-01 6.2701643133e-02 -1.3794455989e-02
-1.1132499483e-01 4.1445923481e-02 3.0747329352e-01 2.6058765969e-01 1.7508001139e-01 4.4126708848e-02 2.7586179353e-01 -3.5435730593e-01 2.2248381990e-01 -1.9850204200e-01 3.6636406883e-01 9.5069249571e-02 -1.5670606655e-02 2.3812266738e-01 5.0072997939e-02 -2.7112579621e-01 2.7507497580e-01 3.4208457668e-03 1.9946896039e-01 5.4371637434e-02 4.4649478077e-01 -2.5260858289e-01 6.4431363498e-02 7.6193064622e-03
1.8454491491e-03 -1.7080931781e-01 3.3548079794e-01 4.6900608531e-02 1.8322683727e-02 -1.2018836698e-01 8.1672781453e-02 7.8127095225e-02 5.2033419479e-02 2.1566134662e-01 2.6823727021e-01 -2.7348213966e-01 1.0047729524e-01 -1.4940450264e-01 1.2333186512e-01 1.1800343198e-01 2.8444847339e-01 -5.3783232123e-02 1.4914281958e-01 -5.2657157834e-02 2.3974954324e-01 -1.2402151098e-01 -1.0097317299e-01 -1.2962180239e-01
-3.1536305165e-01 1.6975214267e-01 -4.8578069627e-02 -8.2640482715e-02 -1.1733617518e-01 -2.0393551389e-01 -2.7146445769e-01 1.1100606740e-01 -4.6113446632e-02 -2.1647431324e-01 1.8268247326e-02 3.5900419467e-02 2.2824699579e-01 4.7131788629e-01 2.4436838021e-01 -9.3453136156e-02 3.5531103242e-02 3.0123303746e-01 9.9037349977e-03 3.2384232689e-01 -2.1352224490e-02 1.9131258044e-01 -1.6498912417e-01 4.1476273184e-02
-4.0985853788e-03 -2.6276479295e-02 -2.1394138017e-01 -1.4061734545e-01 4.5202800759e-02 1.0687875226e-01 3.0540625203e-01 -8.5391517488e-02 -3.4781564904e-01 -1.7619547762e-01 9.2889101859e-02 -1.9625857932e-01 2.7241165026e-01 1.6931207717e-01 -7.4102062356e-02 -3.2422379531e-01 2.8257319364e-01 1.4691673575e-01 -2.4420303572e-01 7.1229683550e-02 -1.7780776068e-01 -1.6647048682e-01 8.6847555268e-02 -3.1046239433e-01
2.4682285112e-01 3.4811485597e-02 2.3139500984e-03 5.8451797682e-04 4.1272810657e-01 -1.9595313785e-01 1.5762972730e-01 3.2119098914e-02 1.0519002920e-01 1.2001680525e-01 1.3721602510e-01 -1.3065568171e-01 3.1225267991e-02 1.8737548155e-01 1.7571713645e-01 -1.1673664098e-01 6.6038190906e-02 -1.6840240876e-01 3.4574105471e-01 -2.5715997590e-01 3.4383198027e-02 -1.7054977971e-01 -1.1219632675e-01 1.8680377623e-01
-7.2143600878e-03 -4.1635127018e-02 4.3287143695e-02 -1.9563865703e-01 -3.4319782603e-02 -1.6291464835e-01 -4.8482982939e-02 -3.5964301372e-01 1.8868608737e-01 1.5584623533e-01 3.0524690980e-01 -1.8764689502e-01 -1.8997589862e-01 2.6377535849e-01 -3.8666303677e-01 -1.7208181645e-01 -5.9600234675e-02 4.0759559934e-01 -5.3500688283e-02 -7.8352244699e-02 1.3071682106e-01 1.6621546435e-01 -3.0025478825e-02 -3.9063919600e-01
1.9126315300e-01 3.6013727179e-01 -4.5069088379e-01 9.2184123054e-03 -1.8123629645e-01 -6.5807208718e-02 -3.6282865265e-01 -4.7521117819e-01 -3.1003893925e-02 -8.5489143422e-02 7.0271775687e-02 -1.3475195766e-01 -2.2829937124e-01 2.3899237502e-01 8.0731963199e-02 -4.9823550743e-01 4.7289404622e-01 5.6592047259e-02 2.4185117641e-01 -5.7344039081e-02 -5.1666874823e-02 1.6223157551e-01 -1.4921216030e-01 7.0054134816e-02
-2.9712655440e-02 4.9617999740e-02 2.3590602743e-01 -4.1332851169e-03 -1.9424381308e-01 -1.9705418083e-01 3.3153495909e-02 -3.3370145869e-01 -4.4404973695e-02 -4.7170140212e-01 -1.2914939841e-01 -6.0915052881e-02 1.9325231099e-04 9.5533284871e-02 -2.2082614780e-01 -1.3219560420e-01 -9.4844249990e-02 1.3462457592e-01 3.6511636805e-02 -8.8812213880e-02 3.6044204375e-01 -3.4286237116e-01 -5.6743262059e-02 2.1639690923e-01
-3.1174157784e-01 -3.9229725880e-01 -1.1072748642e-02 -5.7055609636e-02 -3.6669424000e-01 -1.6845589563e-01 -2.0124053868e-01 -1.9112326544e-01 1.7348487407e-01 -7.3111526728e-02 1.0717674224e-01 -1.2380323742e-02 3.2778605697e-01 4.2153830148e-03 2.2512624643e-01 -2.1694018092e-01 6.1122975440e-02 1.1265546244e-01 1.0423525726e-01 1.0579964204e-01 -1.0486512297e-01 -1.0999918079e-01 -3.8954641417e-01 5.6748104991e-02
-2.5570839788e-01 -1.2468938086e-01 1.1240790422e-01 4.4816209878e-02 -1.2398918671e-01 3.9838740111e-02 -4.7662628985e-01 -1.4459415950e-01 -7.7173152197e-02 1.9346953350e-02 -3.8001980665e-02 3.7301748353e-01 -8.5870776060e-02 -1.0272668073e-01 -2.9613848908e-01 2.3264051475e-01 1.3988648547e-02 4.8997220098e-02 5.9056987271e-02 6.7852077715e-02 5.0617692418e-01 -2.4778126247e-01 -3.5572446703e-01 -1.9270892966e-02
-3.4781963658e-01 4.6271916706e-02 4.6250414875e-02 -5.6985168430e-03 -3.8592870004e-01 -3.0151353279e-01 1.8268095085e-01 2.4310592791e-01 -3.0555148569e-01 1.7157237598e-01 1.3598502681e-02 1.5997515987e-01 -2.3555684109e-02 -3.8218462881e-02 1.2256895770e-01 -1.3644609844e-01 1.5614942189e-01 5.0121801381e-03 -1.2026810928e-01 2.2252609748e-01 -1.1211841857e-01 2.5534034043e-02 5.1192607242e-02 -5.1083733420e-01
3.2192442350e-02 1.8000434915e-01 -1.4291090542e-01 1.2036451000e-01 -4.7853366638e-02 -2.8125490489e-01 -2.2556580914e-01 4.2074345993e-01 -1.1369593974e-01 -1.5184368269e-01 -1.4049323575e-01 -6.0629200749e-02 3.0518734785e-03 3.4885240580e-02 9.3544329576e-02 8.1554259854e-02 1.2505771205e-01 -1.5886378292e-01 1.3970994685e-01 1.9821059800e-01 -1.7343758197e-01 8.5308341569e-02 -2.1653630587e-01 9.6007948562e-02
-3.0593253450e-01 5.1931835924e-02 8.4293160435e-02 -1.4907131779e-01 -1.0993895383e-01 -1.0807604030e-01 -1.4724323098e-01 1.9246578072e-01 -2.7111596511e-01 9.1704516334e-02 -1.3263500072e-01 1.6361592498e-01 -1.3198104399e-01 -4.3586043333e-02 -3.6721881836e-02 -4.4497983223e-01 3.9470941546e-01 -5.3356450751e-03 -2.5329417447e-01 2.1139043216e-01 6.8790444191e-02 -1.7409847847e-02 -2.1015373150e-01 -3.4421317665e-01
-2.7665013784e-01 -1.1152814306e-01 -1.6589488249e-01 2.2621104581e-01 2.4526844296e-01 2.2331396402e-01 1.4254667846e-01 2.4101779253e-01 -8.8672640063e-02 -3.8055104933e-01 7.9310116878e-02 -1.5142905375e-01 -2.5468165848e-02 4.4404237449e-02 -4.1196086608e-01 -2.5916221427e-01 4.3539266613e-02 1.9814005468e-01 -3.4199836775e-02 6.0214178955e-02 -3.0428623503e-01 -6.8905400243e-02 2.9371595973e-02 -1.3353925292e-02
-5.4032396976e-02 5.6840270931e-02 7.9882477508e-02 -2.8019493307e-01 -3.7733056376e-01 -8.7415961699e-02 -4.7821412391e-02 1.8412395377e-01 1.7296359255e-01 5.9510062391e-02 1.1396143860e-01 1.1831593507e-01 -4.8061759129e-02 7.4810496544e-02 2.6246126291e-01 3.3310022340e-01 1.7121425571e-01 1.8097472075e-01 2.0137714084e-01 1.3052397641e-01 -3.7483824507e-02 1.1452860631e-01 -4.2981979298e-03 -8.9651332434e-02
-2.5014482268e-01 -2.5763541781e-01 1.4781678547e-01 -1.6615396265e-02 1.0292766072e-01 2.2861767755e-01 -2.7608554628e-02 -1.2843245918e-01 2.9020166243e-01 -1.8363072456e-01 -1.2459486089e-01 -9.9228539323e-02 -1.8393638716e-01 -2.2447668366e-01 -4.3801148327e-02 -6.0117625467e-02 -4.2489416566e-01 -4.7139358496e-01 2.2438066763e-01 1.5026982991e-01 -1.4200534794e-01 3.1135999623e-01 -3.6574088721e-01 -4.6658744773e-02
3.5803236756e-01 -6.9812652781e-02 -2.3310090847e-01 3.7205471792e-01 -1.9423288354e-01 -1.6599688558e-01 1.0764851825e-01 -3.3880714341e-01 3.9519080716e-02 3.0111057196e-01 1.1285372905e-01 -1.2002059968e-02 3.4081775381e-01 -2.0980081632e-01 -1.0969833433e-01 2.5934072188e-01 2.0840442398e-01 -3.2022066742e-02 -4.4056164560e-01 -7.2190600245e-02 2.8229350545e-02 -8.5884219573e-02 -9.7235935490e-02 -1.9186188366e-02
1.7350355303e-01 -1.4784631540e-01 7.5707355153e-02 1.9585832110e-01 2.7734947455e-01 2.3967889298e-01 -1.9561494033e-02 -8.9550096738e-02 -1.9582418416e-01 5.0492432680e-02 -9.3768845128e-02 3.2979482244e-01 -2.7685506908e-02 -1.3060503062e-01 -2.8414177317e-01 -1.2498068170e-01 6.8252849167e-02 2.4174936097e-02 -1.0564182132e-01 3.7535105220e-01 9.9548330955e-02 -2.5253681392e-02 1.2847861233e-01 -8.3165320738e-02
1.4340851893e-02 5.8112152470e-01 -7.6743803599e-02 -9.0133495769e-02 1.4255982797e-02 3.4054612346e-01 -1.2933488665e-01 -2.1208935612e-01 -1.3985316054e-01 -4.5447487004e-02 9.7197179304e-02 -3.0734720655e-01 6.4838432412e-02 1.6937148908e-01 -5.4016913860e-01 -3.9888480788e-01 -2.6748512868e-01 -3.2607358947e-03 3.3448561459e-01 4.1383559397e-02 -4.9940056893e-02 2.0742692011e-01 2.9655408804e-01 -1.9750600612e-01
1.1633917042e-01 2.9767489956e-01 2.0887843415e-01 -1.1678399431e-01 3.7336152116e-01 2.7768552507e-01 7.2994753896e-02 2.7278089049e-01 -1.9523633042e-01 -5.4357124515e-02 2.4324944370e-01 9.9128233581e-02 -3.7933357277e-01 -8.9227758681e-02 7.0463582335e-02 -1.2431644029e-01 -9.7028718539e-02 -3.4292881752e-02 -1.2836914097e-02 1.3732605769e-01 2.2990604860e-02 3.5797984470e-01 -3.8666566138e-01 7.9181138458e-02
-1.7330654439e-01 1.3884084268e-01 -4.5744990923e-01 3.7075341246e-01 -7.3711245427e-02 -1.3836304835e-01 1.4352633763e-01 2.6417733173e-02 -6.4753428983e-02 -1.2306009339e-01 2.1464192328e-01 -3.4396756397e-01 -1.8493466244e-01 -1.0680032049e-01 -2.4417012231e-01 -7.8902094233e-02 6.5328259368e-02 2.2388264809e-02 -8.8783823699e-02 1.9015111139e-01 3.9121964709e-01 1.8090638058e-01 1.9853519040e-01 -3.2744184998e-01
-3.0895779529e-01 -6.2859202601e-01 -4.4088241280e-02 1.5693282763e-03 -3.3791749628e-01 -2.4687656693e-02 7.1589035398e-02 8.9550896938e-02 9.2578132632e-02 -1.9687686349e-01 -2.4585799536e-01 2.3169116490e-01 5.3796278295e-03 8.7082887884e-02 1.6304084491e-01 -1.2810593417e-01 -5.9638157572e-02 -2.3979611061e-01 3.3106052760e-01 -7.8122308367e-02 1.0927181958e-01 1.3702982057e-01 3.5295117105e-01 6.4806830972e-02
