1.7506633732e-01 1.1758743474e-01 -2.1112757997e-01 4.5542595103e-01 -2.1924107201e-01 -2.6765247323e-01 1.0780242927e-02 -1.1263043402e-01 -2.9222888045e-01 1.6792324453e-01 -4.4349577017e-02 3.4116021484e-01 -1.7579594963e-01 2.3659093547e-01 1.8070284982e-01 -8.9836657951e-02 3.6051552853e-01 5.7835687999e-02 -7.7584137450e-02 1.6106105904e-01 2.8597209916e-01 -5.4617877629e-02 8.4834231378e-03 -8.4772836172e-02
-3.4136640142e-01 -9.3536878826e-02 3.1339683576e-01 -2.0193596533e-01 1.5475364466e-01 -1.5521420174e-01 7.0195985085e-02 1.2487149934e-02 -1.0755499234e-01 6.1798747731e-02 1.7268145037e-02 -3.1604270835e-01 -1.2462474078e-01 -9.5967170719e-02 -2.1174123668e-02 1.3175331071e-01 -8.6359835084e-02 2.3974287292e-01 9.5033895732e-02 -1.5277783068e-01 -5.2862987984e-02 1.0004352101e-01 -6.5428245154e-02 -3.4251376351e-01
-1.3781406258e-01 1.3901811699e-01 -4.9070787405e-02 9.5539423320e-02 1.0490024767e-01 -1.7092107298e-01 -8.6410089292e-02 6.0028165701e-02 3.6264676940e-02 1.5897416902e-01 1.2568578423e-01 -2.5531476577e-01 -1.4156089688e-01 1.8338174452e-01 1.6760295020e-01 -3.3511550375e-02 -2.4389219846e-01 1.0789346265e-01 -1.0611145121e-01 -5.6324201357e-02 2.2227057894e-01 -1.5893685195e-01 1.0134385028e-02 5.2458451277e-02
1.3051690249e-01 8.7946751689e-02 -7.9273989127e-02 -2.6837956915e-01 -2.6680927437e-01 2.5689643306e-01 1.5960353659e-01 -5.1479936172e-02 -1.7667980214e-03 -6.7558828571e-02 2.1378706396e-02 -7.3552354787e-03 1.9077466297e-02 3.1740515949e-01 6.5536834999e-01 -8.3108973698e-02 -4.1023822452e-02 -1.5280421921e-01 -3.0307060802e-02 1.8159389882e-02 -1.9460955939e-01 -4.7805844603e-01 1.0032002614e-01 -5.4207245701e-02
-3.5122562580e-01 -4.6890353640e-02 -2.3667800872e-01 -2.4150007164e-01 -1.8184100225e-01 7.1077872259e-02 -6.6152278159e-02 -1.6689357345e-01 2.8797755737e-02 -1.6797548743e-01 -2.7401918907e-01 2.0910548546e-01 1.2132412074e-01 2.1073750963e-02 1.4907723385e-03 8.4140719382e-02 -1.1714871856e-01 1.0044688744e-01 1.5031152478e-01 4.7719172810e-01 -2.3272414966e-01 4.9186731567e-02 9.3044909548e-02 1.6337372873e-01
3.9665312390e-01 2.3581528432e-01 -2.7682811033e-01 -2.7117795954e-01 1.8070058136e-01 -4.8281074396e-03 4.8825475429e-02 -2.6788392957e-02 5.8038956641e-02 -7.9072330904e-02 1.3235669935e-01 -4.0469079730e-01 -2.8008571885e-01 2.3877450147e-01 -1.9211095779e-01 -1.4940808174e-01 1.9572983997e-01 -1.9857812433e-01 -4.8427313556e-02 2.3929195628e-01 -2.3544515712e-01 4.9401855762e-03 1.4520683914e-01 -4.7370439757e-02
3.6675896679e-02 1.9129723391e-01 -4.7929707283e-01 -1.7065622206e-01 -2.0781601857e-01 -7.5890620909e-02 9.8934586540e-02 3.5962895696e-01 3.2817076894e-01 -1.7671783060e-01 6.2907958833e-02 5.8654107223e-02 -5.2030837352e-01 8.5924777166e-02 -1.5407780255e-01 1.5721597988e-02 2.5784003198e-01 -2.2000354383e-01 8.5104461113e-02 9.6091256302e-03 -1.4923981120e-01 1.0640743577e-01 -9.6657650009e-02 2.4904818106e-01
1.9322467789e-02 -3.8844966469e-01 7.4564192301e-02 4.8826651894e-01 4.5642736358e-01 1.4969107549e-02 1.9868915486e-01 3.8826924154e-02 1.4784009515e-01 2.8288851987e-01 -8.3686924886e-03 -2.3163905015e-01 -5.1986987614e-01 4.8524076110e-02 -4.7975782670e-02 4.3178992627e-01 -1.9313038118e-01 6.6850608326e-02 -7.5135993836e-02 2.8907001221e-01 1.5891090345e-01 -2.7059225360e-01 -1.7727461171e-02 -2.7852341803e-02
1.5638306110e-01 -2.0328107905e-01 -1.0044629794e-01 2.1999982031e-01 -9.7619660767e-02 2.7924501458e-02 -5.7750171376e-01 2.5338370441e-01 2.1771247358e-01 -5.0097530538e-02 3.6229449135e-01 -2.5708867461e-01 -3.5217966967e-01 1.8270352105e-01 -2.0388598223e-01 -1.7800659809e-01 -3.3958681531e-01 -1.4770569460e-01 5.0446833388e-02 1.6731041984e-01 4.5797950959e-02 -5.0373162615e-01 9.1386951941e-02 -2.1785812613e-01
-1.9755857682e-01 -9.3910117113e-02 2.7749601403e-01 7.2427600927e-02 2.5705427039e-02 2.5605118980e-02 1.1593267490e-01 1.1937851224e-01 1.6971913922e-01 4.0513076257e-01 -6.8041992549e-02 2.4698352520e-01 -1.3684959483e-01 -2.1164536416e-01 7.8277885331e-03 2.5230043944e-02 -1.1175854615e-01 -1.3861518992e-01 9.1754260768e-02 -1.1995958165e-01 1.5806507755e-01 -1.0130570272e-01 9.0209132500e-02 -3.0328538632e-01
1.0285258515e-01 -2.3225168983e-02 1.1935963381e-01 1.0622099130e-01 2.7652711967e-02 1.3559000230e-01 1.0798626771e-01 -3.9348021082e-01 -6.0035566872e-02 2.3377563311e-01 -2.2348773422e-01 -3.1003583837e-02 3.0083966498e-02 -2.6335936949e-01 9.7679196984e-03 -1.4341173545e-01 -1.4806784638e-01 1.3024289892e-01 7.0870758015e-01 2.8886197238e-01 2.6352969546e-01 3.0590316663e-02 4.6996978634e-02 3.4207781475e-01
1.5463437453e-01 1.1441752183e-01 -4.5244859148e-01 3.1066510877e-02 -8.4103295634e-02 -8.7306878218e-02 -2.0701394961e-01 3.2214341816e-01 5.0707091391e-02 4.9191094489e-02 -7.1325188840e-02 -7.1084321272e-01 -1.8383946037e-01 -3.7771214947e-01 1.7620972291e-01 -1.7526165432e-01 1.0495437586e-01 2.6719598775e-01 2.0662744063e-01 -3.6484386075e-02 3.6019531804e-04 1.4921808065e-03 -2.6216855479e-01 2.6084081749e-01
1.0138698432e-01 1.3753243347e-01 1.3076288639e-01 -2.3285861000e-01 -2.7237426059e-02 2.0797737039e-01 2.5444447779e-01 2.5418365268e-01 -3.0963543879e-01 -1.8486176015e-01 -6.9854939202e-02 3.2611791666e-02 1.5582015020e-01 1.1911459148e-01 1.2451099730e-01 1.2892867802e-02 1.5961133371e-01 -2.9979414393e-02 -1.4589881966e-02 -3.7093614956e-01 -7.0157025716e-02 3.8951797032e-02 -2.0901582213e-01 2.1583899024e-01
-2.2481695415e-01 4.1527241415e-01 -5.4786856664e-02 -2.2672352175e-02 -2.5215367753e-01 -3.0724169415e-01 2.7929337919e-01 2.1207309725e-01 5.2916836110e-02 3.6229774254e-01 -1.7794097983e-01 1.6524986212e-01 -1.5826922538e-02 9.9241293623e-02 -2.3805152893e-01 1.1567244318e-01 -1.7825185668e-01 1.9995638935e-01 5.0766215964e-01 3.7230432899e-01 -9.3986672986e-02 -1.1916341406e-01 -1.6596609580e-01 5.9972282488e-02
2.1603852157e-01 4.1330991850e-01 1.7035221338e-01 4.8458641050e-03 -3.0672490986e-01 3.5606718670e-01 1.1091679781e-01 -2.2243559739e-01 3.8540981933e-02 2.8028474187e-01 -2.4860936455e-01 1.4403279521e-01 -1.0473176601e-01 -1.6305249455e-01 -1.0615427391e-01 -4.8358569972e-01 5.7466002864e-02 -2.0646588601e-01 4.1699277172e-01 -5.2621967594e-01 -2.0981953321e-02 -1.6367096708e-01 2.1400817485e-01 -7.1408322779e-02
1.4467494118e-01 1.7918699855e-02 1.3075055173e-01 6.4342261025e-02 2.3793058625e-01 -1.7549238880e-01 -1.9843506158e-02 -1.4446794288e-01 1.5774553000e-01 -9.1515346389e-03 -2.0638858603e-01 -2.1310488310e-01 -2.8286501498e-01 -2.8803103727e-01 -1.9332438641e-01 1.1514459150e-02 8.5354704033e-03 -1.0881220915e-01 -1.2686418870e-01 2.1957806153e-01 4.3491253463e-02 -2.2347289841e-01 -2.3120137967e-01 -3.6067114197e-03
5.4862943466e-04 6.4985104140e-02 -2.1497379815e-02 4.7226154171e-03 -1.2735168663e-01 -6.2866229358e-02 2.3420282363e-01 1.6533667602e-01 -7.5959717724e-02 4.4005960223e-02 -1.2629695769e-01 -2.2041636877e-01 4.9109744809e-01 3.7588421041e-01 -1.5883777474e-01 -1.1352603122e-01 3.3160881949e-01 -1.3583320464e-01 -1.8374855298e-02 -6.2861096091e-03 1.4423474457e-01 2.0636161723e-01 2.0363142544e-01 2.0914004659e-01
1.0107082983e-01 4.9729945538e-02 -2.7166196941e-01 1.4205635030e-01 4.0097624493e-01 -1.3184521074e-01 -1.8363524188e-02 -1.1896291175e-02 8.9401635137e-03 -3.8735249916e-01 -2.1088481454e-02 1.6774408699e-02 -3.1806157134e-01 -2.4888807021e-01 4.0643728124e-01 2.7642055293e-01 -4.0306081213e-02 6.7641108808e-01 6.8092364084e-02 3.9330520078e-01 6.4784205756e-02 1.3130412422e-02 -2.0905225464e-01 5.3741462259e-02
1.8257472701e-01 -2.9685593664e-01 -1.1065782108e-01 4.1736140284e-02 -2.1176966800e-01 2.9804653168e-02 -6.7776739955e-02 2.8495588730e-01 -1.8542592983e-01 7.5200097113e-02 3.1741754747e-02 -4.9279036139e-02 3.8608100211e-02 -2.3998320770e-01 -5.2779345040e-02 -1.3080278374e-01 -1.7773509617e-01 4.6874116904e-01 1.2665296406e-01 -6.7929311719e-02 8.6237733239e-02 9.2530159440e-02 1.3376582845e-01 -4.4073761473e-01
-2.8015263996e-01 2.9019044432e-01 1.8079595528e-01 1.4143312644e-01 2.4855000549e-01 -1.2333281119e-01 3.1529134616e-02 -4.2972809016e-01 -4.9451967907e-02 5.6482288624e-03 -2.5567377999e-01 -1.4132129783e-01 3.4480678531e-01 3.1689256490e-01 1.3151824762e-01 7.7555210399e-02 -2.9123216915e-01 -9.7034097618e-03 -6.1543280545e-02 2.0731590427e-01 5.6784770091e-02 -2.0153673433e-02 -9.7556540848e-02 -8.7426275470e-02
-3.8768302189e-01 -8.3716240003e-02 1.7931355742e-02 -1.8184555222e-02 3.7008270960e-01 -1.2025216019e-01 8.6897160510e-02 1.0785670425e-01 1.7476988100e-01 2.2989439885e-01 3.9662054078e-01 -1.3896919740e-01 -2.6288094886e-01 2.0677498914e-01 8.7661261075e-02 -8.0445508756e-02 -1.9513121418e-01 -2.1788811531e-02 4.2351534757e-02 -3.2021834195e-01 -1.6712280949e-01 -9.8077171765e-02 1.4526703236e-01 1.4108503325e-01
-7.1431640151e-02 -9.1964600010e-02 -4.1245997625e-01 -1.0756444593e-01 5.0786697108e-02 3.0149066377e-02 -5.2998931806e-02 -4.1023646196e-02 1.3858958569e-01 3.8778333631e-01 -1.8438504010e-02 2.8818047416e-01 5.0319381838e-02 2.9213283859e-01 3.0420985347e-01 -1.5254683828e-01 1.3397110527e-01 3.3461952732e-03 9.0718852779e-04 -4.6594640679e-01 1.0136652143e-01 1.6879700980e-01 3.2045486804e-02 5.2510065366e-02
1.7139346850e-01 -2.9423971530e-02 -1.8657982471e-01 -4.7666343312e-02 6.0542645690e-02 -5.1816208452e-02 1.6210930110e-01 2.0186644646e-01 -5.2137829920e-01 1.2724587615e-03 -1.5086400045e-01 1.1585337921e-01 9.1443507187e-02 5.0934589383e-02 -7.9988363102e-02 1.0460937076e-02 -3.3801028637e-01 -1.8266351564e-01 7.8888601440e-02 3.3121942191e-01 7.3211857999e-02 -1.4989512749e-01 -2.0498597033e-02 3.9731028895e-02
-2.6007362568e-02 1.6649428519e-01 -1.6891101926e-01 -1.5279894355e-01 3.4750190896e-01 6.0139343186e-02 1.5349989165e-01 1.3102247771e-01 -1.1711857129e-01 4.2284867597e-01 -3.5460818653e-02 -1.4675205300e-01 -2.1586839865e-02 4.0765425639e-01 1.3381344739e-01 -1.7594787369e-02 -3.4969765803e-02 -1.3616079947e-01 -1.0310608330e-01 -1.1113629419e-01 -3.5913614263e-02 1.3444460621e-01 -1.9365538457e-01 -2.1310827894e-01
