7.0501499758e-02 1.0137293340e-01 3.6700356703e-02 3.2614085966e-01 -1.0057876584e-01 -4.0150892113e-02 -2.4923524941e-01 1.6867818168e-02 -2.4208079997e-01 1.2392068417e-02 1.1228674081e-01 -2.9133765510e-01 1.5476259046e-02 -2.0323194317e-01 1.3144411191e-01 3.8629231764e-02
-7.8078176340e-02 -1.3243524766e-01 4.6427905303e-01 -2.3464666941e-02 6.2061343328e-02 -1.2242444258e-01 -2.2651182971e-01 4.0102730747e-02 -5.2730318604e-02 3.7746217056e-01 -1.5357361269e-01 -1.6976903299e-01 3.6417530137e-02 2.4647522798e-01 -7.9354897566e-02 -4.1679503172e-02
-6.9797461407e-02 1.7204465050e-01 -1.6792426126e-01 -2.0380090089e-02 1.6288497254e-01 3.9878604829e-02 -1.7767081202e-01 2.6045109877e-01 7.0010184675e-04 1.2644319169e-03 -2.5971530587e-01 -3.7520543986e-01 -3.4674729751e-02 4.4981749170e-02 -2.9496130769e-01 1.1871690438e-01
3.5233437583e-02 -5.2209780992e-02 3.8591263439e-01 -1.4340160022e-02 3.4993051704e-04 1.8105704174e-01 -2.4029763621e-01 1.4625241935e-01 -9.8412889140e-02 -4.3134735330e-01 -2.3952257270e-01 1.3381921355e-01 2.8918249802e-01 2.2629769989e-01 -1.4499072218e-01 -1.3394684969e-01
-3.1342014281e-01 -2.1968586134e-01 -7.0072639681e-03 -1.2119867867e-01 -2.3834290983e-02 1.8363795463e-01 1.7672556444e-01 -1.2248465967e-02 -1.2717463415e-01 1.9072695727e-01 1.4846585816e-01 -1.6182988366e-02 1.2660468797e-01 -2.2172194815e-01 -4.2239716904e-01 -1.0187362076e-01
2.7098983092e-01 -1.0171549641e-01 1.6290507403e-01 -1.0929304226e-01 6.9494892843e-02 9.0963257127e-02 9.5993534913e-03 -2.5802032751e-01 4.6751794121e-02 -2.8398370782e-01 1.4356636682e-01 1.4020690130e-02 -3.5626240611e-02 1.8980806512e-03 -1.6352837767e-01 -8.2821972841e-02
-3.9196679978e-01 -4.7615639679e-02 -1.2999745717e-01 4.4127447466e-02 -3.2469543403e-02 -2.5729807171e-01 -9.1763387301e-02 6.0637596562e-02 -1.7235907646e-01 4.0831032353e-01 1.3475592177e-01 1.3440730404e-01 9.2696293037e-02 -6.9306191232e-02 2.4147176876e-01 5.5806513028e-02
-9.6410766846e-02 1.4166591381e-01 8.5810196090e-02 -5.7138467699e-02 2.7456519390e-01 1.2611150643e-01 -1.7542831731e-01 3.4521482763e-01 3.9351534274e-02 -2.4042127353e-02 -1.2840425663e-02 5.1977461997e-02 1.9794385288e-01 -3.2940062152e-02 -1.9494617098e-01 1.4000476626e-01
-9.3351705771e-02 1.5928622026e-01 5.0629941098e-02 -3.9233531499e-02 -1.9398199183e-01 -1.0130549827e-01 3.0719691199e-01 1.7248509831e-01 -2.1808230893e-02 1.1191377622e-01 -1.2951580457e-01 -1.0339025010e-01 -3.1004398309e-01 -1.4241019269e-01 7.6833004717e-02 -1.1374571948e-02
8.5481036540e-02 1.0630816384e-01 3.4561133085e-01 3.2607003106e-01 2.4197869304e-01 6.8538213622e-02 3.0793431084e-01 -2.6504771926e-02 -3.0989546152e-01 -3.0422697747e-01 -2.4992414910e-01 8.2391115176e-02 7.2031073458e-02 5.8650076794e-02 -1.8006455416e-01 1.4053921100e-02
9.0909511064e-02 -2.2387667447e-01 -4.5976885290e-01 -1.6187367317e-01 -2.2906169649e-01 -3.1853647630e-02 6.1135122600e-01 -1.8802240757e-01 6.0447042405e-02 2.6905021171e-02 2.7423328694e-01 -8.2763289939e-02 4.6236652927e-02 3.3615014981e-01 4.4682792817e-02 2.7038652497e-01
7.0627163187e-02 2.8836857692e-01 -4.1222118838e-01 -8.9376940291e-02 -2.6447963516e-01 -1.6342771180e-01 1.3333167303e-01 -1.3679109231e-01 1.0098667626e-01 -3.2222615293e-01 -1.3248979620e-01 3.2641167473e-01 -1.5717832715e-01 8.5101023704e-03 -2.0398664992e-01 9.4567291550e-02
-1.7577879785e-01 -1.3766923104e-02 -2.4284050079e-02 -2.6316742823e-01 -1.5198694052e-01 1.7258325974e-01 -3.7954336340e-01 -2.2286771953e-01 -4.0498296741e-02 -7.6903911749e-02 2.0732412955e-01 -4.4151866050e-02 7.4688587853e-02 9.5743788903e-02 1.7231416369e-01 -8.7274205294e-02
9.2762653069e-02 6.8888563261e-02 2.1433470094e-01 -2.0747256507e-01 1.6428612640e-01 -1.3077921821e-01 2.6951328754e-01 -1.4195559378e-01 -9.2734514731e-02 1.0459655412e-01 -1.9471197784e-01 -3.7195282993e-01 5.4740797229e-01 -3.9919172288e-01 -1.2652973905e-02 1.8982459604e-01
1.1772291190e-02 -1.8114315641e-02 -1.7508801932e-01 1.9602122077e-01 -6.7461387758e-02 1.8533937720e-01 -1.1971666743e-01 -1.1503393117e-01 1.3899847240e-01 1.8529529687e-01 -1.0502518954e-01 7.3190165302e-02 1.4475069014e-01 -1.2966558887e-01 -7.3930386681e-02 2.4513162200e-01
2.9075802455e-01 -6.1787739065e-02 1.5786672647e-01 1.5402285052e-01 -2.7492928706e-01 1.1500647405e-02 3.7166872293e-01 -1.1057814009e-01 -2.9270132371e-01 2.9317715142e-01 2.0148405448e-01 2.7734338713e-01 -8.4193507045e-02 -2.6892906748e-01 4.1778415752e-03 -1.5291154508e-01
9.1834208460e-02 -7.5834433367e-02 5.3213051933e-02 -1.2163553265e-01 -1.6134017160e-01 -2.3754867406e-02 1.9594558160e-01 -4.2972521775e-02 -4.3630182663e-01 -1.1047728773e-01 -4.6816980127e-02 2.9928470748e-01 5.5319890486e-02 1.6475511538e-01 7.1326315033e-02 -1.9244601811e-02
4.4398724530e-01 -1.2798221911e-01 -1.6440547194e-01 -2.5984879125e-01 -6.7477289346e-02 -2.3023546160e-01 1.6031231812e-01 2.1318049554e-03 -7.5690736017e-03 1.7171078743e-01 -1.4086512361e-02 -1.6040097657e-01 3.7838179919e-01 -1.3944737111e-01 -1.4997480511e-01 3.6895080949e-02
-8.7712755830e-02 -2.4971030964e-01 -1.2521501371e-01 1.3458317672e-01 9.4942974095e-02 2.9921536646e-01 8.7024580364e-02 -2.3999618257e-01 -1.3008822503e-01 -2.0798417759e-01 2.9791312662e-02 -2.3998643507e-01 2.5686655293e-01 -2.3451452928e-01 -3.3111248091e-02 2.5640640423e-01
1.6885308235e-01 2.6221363138e-01 -1.4406742357e-01 7.6578112173e-02 2.8682699677e-01 -3.7851287591e-01 1.0262994433e-01 2.3245413339e-01 -1.5557429184e-02 4.2126948780e-01 5.8019872496e-01 -1.4857831014e-01 -3.0422367486e-01 -3.4667816514e-01 -1.2561801718e-01 9.5768694161e-02
1.2837030048e-01 -2.7703260130e-02 1.6364277156e-01 1.8680798006e-01 2.1426137034e-01 -1.6593913714e-01 1.1880703362e-02 2.0663282736e-01 1.5072629936e-01 1.3673461195e-01 -1.5756132232e-01 2.7231021988e-01 -3.0444946718e-02 3.5496633439e-01 -5.0352694820e-02 5.9833075955e-02
1.1783428634e-01 -2.5724173168e-01 -1.0349279438e-01 -3.8165788190e-02 -4.4560139106e-01 6.8782327629e-02 -3.4457160105e-01 -3.9361636245e-01 3.9721966528e-02 8.4194811271e-02 -2.3318271811e-01 -1.1771300460e-01 -3.1340532909e-01 -2.6567135657e-01 -2.8492569052e-01 -1.4868180563e-01
-2.9283220449e-01 1.2833126518e-01 2.7296629286e-01 -1.4901930127e-01 6.9598723392e-02 -1.3887776418e-01 -1.5367751039e-01 1.1034774054e-03 -4.3292766160e-01 -9.0154293295e-02 -1.9970508737e-02 -2.8664508052e-02 1.3535954789e-01 1.8860539572e-01 -2.2252780972e-01 -5.6542056031e-02
-7.1832946755e-02 2.0424577456e-01 1.1724596370e-01 2.7766218133e-02 3.9341748706e-02 -1.3897250727e-01 1.1666950856e-01 -5.2612875311e-01 4.1968434883e-02 5.8692844459e-04 3.9149122839e-02 -1.1802458467e-01 8.3817040689e-02 -4.6901271274e-02 -1.0861149846e-01 1.2569456255e-01
