-2.2954585951e+00
1.1179488249e-01
-2.2681914001e-01
-5.1950534651e-01
1.6076756106e-01
1.0504784156e+00
6.8144283348e-02
1.5478363490e+00
-5.4976259827e-01
-8.4676623770e-01
-1.0265345925e+00
-1.0822138237e+00
-3.5507939797e-01
1.8587048138e-02
-1.4978385731e+00
-6.8763841573e-01
-4.7944914642e-01
1.4534059991e+00
-3.8397238813e-01
-1.6608240867e+00
1.9802516971e-02
2.2452239882e-01
-9.0039307524e-01
-1.0434312586e-01
1.0873092427e+00
-5.0641578414e-01
2.2586593742e-01
4.1453200517e-01
9.0782134403e-01
-1.8376066580e+00
1.0413035930e+00
1.5047024811e+00
