3.4233913159e-02 1.1344170594e-01 3.6178531214e-01 -2.3518498334e-01 2.7265906106e-01 4.1968568525e-01 -1.5987638575e-01 7.8465175856e-02 2.1329915797e-01 -4.9521939930e-01 1.3423334329e-01 1.9385165390e-02 -1.6974437458e-01 7.2901430364e-02 -1.1855492578e-01 1.2204428743e-01 1.8606947881e-01 3.8062941532e-01 2.3759924688e-01 -1.3248933572e-01 -1.9930191093e-01 -4.2596862746e-01 7.0915709457e-02 -1.3942252410e-01
1.5746548480e-01 -4.2510736476e-03 -1.8649251592e-01 4.7509106295e-03 -1.0814528503e-01 -9.3354142555e-02 -9.3534191597e-02 1.2616283732e-01 -5.2406277430e-01 -1.3115841531e-01 -1.9863409718e-01 2.7785657516e-01 -1.5430914474e-01 1.1751781420e-01 -3.9897883786e-01 -4.4253244496e-01 2.6441280172e-01 1.2632068611e-01 9.5942639723e-02 2.1301784365e-01 1.2750961176e-01 7.0321425949e-02 5.6260814589e-02 -5.5190278195e-01
7.5497966982e-02 1.1953105951e-02 -9.2629664113e-02 -6.3363463999e-02 4.0930313527e-01 -2.1042167750e-01 -1.2449808800e-01 1.2305940025e-01 -1.5322644082e-01 1.1951632469e-01 -1.7356767245e-01 9.2248173580e-02 9.3030306080e-02 -4.6007947160e-02 -2.6410002650e-01 2.9964886178e-01 3.7882284276e-01 -2.9158355267e-01 -7.1981522012e-02 -3.7358624230e-01 1.8800089339e-01 3.2183124443e-01 8.3099213268e-02 -4.5303788401e-01
-3.1067537722e-02 6.3472578872e-02 -4.9780326695e-02 1.6441559814e-01 2.4199007611e-01 2.7431403112e-01 -1.9923578705e-01 -2.0623563679e-01 1.2475563159e-01 1.3647892158e-01 -3.3653457291e-03 3.6714063864e-01 4.5153682021e-01 -1.2912698953e-01 -1.4600720838e-01 7.6988329342e-02 -1.0393614172e-01 3.2073772180e-02 -1.8361905350e-02 6.3071567899e-03 8.8282331114e-02 -1.9887543598e-01 6.0855138295e-02 5.3805298613e-02
2.5702621845e-01 3.4402609689e-01 1.0914474682e-01 2.0456033133e-01 -1.6436549232e-01 -1.1702776597e-01 -3.3636838261e-02 2.3643382198e-01 1.0201048703e-01 -2.7180716651e-01 -3.8566010783e-01 -2.4912673749e-01 -1.8811424308e-01 1.3350841004e-01 1.2117685562e-01 -5.5792969627e-02 2.1089888811e-01 -4.3426455200e-01 1.3787968761e-01 7.1006233559e-02 -1.4261484829e-02 6.8874322969e-02 -9.2258211475e-03 2.8898082003e-02
-2.1098317107e-01 2.2967423590e-01 -5.0274548946e-01 2.6762268565e-01 -9.7929939810e-02 7.1234184364e-02 1.9347266865e-01 -2.4733834579e-01 -3.5191194793e-01 1.2841327208e-01 -2.0110286026e-01 1.0032415144e-01 -9.9867293206e-02 -3.1751370497e-01 -7.5153906418e-02 -9.6326838899e-02 1.3307152909e-01 1.8086313608e-01 -3.1115826036e-01 1.7919874021e-02 4.9812019338e-01 1.1575317620e-01 -4.6492284369e-02 4.2684790082e-01
8.5239485998e-02 3.3553329402e-02 -1.4896805464e-01 -6.1728540855e-02 8.6235477060e-02 -2.7212709675e-01 -1.4954828593e-01 1.8179597409e-01 1.0122516678e-01 -3.2236620216e-02 1.7879967001e-01 -1.8823830742e-01 2.2984350896e-01 -1.3849753581e-01 -6.6983523959e-02 -2.4777111499e-02 -3.5355801573e-01 -5.6214053002e-02 6.5218541947e-02 1.0404350375e-01 6.9182453943e-03 1.4929754904e-01 -8.7967490602e-02 3.7724498034e-01
-1.0385290251e-01 1.2896162235e-01 4.4198428976e-01 -4.6568994185e-02 2.9407463216e-01 -3.0335908811e-02 1.2543051370e-02 -8.9597123284e-02 1.3892967439e-01 5.8896324354e-02 -6.4083852749e-02 2.1184440260e-02 1.4434724089e-01 -9.5638352801e-02 1.1955593303e-01 9.6545353417e-02 2.8980552797e-01 6.8723229112e-02 1.4968710232e-01 3.6229692177e-02 2.6516554617e-01 1.4732051380e-01 2.4824174142e-01 2.9362536922e-01
3.5543626320e-01 -2.7505967874e-01 -1.4484132981e-02 -2.5192688624e-02 -1.3448787023e-01 1.7810435706e-02 2.2977887272e-01 4.6673118748e-02 -9.9357102882e-02 -2.2061733423e-01 1.7455238638e-01 7.9723088442e-02 1.3030441112e-01 -1.9047776464e-01 9.1326877364e-02 -2.4928206928e-01 -3.0072623538e-02 -1.6757107519e-01 -3.5749154528e-01 1.5836289348e-01 -2.8107251137e-01 -1.8906544063e-01 1.0238570551e-01 -4.5164974854e-02
-1.2483511793e-01 5.3466973517e-01 2.3567313938e-01 -8.1223797141e-02 -3.2372535455e-01 -2.0197542129e-01 2.6986694336e-01 1.6535783859e-01 -1.8409708080e-01 2.5506716788e-02 -1.8944136154e-02 -1.3573985426e-01 -2.1073397283e-01 -1.4644453602e-01 1.2364258879e-01 2.2075838667e-01 -2.0973419096e-01 -7.0215431035e-02 -1.2342567526e-02 -3.4419318725e-02 1.8360156473e-01 -4.7642055485e-02 -5.6428911032e-02 2.8914372435e-01
-1.1501893882e-01 -2.4705794291e-01 3.0884364326e-02 2.4942373486e-02 2.6989704609e-01 -1.6564942101e-01 2.0529526531e-01 4.0018127635e-01 -1.6925627949e-02 -8.9000234494e-03 1.2357260590e-01 -1.4692862236e-01 -1.9682232590e-01 1.9680740707e-01 2.5834461781e-01 -7.4517655784e-02 -1.8839309164e-01 -9.2827331428e-02 -6.6561967945e-02 1.3925588309e-01 -4.8711538507e-02 8.5114342387e-02 -2.9550985781e-01 -8.5944121911e-02
-3.0692694342e-01 6.5244739681e-02 4.4576904180e-01 -1.5554571438e-01 -5.7995617759e-02 1.2624597982e-01 1.6725004948e-01 -2.1880060770e-01 -1.3797404048e-01 1.3891706521e-01 3.8312442384e-02 -3.3987110120e-01 6.9534033994e-02 -1.0790213062e-01 -2.1605646324e-01 -3.0758064004e-01 -5.1567279605e-02 -2.5358075144e-01 1.5842024836e-02 -3.3551273956e-02 -8.2946929656e-02 1.8164750175e-01 -2.4437279491e-01 3.6072366885e-01
-9.4641943017e-02 -1.2568439009e-01 -2.5180124766e-01 -1.2003889095e-01 7.3395293017e-02 1.7688957199e-01 -1.0798872568e-01 7.7270439931e-02 -3.0467212923e-01 -1.9646365090e-01 1.7586940997e-01 -1.9709497075e-02 -5.8363006559e-02 -3.6589716236e-02 -3.4697196631e-01 1.5218195686e-01 2.5975487875e-02 -9.2688519929e-02 -2.1094799291e-01 -4.2380827278e-02 3.2348350903e-02 -5.5463424172e-03 -8.9419237903e-03 -2.8364600502e-01
-1.0475708799e-01 -5.4311961434e-03 1.3358048675e-01 2.1978487092e-01 -5.9597309220e-02 5.0893963725e-01 7.7378932971e-02 1.3759889873e-01 1.3426839395e-01 -1.2284998656e-02 7.8604090902e-03 1.1574083182e-01 -3.4721561399e-04 1.9367469280e-02 -3.6071481816e-02 -1.0913821547e-01 -1.7492711363e-01 3.5621156236e-02 -2.0167819349e-02 4.7625729186e-02 1.5639612216e-01 -8.1594269790e-02 1.5928743730e-01 -3.7266716310e-01
8.6535169468e-02 2.3852188053e-01 9.6768406358e-02 2.2801293196e-01 6.6600197884e-02 6.4971725124e-02 1.6449424297e-01 -7.7293669026e-02 2.9923647582e-01 1.9395529799e-01 1.0641851386e-01 -4.3303777144e-01 -2.0311757066e-01 6.1379621724e-02 -5.0040406195e-02 3.2164825798e-01 -3.3504134943e-01 -9.6150612798e-02 -2.9982182592e-02 2.0785853564e-01 -2.0525751286e-01 2.2545005567e-01 1.5448174267e-01 3.3070426778e-02
4.9979438392e-02 -2.4630624584e-01 6.1922773494e-02 -5.0027505183e-01 -1.4434097506e-01 -4.2768106599e-02 -2.4607627711e-01 3.0502356555e-01 -2.6425632640e-01 -3.8097630155e-01 -1.0816198771e-01 -1.5074429719e-01 1.1419713951e-01 5.2480453489e-02 2.3201396133e-01 2.1394135218e-01 -2.9647671794e-02 -6.0377223989e-02 1.1125267806e-01 -6.9597826492e-02 1.3339871569e-01 -3.7108127164e-02 1.3376008189e-01 1.3038206810e-01
-1.1019068184e-01 3.8482054121e-01 -2.0306847337e-01 -1.7987479251e-01 -1.2245077296e-01 -3.0982149290e-01 -1.2434747505e-01 3.9854578755e-02 -8.6001741470e-02 3.9637954766e-02 1.7106641728e-01 -2.4347587327e-01 -1.9428332209e-02 -2.8998120902e-02 -7.3345179838e-02 3.3831793975e-01 6.2055751861e-02 -1.3355173070e-01 -1.1376827610e-01 -1.3848578945e-01 5.8450358900e-02 -5.0184308608e-01 -3.2362588529e-02 -8.4621159054e-02
2.9515290789e-01 3.2705489241e-02 2.4878748621e-02 2.0103181825e-01 1.7286104558e-01 -2.4711427369e-01 -3.1565236180e-02 1.8864301290e-01 -4.6998056607e-02 2.7666954559e-01 2.4176624464e-01 -2.2444625693e-01 1.2011366321e-01 -1.4349444610e-01 -1.4262390011e-01 1.1784372985e-01 1.4450588160e-01 -9.1735556773e-02 4.6580960771e-01 3.9233165588e-01 1.5811462690e-01 9.2350909910e-02 -1.0160053389e-01 1.0821133398e-01
3.1060605908e-01 -3.5691315194e-02 4.0630817426e-02 1.1051048184e-01 1.1361802198e-01 -1.6420832449e-01 2.8395577029e-01 -1.3781311319e-01 -1.4434595814e-01 8.2031193996e-02 -2.0883356666e-01 -1.3681806879e-01 4.7332599797e-01 3.5415376168e-01 -1.7294922502e-01 3.0567733666e-01 3.1055262310e-01 4.8234920803e-01 1.7368430012e-01 -3.0381049069e-01 1.2250000822e-01 2.2804426859e-01 1.7108203212e-01 -8.9392931253e-03
1.6353615237e-01 2.7963487203e-02 -1.1198906553e-01 -3.4978429586e-02 1.0635553658e-02 -4.8736411344e-02 1.6641107501e-01 1.8911844228e-01 -1.3239922893e-02 1.8141394688e-01 1.8236708163e-01 -4.7045390864e-02 -1.5938319354e-01 1.4884194558e-01 -4.6159349164e-02 1.4454534735e-01 -3.6996496247e-02 5.5183545828e-02 -1.1562706920e-01 1.8147244930e-01 1.6909760333e-01 2.1331013673e-01 -4.8127220517e-02 2.9086354635e-01
3.0386835773e-01 -3.7873610401e-02 2.6591047612e-02 -3.5093152909e-01 -1.0740462425e-01 -1.3707437615e-01 1.9741936770e-01 -3.4380596100e-01 -1.9182855654e-01 2.4705250726e-01 -8.0516875729e-02 -2.6268232372e-01 4.4478186071e-01 8.0299454217e-02 -2.7742631551e-01 -1.2120021677e-01 2.6662439165e-01 4.1383328373e-02 -1.5698540135e-01 2.8013412961e-01 1.2908718559e-01 1.7025186419e-01 -1.8815885855e-01 -2.7696860872e-01
1.2977168092e-01 1.1950078972e-01 -3.5857882335e-01 -1.0047675997e-01 7.9771216861e-02 -2.4453186040e-02 2.4021116556e-01 2.6482856141e-01 -3.8440912415e-01 -3.2930723307e-01 -9.5545326701e-02 -7.1373839389e-02 -2.6078785067e-01 -1.8986396288e-01 1.3165520327e-01 -2.2831974797e-01 2.4611203791e-02 1.3138382760e-01 5.6685484078e-02 -3.6287274474e-01 2.6685891731e-01 4.3600289573e-01 -4.7103945435e-02 -3.6286090366e-01
-2.5917672261e-01 -2.8804915646e-02 -1.9849582007e-01 1.6707229011e-01 2.1067330792e-01 1.4533890541e-01 -3.4122376102e-01 -6.1518819349e-02 8.1431520007e-03 7.7476539622e-02 -1.5740018807e-01 -5.4638314286e-02 -2.2777346671e-01 2.3340640557e-01 6.1126485161e-02 3.3629809094e-01 2.0932270294e-01 -4.1660196376e-01 3.1264846507e-01 4.1162099211e-01 1.6362297689e-01 -4.0422443629e-01 9.4078569188e-02 -1.2897088118e-01
-4.3596587943e-01 -3.3633037130e-01 3.2555627586e-01 -8.9325877414e-02 4.7357393730e-02 -1.8025801959e-01 1.2848713499e-01 -1.0793757288e-01 2.0923548961e-01 2.4773291611e-01 1.6461970610e-01 -8.8227945272e-02 -8.3092048263e-02 -7.6530164377e-02 9.9789112809e-02 1.4285605292e-01 -9.1823377931e-02 -1.2611767075e-01 1.9484456346e-01 7.7126457595e-02 -1.6657631813e-01 -5.7353752883e-02 -1.3657796535e-01 -3.4460178964e-01
