-1.0417311611e+00
-2.0360066980e+00
1.2211130005e+00
-2.4504932910e+00
1.3698052291e+00
2.1306720746e+00
-2.0847183747e+00
-2.0780388237e+00
-1.3657726402e+00
-1.0079346006e+00
2.5946646414e+00
9.7073458519e-01
1.2647624736e+00
-1.3340853099e+00
-2.0546999248e+00
2.2728206163e+00
1.5331160310e+00
1.3626834906e+00
1.9996063222e+00
2.5115496508e+00
1.2035483472e+00
9.6889961134e-01
1.0843286191e+00
-1.6894118599e+00
-1.0919664645e+00
1.9559281292e+00
2.1235337346e+00
-1.8176371757e+00
-1.5341792893e+00
1.2226805733e+00
-1.4557810996e+00
1.9661599832e+00
2.1879329882e+00
1.5202834514e+00
1.1982931385e+00
1.1874606640e+00
-2.0284717447e+00
1.6329616077e+00
-1.0841003144e+00
2.0898925054e+00
-1.2538341715e+00
-2.7694560206e+00
-2.4072594861e+00
-1.1182735191e+00
-2.5108954519e+00
-9.6766569854e-01
1.7146658278e+00
1.5450313679e+00
-2.1477211119e+00
1.1267316261e+00
