6.1230045250e-01
-6.8879809523e-01
7.0896690427e-01
-1.2321019310e+00
-8.1979219655e-02
1.0449644019e+00
-3.6230863865e-01
-9.5646452133e-01
7.4372754973e-01
-2.5939571017e+00
-4.5955482025e-01
5.4570286071e-02
9.3408293152e-01
1.2443166356e+00
-7.0842028762e-01
1.6596184552e-01
-1.7229569986e+00
-1.9869871591e-01
2.9449792394e-01
1.0058637445e+00
-3.6887824573e-01
-7.8681109075e-01
3.7540930754e-01
3.0146545589e-02
-1.0420779578e+00
7.1360659742e-01
7.4723166723e-01
2.1414859095e-01
-1.5310467096e+00
-5.3349600819e-01
5.0507857381e-01
1.2352295942e+00
2.5733587068e-01
1.2778319306e+00
-2.7075960670e+00
-5.0472003856e-01
-1.9158057304e-01
-2.1011267798e-01
1.7908149838e+00
2.5236383042e+00
7.6733980259e-01
1.0910086598e-01
6.1942658518e-01
-2.4077806764e+00
9.0050225441e-02
-9.2857418987e-01
4.1907938222e-01
1.0066973617e+00
-5.9654119379e-01
7.1315196365e-01
1.4578971294e+00
5.4202643984e-01
2.3903168677e-01
3.7150596031e-01
-6.0141767275e-03
-1.5427799519e+00
5.4491108752e-01
-6.0908642409e-01
1.3497926281e+00
-1.7130117936e+00
1.7633106130e-01
-2.9215302490e-01
-3.8201751112e-01
3.2763275218e-01
1.6484282019e-01
1.3780027890e+00
-1.2465562423e+00
7.2111655776e-01
-7.9999622798e-01
-2.6101021835e+00
7.2676752331e-01
6.3223969293e-02
-8.9580314774e-01
-6.6827672490e-02
1.6522188721e+00
2.5171957033e-01
1.4713291420e+00
-7.3725236794e-01
-1.5909146351e+00
3.8495949821e-01
4.9198749934e-01
6.0733874641e-01
-1.2182645224e+00
-2.0606141448e-02
1.1288120559e+00
2.2042505748e-01
7.6537138077e-01
1.3327532033e+00
4.9706647564e-01
-1.1950817796e+00
5.4355256016e-01
-3.9079982316e-01
6.3462521642e-01
1.2430304573e+00
-8.7627442019e-02
1.0483934633e+00
7.4394916444e-01
7.3067573804e-01
1.0074086888e+00
5.7647924418e-01
-4.1013783267e-01
-1.1283768076e+00
6.2150228987e-02
7.1907173220e-01
8.2138546515e-02
2.4594167208e+00
6.1105934912e-01
-6.2342587314e-02
-6.1137201835e-01
4.7937176367e-01
-1.2686403230e-01
-9.1861433703e-02
-6.9837535354e-01
4.5644239525e-02
-2.6239470516e-01
2.8736880289e-01
1.4453909708e+00
1.0522474596e+00
-1.3009398161e+00
-3.8149430520e-01
7.4892664815e-01
-1.5497846064e+00
9.7220588009e-01
2.2002999267e-01
-6.2040643121e-01
1.3603370838e-01
-1.8026235803e+00
5.9027819696e-01
-3.0153975575e-01
4.1259434575e-01
9.7961667152e-03
9.4154669817e-01
1.0788423207e+00
5.0737464444e-01
3.8802420499e-01
-1.1811133265e+00
-5.7801990630e-01
-1.0340313951e+00
-3.4313785978e-01
-1.0015813784e+00
3.5515471204e-01
-1.1702165928e+00
1.1347553912e-01
8.7441452797e-01
4.6197878730e-01
9.2987470396e-01
-1.1642613352e+00
-8.7319502424e-01
-1.5642566479e+00
1.1467690264e+00
-4.6703799337e-01
1.0196715430e+00
-3.1909210429e-02
2.5653602315e-02
-2.2814411886e+00
5.1855956489e-01
-2.8163070898e-01
5.7846436261e-01
-1.2095475234e-01
7.1123269995e-01
-3.4927734743e-02
-2.2500452419e-01
-7.9805473103e-01
-1.0623174101e-02
-9.9426564851e-01
-3.2278808559e-01
-6.9144136470e-01
7.0201064850e-01
9.5758253646e-02
-1.6705681529e+00
-6.1500360516e-01
-1.1303512100e+00
9.6575666059e-01
-1.5663265726e-01
1.1904815953e+00
1.0950996592e+00
-7.5152893991e-01
-1.0828208647e+00
-8.9746335271e-01
2.8332692376e-01
1.6755934373e+00
1.4287330212e+00
-1.3259716561e+00
1.2203962245e+00
-2.7054770021e-01
1.6719843119e+00
8.5351744830e-01
-1.1992762519e+00
-9.8775778717e-01
-3.5812975493e-01
2.1809449037e-01
5.9568457131e-01
1.0393601874e+00
5.9666439339e-01
-7.1226433261e-01
1.6937651654e+00
1.2144577033e+00
-2.3623754746e+00
-1.1200661885e+00
6.8847849759e-01
6.8608352484e-02
2.1990642569e+00
1.3303190951e+00
-1.0862281326e+00
6.7820009927e-01
-5.5763639233e-01
-1.5560374350e+00
-6.8852410324e-01
3.1248699445e-01
-3.5781340978e-01
9.8975391490e-01
-3.5942944928e-02
2.0406238739e+00
-1.0873820094e+00
-6.2116769904e-01
-7.9491374476e-01
-9.6605651027e-01
8.6710828259e-01
-1.8249753497e-01
2.4229223625e-01
4.8143004549e-01
9.8348474256e-01
-7.3885365653e-01
2.5963223151e-01
-4.2829397763e-01
2.9826256993e-02
-7.8697635710e-01
-1.8205140339e-01
4.3632035866e-01
-1.9743822594e-01
-1.6000288274e+00
1.9338060364e+00
9.7115789983e-01
3.3784763339e-02
-1.6311399321e+00
-9.3145925016e-01
4.5705763150e-01
-4.9343618359e-01
-2.8310003785e+00
7.3116258289e-01
3.9426128578e-01
2.4769737201e-01
-2.5554714430e-01
-1.3556121450e+00
1.3126222742e+00
1.1482690785e+00
9.3006141273e-01
-1.2141498313e-01
1.3733319160e+00
-7.6330298583e-02
1.0949171854e+00
-1.7044755199e+00
9.0234940944e-01
9.1176754751e-02
-3.0200911657e-01
4.1824651112e-01
-1.0344682358e+00
-9.8195124792e-01
7.4305027164e-01
6.6572480434e-01
6.5348853842e-01
-6.3540152878e-01
3.6088916045e-01
-5.0797045432e-01
-2.3784892648e+00
5.6519939634e-01
-1.7615249730e-01
-2.3480581008e-01
-7.2052878163e-01
5.9319563701e-01
8.9957191982e-01
-1.4197003162e+00
-3.2154716336e-01
-1.1497489341e-01
7.0346480306e-01
-1.6428915782e+00
1.3264520871e+00
1.1007891603e+00
-6.3581505084e-02
1.4680218909e+00
-1.9180001831e-01
-3.3526038125e-01
-2.0320441897e+00
9.0360134810e-01
1.4040194184e+00
-9.2990418693e-01
2.0545983904e-01
-9.6960924182e-02
3.2292978995e+00
-1.8390315526e-01
8.2413834827e-01
7.8707109011e-01
1.7852527879e-01
-2.4077784191e-01
2.1703984688e+00
1.0936829064e+00
-6.3089498592e-01
1.7233728281e+00
-8.0906879170e-01
-9.6050934857e-02
-4.3955688770e-01
2.9810536399e-02
1.9836504530e-01
-1.9549332634e+00
6.7205951510e-01
-7.9359234266e-01
-3.9526495898e-01
-9.6608347233e-01
1.0041416607e+00
9.9170160807e-02
4.6090871641e-01
1.8640118315e+00
7.2028590539e-02
-1.7029762661e+00
1.7977875922e+00
7.5438815281e-01
3.3170916281e-02
4.2303806075e-01
-3.2263236777e-01
1.7685770045e+00
2.0093462375e-01
-2.1003355442e-02
5.9323232399e-01
-2.2811802343e-01
2.7090217752e+00
-2.2020279231e+00
-5.2250971022e-01
8.9919018015e-01
-3.4743451474e-01
-1.8998956408e-01
2.8317250989e-01
3.8159553201e-01
1.1960218941e+00
-4.6008071327e-01
-3.9618112776e-02
-2.6395009403e-01
2.2157646395e+00
3.7317203846e-03
4.9182999634e-01
-4.4318039545e-01
-8.7075089749e-01
1.2426291719e+00
3.0244253022e-01
-8.4528662436e-02
-9.7215665919e-01
-5.8591353666e-01
3.8812157677e-01
4.5535300584e-01
1.1913556604e-01
-4.2856679861e-01
-7.8350629640e-01
3.4157647133e-01
8.4203714831e-02
-4.6904354920e-02
1.5144588049e-01
1.3233288712e+00
-4.1546851132e-01
1.3882933370e+00
1.9520508191e+00
3.8749283511e-01
-1.2699982548e+00
-3.8955067958e-01
-1.1842953038e+00
2.2333881363e-01
1.6463085110e-01
9.5021035976e-02
-1.5002403981e+00
-1.6942716793e+00
-5.7058855434e-01
1.5123122274e-01
-8.7718829464e-01
-1.7091551547e-01
1.3701382302e-01
5.9176974659e-01
4.3183227660e-01
-4.9828401782e-02
-1.1398884877e+00
-1.4297435167e+00
-2.1570275198e+00
-1.4200254848e-01
1.0299804736e-01
4.6794903377e-01
1.7450783763e-01
9.9670896383e-01
7.4703172119e-01
5.6282853480e-01
4.1224905205e-01
1.3082417398e+00
4.2143232436e-01
7.9382306359e-01
1.0206163110e+00
2.9704102245e+00
-5.1435752414e-01
4.6614759663e-01
1.2513591739e-01
-2.3816307267e-01
-3.4904043484e+00
-7.1246921470e-03
-1.0529244628e+00
1.2599648435e+00
-7.8481731437e-02
-1.6992879889e+00
-6.5846802318e-02
-4.0878835158e-02
8.3017468367e-02
-2.2847250724e-01
2.2400656987e+00
-1.0051779915e+00
-9.1157900181e-01
3.6282018629e-01
4.9312301436e-01
1.8732803066e-01
1.0965128409e-01
1.3539068408e-01
4.6206136975e-01
7.7450603006e-03
7.0918421523e-01
1.9910507028e+00
9.0864395264e-02
2.5668583747e-02
1.8537221832e+00
-5.5574800429e-01
-1.3955522874e+00
-1.3628796296e+00
-5.9281600434e-01
1.6595355397e-01
-3.0360774207e-01
-2.1701293151e-01
1.2258864926e+00
-1.4995196148e+00
-1.7345282660e+00
-1.0843994621e+00
-2.9722994578e-01
2.0315354687e-01
-7.0836709368e-01
5.9263495865e-01
1.3880221606e+00
8.6092006311e-01
-8.4948042504e-01
-3.3983963883e-01
1.5036152425e-01
1.0076324435e+00
4.7271533075e-01
9.1184946182e-02
-5.2269765034e-01
1.7829408636e+00
1.7501451416e-02
9.5650615096e-02
-6.5424357882e-03
6.2630961447e-01
4.0163110069e-01
9.2716963053e-01
1.5675121111e+00
-2.0543215318e+00
4.1027776043e-01
-7.7844711164e-03
4.9541116487e-01
8.7087737416e-01
1.4262708792e+00
-5.0047524885e-01
-1.3783779722e+00
5.3964614985e-02
6.5691241059e-01
2.5720315272e+00
-2.4736763944e+00
1.6823065905e+00
4.2686347532e-01
8.3366676534e-01
1.0897294007e+00
3.1589197055e-01
2.0396040193e-01
1.6480629717e-01
-4.3023134704e-01
-8.6973925377e-01
1.2851500871e+00
9.8652027445e-01
-2.0324628461e-01
-8.0926726424e-02
1.6910710391e+00
-7.0732087480e-01
-1.3010298106e+00
-4.7208649547e-01
6.0586065039e-01
8.6098365496e-01
7.8898804662e-01
2.6987482056e+00
-1.1087636350e-01
2.4531081415e-01
7.9822918729e-01
-2.1707489459e-01
1.5914381589e-01
9.7117691689e-01
1.7129989285e+00
-1.2689310027e-01
-2.6254110397e-01
1.2335233094e+00
1.9734721699e+00
7.4024794632e-01
1.9442326777e+00
1.5388198063e+00
