-2.2278351446e-01 -3.4156864101e-02 7.5527958810e-01 -2.1251942433e-01 1.7194822320e-01 1.8055078351e-02 3.0699094631e-02 1.7054827768e-01 1.4512316178e-01 -4.0083303357e-01 2.0503628219e-01 -2.5438371974e-01 -2.2342658273e-01 3.3794226094e-01 -1.2668576040e-01 1.1132987875e-01
-2.0878307001e-01 1.5048591983e-01 3.2816153979e-01 4.3202740112e-01 -2.3991665564e-01 -1.9368818232e-02 1.5988083176e-01 1.4004595774e-01 2.5115985060e-01 -2.3520175227e-01 3.4846943098e-01 1.4692651725e-01 3.7805680711e-01 8.7633659380e-02 -3.4487446346e-01 9.0440134950e-01
-3.2985664716e-01 1.4359302613e-01 -2.9124031546e-01 1.2741008409e-01 -6.0240678680e-02 -3.2897368661e-01 3.5215833081e-01 1.9154899748e-01 -3.9505290371e-01 -1.2134024325e-02 -1.5048132924e-02 1.9194052890e-01 -1.2316501310e-01 -1.5139371067e-01 -1.3118749504e-01 -5.9515584680e-01
1.4773627292e-02 -6.2328307168e-02 -1.8016316871e-02 4.6237224044e-01 -1.2859650756e-01 4.4443172863e-02 1.6560970613e-01 -3.1932616937e-01 -3.6664442312e-01 -2.3162332287e-01 -4.5134380692e-01 -2.6873786494e-01 -3.7224852004e-01 2.3880240139e-02 -8.2892873688e-02 2.9776117457e-01
1.0739710788e-01 -1.2577159882e-02 6.5075155943e-02 -4.1474730774e-01 3.7150372110e-01 1.5315524428e-01 -3.5677123588e-01 1.2309629033e-01 5.0154073643e-02 -2.3472398748e-02 2.8812398738e-01 1.0185960849e-01 4.1336937302e-02 -4.7388557064e-01 -9.9102028047e-02 -3.1456181863e-02
-1.0673422559e-01 -2.3795062485e-02 1.4781056918e-02 -2.2466766412e-02 1.0407029520e-03 1.2151274908e-01 -4.4181382437e-02 -4.6254157516e-02 3.6216008027e-01 1.0436101902e-01 1.3053369532e-01 7.2724482159e-03 1.3207519355e-01 -1.1726112617e-01 -3.4481170874e-01 6.9665464712e-02
-7.2983393469e-03 1.7402692239e-01 3.5870325188e-01 -3.0508647005e-01 7.5517225591e-02 5.1024136097e-02 -7.9927165407e-02 1.0169840582e-01 -3.3668255189e-01 1.2991816298e-01 -8.2496335629e-02 1.0314098439e-01 2.2021685275e-01 1.0363637069e-01 -1.1955105794e-01 -1.0778627467e-01
2.4228842972e-01 1.9365626278e-01 3.9004266311e-01 1.0359149112e-01 4.0170911622e-01 8.3146257417e-02 -3.6590532735e-01 4.7451358160e-01 2.4125939083e-02 -1.7279314201e-01 -2.0255400855e-01 1.6533457287e-01 -5.8986102309e-02 7.7499659134e-02 3.3823561501e-01 2.6083590365e-01
-6.0452904145e-02 -1.5421994629e-01 -5.1347095387e-02 -5.8264039733e-02 2.8992694096e-01 -2.7707074980e-01 9.0084262652e-02 1.5453878974e-01 -1.5461877357e-01 -3.2518774944e-01 4.7446898134e-02 -3.0693018472e-01 -2.2834108485e-01 -4.2487926162e-02 -2.2465571752e-02 -2.3253619938e-01
-1.2943083332e-01 -2.6827293711e-01 5.2489982131e-01 1.5689094479e-01 -2.0907660649e-01 2.5893922954e-01 -4.9096998675e-01 -1.8486559161e-02 -3.3431027853e-02 9.7802082841e-02 7.2715881332e-03 9.5920211627e-02 1.1970613610e-01 2.9016340244e-02 -1.2244354522e-01 -1.9235574679e-02
-1.6114160412e-02 4.7411018435e-01 1.0525656228e-01 -9.5484889027e-02 3.8772893496e-01 8.2730706982e-02 9.3628155527e-02 4.9054479830e-02 2.9636933449e-01 1.8124869584e-01 2.3199000655e-01 2.1618773140e-01 4.0153931816e-01 8.7137319235e-02 -1.0504305520e-01 2.8874350768e-01
-1.8107922395e-01 -3.3006553416e-01 3.7794636469e-01 -3.2279638900e-01 -3.3238631813e-01 7.9619248728e-01 -2.7859643716e-01 5.4142164113e-01 -7.7932574109e-02 1.1837229564e-01 -5.1810119612e-01 -8.3213162281e-01 -3.2061998707e-01 3.2152145508e-02 -4.8735470879e-01 -1.8222089399e-02
-2.8814141319e-01 1.3057512318e-01 3.2633240092e-01 4.0517552028e-02 1.4645383888e-01 -1.7155023494e-01 -2.0851037926e-01 4.3658454987e-02 4.7105657961e-01 -3.7901790185e-02 -6.3719421010e-02 6.5205578725e-03 -2.6647704127e-01 2.9046326365e-01 1.2006439593e-01 -1.4190803140e-01
-5.0007956994e-03 -1.2866497677e-01 3.4171113079e-01 -4.2056835278e-02 -2.9147112923e-01 1.4799891003e-01 -2.3384707850e-01 6.5491290751e-02 1.7832633258e-01 1.7304860731e-01 3.9565070664e-01 -6.5460926919e-02 1.0377523167e-01 -1.2808229942e-01 -5.7270580741e-02 1.6306097362e-02
-3.0024454796e-01 -3.0049661101e-01 8.5702854267e-02 8.6421667111e-02 4.2327987583e-01 1.6059728933e-01 -1.3246779235e-01 1.8238869649e-01 -4.0401840361e-01 1.8438891103e-01 2.7698774548e-02 -3.8559991353e-01 3.2699504032e-02 2.2736603988e-02 4.2313559030e-01 -2.2349899080e-01
4.0209463447e-02 2.6843866850e-01 3.2581003842e-01 -2.1543312761e-01 -1.7722466985e-01 7.9747307892e-02 -2.5733517869e-01 -1.6782281351e-01 -9.1959785917e-02 3.7390935732e-01 -1.4131742012e-01 1.3419952847e-01 -1.4081414966e-01 9.7945233611e-02 -4.7389592230e-01 -7.5167827744e-02
