5.0963232456e-01 1.4523414858e-01 7.6622092372e-02 3.4524196377e-01 2.3021083438e-01 2.8541675802e-01 5.7921680274e-01 2.8885044681e-01 1.1183542901e-01 1.0439017850e-02 1.1926056435e-01 4.7082645401e-01 9.8476540240e-02 1.8191455638e-01 -9.8718558776e-02 1.1966269072e-01
-2.2211512830e-01 -9.0676901157e-02 9.7281568211e-02 -2.7436234698e-02 2.0603864013e-01 -6.8077957848e-02 2.9145346510e-01 -1.4676595012e-01 -9.3658062219e-02 1.3567844393e-01 3.5851051737e-02 -1.8457123925e-01 -2.1283577793e-01 5.7213825873e-03 -1.0430313678e-01 1.0415293531e-01
-1.0857517598e-01 -1.9377046748e-01 -4.4149916132e-01 9.6430693953e-02 1.1617963500e-01 -1.0840221558e-01 -3.7225922017e-02 -3.4215862420e-01 1.3255983010e-01 4.6556866952e-02 4.6972408489e-01 -8.4021969833e-02 3.9325422192e-01 2.8501224473e-01 -4.5285871202e-02 4.8382579903e-01
-1.4790516353e-01 4.2322605474e-01 -2.4729046840e-01 7.7720036389e-02 -2.5219479043e-02 3.5449110317e-01 1.4772145959e-01 6.2319843473e-02 1.4674642637e-01 -1.1699885529e-01 -1.9227838840e-01 8.1398112734e-02 1.0345194692e-01 3.2378319987e-01 -3.7234998875e-01 4.3324606065e-01
-4.7668803411e-02 4.0946098925e-02 -2.8714426494e-01 -4.5668598537e-01 1.8856767531e-01 7.4183879376e-02 1.2833520677e-01 -2.6599508475e-01 4.8765350126e-01 -3.9720067477e-01 -1.0133603099e-01 3.2096861382e-02 -3.3989471319e-01 -3.1203338557e-01 3.6520871289e-01 -3.1348625617e-01
-2.2839483746e-01 -2.7850056852e-01 -7.1967419945e-02 8.4571897846e-02 4.7748435360e-02 3.9272915438e-01 2.5556796426e-01 -2.8081670874e-01 -6.0740214830e-02 3.1300876965e-01 -3.2599474747e-03 1.5891610302e-01 3.1592199892e-01 -1.7929308202e-01 -1.7806226213e-01 -5.6109805574e-02
-4.1382012208e-01 -3.9568857873e-02 -3.6796371128e-01 1.9241046042e-01 1.7953512544e-02 -2.0419436357e-01 3.9296671210e-01 6.2390846391e-02 -1.9628806654e-01 -3.7353013881e-02 -1.1076903907e-01 -6.4203863896e-02 5.2872246666e-02 -1.9498702152e-01 -1.5958529014e-01 1.8152786523e-01
-3.6590404653e-01 3.0943343250e-01 -6.0508207291e-02 1.8225767144e-01 -1.9342300497e-01 6.5451606402e-01 3.5258259511e-02 2.1272392376e-01 -4.8301720540e-02 -2.0799297688e-01 -4.4305592059e-03 9.3916729367e-02 -7.5750040956e-02 -3.0810943644e-01 -4.0373040339e-02 9.1307981746e-02
-1.0026261881e-01 1.1280125415e-01 -5.8831452930e-01 2.0250344267e-01 -1.3283954806e-01 -2.0777167805e-01 -1.1504713247e-01 -2.7380764493e-01 6.0136040324e-01 -2.0436935870e-03 -2.1607319566e-01 -2.8545704066e-01 6.5053775029e-01 -1.7192271469e-01 -3.7041808090e-01 2.2425067880e-01
-2.9859450819e-02 -2.0472806928e-02 1.7933200408e-01 -1.1696176290e-02 2.4549126063e-01 -6.8693156916e-01 3.1720217965e-01 1.5124829403e-02 1.2544559364e-01 4.3216547283e-02 2.7091275828e-02 3.7198445380e-01 -1.9998984207e-01 -1.4917075033e-01 -4.8189340970e-01 3.6562935689e-01
-7.8449064446e-03 1.1973214195e-01 4.0671902008e-01 -2.5378817729e-01 -1.6669891949e-02 1.0176121636e-01 9.4809133060e-02 -9.8955385307e-02 -8.5360328200e-02 2.3112552852e-01 5.1069329628e-01 -9.6575243516e-02 4.5070894026e-02 -1.6859534712e-01 -1.7996240437e-02 1.5717354528e-01
1.5915723184e-01 -1.6738023886e-01 2.5700849847e-01 -2.6114947699e-01 -1.0902743208e-01 -1.0219580274e-01 -1.2909002132e-01 5.7990323044e-01 -8.0092075804e-02 1.5826610324e-01 1.0884833867e-01 2.8597431599e-01 6.6642001525e-02 7.8972432833e-02 -1.5676177556e-01 -3.9361780046e-02
-3.0160729065e-02 3.1371998844e-01 -3.4131356952e-01 3.0521583376e-01 -1.5915361818e-01 1.1221485590e-02 -5.1349931545e-02 -1.7182906330e-01 -1.0543971569e-01 4.5976000978e-02 -9.6534127019e-02 3.0270835324e-01 -2.7228526807e-01 -1.2336106422e-01 -2.7848862124e-03 1.7825484728e-01
1.4473020166e-01 -5.7629445666e-01 7.3130012441e-02 2.4065573163e-01 9.5781058851e-02 -2.5082144009e-01 2.8474184988e-01 9.9131654406e-02 2.3194729401e-01 -2.2206952746e-01 -7.7502539430e-01 1.9759478994e-02 -2.5773847148e-01 -1.9251748834e-01 -5.2525880680e-03 -4.3156070659e-01
6.3333836786e-04 -9.5201079190e-02 4.6707542088e-01 1.0173411778e-01 -1.9345234751e-01 -2.8239876593e-02 8.2950391399e-02 2.1598145945e-01 -2.5848678023e-01 -9.5048716655e-02 -3.0979447351e-01 1.6051358250e-01 -4.9802503076e-01 2.6222470497e-01 -9.6604154216e-02 3.7391501705e-01
-5.3201511361e-01 2.9457539617e-01 3.2909173936e-01 -9.1874782468e-01 6.8176476271e-01 -2.3981180583e-01 -9.2398276077e-02 6.5805262131e-01 -7.8125065531e-01 4.6312055480e-01 -2.8620207663e-01 -5.7761975132e-01 -2.9984630448e-01 2.2776485665e-01 3.8935933683e-01 -3.7163958289e-01
3.8692710406e-01 2.5629330980e-01 -3.7077625627e-01 -5.5064542863e-01 -2.4864556385e-01 -3.4004545225e-02 2.0616174337e-01 -3.9444820770e-01 9.9831799432e-02 8.0756210761e-01 -7.0374158611e-02 1.7584537986e-01 -6.1708114156e-02 3.6845946432e-01 -3.0304454662e-01 -7.7315754036e-02
