2.0484462351e-03 4.5799934479e-01 1.7106750381e-01 1.4398357653e-01 -1.4760934417e-01 4.5689957272e-02 -1.5599610603e-01 3.8140875843e-02 -9.6214135606e-02 1.0312506418e-01 7.8947810710e-02 1.0303674777e-01 2.1071962456e-01 -3.7000217531e-01 2.0349701062e-01 -8.6251356495e-02 7.3354029880e-02 -1.6959791403e-01 4.8294531635e-02 8.0012665880e-02 4.7771634506e-02 -4.0815556593e-01 2.4236514466e-01 6.8686862015e-02 -1.5463277699e-01 1.0350586085e-01 -3.6392027359e-01 -1.0659939644e-01 -1.2019013258e-01 -1.7383772016e-01 -5.1987034512e-02 2.3875052404e-01
6.9866379071e-02 8.7951280575e-02 2.8507140486e-01 -1.5493641588e-01 2.8209101967e-01 -5.9639222480e-02 -7.1099570338e-02 1.5892314572e-01 -1.7314497765e-01 -2.0527932510e-01 2.8558707493e-02 -2.3022884026e-02 -3.1521161085e-01 2.2787309176e-01 -4.4524437483e-01 -1.2327990611e-01 1.5782931572e-01 -1.1291145856e-01 -2.3798491457e-01 -2.3517733208e-01 -2.7787731000e-01 1.3244664396e-01 6.4720350181e-02 1.1412385388e-01 -2.2060248695e-01 -5.9956375409e-02 2.6775378826e-01 9.5689685334e-02 -2.7301713666e-01 -1.1326898666e-01 1.3343322686e-01 -8.5037915767e-02
2.4273845164e-01 4.0812110558e-02 1.5289696568e-01 2.8661014973e-01 2.8377197492e-01 7.6547281289e-02 -1.8926295822e-01 3.3214381282e-03 -1.5753574619e-01 -1.7085301242e-01 1.6783924126e-01 1.1991333854e-01 -4.0413693069e-01 4.2411766145e-01 -5.9796052518e-02 -2.4941128929e-02 -2.5186950594e-01 2.9392844213e-02 -1.8979410756e-01 1.3875614041e-01 1.5318801564e-01 1.0792156965e-01 1.8708183153e-01 1.0290210700e-02 3.6204257384e-03 -4.0880641569e-02 6.4479733639e-03 3.1453139804e-01 1.3043564347e-01 -1.4035468758e-01 -1.4195874160e-01 2.7879849774e-02
-2.5021118117e-01 -3.3547406027e-01 -1.7925378182e-01 -6.3272489212e-02 -1.3793012239e-02 -2.3831207081e-01 -4.9316135892e-02 -9.3354549536e-03 1.7685600282e-01 5.7158744963e-02 -2.7523474432e-02 1.9323562158e-01 2.1451748731e-01 1.3715482691e-01 4.3047302701e-02 5.4583725931e-02 -7.3430009026e-02 -6.2808968346e-02 1.2453573076e-01 1.0274168604e-01 1.7855068719e-01 2.4964775020e-01 1.4433715207e-01 -3.0054698357e-01 2.1980538283e-02 -1.1187426718e-01 -1.1259279383e-01 -1.3695788484e-02 7.9092119704e-02 2.1247501052e-01 -2.0775904366e-01 1.9770821952e-02
-4.7659206648e-02 -8.1207391227e-02 5.9205001769e-03 -1.6998477350e-01 -7.1742097588e-02 -1.0510577542e-01 -1.0067802905e-01 2.3307287766e-01 5.3597371623e-02 2.8715328194e-01 1.3426785149e-01 -2.8975401574e-01 1.8147606421e-01 2.3465887424e-02 -1.4725323864e-02 -6.8364346648e-02 -1.8826119769e-01 -1.9397192376e-01 -1.0023142082e-01 -2.6683997152e-02 -2.1482874552e-01 7.7995122119e-02 9.8005475701e-02 3.5368190551e-01 -2.1244596153e-01 -2.9936292250e-02 1.9844207290e-02 1.9336400021e-01 -3.3697228609e-02 3.1443273660e-01 -5.7907039316e-02 3.9913565379e-02
4.3710257244e-02 5.0002666143e-03 9.6166932573e-02 4.5430814227e-02 -8.1580637802e-02 -7.9113482378e-02 -1.4463266184e-01 -1.3070503912e-01 1.4238752248e-01 1.6961826923e-01 -7.8446300019e-02 4.3342338243e-02 4.2903054335e-01 -3.8354018266e-02 1.5070274112e-02 1.4412027897e-01 1.4123150660e-01 -4.1369659043e-02 6.7076328983e-02 -1.4303835392e-01 -1.4966698317e-02 -4.3306691887e-01 4.0914945960e-01 1.4925161977e-01 -4.6980830127e-02 -5.6152041904e-02 1.9315898605e-01 2.2792793364e-01 3.7047426107e-01 2.9453420114e-02 -2.4509153199e-01 1.4704841265e-01
2.8262012768e-01 1.9550285069e-01 1.4849693378e-01 1.8417606984e-01 8.4248205310e-02 5.0272556237e-02 7.3697561688e-02 9.4372529330e-02 -9.2441375958e-02 -1.0858820227e-01 -1.8448887340e-01 -2.9988783184e-04 8.1547568645e-02 1.3537278151e-01 -2.5327733325e-01 8.0603347984e-02 6.1691127954e-02 2.7879292224e-01 -1.2461581090e-01 4.9951612395e-02 -2.7232392419e-01 3.2550457925e-01 -1.5493460057e-01 4.8855830686e-02 1.3311025617e-02 -2.9984592802e-01 1.1593411689e-01 3.3613178053e-01 4.1109859564e-01 -7.1261601821e-02 -1.3076064391e-01 2.8752685362e-01
-2.6158829917e-01 -1.9134599430e-01 -1.3511166937e-01 -2.9230537957e-02 1.3455759936e-01 -1.4418977118e-01 -2.0506764086e-01 -2.6587134706e-02 2.0449754218e-01 2.6970567704e-01 -7.9495447544e-03 -1.0097510094e-02 -7.0333950364e-02 -4.0453712166e-02 -1.0935474001e-01 -4.8257291123e-02 -2.3195133086e-02 -2.0412556456e-01 -2.2730415111e-02 1.9707154616e-01 1.0495154376e-01 3.3864655082e-01 -1.9781384079e-01 -1.9271195426e-01 4.4506800562e-02 1.6778336372e-01 -1.6067333122e-01 -6.8928286698e-02 -2.1245546258e-01 9.8588287912e-02 -2.0238854128e-01 -1.0535395078e-01
9.0082370551e-02 -1.0170294241e-01 3.2549896771e-01 2.4591411669e-02 3.8052294329e-02 6.7811640468e-02 -6.2974800355e-02 -1.7773912194e-01 1.3922091350e-01 5.7448089616e-02 -2.3064543776e-01 1.4765209029e-01 1.2533739498e-02 -8.9825707124e-02 -1.5590608563e-01 1.3352387805e-01 1.0478677778e-01 1.4428484313e-01 -1.3700665558e-01 2.1617560566e-02 -3.1631871430e-01 8.7058034166e-02 1.4183573932e-01 -2.9320876935e-01 7.0816779267e-02 -2.3018830668e-01 -8.5965255069e-02 1.2136899137e-01 -1.4770866766e-01 -1.0838713576e-02 3.9198586873e-01 1.7264528017e-01
-5.9231314723e-02 1.7239047472e-01 -1.9673272402e-01 -1.0404656670e-01 -7.0409288916e-02 -7.6428156852e-02 1.9338264836e-01 -2.3869700143e-03 1.7340954022e-01 2.0581949923e-01 2.2610439586e-01 -4.9846051458e-03 -2.6316987418e-02 3.3447596648e-01 2.5056119548e-02 1.4658284447e-01 -1.4098986949e-01 2.3423311681e-02 -1.1193269819e-01 3.8419085154e-01 2.9738871661e-01 -1.6010513692e-01 -1.0471253499e-01 -4.3789463996e-02 -1.7740148632e-01 -2.5055696672e-01 -1.5345456905e-01 2.1182591424e-01 3.9731057923e-02 1.6296149419e-01 2.7914219154e-02 -1.6703017007e-03
-1.1571646970e-01 -4.1017823953e-01 3.6390323070e-01 2.7935856787e-01 -1.1078423979e-01 4.9228127116e-02 -1.7006103644e-01 1.1803446609e-01 -6.9818837342e-02 -3.4363903918e-01 -2.2807970498e-01 1.1480099087e-01 -6.0724490688e-02 2.3159012840e-01 2.1570870417e-01 -1.4306931224e-01 2.1271229166e-02 -3.6840628349e-01 -4.6018752303e-02 2.3753348780e-02 1.3620083166e-01 -1.1894777062e-01 -1.9287967144e-01 1.4657252544e-01 1.8318667989e-01 3.5129644423e-01 -1.0091608859e-02 1.4710321199e-01 -1.2467035459e-01 -2.5029728451e-01 -1.6985209905e-01 -2.4224601053e-01
-2.2716660508e-02 -7.4421324767e-02 -2.5097697938e-01 -1.3817738263e-01 -7.1471802290e-02 1.5941200982e-02 -2.0964624738e-01 -2.6517833147e-01 -9.8785175915e-02 -3.3776154035e-01 6.5366987182e-02 6.3763006164e-02 1.0263580609e-01 -8.3561833996e-02 2.7855711988e-02 2.1536373808e-02 -1.0084792320e-01 -1.6459893789e-01 -3.4386342585e-01 2.2188405851e-02 -2.1265991244e-01 1.1262104706e-01 1.2551451087e-01 2.1690410555e-01 -8.3446597756e-02 -2.2207182173e-01 -1.7879627859e-02 2.3837928857e-02 1.8599582023e-01 -1.5451356904e-01 2.9359208244e-01 4.5015542887e-02
-2.7470149317e-02 -3.0140530272e-01 4.4782153825e-01 2.7225954543e-01 -1.1731789815e-01 2.4079960316e-02 -1.3996029925e-01 -8.3200183532e-03 6.8961829201e-02 -1.5249164795e-01 -1.9565393946e-01 1.5319142942e-01 4.8963295690e-03 -1.4387454505e-02 -1.7612681966e-01 8.6832706321e-03 2.0873644636e-01 -2.0198755410e-01 3.9783195883e-02 -3.0124437872e-02 -2.1271183993e-01 1.7333105283e-01 1.9104566800e-01 -2.0533348968e-01 1.9095278409e-01 -4.5598918753e-03 1.3708251546e-01 -1.5060962574e-01 -6.2094486849e-02 1.3739086434e-01 1.1893093504e-01 2.8202269665e-02
-1.1873771414e-01 2.7989123773e-01 -2.1672409363e-01 -3.0202828720e-01 8.2158315962e-02 -4.2555520660e-02 1.2372827049e-01 6.9455828644e-02 -8.8998764144e-02 -1.9786536310e-01 3.0742500341e-02 -3.6579974044e-02 2.9053695646e-01 -2.6615351890e-01 -9.1137185232e-02 -2.4014224869e-01 -1.5812155182e-01 -4.5692731996e-03 -2.4426612983e-01 -1.6673598764e-01 3.7980242294e-01 -1.4249725222e-01 -1.7284285323e-01 1.6747417137e-01 1.7673466396e-01 2.0793733796e-01 -1.3469635226e-02 1.8417287485e-01 3.5596048938e-01 -5.0020292353e-02 -3.8763584281e-02 7.2841151747e-02
6.8930852276e-02 -2.1879631268e-01 4.5920310310e-02 2.4442806482e-01 -3.4365334387e-01 -1.3113072827e-01 6.8685982693e-02 -5.8183546562e-02 -8.1816917310e-02 5.4031100431e-02 6.7551073495e-02 1.2457025043e-02 -6.9806502375e-02 1.6816414076e-01 -6.9982916177e-02 -1.1852334313e-01 -4.9776482465e-02 -3.0944388503e-02 -1.1051625548e-01 -1.2437348925e-01 1.3088630303e-01 2.1920126946e-01 -1.5561849059e-01 -6.7049214266e-02 -6.2021258223e-02 -2.7150198272e-01 1.3411218932e-01 2.7570462990e-01 3.2725436985e-02 1.5821995621e-01 -4.7166800395e-02 9.5832242090e-02
-9.6242894717e-03 -5.2855810975e-03 -1.2098661770e-01 1.5187793032e-02 6.1585422943e-02 4.7007480733e-03 2.0832183327e-01 2.9984214161e-01 2.2822667537e-01 -1.1468605575e-01 -1.9121837313e-01 5.0078599683e-02 3.0740525253e-01 -2.9551740206e-01 -3.3423519908e-01 -1.9177473564e-01 3.4280189019e-03 2.5124817298e-02 -6.4312666258e-03 1.5317215003e-01 1.0742268303e-01 -5.5280484878e-02 -1.4518474818e-02 2.4434679958e-01 -6.0154804357e-02 -2.0483991889e-01 -1.5921020292e-01 1.5195937453e-01 2.7255492989e-02 2.2796349958e-01 1.0371398222e-03 -5.6610132233e-02
-9.0962623035e-02 -1.4654087227e-01 -1.0019900042e-01 1.8376239200e-02 7.6974572153e-02 -1.1779167075e-01 3.2131285720e-01 -1.7642652815e-01 -2.0438608660e-01 5.3436553628e-01 1.6497465589e-01 -3.9156705518e-02 -8.7609751747e-03 1.5242303606e-01 -1.8200494521e-02 -5.2142389253e-02 -1.1496672713e-01 -1.1856940991e-02 -2.3715551249e-03 5.0646198972e-02 3.0588043006e-02 -5.0047624131e-02 -2.9490383950e-01 -1.0008138953e-01 2.5662604855e-01 1.4500909391e-01 -3.1217153698e-01 1.3190732849e-01 7.0224716174e-02 3.4458540322e-01 1.9330858694e-01 1.6136703067e-01
-8.1838446552e-02 -1.6436400348e-01 3.0129790670e-01 -8.0616080181e-02 -5.1298779450e-02 -9.3449631024e-02 5.5717397899e-02 2.4976531663e-01 -2.6284057102e-02 -1.8031793264e-02 4.3812344020e-03 -6.4610507345e-02 -3.9284315999e-02 -3.8242487913e-02 -9.5922613343e-02 -6.5790829663e-02 -1.1280324495e-01 9.5553225121e-03 2.3677633357e-03 2.3990554174e-02 -1.6746832303e-01 -2.3615863557e-01 -1.9851900555e-01 2.2150783953e-02 -1.4525565074e-01 -7.6499869053e-02 -5.3060374863e-02 -3.9888711275e-02 -1.0137653434e-02 -2.8383290170e-02 1.6435293149e-01 2.2453487584e-01
-6.9863363621e-02 -1.1694268253e-01 -6.4640254203e-02 -8.7412686962e-02 3.8980726552e-01 -2.3771260461e-01 -2.5915298491e-01 1.6948758021e-01 5.9259972572e-02 2.2344707291e-01 -2.3400664161e-01 3.5840801246e-01 1.2726556513e-01 3.0054299597e-02 2.2995233081e-01 -1.2976366216e-01 6.0648664724e-02 -1.1293608964e-01 8.7451417650e-02 -1.7078360969e-02 8.0473647198e-02 -2.4879644227e-01 -1.0442150684e-01 -6.0183673120e-02 -1.7282580654e-01 -2.0864854659e-02 7.7692542763e-02 1.7663928447e-01 8.2260197307e-02 -3.4002631415e-01 -1.0764277653e-02 5.3298351965e-03
4.7792219772e-02 -9.2933922178e-02 -2.8078004081e-02 -3.7351788701e-01 -5.6590262731e-02 -1.6232807026e-01 -7.3600595192e-02 6.9928608624e-02 6.9941328876e-03 2.2304280996e-02 -7.5645849653e-02 5.6383961870e-02 -3.0202129298e-02 2.5567036939e-01 1.7674161445e-01 -1.3666009115e-01 2.4246479946e-01 -2.5823766034e-01 1.6608733651e-01 -8.0916652455e-02 -1.1802274018e-01 2.5795810635e-01 -7.9167895846e-02 -4.3873540511e-02 -8.0187052045e-02 1.8607161355e-01 1.8321308112e-01 1.7066623215e-01 -1.7905157145e-01 1.5635978436e-01 2.0053697433e-01 -1.6822306196e-01
1.5720878216e-01 -3.2502990622e-02 4.4989133713e-02 1.5453840459e-01 1.4219772864e-01 3.3583196169e-02 -5.2121566350e-01 -2.4836138714e-01 9.0770190320e-02 1.1374536008e-01 -1.7098764421e-01 -1.3565883975e-01 4.0807368383e-02 -7.4503269727e-02 -3.6082512585e-01 6.3684120429e-03 1.5024167335e-01 -4.0597644782e-01 3.4807493051e-02 -5.2229002810e-02 7.8987392379e-02 -2.5453533586e-01 -4.7871866471e-02 -2.0407382809e-01 1.7989915190e-01 -4.4990093317e-02 5.0379635569e-02 3.5292701433e-01 -3.7417135076e-02 -3.2854665697e-01 3.3452281381e-02 3.1397225436e-01
-2.0903481383e-01 3.2189884737e-01 1.6827731966e-02 -1.0592895782e-01 -2.0026699216e-02 -6.0518838500e-02 -2.2578960902e-01 -4.3866672437e-02 -2.5004266622e-02 4.6464871724e-02 -6.0588779690e-02 2.9734341304e-02 -1.2239695935e-01 -2.0851641525e-02 -9.9225047716e-02 -2.4586494474e-01 -3.7674259389e-02 1.4272549006e-02 -2.1909102550e-01 -5.1876672240e-02 -1.8830237795e-01 -6.7097018471e-02 -9.1611840733e-02 -1.3183511917e-01 -2.5674399195e-01 -3.1040648347e-01 -2.2302236078e-01 1.5886051607e-02 1.0950478097e-02 -1.7554732767e-01 2.4423255751e-02 2.9400116176e-01
5.3563840178e-02 -2.1387705301e-01 8.4188353104e-02 2.8106692041e-01 -1.4528857218e-01 -8.1149660924e-02 5.0287499760e-02 -3.6215374730e-02 2.9422470135e-01 1.1278014746e-02 -4.3419254201e-01 -2.9334954198e-02 2.6492941276e-03 -2.3739511371e-01 3.9164116627e-04 8.7170513212e-02 -1.5619933229e-01 2.8497486271e-01 -9.2209616571e-04 -1.6247402080e-01 1.3093073615e-01 1.2629404275e-01 -2.4799829580e-01 -9.3319994537e-02 -5.8213526048e-03 2.5347327780e-01 5.7329416904e-02 -1.8781358198e-01 1.9958280786e-01 1.2595351249e-01 -9.9514828111e-02 -3.8317031337e-01
-2.6559864120e-01 -2.1537832089e-01 -2.9999189775e-01 1.0914706460e-01 1.0529476910e-01 1.4387534628e-01 8.1896452200e-02 -1.4551415152e-01 -2.5858036074e-02 1.9618760955e-02 -2.5141072918e-01 4.5649035818e-02 -1.7515228330e-01 -3.3310994464e-01 2.4140868464e-02 -2.6217776769e-02 -3.4744664028e-01 -6.1797260169e-02 4.7572465218e-02 2.2145582525e-01 -2.2770682934e-01 3.1107880189e-02 -7.8489166986e-02 -6.8640393167e-02 -1.5940501905e-01 2.6995837122e-01 4.1764655136e-02 -2.1839964291e-02 -5.7149120384e-04 -8.7027589700e-02 2.8148026841e-01 -8.6027618664e-02
-1.3131256973e-01 1.1385490739e-01 -7.4816979213e-02 -1.2044801739e-01 3.5874144414e-02 -2.2869187109e-01 -4.0471108079e-02 -7.6475009369e-02 -7.9128439014e-03 1.0714442994e-01 -1.7577987781e-01 1.4021760262e-01 -3.9161723056e-01 2.0794612587e-02 -3.2082425631e-01 1.2000709229e-01 3.2117934433e-01 -9.3262421429e-02 -6.1351264168e-02 -8.4297551485e-02 -1.2883191684e-01 -5.2381219997e-02 -4.4978239385e-02 -4.8494405005e-02 1.2372676830e-01 -4.5935752035e-01 1.8942409191e-01 1.3209410704e-01 -1.2199370246e-01 -2.5887857819e-01 -5.3161654434e-02 1.7905655938e-01
-1.3544408022e-01 1.1839239456e-01 1.1023867714e-01 1.1654607246e-01 1.4403526888e-01 1.6410855396e-01 2.8476060151e-01 -2.2492902071e-01 1.1648393583e-02 3.6270790287e-02 1.3002352479e-01 -1.9481872843e-01 1.4279760344e-01 7.0539662488e-02 1.1388534012e-01 2.7858791477e-01 2.0038700140e-02 -8.8289972464e-03 -9.9920950710e-02 6.7601148490e-02 -3.9886020336e-02 1.8159272789e-01 -1.4515650456e-01 2.1208644326e-02 -2.8848296181e-01 2.0896233258e-01 -1.4458648133e-01 1.8972654650e-01 -9.3195154276e-02 9.9282885171e-02 1.0220367564e-01 -7.9025053402e-02
1.2981743339e-03 1.1210549404e-01 1.2154770473e-01 1.0954677396e-01 8.2654542909e-02 -7.4858175122e-02 -3.2183621239e-03 -1.5973330829e-02 -4.1083571908e-02 -1.4558971137e-01 3.2739691948e-01 -3.6728150806e-01 -1.9522504277e-01 -1.5637136174e-01 -2.2282484210e-01 -2.9568011007e-01 1.2036304354e-01 6.7504479753e-02 -1.9006966909e-01 6.1083122659e-03 -1.5746270805e-01 -1.0058686598e-02 -1.3652807356e-01 1.4113067520e-02 -2.2879565703e-01 -9.6962199971e-02 -5.3231366217e-02 2.3597965145e-01 -3.2251525366e-01 -7.2417894546e-02 -2.8974364054e-02 1.8985905423e-01
1.3169046840e-01 -1.9894827465e-03 -1.5641955166e-03 -3.6198373893e-01 5.5378943370e-02 -8.1141374352e-02 7.1702223397e-02 1.9691351525e-01 9.9664845326e-02 7.2337754985e-02 8.0549809807e-02 -1.5831214622e-01 1.1008823343e-01 5.8680523826e-02 -3.3287553563e-03 8.4795941545e-02 5.5004906132e-02 2.4434375620e-01 -1.6895436642e-01 1.4403610277e-01 -5.4378217036e-02 4.3425769593e-02 4.1335389085e-02 -9.7333156890e-02 -1.4465507781e-02 -3.2344718397e-01 1.1588118309e-01 -2.2294548561e-01 1.7124594921e-01 1.8517815823e-01 -2.5402166422e-01 7.1982151111e-03
2.6733226005e-01 -7.5816432790e-02 -1.0694269493e-01 -3.0717672782e-03 -4.9054896077e-02 -9.9607961912e-02 -2.9631074472e-01 3.1499066209e-01 1.4781082976e-01 -1.0907110221e-01 4.0092621054e-02 3.3201277488e-01 -1.4652078947e-01 -6.8193781182e-02 -5.3581339311e-02 1.5684493322e-01 3.9231147535e-01 3.3786853332e-02 2.8175212400e-01 3.2430406535e-01 2.1403713063e-02 -1.1188886774e-01 3.8911916844e-01 -3.7294956615e-02 1.4732486838e-04 -2.8321738437e-01 1.6333859461e-01 -2.1691261625e-01 1.2830679052e-01 -7.9684820468e-02 -1.8968024418e-01 1.0292029379e-01
1.1308627970e-01 -1.9296410879e-01 -2.4552172532e-01 1.7822510371e-01 6.9386948677e-02 -3.2174494605e-02 -1.2067555085e-01 1.6233834208e-01 -3.0428844277e-01 2.5238668834e-01 7.5505678640e-02 4.9191263912e-02 -6.4355302118e-02 7.9321716014e-02 -3.0785585957e-03 1.1233973695e-01 2.5396647697e-02 -2.5755987765e-01 2.7309197013e-01 -9.5981036615e-02 3.8921324241e-02 2.1207070606e-01 2.7498885678e-01 1.6543354457e-01 6.1555266378e-03 1.2945784079e-01 1.6398545598e-01 2.0654199149e-01 9.2654793087e-02 -1.1550667641e-01 9.5177608252e-03 -3.3033282867e-02
-1.9688354600e-02 -2.0482482540e-02 2.4068452259e-01 7.2177008495e-02 4.8115326917e-02 2.9300630354e-01 -1.1219198848e-01 -1.4653789349e-01 -1.9414063216e-01 -2.7716864001e-01 -1.2333788560e-01 -1.5229691853e-01 3.0357086131e-03 -4.3529069419e-02 -2.6538795832e-01 2.5813591325e-01 5.1524667287e-02 -4.6095273056e-01 -2.1109696177e-01 2.9339598850e-01 -5.2938614031e-02 -2.3552864667e-01 1.0434357522e-01 -2.1238508671e-01 2.1411883390e-02 5.3586332228e-02 -1.8462452985e-01 1.9244091520e-01 6.2135709432e-02 7.1650218188e-02 -2.6344470214e-02 -2.1053936224e-01
-4.2124272975e-01 -1.2741160176e-02 -3.1750643660e-02 -1.3635241756e-01 -2.9926192639e-02 -3.5738951602e-01 1.3790545186e-01 -3.1367902972e-01 -9.7336780243e-03 -8.3093850305e-03 -1.0783921212e-01 1.2443410417e-01 -2.2057783999e-02 -3.1425279986e-01 -4.6013917511e-01 -3.3122570343e-02 2.1975478209e-01 2.8574798649e-01 -1.3742766601e-01 -2.8864743106e-02 8.6357444571e-02 1.1913870162e-01 6.3851572670e-02 -1.0188774550e-01 1.1894715006e-01 2.3176773249e-02 -2.7977995037e-01 -1.4502104207e-01 -1.4841558893e-01 1.3471663336e-01 2.8180316086e-01 -5.4128337146e-02
