-2.8476524461e+00
-6.2450790695e-01
2.2384532336e+00
3.9453937436e-01
1.7726983519e+00
-6.4204956208e-01
-8.0673356434e-01
1.8469949380e+00
4.4787673503e-01
8.8304087142e-01
1.1080102706e+00
-1.0863759400e+00
-1.0079516429e+00
1.4596548726e-01
3.9393861562e-01
-1.0100632855e+00
1.6108012288e-01
-1.2596938150e-01
1.9430721900e+00
-4.8235896898e-01
2.8385496337e-01
-1.4549122170e+00
1.6340982911e+00
-1.6148926362e-01
-1.0848878852e+00
-2.9585405598e-01
-6.8299726315e-01
1.0867982065e-01
6.6065626762e-01
1.9883377181e+00
1.6460733871e+00
-1.8332207633e+00
