-2.2502773136e-01 1.5100082196e-01 -5.3935873765e-02 2.6182163037e-01 2.7120052378e-01 1.0139944620e-01 -3.7415762582e-01 -4.4347211187e-01 3.3234342429e-01 6.1193218435e-02 6.0894170827e-02 -4.6814853729e-01 -2.2452597929e-01 -3.1577748054e-01 9.1558484432e-02 -5.0327990407e-02 -1.6508263645e-01 1.7579395534e-01 -5.3374440543e-01 2.9789410435e-01 -3.1326659144e-01 -6.3187669693e-02 -3.1395682349e-01 8.2661368831e-02
7.8357068526e-02 3.3111765334e-02 1.4790974189e-01 -8.2274147596e-03 7.6472321462e-02 -1.9631193833e-01 4.5112659674e-02 7.3346710796e-02 1.6034909657e-01 -4.8139655104e-02 -4.8593320924e-02 -1.8537233348e-03 1.6688861573e-01 8.0016615683e-02 -2.9485956631e-01 1.6461326620e-01 -2.5904311827e-01 -1.1755480133e-02 -2.7847531906e-01 -3.3299540602e-01 3.7770935099e-02 -1.9490665225e-02 9.3208449718e-02 3.2649197837e-01
-7.8647492215e-02 1.5827330450e-01 1.1828285121e-01 5.4651176645e-02 -2.0482584977e-01 -2.2657918701e-01 3.0306759735e-01 -3.7782864483e-02 -9.8164088036e-02 2.5760703885e-01 -1.5397586190e-01 -2.9634062055e-01 -1.5283896079e-02 1.4692402907e-01 -1.2931257933e-02 3.3360360440e-01 -1.8822467220e-01 1.0129327639e-01 1.4602310682e-01 3.1895499577e-01 -1.8727377009e-01 3.6183535566e-02 2.6149851334e-01 2.1668514932e-01
2.1871385865e-01 -2.7056924624e-01 -2.5569069958e-01 1.5930789241e-01 -1.4638417515e-02 -5.8287337128e-02 -1.6480055676e-01 -2.5623803880e-02 -2.9673175809e-01 1.3351445847e-02 -3.0460885881e-01 1.5619409975e-01 -5.1674855805e-02 -2.2180451235e-01 8.0793203200e-02 6.2160483515e-02 -2.9277455507e-02 3.1258570524e-01 7.1717455856e-02 -2.1852019650e-01 2.8222213338e-01 -6.8274099011e-02 -1.3649442540e-01 1.4845938986e-01
3.2635443374e-03 -1.7180131038e-01 -2.5666553498e-02 -2.1034664970e-01 -1.6049006865e-01 5.1818918439e-02 2.8257701930e-01 1.2056792589e-01 2.6094574921e-01 1.5539492974e-01 -1.5055205817e-01 -2.2190299293e-02 3.3056062666e-01 1.2236995325e-01 -6.6895648181e-02 6.1673118125e-02 2.0871876621e-02 2.8161579371e-02 1.8966988630e-02 7.0541096614e-02 -4.1488002049e-02 2.2704450643e-02 -1.2882796386e-01 1.3442740966e-01
1.9986550454e-01 3.0515859594e-01 2.8701390570e-02 4.6062273365e-03 -8.6317297174e-02 -1.3180109447e-02 2.2906246943e-01 -8.0501120057e-02 -3.0244762067e-02 7.4665736208e-02 1.5378969684e-01 2.7514431026e-01 -5.2396208169e-02 1.3347392840e-01 3.9952589801e-03 -7.6141860182e-02 2.8107681807e-01 -1.1754834896e-01 -2.1394799306e-02 -2.1683968777e-01 1.1040052216e-01 1.8130279587e-01 3.5889186175e-01 -8.4562699924e-02
6.4773539251e-02 -2.9910481615e-01 1.7162113337e-01 -1.4592927674e-03 6.7269709119e-02 1.1993215466e-01 4.1317380579e-01 3.6718728908e-02 -3.1380313594e-01 -2.4698428830e-01 -1.8479791555e-01 -1.3631338817e-03 6.1525261698e-01 1.7099413669e-01 -2.2029221230e-03 5.0101264713e-02 4.6096992358e-02 -1.5972795277e-01 -1.3171165023e-01 -2.0806672278e-02 -3.7925678537e-01 -9.3853578454e-02 -1.4936684422e-01 -2.8276101099e-01
-2.4189974137e-01 -1.7005681807e-02 1.8926125504e-01 -2.7224209588e-01 5.5891315384e-02 -1.3886638981e-01 -1.3578249507e-01 -1.3280555567e-01 2.2639265078e-01 1.6712140282e-01 -2.6347983306e-02 -3.9525056291e-02 2.0020694654e-01 -2.3084183342e-01 2.9632327460e-01 -2.4278833529e-01 2.7755790549e-01 -1.6799839540e-01 3.7447477521e-02 -1.8145983893e-01 -3.1309528049e-01 -3.5421866541e-02 -2.1466234570e-01 1.7039671076e-01
2.0177722745e-01 3.9867697808e-01 -2.4320753771e-02 -3.7894216222e-01 -4.6527460680e-01 1.3232141014e-01 7.0393108723e-02 -2.3687214465e-02 -1.7566055137e-01 -2.2052873807e-01 -2.5340363251e-01 -3.7938333519e-01 4.1784631391e-02 1.7040511244e-01 2.4725222039e-02 -1.8103754680e-02 -8.6844300644e-02 -1.0695820221e-02 -8.4848716020e-02 -2.7440383811e-01 8.5680399963e-02 -2.0695212720e-01 -7.1653676717e-02 -1.3694501723e-01
-1.4731521226e-01 -1.8300499704e-01 1.8537829194e-01 1.6163656681e-01 2.6149782778e-02 1.8852808357e-01 5.5147359913e-02 1.0490642889e-01 5.5365133463e-02 2.0687618058e-01 1.4673711780e-01 -1.5890924904e-01 -4.2211740320e-01 -1.4184691852e-01 9.8068219436e-04 1.8868869033e-01 1.6795074553e-01 -9.3248347599e-02 -4.3048234965e-01 -4.0326432550e-01 -4.7502809963e-02 9.8990488437e-02 1.1045625963e-01 -4.3101132945e-03
-3.8049341661e-01 -1.5408163879e-02 3.3354315527e-01 1.6645058474e-02 4.5643836622e-03 -2.7093869142e-01 -9.8426725213e-02 1.7231505549e-01 9.7666341739e-02 -4.8135183671e-02 -2.5315303685e-01 7.5521367058e-02 -2.4212919828e-01 2.6736241661e-01 -8.5607204065e-02 1.6911301985e-01 2.9471266186e-01 8.5700946385e-02 -2.4758901120e-01 4.6508465941e-02 -8.8504431725e-02 1.0121580121e-01 9.4399285976e-02 -2.4531905036e-01
2.8277088185e-01 1.2697696163e-01 -8.8870682156e-03 1.4411052428e-01 -2.9721026473e-01 8.2149303779e-02 -4.3541239519e-02 -3.7784697053e-01 2.6994152574e-01 2.6417185314e-02 -8.0879490318e-02 6.5478480805e-02 9.2587729751e-02 -3.6814646328e-01 -1.2237746542e-01 -1.2588305106e-01 -5.6332238029e-02 -3.1655100658e-01 -1.2551561713e-02 -2.5852586002e-01 -1.9845675794e-01 1.7391151198e-01 -3.0237505313e-01 7.7827818199e-02
-2.0335370871e-01 1.8941328835e-01 8.4319074703e-02 -7.8810800435e-01 -1.5106061022e-01 -1.5184523047e-01 1.6484515184e-02 -1.5221708534e-01 7.0642249587e-02 -2.6747639378e-02 1.9015224055e-01 -3.7286080721e-01 2.4728124083e-01 -6.0175535348e-02 -1.1593481003e-01 1.5894796492e-01 3.6324062290e-02 1.7339155883e-01 1.6376825112e-01 1.1118596369e-01 1.3405007084e-01 2.3030223757e-01 -1.2916962248e-01 -5.0620803589e-01
2.4980317142e-01 -3.1149575718e-01 2.6012075804e-01 2.6443114539e-01 3.4041061490e-01 -1.8751779660e-02 2.2316099689e-01 1.4780974408e-01 6.5571124505e-02 -3.2890108755e-01 6.6936581562e-03 -2.2841895164e-01 -1.8572311683e-01 2.5813909846e-01 -5.4016505669e-03 1.8899899840e-01 -1.1556075909e-01 -3.3453855598e-01 -1.4374198644e-01 -2.2989247416e-01 2.3700664260e-01 2.8021815115e-01 -3.7227906875e-02 6.1420252576e-02
1.1415606752e-01 -1.5832945111e-01 -4.0626873622e-01 -1.7360290907e-01 2.8073851114e-01 3.6747950636e-01 5.0640702014e-02 -7.4460138325e-02 1.2726099952e-01 2.0953143723e-01 -1.8870349917e-01 2.5983554714e-01 3.3852292788e-01 -5.0483418138e-02 4.6626970774e-02 -3.6865481121e-01 4.7116306701e-03 1.8074641152e-01 -3.1409935184e-01 -1.8852162723e-02 2.2134194365e-01 -1.1953534290e-01 3.1362577796e-01 1.5121680365e-01
-1.5227781664e-01 1.2877050516e-01 2.6210193128e-01 1.3119378793e-01 3.5120492996e-01 1.8686436816e-01 -2.3909943446e-01 -1.4838604304e-01 -6.2707110695e-02 2.5368847645e-02 7.5802899719e-02 1.0419756358e-01 -1.3273619196e-01 1.0197694132e-02 2.7840596457e-01 -1.6475147437e-01 -8.0353048750e-02 3.4838210320e-01 -9.4600358531e-02 -4.8354805854e-01 1.0303476542e-01 5.1622896312e-02 -3.4686657364e-01 1.7115349779e-01
-1.9350262174e-01 -1.3642531048e-01 -1.6116934054e-01 2.0661215191e-01 -7.6165950351e-02 -2.1474461270e-01 -8.2884739137e-02 2.1959613337e-01 -8.8290958313e-02 -3.1150350053e-01 -4.1378015393e-02 -4.0611692356e-01 2.1376959446e-01 -1.0868161233e-01 7.6761186441e-02 -1.1836033737e-02 2.8457274114e-01 1.9942210009e-01 1.3061278142e-01 4.9422687380e-02 4.1627528509e-02 -3.1997376278e-02 2.2899925432e-01 -1.8943382480e-01
1.1058766218e-01 3.1882869959e-01 -3.0941827369e-01 -1.3257587336e-01 -1.1435079496e-01 5.1055168381e-01 9.9118220502e-02 -1.1430314128e-01 -1.0182339323e-01 1.4108815392e-01 2.0685716131e-01 -2.4398499324e-01 -1.2147025329e-01 4.3578680298e-02 3.4480548853e-01 5.5920357254e-02 -3.3636727098e-01 1.6428251958e-01 1.3802446213e-01 3.5273970620e-02 5.9475798638e-02 -3.6754079921e-02 6.2059073991e-02 -5.9077666600e-01
-4.9034930574e-03 -5.2930307225e-01 -7.5783193638e-03 -1.7826704787e-01 -6.0088586194e-02 -6.0235269828e-02 2.9401999684e-02 5.3641408059e-02 1.0653772379e-01 -2.6157550475e-02 4.4873564768e-02 1.2006498752e-01 -2.7215521207e-01 3.2029205613e-01 1.4948387303e-01 5.9507852201e-02 2.8126262593e-01 2.6942995590e-01 1.2268786290e-01 -8.6426983872e-02 -4.7365836573e-02 4.1391887440e-01 -1.3608010512e-02 2.3529884251e-01
8.5207450897e-02 1.4479029599e-01 2.9092648460e-01 1.0170983909e-01 -4.5522740716e-01 -1.2885912799e-01 -1.0377308688e-01 -2.0214030549e-02 -1.4014600172e-01 -9.3450400054e-02 -3.4677129926e-01 -2.5924548054e-02 9.7444349017e-02 2.6848760735e-01 1.2836661796e-01 1.8765431936e-01 -3.7203845446e-02 2.0842486732e-02 9.5489751263e-02 -4.5608281946e-02 -3.1418139454e-01 -4.1072395354e-01 1.6840686782e-01 -2.0810429694e-02
9.5344088545e-02 1.8850590642e-01 -5.2875594389e-02 5.8468907830e-01 -1.3707345225e-01 8.0069361048e-02 -2.7718422213e-02 -2.2125888136e-02 2.9510246183e-01 -1.7900759575e-01 2.7618821123e-01 -2.1847753447e-01 -1.0373778171e-01 -1.8498077798e-02 2.9343464502e-02 2.1553749366e-01 -8.4321130664e-02 -2.9924570152e-01 1.3462896552e-01 2.5265915236e-01 3.6917746809e-01 -2.2840511446e-01 3.0330243681e-01 1.1976247147e-01
-1.5900318097e-01 -2.3354147521e-01 -1.8858070721e-01 2.9568680225e-01 -1.8634930622e-03 6.3475682347e-02 -1.0447601850e-01 -1.6379401837e-01 -8.9016397723e-02 -2.4354286921e-01 1.9427773428e-01 -4.4005050064e-02 2.6722737869e-01 1.6257626069e-01 -3.1307209439e-01 1.8799926785e-01 9.4184590435e-02 1.3453914844e-01 -9.2898391261e-02 3.0250517057e-01 2.4167925123e-01 1.6525969326e-01 4.4626269131e-01 2.7558525724e-01
-1.3181500463e-01 1.6248126361e-01 -1.2497003933e-01 -5.6146643446e-02 -3.7901868381e-01 -1.0676309771e-01 1.8270386923e-02 1.0782418216e-01 3.1912473527e-01 4.0622351303e-02 -6.4281536989e-02 1.0805072677e-02 -4.1751743300e-01 -1.9853621878e-01 5.3082185213e-01 -1.6040756897e-01 -2.0232759923e-01 -2.2857995883e-01 1.8453974084e-01 1.5168868776e-01 3.7031622823e-01 -7.5913645838e-02 -1.4849299876e-02 -1.7952719602e-01
4.6808099643e-01 1.4208151091e-01 -1.6828925244e-01 2.1391432996e-02 -2.7716205457e-01 3.9747974412e-03 2.8767905664e-02 -7.6745334978e-02 -5.3439939795e-02 -4.5824318508e-03 -3.0123332061e-01 3.7149875683e-01 1.2995800720e-01 1.0048679376e-01 -6.4359285122e-02 3.2637845414e-01 -4.8339768262e-01 2.1669818932e-01 2.4293650066e-01 1.8101723965e-01 1.9318894154e-01 4.1376288776e-02 1.6840107155e-01 2.9208209414e-02
