4.0801344187e-01
-1.2266400511e+00
-5.9904748046e-01
-3.3401250440e-01
-6.4444840764e-02
1.0092866208e-01
-3.5162759518e-01
1.6712187956e+00
-1.5494374959e+00
5.4499048867e-01
-1.5101830741e-01
3.6119672191e-01
-2.1578101031e-01
-1.1505692393e-01
3.6848337618e-01
1.8559329154e+00
-1.0189835716e+00
9.4369878429e-01
-2.2392197974e-01
1.6133473971e+00
-1.0192234839e+00
-4.0471183625e-01
-2.6455592876e-01
2.1389120055e-01
2.0092985460e-01
4.1611835777e-01
-9.1586112658e-01
2.2896339477e+00
-1.6700420506e-01
1.4618536328e+00
1.0301652063e+00
-1.0512188615e+00
