-7.9834169832e-02 3.9565176586e-01 -7.9208823588e-02 -1.7919348029e-01 1.2738040693e-01 -2.5042191966e-01 1.8714828343e-02 1.0685877186e-01 -1.9915475732e-01 2.7488607422e-01 -1.1568202047e-01 -3.3006347573e-01 4.4355842856e-02 -2.0137226082e-02 6.9802619467e-01 9.4987171177e-03
-1.0938048693e-01 -3.0698571408e-01 -3.5142526525e-01 -7.6878936344e-02 -3.2424157570e-01 -1.4783933635e-01 4.8658553031e-02 -2.2478851623e-01 6.4202985746e-01 1.6665953255e-01 1.1335222204e-01 4.3036333805e-01 1.1587434785e-01 -3.0355792390e-01 2.3406360072e-01 9.7491345156e-02
-7.8561571670e-02 4.9541466911e-01 -4.2201689222e-01 6.2003418725e-02 2.4614043201e-01 -9.6830313502e-02 2.2917005859e-01 -1.3481800113e-01 -4.7339088447e-01 1.2674011920e-01 1.1223904049e-01 2.3840066934e-01 -4.8060028508e-01 2.9955606762e-01 -2.2283113245e-02 2.7655253516e-01
7.0875749325e-02 -1.0128432003e-01 2.1829446464e-01 -1.4399816312e-01 -4.3500314778e-01 8.2731486380e-02 -3.3049718692e-02 3.2066807619e-02 5.3844801426e-02 6.9458040852e-01 -3.2555021613e-02 3.9975619886e-01 -3.9832934244e-02 2.5634740928e-01 -1.7645618943e-01 1.5431549020e-01
-1.5070282556e-01 -1.5806889851e-01 -6.4873276545e-01 8.5070912451e-01 -3.6700171156e-01 -1.5833190442e-01 -3.6906014379e-02 2.0724535614e-01 1.4179258846e-01 8.6986984876e-02 7.4903267741e-02 -3.1216398255e-01 -2.0811247085e-02 -1.0273430465e-01 3.8081399842e-02 -1.7256903613e-01
-3.7737714593e-01 1.3896735610e-01 7.5679825287e-02 3.0090818617e-01 3.9468425350e-01 1.3981268373e-01 5.6163172383e-02 1.6499742980e-01 -4.1021161923e-02 8.3447587871e-02 9.4430804834e-02 -3.0921521772e-01 -9.0768594556e-02 1.6486314184e-01 -8.3041318058e-02 4.1725595986e-01
-4.3811710122e-01 -2.6139497562e-01 -1.0049946303e-01 -2.2533587431e-02 4.2926608542e-02 9.6358198599e-02 2.5532341320e-01 -1.0987914178e-01 1.6393248316e-01 5.5826758288e-01 1.5625142462e-02 -4.6332046495e-01 -1.1428132318e-02 -8.1922480131e-02 1.8220963138e-01 -3.8951067469e-01
1.5166834293e-03 2.7560197210e-01 -6.5196612891e-02 -6.0386211613e-01 2.3111426406e-01 -1.1296311144e-01 3.5416775062e-02 -4.5467029493e-01 2.8743746538e-01 -4.0658634718e-01 1.2493911615e-02 5.0400360235e-04 3.8745750148e-01 -1.5803750572e-01 1.5859069163e-01 -1.0752690787e-01
-2.3349840473e-01 3.2379167975e-01 -2.2893043752e-01 -2.4591649109e-01 -8.2325303751e-03 -9.8104280184e-02 -2.9440058486e-01 -3.2232149174e-01 1.8444380569e-01 4.7474814024e-02 -2.3101586613e-01 -1.5215930063e-02 -3.8244154078e-02 4.6720648869e-01 6.3898829865e-02 -2.9314697891e-01
8.8935408909e-02 5.1302633461e-01 -1.6762122343e-02 -7.3782743832e-01 5.5281815715e-01 2.7088153126e-02 5.1320600668e-01 -3.6852867997e-02 7.8427565963e-02 -2.5354535327e-02 1.3994437141e-02 -3.6460681816e-01 6.2143450296e-02 2.2893370314e-01 1.6599915373e-01 -3.1100263200e-01
-1.0075427050e-01 4.2489039696e-01 6.9982546869e-03 6.1841596421e-02 2.5830213120e-01 1.4559097479e-01 -2.8050046699e-01 3.4457893772e-02 -1.7434560909e-01 9.6187530657e-02 4.7585696409e-01 -1.5001154931e-01 1.6763154196e-01 -4.5954857960e-01 2.7045732967e-02 3.3727903397e-01
-5.0411636000e-01 -2.5291832659e-01 -9.5063779104e-02 -2.1339853666e-01 9.9363294211e-02 1.5929790761e-01 -1.1187825604e-01 2.3636240791e-01 1.1978526904e-02 -6.7885063787e-02 -9.8920929499e-02 -1.0376477928e-01 7.6963992472e-02 -5.6884841152e-02 2.2788160273e-01 -4.6406772494e-01
2.1597463523e-01 -3.6993048983e-01 -8.4414176157e-02 -1.7245507647e-01 -1.7161712109e-01 3.1912934082e-01 1.2579498715e-01 3.6496414509e-01 1.3810444827e-01 3.0202122767e-01 1.4498621649e-01 -1.4247740738e-01 -1.7992871233e-01 -6.1881117661e-02 2.1365281001e-01 -6.0600194505e-02
-3.5170959859e-01 -3.0138743329e-02 1.5632885875e-01 7.8786373795e-02 -7.2443631835e-03 7.0390430403e-01 6.7475223178e-02 -2.2042999920e-01 -1.3176895348e-01 -3.1215735647e-01 1.4053346645e-01 1.8743684563e-01 -2.7310029120e-02 -2.3859240773e-01 5.6692881928e-01 -1.5678052998e-02
-1.5950271246e-01 -3.8148672772e-01 -1.3089502489e-01 -1.3015810013e-01 1.2079888163e-01 -5.6308422709e-01 -2.2885547352e-01 4.1259838951e-02 1.9377589751e-02 1.6834707905e-01 1.6882944050e-01 4.0032293105e-01 -6.4579662949e-02 -3.0164363536e-01 -2.2144341229e-02 2.1862945969e-01
-7.2349672141e-02 -6.3564110250e-02 1.4813711173e-01 -1.6727996349e-01 -3.4593785375e-02 -5.4204802621e-01 -5.0335504257e-01 2.5362584575e-01 2.1109262561e-01 -2.6794088274e-01 3.7359321060e-02 -4.6386022105e-01 8.6139312374e-02 9.8953321947e-02 -5.7061563421e-02 6.2443382384e-02
