-1.5035025154e-02
2.2190183398e-01
6.7354629074e-01
-3.3760739157e-01
-2.7340585285e+00
2.2454673243e-01
8.8861497040e-01
3.5614385754e-01
-2.4108462747e-01
1.3987886127e+00
-5.0371714071e-01
1.0386794244e+00
-9.5435788696e-01
3.1775451631e-01
-1.0567703488e+00
8.6505596493e-01
-4.8136839737e-01
4.9826423017e-01
1.3639307387e+00
-1.9489447511e+00
1.5769376929e-01
-1.6384265536e-01
-7.6430712106e-02
-1.3932240399e-01
-1.1036033104e+00
-1.6923272672e+00
1.0177208159e+00
-1.8858301021e+00
-2.4421214149e+00
-1.8744533482e+00
-1.3943673343e-01
-7.9887050956e-01
