1.0948693396e-01 2.4675916574e-01 -1.7706150786e-01 -2.3162547701e-01 4.7451260671e-02 -4.4381924396e-01 1.7101224069e-01 -5.6948628083e-02 -2.7952557893e-03 1.2703567779e-01 1.2015392808e-01 5.2821848031e-03 3.8050519883e-01 2.0800048224e-02 -6.6454382784e-02 1.2554907449e-01 -1.7383564593e-02 2.0732185645e-01 -6.9794107051e-02 -2.7242055674e-01 -6.8238407265e-02 -2.7877637082e-02 -1.1745061017e-01 2.7454272186e-01
-1.3526177614e-01 2.1684316504e-01 2.0825254969e-01 1.9501129176e-01 -2.3253189676e-01 -2.0255642858e-01 1.7477449296e-01 4.2193715287e-01 -4.8788139631e-02 1.9821823229e-01 -1.6281924519e-01 -3.9540171322e-01 -9.0270601926e-02 -4.2570826472e-01 -2.6462658725e-01 1.6567840274e-01 2.6974018411e-01 -1.4603990794e-02 1.3644830715e-01 7.5778087162e-02 -2.8805940148e-01 2.1049668363e-02 1.5776319743e-01 -8.8853867498e-02
9.5443463498e-02 2.5146966768e-01 2.1937338425e-01 -2.3111630443e-03 -2.4774940691e-01 -1.9699402201e-01 -3.7357582417e-01 1.4933751837e-01 1.1168634076e-01 2.2203927774e-01 -8.1195578588e-02 -4.0871039568e-02 3.2620834511e-01 1.3384842850e-01 -8.0047124731e-02 -1.0822650016e-01 -2.0924054009e-01 -1.9156235444e-01 -3.3581532263e-01 1.1527909451e-01 -3.0305025902e-01 6.9902443625e-02 -1.3324729042e-01 -1.7571872534e-01
7.5062211636e-03 7.7849402242e-02 1.3368033460e-01 1.6818453931e-01 2.5436861246e-01 -2.0078021560e-02 -1.6949463271e-01 3.8834688362e-01 -5.2395993038e-01 -6.8226598714e-02 -9.9156261017e-02 1.0054473800e-01 -4.3140767585e-04 -3.0419323838e-01 4.3723230831e-01 9.4806599029e-02 -9.7634579003e-02 1.1488701237e-02 5.7917032944e-02 2.0859787534e-02 -5.0170367316e-02 4.8245312419e-02 1.3021892118e-01 1.9058349440e-01
-1.2153217697e-01 2.5162821861e-01 1.1624101305e-01 -2.8552881893e-02 -2.4388095629e-01 -2.7292467475e-01 -1.1895454027e-01 3.0449691103e-01 1.9827406503e-01 -1.9671021816e-01 -7.1451519694e-02 -3.2369532521e-01 1.5496816598e-01 -1.0024377113e-01 -1.0791481345e-01 1.5895293748e-01 -1.3356451135e-01 -1.0290547661e-01 -2.8321627319e-03 1.3556100591e-01 -2.0456530285e-01 9.3081072431e-02 2.5045869130e-01 -3.0870424301e-03
6.4674269740e-02 -2.9678728952e-01 -1.0614143096e-01 -1.9731083521e-01 -4.7238008806e-02 8.0518674878e-02 4.6088103966e-02 4.5810731753e-01 -6.6581035701e-03 4.7940164688e-01 9.6959916052e-02 -1.6019559428e-01 1.2553400572e-01 2.8795525779e-01 1.2213585328e-01 -3.7162095870e-02 -2.1142765383e-01 -2.3053136429e-01 -1.3429465858e-02 -2.2680312475e-01 -8.9644695713e-02 -3.9189123659e-01 5.2343733612e-02 -3.8063437597e-02
2.0793774296e-01 5.8455642624e-02 -9.6291477325e-03 -6.9348177560e-02 -2.6737180264e-01 -6.0482594499e-02 7.9264409914e-02 8.9908442287e-02 4.5732878649e-02 -2.1163977422e-01 6.1659716641e-02 3.9778065562e-02 3.8820843344e-01 2.7445395500e-01 1.4968736339e-01 -9.7965927245e-02 -3.9848920671e-02 2.8868839609e-02 1.0986209694e-01 3.5004927305e-01 -3.3397388815e-01 -6.7805401779e-02 7.9837998885e-02 7.8029380773e-02
-2.5581724585e-01 -2.5378322331e-01 -7.5233551261e-02 2.9347599376e-01 3.0446588297e-01 1.9115330321e-01 -3.8930362633e-01 -1.1553706307e-01 -6.3397347362e-03 -4.8355690360e-02 5.9560166669e-02 -5.6329447437e-01 9.8870768400e-02 3.2996680760e-01 1.3091707860e-01 2.3620409475e-01 7.9162942601e-02 -2.8008147485e-02 -2.8008466910e-01 -1.7083562166e-01 1.4231014021e-01 -2.2441112537e-02 8.9574200856e-03 -5.9532924462e-02
-1.5566451246e-02 4.7880114711e-02 9.0297271221e-02 -8.4529501190e-02 -3.2390872170e-02 -3.3290281680e-01 -1.1458151761e-01 1.0406827860e-01 -1.2837078271e-01 3.8719693078e-01 1.9654468124e-01 8.3176081459e-02 2.4780982386e-01 2.6391073961e-01 -7.2420316054e-02 2.6229620566e-01 8.0896813889e-02 -4.6439268289e-02 -2.9982938008e-01 -1.0205760526e-01 3.5422831428e-01 -2.0003696335e-01 1.5185766803e-01 2.0730054195e-01
-1.7769361817e-01 3.1433763522e-01 -3.3153405224e-01 1.1238641210e-01 1.1631348468e-01 1.5963390977e-01 3.6418820056e-01 -1.4765538969e-01 4.4368500469e-02 3.9428904808e-02 2.1009355036e-01 -4.2187387295e-02 1.9430302147e-02 -4.2959203239e-02 1.7600530361e-01 2.5351384649e-01 -3.9670560663e-02 2.3296805163e-01 -4.3904539186e-01 -3.4751761702e-01 7.4225933599e-02 -4.3364074856e-02 -3.2349906565e-01 1.0085852337e-01
-5.0457020289e-02 -2.6736207026e-01 1.5420925626e-01 -2.5624568806e-01 -2.0969092358e-01 1.1091216620e-01 4.3850406369e-01 -3.5057071455e-01 2.2292861604e-01 2.7682760380e-01 -2.8309646835e-01 1.0960521368e-01 -3.1628356655e-01 1.0958255105e-01 -2.2215856328e-01 1.4985208591e-01 -1.8955283167e-01 -3.8441523670e-02 -3.3263218799e-01 -3.1058443338e-01 -4.5877496159e-02 1.7296949383e-01 7.8219576445e-02 -6.5475817042e-02
-3.2378123883e-02 4.4503245885e-02 2.4813842065e-01 7.1316034455e-02 2.8164248520e-01 1.0918471639e-01 -1.8602094680e-02 9.5730904152e-02 3.5107202413e-02 -1.0738054604e-01 -3.5851580845e-01 7.9201068507e-03 2.1043266860e-01 -2.2768117039e-01 -5.6054439296e-02 1.1881114043e-01 1.7537337334e-01 -6.8432756116e-02 3.2924932471e-02 -1.1061464183e-02 -6.4935322519e-02 -8.4651823775e-02 1.4013578157e-01 -4.3520433504e-01
-3.8545336511e-01 4.0616859846e-01 8.0163437616e-02 -7.7960165883e-02 -9.5704045392e-02 -2.1619236337e-01 1.2054999586e-01 -7.5068629203e-02 -1.7658019057e-01 8.8806208419e-02 -8.7687330316e-02 7.1299530967e-02 -3.3709524018e-01 2.9110538190e-01 -2.0177778218e-01 -1.1063102947e-01 5.0195665493e-01 -1.5901316357e-01 -1.4377997494e-01 7.7452538967e-02 -6.2545822928e-02 5.5474416719e-02 -2.1952529633e-01 -2.3861821717e-01
5.5562318203e-02 5.6831434401e-02 3.6271908610e-01 1.3268119025e-02 -5.8833128170e-03 2.3366468056e-01 2.8889827014e-01 1.8846588961e-01 -2.9885889054e-01 -1.7455119490e-01 -2.5117949471e-01 -2.8749125247e-01 2.4509828717e-01 -4.5845349580e-01 1.4434722369e-01 4.4023911078e-01 -2.5728467480e-01 -2.3635045013e-01 -1.0007246497e-01 4.8038711411e-01 -2.0600910253e-01 -2.2835917370e-01 -2.3079624272e-01 -1.9358509354e-01
2.1143691139e-01 1.5553893926e-01 -5.9812051576e-02 2.6996716779e-02 -8.6031300220e-02 -2.4070607203e-01 -1.7081282086e-01 4.7018111752e-02 -1.5412600348e-01 9.5133981510e-02 -6.7791950033e-02 4.5318771823e-01 -2.1638109829e-01 8.2361918872e-02 -1.2641026866e-01 2.0228585989e-01 8.5235100967e-02 -4.4779597264e-02 -3.0254948978e-04 5.4504008724e-02 -4.3634986908e-01 -1.5292997141e-01 2.2941372673e-03 2.4319653726e-01
1.4841190835e-01 2.1874717346e-01 1.2164852025e-01 3.6576831787e-01 -4.9527196684e-03 -3.1157642435e-01 5.7200232061e-02 3.0208180105e-01 1.9923026993e-01 8.9270102046e-02 5.2146028664e-02 3.8858490348e-02 -4.7272365225e-02 -1.2631045454e-02 -2.0641065367e-01 -3.9718052000e-02 3.4963325570e-01 2.1142158733e-01 -1.8768410136e-01 -2.2543960456e-01 4.9213299092e-01 2.4786929247e-02 2.0403861262e-01 7.7462866610e-02
-7.8716920493e-02 -2.1518573566e-01 -9.1569170990e-02 3.4725148286e-02 -1.7560927866e-01 -1.8284793949e-01 5.8764476148e-02 4.1508145949e-02 -1.1676827207e-02 5.3803505277e-02 -2.5870073215e-01 -2.9047888193e-01 -3.0479667850e-01 2.5878304730e-01 -2.5036080640e-01 1.7823786824e-01 -1.2904906769e-01 6.6270799756e-02 1.1405542072e-01 -4.7854242796e-02 2.9066719867e-01 -1.5606002496e-01 -1.9821871755e-01 2.1470836438e-01
8.8691576572e-02 1.3493672771e-02 1.0390397592e-01 3.8817959375e-01 9.4571953353e-02 4.3312796997e-02 1.5495324826e-01 -1.1233124556e-01 -4.0766818235e-01 3.9645088505e-01 1.1756584461e-01 -3.4668369087e-02 3.8994087652e-01 -6.3075281292e-02 -1.7097844313e-01 2.0480481154e-01 2.5722340217e-01 3.6167408331e-02 6.4558057594e-02 2.6490837740e-01 8.6599085427e-02 2.1347112662e-01 -2.6035201650e-01 1.2551699326e-01
-1.8574196468e-01 -6.3185171898e-03 7.0286642032e-02 -1.5378499058e-02 -1.3393780007e-01 1.9883842670e-02 2.9015139598e-01 -6.5350203878e-02 4.4379824415e-01 1.2052349134e-01 -5.6463003872e-02 5.4502152242e-02 8.6153594867e-03 -2.3784315008e-01 3.0980709427e-01 -7.9652351824e-02 6.3683167295e-02 4.0375684358e-01 1.0696013021e-01 1.5098303160e-01 -2.8238980584e-01 -1.5182063764e-01 -1.9970113880e-01 1.5874214488e-01
5.8573509861e-02 3.7968817042e-01 2.7435206469e-01 1.0742514617e-01 3.2394323560e-01 9.3003848838e-02 9.9501983946e-02 2.8670227723e-01 1.7435271865e-01 1.3719756637e-01 2.1328477772e-01 -1.5542392617e-01 -1.7296825707e-01 4.2738761100e-02 2.6547966332e-01 -2.4598326593e-01 -2.7429294091e-01 5.2935529719e-01 -1.4234070550e-01 2.5179635785e-01 -2.4740101129e-01 -5.1343847833e-01 1.0286802317e-01 -4.2570686467e-02
-2.7148116862e-01 7.2760226318e-02 -3.0820803051e-01 -1.2592542146e-03 2.2628173978e-01 -2.6583833025e-01 8.1049610926e-02 4.3657282072e-01 2.2409278496e-01 5.4339317269e-02 -1.5805211503e-01 4.3826812538e-01 1.6673928490e-01 -2.5637263910e-01 -5.4607076712e-01 -4.4259914733e-02 -3.3530411465e-01 -1.8062917569e-01 -7.7806483202e-02 3.0905271616e-03 -3.5268788470e-02 8.1914852769e-02 3.2993550264e-01 -1.8067154134e-01
-1.0218240168e-01 1.6098222398e-01 1.7689666377e-01 -3.1827963605e-02 1.6905285149e-01 2.9509048354e-01 -1.1769814057e-01 1.0923717475e-01 5.6432891376e-02 -5.3701936648e-02 5.8593202746e-02 -2.2652003227e-01 -2.1844707594e-01 4.2798055261e-02 -5.7749268845e-02 -3.6569118858e-01 4.9839140854e-01 -9.8798061771e-02 1.0192850309e-01 1.0925433730e-01 -6.8770935382e-02 -1.3241252023e-01 -4.8556666361e-01 7.0151670710e-02
4.7037636551e-01 -3.6957263146e-01 -5.8940975934e-02 9.4796439399e-03 -8.7953765559e-02 -9.7681869650e-02 1.7541275551e-01 1.1387757519e-01 -2.1047468676e-02 -1.3449253991e-01 4.7265830150e-01 2.0313428693e-02 -1.0433154078e-01 3.2215012483e-01 -1.5969275291e-01 -1.8162774380e-01 -6.0875981101e-03 2.4555872091e-03 7.7935423360e-02 1.6652293059e-02 2.5284495349e-02 -1.6976545926e-01 4.0563638392e-02 -1.6189220703e-01
-1.6397462889e-01 4.1906737084e-02 4.3689516156e-02 -1.6798444315e-01 -1.0850141536e-01 3.1915966885e-01 -9.1451844035e-02 3.3050211365e-01 -1.1194349659e-01 -7.6299856454e-02 4.5788756380e-01 -2.0343928335e-01 1.0174887129e-01 -2.4411900790e-01 3.4298569367e-01 8.4015699793e-02 -1.1361251536e-01 1.3103698571e-01 6.6894707922e-03 -2.0827410632e-01 -3.9574124764e-01 9.4294770175e-03 -1.3474803593e-01 3.0064830461e-01
