1.7882633426e-01 -2.1394977826e-01 -4.4462413969e-01 2.2537524212e-01 -1.1736621336e-01 -1.2894922940e-01 2.1876149571e-02 -3.5739936988e-01 1.4435822824e-01 6.9436342157e-02 2.7270710878e-01 4.6360273284e-01 -6.0658791365e-02 6.7174255003e-02 -1.5121938209e-02
-6.8831524258e-02 3.4007546698e-01 -1.7110311111e-02 -1.2774614494e-01 -3.0596504228e-02 -1.0248177703e-01 7.3811774351e-01 -4.8265148254e-01 2.2177099721e-01 -3.3312773889e-01 6.3717106891e-01 5.8353555408e-01 1.0095346038e-01 6.6370604342e-02 1.1699562909e-01
2.4784042680e-02 -2.1596543047e-01 4.5720536213e-01 -6.4232447305e-02 -2.3108947664e-02 3.1665376710e-01 6.1035135457e-02 -1.3002850781e-01 -1.9635167602e-01 5.4265777981e-02 6.6960839424e-02 2.8403811440e-01 2.6928192444e-01 -1.7428384266e-01 -9.2336155915e-03
8.5239342550e-02 -1.4361653065e-01 2.0735052803e-01 9.8586288053e-03 1.1206868984e-01 3.9536546871e-01 3.1326881598e-01 3.4165776307e-01 -2.3518583951e-01 1.4860705319e-01 -5.6095551287e-02 -2.3956551940e-01 4.0369533314e-01 4.4930469895e-01 -2.6507174552e-01
-9.9431245660e-02 3.6752879708e-01 1.6195040961e-01 -2.8083448610e-01 -2.4908905511e-02 -1.0119163940e-01 -2.1225536470e-01 2.0449836221e-01 1.7764512829e-01 2.9139947667e-01 -3.3709301887e-01 -3.6673462929e-01 -4.4373858068e-01 3.2306606806e-01 -9.1167092918e-02
-1.2830178451e-01 4.9295698657e-02 2.6944928545e-01 1.2462644745e-01 4.9527330745e-01 7.4748882245e-02 -4.1404094522e-01 -4.4741287100e-01 2.1266857877e-03 -1.7923941060e-01 3.0321468895e-01 -1.1840402045e-01 -1.9704226449e-01 -4.7039942121e-02 1.5563391106e-01
5.4520619157e-02 8.3180796596e-02 2.1073203138e-01 3.1572354543e-01 2.4229696199e-01 4.3446029423e-01 1.9461527859e-01 -3.1828808976e-01 3.3435693957e-01 3.2370306539e-01 1.3277931443e-01 1.7508099334e-01 2.8051184776e-01 2.1261771888e-01 4.8991731420e-02
9.4167963270e-02 -8.0898894841e-02 -1.9064582505e-02 1.1980239512e-01 -1.4313156553e-02 5.0894717192e-01 4.2962014607e-01 2.2253683390e-01 -3.8767164739e-01 2.2320299087e-02 2.0881995426e-01 3.4613677797e-01 -1.2944460330e-01 3.6751165163e-01 4.9783861037e-01
1.5163998838e-01 5.8793461880e-02 -2.5327986175e-01 -1.6664414291e-01 -3.8760267010e-01 -1.4941002992e-01 2.3425551435e-01 1.2953770443e-01 -4.8682154105e-02 3.7168852088e-01 2.8441604913e-01 3.2738017175e-02 1.3837179524e-02 9.9896610970e-02 2.3730291905e-03
4.5012265754e-01 -6.1171578901e-02 -5.2121410326e-02 -1.1993576603e-01 -6.2189802278e-02 2.2735757713e-01 2.9598514747e-01 3.1226662721e-02 -1.3655518387e-01 -1.0068864458e-01 -1.6429791439e-01 -4.0923185123e-01 -1.1921243984e-01 2.2900658080e-01 1.1115258075e-01
6.1585564703e-01 6.3604947821e-02 -6.0072980113e-01 3.3720220923e-01 2.2552202178e-01 2.2141746196e-01 -2.0752565077e-01 -9.3325579695e-02 -3.8223533556e-01 -1.7520721903e-02 1.1648906976e-01 3.1776237533e-01 -2.0029068541e-01 2.3263842068e-01 -2.0379153883e-01
1.5131339778e-02 -7.8169368015e-01 3.2046681185e-01 -5.2112495346e-02 -6.4745092677e-01 3.0513140204e-01 9.1246044012e-02 -2.3501738554e-01 1.2047955002e-01 3.2992108746e-01 -4.9857837045e-02 1.6418607887e-01 -8.2435510667e-02 2.4854686983e-01 1.6344690804e-01
-1.1085784252e-01 1.3957728585e-01 1.8826488941e-01 2.9006378862e-01 -5.1707169102e-01 4.7221826879e-01 5.9474285062e-01 -2.9864005968e-01 -5.3926190745e-03 -4.7138951230e-01 -3.3534525333e-01 1.1828253195e-02 -3.6731893638e-02 7.2121920336e-02 8.9026709544e-02
-3.2029044721e-01 -2.7908331682e-01 3.0825936803e-01 3.2876865196e-01 -6.6238026238e-01 6.1100156199e-01 6.4967978175e-01 2.1153426684e-01 -2.8025846561e-01 5.7014905747e-01 6.8930665803e-02 4.3210808710e-01 -2.7043895451e-01 -1.7618006309e-01 5.5336857868e-01
9.1070964571e-02 1.3632868739e-01 5.0934168926e-01 9.5029699623e-02 -1.1221260151e-01 7.7514335722e-01 -4.2269153760e-02 4.1274516937e-02 -4.5680474036e-01 2.4207202738e-01 -2.8522448479e-01 2.3303129816e-01 -1.4075524476e-01 6.5928746148e-02 6.6776237518e-02
