-8.7803948102e-02 2.2332976520e-01 4.3399951417e-01 1.5788022063e-01 1.4444658219e-01 -3.4680288872e-01 1.0457232324e-01 -4.9506043957e-01 2.5083950755e-01 2.1644345713e-01 -1.8357219734e-01 1.5866638506e-01 -7.2967867885e-02 -7.0622983737e-02 2.2429889999e-02
-1.3814625177e-01 1.3262890426e-01 2.3885882508e-01 3.1550027377e-03 -3.4006141274e-01 1.6671734431e-01 2.7551058444e-01 -3.5994769537e-01 2.0361511643e-01 -6.0478967542e-01 4.5812955457e-03 -1.5494691190e-01 2.7087435538e-01 7.7893979612e-02 1.5549465704e-01
-2.1035108150e-01 -1.6057830564e-01 -1.0174784514e-01 -7.4018470496e-02 -1.8215214591e-02 -6.1110221915e-02 -3.0620284485e-01 3.5809307682e-01 -6.8351683929e-01 1.2150962867e-01 4.0316817948e-02 -7.4077180361e-02 -1.1834803871e-01 -4.9642747142e-01 2.3135403926e-01
3.6856442126e-02 -3.9097332041e-02 3.3711911233e-01 -1.9296802049e-01 5.1600001191e-01 7.8983125158e-02 -4.0764100126e-01 1.6086130316e-01 -4.1876608474e-01 1.6918975189e-01 3.0400039941e-01 -3.7143841440e-01 1.9546630563e-02 1.8628725488e-01 9.9491139945e-02
4.3770355403e-01 2.4642275589e-01 -1.2457078932e-01 -4.8659572706e-01 2.3476525833e-01 3.7499114823e-02 4.9117051625e-01 -8.0032046496e-02 1.2871743782e-01 1.3751042045e-01 2.9286556155e-01 -1.0917446274e-01 1.4655829399e-01 9.9570877431e-02 -2.0153778194e-03
5.0196767379e-01 -2.3878189829e-01 2.0741757851e-02 -2.2774772164e-01 3.2212679422e-01 -2.8507380521e-01 4.7154601760e-02 1.3950791365e-01 -2.2130528988e-02 7.5856417021e-02 8.7378953521e-02 -3.1390095858e-01 -6.0411049773e-04 1.9623098727e-01 1.6533674327e-01
-2.6026071684e-01 1.4427863475e-02 2.5505920460e-02 -1.7785125981e-01 1.8751996980e-01 9.7486198300e-02 -3.0370238244e-01 6.1534715351e-01 -1.3940386136e-01 -2.4466669881e-01 -6.0762229549e-02 3.1643678009e-01 4.3054640199e-01 -3.6668317597e-02 5.5277951548e-01
3.9667700433e-01 7.2769033901e-01 -2.9381097699e-01 -1.6893687647e-02 3.0295339016e-01 1.6613527973e-01 -4.7632557126e-01 3.3409666744e-01 -7.4782802793e-01 -1.8432286661e-01 -4.0252863021e-01 2.0453666386e-01 -6.7950167421e-02 -4.6239550107e-01 -4.3935508771e-02
3.2008986127e-01 -1.0011286459e-01 1.9597056994e-01 2.8240917961e-01 -9.7175471486e-02 -3.6431022271e-01 -3.6353798102e-01 1.1826067508e-02 8.7545040990e-02 -1.7119877741e-01 -3.3546066071e-01 -3.4831000103e-01 3.3204140120e-03 3.6080149650e-01 6.7790662295e-02
-2.3268104222e-01 -2.4407953843e-01 4.9213245285e-01 2.9911343334e-01 7.0778268398e-02 1.8521299392e-01 -3.2725625326e-01 -4.2868971105e-01 2.4811168319e-01 -2.1682010324e-01 -9.9598036474e-02 -6.3734994417e-01 2.6175519148e-02 1.9281632040e-01 2.2261626825e-01
7.9831692902e-02 1.0121317797e-01 -1.2174610003e-01 -1.1976627361e-01 -8.5980642597e-02 -2.5030451283e-01 1.6395445767e-01 5.7330089664e-03 1.6591509675e-01 -2.8567783069e-01 3.7094121968e-02 -4.6963193700e-02 1.0074274989e-01 -1.4488151229e-01 -2.7380582913e-01
-3.7610458345e-01 3.8155976850e-01 -1.1986142846e-01 -3.8375234076e-01 1.2135260549e-02 2.6721250859e-01 7.0646614186e-02 1.1040306298e-01 -1.9858964183e-01 -1.0566363474e-01 1.0196101369e-01 6.9131327598e-02 1.4948631683e-01 -3.6980526403e-01 -3.5675611642e-01
4.9516537728e-01 6.1430278230e-03 -7.0700504502e-03 -1.1995818059e-01 -3.1980362422e-01 9.0792249533e-02 1.1156898809e-01 -3.3306515856e-01 -1.5995901776e-02 -6.8378069255e-01 4.2683908222e-01 1.9694102065e-01 -3.4748167615e-02 -1.1120650820e-01 -6.1113495326e-02
8.9971147941e-03 1.0809821796e-02 8.9245532997e-01 1.5439229508e-01 4.3437879414e-02 -3.8453503413e-01 6.2707452303e-02 1.7269740074e-01 1.6816059809e-01 2.2248487972e-02 4.3116714928e-02 -2.1824621186e-01 -3.0062914379e-01 -9.4515262117e-02 3.6744333347e-01
-4.2622439311e-01 1.8147294732e-01 2.9793042750e-01 1.1876537068e-01 -5.9748998788e-01 2.3832753047e-01 -9.7336486735e-02 -3.0868668222e-01 5.4378331056e-01 -1.2769565402e-01 4.1192299312e-01 2.6580920865e-01 -5.9334509520e-02 2.0344004167e-01 -4.0715342919e-01
