-3.1309989087e-01 -5.1392404156e-02 3.6384769249e-01 -2.2747400376e-01 2.4458853101e-01 3.6597189314e-01 -1.7125340484e-01 4.4903438229e-01 5.2708148829e-01 1.8358919174e-01 7.2270868524e-02 3.0881470835e-01 -1.6654986997e-01 1.6172279993e-01 3.4858837336e-01
-1.5769023920e-01 -4.6992784251e-02 -2.7987666006e-01 1.6689776981e-01 6.4383928562e-02 -1.0361758144e-03 5.1863457834e-02 4.1074982841e-01 5.2721227558e-02 -7.0623483517e-01 1.7276226893e-01 -7.2424925598e-02 -2.8578230640e-02 -3.5526422785e-02 1.8535339743e-01
2.0813220219e-01 -5.3340270510e-01 -1.8723504048e-01 -3.8000792268e-01 1.2946539054e-01 -2.1780657017e-01 1.7798807206e-01 -5.2487566590e-02 3.7962990883e-01 2.6373149465e-01 -3.1508073485e-02 -1.4222057547e-01 -2.3999519225e-01 -2.7861481736e-01 -2.1087431145e-02
2.3988391153e-03 6.0277420339e-02 -1.0052182349e-01 -7.8667669425e-02 -9.3541665512e-02 5.2282111789e-01 3.5154814275e-01 1.6817565932e-01 2.1088625175e-02 4.3500770983e-01 1.5061122514e-02 5.1467821552e-01 1.0688936359e-01 -8.1155188508e-01 1.9378767736e-01
-1.0561624610e-01 2.4723712210e-01 3.1443888179e-01 -6.3004142002e-03 4.0296980250e-02 8.1717863775e-02 -2.5795999402e-01 -2.8533464869e-01 -3.1747781372e-02 3.5087415950e-01 2.1114473768e-01 -2.2048851329e-01 -1.1785154107e-01 2.5194813382e-01 -2.4302772772e-01
2.8514409823e-01 -3.3286363342e-01 -1.3404485721e-01 2.0826025841e-01 1.0142759443e-01 1.6179359826e-01 -1.1420764148e-01 6.3168563782e-01 4.0098024726e-02 -9.5902318870e-02 9.0613167052e-03 -1.6798475698e-01 -7.8387153955e-02 -3.6714331943e-02 1.6153536621e-01
3.8919596161e-01 -2.2918412022e-01 -3.4306695672e-01 9.5818969691e-02 -4.3837787210e-02 9.4253780592e-02 -3.2458171939e-01 6.5086804304e-01 4.6901078627e-01 -3.3591897621e-02 -6.0738377285e-01 -3.5742254884e-01 -1.1393569203e-01 -2.4066578884e-01 5.9510369003e-01
8.6142211970e-02 -1.8117834612e-01 2.1885332439e-01 7.6124984864e-02 4.0328153750e-01 6.7301286888e-02 -3.3697653554e-01 -1.4232481462e-01 -5.4389294856e-01 2.2122690161e-01 4.4611694724e-01 3.4823494800e-01 4.7115531459e-01 6.8283964993e-02 -1.3324398989e-01
-4.4144203266e-01 2.3658324876e-02 4.8064369261e-01 4.6200222990e-01 1.4592811064e-01 9.9652701955e-02 -1.7548817222e-01 -1.9371251866e-01 -2.7639862425e-01 6.3552059216e-01 3.2342710388e-01 3.2598522745e-01 -2.3409586938e-01 6.2760484980e-01 -7.9405870795e-01
1.7924045347e-01 4.6120106202e-01 -5.3043706180e-02 2.5952580886e-02 -2.4028575353e-01 5.6427794424e-03 -1.8535815446e-01 4.3296687235e-01 -8.8874803570e-02 -2.2175242630e-01 -1.5908517326e-01 2.1742278213e-01 -1.2962158269e-01 -4.4268326516e-01 6.1500797223e-02
-4.1374359512e-01 3.8185994127e-02 2.5363863511e-01 1.3312830434e-01 1.4847759844e-01 -1.9802694267e-01 -3.6391384688e-02 -2.1463908415e-01 2.3663322698e-01 2.9007000368e-01 -4.1817416496e-01 -5.9239572201e-02 2.5927238154e-01 8.9953309766e-02 -1.9987684965e-01
-1.6011748090e-01 -2.4585744584e-01 1.4640661738e-01 -1.9326406776e-01 -2.4033056959e-01 2.8773848121e-01 -2.0403016551e-01 -4.5886667588e-01 -6.6366743694e-02 6.9131023082e-01 3.3396846325e-01 2.1684959251e-01 -4.1740029721e-01 4.0051736817e-01 -4.2907904446e-01
-8.0275923993e-01 4.9535807057e-01 5.3830674548e-01 6.9916133422e-01 -1.6005221937e-01 2.6744649353e-01 7.7411940217e-02 1.9498010420e-02 -5.3072386307e-01 5.5374869503e-01 5.8613821506e-01 -1.4750164962e-01 1.0443345818e-03 5.4637011189e-01 -2.5372668830e-01
-2.2020409664e-01 -3.0946617132e-02 -2.7978398942e-01 3.4367900071e-01 3.4267174722e-01 1.1204856308e-01 1.9410190671e-01 -4.6698404796e-01 6.5703129472e-02 2.4671809095e-01 4.2308322514e-01 2.3682824928e-01 2.6891101764e-01 1.3763823031e-01 -1.1903470801e-01
-1.9373009043e-01 6.8664147871e-02 4.1104529143e-01 2.5258532935e-01 -2.3366267626e-02 2.0173301969e-01 2.4132653515e-01 1.9760952733e-01 -2.9770194018e-01 8.0591532806e-02 1.0403136939e-01 1.2915475365e-01 1.6088142068e-01 -4.6149239820e-01 1.1660899263e-01
