-6.3029940424e-01 7.3458139683e-02 -1.0680266410e-02 -1.0916552921e-01 -1.2371345260e-01 -1.3126206454e-01 1.8789380868e-01 3.1813902112e-01 -1.1883519817e-01 -4.8138926249e-01 2.3841458737e-02 2.3996574281e-01 -6.3512263187e-01 -1.8762757874e-01 -7.2763321577e-01
-1.7448298140e-01 -8.8936409959e-02 -1.8825430112e-02 2.2555620546e-01 1.0772367178e-01 2.8328765426e-01 -4.4558086049e-01 -1.1278549369e-01 -2.4143079437e-01 4.8100139904e-01 2.0493714038e-01 -4.9645329414e-01 -1.5733852945e-01 -2.3837434452e-01 4.9945185843e-02
2.5250352262e-01 -1.2451940909e-01 2.0826857494e-03 3.3652326039e-01 8.1819118809e-01 -1.0274693276e-01 2.4378138526e-01 -1.3363965773e-01 -1.3630696971e+00 -4.2760340756e-02 2.3982661496e-01 -2.3649563301e-01 -7.7661479789e-02 1.4783001179e-01 -9.9542747244e-02
1.1091436008e-01 2.9498489806e-01 1.0449358465e-01 -4.1603026386e-02 5.2981520586e-01 2.1159439462e-01 9.8399693308e-02 3.3179990524e-01 -3.5765764102e-01 -9.5996224573e-02 9.0823607735e-02 4.8570461642e-02 4.0334657208e-02 6.2839371681e-01 -8.4037889446e-02
3.3903661835e-02 -2.3332746931e-01 1.6708348401e-01 2.7140848362e-02 2.2793845410e-01 -2.0967034059e-01 6.1057256686e-01 2.7232085729e-02 -9.9611050275e-01 4.8442137142e-02 2.2802492619e-01 -1.1183927685e-01 3.5836735798e-01 -2.8616106315e-01 -1.8340925516e-01
1.1612087868e-01 -2.8954760105e-01 5.1861408708e-02 4.0613577852e-01 -2.6358353330e-02 -2.6406569725e-01 3.7030888611e-01 2.2367791580e-01 -1.2249380475e+00 2.1774719549e-01 4.1114818352e-01 8.9321825445e-02 2.1258050776e-01 -4.8451387789e-01 1.2793570761e-01
-1.8137473490e-02 -2.4006101467e-02 3.6277626421e-02 9.2129248522e-02 -6.9591479894e-02 1.8585168956e-01 3.5817516551e-01 -8.1401263069e-02 1.1728955071e-01 3.8774958088e-01 -2.1708227713e-02 -1.4613104810e-01 3.8479439407e-01 1.9418891908e-01 2.4597520289e-01
-2.0001388965e-01 5.8191456373e-03 -1.6050459784e-01 1.5411418599e-01 4.9582257739e-02 -2.4808817355e-01 -3.4874817887e-01 -1.4631283354e-01 -6.1925743321e-01 3.6533372458e-01 -5.2234163622e-01 3.1679880391e-02 -4.6255115329e-01 -4.5500375054e-02 2.4832649995e-01
-6.9014591454e-01 1.4900890033e-01 1.0631289923e+00 6.3442589765e-01 1.1165580006e-01 -5.3203425163e-02 3.4466491745e-01 -4.1716945937e-01 -8.6629248524e-01 1.7372378543e-01 -5.5117854097e-01 6.4610014750e-01 6.6393088555e-01 -1.2201798177e+00 7.8589096643e-01
-7.3309838077e-03 -3.2750668444e-01 2.1331397907e-01 -2.3582822784e-01 1.2893910792e-01 2.2551806508e-02 -6.7992441753e-02 -7.5448008117e-02 -8.6151943985e-01 -6.2865025824e-01 9.1485336309e-02 -5.2270547019e-01 -1.8250291013e-01 4.7750810767e-02 3.7932899729e-01
7.1961506425e-02 5.0131734292e-02 -6.0725354410e-01 2.4445709609e-01 2.2157016564e-01 4.3315616564e-01 3.4951544512e-01 -1.3072882826e-01 -7.2211660260e-02 2.3246743421e-01 2.7963314800e-01 3.7280909815e-02 2.0248881744e-01 -2.0595964550e-01 3.6127335031e-02
-2.4528652318e-01 -3.9681838085e-01 3.1040320679e-01 2.9469775429e-02 5.0481317623e-01 2.0216103356e-01 6.2653693495e-01 -3.5254439901e-01 -1.5656093635e-01 -1.4975120976e-01 -8.7742113483e-03 3.2585404521e-01 4.2090813242e-01 -3.9710095295e-01 -2.4769486634e-01
3.2710798023e-02 -2.5328907712e-01 2.6437074513e-01 6.8414376327e-02 -1.6386512588e-01 -8.9503366187e-02 3.0971371756e-01 7.3853798623e-01 2.2500854078e-01 4.3734097619e-02 2.1901260597e-01 3.0603637174e-02 2.4341476094e-01 1.5179994588e-01 -2.4391850298e-02
-6.5614693525e-02 2.4248124913e-01 4.7785741214e-01 5.1941124118e-01 -2.6888544511e-01 5.4667487744e-02 7.4022118279e-02 -3.1462715938e-01 8.0376185533e-02 -2.5725520824e-01 1.8772806371e-01 -2.6374461816e-01 -3.4698493554e-01 -1.8204133023e-01 -6.5128224132e-02
1.5557007929e-01 3.2922621009e-02 4.2575842285e-01 -5.3118794556e-04 9.2768400305e-02 -4.7863469062e-01 4.7336177711e-02 4.3552233178e-01 -2.1182884021e+00 4.1594196892e-02 9.5311168203e-03 -1.1537599786e-01 4.4312356662e-02 4.1016598619e-01 2.8127502806e-01
