7.3995234691e-01
-1.9405877301e-01
-2.3191977691e-01
8.1854128821e-01
-1.5413898860e-01
-9.0680874103e-01
1.9506951952e-01
-8.4585371497e-01
3.3251539742e-01
-3.9659340705e-01
-6.2305390497e-01
-3.6202672522e-01
1.2454894806e+00
-2.0746089791e-01
1.0044768261e-01
2.7008770417e-01
9.8706930285e-01
-7.6702322884e-01
-1.0799477117e+00
1.6600754810e+00
-3.6419957838e-02
-1.0834042827e+00
1.2572141025e+00
-1.8141240274e-01
-3.6981471722e-01
-9.0535186917e-01
8.2309428534e-01
-4.0690534326e-01
-5.4883602696e-01
8.3180899098e-01
1.1515907677e+00
-2.5237993512e-01
6.7679318756e-01
-8.0136327227e-01
-8.3852476624e-01
