1.3448836185e-01
3.1121042118e-01
-1.2274425990e+00
-1.4108218864e+00
-1.1496467302e+00
-2.2873014908e+00
1.1083687980e-01
-7.8377298112e-01
5.7786641676e-01
1.6527476715e+00
2.7602689152e-01
4.7767330869e-01
7.6691840547e-01
-1.9914176255e+00
4.9793735298e-01
3.3629609871e-01
-2.9225375960e-01
-7.7457243528e-01
3.9347872480e-01
2.4779955988e-01
9.4014227331e-02
1.2049671920e-01
7.9296065260e-02
1.3647025762e+00
5.1895344022e-01
-6.4746157048e-01
1.2026661146e-01
5.3315300576e-01
8.6948116363e-01
-4.0548928829e-01
6.7973086415e-01
5.4457834378e-01
3.6651087366e-01
-4.7567367509e-01
1.1293748814e+00
2.4730517152e+00
-6.0987649214e-01
-9.2001153235e-02
1.8506845748e-02
-2.0725378373e+00
-2.0986206105e+00
4.7465665266e-01
-1.0902894664e-01
-1.6497086033e+00
3.2963410127e-01
-7.9518077790e-01
-1.0839203654e+00
-9.9016395903e-01
-6.8064141022e-01
1.0146742232e+00
4.0220384819e-01
3.3529034252e-01
-1.1582197517e+00
3.0255770910e-01
-2.5270818468e-01
1.7117924954e-01
-7.8259236377e-02
-5.0263370236e-01
6.6321069839e-01
-2.0834654241e+00
1.6246511054e+00
1.9534858956e-01
-1.2424272273e+00
-1.3539223950e-01
4.1647786689e-01
-2.7672077520e-01
1.6929354762e+00
-1.6619226633e-01
3.3343655044e-01
-1.3866982837e+00
5.5773157008e-01
6.8960395408e-01
4.8010920970e-01
1.6592146875e-01
-1.1804552009e-01
-5.0796580674e-01
-5.2146508653e-04
-3.0085945156e-01
4.1146816527e-01
-7.5888431278e-02
3.9627023901e-02
5.7495441151e-01
-6.9838542767e-01
-4.2579936757e-02
-1.2267177382e-01
2.2530055171e+00
-1.1140640054e+00
-3.7951289889e-02
4.9943018548e-01
-9.2640652036e-01
-3.7914295010e-01
1.4774663580e-01
1.9412328778e-01
1.4610327728e+00
1.0906763181e-01
6.7299491748e-02
8.6481308304e-02
-7.3819665160e-01
2.5350011918e-01
3.9432779183e-01
