-6.2408588821e-02 4.0910053745e-01 2.7735343597e-01 2.6145620517e-01 -3.3680279284e-01 3.3998423736e-01 -6.7068095121e-01 1.5399119900e-01 6.4028221201e-01 -2.6993456180e-01 -3.4897812826e-02 -4.2855051838e-01 -7.0631663236e-02 5.3766852637e-02 -2.8902105258e-01 -3.1821186695e-02
-3.8789849270e-02 -1.4043340940e-01 2.5954932958e-01 3.8734873835e-01 -1.5555010533e-01 2.2514838070e-01 -3.5280829395e-01 -3.1571891795e-02 2.9203117431e-02 -6.2136760053e-01 -7.6478178250e-02 -2.8490849634e-02 -3.4804429754e-01 -7.1659487394e-02 -5.5556910010e-01 6.4061997275e-02
2.8524943340e-01 3.0284357262e-02 1.7347005474e-01 -4.0303283568e-02 3.0164822387e-01 -5.0216012096e-02 -3.0098021368e-02 6.3512976403e-02 -3.4523589899e-03 1.0316971668e-01 3.4515338549e-02 3.4701879859e-01 -2.9668790405e-01 4.8703800559e-02 -2.9369553375e-01 -3.5172937685e-01
1.3066556547e-01 1.5742823184e-02 1.4837261442e-01 3.1385403082e-01 -2.1658906665e-01 -1.6236970396e-01 -2.2519572864e-01 1.4595506259e-01 -3.7858754144e-01 2.3446321382e-01 -3.8236784943e-01 -2.7485141603e-01 3.2473430370e-02 -4.3697697399e-01 -3.1297580469e-01 -3.6687160148e-01
4.0727623227e-01 -3.4304512521e-01 -1.0566630465e-01 3.7134030539e-01 -1.4184954223e-01 -3.1029554695e-01 1.2359057317e-01 1.5834200371e-01 -1.1114567885e-01 -1.8424736674e-01 -5.7739946129e-02 2.1418498335e-01 -4.5270270792e-02 -3.5284239469e-01 -5.7773405186e-01 2.8926587032e-01
4.4450180784e-01 1.3511164624e-01 -7.6372137550e-02 2.6126734806e-02 -3.6626380826e-01 1.9923514516e-01 1.6234589610e-01 -4.4504620860e-01 -1.5067634428e-01 -1.1396710680e-02 -2.1029386904e-01 -6.0837918251e-02 2.2258169921e-02 2.4216713967e-01 5.0892455611e-01 -4.7138571565e-02
-3.0294180100e-02 3.1838642169e-01 -4.0021124134e-01 1.8840136994e-01 2.3207235264e-01 1.9492434170e-01 3.9215172049e-01 3.3565462693e-01 -4.4495097526e-01 4.7254472978e-01 -1.3645002678e-01 -8.1531929581e-02 -1.7069546097e-01 4.4320275094e-01 -4.3854091020e-02 6.3921894495e-02
1.2616319422e-01 -2.8444599074e-02 -3.4242366314e-01 3.9537732040e-01 -2.8038292629e-01 8.6323816435e-02 -3.0108964563e-01 -8.9912194622e-02 3.6812906968e-01 7.1898020852e-02 -2.7890964019e-01 2.4364230765e-01 1.7783425987e-01 -1.4139786772e-01 -3.0591356097e-01 4.4672290252e-01
-3.2550403600e-01 3.7743562732e-01 -4.5696981538e-01 1.6541783437e-01 -3.1209273138e-01 6.1005786304e-01 -4.4530572535e-01 -3.6736756565e-01 2.1000398563e-01 -1.9506716190e-01 -1.8001270357e-01 -3.5194992646e-02 -2.6570414195e-01 -2.3720666392e-01 -1.3178251197e-01 -1.6589828010e-02
1.3875700753e-01 5.0276714635e-02 -3.3427954850e-01 1.6843493057e-02 1.2740910829e-01 4.3340525328e-01 1.5295692908e-02 -9.3909960011e-02 8.8753297625e-03 8.4747043187e-02 4.8895776167e-02 -2.6521423223e-01 5.1117877166e-01 -3.5513033537e-01 -1.9684411761e-01 -7.1843758727e-03
-1.3008916099e-02 4.9773056052e-01 -1.0515948111e-01 1.1621120246e-01 3.4459318843e-01 1.2092249031e-01 2.3307521833e-01 3.1884624437e-01 -5.2301392059e-01 3.3997011735e-01 3.8037280800e-01 8.6533226093e-01 -2.5076434398e-01 -8.4968327204e-02 3.3120644789e-01 -1.6347065817e-01
2.4442192163e-01 1.8489658995e-01 1.5219873736e-01 1.0675386360e-01 1.6051349829e-02 -1.2714218106e-01 1.7915900497e-01 -2.6179725916e-02 4.3855476242e-01 -3.5065830458e-01 -1.1299013817e-01 1.9858887611e-01 8.0637922720e-02 -2.1024734752e-01 -3.7268384229e-01 1.1607497515e-01
2.5346626425e-01 7.6153040583e-02 -2.6380677854e-02 -1.7005839240e-01 -5.5213464074e-02 1.8894928949e-01 7.4714133722e-02 2.1003004751e-02 -1.9907913362e-01 1.3779144505e-01 -5.8328619906e-02 -9.1364186437e-02 4.3778613734e-04 -2.0941897890e-01 -6.8396100439e-02 -1.2181151529e-01
2.8147687678e-01 2.6677015191e-02 4.2124633048e-01 -3.3881520886e-01 4.6589761430e-01 -6.5914782582e-01 1.2923316809e-01 1.0531370477e-01 -8.1417107408e-02 2.3607650628e-01 2.4261999842e-01 -1.6660211763e-01 -3.4532877871e-02 3.6030068287e-01 -1.8286766714e-01 -3.4402233380e-01
-2.3807691358e-01 2.8263294148e-01 9.0893473176e-02 5.0061451928e-02 -2.3194592343e-01 2.0827943277e-01 -2.8646154538e-01 4.4958979654e-01 1.6116418158e-01 -2.7864949006e-01 -3.7475384866e-01 -5.6785190826e-02 2.1661961730e-01 2.0422771012e-01 -2.1392428026e-01 -5.1922435864e-01
3.1705114773e-01 -8.0910631822e-02 7.7871827939e-01 4.0405512140e-01 -1.4859605589e-01 -1.3152190731e-01 -4.5219131796e-01 -1.8934446006e-02 2.0780763101e-01 -1.8505900578e-01 1.1913292390e-01 7.2402426173e-01 -5.2021185068e-01 8.0406490333e-02 6.3902769526e-02 -7.2748020230e-01
