6.9961557846e-02 1.8348844888e-01 5.1028470263e-01 -1.3875266966e-02 3.9290877434e-01 -2.8911774482e-01 -5.4576616250e-02 -9.1555070455e-02 2.7823737235e-01 4.7748179841e-01 1.1352706080e-01 1.9247404617e-01 1.3637364074e-01 -1.7661696836e-01 -1.9068257309e-01 1.7754562155e-01
5.1521617750e-02 2.8419850706e-01 2.2174985574e-01 -2.2963758503e-02 3.8759099947e-02 2.4966801675e-02 3.9161044167e-02 1.2361405632e-01 -1.9392133384e-01 2.4285544040e-01 -1.4845141560e-01 6.8924155368e-02 -2.1666817917e-01 1.3878736528e-01 1.6314382237e-01 1.3930726986e-01
-1.0700343609e-01 -1.9138373880e-01 3.7528944119e-01 -2.7836403096e-01 -1.4065489053e-01 -2.7261129858e-04 2.7022381347e-01 -1.5653219863e-01 4.5345742908e-01 -1.6214194914e-04 -1.8473560282e-01 1.5475710428e-01 2.1613674616e-01 1.7247467322e-01 1.3847388155e-01 1.3041740123e-01
2.5022168646e-01 -1.0305669672e-02 4.4556720648e-01 2.6680445303e-01 4.1053437150e-01 3.8746083684e-02 -4.0627965059e-02 -6.3599225124e-02 -3.8151427656e-01 -8.3763225482e-02 1.3042275447e-01 1.5882642867e-01 2.7965016922e-01 3.6748152619e-01 2.0790938797e-01 5.5841726271e-02
-2.9763515236e-01 -2.3556238857e-01 2.2910670058e-01 3.3534869318e-01 -8.3410157006e-02 3.1156613467e-01 2.5504266239e-01 -4.0581953923e-02 -1.8857426253e-01 -3.5084696847e-01 1.1567556809e-01 -4.1544545759e-01 8.7552593012e-02 1.1867933837e-01 -1.2724267191e-01 -1.6467374802e-01
2.5589681677e-03 5.7553438292e-01 3.1061772784e-01 -5.2952141355e-01 2.1538209042e-01 -3.7313885364e-01 -1.7680845607e-01 1.4726844818e-01 -2.5854491386e-01 -8.2585306575e-03 -2.3255004527e-01 -6.1670005299e-02 1.9076475638e-02 1.4607058515e-01 4.1445793325e-01 -1.7420572572e-01
1.6325280964e-01 1.9818671096e-01 5.1549156737e-02 -3.1881587401e-01 1.2744022776e-01 4.2199162591e-01 4.4993475225e-02 -2.8117962740e-01 2.2244099978e-02 -1.3925813789e-01 -2.5650961155e-01 9.7932216506e-02 -3.1257205119e-02 4.6021602430e-02 3.6428375030e-01 8.2256990534e-02
-7.0762568964e-02 4.5430733401e-01 4.6718767272e-01 1.0307978054e-01 2.2735303386e-02 -1.7862617369e-02 -2.6579041923e-03 -1.7389967384e-01 2.8176618131e-01 6.3383839907e-01 2.6959494558e-02 1.4300038996e-01 9.7859772457e-02 -2.9763014883e-01 2.8879440268e-01 -4.5557085884e-01
-3.2029858826e-01 3.4404259008e-02 3.0421776806e-01 2.5900032900e-01 2.3010454902e-01 1.8051898294e-01 2.9094945414e-02 2.8571881621e-01 -2.6770765333e-01 4.4315714859e-01 -4.7720285100e-02 1.7523758938e-01 -1.8333130127e-01 1.4750064313e-01 1.0151451479e-01 -1.7979579546e-01
-1.8414718190e-01 5.1772329541e-01 -2.6671144037e-01 2.6862030974e-01 9.8300071697e-02 -1.0676632451e-01 -6.4165644067e-01 -1.2570385196e-01 -6.5697257944e-02 4.7454867284e-01 -2.4010944063e-01 4.5655437066e-02 6.2994948055e-02 1.9905949012e-01 -2.2004248742e-02 -7.9145861251e-01
-8.1641915844e-03 -8.5505307747e-02 3.6342179091e-02 1.1557970066e-01 3.9017013120e-01 -3.0221756079e-01 3.8524664331e-01 -4.3806604078e-02 -1.2339534672e-02 2.3319343917e-01 -2.8145104614e-01 9.4391925130e-02 5.7257735592e-02 1.9779450657e-01 6.6699902506e-01 6.2636972013e-02
-3.4597591595e-01 -1.4314197970e-01 -1.3338314566e-01 -7.6718766095e-02 2.6102922959e-02 -2.4865617348e-01 2.9049548057e-01 -7.9810672177e-02 5.8966059203e-02 3.0975474699e-01 -4.4234412989e-02 -1.1875998306e-01 1.1345340405e-01 7.2269641274e-02 -7.9634613119e-02 4.2517322332e-01
-2.1596100280e-01 3.4113306600e-01 -1.5596393805e-01 -3.5955264098e-01 2.5206556423e-01 -5.0721973139e-03 -1.8874899086e-01 -1.8841779970e-01 4.9198936530e-01 -1.8724586894e-01 -1.7782097455e-01 1.1615317607e-01 -1.8857168839e-01 3.3655814084e-01 3.8459265235e-01 1.7060672434e-01
-3.2733999077e-01 -1.7344172860e-01 2.8886820329e-01 -2.4450435988e-01 1.0531362803e-01 -2.1194935929e-01 -2.4488609098e-01 1.2106244453e-02 -4.2662848360e-01 6.7864112396e-02 -4.9041669006e-01 -1.4481666134e-01 2.2367125671e-01 -3.7756795279e-03 -2.1452855256e-03 2.4019020477e-01
-3.6796844176e-03 -3.1652722260e-01 -1.8297824258e-03 -2.0190958171e-01 3.2578521890e-02 -6.7154959329e-01 2.9472939866e-02 6.8966540023e-02 -1.1248929640e-01 -2.0580083429e-01 -4.8401342914e-02 2.6697972393e-01 3.0137150092e-01 -1.8766393383e-01 -8.4219717019e-02 -4.7224155989e-01
2.7730637315e-01 1.1568542811e-02 4.3802444400e-02 1.4801182784e-01 3.6340965307e-01 -5.0199239086e-03 4.9304811875e-02 -8.9703690440e-02 -1.6512899470e-01 -3.5023285797e-01 4.5310481098e-02 -3.0993977069e-01 1.0902000968e-02 1.6577437563e-02 -6.5007401602e-02 1.5210056047e-01
