3.6014943285e-01
2.0335501478e-01
-4.5263796040e-01
2.6576654445e-01
4.8684615971e-01
3.7666995522e-01
-8.0682968416e-01
2.6694459337e+00
9.4902354216e-01
5.1228290005e-01
-4.0103568026e-01
1.6170773902e+00
6.9029729093e-02
-1.2757950841e+00
1.0853184118e+00
3.6623897299e-01
-8.3336230964e-01
1.7051683823e-01
8.0238701154e-02
-1.1523740301e+00
-1.1339115629e+00
-3.2976006187e-01
2.6376077403e+00
-4.6120463570e-01
-8.6469122073e-01
-1.3835954575e+00
-5.0555791376e-02
4.8265624469e-01
1.5663561880e+00
8.3889375880e-01
2.8993966448e-02
-1.9179315475e-01
