-7.0693738468e-02 -1.5782216702e-01 -8.0587230044e-02 -6.5752222465e-02 -3.5192738345e-01 -5.6509567658e-01 2.8559053036e-01 5.7188118907e-02 -5.7559439382e-01 4.0028534947e-02 -8.2098257970e-02 2.1634538257e-03 1.2513689341e-01 3.2050951597e-01 -1.7963907491e-01 1.6067243387e-01 3.3261290366e-01 2.6128127061e-02 9.8680797431e-02 3.8632464379e-02 1.8077974550e-01 8.1951057637e-02 3.5224030400e-01 3.4638960599e-01 1.3545942210e-02 2.4661156787e-03 -2.7680163159e-01 1.3553290244e-01 -2.4329287395e-01 -2.0669283754e-02 2.1777020271e-01 4.9691918932e-02
-2.8458619186e-02 -2.1674994803e-01 4.1107475920e-01 -2.2622759040e-01 -2.9294600258e-03 1.4544110893e-02 -6.6239222648e-01 -3.1679997139e-01 1.2433273873e-01 3.6096337265e-01 -1.2843051024e-01 -1.5545973768e-01 3.6002041678e-01 1.3866798677e-02 3.1881405055e-01 1.4645396203e-01 3.5074014037e-01 -2.1292054906e-01 4.2199101436e-02 -2.7559873818e-01 -3.7704324711e-01 1.8903082375e-01 -2.8947554751e-01 1.8494949274e-01 8.0449118474e-03 -2.2822686960e-01 -5.1162238109e-01 -3.5469548799e-01 -3.6177347526e-01 -1.1322293181e-01 -3.2257315347e-01 1.8864654816e-01
4.0061812382e-01 -1.2922881116e-01 1.3223471886e-01 -1.5425608064e-01 -5.5488020360e-02 2.6487424871e-01 6.8001546594e-02 2.9260168296e-01 -9.0155150246e-03 -3.4512409797e-01 2.4759565328e-01 1.2646959062e-01 -4.2316034478e-02 3.9543626022e-02 8.2744509201e-02 -1.1570708410e-01 1.9700440539e-01 -3.0050266762e-01 1.8944689416e-01 -1.1419646711e-01 1.7968273071e-01 1.2243714495e-01 -7.8431971976e-02 -2.0450400239e-01 1.2456057236e-01 1.0995949435e-01 -1.6709783696e-01 1.2613440062e-01 3.1559778258e-02 1.2094061776e-02 2.1580180286e-02 1.5565145557e-01
-3.7723161231e-01 1.2295915564e-01 -1.8286704901e-01 -3.3226756306e-01 3.2769908436e-01 1.2276240306e-01 -2.0309462541e-01 4.3931629845e-01 1.3349501029e-01 7.5644815100e-02 3.0776296492e-01 -3.4548059001e-03 5.9609792026e-02 4.1150715242e-02 1.9328039001e-02 -6.3875440479e-01 1.0238244266e-01 -5.7613554289e-02 -2.3121103166e-01 -3.1495072224e-03 4.7973837055e-02 -1.7232137577e-01 -1.2923683746e-02 7.2925253867e-02 3.0773308142e-01 -8.1637243539e-02 3.6550555731e-01 1.3968745113e-01 3.3787105289e-01 -3.9942951079e-01 5.0098708941e-01 1.7133288058e-01
6.3359875806e-01 -6.4117203550e-01 9.6490351005e-02 -7.9864341511e-02 -1.7621226473e-01 3.0196997852e-01 -1.3862673192e-01 3.5914827347e-02 -1.4287921993e-01 5.0814831762e-01 2.6489137682e-01 1.6616361277e-02 -2.5472051379e-01 -1.0343571530e-01 1.1076689382e-01 -9.4402785173e-02 4.3766599527e-01 3.7360311043e-01 1.8284270382e-01 1.0970901434e-01 -1.3945295794e-01 -7.6888023981e-02 7.2888138505e-02 2.9247348873e-02 1.5692640241e-01 -2.4686726608e-02 -1.6021299982e-02 2.5059372368e-01 -9.6131235529e-02 4.3121774580e-02 5.0009087926e-01 2.8075015265e-01
4.1221089362e-01 1.6172998636e-01 -2.3151964963e-01 -1.0419457252e-01 2.7753030641e-02 -3.9903209500e-01 5.5327030209e-01 1.6893032066e-01 2.6081198719e-03 -3.1272078347e-01 -3.1435765689e-01 -1.8291502194e-01 -3.3177358842e-02 -2.4745968190e-01 1.5876333985e-01 -3.2182783951e-01 -1.5104780516e-01 -1.4092577932e-01 -2.1788663714e-01 4.0686547930e-01 9.7013029495e-02 -2.1393057468e-01 1.0180924865e-01 2.6627258184e-01 -1.7949862494e-01 -4.2060573153e-03 -7.7152671116e-02 -2.2859104494e-01 -2.1049102700e-01 2.3603974047e-01 3.4489383296e-01 9.7945505787e-02
-1.0137870862e-01 -5.0867626579e-01 3.0142961533e-02 3.7188742290e-03 2.8385802386e-01 4.5107041590e-02 -4.0714155931e-02 3.3588528884e-01 1.4027168617e-01 2.3304747329e-01 2.1516679693e-01 -1.0424181992e-01 -1.0599916744e-01 -4.8886658432e-01 2.8884733576e-01 -2.9614120697e-01 -7.3392739981e-01 5.5054856587e-03 3.6523046431e-01 -1.5713775117e-01 -2.0900267336e-01 -3.4756722051e-01 -1.7819641674e-01 -8.3396924653e-02 9.3148975520e-02 9.5188086472e-03 1.8685313343e-01 1.1337370201e-02 3.9661986266e-02 1.2848011680e-01 1.8513389000e-01 2.5402181018e-01
-3.9377923847e-01 -1.0187207079e-01 -3.1646526803e-02 -1.5552733505e-01 2.3806559193e-01 1.2864720589e-01 -5.7915487710e-01 -2.8066074918e-01 -3.5022350453e-01 -8.8996815374e-02 2.4230539499e-01 1.0862640014e-02 -1.0971506455e-02 -1.6684314424e-03 -8.7456940922e-02 5.5638615241e-02 1.0872398433e-01 6.7171324481e-01 -1.8597980632e-02 -6.2744632563e-02 1.5139071779e-01 -1.6692856927e-01 4.8022780897e-02 4.4111099293e-01 4.5560512649e-02 -1.0564360082e-01 -2.4999079121e-01 4.3824468653e-01 -5.0044738531e-01 -9.5174363038e-02 -4.7511680957e-01 -2.8960649803e-01
1.7835962533e-01 1.4398571000e-01 3.8365321391e-03 -2.0942083344e-01 -2.3329308126e-01 1.7452441755e-01 5.8543357830e-01 2.9655803374e-01 1.5871176756e-02 1.1257184194e-02 -1.0433905546e-01 8.7628454910e-04 9.0247409651e-03 -1.2461799319e-01 -2.9561931355e-01 -1.3157938276e-01 4.2342357167e-01 1.4327501156e-01 1.1381676604e-01 3.1598899420e-01 -9.4957063419e-03 1.4891877383e-01 1.9049228694e-01 2.7689785718e-01 7.8758507628e-02 -4.1455339605e-02 8.0404113145e-02 -4.6929905343e-02 -4.1618869362e-02 3.7521827484e-01 -5.2549913597e-01 2.4723213292e-01
1.2026182166e-01 1.8169948887e-01 -4.3925556549e-01 -2.5232103989e-01 1.1358773254e-01 -2.5100274109e-01 2.2922711591e-01 1.0442474286e-01 7.3391947279e-02 -1.4448838615e-01 -1.3119166267e-02 2.1367817646e-01 1.4216274628e-01 1.4811916604e-01 -3.3463679986e-01 1.9207107351e-01 1.1933042299e-01 -1.2756437210e-01 2.7984650322e-01 2.8316082060e-01 -4.4439043645e-02 1.2840617808e-01 1.8731871497e-01 -4.0772566185e-01 -1.2026744875e-01 -2.1052004863e-01 1.1278914512e-01 8.8034290596e-02 1.4518477434e-01 3.6255937235e-01 -4.0286215048e-02 -4.7310160458e-01
-1.9296390558e-01 -3.8594431607e-01 2.0448257782e-01 8.5045083905e-02 2.6604281736e-01 2.2285698723e-01 2.7322573545e-01 9.1897095761e-02 1.4780937595e-01 3.4423437105e-01 4.0792355719e-02 -7.0238920394e-01 1.0453847222e-01 -7.7901976164e-02 2.5137808298e-01 -1.5386261204e-02 -1.8004548623e-01 4.1001432415e-01 -1.3079965887e-01 3.3906100746e-01 3.8890435318e-02 -2.3164725664e-02 -7.0489953825e-03 -3.7435864290e-01 4.4212024110e-02 -5.4193981337e-02 -3.2769459241e-02 6.0361705536e-01 -2.1814916343e-01 -2.0053752163e-02 -7.7631706169e-03 1.7927501098e-01
1.0199312034e-01 -3.8322961300e-01 -2.6252000261e-01 -2.3072838073e-02 3.0931414823e-01 1.4281193744e-01 -9.3281612285e-02 3.5274342762e-01 3.7444287743e-01 -6.1053618024e-01 2.7347391587e-01 6.4269096224e-02 -2.0945560110e-01 -3.1297646814e-01 -5.5613700957e-01 3.5147830776e-02 -1.2041392996e-01 1.9924397680e-01 -1.2266981822e-02 -1.8435873671e-01 -6.9059131972e-02 -5.3257876554e-02 -3.5450697615e-01 -1.6392345626e-01 5.5354771281e-02 -2.7135237424e-01 -8.8452274554e-02 3.5733726753e-01 -1.2349912203e-01 6.4210241873e-02 -4.5229255756e-01 2.6032043482e-01
-3.5013487727e-01 -1.9483337175e-01 3.6129544944e-01 -3.6893786128e-02 7.0801238702e-02 2.2261626330e-01 -1.1397582111e-01 -9.1283106068e-02 3.7378828992e-02 4.8326778292e-01 -6.6913007151e-01 -6.1904081107e-02 -2.7580436389e-01 -9.5355266521e-02 5.8574832450e-02 -7.0310203988e-02 -2.2731080174e-01 4.5250373697e-01 8.1633359761e-03 4.8781501370e-02 1.8049213451e-01 3.1478603158e-01 5.7712491126e-01 -2.8930843266e-01 1.4508449035e-01 -3.4505720654e-01 -3.1708496179e-01 5.4646400118e-02 -1.9729793354e-01 8.6905388022e-02 -1.3938525873e-01 -3.8455147078e-01
-1.9831166301e-01 -4.0559745926e-01 -1.9503770370e-01 1.8451332337e-01 -2.7617327202e-01 1.5995292309e-01 -3.1049157976e-01 -8.8528851724e-02 -2.4318729504e-01 4.1041394755e-02 -1.2052903526e-01 -1.7628215625e-01 -2.5020815970e-01 1.3096146190e-01 -4.6749417502e-02 7.8141000972e-03 -9.4161374911e-02 5.7808987771e-01 -1.5795864236e-01 1.8641634661e-02 1.1538235274e-01 7.9010536509e-01 6.1437405803e-01 -2.2412240885e-02 -4.0213385682e-01 6.7174136833e-02 -6.1326292734e-01 9.5403461783e-02 1.9349630917e-01 2.8818932271e-02 2.8430320653e-01 1.8790870138e-03
4.3931694918e-02 2.9761973393e-01 -3.5410162828e-01 1.8191503395e-02 -3.2331084588e-01 1.6952949269e-01 2.1624049761e-02 -2.5725457012e-01 -3.3068085831e-02 1.1552036262e-01 -1.1554349993e-01 -2.5115535610e-01 -2.2368438528e-01 -2.1216472152e-01 -4.8619198504e-01 4.4590058586e-01 -2.1509501344e-01 2.0472983721e-01 -4.7509999979e-01 -2.2608036191e-01 1.3434373933e-01 -9.9968457861e-02 -2.2637620204e-01 -1.4699606453e-01 3.5351366410e-01 -2.1515426495e-01 -2.1042922028e-01 2.9603339563e-01 1.5869259420e-01 2.5471968686e-01 2.8481902128e-02 2.8976254584e-02
-2.6139292371e-01 1.6012731655e-01 9.7403743891e-02 3.8825592786e-01 1.6948198275e-01 -3.7490667879e-01 4.5562864522e-02 8.7767817191e-02 -3.8978857313e-01 1.9616450334e-01 9.8207847757e-02 1.5499193102e-02 1.6411295432e-01 -3.4741398052e-01 1.8722725266e-01 1.0802083094e-01 3.7949461142e-02 4.7970686760e-02 -5.7794537095e-01 7.6203991852e-03 9.7914155571e-02 4.0091089811e-02 -2.8038697352e-01 -4.5013962416e-02 2.2907155582e-02 8.3449279490e-02 -3.9878192706e-02 3.4616133618e-01 -2.9956794108e-01 1.7744284898e-01 5.6847482218e-01 -4.7200283072e-03
1.1891171759e-01 -2.0842272269e-01 -1.1087518469e-01 3.6413886238e-02 -2.2336239721e-02 -2.3090088067e-01 1.5197991473e-01 -2.4496889119e-01 2.0009876191e-01 2.9400471893e-01 5.3382503098e-02 -4.1219916413e-02 7.1110341778e-01 -5.7264401692e-02 -8.2511779933e-02 3.8112362472e-01 -3.8449495458e-01 1.1412955386e-01 -1.4220280060e-03 -4.5549652649e-01 -1.5247839346e-01 2.9864790868e-01 6.9865897466e-02 -2.8774097977e-01 -4.2360339488e-01 -2.5345047871e-01 6.6636870784e-02 -1.5124721399e-01 1.0354015357e-01 -3.5065456330e-01 -3.9472329072e-02 4.5539590960e-01
