1.3696865294e-01 2.1911205605e-02 -3.0801924156e-01 1.7165913547e-01 2.2313301118e-01 1.9528441627e-01 1.6048110678e-01 6.5372636466e-02 -3.3433976351e-01 -3.4801006257e-02 -3.1484916761e-02 -1.7627733355e-01 2.1813808977e-01 2.7111088276e-01 4.5949842299e-02 1.4197182837e-01 2.3454782505e-01 1.6928188035e-01 4.2444506062e-01 1.6450206338e-01 -1.3604372523e-01 6.6072521754e-02 -1.6782326069e-01 -3.8526876971e-01 -4.3125058742e-02 1.4975417146e-02 1.0503307272e-01 6.4803549128e-02 1.6323662404e-02 -3.1100729783e-01 5.6758118553e-02 5.5732453763e-02
2.5494824846e-01 -9.3445095705e-02 1.8699917842e-01 -6.5191119949e-03 -4.8947278997e-02 1.1409848905e-01 4.5063914203e-02 -1.2634658885e-01 -2.2045179369e-01 2.9106608266e-02 1.0461972178e-01 -3.9137527688e-02 -2.0920464361e-01 2.3309641413e-01 2.1641407730e-01 -2.9822283194e-02 -1.0391495950e-01 8.1962394666e-02 1.4127642130e-01 -5.3920508073e-02 -3.3319245165e-02 -2.5546410394e-01 -6.4055193968e-02 1.2290999013e-01 -3.0252086439e-03 -3.1395881208e-01 3.2452051303e-02 -8.6950624865e-02 1.5982728464e-01 3.3510595379e-02 2.2624403488e-01 1.9773985788e-01
-2.0623467455e-01 -1.7949849533e-01 4.6146102293e-02 1.5940364090e-01 -1.2717062972e-02 -7.2589573394e-02 3.7865235824e-02 -8.0102428135e-02 5.8992755998e-02 -2.3142370910e-01 -9.6871604331e-03 1.5946851030e-01 -9.0355880480e-02 2.1641443230e-01 -2.7292609710e-01 5.7846892237e-02 1.0906480985e-01 -1.3455388185e-01 4.7962967014e-02 -1.0619366111e-01 5.6527889902e-02 1.3674324054e-01 -5.1687716264e-02 -5.4041470839e-02 2.1417418716e-01 -4.6046208622e-01 8.2372892994e-02 1.2762474545e-01 1.4483961825e-01 -4.9906173208e-02 -1.8578250284e-01 5.3808623706e-02
-7.5539590581e-02 -1.9969034860e-01 -3.7853337824e-02 1.8842962040e-01 -4.8292286903e-02 9.2862154003e-02 3.7961100771e-02 1.7224479149e-01 1.9172030804e-01 1.8343804155e-01 -9.3055821806e-02 2.2654835364e-02 1.9285712094e-01 -3.6458663932e-02 -6.8541437860e-02 -4.3012663369e-02 6.8886873420e-02 -6.7480861329e-02 -2.1985394536e-01 -1.3460882923e-01 1.9877103641e-01 1.1852037690e-01 -3.0014954334e-02 -7.9315733133e-02 -4.6454496194e-02 2.0513288055e-01 -1.4422543087e-01 1.4052197054e-01 4.7452832169e-02 9.0168275066e-02 2.8179314151e-01 1.6309744386e-01
-1.6755061984e-01 1.6364775055e-01 8.5750351356e-02 -1.4520440209e-01 5.2629208612e-02 -3.3536590235e-01 2.6400514303e-02 1.8797557625e-01 -5.9059532016e-02 -4.2449289370e-02 1.0053927132e-01 4.0764407021e-01 -3.0887951392e-01 2.3848573061e-02 2.5425078949e-01 -1.8924079433e-01 -1.8442793350e-01 7.8968936952e-02 2.2660207644e-01 1.6946341596e-01 -1.4254718713e-01 -1.5362342440e-01 -8.1385742616e-02 1.3984991472e-01 1.2196443066e-01 6.3790839072e-02 -1.5839324609e-01 1.9633825038e-01 1.1680055141e-01 4.7705929136e-02 -1.7229224073e-01 6.7155803290e-02
-1.8469394969e-03 2.3287717309e-01 7.4937546627e-02 -2.0629043730e-01 -3.0628927671e-02 3.2276873449e-01 3.0745624880e-01 5.0733955310e-02 2.3753454717e-01 1.3156814102e-01 3.5177811481e-02 1.7589985529e-01 1.5080900364e-01 4.3679990483e-01 -3.4534930428e-01 -1.6312870260e-01 6.4504438085e-02 1.6163930356e-01 1.0563593807e-01 2.0595750740e-02 -1.0503578300e-02 2.4912239555e-01 5.9586003821e-02 9.0787683881e-02 1.6046721366e-01 1.3036356602e-02 6.5302505502e-03 -1.0358661580e-02 -2.9411627610e-01 3.1260276047e-01 -2.0466021108e-01 -4.6663362022e-04
1.8493578389e-01 -1.2180565057e-01 6.6537761430e-02 -8.4115979058e-02 -5.3238448505e-02 -1.4856792983e-01 -1.1445198792e-01 1.6142304655e-01 -1.1019522062e-01 -3.0862425810e-01 -8.7050264583e-02 -1.4285167224e-02 -8.8356362484e-02 -1.7319112678e-01 -1.1733499799e-01 -6.9539528276e-02 -7.1606295597e-02 7.4156704622e-02 -3.3009192221e-02 3.2693972390e-01 3.7378965789e-01 1.8339090046e-01 -3.1287709338e-01 1.5380849098e-01 -1.1957636463e-01 3.8258380771e-01 1.5634999754e-01 -1.3976705328e-01 3.6212767562e-01 1.1973099354e-01 -1.5596335344e-01 1.3439153671e-01
2.2915419969e-01 -3.2487340251e-02 -9.3694855197e-02 1.1108891558e-01 -3.1075792523e-01 -1.5727269880e-01 -1.2612082010e-01 -2.8994188889e-02 7.7661196677e-02 6.8492832173e-02 3.5083927224e-01 2.0406192113e-01 7.6450873858e-02 6.3274750826e-02 1.3032779528e-01 5.4790461087e-02 3.3448748573e-01 -3.4554602499e-02 -1.7487193654e-01 4.9216679781e-03 -1.0196002510e-01 -1.9819948312e-01 -9.8240676699e-02 6.1453503721e-02 3.3851674511e-01 -2.7157784584e-01 -2.6741615681e-01 -1.0240010658e-01 -5.0468704964e-02 -1.5770300334e-02 -2.0947026504e-01 3.6366246667e-01
2.0916022857e-02 -8.5783480647e-02 6.5428824375e-02 -2.1965969350e-02 -3.7274868118e-02 9.0693917211e-02 -1.7354621265e-01 -6.1000682806e-02 -3.9478252323e-01 2.1167859058e-01 1.8377016752e-01 2.2728516479e-01 5.7500109515e-02 -5.8061060600e-03 4.2016891818e-01 1.8134920588e-01 4.4928059481e-02 -7.9823311757e-02 -1.5907837055e-01 -4.9994110874e-02 -2.3120929480e-01 2.2219147593e-01 -3.2425811564e-02 -2.4244161245e-01 -2.1336547102e-01 -2.2898887552e-02 2.2734954184e-01 -2.3385044733e-01 1.8655986628e-01 1.6003279248e-01 2.1219985516e-01 5.4198434341e-02
8.5958181718e-02 1.5805830306e-01 -6.0988280507e-02 1.1553902823e-01 2.4159850022e-02 6.7172589415e-02 -1.3839077935e-01 -3.9022495115e-02 -7.6757412492e-02 -2.5415370515e-01 -2.8140873620e-01 4.5222427583e-02 2.8942526941e-01 -1.9844723953e-02 -9.6307164063e-02 1.4864239779e-01 6.0954877933e-02 5.9784845454e-02 -3.8526982119e-01 -1.9116208472e-01 1.1877225035e-01 2.5778775148e-01 2.4686985343e-01 9.4780542437e-02 -2.4338369222e-01 2.7723847954e-01 1.4983798937e-02 -3.7743746590e-02 -3.8882318184e-01 1.7956303401e-01 4.5607896888e-02 -3.1363084642e-01
-2.1401398185e-01 -3.7857345105e-02 -2.4099894058e-01 -9.1366752476e-02 6.7991100146e-02 -3.0904200279e-01 2.3941418153e-01 -1.0653501077e-01 1.3621176139e-01 -1.5771367819e-01 -8.1520666020e-02 -1.2729713031e-01 -4.6339836736e-02 -1.9691688132e-01 2.5608332875e-01 6.2099066170e-02 3.9722017235e-01 1.1373333223e-01 -1.6760099689e-01 2.6776677459e-03 -1.3447385643e-01 5.6325310752e-02 6.2154927905e-03 3.1131500898e-02 -6.7717794876e-02 -1.8338822975e-01 -2.3588594292e-01 4.3337891517e-02 -1.8727777366e-01 3.1455677689e-02 -4.4613586389e-02 -1.8058163862e-01
7.6585494960e-02 3.7342630053e-02 2.4044586450e-02 1.1633701344e-01 1.2602158326e-01 2.7971358123e-01 1.8682895467e-02 -1.8602343154e-02 2.5212015646e-01 -2.0895696812e-01 -4.8146078205e-02 3.5279438337e-02 -2.8408958630e-01 -6.6810210719e-02 -4.1132424922e-01 -1.2038342169e-01 -4.7321412585e-02 -1.4775477842e-01 -1.2207633984e-01 1.9856792887e-01 -1.5292458017e-01 -2.7150665052e-03 1.5164892784e-01 -1.9608002409e-01 -1.0702777593e-01 1.9958709755e-01 -2.9372982994e-01 -2.9018396882e-01 1.1512963236e-01 1.4839425055e-01 3.7760235953e-01 -2.8609529265e-01
5.5674366141e-03 3.4697008809e-01 1.4367970671e-01 1.6235547131e-01 -3.1163702162e-01 -2.4572158221e-01 -2.2671180673e-01 -1.0958621258e-02 -1.7543415136e-04 -2.1909491484e-01 -8.4723678585e-02 -3.6778326794e-01 -1.2778441836e-03 -6.4776551717e-02 1.7184671934e-01 -1.9386699947e-01 1.2820789228e-01 3.5167230440e-02 -8.9721913055e-02 6.3771174422e-02 2.7697024787e-01 3.1503722961e-02 -4.7608226422e-02 -2.4085105703e-01 -2.6239865348e-02 5.2461191228e-02 4.1986884711e-02 7.0300339557e-02 -1.1525852347e-02 -1.2877954846e-01 -1.7952040183e-01 -1.7973213003e-01
9.7005897482e-02 1.4906360857e-01 -3.3599563731e-02 -2.5677236161e-01 2.1442583527e-01 -9.6193249295e-02 4.9688549397e-02 3.5491252428e-01 -2.1101285761e-01 -1.4932511832e-01 2.6557263049e-01 1.6173371790e-01 -6.4308261661e-02 -1.0855133521e-01 -4.0021291439e-01 -1.5420645783e-01 -1.1847607080e-01 1.1898343726e-01 -8.8106613383e-02 9.7830180934e-02 2.5515401789e-01 -2.9268175808e-03 -2.9855071132e-02 7.8219214316e-03 1.6682288141e-01 3.2542395545e-01 1.9498300269e-01 1.2807980673e-01 -1.2660941341e-01 1.5071687703e-01 -4.2523533351e-01 6.0334630773e-02
-8.3295251520e-02 8.8132438129e-02 4.7410799657e-02 -2.7035123271e-01 9.2638875594e-02 1.5675274053e-01 -9.6492562713e-02 -1.8499720311e-01 -2.3494475032e-01 3.0660824483e-01 1.9590267390e-01 2.5220019077e-01 -1.4192716851e-02 -2.7726482544e-01 -1.4966508357e-01 1.4172943792e-02 -2.2073473020e-02 -6.8523424924e-03 -2.2680951100e-01 1.5902000571e-02 -1.9897643427e-02 -2.3533718464e-01 -2.7734933315e-01 -7.0443188689e-03 5.8876550332e-02 -4.0985433864e-01 -2.0843574261e-01 7.1981022010e-02 1.2146096651e-01 -1.8620839503e-02 1.7760375814e-01 1.7508820681e-01
-3.3200704431e-02 4.2169324029e-03 -2.7945069500e-02 2.5620454401e-02 -7.2329021814e-02 -2.7103452184e-01 2.2444436992e-02 2.3605112132e-01 -4.5652773139e-01 -1.1640268148e-01 2.1628076664e-01 -2.7765370254e-01 -3.5377478722e-01 3.1239918755e-01 -1.5640587067e-02 1.0425712336e-01 5.8324077599e-02 -1.7603175837e-01 -1.6330252808e-01 -2.1299274773e-01 -7.5856478818e-02 -4.4610008323e-02 2.7663503146e-01 1.6768602564e-01 -2.9436215166e-01 1.2668415193e-01 -1.5154962008e-01 -7.6186054015e-02 -1.0868881053e-01 -4.1450407581e-01 -3.2016466390e-01 -3.0044156376e-02
8.5701820504e-02 9.0176497225e-02 3.0152261832e-01 -2.7691262956e-01 3.3720456645e-01 -2.3619819733e-01 -8.1703948304e-02 -4.4053667892e-01 6.7626631887e-02 1.7621881278e-01 -3.2115579381e-02 -1.6937566327e-01 -6.4770876483e-02 -1.3319755260e-03 2.5417889386e-01 -8.3118062271e-02 -2.1337587117e-02 -5.3092888821e-02 -2.1700240294e-01 2.6142924287e-01 -1.8212297763e-01 -2.1100634321e-01 9.7251440859e-02 2.5049390852e-01 -9.3044151337e-02 -6.1685558118e-02 -9.0897141249e-02 -5.6339830742e-02 -1.4603765255e-01 -2.7559796186e-02 -2.3719234740e-01 -3.2089477466e-01
-3.3872798857e-01 -2.2900008532e-01 1.9576014723e-01 -5.3349648742e-02 -1.9443835400e-01 3.8429061843e-02 1.8695333030e-04 -2.7579285924e-02 3.8226079809e-02 -2.8192246459e-03 1.4004153782e-02 -3.4521331461e-02 -2.6967803256e-02 2.1652702013e-01 -1.5733514770e-01 -1.5102180993e-01 2.5333422320e-02 6.3111578414e-02 1.6820659075e-01 3.8503686127e-02 -1.9811217290e-01 4.2128392301e-02 -1.8806151662e-01 1.8016874489e-01 2.2169061442e-01 6.5125191335e-03 2.1862392213e-02 1.8779308493e-01 1.3643231723e-01 9.9675852299e-02 7.9412114536e-02 1.6371583441e-01
9.0048061231e-02 -1.8278032416e-01 -3.2869670836e-01 1.4545429264e-01 -2.5524602936e-01 1.6926600616e-01 -3.3108065344e-01 -1.8455736019e-01 2.0569736087e-01 -3.4551240140e-01 -3.0130048268e-01 4.7404261242e-03 5.3393003450e-01 1.2108003736e-01 -6.0459112001e-02 2.7255400048e-02 2.8638325680e-02 9.5410765611e-02 -2.0766380689e-02 -7.5762428636e-02 -2.3457812220e-01 2.4062657526e-01 2.8364886951e-01 2.5476120570e-02 8.9137526336e-02 -1.8661886280e-01 -1.4214572747e-01 -2.8026057515e-01 1.5351420905e-01 1.8307691718e-01 -2.3133559643e-01 -7.5223203788e-02
-3.3264537894e-03 -1.1372780613e-01 5.4414657395e-02 -4.9945112512e-02 -1.1424735637e-02 -9.2453376903e-02 -7.0095279191e-03 2.0521506572e-02 -1.8768172601e-01 1.6901427592e-01 1.1256183792e-01 -2.4958421540e-01 6.8335860628e-02 2.0702567498e-01 1.7774945832e-02 -8.0790876129e-02 -2.1066415606e-01 -1.0135346006e-02 -7.7190149536e-02 2.3891215438e-01 -3.9919796703e-02 -3.1056991895e-02 -1.8197112665e-01 -1.8326313594e-01 1.7847328381e-01 -8.8335846346e-02 6.6795011134e-02 -1.8880146600e-01 1.7661101150e-01 3.2668165382e-01 -1.6520044871e-01 2.2180679729e-01
-3.3762750092e-02 1.0356518107e-01 8.2866302672e-02 -1.3368844562e-01 3.7600126371e-02 6.3463233149e-02 6.7313383291e-02 9.7888657897e-02 9.7008186227e-03 -1.8711065399e-01 -2.4505418593e-02 -1.3424477526e-01 -4.1106980960e-02 1.8431214761e-01 -1.9067632033e-01 -5.6408854063e-02 1.1297497160e-01 1.5824008164e-01 7.8734552230e-02 5.4175560793e-02 2.1473462030e-01 -1.8180867768e-01 4.3386713236e-02 -1.0890911114e-01 6.4416210338e-02 1.9846730756e-02 -5.1427740753e-02 -1.5691440718e-01 -1.2266341588e-01 -1.4529784290e-01 4.8921731924e-01 -1.3251802711e-03
5.3252518521e-02 2.3179542008e-01 -7.6531508102e-02 -3.2663100220e-02 -3.6746441490e-02 1.7208919698e-01 4.9947071849e-02 4.0982646456e-02 -3.9645143527e-01 -3.2199619987e-01 -3.6530215525e-01 -5.9205840957e-02 -1.6324117583e-02 -4.0447762821e-01 1.5589067990e-01 7.1023552423e-02 -2.6457100647e-01 1.3144179347e-01 -3.2063036116e-01 2.6327988042e-01 -1.0393305644e-01 -3.4061022148e-01 1.0643986487e-01 1.3602092880e-01 -1.8380292969e-01 3.0541407715e-01 -5.1241822652e-01 8.9311005292e-02 -1.3302462233e-02 8.3460643461e-02 2.3308304587e-01 -3.2620080334e-01
-1.5223911341e-01 8.3790731425e-02 -5.9447727687e-03 -2.0627946812e-02 7.0700147960e-02 -2.5119428219e-01 1.0746990509e-01 -1.3119241900e-01 -1.0367289648e-01 3.6848134097e-01 -1.2817020401e-01 -3.5529955251e-02 -1.5878604627e-01 -2.6000421531e-01 5.5639266504e-02 -1.1793346177e-01 7.1607079100e-02 -6.0732199363e-02 5.9755710434e-02 -3.9681361688e-01 1.0132540720e-01 -7.4350977304e-02 -5.4623670333e-02 5.4382463418e-01 -8.4058272694e-02 -1.5247876182e-01 -9.8488106713e-04 -2.3595111133e-01 4.1147763099e-01 -5.8582457561e-02 3.0729117566e-01 -1.1785489488e-01
1.9899916235e-01 9.7663701681e-02 1.9893971287e-01 -1.3897714110e-01 -3.3516299253e-02 -1.4856345489e-01 -1.6052193603e-01 8.6547656984e-02 -1.6064406320e-01 1.7821553183e-01 1.1163457905e-01 -1.4297397698e-01 1.0149520545e-01 1.5198148575e-02 1.9899444053e-01 -4.7697735749e-03 1.8637542218e-01 -6.5662870104e-02 6.0996055530e-02 -1.1672437401e-01 -1.9911967766e-01 -2.5718282764e-01 1.3909801484e-01 -1.9639236437e-01 -1.3540181934e-01 3.8903007717e-02 -1.7832753375e-01 1.3160337037e-01 1.0361601553e-01 -7.5597016739e-02 -1.3106085776e-02 1.5247776512e-03
-2.0459426180e-01 -2.2243753656e-02 -4.2486011315e-02 -1.1259536291e-01 1.4782068544e-01 2.5758621259e-01 -9.1688587022e-02 -1.7143034342e-02 5.1428769802e-01 -3.6721695693e-01 2.6920761414e-01 -2.3522622894e-01 4.4787272989e-02 -1.7159082779e-01 4.0290818861e-01 -9.0351957972e-02 -4.9089521107e-02 -4.0203332756e-02 -5.5374925312e-02 -3.1890705334e-01 1.9475974926e-02 -3.1217106969e-01 1.7495994842e-01 1.9913354405e-01 -1.6372776407e-01 2.6740352077e-01 8.8578554327e-02 5.5763910246e-02 -1.9689212462e-01 1.2174452789e-01 5.3561994928e-02 2.1187317130e-02
3.9707139095e-02 2.3666167554e-02 -4.0867031909e-02 2.0577029518e-01 -2.4514341458e-01 3.0753868965e-01 -3.1945407476e-03 -2.2607723225e-01 -4.9499432086e-02 -1.3191790990e-01 -2.1275855334e-01 2.1283186111e-01 -1.2036241867e-01 2.5131040470e-01 4.9244090669e-02 -1.6862169148e-01 1.8026818064e-01 -1.3599963362e-01 3.1421815337e-01 1.0122525903e-01 -2.8357847237e-01 -8.9736929628e-02 -1.2602571600e-01 -4.1759084868e-02 -3.1907762075e-01 -7.8469341447e-02 1.9542552868e-01 2.6272479187e-01 1.7440563580e-01 2.0368824568e-02 1.8166955622e-02 8.3351133983e-02
-1.5108173721e-02 -3.1551113867e-01 -8.1939832108e-02 -2.4916154730e-01 1.6151281369e-01 -5.2973687257e-02 6.8275931661e-02 2.4763619710e-01 -2.8106193799e-01 -1.5462356300e-01 1.2877662501e-01 2.2027169779e-01 -2.6127841715e-02 -3.0061356850e-03 -2.5202556739e-01 -2.2462728385e-02 2.2590419783e-03 2.0806258453e-01 1.8304310460e-01 -1.9831282471e-01 -1.2356074809e-01 1.3218132708e-01 -2.1023497068e-01 -2.0070909798e-01 -5.0930443299e-01 -8.0323443266e-02 3.4554329192e-03 -1.3884340657e-02 9.8466428849e-02 -1.1499920508e-02 1.5407243679e-02 -2.4956636415e-01
-9.0931740714e-02 -1.2270745564e-01 1.5174792975e-01 -8.1855422971e-02 -5.0669209789e-02 2.2861848079e-01 1.6870189925e-02 -8.3874710151e-02 9.3456389269e-02 9.8752611886e-02 1.0286509511e-01 -1.9098833252e-01 2.6695154382e-02 1.1647773421e-01 1.7111223799e-01 2.5357386072e-01 -5.2585880323e-02 3.3771950165e-01 -1.4834585923e-01 4.3025676737e-02 1.4330639161e-01 4.9957201429e-03 1.6633999977e-01 -9.9111920287e-02 1.5534403395e-01 -9.7405803306e-02 -2.1080326022e-01 -1.3820854046e-01 -9.9201745934e-02 1.4085877105e-01 9.4803916587e-02 3.7023545493e-01
-1.8151985166e-01 -9.4464335115e-02 7.9563341065e-02 8.9367977934e-02 8.4210053172e-02 -1.7066873018e-01 1.7152297143e-01 -5.9565957001e-02 -1.7337399978e-01 2.1372076945e-01 2.7655505653e-01 6.7070101899e-02 -5.2885568703e-02 -3.1689576606e-03 -1.8498839510e-02 -1.9348438853e-01 2.2458148827e-01 1.8872216013e-01 -2.4427287335e-01 1.4112963900e-01 -1.5078966665e-01 -1.2394552894e-02 1.3802059068e-01 -2.1600348488e-01 -4.1992432313e-02 2.1755799933e-01 1.9251953608e-01 1.8614452951e-01 3.6847316685e-02 -7.6005141653e-02 1.1118073503e-01 -2.5413718103e-01
-8.0905605178e-02 -3.3725091546e-01 -1.7192761390e-01 9.2742539159e-02 -9.8927479721e-02 2.7408319652e-01 -2.9986751745e-02 -2.9903782802e-01 2.6972663301e-01 -2.1112350439e-01 6.9208311330e-02 1.4272875228e-01 -5.2847361708e-02 -5.2947744139e-02 -2.6329332395e-02 3.4484320263e-01 -2.9352349381e-01 3.6372316431e-02 -4.7597785146e-02 1.6825484266e-02 9.7169706633e-02 2.9181189075e-02 4.8728039449e-02 -2.4827142965e-01 -1.1093805614e-01 2.0438262108e-01 -1.2301378983e-01 -1.7529210821e-01 -3.0160691970e-01 -2.7449989049e-01 2.2826475756e-01 5.7502498577e-02
-5.0776254109e-02 2.4437348092e-03 -1.3087525688e-01 -1.5064095010e-03 1.2326731334e-01 3.7500570801e-02 -5.9226856477e-02 3.0051485550e-01 -9.9709733479e-02 -4.4928108185e-02 -6.5744656665e-02 -2.8771683489e-01 5.8357897630e-02 -3.5748617431e-02 1.7790894130e-01 -1.7180181199e-01 -4.4612621813e-02 -3.4652365614e-01 -1.8591381359e-01 9.6066822872e-02 2.0225404610e-01 1.5700392479e-01 4.5559677812e-02 2.7828142603e-01 1.8780740232e-01 2.5665706221e-02 -3.0533548439e-01 -1.9830150721e-01 2.2355207538e-01 1.5382063752e-01 1.9266007914e-01 5.3911119545e-02
3.4091649805e-01 7.2994855223e-02 -1.0831592979e-01 -5.8180001833e-02 7.0335945531e-02 1.4247098422e-01 -6.4042121755e-02 2.6633245537e-01 -1.1426172536e-01 -8.5948387213e-02 2.8725315678e-01 -7.6798064637e-02 1.5375597366e-01 -5.8293070738e-01 8.9376174081e-02 3.3938759250e-01 3.2898031305e-02 7.2138250911e-02 7.0542359837e-02 -5.4679791139e-02 -1.9410410686e-01 1.6803075431e-01 -1.8083742112e-01 1.2210249626e-01 2.6815153911e-01 9.9910680014e-02 1.1692355007e-01 -3.1620554568e-01 -1.1989161909e-01 -2.3764325010e-01 -5.0563671402e-02 3.2273498462e-01
