1.9826832080e-01 1.8028572172e-01 3.6063363140e-01 5.5763331374e-02 -1.2647698268e-01 -1.9913039970e-01 -5.2966208557e-02 -1.5166931396e-01 2.9329597607e-01 -2.0399458373e-02 1.0511670082e-01 -3.3127619464e-01 7.3686669658e-02 1.1932953880e-01 3.4064602219e-02 2.3888894183e-01 2.5770444476e-01 8.6583792463e-02 2.3340186774e-01 8.4197691560e-02 3.2070945171e-01 -4.8875167823e-02 -6.5104269336e-02 -2.9790379550e-01
7.5158850440e-02 -2.6497582952e-01 1.1815788216e-02 2.2788131652e-01 5.6208052912e-02 -1.2657525960e-01 -3.4744388062e-01 -1.4894989918e-01 -1.0007396517e-01 1.9847641458e-01 1.7351978392e-01 3.9894188760e-01 -1.0398892223e-01 -1.0795670873e-01 2.1484864552e-01 3.4192894859e-01 3.8125021871e-02 -1.8195891401e-01 1.0407093621e-01 -2.7478043966e-01 -9.7326858284e-02 3.3013416096e-01 5.0633969837e-02 2.6583691939e-01
-2.3855366310e-01 -7.3321515527e-02 1.4189708734e-01 -2.1719277958e-01 5.2493898447e-02 -2.5647849496e-01 3.6402650969e-01 -2.7561505542e-02 3.1563969803e-01 1.3357713805e-01 1.8395718605e-01 -2.4501696379e-01 1.7178248681e-01 -3.1535021625e-01 -1.2725699194e-01 1.3599846101e-01 -8.7389044808e-02 3.4202548190e-01 -7.8584820713e-02 2.0973872502e-01 6.8119813535e-02 -4.4362291418e-02 -1.3349074611e-01 3.5539774762e-01
-3.6898853014e-02 -1.0629018255e-01 9.8435535437e-02 1.7564720827e-01 1.4373320008e-01 1.7352593251e-01 -4.9312698732e-03 2.2780636678e-01 7.9456080086e-03 -8.6039311512e-02 3.1755419544e-01 6.3179219523e-01 -2.9587413022e-01 6.1670296198e-02 4.4216543612e-02 -6.0245823637e-02 -1.5530250836e-01 -8.9596555164e-02 -2.5958344291e-01 -8.9645750706e-02 -1.4079709733e-01 -1.0713866359e-01 -1.5271213098e-01 -1.3045023825e-01
-1.6252472561e-01 -6.9876234278e-02 -1.1812473345e-01 6.0772531223e-01 -4.7026660361e-01 -2.2040848389e-02 3.1715720763e-01 -1.4418513819e-01 -3.9408094264e-01 2.0731791106e-01 -6.1541613173e-02 5.0087235506e-01 3.7897081292e-02 -4.5501783769e-02 -4.2000381351e-01 -1.2423683290e-01 -1.6920173986e-01 3.3682508218e-01 3.5310250183e-02 2.4067305251e-01 -1.7244902371e-01 -2.9508924588e-01 1.8840042463e-01 4.9881672765e-02
1.3245896162e-01 -7.3130421337e-01 7.4111223424e-02 -2.7642530781e-01 -3.0191154239e-02 -5.9100553942e-02 -1.4373035184e-01 1.0802158491e-01 -4.4257403929e-02 1.3985270455e-01 2.6664876528e-02 8.7672936310e-02 -8.9157587670e-02 -9.7826770785e-02 6.2081198370e-02 -1.0631777729e-01 -2.5163342265e-01 -1.5672920599e-01 1.3869284489e-02 2.1249306535e-02 4.2699309742e-02 -8.8261908869e-02 -1.1319761240e-02 -2.8360391358e-01
-6.0938103034e-01 2.1466871454e-02 4.2135306893e-02 3.4153182209e-01 1.2969601037e-01 3.0937558058e-02 -1.6150372550e-01 -5.1906069863e-03 -1.0183688871e-01 7.5867756954e-02 -3.0018316996e-01 2.6288394647e-01 8.9854397508e-02 -2.7359617260e-01 6.9502930672e-02 2.4499425640e-02 3.0577072366e-01 4.1037754385e-02 2.3431569139e-01 1.8600244861e-02 7.1872878791e-02 -1.6303837578e-01 -5.1855960250e-01 1.9965213007e-02
-7.2790756923e-02 9.6714910138e-02 -9.1569580860e-02 -3.0807761649e-01 -1.3359379320e-02 8.5182132919e-02 3.0896471526e-02 1.1510317792e-02 5.3034003535e-01 -6.1970571922e-02 -2.0721907078e-01 1.2157210423e-01 -1.7288719989e-02 -2.2347544032e-01 -2.0058548154e-01 -1.8926556703e-01 -2.2455508196e-01 1.9082324636e-01 2.5037388881e-02 2.2031252775e-01 -3.4946789548e-01 -7.5367619098e-04 4.5576994898e-02 4.1461839384e-01
-6.2094775213e-02 -1.1352297908e-03 -1.1057451316e-01 -2.3825155437e-02 -1.0264880636e-01 1.1181634309e-01 2.2037416266e-01 -5.5126296509e-02 -8.9040391445e-02 -1.6716486548e-01 -4.6030432053e-02 3.5309846199e-01 -2.6772669069e-02 1.4838259214e-01 -6.7776443705e-02 -1.0049118360e-01 -3.3939084605e-02 -1.3894966794e-02 1.6646773743e-01 -2.5559545113e-01 -3.2254472602e-01 -2.3787685397e-01 -2.8223079391e-01 1.5101366453e-01
4.7548571942e-02 6.3650439113e-01 -1.4445813684e-02 2.5486901331e-01 2.5983031650e-01 6.5005703016e-02 -1.8897648297e-01 1.4021665805e-01 -1.0180831164e-01 -1.7968167102e-01 -1.4113417418e-02 5.7055823641e-02 3.5162771551e-01 2.7647455075e-01 -2.8682249350e-01 -8.6527744854e-02 1.6333465347e-01 3.9947589637e-01 8.9629608335e-02 1.5034066085e-01 4.4831030160e-01 8.9261960579e-02 2.4089704365e-01 4.9584551892e-02
1.1381977144e-01 3.2808977984e-01 -1.2361464484e-01 1.2353355245e-01 8.8120829462e-02 5.1816011233e-02 -4.2623863685e-01 1.0546105573e-01 1.1084973201e-01 -1.7641259039e-01 3.4775883890e-01 -1.8016025380e-01 9.9940464661e-02 2.3003137906e-01 1.6140504093e-02 6.8575436429e-02 7.4565408850e-03 -1.3713414436e-01 -2.3559486880e-01 1.7325226821e-01 1.0687517612e-01 -4.5496785478e-02 7.4849321390e-02 6.3537157310e-02
-2.5963179279e-02 1.2479089425e-02 -2.7073309350e-01 -2.3043605666e-01 1.9394193212e-03 -7.2230646541e-03 -4.8397274729e-01 3.1404241193e-02 3.0333140361e-03 -2.1925367469e-02 -2.6459621306e-01 -2.9360494092e-01 -7.0585588863e-02 1.4321423518e-01 -9.1281325366e-02 1.7279427859e-01 -1.0634004828e-01 1.6029146933e-01 -6.7823905823e-02 -7.8345189060e-02 -5.4197558322e-02 -3.5051993800e-01 -1.1266187045e-01 4.1067875229e-01
1.0207410129e-01 -1.7431881796e-01 2.7161290236e-02 3.6747909828e-01 1.6939613780e-01 8.2802482872e-02 2.8100116161e-01 1.4959689194e-01 -1.3744335700e-01 -2.0144903615e-01 -1.1289532866e-01 2.3525138974e-01 -1.3947500426e-01 9.8076150493e-02 -2.0216174911e-01 -8.0665259990e-02 3.5742043949e-01 2.2316971242e-01 -7.4130212097e-02 1.2277226265e-02 -3.8934947360e-02 2.4314147178e-01 2.2236414929e-01 1.2576456606e-01
-1.3413446922e-01 1.7592181945e-01 -2.4531602856e-01 3.5415706901e-02 -1.1272367529e-02 3.2957384625e-02 -9.0132207461e-02 -2.2062763044e-01 -7.4481273234e-02 -2.1808506724e-02 1.6020614822e-02 -1.2185684290e-01 1.4996278980e-01 2.2313780116e-02 -2.6965530465e-03 1.2263490632e-01 1.0249952116e-01 -2.2943759864e-01 -1.7043170947e-01 1.1891103575e-01 7.0734268545e-02 -2.9367758837e-01 -5.0528041250e-01 -9.0901462195e-02
-8.7193338509e-02 -2.9357049041e-01 -2.4342019555e-01 -1.5983180994e-01 -1.0012845774e-01 2.1179583698e-01 -1.0332830229e-01 1.0688515312e-01 -1.3044471447e-01 1.4097117287e-01 1.1832666711e-01 -3.0446267138e-01 -5.0633391574e-01 2.4204318283e-02 -1.5577598890e-01 1.7386140483e-01 2.9255990247e-01 5.9877595149e-02 1.2709123058e-01 -2.0308102160e-02 -5.3605550045e-01 2.0518852999e-02 2.9463439046e-01 -2.0240983006e-01
-1.0226891860e-01 -1.5713478162e-01 2.2794273236e-01 2.0360168430e-01 2.5179710112e-01 -2.1593256016e-01 2.8493193638e-01 -2.1375312439e-01 -1.0809355443e-01 -6.6360077695e-02 6.7613979680e-03 -4.5141256557e-02 6.4307924468e-02 9.1367060464e-02 1.0209129799e-01 1.6670347226e-01 2.7169869358e-01 2.7912388756e-01 8.6846125275e-03 -2.1869864125e-01 -4.4637669372e-03 4.9856095667e-01 4.8572072146e-02 -6.8127490672e-02
-5.6052554713e-01 2.0188461661e-02 2.6667607051e-01 -1.4542985018e-01 9.1722731832e-03 6.1421022361e-02 2.0260437412e-01 -1.0457245241e-01 -1.9040150148e-01 -2.2146453852e-02 9.0026732772e-03 2.1429035998e-01 -4.1405595690e-02 4.8088665796e-01 -1.8056840551e-01 1.0782719621e-01 -4.6889429565e-01 2.4957400236e-01 -2.1489785921e-01 4.2632335869e-02 1.3090610691e-01 -9.3456248920e-02 -2.2705874562e-01 1.7590965563e-01
-1.8777152422e-01 2.2653666209e-01 1.6670452861e-01 2.7968527139e-01 -1.8094974793e-02 -2.2421491464e-01 3.8253294845e-02 4.9095009140e-02 -1.6392190600e-02 2.5408852923e-01 1.2468415070e-01 -1.9648516834e-01 -1.5970889480e-01 -1.0792421006e-01 4.4260855174e-01 -4.1658465870e-01 2.3945253005e-01 -8.2251150616e-03 2.9582483968e-01 5.1100806096e-02 1.3406910633e-01 2.2267597210e-02 2.5772400471e-01 1.5381245873e-01
2.6084964672e-01 4.7319181836e-01 5.6625245664e-02 1.4020046143e-02 2.0225832290e-01 -2.1417659266e-01 -5.0298527844e-03 2.7485862581e-01 -2.6367644178e-02 -1.0265974190e-01 7.3640317653e-02 -2.6034348599e-01 -1.4922496811e-02 1.5791153237e-01 1.0225447691e-01 -2.7326028868e-02 2.9507663010e-01 2.4514552651e-01 5.9908170935e-02 -2.7413314963e-01 -8.3529545978e-03 -1.9143607670e-01 8.0054905462e-02 2.4284718664e-01
8.3429443965e-02 -4.8120866096e-02 2.2881400533e-01 -1.6694809833e-01 -3.0486794369e-02 2.3118069381e-01 8.1758196672e-02 2.1854300001e-01 -6.2967054704e-02 -3.2236254708e-01 1.8540109448e-01 3.6914134285e-01 -8.1574409921e-04 2.5529456803e-01 -2.4101685057e-01 -5.3725739291e-02 -4.1942829180e-01 -1.5233945547e-01 1.2444451713e-03 1.6308421000e-01 -2.8574861975e-01 2.4483674064e-01 4.0465222711e-01 -9.1894924470e-02
2.2114926787e-01 -1.4037927601e-01 -9.4972696462e-03 1.6027850228e-01 -2.0460221682e-01 2.2376922130e-01 2.8471573241e-01 8.5839861951e-02 1.2119556373e-01 9.7826121873e-02 2.4606633578e-04 -1.2493384405e-01 -1.3524192974e-01 -1.2385165578e-01 -2.3104749785e-01 4.8661591032e-02 4.1545852634e-01 1.1535404020e-01 -1.5491627932e-01 -1.2109237888e-01 3.5096683830e-01 -2.3806566876e-01 1.5995246664e-02 7.7711391889e-02
-4.7698814742e-02 -6.1895128704e-02 4.5831665675e-02 -4.4619387062e-02 2.7084403276e-01 -2.0624399364e-01 1.0261626816e-01 -8.7737031735e-02 -1.7692883019e-01 -1.1352424522e-01 -6.1493833643e-02 -3.8824248496e-01 -5.0937533836e-01 1.2082570111e-01 8.2918866852e-02 2.2447469780e-01 3.9697283002e-01 -3.2997793331e-02 -4.6959619563e-01 -1.2837797608e-01 -4.3541773259e-02 -1.5139611582e-01 -2.8203034532e-01 -2.7214019365e-01
-1.8726771476e-01 -7.4158379507e-02 2.7921220246e-01 -2.5573408095e-02 7.4019385260e-02 7.2220199198e-02 8.1911077588e-02 2.3628433700e-01 4.0640535720e-01 4.4110267785e-01 1.3259931814e-01 -4.2550399187e-02 2.0139540317e-02 3.6681764426e-02 -1.2465037580e-01 -3.4817526535e-01 -2.4265330345e-01 -1.0093148862e-03 7.0304049676e-02 -8.2344177189e-03 4.1683177672e-02 1.5027376982e-01 1.6518292674e-01 -6.2588041940e-02
-5.9537925145e-01 1.2706719841e-01 1.7616291066e-01 1.4011963522e-01 3.9619129352e-03 4.9999196186e-02 -1.1021732440e-01 -1.7715851766e-01 -2.7086477359e-01 -1.9664382595e-01 2.4313005646e-01 -4.1448523934e-01 -6.3032117837e-02 -8.6467108500e-02 3.4414578177e-02 -6.2542362539e-02 -3.4407325790e-02 -5.8486738761e-02 1.2677303426e-01 1.5402937076e-01 2.5044654578e-01 1.2696510530e-01 -2.5104149499e-01 -2.7753943710e-01
