-1.6168592893e+00
-4.7567193990e-02
9.1067867039e-01
-8.5562149445e-03
1.2291402742e+00
-1.4391988543e+00
-1.5453341380e+00
-7.9348160787e-01
-8.5070257482e-01
-1.1559225294e+00
-7.5143618900e-01
-1.1921000189e+00
1.1848380492e+00
-1.5126579608e+00
-3.0154982708e-01
-1.1585526907e+00
9.1263973155e-01
-4.7916221935e-01
-6.0404430148e-01
-5.9687150821e-01
-3.1815011425e-01
-1.5418444780e+00
1.0558911868e-01
6.2695253951e-01
-3.1102891195e-01
-1.4180768532e+00
-1.9269117312e-01
1.5391172195e-01
4.8507268935e-01
1.0909878159e-01
1.5187992227e-01
1.8674443963e+00
