2.0921741417e-01 -3.0476012352e-01 -3.4297865719e-02 7.3885547425e-02 -1.1319460642e-01 -1.0243239022e-01 7.7716865807e-02 1.1964335242e-01 6.5223096333e-02 3.8895523492e-02 3.3955204402e-02 -2.0989876095e-01 -1.3455469618e-01 1.9101827857e-01 2.8085054674e-01 -1.8457379218e-01 -7.8606378260e-02 1.2923995945e-01 -1.4921297918e-01 -6.6631641765e-02 1.3474237409e-01 5.7630628333e-02 -1.4237904080e-01 -1.1847536635e-01 -3.7553747935e-01 -1.7818001315e-01 -5.6344739847e-02 1.4535458133e-02 1.9593409417e-02 8.8019863197e-03 9.9691465843e-02 -1.8106619527e-01
-1.0276281065e-01 3.3797324515e-01 1.1482786497e-01 -2.1498871556e-01 -2.0119715315e-01 -4.1561199889e-02 -6.9321156214e-03 -2.0370995411e-01 -1.4086571869e-02 -3.8734305189e-01 1.0551006640e-01 -2.5222058125e-01 1.0307603263e-01 -4.4115164569e-01 2.4970399942e-01 2.7812498890e-01 -2.4755281611e-02 9.5922774114e-02 -1.2189250901e-01 2.2709990712e-01 -5.5142479198e-04 -5.3384729527e-02 -9.6518481723e-03 1.4535074569e-01 1.1376135522e-01 -1.7082906798e-01 7.5929140085e-02 -9.5620347199e-02 -4.9025504684e-02 -2.8255629156e-01 2.7682805625e-02 -6.9004681359e-02
-2.5383163180e-01 1.8701970142e-01 2.1164496518e-01 1.6463887140e-01 -2.0195124820e-01 -2.8987029872e-01 -6.9205295373e-03 3.2827393437e-01 1.4767539692e-01 -3.2844034528e-01 -2.4845344195e-01 7.6546267351e-02 -5.5602597041e-02 -1.2320738287e-01 3.6439364763e-02 -2.2402722180e-02 -5.8770808237e-02 -3.0175592669e-01 -1.2727892333e-01 6.4472673584e-02 4.0973532416e-02 9.9070726148e-02 -4.9905427189e-02 1.4909562209e-01 -1.3282616477e-01 -6.9174249214e-02 -1.5501730918e-01 -3.2009656318e-01 1.9491775382e-01 2.8142222874e-01 2.2908756514e-01 1.4834069295e-01
6.8384719183e-02 -1.3876166379e-01 3.3854119860e-01 2.8384784535e-02 7.7348883179e-02 1.2711068313e-01 -8.5221683266e-02 -6.0375384511e-02 3.2752445561e-01 2.4551141050e-01 1.2256512246e-01 2.7592002169e-01 1.5215226824e-01 -1.2381172847e-01 -9.8628474937e-02 2.4418302429e-02 1.3659826719e-01 8.7610362549e-02 1.2654014551e-01 5.0494726824e-02 3.7312814995e-02 2.7151038243e-01 -6.2481514736e-02 5.8388279925e-02 -8.6592632755e-02 4.3137008871e-02 1.5328549825e-01 6.9526379607e-02 -4.2359881155e-01 8.2121807343e-02 2.1506422682e-01 -1.3652208566e-01
1.1624686453e-01 -2.9331762421e-01 -2.4002571390e-01 -7.9250106444e-02 2.4082631105e-02 -1.8698331296e-02 -3.5495093372e-01 2.1891895569e-01 2.0565481284e-01 3.0683413194e-02 2.0282797320e-01 -8.6278345302e-02 -1.9197935369e-01 4.3664092980e-02 1.7705825677e-01 1.2265278688e-01 -9.4655729526e-02 -7.1532740540e-02 1.0562828701e-01 5.3890945742e-02 3.1202716671e-02 -2.1332245626e-02 1.7751337425e-01 2.4378918496e-01 -4.3090525518e-02 3.1051011009e-02 -1.5078814554e-01 9.8352276931e-02 -3.2159666258e-02 -2.0669845950e-02 -6.3918177887e-02 7.2608874037e-02
-1.0672728325e-01 7.4371095375e-02 -8.1832038958e-03 2.3190638821e-01 -1.9528918414e-01 3.9221595552e-02 4.0751206920e-02 -2.1743302815e-01 -1.7561053379e-01 -4.4007111519e-02 -4.9546674713e-02 8.8825204426e-02 -4.1220443667e-02 -1.1144694777e-01 -3.3322462481e-01 -2.0856333754e-01 -3.7692555949e-02 3.9813730656e-01 -7.4722569237e-03 1.6336706300e-01 4.4173217233e-02 -2.5656284258e-01 2.4451400411e-01 -3.4916631384e-01 -2.3529299463e-01 3.1827656433e-02 -2.2043084797e-01 1.0240868457e-01 4.4685587244e-03 8.8733716253e-02 2.5021938136e-01 2.4296124176e-02
-2.9386675792e-01 -9.3768241406e-02 -2.1199886076e-01 -1.5927837760e-01 -1.8718483265e-01 -3.6390412335e-01 -2.3483341612e-02 -3.8159831703e-03 3.4048458046e-02 2.5425559096e-01 4.3856730701e-03 5.4269176251e-03 -2.0941713404e-01 1.0254498234e-01 -6.4186211457e-02 -3.6593792060e-01 -7.4213479013e-02 -1.8104990331e-01 -1.4687894578e-01 -8.0275412536e-02 6.5395256694e-02 2.8241414234e-01 1.6802707064e-02 1.3168884634e-01 -3.2778621772e-02 -1.4557298448e-01 -5.3456147176e-02 1.6052069400e-01 2.2592759167e-02 -1.7312167411e-01 -1.2793799191e-01 1.3846646190e-01
1.3416066799e-01 3.3393062998e-01 8.4395224388e-02 5.1553735985e-02 -1.2618720773e-01 1.5721981728e-01 -3.6071354039e-01 -5.5224653012e-02 -1.4630551754e-01 -2.6006400302e-02 -1.3955729538e-01 2.0839817119e-01 2.1498470272e-01 1.1983712609e-02 9.6085681104e-02 3.4425670635e-01 5.6726941726e-02 7.2293047647e-02 1.0435491699e-01 2.1757532311e-02 -2.6064521688e-01 -2.7366376690e-01 2.2679048329e-01 -7.3417675778e-02 3.3399374326e-01 1.0961702787e-01 -1.4092957640e-02 1.4829385692e-02 2.0370916498e-01 -5.3506258027e-02 -7.7888905856e-02 -1.8128081625e-01
1.5048884945e-01 -3.6897093305e-02 -2.5904014600e-01 3.8967181772e-02 -3.7615242597e-02 -3.2227926306e-01 3.3612563766e-01 -2.8650965816e-01 -4.1395422805e-02 6.7777192348e-02 -9.3956848744e-03 -2.8417917899e-01 7.9195226580e-02 -1.0882515154e-01 1.9992525931e-01 8.6877603103e-03 9.0556000278e-02 -1.7232206570e-01 2.0011712319e-01 1.2074965319e-01 2.4326867555e-01 -9.0524209271e-02 6.5524386569e-02 -2.9912903298e-02 2.2753526354e-01 -3.2710462465e-01 -3.4127366515e-01 6.6924930435e-02 8.6771372338e-03 -3.0600743894e-02 -1.7371782358e-01 3.8154315630e-01
1.4746336946e-01 1.7131098536e-02 5.1150371571e-02 -4.9103703246e-02 2.2805429704e-02 -1.7635697503e-01 -2.3730072346e-01 7.9790438671e-02 -3.3358549579e-01 -9.7423866946e-02 9.6273595772e-02 -1.6554324792e-01 -3.3177056959e-01 1.2487827222e-01 1.9609165300e-02 7.6201664571e-02 -4.8006957497e-01 1.6740230384e-01 -2.4050451882e-01 -4.2238841666e-02 -2.4579925566e-01 -1.7764235654e-01 -1.0421167748e-01 8.6584652978e-02 2.8135224092e-01 -2.6316337303e-01 1.0933880794e-01 2.9237737749e-02 1.6613892963e-01 3.8901223093e-02 3.7181640701e-01 -1.6461581287e-02
-2.4460248468e-02 7.3626818373e-02 -2.9564469527e-02 4.8243461124e-02 1.2819457707e-01 3.9571618730e-02 1.3364846983e-01 4.9613822549e-02 -1.2987401480e-01 1.5060818535e-01 -5.0854202799e-04 1.3029477119e-01 2.4513033338e-01 -9.3962179363e-02 1.0542766714e-01 2.3864045648e-02 -2.2323334290e-01 3.1922289516e-01 2.9886767348e-01 3.2144773267e-01 -2.4318216626e-01 1.8461007138e-01 -1.8682268156e-01 1.2100944940e-02 2.0621382040e-02 1.2464063309e-01 -1.1588050907e-01 2.8221367863e-01 1.0652335982e-01 -5.2341125086e-01 -2.2285531634e-01 2.2252593380e-02
1.8492745758e-01 4.9397239811e-02 -5.0273809877e-02 1.2842213498e-01 2.0631431003e-01 -8.5710089160e-02 8.9667419135e-02 -1.8713880069e-01 -2.9515672187e-01 1.1432924831e-01 -5.9104589273e-03 -1.8650451664e-01 -8.8010351430e-03 -5.6941057083e-02 6.3388722204e-02 -6.3443621764e-01 -3.2816054054e-01 4.4878719914e-03 -7.8499832795e-02 -1.0488767666e-01 -8.2980473209e-03 2.3962355426e-01 2.4784773221e-01 3.7198156328e-02 5.7625356700e-02 -2.8483761110e-02 -2.6185071712e-01 -2.1988893286e-01 1.2900634807e-01 1.4942140277e-01 -2.4334557545e-01 -1.9385300750e-01
3.1434951828e-01 2.1378757708e-01 -6.8287355155e-02 4.8703080812e-02 -1.7021567835e-01 6.7381833119e-02 1.9371697391e-01 -2.4001805988e-01 3.2399996291e-01 -1.6827231893e-01 -2.8792586321e-01 3.6546989869e-01 7.6741227743e-03 -9.8263879373e-02 8.1166695658e-02 1.4424562158e-01 -3.6645813055e-02 3.9510973893e-02 8.4175105814e-02 4.1413309817e-02 -4.1844365813e-03 -2.3280898751e-01 1.7261643756e-01 -3.9043831570e-02 -5.8279038640e-02 -3.8706509969e-01 -1.6905838243e-01 1.3573394911e-01 -5.8741863986e-02 -3.1213428727e-01 3.5766566856e-02 2.5143695652e-01
6.3410083165e-02 1.4589716110e-01 1.5371992586e-01 9.9386633352e-02 -1.0759399958e-01 -2.7778516200e-02 -7.3118577978e-02 1.6246854303e-01 -3.5807051644e-01 1.3944377459e-02 -1.0194948557e-01 -1.2057244794e-01 -2.5361362473e-01 1.9867994802e-01 3.0998468249e-01 1.1577960457e-01 -2.0612153892e-02 9.6346284258e-02 2.2964217910e-01 -1.1518088433e-01 2.1298486493e-01 1.3595715114e-01 -1.9781195597e-01 2.8772141533e-01 1.2094742860e-02 -5.3186574095e-02 -1.9307678183e-01 4.0963217652e-03 1.5075261791e-01 3.8959248337e-02 1.0712963518e-01 9.7893269309e-02
5.0107886658e-02 1.7625463556e-01 1.0817127397e-02 4.9504487069e-02 -3.8403229412e-01 1.1899915088e-02 -2.1109253639e-01 -2.6572569772e-01 2.5031197442e-01 -3.6982803521e-01 1.9022518559e-02 -8.8847757171e-02 -2.0094207044e-01 -1.4082054943e-01 1.1628727373e-01 3.8787065320e-02 -1.1122597589e-01 1.7548542853e-01 -1.8003935526e-01 -8.4528440086e-02 -1.1204904949e-01 3.5633738115e-01 -1.1456428753e-01 3.6504363532e-01 -1.1390092964e-01 -2.5309447399e-02 -5.4293271105e-02 -1.1956635722e-01 -2.7696619486e-01 1.4854600198e-01 2.8262890612e-02 -1.4319874460e-01
-6.2431814826e-02 7.7489191693e-02 2.3728931389e-01 -1.4959791310e-01 -7.3065582639e-02 1.4935566355e-02 1.8002630981e-01 1.5400741681e-01 2.7635065298e-02 2.8576709664e-02 6.2959169783e-02 1.1146016437e-01 1.8815559097e-01 1.5555305822e-01 -1.0568811137e-01 -1.0888344196e-01 -3.2756899935e-01 1.3749040764e-01 6.4190399459e-02 -2.4462233880e-01 5.7696021666e-03 2.6404869946e-01 6.2253936033e-02 7.8138014273e-02 2.5189505304e-01 4.6406623753e-01 3.0320110358e-01 -1.1154593486e-02 -3.4929926693e-02 -2.4318577173e-01 4.9453823073e-02 -1.6227153869e-01
-6.1823880541e-02 2.5707619777e-01 -1.6473093098e-01 1.7669491900e-01 -1.7515617964e-01 -3.0964884720e-03 -2.9647170786e-02 -4.8586266502e-02 -2.6193850220e-01 -1.4216154943e-01 -1.2896447169e-02 -2.8484017360e-02 -3.2149762296e-01 3.5382375956e-01 1.3593099116e-01 4.7225399931e-02 1.3413910396e-01 4.2812525717e-02 -8.6094246380e-02 8.3946176216e-02 9.5406957698e-02 -2.8162571235e-01 6.4104455332e-02 4.2072283185e-01 6.9949855458e-02 1.0545610116e-01 1.0467963012e-01 -1.0367688281e-01 -1.0366686746e-01 -5.6542758340e-01 1.0810208898e-01 -2.5501203288e-01
1.7498235594e-01 -5.6781401670e-02 8.9549624390e-02 3.2542109548e-01 -1.8174423853e-01 2.5126272920e-01 -1.6409883843e-01 1.4640054392e-01 -8.4443935415e-02 -2.7274503409e-01 -2.5865720557e-01 -7.2569812364e-02 -1.6160638802e-03 2.0700809110e-01 6.5021416444e-03 -5.8775348375e-02 -1.0233182015e-02 -5.0106709365e-01 7.7164620979e-03 2.3458308458e-01 -8.7831315629e-02 -8.9977678909e-02 -1.3897335671e-03 -2.0836877961e-01 6.3612782779e-02 -1.0616854351e-01 1.2536334603e-02 8.2329758918e-02 3.5645058958e-01 -2.5472681636e-01 -1.0600572284e-01 3.7801590814e-01
5.2576136563e-01 -1.0112303634e-01 2.8384506968e-01 2.6436566023e-01 -1.1562147134e-02 -2.9347601216e-02 -2.6596578574e-01 1.7923195823e-01 1.2977617624e-01 -2.9147976906e-02 1.5050969543e-01 -2.4617479303e-01 -4.5425082432e-01 -1.5548945628e-01 3.2862985514e-01 -1.4378243230e-01 6.9477273917e-02 4.9248578796e-02 2.4187741405e-01 3.3877895563e-01 6.3662624918e-02 -1.8402073920e-01 -8.2101435516e-02 -2.2066895279e-01 -1.7387985690e-02 1.9977795727e-01 1.6842467381e-02 -1.5930924299e-01 2.0925973030e-02 3.5643048323e-01 1.1445936870e-01 3.8556522403e-02
-1.4970558944e-01 3.3778198749e-02 2.3865899195e-01 -1.2823403915e-01 1.9466329430e-01 -1.5362826497e-01 -6.7662473868e-02 2.2795662632e-02 -6.5393032158e-02 1.6397493779e-01 1.6142818260e-01 -5.0042852686e-01 -1.6403772861e-01 -2.3548765577e-01 -4.3848285870e-02 4.3567240712e-02 -1.4505186572e-02 2.1662705232e-01 1.0310871162e-01 -5.0632978741e-02 5.0600637816e-02 5.2224203584e-02 3.8804945866e-01 -1.4635308513e-01 -6.2439392008e-02 1.8639036000e-01 -1.5734751563e-01 1.2342951929e-01 3.6618166565e-01 -3.1015784728e-01 8.2995851183e-02 4.7486976336e-01
2.0139055589e-01 -3.4495548676e-01 -2.5611681387e-02 -2.2920920836e-01 1.0522260201e-01 -2.9051962016e-01 -3.8999998150e-02 6.4078316316e-02 -2.5473308140e-01 1.4421939667e-01 -2.1357068682e-01 2.0917103788e-01 -1.7784792170e-01 -1.1139775913e-01 4.7000864274e-03 -2.6458667211e-02 -2.3254715358e-02 -2.1927922434e-02 -4.0900093362e-01 4.2759826585e-02 1.1761519761e-01 2.3133401689e-02 1.1358009179e-01 1.6517475514e-01 8.6858325339e-02 2.2209395087e-01 9.9823306097e-02 -5.2694567851e-01 3.1612986252e-02 -2.6069444186e-02 -1.3710776047e-01 -1.4165395162e-01
-7.7279073395e-02 2.1951082510e-01 -6.6601157834e-02 -3.3322668576e-01 -7.8687350443e-02 -1.5412671686e-01 -2.0562310962e-01 2.0822392226e-01 -1.9943125170e-01 1.1673862826e-01 -1.7130095264e-01 -8.2907854629e-02 6.3797785804e-02 -2.7972900852e-02 -5.0249168579e-01 -1.5678000019e-02 7.5931407857e-02 2.3498118960e-01 -2.3212494198e-01 -2.9960373272e-01 2.2432084759e-01 3.0628268413e-02 1.0642586599e-01 2.2186398696e-01 -2.1585742365e-01 -5.6628629791e-02 8.3623473363e-02 -2.1984045619e-01 -1.3935729146e-03 -1.1317780049e-01 1.0442990710e-01 -3.8543253748e-01
-3.1582934089e-02 4.4881878880e-02 -1.6422471768e-01 -3.6924539859e-01 2.2094778493e-02 4.7331318553e-02 6.3743330651e-04 7.7706440003e-02 5.1061558718e-02 -2.3647738931e-01 2.0623142313e-01 1.5852284657e-02 4.9272899195e-01 1.4954121974e-01 -2.9539878992e-01 -2.1685375890e-01 -7.3986984648e-02 1.7422375714e-01 1.5566286345e-01 -7.2433568887e-02 -1.2215820570e-01 -2.9854112793e-02 -2.3850973406e-03 -3.5550055037e-02 1.6268916989e-01 -2.9056467026e-01 -2.7194238913e-01 -1.0304384497e-01 -1.9003561178e-01 8.8790081283e-02 2.2026444041e-02 -2.1108169695e-01
3.7386297115e-01 1.8639761506e-02 1.9897508365e-01 2.3810710548e-01 5.7823506532e-02 -1.7044895766e-01 -2.8957650634e-01 6.2124902524e-02 -2.6378783849e-01 2.2922333706e-01 -5.4295180789e-03 -2.9330199826e-01 -2.2497205395e-01 1.3972526523e-01 -1.1881115133e-02 -1.5195205400e-01 1.5368714225e-01 1.9730075482e-01 -3.8889012806e-02 -9.3904309164e-02 -2.4210092346e-02 1.1664752968e-01 -3.2671768003e-01 1.3175394748e-01 2.3785314531e-02 -1.8162011791e-01 3.3933442697e-01 -3.6913868939e-01 -2.8293256913e-01 -1.6742864715e-01 -1.3049913396e-01 -6.0212514742e-03
1.3098101772e-01 1.0695240303e-01 1.3262539791e-01 -1.8440472188e-01 1.7625064103e-01 -8.0624643127e-02 7.6479438819e-02 -4.2048429749e-02 5.2056331942e-02 -1.1377724096e-01 -2.5545627829e-02 3.5053942685e-03 4.5070988372e-01 2.4640667171e-01 4.1353662344e-02 -1.3230586442e-01 -5.9321458657e-03 -6.8939724061e-02 4.1976815109e-01 -3.6275355826e-01 -5.7899508619e-03 1.2818910652e-01 -5.3592451140e-02 -1.0739355725e-01 3.2870592468e-01 -1.5903620958e-01 6.3085272846e-02 4.1631667555e-01 1.9792644237e-01 1.8451032111e-01 1.5651696420e-01 1.6877586569e-01
-1.7341093189e-02 1.5292355004e-01 7.0858748767e-02 -3.1295326041e-01 -1.4951430349e-02 -1.3611801413e-01 1.4657435463e-02 -1.8022654452e-01 -1.3493187931e-02 -3.1439574487e-01 -1.3481505113e-02 -1.6479211249e-01 -2.0931434602e-01 2.5127597593e-01 -1.6060062142e-01 1.1744210157e-01 8.2952098910e-02 1.5556227652e-01 1.9076621573e-01 1.5794209798e-01 2.1415765544e-01 5.7333840123e-02 7.9660075162e-02 1.5744419522e-01 3.7895717748e-02 -6.3972730712e-02 2.9494037650e-01 -2.5593203350e-01 1.2485664941e-01 -1.5538322215e-01 -4.7659810405e-02 1.5227524725e-01
-4.9328666821e-02 2.9792889004e-01 4.8519153764e-02 -2.1512764256e-01 -7.0495619159e-02 -5.9532948437e-02 9.3551315580e-02 -1.6869435679e-01 2.3364521865e-02 2.2433467497e-01 2.1482327805e-01 -1.4177604910e-01 5.2134927249e-02 1.0204754370e-01 4.0753338833e-02 -7.5439630447e-02 1.6674951966e-01 3.2622914941e-01 7.5774400432e-03 1.3762455265e-01 -1.0017394831e-02 -3.4748425279e-02 1.1787886091e-01 -6.2361653429e-02 1.0162754281e-01 1.7660622429e-01 -2.6378833034e-02 1.1525488797e-01 -1.5356333356e-01 -3.5531896140e-01 -3.5383870267e-02 -4.4126030729e-01
-3.6658216654e-02 1.8284702383e-01 -1.8624500945e-01 -1.5273366110e-01 -1.3334107618e-01 -2.4352698072e-02 -3.2395934524e-02 -3.8915175312e-01 -2.9801605462e-02 2.2996845130e-01 -2.9666664273e-01 3.6807923282e-02 4.9588336018e-02 -3.3822206183e-02 -6.4459109203e-02 1.2226918283e-01 -1.3480092539e-01 2.8061787451e-01 2.3986495651e-01 1.6515409619e-03 2.7893161577e-01 3.6675299657e-01 2.1260577069e-01 7.5318096477e-02 1.4509576353e-01 4.1352209859e-02 -1.0250863589e-01 1.3573675877e-01 1.7958132648e-01 -3.7888384716e-02 5.0499418276e-02 -9.2650123377e-02
1.2125537865e-02 1.6787840376e-02 1.6794330261e-01 -2.9341424544e-01 2.0085691648e-02 -2.7991806406e-01 -8.6868875660e-02 2.6585271944e-01 -8.3913781929e-02 1.4199235543e-01 -5.6816728564e-02 5.8268085083e-02 -1.8604038048e-01 -5.3795069730e-02 -1.9804539592e-01 4.2285223466e-01 -4.6885881199e-02 -2.1518996438e-01 2.9470292726e-01 -1.4699246540e-01 2.1190151985e-01 4.5256561851e-02 9.9188962295e-02 2.0833864198e-01 7.6581471028e-02 -1.0239214554e-01 -4.1419455412e-02 -6.7573892247e-02 4.0566379281e-02 -1.1661941861e-01 -2.9855452779e-02 2.5424207512e-02
1.5577828035e-01 4.5149931084e-01 -1.7245260001e-01 -6.6678556563e-02 1.3614804030e-01 -1.5085051380e-01 1.3448134692e-01 -4.7657707730e-01 -1.7923062391e-01 -2.0196529178e-03 1.3178125486e-01 1.9989079990e-01 -1.3620291739e-01 5.6357353031e-02 -3.1921755257e-02 4.5699056808e-03 5.5690194893e-02 -4.7561431624e-01 1.6095349962e-01 -1.8648592487e-01 -1.3957155640e-01 9.1153556598e-02 2.8699557829e-01 6.2325000840e-02 -1.0520274336e-01 -2.6726347283e-01 -6.7071544874e-02 1.4910303990e-01 -1.2153104502e-01 1.6817176544e-01 1.1858995270e-01 6.2607600683e-02
-2.3788036488e-01 -6.3221229227e-02 -2.3969886018e-01 -2.9357791912e-02 -2.8829648125e-01 -1.3782099245e-01 -2.1867143960e-01 -5.8047056217e-02 -1.1228350408e-02 -1.4565405665e-01 6.0333684043e-02 -1.3598566442e-02 -2.6795759018e-01 1.4570130835e-01 2.1782148877e-01 1.1558698961e-01 -4.7631934959e-02 1.2766710185e-01 9.7556417455e-02 -5.1197065307e-02 2.1916021472e-01 9.0826696899e-03 1.2185491403e-01 -1.0801235990e-01 -2.4898165309e-01 4.6718597635e-02 1.0224444011e-01 -5.4016805140e-02 5.0089283576e-02 -9.7606351333e-02 -1.4237641100e-01 -3.8051841138e-01
-6.9449264371e-02 9.8989292972e-02 -1.0362806338e-01 8.5661681858e-02 2.1838019902e-01 -3.7117237619e-01 -7.3535899821e-03 6.6520057418e-02 -2.1549223927e-01 1.0782276227e-01 -2.7391344744e-01 1.6874309118e-01 7.1620350369e-02 2.2952169250e-01 1.5504553958e-01 -1.1085658598e-01 -2.8422120090e-01 5.6272326222e-03 1.9973380068e-01 -9.8992357211e-03 1.9523914206e-01 8.7488444244e-02 7.6249104179e-02 -1.1794521580e-01 3.5583405100e-01 -6.4940683802e-02 1.0311673895e-01 1.5746220636e-01 -8.2641426989e-02 2.3350432708e-01 -2.4693108052e-01 1.9141458114e-01
