2.1583730344e+00
-1.2127139131e+00
1.2312021591e-01
-1.4863386005e-01
-2.4145077400e+00
1.1437685436e+00
-1.0278273799e+00
-3.9523038483e-01
1.1277831583e-01
-3.5384826889e-01
-2.1305338836e-01
-1.3946456099e-01
1.9155542051e-01
-1.2117102662e+00
8.3530057141e-03
-1.3256913291e+00
-8.3402956096e-01
-3.1535576686e-01
9.1613207025e-01
-1.1451723871e+00
6.4600788817e-01
-1.3075327034e+00
1.8702119277e+00
-1.2155261612e+00
-1.1438684739e+00
2.0171694608e-01
1.2823024541e-01
-1.6200189280e+00
-1.0746388896e+00
1.6333555309e+00
-8.7733290971e-01
2.2652467637e-01
