2.4466293638e-01 1.7182175279e-01 -9.2803471990e-02 -5.5905170484e-02 2.0511805963e-01 5.7951092916e-02 3.1520536893e-01 -3.3601347044e-02 1.2409779917e-01 4.6972937481e-01 1.5091722002e-01 -3.7253670063e-01 -8.9314411700e-02 2.4794916300e-01 -3.5080591364e-01 -1.2820103674e-01
2.6504392543e-01 -4.3796012105e-03 -3.6552427883e-01 1.3831403636e-01 -5.4965140377e-01 -7.3635781041e-02 2.8322048469e-01 -2.4302704827e-02 5.2751108425e-02 1.0944323926e-02 2.7470107503e-02 -1.6209802790e-01 2.4278407780e-01 -3.1140225968e-01 -4.3658000002e-01 -2.8575010815e-01
4.5109744327e-01 1.3028949627e-03 -3.0028548786e-02 3.3853605006e-01 2.5125314626e-01 2.7139103888e-01 -3.0177207818e-02 -1.1375841391e-01 6.2382725455e-01 2.0361987366e-01 -5.6768024581e-01 -1.1733486581e-01 -2.0011864273e-01 -5.2100937896e-02 -1.9762554341e-01 2.6647452607e-02
-1.9982791397e-01 1.4231051898e-01 -2.6331201403e-02 -1.0567272082e-01 -1.0096231431e-01 2.0214702624e-01 2.9613640876e-01 2.2216405778e-01 2.0819425407e-02 -9.3715430513e-02 1.1154234228e-01 3.6362308235e-01 -1.7205182110e-02 -2.6174872553e-01 2.7226068849e-01 3.0676982046e-01
1.4372291663e-02 -5.1951384695e-01 1.0560736959e-02 1.9510595148e-01 -3.8177601522e-01 2.7436537975e-01 6.4110844110e-01 8.9462999084e-02 -2.2420959341e-01 -8.1404666960e-02 -5.0380477691e-01 1.5483078126e-02 2.7189884343e-02 -1.5490693809e-02 -1.3038581569e-01 -1.4814003912e-01
1.1412575540e-01 6.0057534140e-01 -3.6613651282e-01 -6.1992255501e-01 -3.5985258547e-01 -1.3807456129e-01 -2.0385786422e-01 -4.4401009616e-01 -6.6725103567e-01 -2.1294407525e-01 5.9488853379e-01 6.5762241298e-01 -4.6795767912e-01 -6.7102844020e-01 3.6825681531e-01 7.0260212704e-01
-1.3585125771e-01 2.1856722804e-01 3.0420170675e-01 2.8618328264e-01 -3.1199388602e-01 9.8088622279e-02 6.6833926635e-01 -5.5366033780e-02 5.9590260688e-02 -1.9540701336e-02 2.2059272962e-01 8.9350347403e-02 4.5348646023e-01 1.4775003150e-01 -3.2554485483e-01 3.0064327919e-02
-1.3393246541e-01 4.0601333287e-01 -1.5389129998e-01 -3.4792843301e-01 -2.0355573272e-01 2.9242675736e-01 3.2204713720e-01 7.1442706088e-02 8.1086533725e-02 4.2794807021e-02 -8.6461374160e-02 3.5083620933e-01 -2.6667051100e-02 -2.4492503376e-01 2.1733418561e-01 2.4352463030e-01
4.8773511379e-01 4.3740144883e-01 -7.2769148499e-01 -2.7109026840e-01 -6.0263105847e-01 5.0288385016e-02 -1.9539100030e-01 -3.4207847211e-01 -3.2610951572e-02 1.2505395547e-01 1.4505716565e-01 1.1601726628e-01 -1.6689764185e-01 -2.9790441524e-02 3.3151325373e-01 3.3515999586e-02
-3.3459642405e-02 3.7361274898e-01 -1.2766680965e-01 -1.6921744095e-01 -1.8263766972e-01 -8.9362350567e-02 7.7336413423e-02 2.2177002582e-01 -1.9041802983e-01 -1.9665830507e-01 4.6965461982e-02 2.2490255904e-01 -2.1947713425e-01 -1.8640922159e-01 -1.0577296140e-02 1.9381217549e-01
3.1201218541e-01 6.6064210056e-01 -9.4180150383e-03 2.5592614722e-01 4.5972407099e-01 -1.6575627990e-01 -1.9896842050e-01 1.9543958904e-02 -1.9362664342e-01 -6.7361219866e-02 -8.6750845061e-02 3.6916036944e-01 -7.1828868489e-01 -6.0257092699e-01 2.0609804396e-01 4.3311984880e-01
-6.3528092804e-02 2.8050340252e-01 -4.3076531045e-01 2.7165765282e-01 1.8539070883e-01 2.0549543547e-01 4.4050003040e-01 2.6315887069e-01 9.3080316022e-02 -2.4040822898e-01 1.7546302161e-01 3.9076878245e-01 2.1316779361e-01 -1.1456480237e-01 -3.6231169818e-02 1.9589289699e-01
-2.7208877351e-01 7.0743187129e-03 -5.8200546870e-01 2.6513938783e-01 8.6022994232e-02 -2.5747743350e-01 -2.4256811459e-01 1.7855614274e-01 3.9226984930e-01 -6.9540997235e-01 9.9971704798e-02 1.4820204817e-01 3.9926695679e-01 -2.6190901976e-02 6.2046090436e-02 -3.1897847274e-02
-2.2682661018e-01 -1.9857013675e-01 3.6363984554e-01 -1.5195089437e-01 -1.5524916307e-01 1.0518039258e-02 -1.5835708232e-01 -1.7547710746e-01 4.2746176471e-03 1.1055339960e-01 3.8803178560e-01 2.9893946130e-01 1.3607527680e-01 -6.3251014020e-03 1.0197263421e-01 9.5922436051e-02
9.2729994528e-02 3.6005917741e-01 -4.7626140122e-01 6.3588908620e-01 1.5395982415e-01 -3.1331566221e-01 1.0036910228e-01 2.9912541327e-01 1.3472048191e-02 -1.3058928764e-01 1.6579974380e-01 1.9034859682e-01 -4.6575237471e-02 -1.2211364914e-01 2.4407900099e-01 5.2804341865e-01
-1.8306688394e-01 -1.1087091326e-01 -2.4121274570e-01 -8.5424451881e-02 2.2086400495e-01 2.8208041789e-01 1.4301661272e-01 4.6609656622e-02 2.5091098621e-01 -5.5098512903e-02 -2.8096454699e-01 -5.0455353957e-02 1.4802211522e-01 -3.8842907969e-01 -1.4925367167e-02 2.0618671263e-01
