-2.8438533777e-01 -1.0938667000e-01 -1.9222691652e-02 -4.1242281705e-01 8.5495047844e-02 2.9428718859e-02 4.8717261676e-01 3.0943838062e-01 1.5520048146e-01 -2.7869476844e-01 -3.2178821100e-01 -1.8627479779e-01
2.2656283310e-01 3.2827754321e-01 2.3439997961e-01 -3.5091231664e-01 7.5064773237e-02 3.5141386745e-01 1.9318743831e-01 -7.7847635081e-02 4.5332032914e-01 1.6830870238e-01 2.5946339187e-01 -1.7078721465e-01
-3.8115025574e-01 -1.8555608219e-01 7.3758911910e-01 1.9249337914e-01 -1.2834475001e-01 3.2174613582e-02 -7.7947722954e-02 -4.6960853381e-01 -4.0754915500e-01 -1.3319042370e-01 6.0220249194e-01 1.5387356779e-01
-5.7578904746e-01 5.5039501110e-01 -1.2036806822e-03 3.6930973150e-01 -2.6567866758e-01 -2.0814570571e-01 1.8442091158e-01 -1.7721637966e-01 -1.7383897629e-01 -1.2719323502e-01 4.2437584707e-01 3.9423197488e-01
-4.1627447863e-02 -5.6405118359e-01 -2.5920816585e-01 -5.5942713292e-01 -2.7303192850e-01 2.9671357322e-01 -3.1617975011e-01 7.8827239846e-02 1.8721615137e-01 1.7565563865e-01 7.1500786654e-02 2.5830813673e-01
-5.8761438093e-01 3.1534208146e-01 1.8603593936e-01 -2.8459188434e-01 6.4594058351e-01 1.7373145111e-01 -5.6180015224e-02 -4.0368695367e-01 2.0667563366e-01 1.2325202663e-01 -4.0167854293e-01 -6.8692950750e-01
1.4751781025e-01 -9.3079182903e-02 -2.2805099751e-02 -3.3156401720e-01 -6.3816783080e-02 7.9794980480e-02 1.9663832195e-01 1.3540949825e-01 -1.4280569446e-01 2.6540681969e-01 2.3388361186e-01 5.6019903146e-01
-2.6893239567e-01 -6.1513583789e-01 2.3653850863e-01 5.4090136714e-01 -2.3510344686e-01 -1.2853777967e-02 -1.0454498403e-02 1.8694959481e-01 -3.3795618003e-01 6.2238473055e-01 2.9387526251e-01 3.6994090319e-01
-2.8774077103e-02 -2.0811328569e-01 -5.0827036440e-01 3.8740784710e-01 -3.0646092078e-02 -4.8268239013e-01 -7.3803397053e-01 -8.7459007368e-02 2.2028659658e-01 4.9091452041e-01 4.3880163492e-01 2.6170456046e-01
-1.6263425774e-02 -3.6670034673e-02 5.4915561356e-02 1.2181884273e-01 -2.0359204381e-01 1.8929223362e-01 5.3596966635e-01 2.3998898865e-01 -1.0165876812e-01 -4.6705868294e-01 6.1250653552e-02 1.0981317157e-01
6.7861689295e-02 2.0523289725e-01 1.6378404406e-01 -8.5338460194e-02 -3.4673637517e-02 4.8236487973e-02 -2.3880526255e-01 1.1958482016e-01 -1.6311846201e-01 2.7887682238e-01 5.3706888387e-02 3.9897528913e-01
1.1450147560e-02 1.4502863394e-01 2.0185404224e-02 -6.6621429244e-03 3.3636398729e-01 8.8454575601e-02 -2.7269754291e-01 -2.6831361249e-01 -4.0894869650e-01 2.2527445831e-01 -2.5183448344e-01 4.3295354600e-02
