1.1760680553e-01 8.6238393637e-01 3.3374175684e-01 7.7468765875e-02 -1.2536130235e-03 -6.7155021457e-03 1.5769921539e-01 -4.1568719644e-02 -2.8912095617e-01 6.2278581762e-01 3.3350187437e-01 4.3681085189e-01
-3.3760250023e-01 -2.3651973327e-01 -1.5994345123e-02 9.1153432815e-03 1.2370200853e-01 2.7938407388e-01 -2.6456159098e-01 1.0291039956e-01 -3.1253892490e-01 1.3212586344e-01 -4.1903381459e-01 -4.8831541761e-02
-2.3534621408e-01 5.0117214069e-02 -1.1962196101e-01 1.8321304388e-01 1.8970741546e-01 -1.4512495563e-01 -1.0840735412e-01 4.1191613308e-01 -7.2987019190e-01 -1.5162932359e-01 -2.9591746202e-02 -9.5211260428e-03
2.2235444305e-01 -2.5105966898e-01 3.7479062628e-02 5.8659239297e-02 -2.0443131321e-02 2.3345892800e-01 3.1654414662e-01 -1.8100553364e-01 -1.9519196312e-01 -2.0574340803e-02 3.9998741317e-01 -5.3654150426e-01
2.7911593299e-01 2.0375237733e-01 7.2733207045e-02 2.6846033212e-01 2.1934714333e-01 3.7983321748e-01 -1.6962817181e-01 -1.6678695996e-01 1.4271718725e-02 -6.4389707916e-01 -7.1731354201e-02 -2.3821310759e-01
3.8324116879e-02 9.4156419259e-02 -3.9444546105e-01 -3.0620608176e-01 -2.2643745002e-01 -4.6451396220e-02 1.4339568648e-02 -1.8977273161e-01 3.0923957177e-01 2.8003590090e-01 1.4820251010e-01 1.8106758912e-01
-5.5496181452e-02 -3.1125669866e-01 2.5018921500e-01 5.8463806289e-02 1.1836683313e-01 -1.7556653861e-01 9.2533985452e-03 -1.8708453513e-01 -9.5757795159e-02 -6.8072286816e-01 3.2071775581e-01 -1.5686038897e-01
2.7084290468e-01 4.4952504695e-01 1.3470230677e-01 -2.1045780753e-01 1.1074306118e-02 -5.9481666761e-01 -5.4452742010e-02 -8.7147041679e-02 1.0903709054e-01 3.9500117887e-01 8.7184505849e-03 -9.2902968415e-02
1.7041021909e-01 5.3914929063e-02 -4.5389306811e-02 -1.7071498220e-01 -1.1702657141e-01 -5.0438344832e-01 3.4058826232e-02 3.9715650117e-03 -5.4911554842e-03 -2.7278020094e-01 6.0671815629e-02 7.0869620107e-03
-8.1775193177e-01 2.5322334694e-01 -1.9649492285e-01 9.3527749298e-02 -1.4389116337e-01 3.7873443324e-01 1.4181567504e-01 3.1803007046e-01 -5.1116343468e-01 3.6846212190e-01 -3.6844781003e-02 6.3374518046e-01
4.5706860829e-02 1.0479553731e-01 -1.0190078070e-01 4.0694025960e-01 1.6521546895e-01 2.5609807723e-01 -5.1556739133e-01 2.5797002790e-01 -8.1983015663e-02 -4.0482124501e-02 1.6339597579e-01 -2.3534464546e-01
-4.2939344987e-01 5.0844195268e-01 3.9123591563e-02 -8.8551797096e-02 4.6908732402e-01 6.0508491849e-01 6.7545771648e-01 5.8087440221e-02 -2.1806443501e-01 3.3026674258e-01 2.2997290486e-01 2.9850448118e-01
