-2.1442651241e-01 5.5165162801e-01 3.8631723162e-01 7.9063059113e-01 7.4588280432e-02 2.0974440107e-02 -2.2509916135e-01 -5.0576312485e-02 -7.6379047110e-02 -1.3505834590e-02 -2.8830993315e-02 -2.5670662409e-01
2.5327444250e-01 -3.5156296362e-01 8.8261705915e-02 2.4434028525e-01 -7.9547771552e-02 2.9916043370e-01 -9.0130137613e-05 -2.0352907609e-02 -1.0524352636e-01 -2.7705529001e-01 1.0361623115e-02 1.3777985232e-01
2.6978299308e-01 -3.0353431775e-01 -1.2232583534e-01 -6.3889177983e-01 -8.8072241070e-02 3.9901905550e-01 4.2623026065e-01 -2.6894123680e-01 4.2427727347e-01 9.7871446068e-02 5.2224220764e-01 2.8332133358e-01
2.9537818408e-01 3.8541176379e-01 1.7354751391e-01 -1.4765377233e-01 -3.1053449995e-01 -4.2313924970e-01 -4.1690915135e-02 -2.5276669794e-01 -5.9938312925e-01 2.2023044779e-01 1.3890265618e-02 -2.3188942575e-01
4.3898636224e-01 2.7408040246e-01 4.2324602571e-01 -2.8224475560e-02 -2.1396379464e-01 -3.8577122287e-01 8.2572359966e-02 1.9614930280e-01 5.1661174029e-01 1.2764253425e-02 -2.6574161746e-01 -4.0733476808e-01
-3.3094642422e-01 -4.1320950835e-01 -4.6498302594e-02 -6.4231622586e-02 -1.3021910807e-02 -4.3189858079e-01 1.6712024437e-01 4.0928920617e-01 5.6585216054e-01 -3.8414759051e-01 2.1375953793e-01 -7.9004570446e-01
-2.7848924377e-01 1.0669935278e-01 1.1296166948e-01 8.7468326281e-02 -4.3045129261e-01 -2.7808582861e-01 -1.0247861875e-01 3.2530365645e-01 -2.8874649472e-01 -3.2722721230e-01 4.2907486680e-02 -4.4160821739e-01
5.7240923306e-02 -4.2342330524e-01 -1.5020592880e-01 4.4521600394e-01 -4.8071778896e-01 2.8292525697e-01 -7.3488468832e-01 -4.1689598597e-01 -2.6596042916e-01 1.0172081047e-01 5.8413158053e-02 3.2566344763e-01
-8.3691169781e-01 3.5051498547e-01 3.7628418610e-01 3.1434851883e-01 -4.7829611751e-01 -2.0546145748e-01 -2.6888750728e-01 8.6008707607e-01 2.9426439262e-01 -2.4900920484e-01 1.0875605928e-01 2.3442016835e-01
1.8281837093e-01 -2.7870413715e-01 -1.2030566181e-01 1.9293160640e-01 2.2606856699e-01 5.1559783133e-01 1.2682135480e-01 -2.5819359188e-02 -2.7923645904e-01 2.8960344269e-01 -4.0350422829e-02 9.0549134779e-02
1.0725284304e-01 -7.4627934541e-02 3.4751181486e-01 2.2575231042e-01 -5.0084669066e-01 4.8756365870e-01 -4.4602475512e-01 -9.1988172165e-02 1.5819905408e-01 2.2920806361e-01 3.7541342577e-02 9.6015741884e-02
6.1280443244e-01 -3.9483243035e-01 7.9989142945e-02 -4.3936145704e-01 2.3547407793e-01 -2.4533664467e-01 -7.6200554374e-02 -2.9313094546e-01 2.4626228265e-02 7.6160730062e-02 3.0929899083e-01 4.6266162102e-01
