-7.3324944737e-01
2.7583883221e-01
1.0060492443e+00
3.3112057763e-01
-7.6758069673e-01
7.4038480849e-01
-8.9613167480e-01
6.5150700502e-01
1.6428525906e+00
-7.6822814661e-01
1.0755460266e+00
3.8980606780e-01
6.1950008660e-01
-6.6547800072e-01
3.2837011244e-01
-1.6817545724e+00
-1.6355331637e+00
1.1759774918e-01
1.4525013580e+00
5.0191524766e-01
-3.5711971998e-01
-1.0471245496e+00
-9.6543643788e-01
-1.1441591931e+00
1.7664287607e+00
5.4936171270e-01
-1.6612575050e-01
9.0767481591e-01
-2.8754226004e-01
-4.3419056700e-02
-9.8900662414e-01
1.3436723773e+00
