-4.6043577044e-01 -3.4380890322e-01 3.6788853888e-01 3.3082217015e-01 -3.6196861488e-01 6.2443086753e-02 -7.5675928698e-01 4.5820136784e-01 -4.0425729229e-01 6.2938479785e-02 -4.7207516625e-01 -1.7398664430e-02
-1.6132251247e-01 -2.8455120177e-01 4.3249142595e-01 3.5700993063e-02 -2.3624365262e-01 4.5550912201e-02 -7.1560390707e-01 -3.3652249754e-02 -2.1378047740e-01 8.2117875541e-02 6.0296481503e-02 -6.9491982665e-02
-1.1927123382e-01 2.8332481611e-01 -2.3776972938e-01 -3.0903174119e-01 1.1864467073e-01 9.9399634426e-02 3.8644417494e-01 -2.0836239737e-01 5.8603530953e-01 4.9101405103e-02 3.7702269249e-01 2.1288302705e-01
-5.3294174937e-01 -5.9090889132e-01 1.7474219437e-01 1.4831392052e-02 -3.7319246426e-01 -1.1452993899e-01 9.9924474051e-02 1.7145513893e-01 -2.6748631119e-01 4.1160954593e-01 -3.1359199464e-01 -1.9166291460e-01
-3.6919144094e-03 -2.5040787954e-01 4.9924266265e-01 -2.3505335914e-01 -3.5301044642e-01 1.5689267814e-01 -5.5131283577e-01 -2.4024902008e-01 -1.3023130291e-01 5.3960316030e-01 -5.9969290180e-01 -3.0881695185e-01
-2.6782399080e-01 -5.7875978902e-01 4.5757828931e-03 -1.9625478098e-02 -7.9243114144e-01 -4.6222319219e-01 6.8230831360e-02 1.4531211948e-02 -5.4263974866e-01 8.6608065415e-03 -2.2218943125e-01 -1.2585246671e-01
3.0635715340e-01 -2.6924118912e-04 4.7966212258e-02 1.9092951320e-01 -3.4052946057e-01 -2.0299382381e-01 -1.3613730907e-01 2.9948527078e-01 -9.4223626535e-03 7.0351957113e-03 -5.4783584480e-02 -7.3694612619e-02
-4.4053770470e-02 7.7619473471e-01 -1.9817153379e-01 -3.9679642127e-01 3.4773259500e-01 1.6566875250e-01 3.8397342214e-01 -2.6439718700e-01 -4.0736856692e-02 -1.8815211810e-01 4.7411838962e-02 -2.1743895063e-01
3.7289326351e-02 -7.0745540882e-02 4.5775596207e-01 5.6870397478e-01 1.3936964640e-01 -4.0274644495e-01 -5.2564102569e-01 6.3555190208e-01 1.3059524168e-01 3.1990909603e-01 -7.4785695118e-01 4.6906161725e-01
1.6274888085e-01 -4.3874243634e-02 3.0213083691e-01 5.6566953946e-01 -4.2188646590e-01 -1.9579901380e-01 -2.4448311617e-01 7.6468197138e-02 2.4553584089e-01 -6.3416566881e-02 -1.0871933419e-01 -7.4754393428e-03
-2.5215348347e-02 -3.5982457411e-01 -1.0697929143e-01 1.8825427822e-01 -5.7781160288e-02 -1.7748387773e-01 -2.7484294403e-01 -2.9538483485e-02 4.2859999079e-01 4.3349864606e-01 7.1495667331e-03 -1.8359328016e-01
-1.6775473701e-01 4.0494824308e-02 4.0829625172e-01 1.2460933271e-02 3.6701048835e-01 -6.9977726365e-01 -6.3076248594e-02 -1.5834588971e-01 2.0436955486e-01 4.8986112456e-02 -7.3198621418e-02 -7.0313143364e-02
-6.3775630219e-01 -1.7452917406e-03 4.0571022300e-01 2.6438624853e-01 -4.1313223007e-02 4.4674335105e-02 -1.3871837344e-01 -3.3116938986e-01 -1.6238217388e-01 -3.6680640523e-01 -3.6399328296e-02 -8.6160325500e-03
6.0966357640e-02 -1.6745484211e-01 3.2418731664e-01 3.8009522829e-01 -1.2763446921e-01 -2.1782590947e-01 -7.5775705573e-02 -3.8458718319e-02 2.7840490619e-01 -1.7105584226e-01 1.0876855098e-01 -1.3850398175e-01
3.1415358899e-01 3.6207548372e-01 -4.4156924321e-01 -2.0406456781e-02 2.8235420046e-02 7.5602042693e-02 2.3255212738e-03 -1.7200979879e-01 2.2237673267e-01 8.6385805120e-02 2.0227032179e-01 6.8442293806e-02
-4.5030640783e-01 -1.3696069749e-01 2.7069433282e-03 -2.9492257688e-02 -1.7991076784e-01 -1.0398366244e-01 4.2195563576e-02 -3.5509363338e-02 8.8703265850e-02 1.4981841994e-01 1.7134911838e-01 -3.0493431019e-02
