-3.0192719231e-02 -2.2739600523e-01 3.4653058021e-02 4.0688105541e-01 4.6345411435e-02 1.9299235994e-01 1.2492795910e-01 1.0150601104e-01 3.6624540915e-01 -2.0538318052e-01 -2.1494291143e-01 -4.5219526922e-01 -7.6624598207e-02 1.0348428527e-02 1.7982616999e-01 -1.1569287891e-01
2.6505011738e-01 2.1970600252e-01 -1.4574197531e-01 1.0696595075e-02 3.0220277904e-01 -8.3338971195e-02 -2.2834405045e-01 5.4978516754e-02 -2.5054104789e-01 2.1517167407e-01 3.5417446011e-01 3.9703960420e-01 3.6148914584e-01 -5.2968283506e-01 -3.0558965075e-01 4.0028508469e-02
3.2532639251e-01 -2.4342449412e-01 6.1456004859e-02 -8.6117907843e-02 -1.4404912562e-01 2.7289894331e-01 -2.5680664352e-01 1.4219199848e-02 5.8128143482e-02 2.0302713654e-03 1.6233348066e-01 -8.2222320819e-02 -1.6274103512e-01 -6.3650133841e-02 -1.2361853367e-01 -2.4397369355e-01
1.8956026508e-01 -1.2568417117e-01 1.0513717706e-02 -1.0062194486e-01 6.0947030788e-02 -7.3472692785e-02 4.8063751074e-01 -3.9244089003e-01 -1.3108000545e-02 1.5538002894e-01 -3.7225420043e-01 -7.5724918632e-02 5.7150302238e-01 -4.2328893463e-01 -1.9061286062e-01 -1.1725671407e-01
2.1379982374e-01 -5.6487149072e-01 2.7065211286e-01 -1.2146603267e-02 6.8151604874e-02 -2.1265606757e-01 -3.7869701833e-01 2.8490350856e-01 1.3065151857e-01 -1.4926197197e-02 -3.9227830690e-02 -2.4127376864e-01 -5.3983246935e-01 4.0812312016e-01 5.9016650477e-02 3.7113023186e-01
-2.9236811980e-01 -5.4161685382e-01 -5.2248225646e-01 -2.4141231508e-01 -1.8017037131e-01 -5.8266357412e-02 -5.8559984952e-01 -2.9427769587e-01 1.0558311012e-03 -3.0845094289e-02 -6.8817796715e-02 3.2094928625e-01 1.3252797598e-01 7.2803220515e-01 3.3415793443e-01 -6.3701839691e-02
3.1418737246e-01 1.8716662257e-01 3.7254266906e-02 1.3656238943e-01 1.0004170280e-01 1.6838265944e-01 1.6430385992e-01 -2.3006097396e-01 -1.9308051247e-02 -2.4208008679e-01 -7.7237920100e-02 1.3867618615e-02 -2.9048173014e-02 -3.1898314785e-01 -1.8413006137e-01 -5.3629480574e-02
-2.4940237234e-01 -4.7310309711e-01 3.8131470780e-01 -4.7233641427e-01 1.3778836892e-01 4.2667240054e-01 -3.0706817417e-01 3.4650523127e-01 2.6197666479e-01 3.3656321769e-01 2.0532389231e-01 -1.7055710493e-01 1.5604036160e-01 1.2621490110e-01 2.8615400441e-01 -7.9325710854e-03
-2.2814031487e-01 4.7775971165e-02 -9.4248495919e-01 1.1809745659e-01 -1.3088209341e-01 -2.4128887103e-01 -7.6524160206e-02 -2.7158318453e-02 7.9898955308e-02 1.7051266621e-01 3.9033665133e-01 -4.7507979087e-01 8.8484500976e-03 2.2434252586e-01 1.7489277478e-01 8.4642249085e-01
-2.7775484769e-01 4.4162319058e-01 4.0930935916e-01 -5.0870403608e-01 -2.5642120388e-01 -1.8343716223e-01 -3.8578073515e-01 2.5406486829e-02 1.0671452608e-02 3.0145302177e-01 2.1762788072e-01 -2.6565874044e-01 -9.1201348242e-02 6.8349667788e-03 -1.3975772699e-02 -7.4969221010e-02
1.9855883186e-01 2.3492860319e-03 -5.1995078229e-01 4.7486273183e-01 2.4947315473e-01 -2.5315300487e-01 -1.7718753765e-01 -3.3718498003e-01 1.4860508199e-02 -5.0888190070e-01 7.6011017648e-02 -3.0094024510e-01 1.0383270276e-01 -6.5899823735e-02 -5.0865124154e-02 -3.3441046311e-01
6.1545008424e-02 6.0832920853e-01 -3.2707889939e-01 3.1317216448e-01 1.6931958077e-01 -1.0761831498e-01 -6.2898612045e-01 -2.3190298724e-01 7.9756559328e-02 1.2836560902e-01 -1.5449198141e-01 -3.5666372277e-01 -2.0204975737e-01 -2.9198797225e-01 1.1074277870e-01 -8.0947467179e-01
-4.4299032781e-01 -2.5231004905e-02 3.5779543238e-02 5.2828165625e-02 3.5634260143e-01 4.0878924663e-01 4.3226267875e-03 -6.0127495498e-01 3.1917842419e-01 -3.1332965218e-01 -2.7456305562e-01 -2.1386851431e-01 3.5564674439e-01 -1.3184484140e-02 8.4282132097e-02 -2.7283544238e-01
-3.6557510848e-02 -3.1490275853e-01 4.9131791968e-01 2.4121552169e-01 -3.5224098476e-03 5.3044884002e-02 1.3471868216e-01 -3.0982765069e-02 4.3009431815e-01 8.3691286650e-01 2.7420692835e-01 6.9253473475e-02 -2.5953221983e-01 -3.0518339157e-01 3.0716463791e-01 -2.1738225163e-01
2.8813814481e-01 -1.6172433530e-01 -3.0442158499e-01 4.8220865868e-02 -2.7055461551e-01 1.0662891402e-01 2.6278556961e-02 3.6590610055e-01 1.0992076999e-01 -4.4995105985e-01 -6.8642232264e-02 -3.3584622497e-01 4.3963338990e-01 1.7337935362e-01 -3.4520338602e-01 3.9348974567e-02
4.1817236376e-01 5.1211189509e-01 3.3343160579e-01 -6.3340034006e-02 -1.5442654649e-01 3.5249506554e-01 1.7040703460e-01 -4.1567068724e-01 1.4112964061e-01 -2.2268656992e-01 2.4943890460e-01 1.2675283658e-01 1.7244019381e-01 -1.8432843756e-01 1.3397344214e-03 -1.4117303870e-01
