-5.8796871358e-02 -2.3543470593e-01 -2.4728398815e-01 -5.4427037805e-01 1.5677028252e-01 2.0345654881e-01 -4.9403665599e-01 -1.0683126978e-01 1.9969056516e-01 -3.3716274964e-02 1.0345074367e-01 -9.5066903435e-02 -3.1285284492e-01 -1.8836192511e-01 6.4108504162e-01 2.8286908339e-02
4.8018456953e-02 3.6758505257e-01 -5.6693407375e-03 -1.7664153063e-02 -2.7675149828e-01 1.7459298316e-01 1.3002263410e-02 1.5154144590e-01 -3.0317068329e-01 -4.8141085954e-01 1.0629675240e-01 -6.5736538178e-03 -2.2198426643e-01 7.6214666986e-02 2.0215703730e-01 3.7750217268e-01
-6.7506543195e-01 6.2917368755e-01 -5.5017423943e-01 2.1901140931e-01 -3.8072213734e-01 -6.2552699319e-01 -7.2893779631e-02 2.1554160482e-01 -8.5420500230e-02 -3.4153110446e-01 4.2370111690e-01 -7.2113185132e-02 6.9896721261e-02 4.7050832772e-02 1.6041939226e-02 -2.8200656123e-01
1.4179594092e-02 -2.2598913574e-03 -1.2221714054e-01 -6.6605318083e-01 3.9926447501e-01 2.2635490842e-01 -4.0497406252e-01 -2.6083462858e-02 3.0606585631e-01 -3.7987353890e-01 -6.6877265105e-01 -7.0326751679e-01 -1.3223726093e-01 -3.3103156651e-01 2.9456844484e-01 -1.8456274341e-01
4.6838416772e-01 -1.4762083346e-01 -3.8647117288e-01 1.8879758559e-01 3.8426679072e-01 3.9839579400e-01 1.2793882920e-01 -1.6927239217e-01 4.5294834223e-01 1.4515465672e-01 2.1243041837e-01 -1.0001097931e-02 4.7554203502e-01 -2.8730871088e-01 1.5576423970e-01 6.7600070453e-02
-3.7226347834e-02 -3.5650602230e-02 -5.2202412697e-01 1.6204843766e-01 1.7467488190e-01 1.8213873130e-01 3.3401999141e-01 6.2145712375e-01 2.2446625588e-01 3.4239150304e-01 2.9916381418e-01 -2.3623260599e-01 -3.1324246114e-01 2.1012741141e-01 -1.0682311857e-01 3.3427137554e-01
-1.3969552492e-01 -4.1874756692e-01 -1.0222911239e-01 -4.6194383222e-01 1.6481949659e-01 -4.9348842940e-02 2.4749731951e-01 3.3964593471e-01 -1.7708778030e-01 -1.3051331346e-01 -4.6499610396e-01 1.3055707173e-02 4.2224979265e-01 -2.1000947203e-02 2.3533143043e-01 -5.4516579570e-01
-4.0988027358e-01 3.6149928562e-01 -3.6430744268e-01 -1.7966495315e-01 4.1309004371e-01 -2.3783010889e-02 -3.1194248841e-02 2.7751592616e-01 -2.6504107022e-01 -1.7740074905e-01 -2.4578144997e-01 4.0497171103e-02 -4.4570294702e-01 -3.8069886532e-01 -2.2906245119e-01 -2.5107242012e-01
2.3594944556e-01 1.4902179306e-01 -5.9532098822e-02 1.7313087559e-01 -5.9101367825e-02 5.8573365798e-01 5.0534577906e-02 2.0314813287e-02 1.2514248996e-01 3.3366448695e-01 -2.8596379638e-01 6.6673208780e-02 1.8018136278e-01 -1.7590980392e-01 2.4216892206e-01 -3.1496125125e-02
-2.4465966569e-01 2.5888586214e-01 -3.9041648863e-01 -3.3178301261e-02 5.0110392810e-01 5.1736060827e-03 -1.8774922333e-01 3.6746380654e-01 2.1676084118e-01 8.2044875863e-02 -8.8704836346e-01 -3.7409260756e-01 -3.9514423561e-02 -4.6238197151e-01 5.6420368561e-01 -4.8691601084e-01
-1.9791933617e-01 -3.2574170275e-01 -3.2006579812e-01 1.4255347440e-01 2.9152741834e-01 2.3277040225e-04 -1.3660693579e-01 -2.6317531179e-01 2.6432731212e-01 1.1494092854e-01 -2.6339515132e-01 1.1311900906e-01 9.6217483963e-02 -5.3660122325e-01 3.1840242271e-01 -2.4581871171e-01
-2.0845487653e-01 1.9426089992e-01 -2.8745242070e-01 1.8625010887e-01 -1.7599922957e-01 2.5737554588e-01 5.0906026759e-02 2.4186546869e-01 -2.6919899241e-01 4.1804840956e-01 -2.6831651290e-01 1.2447733028e-01 -3.1027111288e-01 2.8469592314e-02 -4.4012066418e-02 -2.6975087777e-01
-3.2620788757e-01 -2.8080533534e-01 3.9581798007e-01 -5.1073592795e-02 2.6400100447e-01 2.2910874464e-01 -2.9226692108e-01 -1.2829553940e-02 3.3111970565e-01 1.2767222537e-01 1.0826998304e-01 3.2132694545e-01 -2.0962854779e-01 -1.2548649078e-01 9.3872299069e-02 5.0132175157e-02
2.2069569289e-01 -1.0986948448e-01 1.7348953169e-01 -2.6744517083e-01 6.2647549589e-02 2.1645947221e-02 -4.3687420225e-01 -3.1511718184e-02 -4.5157697470e-02 1.4016567119e-01 -4.4710743702e-01 7.7497670496e-02 2.2563628300e-01 2.6403815729e-01 2.7580575595e-01 -1.6723933529e-01
-1.8696993876e-02 1.8773117200e-01 1.0644166419e-01 -1.2965950173e-01 8.2128570075e-02 -3.5990837209e-01 5.8360812959e-02 -1.2739887061e-01 -3.2525224507e-01 6.5503650817e-02 6.0921947628e-01 3.6938932297e-01 2.4397887902e-01 -3.2553113739e-02 -9.0275788216e-02 6.5067873616e-01
-1.3756600108e-01 3.7687000377e-01 7.6812215417e-02 -5.3341127797e-01 3.4230845298e-01 3.3605172259e-01 -3.3398496252e-02 1.9232591311e-01 4.7610542958e-01 1.7465506006e-01 5.1282830521e-02 -4.3854951985e-01 -1.0913487949e-02 -4.4874251100e-01 -7.3772634141e-02 2.9393107431e-02
