2.6996891324e-01 1.4024566152e-01 3.2498256634e-01 -3.2124015112e-01 1.4248516756e-01 1.9516898661e-02 2.2731057875e-01 -4.4053649200e-02
1.0963534504e-01 -5.2395276838e-02 -2.7618345535e-01 9.3182691596e-02 -3.0951994952e-01 -4.5724154304e-01 1.2719140978e-01 -5.7594396422e-01
2.3344054128e-01 9.8772531289e-02 3.4624589549e-01 1.2631190939e-01 -4.1042918266e-02 5.6116839552e-02 2.6584321669e-01 1.9888189165e-01
-5.0576340372e-02 -3.3238356792e-01 9.6698229785e-02 -2.5477431220e-01 -1.1438464410e-01 -3.4089267397e-01 3.2716118628e-01 1.5251073802e-01
5.0524321122e-01 -8.0438984011e-02 -8.0211337641e-01 2.8733030767e-02 1.3814508653e-01 1.3759129698e-01 2.8326411026e-01 2.6025422595e-01
5.2268718161e-01 -1.3634064211e-02 -1.8063076345e-01 1.3397714155e-01 2.8301725494e-01 3.7637139102e-02 -3.7971398634e-01 4.9991922981e-02
2.5555571632e-02 9.8253391212e-02 -5.3735979218e-02 1.3128107654e-01 -8.1512099601e-03 1.7172806632e-01 2.4581212736e-01 -1.1634253853e-02
-5.1241790661e-01 4.2093967981e-01 3.4773223575e-01 5.2713840890e-01 -5.7390725525e-02 1.1553186236e-01 3.1374437579e-01 1.4727013484e-01
-6.4626434879e-02 -4.5734613582e-01 4.0447815294e-01 -1.4412826504e-01 -6.7870128595e-01 -3.0141280082e-01 3.3106018653e-01 5.0734438211e-01
1.4441458043e-01 1.5565016963e-01 8.2959476042e-02 2.1589218323e-01 3.1370321735e-01 -1.0827777203e-02 8.6494478941e-02 -1.0458371682e-01
-6.1582180395e-02 -3.7504286566e-01 -1.1365615350e-03 7.0838857006e-02 1.8479084989e-01 2.6002403545e-01 2.0608383439e-01 -1.3768331843e-01
-1.0148092319e-01 5.7750516218e-01 -3.4623110011e-02 -2.6908712139e-01 6.5259709322e-02 -2.1840584512e-01 -3.9770786965e-01 -1.4685279252e-01
