-4.8770473807e-01
1.3726462118e-01
-5.4302120919e-03
4.5504126706e-01
-8.5859909928e-01
6.5974896482e-01
-2.2541000897e+00
1.2229868257e+00
2.2074228634e-01
-1.1354006294e+00
1.1425775506e+00
2.4725119044e-01
6.6594045486e-01
3.8180956428e-01
-2.3372498204e-01
2.2350152589e-01
6.2631283149e-01
-1.0920779659e-01
6.4185748784e-01
-2.4705765799e-01
1.1512450566e+00
-1.1549819532e+00
-1.2086340802e+00
1.4198870537e+00
1.4286680391e+00
3.5549988158e-01
-3.0060408535e-01
-9.7860518032e-01
-1.2321503867e+00
1.8632447687e-01
3.6261990243e-02
1.8275562066e+00
-2.7763509610e-01
2.5297731051e+00
-1.1744960953e+00
-6.6067771180e-01
-9.6423508550e-01
-1.1352611969e+00
1.3308138545e+00
-1.0050398755e-01
1.5381846537e+00
6.5300717758e-02
9.1593627827e-01
-3.8961410965e-01
-1.7905416328e+00
-5.0592701855e-03
7.8795879298e-02
1.8084355579e+00
-1.0397383099e+00
-4.0332394972e-02
-1.0351750284e+00
2.3737345685e-01
5.1098037345e-01
1.6823009543e+00
1.8434371081e-01
1.1713570857e-01
-2.9233000629e-01
-9.3891640006e-01
4.0861144505e-01
-9.1635616669e-01
-2.5924707443e-01
-1.9811387179e+00
-3.5493213879e-01
1.0871108981e-01
-1.5574520328e+00
-9.0410075115e-02
-1.7095325926e+00
-7.5643393832e-01
-1.4234976201e+00
-3.6048972411e-01
1.9455282482e-01
7.9023275434e-02
-6.3573794721e-01
-1.7526521986e+00
-8.7275631699e-01
-5.7138259348e-01
-3.6456915997e-01
4.5007066136e-01
7.2408242908e-01
6.1137863745e-01
-2.0300599464e-01
-8.9613765782e-01
-4.7657269772e-01
-6.9738219378e-01
6.6471656567e-01
7.8119416337e-02
6.6553791719e-02
6.0074864853e-02
2.0103361959e+00
-3.5357582232e-01
1.5034943806e-01
2.4953439464e-01
-4.0903779926e-01
-1.1457457668e+00
-3.9363578946e-01
1.3993070563e+00
1.5651879129e+00
7.3188688285e-01
-1.1034023969e+00
-1.0251368057e+00
-8.4390665167e-01
1.6863839253e+00
-3.5667505804e-01
4.6869085231e-01
-9.2087657385e-01
-2.0076067646e+00
-4.1121408027e-01
1.3311867268e+00
9.4501933575e-01
7.1289640943e-01
1.2050936108e-01
-1.2290476599e+00
-1.2274520400e+00
-2.1461768884e-01
-2.3198010527e-01
2.3500037998e+00
-2.3630595182e-01
-3.7312717001e-03
-3.7391555540e-02
-4.4995672515e-01
-2.0098540166e-01
1.7125855524e-01
-2.2202801990e+00
-2.7391809357e-01
3.5851558785e-01
2.0700078260e+00
1.9131804170e-03
-2.1420347064e-01
8.9273157593e-01
-3.9152297239e-01
-9.3162783850e-02
4.2011295204e-01
4.1651957984e-02
-1.0182024678e+00
-1.7886953558e+00
-6.7151255131e-01
3.0315460844e-01
3.3671947589e-01
-1.5680389180e+00
5.9531536777e-01
-8.8351668680e-01
1.0362969758e+00
2.0331197061e-01
-1.0955203426e+00
-7.0051064285e-01
8.9287104562e-01
6.3058015150e-01
-7.7903531467e-01
1.3809786457e+00
-5.5243038385e-01
4.3517771130e-01
-7.8797677236e-01
1.2854755812e+00
-2.1152573139e+00
-2.1365040975e+00
-1.2282254032e+00
-9.9197990976e-01
-1.5427749835e-02
1.1636160013e-01
-1.4394386105e-03
-4.2196869691e-01
4.1580667372e-01
1.4130244334e+00
-1.1741748471e+00
-4.9968264703e-01
-7.2110861937e-04
-1.5582600871e+00
1.5244790637e-01
8.3289571429e-01
6.4118157126e-01
3.2102593937e-01
8.3751068591e-01
2.6468426003e-01
-5.7877584977e-02
-1.0556982000e+00
-8.2894514861e-01
5.9786363757e-02
-1.3832360238e+00
-3.6678803599e-01
-6.9622028801e-01
1.5292088468e-01
-9.1511103026e-01
1.3464974793e+00
1.5347229843e+00
1.6292720508e+00
-2.8453563657e-01
8.4205736408e-01
-3.0950115255e-01
3.4460758582e-01
9.1531893864e-01
1.8204866373e+00
1.1042975963e+00
-6.2996925515e-01
-6.6343267395e-02
6.7094952383e-01
7.6001605730e-02
-1.7150712206e+00
4.7507998137e-01
-3.7684372851e-01
-6.5803860081e-01
