1.1355694673e-02 -2.5599151483e-01 8.2948546426e-02 3.7049620312e-01 1.2082595504e-01 4.7264771010e-02 -4.7626909696e-02 -3.6071201520e-01 5.7698810999e-02 2.0614819705e-01 -1.4103159170e-01 2.8192472955e-03 1.5233262007e-01 -2.9069090105e-02 -5.2475076593e-02 3.9165019756e-01
-1.4959836177e-01 -8.7932011177e-03 -3.2915391086e-01 9.2630920808e-02 5.9720043798e-01 2.4866755556e-01 2.9869255197e-01 3.5179369971e-01 -1.7599377926e-01 -1.1018425639e-01 -1.8975231747e-01 2.3925586719e-01 -2.6802803275e-01 -2.3285498826e-01 2.7002461570e-01 6.5692481349e-02
-4.8204999877e-02 -2.7695164228e-01 2.2041379496e-01 2.0523633150e-01 1.7348435252e-01 5.4689121897e-01 2.4340672957e-01 4.5967637167e-01 2.9542024732e-01 2.7619408015e-02 -1.1002655295e-01 -4.5320925780e-01 -3.8105367165e-02 -9.0530563001e-02 -1.6682162013e-03 4.2969661933e-01
4.2862718587e-01 -2.1523536255e-01 7.5561486178e-02 -2.2805678302e-01 -1.2501875289e-01 3.9954759720e-01 1.1835627115e-01 3.7443341330e-01 6.0020518377e-02 7.6936087739e-02 2.5534924053e-02 4.0821083352e-01 -9.3271186128e-02 2.5018546241e-01 -3.7143891101e-01 -1.4930473494e-01
-7.1529551038e-02 4.1279475877e-01 6.1041338361e-01 -9.3139318035e-02 -3.5887148783e-01 2.3330810353e-01 5.2811526781e-01 1.6857995705e-01 4.0788075484e-01 1.4379781940e-01 3.9172312389e-01 -7.4825275957e-02 1.9659972871e-01 -3.8140253808e-01 -1.7826660517e-02 3.2513595543e-01
-2.2719100656e-01 8.1926687952e-03 -2.5222496008e-01 2.6118515126e-01 4.2783996539e-01 1.5672220258e-01 1.0561021140e-01 1.5219228520e-01 3.3245021058e-01 -2.3636284096e-01 2.2993836658e-01 -1.1053695156e-02 -2.2704187673e-01 -6.1136129116e-02 7.2169241059e-02 2.1698907549e-01
9.0198866869e-02 -3.7792652221e-01 -6.6690433453e-02 -6.4824671390e-02 1.3195380651e-01 -3.8054115251e-01 6.6312767854e-01 1.5891448668e-01 -5.6619846139e-03 -3.0706625703e-01 -1.3361390360e-01 -3.5334698457e-01 2.7645476034e-01 4.9217350305e-02 -1.1947702404e-01 2.2364053176e-01
-8.6575655126e-03 -2.3215544596e-01 -5.2832918304e-01 2.2585572711e-01 -2.4566495110e-01 4.8842290729e-01 4.7579902755e-01 -3.9028738691e-02 -2.2792998351e-01 -1.6809345050e-01 -1.1345714649e-01 -3.4215283240e-01 4.6066000026e-01 4.6055765530e-01 -1.0692285536e-01 -5.6972820442e-02
9.0817207857e-02 1.4910366605e-01 1.8242158355e-01 -1.5842768321e-01 -1.8555533550e-01 -2.0385912804e-01 -1.3217315549e-01 -5.5033358595e-01 3.9292508748e-01 4.1140197704e-01 -7.8044190632e-02 -3.6229499115e-02 -3.7201736242e-01 -3.6794389468e-01 -4.3676647545e-01 -2.0492315862e-01
3.1013215422e-01 5.2013342055e-01 4.0775179232e-01 -3.7547889857e-01 -2.6013324075e-02 -6.2709208136e-01 5.5564675289e-02 1.3218687487e-01 1.6238382355e-01 -2.7900269937e-02 -3.9679089460e-01 2.0449920862e-01 3.2994164036e-01 2.0855024574e-01 -2.3696434067e-01 4.7356287896e-02
-9.1313287394e-02 4.3976112468e-01 2.8853331762e-01 -6.7400130857e-02 2.1503735545e-01 2.3428450719e-03 -3.9737486150e-02 -1.8659253706e-01 -2.1354785087e-01 -3.0259139943e-02 2.8673846689e-01 1.0014183609e-01 -6.4076039854e-02 -1.3768030095e-01 5.4458183907e-01 3.9688419046e-01
-6.6839156871e-01 -5.5393661783e-02 3.2442426217e-02 1.0755865884e-01 1.2992058491e-01 1.6195488702e-01 1.3469533749e-01 1.4206082445e-01 -3.1420193016e-01 -6.7723790543e-02 -3.8887017449e-01 4.8068799795e-02 1.0376414044e-01 3.6044675834e-02 -3.2807128403e-01 -1.9856374389e-03
-1.0049000202e-01 -1.8524444615e-01 -8.3487115624e-02 5.0511916892e-02 5.7868005664e-01 -1.9130257717e-01 -2.0176066295e-01 -6.1774651200e-02 1.4814131329e-02 -2.8333172667e-01 -7.7457849547e-02 -2.1040321599e-01 3.6605862763e-01 3.0118904296e-01 2.8664612500e-01 2.0123835687e-01
1.0465263617e-02 -8.3547763571e-02 2.5089312080e-01 1.5997571184e-01 3.1133405259e-01 2.8338968894e-02 4.8531090261e-01 8.5859554305e-02 -3.9775685226e-02 2.3811405315e-01 -1.4100970391e-01 -1.5300325032e-01 3.5830395612e-02 3.1534551134e-01 4.4030608115e-02 4.6871401773e-01
-2.6933885441e-01 4.8324691201e-01 3.2971379238e-01 -7.7765102702e-02 3.1558407783e-01 -3.8850034971e-01 1.0956617598e-01 1.1067840583e-01 9.0371359028e-02 -4.6326287683e-01 3.5596102915e-01 2.6379321433e-01 -1.3988162327e-01 -2.9558653252e-01 -5.8454119977e-02 1.2312382675e-01
2.1790552548e-01 3.4117622596e-01 3.3908052082e-01 1.8551000180e-01 -1.8193987593e-01 -1.0573490682e-01 -2.5417180641e-01 -1.8865841238e-01 -9.7834366671e-02 -1.9506285853e-01 1.7774297495e-01 2.3309632251e-01 -2.9488721468e-01 -3.9342304026e-01 -3.0657198858e-01 3.5130101150e-01
