4.6397022911e-01
-1.9882394420e-02
-1.4446068296e+00
5.4033118464e-01
5.2841453286e-02
-1.5327716908e+00
-2.1817271663e-01
-2.7470017137e+00
-1.7766861203e+00
4.5046256365e-01
-2.0261033080e+00
-2.1918254643e+00
1.5053108180e-01
-2.8437676577e-01
1.5576293301e+00
6.4863754733e-01
5.0419153298e-01
-1.8711319340e-01
-6.8729891864e-01
1.1638099164e+00
-5.8597065284e-04
3.1434903559e-01
1.1086280143e+00
1.0426706184e+00
6.6217819143e-01
-5.1827778525e-01
2.3469105171e-01
1.3027780362e+00
-4.7597552022e-01
-7.8839864298e-01
1.0799184882e+00
2.0810535886e+00
