1.2364523550e+00
-1.0337494916e+00
-9.0993705303e-01
2.3022194994e-02
-3.1458151252e-01
-1.4540462164e+00
-9.9312237934e-01
1.5574505102e+00
7.9301005507e-02
2.4178992662e-01
1.2756691755e+00
-9.0222042354e-01
1.4610256334e+00
1.8097972934e+00
3.0113973817e-01
-1.1619632976e+00
-2.8042562000e-01
1.0054176535e+00
-1.3165971112e+00
7.8087326720e-01
-3.9989650536e-01
-2.4689596513e-01
-4.5543880878e-01
-5.3192340828e-01
-5.9507311326e-01
1.5846686192e+00
-6.6316113050e-01
3.4864218233e-02
-4.6255206746e-01
-1.0291181890e+00
5.0541823379e-01
4.0957622190e-01
