-5.8615907188e-01
7.6519561215e-01
8.8006666536e-01
-1.7606156523e+00
-5.9568433876e-01
-1.7036676385e+00
-9.9168370253e-01
-9.5073486525e-01
2.5864171125e-01
5.4881055129e-01
3.2464995117e-02
1.0357302819e+00
-1.7323817372e+00
-2.2607213121e-01
5.8558892684e-01
-7.7069945909e-01
-1.3152662376e+00
1.1907959988e+00
3.8557365858e-01
-1.1758437033e+00
-7.7635472383e-01
-7.6225406312e-01
7.8706662486e-01
-1.7492812107e-01
-1.1250601969e+00
-1.9212098416e+00
1.3202665982e+00
1.1763103113e-03
-6.5305493893e-01
1.0505321975e+00
