-7.9380384028e-02 -2.5602217118e-01 -7.0165194631e-02 3.4794759004e-01 -1.6634649534e-01 -4.6772234110e-01 2.9444290531e-01 -1.0372573857e-01 3.8910084531e-02 3.5720887457e-01 2.1949557856e-01 -4.5934266708e-02 6.5110428995e-01 5.0767630424e-01 -2.0970260510e-01 1.0176825976e+00 4.1608343321e-01 4.3025552651e-01 -3.5236638179e-01 -6.2456210167e-03
-7.6984404204e-01 -1.4280128689e+00 -3.8741116058e-01 2.8137194620e-01 2.1299460572e-01 -1.5318491655e-01 1.6166052820e+00 3.6386334734e-01 -5.2261755960e-01 7.9235082368e-02 1.2504610006e-01 4.2471308108e-01 3.9939408495e-01 3.2401486369e-01 9.7349292562e-01 -1.1961419088e-01 8.5439845892e-01 -2.2426086512e-01 -2.0361393271e+00 4.2339015912e-01
3.7853730782e-01 -6.3214409073e+00 2.0303435416e-01 -1.8071455510e-01 -2.1338976076e-01 5.0754051325e-01 5.0523080275e+00 -6.5260652939e-02 3.6275527664e+00 4.4580002373e+00 -4.1916286300e-01 -2.6345614903e-01 2.4233469740e+00 1.8519787985e-01 3.4881287802e+00 -2.0979778449e+00 5.0164555054e+00 3.9668528049e+00 -2.6915029217e+00 -2.2892561882e-01
-3.2642851362e-01 -1.6973611784e+00 -4.1185897135e-01 2.7102668623e-01 3.1180534543e-01 -1.4872886622e-01 1.2191968478e+00 1.8953992561e-01 1.0937973080e+00 7.7707883153e-01 2.6887573064e-01 2.6377733123e-01 -8.1193642251e-01 -1.7532736298e-01 1.8653387321e+00 -1.3560541136e+00 3.8743741683e-01 1.0381040880e+00 -2.4664404270e-01 3.7655227650e-01
-2.1729092309e-02 9.0477176657e-01 3.8624934806e-01 -1.1964461527e-01 1.7335972528e-01 2.3188029053e-01 -1.3494533017e+00 8.5265694655e-02 1.3809010283e+00 -1.0697063305e-01 -3.0278507682e-02 1.7023553722e-01 -2.3717739763e+00 -7.3720737597e-02 5.3396247384e-01 -1.3558085337e+00 -1.9642617087e+00 6.9983900070e-01 3.1044618876e+00 -4.3536092566e-01
7.9867938465e-03 -6.2668836391e-01 -3.6509026958e-01 4.1051733104e-01 4.3784964042e-01 -4.8307350427e-01 2.0605703376e-01 6.8642068935e-01 5.5870581337e-01 2.7024447166e-01 6.1165431956e-01 5.3655307063e-01 -5.9053018900e-01 8.6287950639e-01 7.7608994850e-01 -3.9459496976e-01 -1.2484026235e-01 2.8246000455e-01 -8.2466524704e-02 8.6698072566e-01
4.5981922504e-02 2.9813356343e-01 -3.9623650597e-02 -3.0266143283e-01 -2.2138580800e-01 3.5910797994e-01 -4.4015167750e-01 -2.5140676041e-01 8.5951859940e-02 5.3920682719e-02 -5.1169606715e-01 -1.8679451323e-01 -5.2922373676e-01 8.6503948118e-03 7.7520633922e-02 -1.8608855051e-03 2.1410903282e-01 4.1773637974e-02 3.2721584649e-01 -3.3941104196e-01
-2.0469968462e-01 1.4645193269e+00 -1.3170366735e-01 -1.8367189710e-01 -2.9052854712e-01 -1.0660516032e-01 -1.6048055412e+00 2.4204860418e-02 4.8342850613e-02 -4.0151791267e-01 -6.8836742307e-02 6.0171882423e-02 -3.7671932053e-01 3.3841131725e-01 -6.3984623752e-01 1.6169120807e-01 -6.8355724843e-01 -1.9850272652e-01 1.5569115904e+00 -5.6044166422e-02
6.2095614094e-01 1.4551226746e-01 2.1759140944e-01 -4.1729646936e-01 -3.7618022371e-01 4.2244677193e-01 -5.9032667286e-02 -4.0694893116e-01 -5.0937464021e-02 4.3338291530e-01 -4.4861215715e-01 -3.1862408595e-01 4.4927796725e-02 -3.0198578082e-01 -2.2323337020e-01 1.6606790175e-01 1.2803616587e-01 3.0040709567e-01 5.7323969969e-01 -1.9638844284e-01
-3.4665254476e-01 -5.0878787059e-02 5.6312139231e-04 3.8157966977e-01 3.8092986383e-01 -6.8418370779e-01 2.3867688268e-01 6.2358583545e-01 -1.9570627380e-01 -2.6176440837e-02 6.7496160470e-02 3.1012960556e-01 -4.1825157342e-01 2.5677417033e-01 2.9127526815e-01 -1.4417618330e-01 -5.9975240148e-01 -1.4972949023e-01 -1.7896759802e-01 3.4237894655e-01
-5.5074701846e-01 -3.5122831630e-01 -2.3479130147e-01 3.5960714233e-01 3.5967844790e-01 -6.1799770401e-01 5.0445570017e-01 6.4100632716e-01 -3.6109452867e-01 -2.1341335504e-01 2.4343208018e-01 6.1038453064e-01 -1.9792832736e-01 3.4782254857e-01 2.4971369003e-01 -3.0086467838e-01 -1.5608364602e-02 -8.6146955696e-02 -4.0649453176e-01 5.4225448809e-02
-1.1930352501e-01 -6.3665673761e-02 2.7001244961e-01 -3.3840631535e-01 -2.1116439391e-01 3.5141015221e-01 -3.8892340407e-01 -2.0550180097e-01 9.8029099756e-01 5.2021249220e-01 -1.8844315603e-01 -3.2367003936e-01 -7.6367513600e-01 -4.8377838814e-01 6.1239155190e-01 -6.0677489152e-01 4.1529988135e-01 4.1189977257e-01 6.0207854550e-01 -1.6369414590e-01
-1.3623881198e+00 5.6598865484e-01 -3.1119199943e-01 8.3683462129e-01 6.9198755144e-01 -5.5292729786e-01 -5.3075846537e-01 3.7167949878e-01 -6.3605294831e-01 -1.5604970143e+00 1.0238944060e+00 5.9423707816e-01 -3.5239848217e+00 3.3934425017e-01 6.5320372780e-01 -1.7822885734e+00 -3.9856667430e+00 -7.5972976752e-01 1.9928152365e+00 7.1804767972e-01
-6.2531877897e-01 -1.1362132057e+00 -4.0148999398e-01 3.2509763690e-01 5.4851519204e-01 -3.0298331582e-01 2.4060121907e+00 6.6354430299e-01 -9.5664143587e-01 -7.6517769188e-01 3.0135076593e-01 4.2309311924e-01 6.1084718846e-01 4.3192553993e-01 2.8224669265e-01 4.8767494611e-01 4.0468863835e-01 -6.4381943610e-01 -2.3276616412e+00 1.5422844025e-01
-2.4499009592e-01 -4.3562129384e-01 -5.6547539739e-01 4.6507659234e-01 2.2354375442e-01 -9.1061461446e-01 4.8099066143e-01 4.4799688207e-01 -3.3593029241e-01 -2.3464711431e-01 3.9485389717e-01 6.2022308136e-01 -1.5410828290e-01 5.9994874843e-01 1.3096371239e-01 -2.4056782455e-01 -9.6094842563e-02 1.4462263766e-01 -2.9710915527e-01 2.9594712709e-01
-2.3381796942e-01 1.4641045187e-01 2.8596436541e-01 3.6281964970e-01 -2.5656781879e-01 7.8553876591e-02 3.1058579511e-01 -2.1787158037e-01 -1.2496011428e+00 -3.6596764591e-01 -7.7175600144e-03 -3.1124310534e-02 6.2622988142e-01 -2.2353358144e-01 -2.8747118755e-01 3.0084072120e-01 -9.2866204216e-03 -8.4504897548e-01 -1.1236601251e+00 -1.9707474523e-01
4.5306341411e-01 -3.9012639439e-01 6.7941879694e-01 -6.3072946226e-01 -3.5615262905e-01 5.1709687013e-01 4.1537075589e-01 -5.2628411496e-01 8.5583488631e-01 1.3503228811e+00 -3.3020269296e-01 -3.9253535163e-01 2.4154002837e+00 -3.2961944379e-01 -1.3103623231e-01 9.0355255116e-01 2.9421738472e+00 1.0650160057e+00 -2.0830371148e-01 -4.2336724024e-01
2.6702574192e-01 -7.4183280894e-01 2.3194289571e-01 -1.2432207938e-01 -4.4803879964e-01 2.2995997331e-01 -1.2406575272e-01 -4.8235817726e-01 2.0587436988e+00 1.3948153680e+00 -2.7618095014e-01 -2.6768870522e-01 -6.1809043381e-01 -2.7833632342e-01 6.9351720561e-01 -1.2821931803e+00 1.1512462327e+00 1.6057397413e+00 9.1256432501e-01 -4.2349250705e-01
-5.9687332590e-01 -3.0690439684e-01 1.4565159637e-01 4.1483227811e-01 4.2509636142e-01 -3.0188387665e-01 9.0104513278e-04 9.2921178702e-01 -5.5006141443e-01 -3.9149460030e-02 1.0441602870e-01 4.1603939526e-01 -1.0652823767e-01 -7.2783597738e-02 2.2230051001e-01 2.6503282404e-02 -3.8169673606e-01 -9.3681241843e-02 1.0169031504e-01 2.7901415586e-01
4.4316546771e-01 2.0824576409e-01 3.8810231900e-01 -2.9115957109e-01 -3.5633408801e-01 2.4004434112e-01 1.3091558550e-01 -4.7304496504e-01 -6.6561720095e-03 1.0060455533e-01 -3.8319652397e-01 -4.2924267716e-01 5.5629058197e-01 -7.4542281911e-02 -4.2556611847e-01 -2.6706399458e-02 2.3746451979e-01 2.4031390891e-01 -1.3914147506e-01 -1.0194522315e-01
6.1625474877e-01 3.8609542631e+00 6.4364882482e-01 -5.2233756348e-01 -5.2465607565e-01 6.1661654855e-01 -2.9792435304e+00 -3.7727444520e-01 -6.8285644179e+00 -7.0614776752e+00 -3.3641402958e-01 -6.1914043028e-01 -3.6813497756e-01 -7.1354031715e-01 -3.2297573747e+00 2.8691329303e+00 -3.9876564110e+00 -7.5275743162e+00 4.4923116678e-01 -5.2392198128e-01
5.2979836413e-01 1.3184352130e+00 3.0015774443e-01 -3.8593800043e-01 -6.2416085805e-01 4.3165709644e-01 -1.3720638316e+00 -4.7941442802e-01 -5.0838143556e-01 -6.6463904746e-01 -2.8848079615e-01 1.1015854337e-01 5.1469223813e-01 -3.5004558271e-01 -7.1964709047e-01 1.2693693899e+00 -6.1567158346e-01 -7.5833584879e-01 1.3558022716e-01 5.2771594785e-02
1.2898359885e-01 1.2777023610e+00 1.4817041834e-01 -2.4292784560e-01 9.9079285952e-02 1.9262637954e-01 -7.4327843874e-01 -2.7888875651e-01 -4.1040203705e-01 -1.8813741402e-01 -3.2019437098e-01 -8.6810286230e-02 1.0059681270e+00 -4.6222207366e-01 -1.0293072722e+00 1.2154948187e+00 2.9203097995e-01 -2.6964155807e-01 -1.0097894275e-01 -5.2009337447e-01
-1.8038228985e-01 -5.4634051604e-01 -1.4348440880e-01 4.7436772000e-02 1.5715404547e-01 9.6183784412e-02 1.2759064208e+00 4.5156590060e-02 -1.8715618611e+00 -5.7413330167e-01 4.2006139094e-01 1.6440381003e-01 1.4668427531e+00 8.6505118119e-03 -8.5762286488e-01 1.3056229789e+00 1.0900587831e+00 -1.1211487500e+00 -1.8854717831e+00 3.0197566761e-01
-1.9518310150e-01 -4.1805038732e-01 -4.1120000584e-01 5.1568222274e-02 2.7215071622e-01 2.6670673026e-01 7.1827134750e-01 2.7326079472e-01 -1.1973930547e+00 -9.0820643270e-01 -1.3791776878e-01 1.6558555749e-01 3.9939627940e-01 7.2572407984e-02 -2.9822510212e-01 1.2394436901e+00 -1.4563312663e-01 -7.7471218765e-01 -9.2435504825e-01 2.8610569994e-01
6.8953521519e-01 2.6963862840e-01 2.4182521829e-01 -2.1808422641e-01 -3.9753908724e-01 2.9283014213e-01 -5.9447798189e-01 -5.8635991828e-01 1.4711005584e+00 8.1571622485e-01 -3.0199582523e-01 -2.9554481934e-01 -1.1382618227e+00 -2.5950317805e-01 7.0611129111e-01 -1.3371931519e+00 6.2973615702e-02 1.1815191933e+00 1.9295766989e+00 -3.6103589065e-01
1.0496702545e-01 -1.6136267373e-01 -1.9470209319e-02 3.7797254517e-02 -3.1075714475e-01 -7.2071432935e-02 1.1109278716e-01 -1.0672666214e-01 5.3149426860e-01 4.1550856022e-01 -1.5176594438e-01 1.2699895746e-01 5.0876677969e-01 1.2132442691e-01 -1.7831999943e-01 -6.2634253402e-02 1.2799946699e-01 5.8766705780e-01 -2.4164514266e-01 -1.2947393856e-01
-7.9299846426e-02 8.9608638682e-01 1.5691698229e-02 -2.6414258991e-03 -4.7181835842e-01 2.8547138766e-02 -6.2386254842e-01 -1.9900272863e-01 -3.2465648890e-01 -7.6742557793e-01 -2.8204437719e-01 -3.8256399664e-02 2.2978401280e-01 3.9559660149e-01 -1.0979437191e+00 8.5362815668e-01 -3.0695403178e-01 -9.3533314038e-01 1.8538504663e-01 -1.3084504940e-01
2.4186731043e-01 3.6702625522e+00 3.1727863475e-01 2.3326745759e-01 -5.3033688841e-03 -1.9957395546e-01 -2.6101929120e+00 -2.6033090747e-01 -3.4207096544e+00 -3.4553969221e+00 1.2510284686e-01 -9.1684066965e-02 1.1948872282e+00 -3.8758194750e-02 -3.8001497307e+00 3.5231274066e+00 -1.2644329570e+00 -3.6531364915e+00 -5.6539093923e-01 -2.1700121660e-01
-3.4683829390e-01 3.2911392822e-01 -5.1700513319e-01 3.3446058588e-01 2.9268049768e-01 -8.6509710267e-02 -4.8888873810e-01 5.2177464966e-01 -4.0281246621e-01 -1.0147034372e+00 -1.2060509767e-01 1.5642955566e-01 -2.8313102559e+00 6.0975373084e-01 3.1630572257e-01 -1.3632108885e+00 -3.6826667430e+00 -3.7289222117e-01 9.5709274989e-01 4.0283022877e-01
