-1.1564870595e+00
9.8261387842e-01
1.3631139568e+00
3.0663023573e-01
-3.0350124498e-01
-1.0885836491e+00
5.1180734512e-01
-9.5381657698e-01
-9.0596978170e-01
3.2791255944e-01
-1.1964492127e+00
-1.0086876232e-02
7.0097068363e-01
-1.5894207689e+00
-1.6044106746e+00
-1.0187746744e-01
8.2213322235e-02
-4.9061556435e-01
-5.7197687252e-02
9.0438533235e-01
-1.4668738881e+00
-8.0259217270e-01
-8.4558465631e-01
-1.2810922299e+00
-5.6235187645e-01
1.3023686159e+00
-6.4860944251e-01
-3.2775725211e-01
-1.1317906990e+00
-5.2016883545e-01
1.7090799638e-01
-1.6400972506e-01
-5.4688233229e-01
-7.8192794444e-01
1.2256561799e+00
