-8.0757203003e-01
9.7807596090e-01
-4.9104595069e-01
-2.6185573730e-01
9.8949676768e-02
1.6625921105e+00
-1.1808783844e+00
-1.5863916934e+00
7.4739983252e-01
3.3429676501e-01
7.2419611252e-01
-3.8674669563e-01
4.6499968218e-01
-2.1390914159e+00
-1.9705250699e-02
-4.9920311910e-01
-5.7587176556e-01
-3.7617975860e-01
-1.7563932216e-01
6.0455599177e-01
1.3116665383e+00
-6.2027179829e-01
5.3132630256e-01
1.9824841604e+00
-9.3125476297e-01
1.1663451943e+00
3.8711811745e-02
-8.6468147865e-01
4.8137413015e-01
-1.2943176149e-02
-2.1717818942e-01
-1.2427154525e-01
-1.3921942994e+00
-3.1085973956e-02
3.6859804466e-01
-1.1076635994e+00
-1.6766236723e-01
1.9016827991e-01
1.4988906687e+00
2.2429630323e-03
-2.7529317512e-01
2.2615431630e+00
2.6378931718e+00
2.1296368028e+00
-5.8314984773e-01
-3.3979638753e-01
2.1335302274e+00
-8.4422288202e-01
1.3981744215e-01
4.3052227478e-01
