8.6588733004e-02 3.4592293939e-01 -4.6666494143e-02 -6.3759122013e-02 1.6782503232e-01 2.9538921347e-01 3.3148958721e-01 1.2547454552e-01 3.2321460643e-01 -4.2168540653e-01
-7.9752508871e-02 -1.2896532301e-01 5.6227706342e-02 2.5099415632e-01 -1.9381526528e-01 3.2174962116e-01 2.0336298155e-01 -1.3246083081e-01 -3.2399927496e-01 -2.1657747150e-01
1.0084875157e-01 2.0995922763e-01 8.1491230405e-02 2.0887551694e-01 -5.3827778618e-02 1.9416262530e-01 7.5323827839e-01 5.1362315134e-02 -2.9944358914e-02 1.8273775260e-01
-5.2321782730e-02 -8.6811585123e-02 -2.9081663622e-01 -1.8761784139e-01 6.1950196778e-02 4.8127362787e-01 9.6821630268e-02 -6.5288551682e-02 -8.1250716836e-02 3.8156325900e-01
-2.0780826002e-02 -4.4593806561e-01 1.3015810974e-01 -1.8544468479e-01 1.8213696932e-01 4.1746244233e-01 2.1588846686e-01 1.8432274468e-01 -3.5742624640e-02 -3.5561639807e-02
2.5192043837e-01 5.3106570216e-02 8.8337928127e-02 -1.6545186825e-01 2.3790530572e-01 2.5231413622e-01 1.1719106524e-02 2.3191295629e-01 -1.1067039923e-01 5.5497330602e-01
-4.9991675884e-01 7.2007326826e-02 2.2354184131e-01 -1.4134495629e-01 -1.5349836493e-01 6.7640976432e-01 1.6862291111e-01 -3.1816162706e-01 2.6776880807e-01 -2.2621029569e-01
3.0045794110e-01 -6.4111338420e-03 4.7975005707e-02 -1.1405369093e-01 -2.6783077177e-01 1.9295049388e-01 -2.6794477118e-01 -1.5895493715e-01 2.6088354027e-01 1.3041009944e-01
-4.8275174718e-01 7.8019958877e-02 2.2354715704e-01 -4.6823724178e-01 7.5577032985e-02 1.1003315143e-01 -3.4293252185e-01 3.7621596510e-01 3.6558810422e-01 -3.0636711072e-01
1.7264439881e-01 -4.9097193073e-01 -3.5473017352e-01 -9.7282326520e-02 6.9929496599e-02 -1.2831999959e-01 3.5642708721e-02 -1.8934591979e-01 3.8786175433e-01 -2.5927084380e-01
-4.8394119817e-02 2.4237232467e-01 -9.0837853234e-02 -3.1586294240e-02 3.8591653620e-02 -2.6340815333e-01 -3.4003052218e-01 -1.4856858346e-01 -3.5968202129e-01 -1.0614874794e-01
-1.6639475244e-01 2.9923547149e-01 -5.0663380479e-03 -4.8847657755e-02 -1.2927183409e-01 1.2913239294e-01 -1.8427219832e-01 -1.3737215474e-01 -5.1816980019e-01 -4.2035170730e-02
-1.6986438975e-02 -3.1335439735e-01 2.1434838667e-02 -2.9176243043e-01 -3.4709225848e-02 -1.5489011223e-01 -3.2346424139e-01 7.8900622813e-02 2.2573933406e-01 7.7643254485e-02
1.9174504315e-01 4.7729703388e-01 8.1490297985e-02 2.2113512944e-01 -5.8926402050e-02 -2.6722326241e-01 7.8826718449e-02 1.7960756798e-01 -3.8415029919e-01 1.0067929559e-01
2.0516492723e-01 3.1351743634e-02 -1.6337070422e-01 3.3779184333e-02 -2.7625326597e-01 -1.9778539243e-01 -1.8199340438e-01 3.1396225420e-02 1.6986227387e-01 1.2630711406e-01
9.5194469331e-02 -2.7845348559e-02 -7.9576848824e-02 6.7921182352e-01 2.0655135180e-01 -2.1533698283e+00 -7.2224249278e-01 4.7612031721e-02 1.7229153231e-01 3.0127606776e-02
1.4858299225e-01 -1.3740247580e-01 -1.0081471241e-03 8.9835480494e-01 2.3256224946e-01 9.2859964989e-01 2.2128001611e+00 1.3348039822e-01 1.4097286281e-01 -2.4301405497e-01
