5.3771938238e-01 -8.5455941609e-02 2.2428596093e-01 -5.2321554976e-02 3.4550197464e-01 6.6450395904e-03 2.7902353878e-02 2.4741692181e-01 2.4971763871e-01 1.4547408910e-01
2.0109950112e-01 1.7384876881e-01 4.6307792061e-01 -2.6782547809e-01 3.1118279156e-02 1.3220355162e-01 -1.9211944720e-01 6.7635343872e-01 -6.6210618133e-02 -8.4532802701e-02
8.3641804989e-02 -3.7182859833e-01 1.0240912189e-01 -2.0622208983e-01 1.6869890044e-01 -3.0631269884e-01 -8.1586207627e-02 3.0585487860e-01 -5.5156970754e-02 -2.0975672297e-01
7.2958852626e-01 -7.3854585290e-02 -2.9672819005e-01 -1.5447624724e-01 3.1150761482e-01 -3.9267428320e-01 -2.1972448395e-01 3.4132609887e-01 1.8201950503e-01 -3.3816265755e-02
5.3161236946e-01 1.0072266072e-01 -1.9348323561e-01 3.3177881417e-01 -4.2178835466e-01 2.7945398316e-01 -7.2755769421e-04 2.3009175824e-01 2.8909494029e-01 1.1778213551e-01
-2.4154143667e-02 5.5343053771e-01 -1.0227029298e-01 2.9773154468e-01 1.2374508568e-01 -1.1804815815e-02 2.9017676809e-01 3.3308426905e-01 -5.0601568240e-01 -1.9795870106e-01
1.8780029843e-01 6.4514619150e-01 -2.3791834094e-01 -9.9697000089e-02 -3.1014607648e-01 -1.4931156829e-01 2.8097117880e-01 -1.2301730889e-02 5.9842627924e-02 8.2792807881e-02
3.9450721109e-01 6.1296330845e-03 9.6108586190e-02 -5.0897475375e-03 -1.9635068001e-01 -7.1674127931e-02 1.5225806452e-01 6.9446992631e-01 1.9507767923e-02 -1.3345626209e-01
5.4711213045e-02 1.1769181472e-01 -5.9149653825e-01 -2.7800749666e-01 -1.7322328477e-01 -3.3281768346e-02 3.7443694992e-01 -1.9313361465e-01 5.1302307879e-01 -1.9991191045e-01
4.1098404767e-02 3.2345638524e-01 -1.5397170656e-01 6.2569082994e-02 -2.8018080404e-01 4.8660176205e-02 -3.2939603834e-01 2.7482540609e-01 -4.7352132094e-02 -1.1627960578e-01
1.4495937047e-02 5.0831189791e-02 3.9498153147e-02 -2.5351969017e-01 -5.3418533957e-01 2.9061289048e-01 4.0008741112e-01 -5.5053987992e-01 3.8271532203e-01 -1.5161064574e-01
2.3994178962e-01 -2.3673054691e-02 -5.6013367827e-01 1.6208627460e-01 -3.5809135517e-01 -1.8307456866e-02 2.4266206807e-01 -3.8679850087e-01 -6.2276348054e-02 -4.9269507889e-01
1.6599817163e-01 4.0691882917e-01 2.5814998829e-01 5.4708966503e-01 -1.2898674019e-01 2.3835441691e-02 -3.1577831056e-02 -6.2430098806e-01 4.4878252507e-02 -5.3713696693e-01
9.7808946283e-02 2.9671817532e-01 -3.5958523201e-01 -2.7385571572e-01 -1.0860103476e-01 -7.9976965514e-02 -1.0815011203e-01 -3.6760715383e-01 5.7622524569e-02 -4.3193491763e-01
1.9027552824e-01 -7.2188230075e-02 -5.4210628579e-01 -3.3259508975e-01 1.5566749453e-01 -8.5279258306e-02 7.8236303970e-02 -2.7106628507e-01 1.4175771427e-02 -3.9960358206e-01
-2.1446983169e+00 -9.9918765158e-01 8.5436716915e-01 -1.9015924080e-02 5.4949008172e-01 -2.4824313787e-01 -5.4101952697e-01 -1.6281497684e+00 2.5839187307e-01 1.0817459115e+00
-2.5431710238e-01 -1.6327480316e+00 1.8801972952e+00 -6.8482168893e-01 1.9814835455e+00 -2.4317064182e-01 -1.6325849844e+00 2.0771626235e+00 6.1279861498e-01 2.2645566586e+00
