-1.2245931727e+00 -9.4039797457e-01 -4.4371872270e-01 -1.6350910491e+00 8.6034092643e-01 1.0990198343e+00 1.7759287687e+00
-4.7231574091e-01 8.7139359105e-01 -1.4632951781e+00 5.1197740567e-01 -1.0673059191e+00 -1.7245922385e+00 -1.7698410074e+00
3.3238677599e+00 -1.1013988349e+00 2.3936770813e+00 1.0447696130e+00 -3.3587559046e-01 2.5715827465e+00 2.1247217771e+00
1.7266809917e-01 -5.3519703765e-01 -5.2167758341e-01 3.7235262561e-01 -6.2156695773e-01 -1.1015563416e+00 -1.1274888366e+00
2.1295772843e+00 8.7080014231e-01 2.3491198500e+00 -1.8209370016e-01 1.2287742164e+00 3.7579437864e+00 3.3440027738e+00
-4.0182093837e-01 1.5012297419e+00 -5.7901469168e-01 7.8834863571e-01 -3.6272064273e-01 -8.9540813696e-01 -7.0232520612e-01
-2.2857651771e+00 -5.5143104918e-01 -5.3849333345e-01 -3.1544909826e-01 -1.3604458073e-01 -1.0010436164e+00 -1.0749475151e+00
2.4708966433e+00 5.7118305988e-01 -2.3005810355e+00 2.0910569924e+00 -8.7799711847e-01 -8.0367215499e-01 6.7020635017e-01
1.0266537722e+00 2.8078814645e-01 -1.5086868253e-01 9.4681938198e-01 -7.1305946001e-01 -1.5096629288e-01 2.9756796733e-01
5.3789964731e+00 -2.4384770550e-01 2.0742868725e+00 2.0384054421e+00 -1.1004308296e+00 3.1963231754e+00 3.1354256387e+00
