1.1164262605e-02 -5.6731559056e-01 2.2833798717e-01 4.5090080976e-02 6.8398524734e-02 -6.9807917057e-02 8.2682559090e-02 1.4833932419e-01 -6.4866665325e-02 -3.7389449560e-03 2.9331402344e-01 4.6274558741e-01 -3.2222804269e-02 2.2114070204e-01 -8.0732096813e-02 6.1738252717e-01
-3.8719008032e-01 -2.4311999076e-02 -4.1497152545e-02 1.5101723371e-02 2.3840928942e-01 -8.8487581680e-02 -3.2981535034e-01 -2.7501517845e-01 2.5908495814e-01 -3.8003042752e-03 4.3435670705e-01 -2.7345312774e-01 2.8004706511e-01 -2.1550196430e-01 -6.6777750712e-02 2.5612321471e-01
-2.4770011017e-01 5.2606278586e-01 2.9525988642e-01 2.0543369739e-02 4.4251971553e-02 -3.4999486282e-01 -4.8548537282e-01 -1.4020923536e-01 -5.0430486702e-01 1.6770016188e-01 2.5045057412e-01 -6.9800465817e-02 1.6260124088e-02 -3.2484392194e-01 -3.7921504698e-01 -3.0883732020e-01
-1.2813963896e-03 -2.3238948149e-01 -3.9427911500e-02 -2.5786251557e-03 -3.9124121049e-03 8.9372812983e-02 2.0903449358e-01 -8.0694219918e-02 -3.3624690624e-01 -3.8683006324e-02 -9.1177550064e-02 -1.3869112500e-01 -2.4307936568e-01 3.6601937267e-01 2.8277133079e-01 -3.6707912078e-01
-1.6868499537e-01 8.6418594575e-02 -3.1319910608e-03 -5.3639396815e-02 -9.9837277431e-02 -3.9768114769e-01 -1.2558624805e-01 1.9626647221e-01 -3.3042752889e-01 -2.9821647293e-02 -1.4019134503e-01 3.8362389487e-01 -4.8268077748e-01 -1.3101023775e-01 -5.6571147966e-01 -4.4432843859e-01
-8.9160847894e-02 1.9704008765e-01 1.7332659237e-01 -2.5413994081e-01 9.1303371670e-02 -7.1531096935e-02 -4.9750915355e-02 3.4048936230e-01 4.8197645605e-02 -2.6350230981e-01 -1.4974849678e-02 1.7047101808e-01 2.4083318846e-01 1.7192156100e-01 -3.3422784754e-01 1.7810639928e-01
-1.8664036362e-01 -4.0689901553e-01 1.9099527324e-01 5.2834168971e-02 -1.9790795964e-01 4.3948142081e-01 -3.4874289897e-01 -4.0279243382e-01 -7.8498180819e-02 1.8073979364e-01 1.3288848164e-01 -7.6370986669e-02 1.8332216143e-01 1.6318999777e-01 -4.7330437539e-02 3.2686212533e-01
-3.9356742199e-01 3.0050972705e-01 2.0888816367e-01 -1.0290561808e-01 4.6327382671e-03 3.0070412098e-01 1.7287690480e-01 5.4288338307e-01 1.5441680398e-01 -7.0720241739e-02 2.4310051594e-01 -1.1485175978e-01 -3.0189326648e-01 2.1280848745e-01 -9.3001982452e-02 -1.3275137611e-01
-5.0737073910e-01 -2.7429362953e-01 -2.0886203039e-01 6.6714748494e-01 -9.1047162243e-04 -3.7298828691e-01 -2.3714682564e-01 7.9961230432e-02 -1.0500452830e-01 -3.9232101745e-01 1.6497267157e-01 4.2968272890e-01 -6.4547650362e-02 -1.4210042914e-01 -3.7608000912e-01 -2.6047251109e-01
-4.8910690082e-02 5.3122429016e-03 -1.3893805922e-01 3.1124411057e-01 3.6569016425e-02 -6.5996384858e-02 3.7517141665e-02 -2.3968232662e-01 -3.8916329433e-01 -3.3757042553e-01 -4.1013083673e-01 -5.5257271207e-02 -1.7384069951e-01 2.8277177361e-01 -7.6652809427e-03 6.2662302616e-01
2.0800353866e-01 2.9839484233e-01 -3.7374776753e-01 3.2460470777e-01 2.6003944505e-01 -4.9156799477e-01 2.6280253608e-02 -1.6868571305e-01 -3.1241842713e-01 -1.7798088314e-01 -1.4554983041e-01 -9.7627492263e-03 -5.6522047045e-01 -4.2046192680e-01 -2.2044596793e-01 3.1650981731e-01
-5.4001324487e-01 8.2993781785e-02 1.1001662373e-01 3.0944448616e-01 1.1353899032e-01 -4.3138086961e-01 -1.3370879714e-01 2.0802151026e-01 1.9255877628e-01 -1.4964634912e-01 4.3355263362e-01 1.2411882344e-01 4.6640660582e-01 -1.6124575981e-01 -1.8661654689e-01 -1.6110316002e-01
7.0585105004e-02 -5.3291869848e-02 -2.1674510576e-01 -1.7484802551e-02 8.7638828178e-02 1.3007184065e-01 2.0570172264e-01 2.2382311260e-01 1.3345811454e-02 4.3981106561e-02 -2.4565556009e-01 3.7552446345e-02 3.3030314691e-01 3.4010109274e-01 1.7009535290e-01 -3.5533804186e-01
2.3669041069e-02 -2.1697427196e-01 -1.1082281392e-01 3.3515947245e-01 -5.9555723481e-01 1.9748380656e-01 7.7097676465e-04 -3.4237380156e-01 8.8449319146e-02 -1.0929398558e-01 8.7363268625e-02 3.3122135110e-01 -2.0238591963e-01 2.8573183777e-01 1.2207237256e-01 -2.0703700861e-01
-6.4676580887e-02 -4.2897514215e-01 -1.6082463186e-01 -4.4755570253e-02 -1.4239396636e-01 3.6356393293e-01 -1.4566633329e-01 1.8430362479e-01 5.4740308556e-01 -3.3095042098e-01 1.4035740232e-01 -1.1344134662e-01 -3.5735945677e-01 4.5747402045e-02 2.5791164620e-02 -4.4784810461e-02
3.8790095253e-01 -1.3501810859e-02 1.4407640481e-01 -9.0626376393e-02 -1.8108755007e-01 -1.9267954138e-01 8.5045786077e-03 -3.5943368948e-01 -9.2940665394e-02 2.0107726733e-01 -9.2590433393e-02 1.9671842575e-02 -9.7343392739e-02 2.7953032504e-01 -1.0461610106e-01 -4.2436080096e-01
