-2.7324979112e-01 5.2770929506e-01 -8.2820361652e-02 -1.1410158176e-01 -1.0205537870e-02 5.3010916610e-01 -5.5199031273e-01 -1.1446967764e-02 -4.7281006923e-01 4.5774498214e-01 9.3128499486e-02 4.4541455942e-01 -3.5230552301e-01 1.0258912958e-01 -5.5450350776e-02 7.2500631357e-02
1.4762454498e-01 1.5869943833e-02 -2.6425219405e-02 -9.5444655080e-02 4.0494680825e-01 -2.1033012782e-01 3.0135411956e-01 -4.4805573353e-01 9.3406428718e-02 3.8455281012e-02 4.5272578712e-01 4.0493214195e-01 2.8405756653e-02 -4.9322680546e-01 4.5930611265e-01 -2.5695964609e-01
2.4513727126e-01 -1.4998612652e-01 3.2856626379e-03 5.6536496735e-02 2.8125042933e-02 -1.0204534876e-01 2.1040852366e-01 -1.4876684343e-01 -6.1027586764e-02 -3.9817326582e-01 7.9720780783e-02 -9.5126033736e-02 1.0463613501e-01 -4.0586922423e-02 3.3268242184e-01 -4.0803395648e-01
3.3277143846e-04 -5.7509115437e-02 -2.6173115262e-01 -3.5022074621e-01 1.8926930200e-01 2.9970253180e-01 1.6404310134e-01 -6.8925925178e-02 4.1506901451e-01 -2.7107371702e-01 -3.2544919881e-01 -1.8687165991e-01 9.6384851001e-02 -2.2392643116e-02 1.4702218814e-01 -3.8232569633e-01
2.5794056892e-01 2.4228457423e-02 -1.5995131316e-01 -2.4496979971e-01 -8.7237803006e-02 2.4241054833e-01 -1.7581431351e-01 -7.3381291846e-02 3.8743659049e-01 1.2379667010e-01 5.9759876375e-02 -6.4592405508e-02 2.2461066953e-01 -5.3041761063e-01 -4.9628673104e-02 3.3770059061e-02
1.7798946631e-01 -8.8037233272e-02 5.1667238373e-02 -2.3700519412e-01 2.2557385207e-01 -1.5519783921e-01 2.2937962124e-01 -5.0360745024e-01 -3.7381697100e-02 1.3179392164e-01 4.6080326339e-01 3.7783055656e-02 5.1645868167e-02 -2.2201042923e-01 -6.7086632358e-02 2.8493078067e-01
-2.4624090200e-01 -4.2365261891e-01 -2.5518748677e-01 1.5858889023e-01 6.9080838158e-02 3.7640971988e-01 1.9483927400e-01 -2.9401355313e-01 4.4759738033e-01 -2.7122598239e-01 -3.2152505504e-01 -5.6630979179e-02 -4.3567005618e-01 3.5544247977e-01 -2.7830055077e-01 -3.7447344636e-01
2.4803645151e-02 -2.2761348123e-01 -3.5235408055e-01 1.6301679302e-01 -1.7380321241e-01 1.7467126511e-01 -1.9835228694e-01 2.0357747557e-01 1.1555416518e-01 -1.5852745267e-01 -3.2124972682e-01 -1.5161080019e-01 -1.1489227325e-01 -4.1269695374e-01 2.5728069165e-02 2.6157608198e-01
-5.1654814094e-01 -5.2560255085e-01 -7.9721727315e-02 -7.7183846252e-01 -6.3899392377e-02 -3.3818450409e-01 5.0864440207e-01 6.0095261098e-01 8.1290853466e-02 -1.1704770963e-01 -4.1651358354e-01 3.5100669846e-01 -1.9262781455e-01 3.0848306043e-02 -1.6509681803e-01 -3.9148014501e-01
5.8309954642e-02 1.3452082230e-01 -2.4330259531e-01 -8.6717315350e-03 -3.0796333017e-01 1.6140779291e-01 2.4162420475e-01 -1.0456298178e-01 9.2886534574e-02 -1.9537050706e-01 2.0604547665e-01 2.2543584892e-02 1.1810464571e-01 -8.3725717984e-01 -9.2040440368e-03 2.6571268371e-02
4.3215163940e-01 -2.4858059542e-01 -1.5598116991e-01 -3.5516245123e-01 6.2492291041e-02 1.8347790130e-01 6.6601870379e-02 -3.5561044440e-01 -1.3491707247e-02 1.9760578437e-01 -2.5563672248e-01 -5.5358132819e-01 -3.1318206613e-01 -9.2486692396e-02 4.7836006705e-02 5.8255802960e-02
9.5744281664e-02 3.0756548857e-01 7.7289458835e-02 -1.9215777246e-01 -1.2629115316e-01 -2.8547479377e-02 3.0726856806e-01 -1.0113983427e-01 3.1511684688e-01 3.3820294682e-01 -3.1797008043e-01 3.0151057427e-01 -1.0153848540e-01 1.0145230379e-01 2.7515413152e-02 2.6986221462e-01
4.7836901364e-03 -2.5919648146e-01 -2.5401204356e-02 -1.4505138100e-01 -1.2493519675e-01 2.0240970880e-01 3.8222571854e-03 2.9246040349e-02 -4.4364032341e-01 8.1716738941e-02 -2.1360053921e-01 -8.0791666317e-02 4.5395135160e-01 -1.6186864029e-01 1.4174345658e-02 -2.1260922607e-01
1.9239159778e-01 -4.4551513129e-02 -5.2491792731e-02 -2.6340369295e-01 1.8310311533e-01 -6.7809629220e-02 2.0428619399e-01 2.2647001809e-01 -2.4155939087e-01 7.1637930644e-02 1.5686898690e-01 -2.0273433869e-02 -7.0164644545e-02 -5.6178616928e-01 1.2381705795e-01 1.2591710846e-01
-2.4376741270e-01 -1.5058287404e-01 2.1835633534e-01 1.5299823319e-01 -2.6450576767e-01 -4.7028984976e-01 2.9656581408e-01 4.5643763790e-02 7.8623339507e-02 4.6371010906e-01 -9.5204482975e-03 -1.2086033349e-01 -3.5911722020e-01 1.3992489062e-01 -5.3195865636e-01 -1.6631285952e-01
2.9844586637e-01 2.1649721430e-01 -1.7655334858e-01 2.4886407950e-01 -1.0928243200e-01 -8.3248901901e-02 4.5858471308e-01 1.6773485568e-01 1.9140172963e-02 3.4982778676e-01 4.1447576131e-01 -6.2485580202e-02 4.3617855937e-01 2.0191074785e-01 3.9566318050e-01 3.4014935245e-01
