-2.6020455893e-01 -3.6796162953e-02 1.1281698102e-01 1.8663141201e-02 -7.2655029648e-02 -2.4364069973e-01 -2.0851368851e-01 -7.6954559893e-02 1.3535416394e-02 4.0712202152e-02 -1.8812744641e-01 -3.2312276626e-01 9.8848194762e-02 -9.2514276650e-03 3.8986666041e-01 4.0862083783e-02 -1.0063965322e-01 -9.6071478541e-02 1.8504545172e-01 9.1716802170e-02 -8.6741789571e-02 -6.8036224365e-01 3.8070158484e-03 4.4120593863e-01
-3.8501016145e-01 3.6955820877e-01 -1.0254434956e-01 1.6001128347e-01 1.6179907691e-01 6.8149587219e-03 -1.5493169506e-01 2.2570854300e-01 1.1860325098e-01 -1.5315315027e-01 3.7076737500e-02 4.0097171958e-01 8.9099537872e-02 2.4214670816e-01 -2.1133167399e-01 -3.8093525202e-01 -4.7768430608e-02 8.5929742454e-02 3.4824163440e-01 7.3903874723e-02 -8.4219566674e-02 -1.4877986133e-01 -1.7463908869e-02 -5.2185328211e-02
-2.8010282833e-01 3.3877321935e-01 1.6126970079e-01 3.6526504744e-01 2.1443839304e-01 3.9155880160e-01 2.6100895782e-01 4.3623462219e-01 -1.4347574572e-01 3.9753622257e-02 -2.2583057387e-01 -2.6312898804e-01 -2.9633188866e-01 1.2920635332e-01 1.9884775823e-01 1.5867933748e-03 1.6185612499e-01 -9.8817790999e-02 -1.9385716604e-01 -3.8798760849e-02 -2.0592517608e-01 2.6369218586e-01 3.5506660930e-02 -2.5702207722e-01
2.3685177125e-01 -4.0996641867e-01 6.1248821154e-01 1.8015734695e-01 -2.1386732035e-02 -6.1931769267e-02 1.2829959373e-01 -1.3517535312e-01 9.2430254138e-03 2.3110449969e-01 1.3593826516e-02 -3.8016423404e-01 -1.9708508039e-01 -4.2659437362e-01 -7.4215244093e-02 -3.5862373950e-01 -2.6301812707e-02 1.4524669960e-01 -1.4718258754e-01 4.8281082394e-02 1.8443603809e-01 -3.5184845213e-01 -9.9341086925e-02 -5.7018841659e-02
-3.7104827905e-01 -1.4326373576e-02 -3.3762632768e-01 3.2546012098e-01 2.9667637689e-01 3.0038864602e-01 -1.9241990196e-01 -2.8099693042e-01 -1.9591624587e-01 2.9842046557e-01 1.7466798919e-01 -2.3789079391e-02 2.2470931746e-01 -2.8971567288e-01 -3.3714826775e-02 2.7918208944e-01 -3.1172939033e-01 -6.3301023126e-02 3.9547521829e-01 3.2358735913e-01 6.8773166539e-02 2.6489146604e-02 1.8383125797e-03 1.9484362493e-01
2.1282093826e-01 -1.0790407014e-01 2.2532688235e-01 -2.4447076464e-01 -6.3620046297e-02 -1.5613270366e-01 1.4612849550e-01 2.2204608502e-02 -6.0634043278e-01 1.1764022261e-01 3.7373594143e-01 -2.8820024741e-01 1.1294851736e-01 -1.9101707955e-01 -3.3719024921e-01 -2.1347864017e-01 -1.7892688265e-02 3.3841059222e-01 -1.3750109914e-02 2.0896056029e-01 -1.9120916353e-01 -2.6237201741e-01 -1.1309098722e-01 6.5670112024e-02
3.7539251984e-02 -1.4091591067e-02 2.9611521942e-01 3.1628949217e-01 1.7264947534e-01 1.1667965722e-01 2.0748387394e-01 -2.2077184197e-01 2.6835528753e-01 2.0789270910e-01 -1.4336670700e-01 -4.3587417513e-01 2.6943719867e-01 -4.2415279714e-01 -1.7184818510e-01 2.5973089687e-01 3.9487319802e-02 6.5078488996e-01 -1.5726720700e-01 1.9784010595e-01 -2.4134255372e-01 -4.0181964877e-01 1.7771052483e-01 3.9648347677e-03
8.0271406746e-02 -2.0209582469e-01 -1.2781743001e-01 -2.6304917914e-01 -9.6525010948e-02 -1.3340435767e-01 -3.5666648905e-02 7.1060919755e-02 -1.1960869145e-01 1.5061072016e-01 3.7575900505e-01 -8.7871750983e-02 1.4325982858e-01 -4.0831996647e-02 -1.4086059847e-01 -6.4533763783e-02 -9.1962950891e-03 -3.3106906004e-01 3.0595370441e-02 2.1446149097e-01 6.0154695362e-02 -7.9335338667e-02 1.8037390784e-01 -5.2217474527e-01
-8.9770954529e-02 -2.3042286799e-01 5.1916564705e-01 5.8283224306e-03 -1.8609195224e-01 1.2428504894e-01 5.8773012715e-02 -7.3051731727e-02 1.4010414877e-01 -1.2372466230e-01 5.2570508433e-02 -1.0416871018e-01 1.5053088363e-01 9.7354536704e-02 -3.8303356259e-01 1.4291761592e-01 3.8198907713e-01 4.6768769394e-01 4.9341655067e-01 1.3421009974e-01 -1.8580839686e-01 2.3467827653e-01 -3.7762299804e-01 -1.7931603026e-01
-3.3366881059e-01 3.4768635914e-02 8.2473299077e-02 6.9603693478e-03 8.1685481759e-02 -2.8068693898e-03 3.1003215601e-01 -1.6581816402e-01 6.1610905391e-01 1.3322485957e-02 -5.7170300567e-02 6.5587513892e-02 -6.4458996245e-03 5.6586821893e-02 -1.3910555500e-01 5.2520737337e-02 -4.1449843880e-02 -1.6620511577e-01 1.5276277272e-04 -6.7724957908e-02 2.5534508809e-01 3.5214967738e-01 -2.7299758915e-02 8.4328796632e-02
-1.0356638821e-01 -7.8970268788e-02 2.2588739580e-01 1.1776179180e-01 -7.8500933212e-02 -3.1752108856e-01 2.5701909782e-01 -2.4265600769e-02 2.0782027154e-01 -3.8153791136e-02 2.6979761406e-01 -2.7675408422e-02 -8.9264824350e-02 1.1430873327e-01 1.4450815309e-01 -9.2494055048e-02 2.7075643814e-01 -2.3769232342e-01 1.2892901584e-01 -1.1725070458e-01 -2.0719947093e-01 -2.5560256286e-01 2.6301658445e-02 4.4374038290e-01
-2.2096493704e-01 -3.5948297759e-01 1.0852942475e-01 -4.3406372959e-01 -2.3919782722e-02 1.8711405347e-01 -4.2447881323e-03 -2.7081620011e-01 2.6784933038e-03 -3.3705544906e-01 6.8858882497e-02 1.7581296512e-01 3.7301107172e-01 2.5215814765e-01 -5.3774488401e-02 6.7678162830e-02 3.7924980848e-01 9.1360475950e-02 1.8628433965e-01 -1.5548522644e-01 -2.4897367579e-01 -2.5691932766e-01 -4.5753000772e-02 -7.3432610318e-02
-8.6520903444e-02 1.9584799293e-01 3.8679731112e-03 2.5094278451e-01 1.2476201608e-01 1.7272724761e-01 1.0139000382e-01 -8.6924114949e-02 1.2451598559e-01 -1.1867605992e-01 2.6364680780e-02 -1.3942573516e-01 -6.7985198052e-02 6.5160670964e-02 -1.1288840991e-01 -3.6164795602e-02 2.3811296146e-01 1.5779836414e-02 -4.3003792330e-02 1.6930969972e-02 -3.5904253249e-01 2.6015645707e-01 -2.5424548571e-01 -4.2607541985e-01
-1.0623061082e-01 -2.3103156222e-01 1.0506274838e-01 -2.2234912015e-02 -1.3158523836e-01 -2.4232128156e-01 -8.0733539302e-02 -6.4484772799e-02 1.6420567723e-01 -2.5999261998e-02 -2.0665381633e-01 -2.7399140714e-01 1.6349625644e-01 9.2129596635e-02 -1.7183190748e-01 -2.4660764448e-01 1.8957169303e-01 -1.8184828390e-02 1.3731299817e-01 5.5701043658e-01 4.0274644923e-02 -1.8646425913e-01 -2.2000439255e-01 2.2610077063e-01
-1.0742168825e-01 7.6308292655e-02 3.0660680311e-01 -1.0024679809e-01 -5.2170546506e-01 -5.6582337208e-02 2.0402478523e-01 3.2751366999e-01 3.2228661802e-01 1.6946986456e-01 -2.4337549037e-01 -2.8831162014e-02 -2.3271810331e-01 1.2867198697e-01 1.0357584521e-01 -7.0176923264e-02 1.0856378418e-01 -5.0964572663e-02 -6.4159872753e-02 1.7084511543e-02 4.7367578244e-01 2.3702445111e-02 -7.9020314306e-02 5.8917395233e-01
1.6395639317e-01 2.9317117706e-01 4.6111701705e-01 8.5563116957e-02 -1.3506680092e-01 -1.5377035603e-01 -6.1924926719e-02 1.4346478130e-01 2.9632766869e-01 1.3087905189e-01 -5.2399970991e-02 -1.0678877078e-01 -4.5180034003e-01 1.5261860428e-01 -2.0517244959e-01 -3.3215259859e-02 2.3864737905e-01 -2.8987757142e-02 7.1860249901e-02 -1.6972355644e-01 -1.8047662438e-01 -4.1223355427e-02 9.6129530203e-02 -1.9400161676e-01
-3.3549254598e-02 7.0762086895e-02 9.3715064809e-02 -5.2698001120e-01 2.0691393034e-01 -5.7328114870e-02 2.2914888558e-01 -1.4413695273e-01 -2.4072903444e-01 2.9228237725e-01 -4.5939188069e-01 2.4517248658e-01 6.3888660133e-02 4.4036348023e-01 -3.9363977969e-01 -1.8528291359e-01 -3.6576309235e-01 -1.0339627203e-01 -4.2218138214e-02 6.1891538490e-02 2.7345913797e-01 -2.7454433522e-01 8.5570265337e-02 -8.8206597689e-02
1.8934758078e-01 -1.3948782347e-01 2.8528159703e-01 -1.1837217682e-01 -2.6102318653e-01 -5.8005746677e-02 4.2540286435e-01 4.1516669171e-02 -1.9803145032e-01 1.9457125712e-01 2.0673754745e-01 1.6335056845e-01 2.2827848886e-01 -2.1200097205e-01 1.0343982926e-01 2.0644774214e-01 -6.2664567975e-01 -2.6821906593e-01 3.5710748074e-02 3.2037089003e-01 -1.7002685762e-01 2.2352993590e-01 1.0665302095e-01 2.2008482350e-01
-4.0199058073e-01 -1.7453980080e-02 -5.2798463602e-02 -1.8664460045e-01 -3.0533443806e-01 1.5446631581e-01 6.3550517254e-02 1.8136577637e-01 9.2639806912e-02 -1.6983336258e-01 -8.2030870897e-02 -8.5217849222e-02 2.8734439359e-02 -1.8225949288e-02 2.3720256005e-01 -2.0234242098e-01 1.2112803289e-01 6.5050126034e-02 -1.3979744964e-01 1.5772457210e-02 -1.1193986588e-01 -5.8624369201e-02 -3.7180139460e-01 1.3235193966e-02
2.0689217424e-01 -7.2425239223e-02 1.2073000036e-01 8.6588151431e-02 6.3710322557e-02 -1.2412438003e-01 3.7079026999e-01 1.7084235515e-01 3.3347376491e-01 -5.1513079407e-02 -8.0881131233e-02 -1.1205301783e-01 -6.0406941285e-02 1.0705861031e-01 1.7991085310e-01 -6.5479243238e-02 -3.2635165327e-01 -1.5773947780e-01 -2.0294458316e-01 -5.2434906754e-02 -2.6251325020e-01 1.5382883940e-01 2.2060942901e-02 4.0543258275e-01
8.7944229762e-02 4.1120254081e-03 -8.0178836699e-02 9.2004163499e-02 2.9383673122e-02 -1.6853157670e-01 -2.0311843439e-01 -1.4667729421e-01 -2.7072311477e-02 3.3682798576e-01 3.3153545150e-01 -1.7051579159e-01 2.2336194869e-01 -3.2299404143e-01 -2.8218430154e-01 -9.3472222113e-02 1.9307688196e-01 6.9136475208e-02 1.0554202609e-01 1.7837157350e-01 -1.9508399930e-01 2.8519566706e-01 -6.3637983847e-02 1.1821876814e-01
-9.2164534019e-02 -4.2186015353e-02 -2.1191356437e-01 2.2420287786e-01 1.5127310818e-01 -2.8001939718e-01 9.7328238503e-02 -2.9406947493e-01 3.1970978000e-01 3.0216950463e-01 -2.7255046513e-01 6.5939727426e-02 1.8144574982e-01 -5.0150108234e-02 4.4778795575e-02 -3.4070697829e-01 1.3870246712e-02 4.1215105273e-01 -7.6725851809e-02 -8.9917548936e-02 -4.0935931338e-01 1.6327521411e-01 8.9205371444e-02 -1.9882167407e-01
7.4178536424e-02 4.0938244249e-02 8.8383161137e-02 -1.0566595884e-01 1.0336390313e-01 -2.5211547507e-01 5.0608521384e-02 8.4836807553e-02 4.8337898533e-01 1.6422452738e-01 -2.4656765072e-01 1.1315106585e-01 -4.0481110204e-01 -3.5994430724e-01 7.8240384406e-03 1.7474954770e-01 7.2520817945e-02 -3.1650929079e-01 -3.0110390509e-01 8.4998683646e-02 -2.0255176041e-01 6.8611691274e-02 1.5387000746e-01 -2.1234960623e-01
1.0206319930e-03 -6.7630745512e-02 1.0929683168e-01 -2.1483447330e-01 -3.8011214584e-02 6.8741117055e-02 -6.5132524328e-02 2.2173157625e-01 1.3591703826e-02 -1.5213682240e-01 -9.5011030856e-02 -5.1072904972e-02 1.1214092730e-01 3.5836327174e-01 5.3670025212e-03 -3.1568801478e-02 -3.9505216642e-01 -2.5654737344e-01 -6.9537434053e-02 5.7363360062e-02 1.5585893089e-01 -1.6730192072e-01 2.1760201833e-01 -1.8426530034e-02
