-1.4440937880e+00
1.7832815665e+00
6.7777335281e-01
8.7876894822e-04
1.6761199825e-01
-9.6198816463e-01
-1.6185551862e+00
-2.9017214847e-01
1.1659407352e+00
-2.0833795974e-01
-2.4827250264e+00
4.1980795116e-02
3.9510817203e-01
-1.3879162931e+00
1.1763459003e+00
5.9544501552e-01
5.6903648814e-01
-5.6089943564e-01
-8.5869601536e-01
1.4870387430e+00
-6.3515491255e-01
-1.7606759577e-01
9.6187990490e-01
1.4494127705e+00
-1.4975244833e+00
1.5439371577e+00
5.4428101454e-02
8.2023088345e-01
1.5551825010e+00
-1.2618850359e+00
8.8085465554e-01
8.1357877729e-01
