6.8300269216e-01
-4.9367174413e-01
4.5364324935e-01
4.2688205303e-01
-4.7679971936e-01
4.5681158431e-01
-5.3553956807e-01
-3.7113380555e-01
7.5621128294e-01
-1.0725978194e+00
-9.9363804110e-02
-1.7080633948e+00
-4.8790999028e-01
1.4726386231e+00
1.5490412536e+00
-3.1013272560e+00
-3.0720856813e+00
5.7234428746e-01
-8.8934892125e-01
-4.4413958532e-01
-4.9170661926e-01
-1.1481919351e+00
8.6638519103e-01
-1.7306620307e+00
-2.4462102167e+00
-1.1428549157e-02
-2.8794565058e-01
2.4958713127e-01
7.1255128346e-01
1.1595906775e+00
-1.5593459263e+00
-4.7802964282e-01
