6.5459355862e-04
-4.2142978545e-02
-6.6849976265e-02
-2.5373966378e-01
-2.6894980152e-01
-1.2696317790e+00
1.8675545931e-01
-2.2067013829e-01
1.3411224504e+00
-7.9155454869e-01
1.4671444588e-01
8.4917596911e-01
-4.8211925704e-01
5.9082752115e-01
1.7442117877e-01
1.3289709794e+00
-2.1999670560e-01
6.2212743969e-01
1.0115705305e+00
-9.2941792614e-01
-8.9734655585e-02
7.0252313175e-01
-9.0432584397e-01
-1.7957842911e-01
9.7544721911e-01
-1.5750727437e+00
1.7524662807e-03
7.7183641630e-01
2.5372366333e-01
8.8702019308e-02
5.0102187402e-01
1.0660672084e+00
-5.2994685783e-01
-3.2166917354e-01
8.0963558732e-02
1.0453800476e-01
1.1206717848e-01
1.2620894287e+00
3.6214275893e-01
-8.9859624155e-01
2.5242408372e-01
7.5339797110e-01
5.8430506791e-01
1.1424367406e+00
2.2820524931e-01
-4.0946428567e-01
1.6272578728e+00
9.2024207953e-01
7.0256105317e-02
7.3736651160e-02
1.4445385753e-01
6.9271193341e-01
1.1593491696e+00
-1.0201650551e+00
5.1273567443e-01
5.9865058561e-01
1.2264045149e+00
-1.1827239618e+00
2.5676794746e-01
-1.3382947380e+00
-7.1618803385e-03
-8.7386454761e-01
2.9027874505e+00
-7.4883142858e-01
2.0879038258e-01
-1.5667606140e+00
5.1127590633e-01
-1.6311970650e-01
2.1059004604e+00
-2.8219531989e-01
-1.1975573180e-01
1.2494154439e+00
-2.1324426629e-01
1.1571046669e-02
-5.9596114420e-02
8.4148719036e-01
1.7379391170e-02
-9.5461805629e-02
-1.6538587816e-01
-4.8817426526e-01
-5.7460578817e-02
-6.6930986037e-02
-4.6706985984e-01
-1.3956060931e-01
-9.2708960523e-01
7.6167070159e-02
-8.5094563784e-01
1.5772039512e-01
8.1119376092e-01
9.6665119671e-01
-1.1737505354e+00
1.1198207753e+00
-4.0162263331e-02
-5.4942817901e-02
4.0831856920e-01
-1.4733005023e+00
1.1989788970e+00
2.5155248279e-01
2.2423570607e-01
-1.0494601600e+00
