1.9192961089e-01
1.8404364314e+00
3.7287593264e-01
6.2592381004e-01
-1.0253618878e+00
1.1991558448e-01
1.5401222933e+00
-5.2878825990e-01
9.5044974059e-01
-1.8050983460e+00
-9.0872131679e-01
1.0140903955e+00
4.8448348083e-01
6.0125033900e-01
5.3732816723e-01
4.9637299276e-02
-1.3232782238e-01
5.3865547304e-02
3.8509363572e-01
5.1038097028e-01
-2.9787143560e-01
-2.2008323757e+00
8.4592146875e-01
-6.5226672376e-02
1.2857555859e-01
7.7460284782e-01
2.7600657070e-01
-5.9657573846e-01
9.5642478117e-01
7.6419319661e-01
-1.8993967651e+00
-1.0452560764e+00
