3.1752154448e-01
-1.6397409901e-01
9.0984384768e-01
7.1701629141e-01
6.4956677339e-03
3.8534171980e-01
-2.3059425545e+00
-2.8195489808e-01
3.0491032595e-01
-4.2954838985e-01
4.1099868358e-01
1.0393063958e+00
1.2907016076e+00
-5.4202771591e-02
5.5817388956e-01
-7.2872163213e-01
-4.7357431101e-01
1.5687213463e-01
2.9912356751e+00
2.8563273170e+00
2.1323507432e+00
-1.3371128877e+00
7.9388520110e-01
2.3949590402e+00
2.9611960717e-01
1.2652595787e+00
1.6280717520e+00
9.9689108788e-02
5.9919698265e-01
-1.5292097952e+00
2.9893468767e-01
-1.3666017947e-01
