-6.7776793184e-01
-5.5434545059e-01
-8.7464518620e-01
-1.1273648263e+00
1.9084516294e+00
5.6827112461e-01
-5.4054722054e-01
-8.4443428814e-02
5.2061488348e-01
-4.9682367178e-02
3.7334011372e-01
8.3357197186e-01
-6.5926914455e-01
-3.6962320944e-03
1.2494944436e+00
5.6396081286e-01
-1.1573479733e-01
-2.3764478481e+00
-1.0933395327e+00
2.9750623087e-01
-5.4238676085e-01
1.0289921718e+00
9.4134986252e-01
-3.3231056057e-01
7.3430684782e-01
7.5182368155e-01
8.7736449216e-01
1.7208450331e-01
-3.7938462600e-02
3.4134948244e-01
1.0866454678e+00
8.0889681202e-01
