-2.3119451068e-01
1.5286660714e-01
-5.0284239498e-01
5.9376825998e-01
1.9045034960e+00
-7.9023906512e-01
1.2216018320e-01
-1.0757137628e+00
-8.2599987591e-01
-8.7667881643e-01
1.8858933301e+00
-1.0732006294e+00
-1.2485495211e+00
5.2193917686e-01
-1.6051321824e+00
-1.4203319200e+00
5.1443720846e-01
1.3669492937e+00
9.1052099366e-01
-3.1070555071e-01
-4.4359784755e-01
-1.3410786698e+00
-8.1030910002e-01
-5.9350175925e-01
-7.5856959003e-01
7.1012404102e-01
5.4809408647e-01
2.7225982858e-01
1.8304654488e+00
1.4500907239e+00
4.8005091537e-01
1.2151321650e-01
