-2.9620822440e-01 2.7690055884e-01 -1.5046397383e-01 -4.2865730851e-02 -3.7856098204e-01 1.9649398685e-01 -2.4292989684e-01 -1.4828074572e-01 -5.9847268364e-02 -4.6663134450e-02 -8.2702338339e-03 3.3790003821e-02 -1.0162540791e-01 -1.4085158033e-01 -1.0330980395e-01 1.7824215327e-01 4.6453073418e-01 -1.9672683000e-01 1.3247595037e-01 1.5625787291e-01 -8.7678773531e-02 -8.5072583053e-02 1.2673454469e-01 -1.7260628900e-01 6.8776966569e-02 6.0990359050e-02 6.9485806174e-02 2.0385546568e-02 -2.4053221652e-02 -2.2414652276e-02 2.2309249795e-01 -9.0460231435e-02
2.1248492650e-01 -1.2041507595e-01 5.8697321576e-02 -2.3959085373e-01 -1.2145592943e-01 1.7063594694e-01 1.5198085451e-01 8.4869982051e-02 -2.2905894106e-01 -1.9026702895e-01 -6.9859571725e-02 -1.1776753356e-01 3.4239988251e-02 7.2631603279e-02 1.5647578473e-01 2.6227450210e-01 -1.1818679208e-01 1.3178112824e-01 -1.4120578148e-01 -1.9251683106e-01 -3.4788085307e-01 8.5047283622e-02 -1.2058046440e-01 9.2862237470e-03 -3.2959211399e-01 5.6385438265e-02 3.4434966447e-01 -1.0407349571e-01 -1.5707884305e-01 -1.8549234431e-01 -4.6171864618e-02 1.5711602525e-01
-8.9746923634e-02 1.1684788812e-01 -1.4266640081e-01 -2.3368576708e-01 -4.0977813538e-02 -8.1735252980e-02 -1.9650251190e-01 2.2837113047e-01 3.9043907949e-02 9.7065334033e-02 -1.0968147522e-01 5.8437038694e-02 -1.5803619924e-01 4.4253097654e-02 1.3818301645e-01 -3.2254277842e-01 9.0557541052e-02 3.3669014307e-01 1.4738748755e-01 1.6863438764e-01 6.2374594142e-02 4.9518341164e-02 -5.4760827367e-02 3.1785900072e-01 1.2780866140e-01 1.5267062747e-01 -4.2443008153e-01 -1.6984430726e-01 -2.6364236952e-01 -1.4678619248e-01 -3.9067287032e-02 9.2473139879e-02
2.3096078587e-01 3.6838104314e-02 -2.2919334415e-01 2.2774083484e-01 -4.0798071023e-02 6.5305304029e-02 9.2803508925e-02 -1.5596503425e-01 2.2798855156e-01 2.8171641956e-01 -1.0880126512e-02 4.2310911548e-01 -2.4867074718e-02 -4.5321495909e-02 1.2087733657e-02 -8.4861285907e-02 -2.9984940641e-01 -1.1468887074e-01 -1.0378744630e-01 1.7145838905e-01 1.6962414510e-01 -1.7344375896e-01 -8.5909485689e-04 -5.2459829440e-02 -1.1401734856e-01 -9.2589072384e-02 -2.2037482055e-01 -2.8481216845e-01 -1.4848934291e-01 -1.1795175031e-01 6.6694010802e-04 4.4480389913e-02
-5.6049418659e-02 2.2594821146e-02 -1.8234302208e-02 2.8044150760e-01 4.0613325698e-02 -1.7480204598e-02 2.2750822113e-01 -1.1003982856e-01 8.9969566479e-03 -9.1442297396e-02 -1.6476692117e-02 -8.8105733999e-02 -7.6565212201e-02 1.0722237419e-01 7.5276380997e-02 2.7747918902e-01 -1.6481049400e-01 -2.5134789766e-02 1.4357716633e-02 -3.4658272350e-02 2.9062917813e-01 -6.1511268197e-02 -1.4317501802e-01 -7.9151657745e-02 -1.2573897705e-01 1.0648523726e-01 -1.3434718791e-02 1.1118622265e-01 -9.2257474718e-02 -5.3420137583e-02 -1.4121432467e-01 6.1130255900e-02
6.4641227218e-02 1.7467027220e-02 -1.8528019127e-02 -6.8866511791e-02 3.1223374484e-02 3.1146482904e-02 1.3833970681e-01 2.1101769702e-01 7.1878285783e-02 9.5755909449e-02 -6.2669052994e-03 -1.8358739507e-01 -2.1613556830e-01 -7.8598640440e-02 3.0156437785e-01 1.8380172237e-01 -1.9843174459e-01 -6.8433348104e-02 -2.8405634202e-01 -1.7293097662e-01 -3.9456895241e-02 -7.8105771253e-02 -3.8996387461e-02 -5.4095530889e-02 -4.2430543486e-02 4.4926395784e-02 2.4849562935e-01 2.6213966503e-01 1.5384086189e-01 3.0610406140e-01 3.3028407676e-01 -3.1251134478e-02
5.4138523731e-02 2.2391410555e-01 4.0676187463e-03 1.2294236049e-01 -1.4763102074e-01 7.6301970887e-02 4.4841618461e-02 -1.0103494745e-01 1.1959927071e-01 9.7731336948e-02 1.9594243793e-01 -1.8937089675e-02 -2.1474412816e-02 -1.4693483680e-03 -3.1520431094e-02 2.6183134293e-01 -3.1464545521e-01 5.3544242839e-01 -5.8663903305e-02 9.8415040475e-02 4.2863979891e-02 -3.3822227199e-01 7.9752623215e-02 7.6156332379e-02 -1.8093718848e-01 -3.4132376767e-02 -3.4798074468e-01 -1.4337711201e-02 -7.2355481737e-03 5.3241872057e-04 1.0495816267e-01 1.5954454879e-01
1.2345310933e-01 1.2369877674e-01 -1.8150134493e-01 -8.3221949914e-02 1.5792916911e-02 4.2571865501e-01 1.5026685048e-02 1.9269091589e-02 -4.4154551835e-01 -5.7312085739e-02 -1.7970818712e-01 2.6634935721e-01 5.2506113454e-02 1.7014846629e-01 -4.9786875769e-01 -3.8589632155e-01 -3.8769762774e-01 -1.8409192794e-01 -2.5669171449e-01 -1.2831961605e-01 -2.4850049943e-01 -1.7942405034e-01 2.3138143163e-02 -5.4859111780e-02 -1.2358640630e-02 -1.3284655905e-01 1.6707559080e-01 -1.8298477486e-01 -1.6877044804e-01 2.2481231656e-02 1.6458873039e-01 8.2897835681e-02
6.5764960513e-02 3.4205170452e-01 -8.7098371059e-02 2.4736978607e-01 -2.3004945204e-01 1.7475128843e-01 2.6985258061e-01 -2.2645605061e-01 -1.7520162133e-01 -3.9797424218e-01 6.4741863932e-02 -4.2409267239e-03 -8.8086598235e-02 -1.8358403361e-01 3.6701017965e-01 -2.2203657300e-01 -1.5014128677e-01 1.1282780078e-01 -2.4671684380e-01 9.2754088125e-02 6.5653762237e-02 -1.2676720907e-01 -2.2625406528e-01 1.7812151027e-01 -2.3244157772e-02 9.7793023536e-02 3.0657983346e-01 -3.4833432452e-01 1.0724891101e-01 -7.6786778713e-02 -3.4597268104e-01 -1.0338358131e-01
-8.5400044471e-02 2.4345683580e-02 4.7682357514e-01 1.5081749816e-01 1.9266780140e-01 -2.2346342218e-01 8.9558872696e-02 -3.0648372333e-01 2.4290732899e-01 1.4079838754e-01 -2.7247859485e-01 1.2257382321e-01 -1.9892502227e-01 1.3223958765e-01 1.0865720300e-01 1.1543605001e-01 3.9777466163e-02 5.4966959153e-02 -6.9530984602e-02 -5.6029461052e-02 1.2841552258e-01 -1.5485268099e-01 -3.5422769969e-01 3.0359836209e-01 -1.9049273181e-01 2.3884819346e-01 -4.6086026471e-02 1.9333958578e-01 3.3139450834e-03 5.6263070499e-03 2.2807176075e-03 -5.2652452556e-01
1.3525754902e-01 1.9228035751e-01 -2.6050750074e-01 1.2666554561e-01 -2.5918530291e-01 1.0633846925e-01 -1.8242506882e-02 -6.7480142180e-02 1.3157285846e-01 1.8895369142e-01 4.1402505412e-02 -2.4037437903e-01 9.9795298375e-02 -1.7455266453e-01 7.0849588084e-02 -9.4036879349e-02 -1.0602711106e-01 -2.5495589912e-01 1.2588751965e-01 5.3672401800e-04 -2.7143147976e-04 5.9249262137e-03 8.8923712158e-03 -8.2362429326e-02 1.6863171181e-01 2.2915542226e-01 3.0216255441e-01 -1.9448045516e-01 1.7799940641e-02 1.8005663134e-01 2.3482108545e-02 7.5357590772e-02
-1.8733092034e-01 -3.0674853305e-01 1.8509882661e-01 3.7106650607e-01 -3.2708172745e-01 8.7122218985e-03 2.6920256196e-02 2.2044881148e-01 -1.2646866834e-01 8.8242642852e-02 1.3865678150e-02 -2.2167682598e-01 2.1753638083e-02 3.2835108245e-01 7.4940770739e-02 -1.4964763346e-01 2.3351277971e-01 4.0179738651e-02 2.0045062196e-01 -5.4451932754e-02 -1.3710109116e-01 -4.9810927748e-02 -8.1732894445e-02 -9.3209897601e-02 -4.0067433123e-01 -1.5726891417e-01 1.6705466648e-01 -5.0353357069e-03 3.2452161069e-02 -3.0822727832e-01 3.2291469877e-01 2.6003648209e-01
1.1928107602e-01 -1.1193389020e-01 9.2596176759e-02 -2.3459833895e-01 3.3162534273e-01 -1.2170092974e-01 -5.2291459114e-02 1.5665242078e-01 1.9526607703e-01 -1.5787212824e-01 1.6788136232e-01 -1.4444750279e-01 1.4669199850e-01 -2.2591499760e-01 -3.2335042314e-02 1.1342433979e-01 2.7664303518e-01 3.8800700059e-01 -2.4474240950e-01 1.7326433742e-01 -1.8867191570e-01 -7.5899594465e-02 -7.8174127600e-02 1.5908930045e-01 -7.1723033438e-02 7.2906453005e-02 -1.1551001003e-01 1.8237492105e-01 -4.1930995300e-02 -2.9280124157e-01 1.1170587600e-01 1.0601093538e-01
-2.6922429325e-01 1.7358374380e-02 -2.3090819508e-01 -1.7204578933e-01 -1.3357563787e-01 6.2530100476e-02 1.0868569226e-02 7.1309061728e-02 -2.2596835888e-01 9.2641176357e-02 -1.0450910143e-01 6.8139884528e-02 -1.5416927815e-01 -4.4385462967e-02 -4.4638625415e-02 2.7224020112e-01 1.3981326041e-01 -1.2704299310e-01 3.0733388165e-01 -7.6097818132e-02 -2.0601138761e-01 -2.7273069752e-01 -1.0497461005e-01 6.6417002197e-02 -1.2884327604e-01 -1.5713259553e-01 5.7312205995e-02 -3.9141498511e-01 -3.9430525956e-02 2.6273609311e-01 2.1792923009e-01 4.2774843431e-02
1.3154673881e-01 3.7763633859e-01 2.6087425498e-01 -4.8197796200e-02 -2.8788470379e-01 3.2086149166e-02 3.0328460829e-01 -6.5668462405e-02 7.2600777015e-02 1.0539126702e-01 1.7473065477e-01 3.0949490278e-01 -2.3222828368e-02 1.4221210659e-01 -1.7396525389e-01 -2.5404198102e-01 3.2329904778e-01 -6.6172394515e-02 5.4576861205e-02 -6.5472814104e-02 -6.8977596128e-02 3.1671528723e-01 2.1335784586e-01 -1.7712988432e-01 -1.0723058996e-01 -2.5362000815e-01 2.3639537219e-02 1.1585070899e-01 -2.6754655285e-02 -1.3306066132e-01 1.9932130087e-01 8.4016341861e-02
1.1774548027e-01 -8.2321948154e-02 -3.0348944877e-02 -5.3777154263e-04 8.3352236105e-02 2.8469054912e-02 2.1398274362e-01 2.7086993399e-02 1.3544504878e-01 7.5881844685e-02 1.6791813664e-01 -3.2904040323e-02 -4.1361431369e-01 -2.0031075822e-03 6.3206615370e-03 1.1496503655e-01 1.1024624434e-01 -2.9273603881e-01 -1.1027678759e-01 -1.0707375497e-01 1.2017025950e-01 9.1059077598e-02 1.2670626623e-01 8.9436515252e-03 -7.8570851364e-02 -2.0445974290e-02 8.8007996465e-04 -1.1316932274e-01 -6.2763682999e-02 1.1136266564e-01 -1.7326641519e-01 -1.3100254785e-01
-2.3978665775e-01 -4.5171013993e-02 2.8869209563e-02 1.7152436707e-01 8.1681431484e-02 -2.2633200916e-01 3.9163536200e-02 1.6809426246e-01 2.2996233837e-01 1.0701876476e-01 -2.2773318015e-01 7.2444719174e-02 -6.7602669498e-02 2.8168501612e-01 1.5631137702e-01 2.4221768385e-01 1.0423790157e-01 2.9754426828e-01 6.0511095117e-02 1.1964885869e-02 8.8925819874e-02 -3.8598263816e-02 -6.8508560943e-02 -1.1482867336e-01 1.4097795598e-01 8.8306463593e-02 3.7191426126e-01 -6.4609281105e-02 1.2124762222e-01 2.6571565425e-01 -8.3370534382e-02 -2.6325700146e-01
-1.7019583184e-01 1.6488237363e-01 -7.5215569877e-02 -4.2861406792e-01 3.8794391426e-02 -1.5023229555e-02 -1.1663853244e-01 4.2268839775e-02 -2.0923717555e-01 -1.0980905303e-01 -7.7444369417e-02 1.2130129555e-01 2.0491241052e-01 -2.1621489183e-01 -1.5313121042e-01 -2.5439284132e-02 3.5527940640e-01 -2.4788176553e-01 -8.1369820123e-02 -6.6106101803e-02 3.4113810135e-01 -1.6324263299e-01 1.4579321521e-02 -1.8717667969e-01 1.6827491199e-01 1.8883375603e-01 -2.2036855161e-01 9.1450800187e-02 4.0261277922e-02 -1.2238022139e-01 -2.2125207203e-01 -3.8442529871e-01
1.3932531875e-01 1.9139517318e-01 4.4789484644e-01 -1.1204209438e-01 9.4537844806e-02 8.2492479205e-02 6.8951160939e-02 -8.7738682743e-02 3.2906527606e-01 -1.7494114762e-02 -1.6719544642e-01 1.4704201985e-02 1.7248562022e-02 2.5443737976e-03 2.0285302418e-01 1.0754641445e-01 -1.9014558372e-01 1.6283357988e-01 1.2648603930e-01 2.5161211840e-01 -7.2218192614e-02 -3.4103370470e-01 1.6606755577e-01 2.7934163899e-01 1.2483088889e-01 -3.3634477071e-01 1.0709389613e-01 7.9765372512e-02 -2.1095165267e-02 2.7658519749e-02 2.0559001105e-01 -2.0408352946e-01
-2.2750110907e-01 -1.5073674912e-01 -1.3916944156e-01 -1.6605624307e-01 -3.8579175691e-01 -2.5159782113e-02 4.7404839597e-02 -5.5269074302e-02 -1.2464650222e-01 2.2864782684e-01 -3.3590403843e-01 -1.4562602532e-01 -1.0343872468e-01 1.0940388793e-01 3.5719580029e-02 1.3496409761e-01 -6.4822526470e-02 -4.3836345364e-02 5.0363131445e-02 7.2013504739e-02 -4.7097265697e-02 -1.8404419442e-01 -5.6287259900e-02 2.3443429661e-01 1.8632167133e-01 2.9085922470e-01 1.1548523993e-01 -1.5795498027e-01 -8.0709290157e-02 -4.5961426677e-01 -3.7393288368e-02 5.4672017960e-02
5.2418696732e-02 -1.3964738405e-01 -3.6789027206e-01 1.2208363902e-01 2.4288031534e-01 -4.7391669604e-02 -6.0509507222e-03 1.2272345263e-01 -4.3767402443e-01 -1.0549779746e-01 -4.5600854278e-02 -8.0403274450e-03 -1.0822273420e-01 -1.2883606932e-01 -1.1557718649e-02 1.4462914787e-01 -3.5313767590e-01 -5.2241603714e-02 -7.3511232224e-02 1.9118000024e-01 -3.5279396055e-02 1.1976567431e-02 3.5887658580e-01 -1.0026701192e-02 -4.6111642853e-02 -1.3559523721e-01 1.0218833305e-01 -2.6262257245e-02 -6.5829148129e-02 1.1987862222e-01 -1.1550967324e-01 2.6642188523e-01
-7.5414335455e-02 -3.4000241668e-01 -2.4560467123e-01 -3.0543365385e-01 -1.5659947294e-01 5.0330382201e-04 -6.6286747070e-02 -2.3233432467e-01 -1.7942454726e-01 -3.4137574939e-03 3.4571313979e-02 3.2344116652e-02 -7.3675266240e-02 1.9565187880e-01 1.6621849619e-01 -1.1714541523e-01 2.8479429794e-01 6.5796599089e-02 4.2186613914e-02 7.2569423040e-02 -1.3022309200e-02 -2.1696264939e-02 -3.7124858902e-01 -1.6405291599e-01 -1.0718148151e-02 1.3557016374e-01 1.4712826892e-02 -1.8437906301e-01 -1.7994024796e-01 9.0355150442e-02 -5.0948091201e-02 1.8637452337e-01
-1.5431669466e-01 1.8636019617e-01 -6.4611696596e-02 8.9585777324e-02 -6.3345439740e-02 -2.6960382525e-01 7.1633669874e-02 -7.3994481089e-02 -2.0091315654e-01 2.7176781400e-01 -1.3439762043e-01 -2.7822258651e-02 1.2475950123e-01 2.2128180084e-01 2.3857881612e-02 2.3102674736e-01 -1.6555313260e-01 -1.5359551408e-02 5.2994837086e-02 8.5813063588e-02 2.7743170902e-02 1.1448406450e-01 -2.3279932968e-01 -1.7145076165e-01 2.3203738824e-01 -5.3607170187e-02 -7.0379971717e-02 9.1942267400e-02 -7.9367341363e-02 -1.5834593597e-01 -9.1631478896e-02 9.6329456282e-03
-3.4683301219e-01 -1.1770111136e-01 -2.8142504976e-01 6.1727567040e-02 -1.7823086958e-02 -3.9363424663e-02 6.2686466589e-01 -1.8992929955e-01 2.7918252990e-01 1.8136309388e-01 -3.4660035981e-02 -1.5792063391e-01 -2.1295714674e-01 1.0571047840e-01 3.4170069890e-01 1.2475101337e-01 3.2860174812e-02 -1.6618750673e-01 2.1575628006e-01 2.1425596183e-01 -7.0657889683e-02 -1.6032009521e-01 1.0515148431e-01 4.7633016126e-02 2.7809185407e-01 -7.1274084140e-02 7.0729883028e-02 -2.7649169012e-01 1.4431992342e-01 1.9275833312e-01 -3.0687498811e-01 3.5376193293e-01
2.1271866109e-01 -6.3328907818e-02 -4.3944128930e-02 -1.5115155471e-02 2.6945299866e-02 3.1974802444e-01 6.2651222650e-02 -6.6806008239e-02 -1.2764855886e-02 2.8523182241e-02 1.5332281354e-01 3.8437512288e-01 -4.6005545621e-02 -3.9302351294e-02 -4.7404880254e-01 -1.8564824466e-01 1.4703420858e-01 1.7291927212e-01 1.9347255255e-01 5.0940035271e-02 -3.9012837507e-02 2.2535740383e-01 1.6184282175e-01 -1.9839066736e-01 -2.2334308080e-01 2.3322578426e-01 -2.6958041069e-01 -2.0420710598e-01 -3.0307645603e-01 -7.6207771542e-02 -1.3264634657e-01 2.7021841525e-01
4.1067694607e-01 -8.4546839930e-02 2.6344606859e-01 2.5887825434e-02 -4.2893122116e-01 8.7890982731e-02 -1.1199486844e-01 -1.5967102240e-01 2.4943355957e-02 1.5562208104e-01 2.3405275367e-01 1.2633461956e-01 -9.9635179794e-02 8.0225250563e-02 3.3247902153e-02 -6.5927514482e-02 -2.4280396624e-01 -3.2907761014e-03 1.5047938616e-01 1.5846633968e-01 4.9955399443e-02 1.6255556787e-01 3.3847687695e-01 1.0926440009e-02 -1.6842435887e-01 1.7930069439e-01 -2.1092279296e-01 3.0305160501e-01 -2.3969274272e-01 1.8837315968e-01 -2.3012019930e-01 -1.8665185607e-03
-4.2305822022e-02 -1.1756590063e-01 -9.8347787415e-03 2.4159560291e-01 3.1916111233e-02 2.0040579601e-01 -1.0768258800e-01 2.7024125551e-01 1.8772533183e-02 1.8234143313e-01 3.1966327981e-01 2.1992670996e-01 -1.4456100290e-01 9.8169948798e-02 -1.1030866418e-01 5.1014362403e-02 1.3193838911e-02 1.0099550733e-01 -4.7640688812e-02 1.1879136924e-01 1.5851101300e-01 -1.4782302637e-01 -1.6025574907e-01 4.9227998603e-02 1.8288615641e-01 -1.5771156544e-01 3.5730043402e-02 -1.6979965401e-01 -1.5342567840e-03 2.5022747702e-01 1.9130294401e-01 7.1192509655e-02
-2.3381853923e-01 1.4026231132e-01 2.0677468445e-01 4.4103449619e-03 -1.5034412282e-01 4.6102764393e-02 4.2355062549e-02 -1.6339725250e-01 1.9699000325e-01 1.6150760494e-01 1.2489789294e-01 1.2197807027e-01 -1.1796132851e-01 2.6892082545e-01 -1.0802517318e-01 -7.3401673698e-04 -3.4009552667e-02 2.5047199159e-02 -1.1783254494e-02 8.3669931943e-02 -4.3519736486e-02 1.2497768341e-01 2.0116255607e-01 7.8327158383e-02 8.4549745411e-02 -2.1154252162e-01 -4.4602672782e-02 -2.3481163178e-01 -9.3306182526e-03 -8.1880826267e-03 9.9950433279e-02 5.1785142082e-02
2.7131393268e-02 2.0472356478e-02 1.2016754889e-01 8.8309965264e-02 -1.3538936257e-02 2.7632797438e-01 -7.2453561906e-02 -1.2607475224e-01 -9.7363942880e-02 1.1733419553e-01 2.9070958415e-01 -5.3115660022e-02 -1.9713156156e-01 1.7788680764e-01 9.1734252673e-03 3.8052055323e-03 -6.5195950533e-02 2.6128753429e-01 -1.5801760430e-01 1.7988760634e-01 2.9978759778e-01 2.4472194368e-01 1.0727682340e-01 2.9439058192e-01 -2.5902673345e-01 8.1268908463e-02 -1.7199664150e-03 -2.4308457651e-01 -5.5537675715e-02 -4.2213528806e-02 4.4616436642e-02 1.6022352333e-01
1.5453442832e-01 1.2789960855e-02 -2.4531605952e-01 -1.2235400972e-01 -2.8729588362e-02 2.6780845848e-01 -2.8765772556e-01 -6.7167749036e-02 -4.2873410992e-02 3.0443761757e-01 -2.1032260868e-01 -7.8593834451e-02 2.4004286847e-01 -3.1786639933e-01 5.8745981572e-02 3.7717947578e-02 -3.6088186489e-01 7.7010926212e-02 9.7908301526e-02 -1.8499334950e-01 1.3230868731e-01 -1.5304741012e-01 1.0602101986e-01 -2.6250466397e-01 1.1691280125e-01 -3.4364931555e-02 1.3455850764e-01 2.4579301692e-01 -2.4814445374e-03 1.5197710240e-02 -1.9452547137e-01 -2.1950362206e-01
-2.2551248206e-02 2.0984224417e-01 -1.7198652246e-02 -1.2279461231e-01 4.2702634891e-02 1.5372046889e-01 2.6847171723e-01 3.8337045734e-02 2.0286329575e-01 3.5166675501e-01 1.2220614318e-01 -1.1201231366e-01 -1.6967934729e-01 -2.3529397644e-02 -1.3765910641e-01 4.2164673846e-01 9.5977298482e-02 -1.5729477430e-01 -1.5480760027e-01 2.0055678536e-01 -8.5420178409e-02 2.2145835840e-01 3.4639353975e-01 -3.7005162847e-02 -4.4058183327e-01 -2.0747219936e-01 -2.0547102324e-01 -2.2412489720e-01 -6.7042499050e-02 -9.0947754375e-02 7.6766428896e-02 -9.8555146948e-02
-2.9270549992e-01 5.6255365720e-02 4.5088278322e-01 1.2317732400e-01 7.1613146020e-02 8.3512157981e-02 9.6995160671e-02 -1.4882999280e-01 -1.5487222604e-01 -1.2391584135e-01 -5.6310228818e-02 -1.2993624803e-01 -4.2375340809e-02 -1.2564719396e-01 1.2769686918e-01 9.9552678838e-02 8.6869560675e-02 3.5656566796e-01 -1.9307444741e-02 -1.7537398395e-01 1.5001837228e-02 -2.1861560714e-01 9.2664784072e-02 3.1191406465e-01 -1.4602661636e-01 -1.7754535410e-01 1.3506838893e-02 2.0301095583e-01 2.1080935374e-01 -2.2891764979e-01 -2.2335736333e-01 2.3514510003e-01
