-2.3305667639e-01 6.4771230943e-01 1.9273493939e-01 -2.9978244437e-01 2.1806503075e-01 -2.0621532282e-01 -1.1263826732e-01 -3.0147881012e-01 -7.1703026105e-02 -1.6803539497e-01 -1.8197050855e-01 1.4151565819e-01 2.9764189057e-01 -3.6463349127e-01 6.8633328253e-02 -2.4795639000e-01
-1.5870465940e-01 -1.3916638254e-01 8.5030904934e-02 -1.0260544823e-01 -3.7403870856e-01 1.8680558605e-01 -3.1335241741e-02 5.0584672212e-02 6.3941752943e-01 2.0110535818e-01 2.1698111835e-01 1.4273735459e-01 -2.0549661668e-01 -8.5768959547e-04 3.7930334058e-01 1.9174897702e-01
-3.0877822420e-01 3.1604777682e-01 -2.8253975442e-02 -1.5732374671e-01 -7.9378730322e-01 -4.3388099522e-01 7.2171617105e-02 -2.8239548627e-01 -2.3811028260e-02 -5.0656154666e-02 2.6472322273e-01 9.4474589614e-02 -2.2471402993e-02 4.6628311426e-01 5.5598886176e-01 -2.2365996702e-01
-1.9700588155e-01 8.3978999877e-01 -1.7783407105e-01 -1.8716427347e-01 -8.4951346534e-02 -5.5291569438e-02 -3.0300404008e-01 -2.1580299136e-01 1.0757365759e-01 -5.5788898867e-04 3.8407225382e-01 6.5485529455e-02 -1.3954237740e-01 2.1033473191e-01 2.3682557709e-01 -2.5919555242e-01
1.6429602358e-02 -3.4283463509e-02 -2.7802786976e-02 3.0733345045e-01 -4.5794267776e-01 -1.0527398161e-01 3.7541009757e-01 3.8091354092e-01 2.0583304446e-02 -1.3507986901e-01 -3.5488141079e-01 1.5497745531e-01 5.8893284274e-01 2.4053600684e-01 4.8313740522e-01 2.5442418991e-01
-1.3716055497e-01 -9.3388566801e-02 3.5692923170e-02 -1.1381525806e-01 -2.4233704068e-01 -4.0918310984e-01 1.3907086954e-01 4.2601175408e-01 2.7689798737e-01 3.3316402319e-01 6.0782510967e-02 1.9544128398e-03 1.8976957112e-01 -1.4107001001e-01 -1.1879680905e-01 3.0145453599e-01
-1.7352560171e-01 -1.1473106148e-01 2.7456863005e-01 2.5482502249e-02 -8.5379965652e-02 -2.9305159101e-01 3.0407861935e-01 9.3196874718e-02 -8.7364469645e-03 -3.3080422083e-02 -1.5078331179e-01 -6.6706986746e-01 -7.2149510088e-02 1.9050484836e-01 4.7242362567e-02 -1.3917079674e-01
3.1185750090e-01 2.2020774361e-01 -9.0663075477e-02 3.1970305981e-02 -1.5361000474e-01 4.9511548676e-01 7.8738471260e-03 2.9221937537e-02 -5.6341157099e-01 -1.8936118214e-01 -1.1914171324e-01 3.1706987464e-01 -1.8002097746e-01 -1.6934784633e-01 6.9880868171e-02 -2.9640201660e-01
-6.5078412575e-01 -2.7602560243e-01 -1.1141417340e-01 -3.5643804539e-01 2.9269538883e-01 9.7072175017e-02 1.7811573893e-01 1.1473042497e-01 -3.6175998669e-01 -1.0948400776e-01 -3.4248406770e-01 1.1141770442e-01 3.8450141531e-01 2.3558765724e-01 -4.5805121662e-01 -9.3364173326e-02
-2.5599137586e-01 -2.5165241923e-01 2.4099156286e-01 -5.7491496783e-01 1.6660624474e-02 4.9241058897e-02 -6.9876970930e-02 2.3545629667e-01 4.9236377696e-01 -2.3671885856e-01 1.4079729783e-01 2.7253718702e-01 2.0444521990e-02 -2.4411455460e-01 4.2267572272e-01 -1.0885277832e-01
-1.6036237379e-01 -7.2964567913e-02 3.2330520830e-02 -1.9201847811e-01 -1.4609260150e-02 -3.7356285018e-02 1.0248792829e-01 1.9453723421e-01 4.7700841711e-02 -8.5214980855e-02 1.3205874066e-01 3.7709409798e-02 3.5457603388e-01 1.8648542258e-01 -1.6845752576e-02 -3.7356362319e-01
2.4883834866e-01 1.9762765711e-01 3.2394657172e-01 7.8228392645e-02 -2.7664216606e-02 1.8577105781e-01 -2.5193670392e-01 -2.8612508095e-01 1.0813805433e-01 -6.0839407130e-02 1.3408915899e-02 2.3339037528e-01 -1.4139315618e-01 2.7465328620e-02 1.1706640746e-01 4.7435767659e-01
9.3142603102e-02 2.2778372431e-01 -5.4592861491e-02 -1.2529132445e-01 -2.7056833129e-01 -3.9365738925e-01 4.6717920914e-01 -1.5921612443e-01 1.5355379157e-01 1.1135893059e-01 -1.9761628526e-01 6.3342665712e-02 2.0703694830e-01 2.6721614707e-01 3.3908269623e-01 -8.5273415991e-02
-4.4650203532e-02 -8.3438159924e-02 3.9855622249e-01 2.7849249026e-01 7.3973085316e-02 4.8822379226e-02 3.9660170148e-01 -1.8019515754e-01 -3.5981767680e-01 3.3130572640e-01 -2.7830524789e-01 1.4368590394e-01 -1.2097261564e-01 2.4899687472e-01 -2.3311320783e-02 4.1629077125e-03
-3.9650839333e-02 -7.8265156646e-02 3.8202360544e-01 2.2194164500e-01 -1.2945059788e-01 -1.9897440464e-01 3.3229940094e-01 3.0373576079e-01 -5.2807637935e-01 -7.9119222610e-02 -1.5107171893e-01 8.0110677287e-02 1.7694680169e-01 3.7978054037e-01 1.6509108016e-02 -1.0910324942e-01
2.6385557911e-01 1.0868315634e-01 4.9691781886e-01 4.7738934060e-01 -1.1179697386e-02 3.9765171745e-01 -2.1723022763e-01 -2.1374773326e-02 2.6597847503e-01 1.0969529801e-01 -9.2875466344e-02 -1.9683037484e-01 3.3246873101e-01 -1.7125440772e-01 -2.1557098405e-01 2.0680226314e-01
