-1.1663266334e+00
2.2365169219e-02
-1.1904315529e+00
1.0007994865e-01
-1.6971340144e+00
1.8689249025e+00
-2.3896852827e-01
1.1143364568e+00
1.9424557347e-01
9.1688169808e-01
-4.9026867781e-01
8.8206447895e-01
-4.2282385986e-02
1.2014915215e+00
8.4508917249e-01
-1.1829881032e+00
-2.4094213255e-01
1.3560814789e-01
-1.5357677322e+00
5.7928401121e-01
6.0376691640e-01
-1.1262461709e+00
4.9950082388e-02
-3.4713545199e-01
-3.2024499062e-01
3.6622251098e-01
-2.0405798140e-01
-6.6034482007e-01
-3.0045884012e-01
-2.3814495664e-01
4.9502826517e-01
-1.0517792870e+00
