-1.4380049002e-01 -2.8208211061e-01 -2.9814109156e-01 -1.4487370111e-01 7.5836302373e-02 5.2859091570e-03 -2.8059525671e-01 -6.3139107866e-02 2.2204328519e-01 -2.8987849917e-02 -1.1755000626e-01 -1.3428777346e-01 1.0844399445e-01 -1.8214978260e-01 -5.7827756396e-02 4.3556036599e-02
1.9120036788e-01 -2.0323023920e-01 1.9065919042e-01 -2.4829810770e-02 -1.9761454622e-01 -1.0382694262e-01 -1.4921468706e-01 5.5340807595e-01 -1.1541556204e-01 6.9468167510e-01 9.7530047568e-03 4.2904789624e-02 7.8804804169e-03 -1.8398150208e-01 4.2696200238e-01 -1.7403112524e-01
-1.0352151259e-01 -7.7180611368e-02 7.9788881615e-02 7.8714788043e-03 -9.9292347340e-02 9.2911882926e-02 -7.6176922776e-02 3.7477516706e-01 -1.3245069579e-01 3.5040384006e-02 -3.2223003305e-02 -3.2457856347e-01 -1.0415453309e-04 5.0403976959e-01 -1.1928734142e-01 1.1687387871e-02
9.3693692060e-03 6.5707500380e-01 -5.7120155503e-01 -4.1176759707e-01 1.9765354405e-01 -5.1267253738e-01 6.7019646703e-01 -1.8686465804e-01 -1.7447181390e-01 -3.9218271215e-02 -1.2225554377e-01 -8.0523357498e-02 1.4323924929e-01 4.3030416584e-01 -2.1383964682e-01 -1.1670455357e-01
2.7482482789e-01 -7.8664860112e-02 -4.2990958311e-01 3.2131184112e-01 -8.8887186085e-02 -1.7757847763e-01 -2.7336331274e-01 1.2061379682e-01 -2.6833060865e-01 -3.2446169844e-01 -1.8416675381e-01 1.2942042871e-01 2.5620777766e-03 -1.3084936539e-01 -1.7223061487e-02 -6.0904783159e-01
1.0427019457e-02 1.7462293083e-01 -1.5422560896e-01 2.5234261227e-02 -1.4504152643e-02 2.3763993950e-01 1.4076482769e-02 -2.4707907397e-02 -6.1267202486e-01 2.3806799314e-01 2.5876193012e-01 2.6107091339e-01 1.4131851236e-01 -2.5671150090e-01 2.1260084009e-02 -1.3611613507e-01
7.6287419613e-02 -2.6063147750e-01 1.7453491584e-01 -3.3361742061e-01 8.3822395340e-02 2.4963922570e-01 3.8149452678e-01 1.6925561259e-01 -3.9472848189e-01 2.0694517511e-01 -9.0115722245e-02 -3.0667339189e-01 -6.8284318259e-02 -2.0853284645e-01 -2.5441168029e-01 -3.7226268463e-01
1.0984192703e-01 -1.4309830214e-01 -3.9996047150e-01 9.4242786370e-02 -1.0360929424e-01 -3.4333991614e-01 8.2578590657e-02 -7.9399125892e-02 4.6328706391e-01 -5.4484009564e-01 4.8933993806e-02 2.1984948501e-01 1.8793992395e-01 6.6242883911e-03 -2.1364333866e-01 2.8034575421e-01
-5.2911274950e-02 2.2769127063e-01 7.0549331008e-02 1.1215040165e-01 1.6505838585e-01 1.0655168991e-01 1.6944510484e-01 -1.3450269972e-01 2.5860912463e-01 -4.6802278756e-02 4.4880443692e-01 1.0521195704e-01 3.7248872332e-01 -1.6192882465e-01 2.4970963119e-01 -1.6222467384e-02
3.4412758045e-01 5.1727348926e-01 2.3400583201e-01 -3.3880633835e-01 1.3775723342e-02 2.1109789271e-01 6.7567855945e-02 -1.0541418323e-01 -3.1238809802e-01 -1.6289161380e-01 2.4268599688e-01 7.1700274339e-02 2.3419706746e-01 5.7605561716e-01 2.6909357939e-01 4.0631339807e-01
-6.6084461527e-02 -1.6635949444e-01 -5.7435196963e-02 -7.3590115557e-03 -1.6391730017e-01 -2.5011009505e-02 -5.7467007340e-02 -1.5178684612e-01 1.6882382877e-01 -2.7447377786e-01 -4.4872437067e-02 9.5035496820e-02 1.3360960600e-01 -1.6521386004e-01 3.8317956942e-01 3.5610210003e-01
9.9432125358e-02 -7.1222974783e-01 -6.9414763325e-02 1.7765989171e-02 -4.7960714047e-03 2.3951645243e-01 -3.2780278798e-01 2.3493971661e-01 -5.1887015950e-01 -3.9507653383e-01 2.1143700904e-01 -9.6705023271e-02 -1.7603772069e-01 1.9939245392e-02 3.0523308355e-01 -3.9256342358e-02
5.4545575193e-02 -2.7770322712e-01 -1.0331131002e-01 4.6604699664e-02 -2.8773595078e-01 2.7066800701e-01 4.7247097199e-01 -4.1763915932e-02 4.3140668155e-01 1.7948707094e-01 -1.0634525285e-01 -5.2984570956e-03 -4.9008469185e-01 -1.0126451177e-01 7.1210416447e-01 -6.6988808886e-02
-2.1096536272e-01 -2.8094448485e-01 -9.8078671463e-02 3.7157120828e-01 -3.5902027276e-01 1.4951046550e-01 1.2327012970e-01 3.2314422822e-01 -4.2503893453e-02 -1.4758709712e-01 -1.7892858661e-01 4.3868077593e-01 6.5026772813e-02 -2.2778520637e-01 3.2819020288e-01 -2.1382386739e-01
1.8511292879e-01 8.6155215213e-02 -2.6387376474e-01 -4.1529742667e-01 4.3287301436e-01 -1.8445031363e-01 2.1832044087e-01 1.3302629554e-01 -9.4462821835e-02 -1.5400091102e-01 3.1897416007e-01 4.2718250419e-01 5.9309012044e-02 1.2963854983e-01 -6.6853975940e-02 -5.1932675238e-01
-3.5457361777e-01 5.4851236077e-01 1.2383400058e-01 2.9626664397e-01 3.3322733467e-02 2.9502342135e-01 -3.6957765165e-01 6.6295921381e-02 -3.1559291178e-01 -6.0360259762e-02 -3.9429872776e-01 -4.4608854661e-01 1.1945576453e-01 3.0355404759e-01 -2.4775115999e-02 -3.0162929739e-01
