-9.7737571274e-01
7.8621779585e-01
3.8353265199e-02
-6.0988992320e-01
1.9447203772e-01
-8.2329238468e-01
2.3698696150e-01
6.8957370608e-02
-1.8387104376e+00
-1.5163247942e-01
-2.0407289926e+00
6.9640870698e-03
2.8368939293e-01
-9.2755540706e-01
-7.7213231461e-01
-1.4851939598e-01
1.4550699355e+00
1.1160909340e+00
8.1647360255e-01
3.2464793184e-01
-1.2077684350e+00
-8.4830169309e-02
-7.4869313919e-02
4.5107108091e-02
-7.0983614087e-01
-9.8693430934e-01
-8.1602714901e-02
-6.5940514397e-01
7.2199984342e-01
1.3416599082e-01
-1.1107474843e+00
9.6431088080e-01
