4.9162355229e-01 -2.6076659122e-01 -1.5226679281e-01 2.5504339355e-02 7.5754964269e-02 2.2939544789e-01 7.6774216547e-02 2.4038261543e-02 6.8981554317e-02 -2.1995341420e-01 -4.0905060760e-02 1.9255273895e-01 -1.0397581664e-01 -1.1757195314e-01 -1.9150432878e-01 2.5679310552e-01
3.9249495067e-01 7.6992213007e-02 6.3917652326e-01 7.7035261769e-01 -1.0736891059e-01 -2.7020417365e-01 -6.9276531607e-03 -6.5049736061e-01 5.9382574128e-01 -2.3947284148e-01 1.8215980057e-01 1.6720491885e-01 1.2830023995e-02 1.2082053842e-01 -3.6232344405e-01 -5.4153631466e-02
3.7619671456e-01 -7.6768211416e-01 4.1264360192e-01 5.0146312247e-02 9.9287465656e-02 -4.6192263249e-01 1.8218510081e-01 -2.0890772731e-01 -1.9381851907e-01 -1.4242525786e-01 -3.0526040480e-02 -3.4301843953e-03 1.1896335635e-01 2.8460092417e-01 -1.0684072964e-01 -1.9843554890e-01
5.2100413709e-01 7.0640935652e-02 9.6552082954e-03 1.1983996104e-01 2.0347878404e-01 2.3550830278e-01 1.8689773260e-01 1.1982797175e-01 -3.5928047967e-01 1.0009749009e-01 -6.4239712268e-01 1.0242767283e-01 2.7909231133e-01 -1.7094957890e-01 -9.0595236051e-02 8.8974944824e-02
-1.1745394108e-01 4.8820167956e-02 4.3522723630e-02 -1.8122660110e-01 2.1182239091e-01 -1.7894972139e-01 -4.9025802118e-02 -5.2109763028e-01 -2.7499771200e-01 3.7289804087e-01 6.5717434642e-01 -4.3160530532e-01 4.9825202140e-02 -9.5218773686e-02 1.2323385536e-01 4.9118773145e-02
-1.0180036018e-01 5.0924848114e-01 -1.2025045418e-01 1.5488630565e-01 -2.3017796254e-01 1.9114614698e-01 2.9699345383e-01 3.1722561224e-03 4.5663066542e-01 -1.1537122225e-01 1.0823839781e-01 1.6180125840e-02 -2.5650193795e-01 2.5482011285e-01 -8.9605362618e-02 -5.1308765631e-02
-2.2112454379e-01 1.9413553484e-01 -3.7789102657e-01 -1.6017447076e-01 -1.9893225199e-02 -5.9309623667e-01 4.6189564492e-01 5.2157721662e-02 -3.2314110497e-01 1.2069465280e-01 9.8572646182e-02 8.2985730417e-02 6.6313471113e-02 4.1360930253e-02 1.5167854395e-01 -1.5204718984e-01
-3.4111869017e-01 -1.3877463834e-01 8.2439044122e-02 1.6367330415e-02 1.4513367592e-01 3.1683024921e-01 -1.9077395993e-01 -4.0331866934e-01 7.0629922108e-01 5.2014174548e-02 2.9903089716e-02 2.4686112157e-01 -1.4376544111e-01 -3.8964683093e-02 5.7471832030e-02 -1.6819206650e-01
1.5486687010e-01 -4.9779562044e-01 3.5803789141e-01 -1.2739122336e-01 -5.3334127612e-02 -4.8773072833e-02 -1.8510764717e-01 -4.1869014290e-01 1.3183275439e-01 -5.4332909905e-01 -1.7111702218e-02 -4.8850798702e-01 1.3373635999e-01 -2.1032817167e-01 1.4069249367e-01 -2.0590679836e-01
1.1876430793e-02 4.0190457503e-02 -2.5985076200e-01 1.8594807054e-02 -2.2116855336e-01 3.0857086689e-01 1.1186713133e-02 -5.0726041914e-01 -1.3978567822e-02 1.7521209438e-01 -2.5630111449e-01 3.2047466642e-01 2.7515044520e-01 2.0138308941e-01 -9.3486961873e-02 5.9830857687e-02
6.7865294877e-02 -2.5209914333e-02 -3.8153482489e-01 -1.1721813757e-01 -2.3646383997e-01 -1.5373721776e-01 -8.7915843599e-02 4.4928340360e-01 2.0259873633e-01 8.9199828886e-02 5.9051694175e-02 1.4976235096e-01 -2.0832239674e-02 -4.7239698643e-01 6.2571825458e-02 3.1752957877e-01
1.6569451582e-01 3.3981393515e-03 -6.2492927911e-02 -4.5834513811e-02 2.7292310373e-01 2.3467726811e-01 -2.2819495568e-01 5.6771561635e-01 1.2480070687e-01 3.0228722966e-01 -3.9722858723e-01 7.6474594886e-02 8.9793198379e-02 -1.6764427268e-01 2.1220121421e-01 1.3298338005e-01
1.7749704915e-01 -4.5938942726e-01 1.8281432183e-01 -3.3731157097e-02 -2.9635597896e-01 -3.0871224882e-01 -2.1347823331e-01 -9.7271810351e-02 -2.7653600138e-01 -1.2232176016e-01 -2.1749458181e-01 -1.5477719139e-01 -3.4309031988e-02 4.4089340489e-01 -2.2624887092e-02 -2.1512794374e-02
-2.9136953795e-01 3.6090577840e-03 2.2538391500e-01 -3.0689047098e-04 -4.0782291740e-01 -3.0971031302e-02 -1.9137723621e-01 3.1275788172e-01 1.6222254560e-03 -1.1022258249e-01 5.0980334243e-03 4.2920616562e-01 -3.2933319190e-01 3.0058178206e-01 -2.1435371417e-01 -4.4334526369e-02
5.8019512732e-01 3.7134380303e-02 -7.5687867477e-02 1.6720745608e-01 8.8322627177e-02 2.1673120676e-01 1.2493650416e-01 -1.4415697942e-01 1.1136202294e-01 -1.7241666007e-01 1.9457428460e-02 3.0186556423e-01 1.4430082893e-01 2.3239751521e-02 -6.9870269942e-02 -3.0668184998e-01
1.8612412271e-01 1.7700628811e-01 -5.4552322943e-01 -5.8633838034e-02 -8.0223639632e-02 -1.1608518654e-01 1.7505185974e-01 -3.0828238441e-01 -3.0432633173e-01 -1.0781943512e-03 -2.9585909343e-01 -1.7496878405e-01 3.5062437150e-01 -1.1185206290e-01 3.1659656695e-01 2.3016357545e-01
