3.8429361628e-01 5.6161646726e-02 -1.6624869437e-01 -1.0849369021e-01 -2.1369918542e-01 -2.3268863375e-01 2.1544406894e-01 -7.4939276203e-02 1.9786521300e-01 9.7473768389e-02 -2.9525535734e-01 2.1678760291e-01 -4.2451581889e-02 1.4182951985e-01 7.1858881417e-02 -1.6010349196e-01 -1.8981561775e-01 -2.5612854589e-02 -1.1020237539e-02 -1.1477398718e-01 -2.6355363316e-01 8.8795248245e-02 -2.0813894756e-01 -1.1289997846e-01
3.6866520715e-02 -6.6495252192e-02 8.0903669039e-02 2.7971786906e-01 3.3827828912e-01 -1.2857562161e-01 -1.1463549457e-01 2.4990991378e-01 6.4688925997e-02 2.6889818171e-01 2.1996173076e-01 5.7336080668e-02 -3.3946302885e-01 -1.4565189851e-01 3.7926600927e-01 -1.1962018508e-01 -1.2595844244e-02 -1.1368504350e-01 9.6787923158e-02 -1.2394412134e-01 -1.9930776129e-01 1.3378950929e-01 -7.2071622312e-02 -1.4492077691e-01
2.8192556591e-01 -2.7703377309e-01 6.0947160716e-02 6.1040345963e-02 5.5909288354e-02 -1.1209653959e-01 1.4003471773e-01 -9.4473979661e-02 3.3040295605e-01 1.4623430378e-01 1.9117458464e-01 9.9996510638e-02 2.6772695452e-01 -3.6375435641e-01 -1.5472511868e-01 4.3189428800e-01 -3.1791648554e-01 -2.5119624778e-01 7.0987197427e-02 -2.1245226112e-01 2.2757440881e-01 -2.5197414675e-02 -7.2363602072e-02 -8.3450115197e-02
2.0711545121e-01 -2.9338280630e-01 -4.4346594405e-02 2.6439370031e-02 5.5259119605e-02 1.9815207039e-01 7.7867753951e-02 3.9058097884e-01 -3.7185218808e-02 1.0469140372e-01 -2.6180242520e-01 -3.1032131565e-01 1.0354148609e-01 -1.9203675887e-01 2.9439458041e-03 1.9076476499e-02 6.1456066758e-02 1.4997691898e-01 6.7901523213e-02 -3.7085404180e-01 -2.2066206569e-02 -3.5993674086e-01 -2.0919841361e-02 9.1566680966e-02
-2.4823750546e-01 2.4255316654e-01 -3.4070948282e-01 -3.1691548260e-01 -2.4251011338e-01 1.1735631666e-01 -1.9854738941e-01 -2.0838375472e-01 1.8611598610e-03 5.6661090517e-02 1.1537281931e-01 -1.4871386067e-02 1.1618271571e-01 -5.3878839634e-02 1.3796145485e-01 -2.0028572309e-01 -1.9207257607e-01 -2.5494734778e-02 2.9177749933e-02 -8.8747585757e-02 3.1042581050e-01 2.9843702802e-01 -1.0103835413e-01 -1.8217839077e-01
-3.8991841841e-01 1.8225136347e-01 1.0404991172e-01 3.4299553461e-01 3.1739710049e-01 -1.8712420092e-02 8.0814240020e-02 -8.4932812509e-02 -1.4239569630e-01 -3.5314110297e-02 6.2450207755e-02 -1.6616336620e-01 -1.5422434317e-01 -2.1949656528e-01 3.9361464026e-01 -3.2447739650e-01 -5.2583146794e-02 1.7817032960e-01 -2.0180834094e-01 1.3287008593e-01 1.1071763035e-01 1.0638292603e-01 2.6569308892e-02 -4.0792400750e-02
-1.6653827742e-01 9.3530300086e-03 -8.0778659558e-02 2.9947999043e-01 -1.5794108989e-01 -4.6735366547e-02 2.0440923326e-02 7.3547713334e-02 4.1323672923e-02 5.8270140911e-02 1.4774794608e-01 -5.2547726554e-02 -5.0949833301e-02 1.5030709916e-04 -9.8615067411e-02 3.3258681675e-01 -2.9209049083e-02 9.1689590100e-02 -2.3751210868e-01 -1.5489478231e-01 3.0135515839e-02 4.9775307095e-02 -2.5504052290e-02 1.1672307278e-01
6.3984180967e-02 3.9703085624e-01 -9.3034372190e-02 1.4291123162e-01 4.9464590505e-02 -3.5207448801e-02 -1.7286423032e-02 8.9437048980e-02 1.7245966267e-02 -8.8994364094e-02 -8.3206623991e-02 3.1933550520e-01 8.5638507060e-02 2.5364133172e-01 -2.7286396251e-01 -2.8670135028e-01 -1.6586027408e-01 1.8816584193e-01 -7.6172369506e-02 -1.8180198102e-01 -2.6056303373e-01 -2.5786071305e-01 -3.2044134825e-01 9.8670265090e-02
-4.4149250350e-01 -9.4787326504e-02 -9.5773868066e-02 1.1891347081e-01 -2.6026063096e-02 8.1706464991e-02 -9.6394708771e-02 2.9556908813e-01 -4.6552812884e-01 6.1832620313e-02 -3.2960384316e-01 1.1045135096e-01 -3.1602921323e-01 1.0760645683e-01 -1.0433408012e-01 1.0241306373e-01 -3.0713319297e-01 -1.2810720666e-01 1.5517115238e-01 -1.9946542343e-01 -2.6497372419e-01 1.4247550135e-01 1.0999407414e-01 -2.8980948005e-01
1.8114840675e-01 -6.6191823046e-02 -1.3340267992e-01 2.1168870130e-01 -1.4375796776e-01 2.8892645937e-02 -1.4224146708e-01 1.8329818303e-01 3.1751233212e-03 2.6815707006e-01 7.4524840925e-02 -3.0755866674e-01 -1.6552646017e-01 1.9065550371e-01 -9.1816151557e-02 1.6834317858e-01 -3.6403117930e-01 2.1840920766e-01 -3.0361459704e-01 4.1448833943e-01 -1.3287039314e-02 1.2710566865e-01 -2.8665475596e-01 1.7725608185e-01
-3.4754513044e-01 -5.1711162226e-02 -1.2122720723e-01 -1.9279655538e-01 -8.4330568633e-02 -8.2074706284e-02 4.0600909835e-03 1.2035399977e-01 -4.3164909085e-02 -4.8730790989e-01 -2.9023094959e-01 4.3194672794e-02 2.2478409536e-01 1.0953168566e-01 7.3442409085e-02 -2.6616399793e-01 -1.7347463421e-03 -1.4060197282e-01 3.0612024673e-01 2.1132592989e-01 -4.1903804980e-01 1.2101645371e-01 -1.8371684796e-01 2.5819188967e-02
6.4980685612e-01 4.2687779290e-02 6.4513223009e-02 2.4141158352e-01 1.9771344476e-01 -1.8720065551e-01 -2.9172726062e-01 -2.2809100182e-01 -1.5850300454e-01 -6.4973209899e-02 4.6321765468e-03 -1.3810770954e-01 -2.1959882295e-01 2.6554070444e-01 -1.6451272191e-01 2.7380401312e-01 1.0848584249e-01 -1.4789791123e-01 1.7012724334e-02 1.2611881885e-01 -8.6681157503e-02 -1.7466337991e-01 -1.0970586351e-01 3.1654857293e-01
1.2005106562e-01 2.0424010144e-04 9.4334483954e-03 4.5271932713e-02 7.3265508550e-02 4.1254693664e-01 2.7895451485e-02 -1.3048138556e-01 -1.1065955100e-01 4.4443810604e-01 5.4631757028e-02 -3.0113544223e-01 -2.0526316471e-01 -2.2482394691e-01 -2.2397559348e-01 3.2064067487e-01 1.6279760280e-01 1.2883983048e-01 -8.0375186972e-03 -3.6695824120e-02 -1.9511632639e-01 2.2730326192e-02 2.7036930029e-01 4.5781141415e-02
-6.3730750058e-02 4.1476396763e-01 -2.6090517793e-01 6.8835621039e-02 6.4627206143e-03 -4.3396788572e-01 -2.3032871482e-01 1.9105313242e-01 -3.0929145523e-01 7.1165526940e-02 3.6111551562e-01 1.6090331174e-01 -2.2764773701e-01 1.1800880861e-01 -7.3482348048e-02 -4.5648136300e-02 2.2430292114e-01 8.6968329059e-02 -5.4201700210e-02 4.4635027974e-02 -5.6463128070e-02 1.0103605709e-01 -1.9131097191e-01 -3.7019000609e-01
-7.7833130903e-02 -2.5887504795e-01 -1.7299058319e-01 4.5752250752e-02 -3.1231315192e-01 -5.0943449197e-01 -9.2777283069e-02 1.4353869782e-01 1.1351684960e-01 -2.1106521590e-01 2.5756163464e-04 7.3236453281e-02 -3.2171886124e-01 1.1632438230e-02 -2.1005336683e-02 -3.3688548085e-01 -3.4988250752e-01 5.1025224183e-01 -1.4661316917e-01 -2.1460234145e-02 6.7452968642e-02 3.6973929644e-01 -1.7700039212e-01 -2.2961354843e-01
-1.4614763303e-01 -2.9880166729e-01 3.6680040168e-02 -1.8197449902e-01 4.9774295670e-02 -2.1090650948e-01 2.1547003354e-02 -8.8302211150e-02 2.9923982143e-01 -8.0349626707e-02 3.5443444695e-02 1.4306649673e-01 6.4508989350e-02 -3.9293368444e-01 -2.1435866166e-01 3.3694992532e-02 4.2115938146e-01 2.7273390902e-02 1.0237806333e-01 1.7353925541e-01 1.6070740115e-02 1.7855458105e-01 2.7529556534e-01 -1.4561307205e-01
1.6441980286e-01 9.8811330244e-02 -4.0871527888e-02 -3.9380734645e-02 2.3374616865e-01 1.2961740815e-01 3.0510905948e-01 -2.6955426424e-02 1.9634390438e-01 5.2254015192e-02 -1.0058220138e-03 -4.7274870994e-02 1.4258077166e-01 -8.6129609838e-02 1.2314743477e-01 1.8956755295e-02 -1.3722945554e-01 1.3206772083e-01 3.2725130008e-01 6.5252274969e-03 1.6106416976e-01 6.8194512958e-02 -9.1823178665e-02 3.9439160871e-02
-3.5947988800e-04 -1.2699384714e-01 2.7529519489e-01 -1.8377953659e-01 6.8674714637e-02 2.1041307372e-01 -5.9343937171e-02 1.9253415969e-01 -2.1521987446e-02 1.9313071179e-01 -2.4904674875e-01 3.0001811223e-01 -1.6839887500e-01 -1.5396844454e-01 -1.3407460628e-01 -4.1144584633e-02 8.1483830189e-02 -3.2693833264e-01 -4.0850498943e-01 -7.5987313233e-02 -9.6115898625e-02 1.3446206238e-01 -1.1798459375e-01 1.5832879769e-01
9.6029401227e-02 -1.2392186057e-02 3.6384480601e-01 4.5174527007e-03 1.5750902142e-02 9.0489942276e-02 8.4695130202e-02 -3.5077588862e-02 1.8126737994e-02 -8.7194968455e-02 1.3029194066e-01 1.7020701970e-01 -6.9520976367e-02 6.6701269320e-02 -1.3654294883e-01 2.2742687135e-01 1.1397125819e-01 -4.1732178749e-01 4.2865016331e-01 -1.0510941626e-01 2.7799117474e-01 6.3208098789e-02 3.7882563943e-01 1.3152048843e-01
1.4510253500e-01 -3.3400131807e-02 -1.8493557298e-01 -3.3498810141e-01 7.1774857893e-03 -1.0776400295e-01 -1.8765815727e-01 9.2635265744e-02 -9.1192652596e-02 1.7094328233e-01 6.6051283496e-02 -3.5373615343e-01 4.4961467007e-02 1.6019831428e-01 1.6687324895e-01 1.6221825897e-01 1.9685604913e-02 5.1147525223e-02 -3.4095199932e-01 1.2871314602e-01 1.6398578545e-01 -3.0396580013e-01 2.1713098201e-01 1.1894069342e-01
3.8744076995e-01 -1.0530867881e-02 -3.5602991490e-01 3.4639492708e-01 1.8769261619e-01 -3.5542226299e-01 1.1090050857e-01 -1.8193092315e-01 5.0981739827e-02 1.7587629395e-01 1.8365819929e-01 9.3137307558e-02 6.7080904507e-02 1.7658283122e-01 8.2737178818e-02 -1.0686193993e-01 -4.5487149492e-02 -1.5401865941e-02 1.1916185169e-01 -2.2989298196e-01 1.8597765565e-01 -4.9890474906e-01 -2.6913499209e-01 -2.7962638962e-01
-2.8166440063e-01 4.6050943258e-02 -3.7842594254e-01 9.2749935014e-02 -2.0133604451e-01 -1.6694633459e-01 7.0411712285e-02 3.8190979800e-02 -1.2936531574e-01 -2.0756058963e-01 -1.0622154821e-01 -1.9098911398e-01 1.0784673780e-02 3.3840559462e-01 -3.0130740307e-02 -5.1456491746e-02 -3.3763710589e-01 5.1238837804e-01 2.4260197417e-02 -5.7494719476e-02 -2.5731503400e-01 1.8779543578e-02 3.1036409143e-03 2.4314701529e-02
4.8280816029e-02 8.7087027753e-02 -3.0982860783e-01 1.8806572575e-01 -1.1618862318e-01 1.6243844017e-01 -1.3036022608e-01 1.6734063104e-01 -3.5661514513e-01 -2.0762984816e-02 -2.6113555331e-03 2.5395110126e-01 2.0989462455e-01 -5.1224102937e-02 9.4897214667e-02 1.2026286114e-01 -1.4820458173e-01 6.0080141039e-02 1.6925134640e-01 -4.7237164177e-02 -2.7336148624e-03 -9.5089055464e-02 -3.0014834909e-02 -1.4490515705e-01
1.2937965725e-01 1.9743918706e-01 2.3618678497e-01 3.3654185325e-01 8.8688920674e-02 -1.7190246588e-01 -2.6380347592e-01 -1.1002687019e-01 1.8097904911e-02 3.2604361137e-01 -1.5680681319e-01 1.5837989757e-01 6.7819205761e-02 2.0972839802e-01 6.0187274208e-02 3.9126115857e-01 -3.5413191972e-02 -2.3506225317e-01 -1.2991141776e-02 -2.6950873989e-01 -3.1668684449e-01 3.7988333403e-01 2.9360042801e-01 4.3686678983e-02
