1.6891511824e+00
-2.6906800750e-01
7.3407869035e-01
2.5858798606e-01
5.3225396018e-01
-7.8192264445e-01
7.6975390556e-01
1.1393363671e+00
2.4362264584e+00
-6.5609214708e-01
2.2867014735e-01
-1.6137825028e+00
4.0225414363e-02
-1.2200755023e-01
5.9964010439e-01
1.5927055308e-01
-1.4434172243e-01
6.0815363355e-01
-1.8112497997e+00
1.8052653850e+00
-1.1731528564e+00
1.0896705452e+00
-3.5713384918e-01
3.8306709944e-01
9.6699569643e-01
2.8981825414e-01
-1.5696637212e-01
-4.9564292113e-01
-1.5713936792e-01
-1.3371286510e+00
-8.8920773308e-01
5.4172154826e-02
