2.2894191369e-02 1.8391480826e-01 2.4892788626e-01 8.9383142293e-02 -1.8016212572e-02 1.3937380973e-01 1.7473046898e-01 -2.8179508256e-01 -2.3866306048e-01 -1.4989804017e-01 2.9431482216e-02 -8.7418208496e-02 8.6837084734e-02 -3.2920748403e-02 1.4486243611e-01 4.8011975656e-02 2.3208344843e-02 3.6029029456e-01 -1.7780406789e-01 -1.2395595426e-01 -4.3998758070e-02 -5.3462830152e-02 1.8196113337e-01 7.3177086377e-03
3.6638624332e-02 -1.9546479853e-01 -3.1095163197e-01 -3.6057491672e-02 -3.2506251200e-01 1.0184285948e-01 1.6341488938e-01 4.9097177887e-01 -2.4746009761e-01 1.9727791482e-01 -2.4342843116e-01 6.9014439349e-02 -4.7996307970e-02 -1.0032867168e-01 -3.9784543189e-02 -3.7682386533e-01 5.5897890661e-02 2.6102725708e-02 -2.9680712754e-01 -1.0662365472e-01 -3.7963120563e-01 6.6640318243e-02 1.5873825612e-01 -4.5691300444e-02
-2.1945487242e-01 -1.4305975485e-01 -1.3602714598e-01 -6.6736571704e-02 2.1098849755e-01 7.7388628492e-02 1.4052594821e-01 -9.5502122631e-02 6.3193544939e-02 -1.9544515955e-02 1.2147512704e-01 -3.6023518934e-01 2.5685484368e-01 -2.0661464968e-01 2.3173967619e-01 -2.7468581871e-01 1.1315321631e-01 -9.3738921051e-02 -4.1277549407e-01 -7.8795351811e-02 -1.9304511545e-01 -2.0993230034e-01 1.9083782625e-01 -1.0764623948e-01
1.5560839497e-01 3.0179933957e-01 1.2662347481e-02 -3.5360733363e-01 1.0552921659e-01 1.2934172665e-01 -4.3008059542e-01 9.7543082284e-02 -6.2296884936e-02 3.8619952098e-01 1.5157283123e-01 4.2372176300e-01 -1.2529172064e-01 -2.4521041245e-02 -5.4622363887e-02 2.8587797069e-01 -1.1791724507e-01 5.5476940830e-02 5.4180898061e-02 -1.5282735930e-01 -6.6493951522e-02 1.1480966916e-01 2.2125687469e-01 1.4771398613e-01
-8.2194628014e-02 3.1602036839e-02 2.4945167510e-02 -9.1163796314e-03 -1.6012247010e-01 1.2209265653e-01 1.0734059941e-01 -1.1504309838e-02 -1.1955911617e-01 5.3161018892e-02 -1.3507978822e-01 1.3999465193e-01 -2.8204451861e-01 -1.7494655945e-01 2.2123795960e-01 -5.9065815407e-02 3.5239679296e-02 -4.0861174569e-01 2.5566632200e-01 -3.4117829506e-02 -1.3585325682e-01 -1.9797422644e-01 5.7777367638e-02 1.9038874544e-01
-1.5921902609e-01 -1.8999110074e-01 4.0188131973e-01 1.6353938865e-01 1.9484440891e-01 3.0652562906e-01 4.5572396939e-01 2.1414768758e-01 8.6870909886e-03 9.3476327514e-02 6.6405831838e-02 -4.1555346530e-01 -1.8148928273e-01 -7.6184284658e-02 -4.5662095475e-02 -2.3786131709e-01 -2.4698385444e-01 -2.8498531680e-01 2.2051101525e-01 -1.8207509268e-02 1.5660830877e-02 -7.8032237223e-02 1.2263722717e-01 -2.7107137131e-01
-3.9954157614e-01 -1.2669319987e-01 9.7404146558e-02 -1.8174808506e-01 -1.8271601766e-01 6.1335903900e-02 1.0530640837e-01 -5.1605185461e-02 -1.3542713175e-01 -5.4771753644e-01 9.4670016522e-02 3.8231607699e-03 -7.0724796913e-02 1.3140126171e-01 -9.8305703111e-02 -1.2818538351e-01 1.4535445272e-01 1.8145745162e-01 -7.7127109231e-02 1.7456339029e-01 1.0573883611e-01 2.3595520401e-01 -2.1530786172e-01 -2.9571512141e-02
1.4787414338e-01 6.3558120988e-02 8.2300664386e-02 -9.9661527858e-02 1.0405961609e-02 3.2232472520e-02 -5.4459812999e-02 3.4323023195e-01 7.3059505162e-02 1.5640709439e-01 -1.0969384332e-01 -5.2558313251e-01 -9.1424117707e-02 3.4377017000e-01 -1.9341370842e-01 -7.9396122642e-02 5.2109549817e-02 -3.8462167300e-01 3.9842251916e-02 -2.3875388111e-02 -1.6516351224e-01 -1.8601453647e-01 -9.4578184056e-02 -3.9514365808e-01
7.8222821518e-02 1.9561221878e-01 -1.3920294585e-01 3.1533970908e-01 1.2033060573e-02 1.2007623451e-01 1.9976270804e-01 9.0438262837e-02 2.2404785294e-01 1.1122988605e-01 9.2962197863e-02 -3.8285872187e-01 1.5404116322e-01 2.2568246200e-01 2.2067368268e-01 1.5760511352e-01 1.2124146877e-01 1.9965127313e-01 3.7847068390e-02 -1.5846338840e-01 -1.7943926300e-01 2.6064682868e-01 1.3456458538e-01 1.2268277818e-02
-2.8230414720e-01 1.4549915268e-01 -2.0911113355e-01 3.3879261546e-01 -2.1277748943e-03 -1.3127467194e-02 1.7972879111e-01 -2.6706231739e-01 -3.5011427205e-01 1.7533712497e-01 -2.6129137783e-01 2.1339078854e-01 -2.1181008273e-01 -2.1970040387e-01 1.8077334767e-01 -1.1814527465e-01 1.9599130451e-01 -1.4578848751e-01 2.0093036105e-01 -2.1337880319e-01 3.0348726836e-01 9.1948524314e-03 -8.5017506509e-02 -6.1001547861e-03
-2.7058473530e-02 6.0700236590e-02 -1.2025894474e-02 3.0374930035e-01 3.2679945228e-01 -2.4577030284e-01 1.1604154702e-01 -6.0065198078e-04 -1.7776921655e-01 1.4202251054e-01 -8.4730539172e-02 4.5585569049e-02 2.1139852081e-01 -1.2219344445e-01 -2.8320390781e-01 -1.9426162133e-01 1.2453591443e-01 -2.5401543905e-01 -9.0717827275e-02 -1.7835616746e-01 -6.4058779731e-02 -1.3755767668e-01 -1.4667071056e-01 9.4451923838e-02
2.8017681256e-01 -3.5209625130e-03 -1.1294954741e-01 -3.7094458888e-01 -1.3121551918e-01 -1.1007188997e-01 3.4006260473e-02 1.5288861540e-02 -1.3712902429e-02 1.5753102233e-02 1.2766870330e-01 -1.2699229730e-01 2.6972778749e-01 6.3844783310e-02 2.1681348384e-01 -3.9252946006e-02 1.9126523230e-01 -6.4230591075e-02 -2.5264314953e-02 3.5399953106e-01 -1.0956792963e-01 -1.9691669533e-01 2.7771407060e-01 -3.2679306038e-02
1.5173494282e-01 4.7743751245e-01 -4.6955419943e-02 1.6163346964e-01 5.9555979891e-02 -4.0120507489e-02 -4.6885083223e-01 2.0696577356e-01 -1.9910377066e-01 -1.9128907197e-01 -6.1284480800e-02 -8.2624726759e-02 1.3310389767e-01 -1.3956279147e-03 8.5064984880e-02 2.8051628780e-01 4.9835041375e-01 1.2900404087e-01 -2.0411801854e-01 9.4202925953e-02 -1.7060576240e-01 1.9486986615e-01 -1.4148727838e-01 2.2099635870e-01
1.2032800448e-01 -6.2386549940e-02 -4.7679813757e-02 2.2287972602e-02 2.0132821763e-01 -1.0807145044e-01 4.8405396173e-02 -5.4479487339e-02 -1.2836811850e-01 1.7183656800e-01 -2.0108281909e-01 -3.1956118396e-02 5.4664682015e-02 -8.7873251009e-02 1.6458276642e-01 1.9530020543e-01 1.5274653712e-02 -4.4767201410e-02 2.3761346717e-02 -8.6914838768e-02 -1.7214370641e-01 5.8518363607e-02 -1.8689454024e-01 8.9121847399e-03
-3.1074415031e-01 -1.4926931857e-01 -1.3635631008e-01 1.1469797471e-01 -3.2098262674e-01 -1.4469043048e-02 2.3241150872e-01 1.6588411470e-01 9.0662948608e-02 1.4840519466e-01 -1.1152634860e-01 8.1496989037e-03 -1.2708119525e-01 -1.9872786758e-01 3.4088045126e-01 -2.4482654784e-02 -1.5026415658e-01 -1.2247916251e-01 3.9748666191e-01 -9.7499818404e-03 -6.2517924179e-02 -8.3813652355e-02 5.8570227860e-01 -1.0814397591e-01
-4.0079812490e-02 1.3668302281e-01 -4.4706868924e-02 4.1616251031e-01 -2.4579622327e-01 8.3711031177e-02 1.6464809154e-01 2.4337149414e-01 1.7680823709e-01 -1.4442882705e-01 7.4705665045e-02 -8.2581364328e-02 2.0080449802e-01 -3.5225549496e-01 3.3003218496e-01 -1.9342134680e-01 8.9504527272e-02 -7.5145997987e-02 2.8433113134e-01 8.7935889062e-02 -1.5978643145e-01 4.3244249700e-02 6.5258285690e-02 -1.0504581771e-01
2.7154012074e-02 7.6705239148e-02 5.0885430160e-02 4.2616160941e-01 6.9182118639e-02 1.4588764553e-01 -2.4191997331e-01 -4.7874939386e-02 1.9613653014e-01 -1.4392558714e-01 -1.3810761246e-01 4.0918699464e-01 -4.5221324704e-01 2.0683000983e-01 1.0522805300e-01 1.3093262984e-02 2.8565719211e-01 -1.2027433863e-01 7.6665441798e-02 6.5892514733e-02 -3.7120950461e-01 1.8462689358e-02 -1.0432409039e-01 1.7496311668e-01
1.3584870328e-01 -5.6327615534e-01 1.4118534219e-02 9.2546894022e-02 1.5760020304e-01 1.3722013414e-01 5.5286732309e-01 3.4319407148e-01 -3.8512855589e-01 5.2884096009e-02 1.2663354209e-01 2.1038865242e-01 6.9736400490e-02 -3.4648198049e-01 1.9440511214e-02 -1.9483335960e-01 1.4148068684e-01 -7.2387491179e-02 -8.0004657564e-02 -1.8410713647e-01 1.9393970078e-01 2.9487177821e-01 -3.1673879151e-01 1.5738478662e-01
2.5037347715e-02 3.0577008829e-01 9.6331162879e-02 -2.1051231443e-01 -1.0924697915e-01 1.8382632283e-01 -1.1636912251e-01 6.9011679934e-02 1.4397699468e-01 1.3127678032e-01 1.3899681042e-01 1.5729992152e-01 1.6803794950e-01 -7.2275754130e-02 -1.5405134545e-01 6.8546188836e-02 1.6438868162e-01 4.7229878245e-02 4.5329098247e-01 2.6234950236e-01 -2.0972923310e-01 -1.3383834177e-02 -2.1665594173e-01 2.3972578423e-02
1.2147714546e-01 -6.4330085549e-02 2.2778234869e-01 1.3824355883e-01 8.7214455444e-02 -3.2034315527e-01 4.6582549990e-02 -6.0941175359e-02 -4.6363997488e-01 -4.1681169056e-01 -2.5480320771e-01 -1.9802039243e-02 1.6865444196e-01 -1.8072893445e-01 -2.4323802288e-01 -1.5605117282e-01 1.3308609787e-01 3.3407003338e-01 -2.2597326571e-02 -3.6482972309e-01 -3.9910938012e-03 -2.0018937292e-01 1.4447775122e-01 3.3603464645e-01
1.3773742475e-01 9.1277136825e-02 2.2657979106e-01 -2.0494059569e-01 -2.0380394302e-01 -3.1917688551e-01 -8.3924479104e-02 -1.6152956466e-01 -7.7648586012e-02 1.9638534242e-01 -3.3040435490e-01 -3.8543530787e-01 6.0758052349e-02 -1.2912801074e-02 -3.2155565101e-02 1.7330946401e-02 -2.6250176118e-03 2.0197616559e-01 -1.5945953058e-01 8.4063466501e-02 2.9280218512e-01 6.9216433545e-01 2.3052752485e-01 1.1672228911e-01
8.9627652385e-02 1.4688245764e-02 -1.0875118301e-01 -1.0896860834e-01 3.7176417530e-01 -2.1730844831e-01 1.0794495418e-01 1.8160818179e-01 1.5077368304e-02 -5.6531300256e-01 -1.1296304964e-01 2.9190641049e-02 -1.9161528756e-01 -7.6342364800e-02 -2.5317149356e-01 3.8701098265e-01 8.5218008112e-02 2.3208553715e-01 3.3557637771e-01 1.9838811753e-01 3.3478767355e-01 -4.1564957862e-02 1.3265915980e-01 -1.3041905347e-01
-5.0300812357e-02 -1.0266056282e-01 -8.8373330119e-03 6.0296078786e-02 -2.3573289240e-02 -2.9313879132e-01 6.9511330667e-03 5.7725006282e-02 6.7108916419e-02 -3.7393425210e-01 2.4040564502e-01 -3.2967691649e-01 2.0635875824e-01 4.3945430500e-01 -2.0091437290e-02 2.6347813539e-01 -6.0497174551e-02 6.4334235781e-02 -2.5732235762e-01 3.1062350671e-02 1.2236113365e-01 2.9144692987e-01 4.1561777331e-02 5.1353408019e-01
-2.7392742613e-01 -9.3388889736e-02 1.3735453668e-01 -2.5298189365e-01 4.7518487246e-03 -1.9847069202e-01 1.8124227464e-02 3.8281404425e-01 -1.4783657880e-01 1.7648915076e-02 -8.0607786895e-02 -8.2406012469e-02 -1.9928271269e-01 -5.8066801174e-02 4.3524430285e-02 -2.9217509383e-02 -8.8704598286e-02 1.4495386434e-01 -1.4365517236e-01 7.5754097357e-02 6.1975179044e-02 3.4097389255e-01 -1.4829874702e-01 -2.5692254070e-01
