-1.7807966101e-01 -9.6924274920e-02 -9.9130477588e-02 -3.1385991240e-01 1.3257501445e-01 -2.5992105658e-01 -3.1254014805e-01 1.0364297339e-01 2.7823515735e-01 2.5120321298e-01 2.5676060864e-01 -6.3503023637e-02 1.1277668811e-01 2.4294074357e-01 -1.5162138790e-01 -2.5720236325e-01 2.4351662916e-01 -8.6079611710e-02 9.5609734396e-02 -3.0239297297e-01 -9.5343848422e-02 -1.2671329852e-01 -2.4297709249e-01 2.2676641320e-01
9.2760547757e-02 -4.8613854239e-01 -4.8751893116e-02 1.5581047930e-01 4.6849815982e-03 4.6992671244e-02 -3.3752942617e-01 -4.4797701817e-03 -3.7849958063e-01 -3.0886029570e-01 8.5251359711e-02 8.6755592318e-02 -5.6964424464e-02 -1.8646437368e-02 9.2749908295e-02 8.3354851218e-03 -2.1308179114e-01 3.5975961273e-01 -5.4811026004e-02 -4.2208071731e-01 -1.0392361019e-02 -1.2826884539e-01 1.8733049796e-01 2.9917765713e-01
4.1610150976e-03 1.0105666839e-01 -3.8170611307e-01 -3.3239500072e-02 3.4917484123e-01 -2.8383540366e-01 -6.6010525966e-03 -2.3636104559e-01 -1.8002577461e-01 -8.1042256398e-02 -2.7920923855e-01 6.1035810816e-02 -2.3521786488e-01 -1.4193745743e-01 2.0877756267e-01 2.4533751188e-02 -6.2241314686e-02 2.1790011531e-01 1.9983801325e-01 -1.3662570141e-01 -1.3705944142e-01 -9.4870962205e-02 2.9700196431e-02 1.1785540316e-01
2.0244019373e-01 -2.3820645156e-01 9.4252292760e-04 3.6517143237e-01 -3.0186816187e-01 -1.7815518205e-02 -3.1109237881e-01 2.8566498856e-01 2.0337504641e-02 -1.2513129990e-01 -1.3458158439e-01 -3.2569474267e-01 1.6210185013e-01 -5.6770072556e-04 -1.0034982453e-01 -1.3992331012e-01 5.2338430544e-02 -1.5103443881e-01 -2.6516166861e-02 5.7350006562e-02 3.5491455696e-01 -2.6406587159e-01 1.1853440605e-01 -9.0721840418e-02
-1.0183796528e-01 -1.6407505759e-01 -3.4023698544e-01 2.1975348507e-01 1.5980230798e-01 2.0979725663e-02 -3.7724214738e-01 -6.6616406613e-02 3.6237191771e-01 4.5192503391e-02 8.2758941958e-03 -1.1144337979e-01 4.4954137659e-01 -2.1358508118e-01 2.0045742873e-01 -1.9998980958e-01 5.7104173802e-02 3.5260641927e-01 9.1300637597e-02 4.8248652946e-02 -1.4140976619e-01 5.5921861750e-04 -5.7751445701e-02 -3.4872554852e-01
-2.2938970123e-01 -1.8809797935e-01 3.7360974445e-01 -1.7447342627e-01 -1.6567433022e-01 7.6598636321e-02 2.3653045315e-01 -3.6711362002e-01 -2.6308572012e-01 -1.9606293547e-01 3.2131812915e-01 5.4149831169e-02 -1.3529337527e-02 2.0546015735e-01 -2.3973054459e-02 3.9644866705e-02 -5.6768734079e-02 -2.4537527937e-01 1.9153349846e-01 -4.2885460131e-01 -3.0331201869e-02 -1.6056071693e-02 2.0388020874e-01 1.3430288574e-01
-1.4638783949e-01 -3.6169824022e-01 -8.5974637766e-02 1.1054441231e-02 1.5613240864e-01 -7.0382922575e-02 3.2620284365e-02 5.1813979926e-02 2.3524664341e-01 2.3569457459e-01 -2.3003279930e-02 1.2536648526e-01 -1.1995181371e-01 -3.0118765326e-01 -3.3877270487e-02 1.1763591418e-01 -1.7931556825e-01 -1.3291810970e-02 -4.2525446816e-02 1.0366254517e-01 -1.7318309870e-01 -2.8821579789e-02 -1.4977653601e-01 -1.6773909822e-01
-1.4670630104e-01 -5.1219855137e-04 -2.8198204640e-01 -2.4164423823e-01 2.5513592000e-01 1.8550502305e-01 2.6913843291e-02 -4.0076551630e-01 2.9241719518e-01 4.3863651823e-01 1.4573951946e-01 -2.2497495546e-01 -2.2180460345e-01 -2.1844060713e-01 -6.4220699092e-02 -1.3341229969e-01 6.3815811106e-02 5.6100305812e-02 2.6113701386e-02 2.7686440144e-01 3.3293531621e-03 2.3016371762e-01 1.1098294602e-01 -1.4439811900e-02
-2.7509171265e-01 8.8238594628e-02 -1.6080024953e-01 -4.0015301386e-02 2.2861721804e-02 1.1865280054e-01 -8.2803329832e-02 -2.8644494380e-01 -1.5293133819e-01 -9.1759199567e-02 8.7052439390e-02 3.8572235000e-01 -1.2609882032e-01 6.4029614887e-02 -2.9510570666e-02 -2.1999696181e-01 2.2136976002e-01 2.0832488683e-02 4.1551081125e-01 -2.2062448283e-01 -2.5105092040e-01 1.0476400064e-01 -5.7203253324e-02 2.5342513206e-01
-3.0202853027e-01 -9.0254505457e-02 1.3136283140e-01 -3.7749742071e-02 -3.4565182772e-01 -3.5885127474e-02 -1.1824728694e-02 -7.0039502001e-02 -9.8410819255e-03 -3.7972085812e-02 9.1695289911e-03 -7.4814799427e-02 1.5564528387e-02 1.4150610004e-01 2.3261705099e-01 1.2603668555e-01 -3.0643231862e-01 -3.5752753494e-01 -5.8971732850e-03 -6.6083478146e-03 -6.0257488424e-02 2.6994115898e-01 -5.8265639055e-02 -1.7552025821e-01
-1.9333548799e-01 -4.2783667570e-02 -1.2614950835e-01 -3.5862815985e-02 4.7150239754e-01 1.0126100005e-01 8.0119036308e-03 1.4030236135e-01 1.0071632362e-01 -4.6481165637e-02 -1.0980041662e-01 2.9752283284e-02 2.7218279989e-01 -7.2541728233e-03 -5.7040398546e-02 -6.1397772501e-03 1.2055895094e-01 1.5377014025e-01 1.0170221475e-01 -1.8313506233e-01 -1.2023087247e-01 1.5211152523e-01 3.0896816916e-01 7.0322278066e-02
-1.8255888622e-02 -2.0324951038e-01 -2.0841962912e-01 -2.0033642374e-01 -3.1208989833e-01 -8.9482417085e-02 4.8905675745e-02 -1.6419598503e-01 2.6108759586e-01 -1.9546227165e-01 3.8633374063e-01 2.9981028648e-01 1.0329820219e-01 1.1558931827e-01 -9.1164864751e-02 -1.0264471802e-01 1.3503601444e-01 6.2834550901e-02 4.4264779789e-01 -8.3669863041e-02 -1.0927112412e-01 1.9427726467e-01 -2.1450923353e-01 -1.5709725268e-01
-3.0236477313e-01 -1.7209920321e-02 1.4965045282e-01 4.2568861405e-02 1.4297334318e-01 5.7370161231e-02 8.8344427163e-02 2.7108278675e-01 4.1411556013e-02 -2.6345474702e-01 3.8825587252e-01 -2.0860589146e-01 -1.3816604895e-03 -1.5102986466e-01 2.9625339196e-01 -3.1656204060e-01 -1.7477241713e-01 -9.7207235283e-02 -2.3199472698e-01 -2.3414894205e-01 5.6391073715e-02 2.1033637990e-01 -3.3772128761e-01 2.0927621345e-01
1.4977986248e-01 2.6140963181e-01 -1.2127924479e-01 -7.0582301387e-02 -6.5980941379e-02 -6.1789472843e-02 1.8131044539e-03 2.9713792572e-01 -1.9594234641e-01 2.6166309230e-01 2.5524342717e-01 1.0559606905e-01 -2.8339857096e-01 3.4541206430e-02 2.6098968946e-01 -9.7320163792e-03 -1.3830054366e-01 4.6188023557e-02 2.0425360791e-01 3.8088946867e-01 2.2761158790e-01 -9.9639849191e-02 3.1237980765e-01 -5.0117449821e-02
1.2085486765e-01 -1.4918920636e-01 4.1127762635e-04 1.9542595934e-01 -1.6434721616e-01 -1.2373745014e-01 3.4207096899e-02 -1.7071313090e-01 4.6278873254e-02 1.4469986677e-01 -6.0948019997e-02 5.8093090865e-02 -7.3622300577e-01 -2.1030406386e-01 -1.1757852529e-01 2.1738462835e-01 3.2271116253e-01 2.2898959355e-01 3.9074534486e-03 2.2193319204e-01 -1.0408867745e-01 4.5590294795e-01 -2.3631404488e-02 -1.1894075992e-01
1.9615807078e-01 -2.3595773261e-01 -1.6212036110e-01 -5.6225823255e-01 -5.7229909269e-02 2.0536527762e-01 1.0288720621e-01 -2.5518610472e-01 1.3313837656e-01 3.4702063048e-01 5.7414442627e-01 4.7044350146e-03 -1.6080027988e-01 5.1683795732e-02 -2.9019581742e-01 5.3491546985e-01 9.1944169625e-02 -9.4433494684e-02 1.4661321458e-01 1.3826907299e-01 -4.1088613429e-01 -8.5819668300e-02 -1.5799055906e-01 3.6289561877e-02
8.8340162413e-02 3.0106020369e-01 -3.4127333198e-02 4.4115934169e-02 1.6157357034e-01 -3.3761642155e-01 4.0643498953e-02 -1.0496363080e-01 1.5041669056e-02 6.3111242274e-02 1.5728797139e-01 1.0473262061e-01 3.3755344582e-02 1.6363991134e-01 2.7136910844e-02 1.6853645544e-01 -1.0256600002e-02 -8.7244577628e-02 3.6590238353e-01 1.4871017357e-01 1.7605351554e-01 6.3584446152e-02 -7.7917893884e-02 -1.7624949207e-01
4.9032214621e-02 -1.1546685373e-01 -3.0029851895e-01 -2.6930352158e-01 -1.4978154673e-02 1.4652287129e-01 3.4987787709e-01 2.7693255991e-01 2.8645971517e-01 -3.0795114114e-01 1.6089391876e-01 -9.6524289984e-02 -3.0609616215e-01 2.6776978788e-01 -1.4799700362e-01 1.1116223905e-01 3.4130218565e-02 -3.2342583473e-01 6.0173882741e-02 -4.1659776159e-02 -2.5122819476e-01 2.2155171216e-01 1.4939029528e-01 1.4835276698e-02
3.0131206844e-01 -5.9946639265e-02 -1.5286152320e-01 3.0969661399e-01 -2.9754383573e-01 3.9965079805e-01 -2.8619586307e-01 -3.2294396429e-02 1.4012737655e-01 -2.1025711883e-01 9.9726140308e-02 2.8351398802e-01 -5.5395676867e-02 1.4776340809e-01 -1.8535516429e-02 -1.3549592163e-01 -3.0872049509e-01 -9.1246065086e-03 -3.7450661836e-02 -3.1487325410e-01 -1.5423052435e-02 1.1796029716e-01 5.1733734725e-02 -1.1489802795e-02
1.0081609318e-01 3.7491123013e-02 -1.0172150540e-01 2.8447781327e-01 2.4008461228e-01 -2.6431736189e-01 -2.0848916057e-01 -6.7114826279e-03 2.4554736597e-01 1.3258078185e-01 -1.5512157741e-01 6.6764391998e-02 1.7492388859e-01 -1.6241850517e-01 1.0319404130e-01 6.6599325445e-02 -1.3126274040e-01 -8.9694218730e-02 -2.7912365759e-01 -8.5710608204e-01 -4.6924036563e-02 4.9314624945e-02 -1.7213497011e-01 2.0864089689e-01
-2.1262062344e-01 -2.8164449875e-01 -1.5003054024e-01 5.7961802753e-03 -1.7562433072e-01 2.3066745330e-01 7.3035042102e-02 2.2118703720e-01 -6.6526984961e-02 -1.7556023540e-01 -3.1245242018e-01 6.5864920435e-01 -8.3995911341e-02 -1.7858969060e-01 -1.3372486328e-01 -2.8310398367e-01 1.4928069790e-01 -8.2907967616e-02 8.7380993715e-03 -1.5660684416e-01 -7.2816543743e-02 4.8819433953e-01 -3.5803544651e-01 1.0110743664e-01
-2.6577760684e-01 -1.5810223696e-01 -1.5995379693e-01 -4.0479204295e-01 3.3851670379e-02 -2.1340183635e-02 -1.4094592849e-01 9.4142143369e-02 1.5115762985e-01 2.8596131840e-01 -1.8136409776e-02 2.2947527584e-01 -2.3036988965e-01 -5.7962969256e-02 2.1573902924e-01 1.3651168712e-01 -8.3530046964e-02 4.0885626797e-02 7.0527934206e-02 -3.4501185972e-01 2.3920402466e-01 -1.0099191201e-01 8.6864052422e-02 -8.6605129288e-02
-3.3438685225e-01 -2.7573768724e-01 -1.9628244220e-01 -1.9887356197e-01 9.8148534928e-02 -8.1793390359e-02 -4.5058729782e-01 2.6303403970e-01 -1.5884940256e-01 -1.5462538796e-01 -1.1410841727e-01 5.4710229044e-01 -1.7597621017e-02 1.8714137680e-01 -1.0216465583e-01 1.7280778457e-01 -6.7656768932e-01 7.9536546476e-02 -3.5260312057e-02 1.2937377087e-01 -3.6326382116e-01 8.4243680265e-02 -3.3460328528e-01 -3.3006216531e-02
1.3474266758e-01 9.1506988376e-02 -2.4164025019e-01 3.4687994010e-01 -1.6582682668e-02 6.7248732620e-02 -1.9793132908e-01 -1.5891399174e-01 -5.3197524006e-02 -1.5312303234e-01 5.1321453337e-01 1.2774068322e-01 1.2890315338e-02 -1.1293856411e-01 1.2887471666e-01 -2.3214671506e-01 9.2560051184e-02 6.2834266762e-02 -9.2487227022e-02 -1.5335921400e-01 -2.1959219653e-02 2.0017168958e-01 -5.2924610884e-02 -2.2956122573e-01
