-1.1226742567e-01
5.6802658358e-01
-1.6535379808e+00
9.1343031368e-01
5.1300942270e-01
9.6917275548e-01
1.6121949104e+00
-1.8244377637e+00
1.2411758857e+00
-3.2268891016e-01
6.7020009607e-03
2.0993385842e-01
1.0704378076e+00
-7.8131255629e-02
-7.1895503614e-01
4.9908285667e-01
-9.3681413628e-01
1.2817080526e+00
5.3078687632e-01
-1.1620599170e+00
4.0075745147e-01
1.2645624812e+00
6.4699100905e-01
1.1612222721e+00
-3.0948707109e-02
-3.0550902274e-02
1.1836713319e-01
-1.7007463810e+00
-1.3717506743e-01
2.3196843084e-01
3.0915046291e+00
4.9028488921e-01
-1.6662150080e+00
2.0413507003e+00
7.9373702372e-01
-7.9556640031e-01
-6.9557465673e-01
-1.1877207945e+00
-1.2638231507e+00
-4.5033942159e-01
1.7338693337e+00
-2.2200153925e-02
1.2433899520e+00
-5.2075217839e-01
1.0076019772e+00
-1.8121494590e-01
-1.0224336152e+00
-4.0129080689e-04
1.3976685195e+00
-7.5021875788e-01
1.5662399473e-01
1.1010595329e+00
-6.1429046381e-01
1.1882882217e+00
-1.5097463913e+00
1.8205802723e-01
6.5456696960e-01
2.7289378966e-01
-2.0583278883e-02
-1.6838444184e+00
-6.2065273258e-01
1.2880213674e+00
-1.2585874288e+00
2.6940727011e-01
7.2701306923e-01
-4.3500320795e-01
-1.2878970076e-01
3.3827236461e-02
-1.8989345723e+00
1.6699926416e+00
1.6172560775e-02
-1.8075712493e+00
-2.1995992578e+00
3.7147026311e-02
1.3145323045e+00
4.8576070987e-01
9.1813499271e-01
9.3646301120e-01
-7.2693838230e-03
-2.4521067506e+00
-4.9059501034e-01
-1.2207125219e-01
-6.5220564674e-01
-1.5402528095e+00
1.1962581102e-01
1.9751726064e+00
5.6256424503e-01
-1.2756825791e-01
5.9234151603e-01
6.0634927210e-01
2.5862449365e-01
6.7748493464e-01
-6.3999276388e-01
8.9713606054e-01
-1.6324196715e-01
9.8667982676e-01
3.2622308277e-01
7.7259033277e-02
-3.3904138292e-01
7.5406307938e-01
-1.2410720050e+00
-4.7097986193e-01
-1.0137240003e-01
9.6043651774e-01
-4.1723954242e-01
-7.5861857579e-01
1.9739505756e-01
4.7364784616e-02
-1.1661695359e-01
1.1989654036e+00
5.6600179414e-01
1.3603546371e-01
1.9891530652e+00
1.6004961721e+00
-2.2925308910e+00
1.6364658966e-01
-1.1750851239e+00
4.5198938738e-01
2.6844923006e-01
-1.6160978201e+00
8.9688473854e-01
1.2491546241e+00
-3.4039474437e-01
1.8210358650e+00
-6.6513252070e-01
-5.6110348086e-01
-5.5341197808e-01
-4.5203877627e-01
1.5528765827e-01
5.9962315290e-02
1.1121545756e+00
-1.2739779168e+00
-2.7945196197e-01
9.4120978214e-01
8.4361360177e-02
4.5110522598e-01
-1.3605463646e-01
-1.5632712650e+00
1.4212282435e+00
-3.5197830988e-01
1.4049390988e+00
4.5979766179e-01
-4.2739046985e-01
-1.7345086110e-01
1.5856061634e-01
-6.8183230373e-01
3.3476746072e-01
-1.6916566609e+00
2.6767482346e-01
2.5377122072e-01
8.5480871456e-01
-5.1358061956e-02
-9.6251117515e-02
-1.5430096724e+00
2.9418786942e-01
-1.8910991709e+00
6.7839226782e-02
-2.1430640763e-02
1.9961878748e+00
8.1904507251e-01
9.1128343793e-01
-4.7272905296e-02
-2.2248870148e+00
-2.6551120131e-01
3.1661990645e-01
-2.3459177413e-01
2.5638400552e-02
-4.4172304483e-01
5.6853938107e-02
1.1518181689e+00
-2.0845735952e-02
-1.2826051147e+00
4.0961544665e-01
-7.2075881442e-01
6.7588402195e-01
-1.0327383237e-02
4.8462565896e-01
5.8121895724e-02
-4.3809098072e-01
-3.4331173274e-01
8.1899464701e-01
-1.8744241361e-02
-2.3150667220e+00
1.2154914263e+00
5.8499637138e-02
-2.4294124059e+00
5.1606071769e-01
8.5433745932e-03
-6.4396574487e-01
-4.2471633009e-02
9.1994551858e-01
1.7011435926e+00
-2.7410241274e-02
5.7901852529e-01
-1.6555524397e+00
4.2459808974e-01
2.4933275860e-02
1.6534349349e+00
5.3516669545e-01
-1.9191389160e+00
1.4605760356e+00
-1.3472451879e+00
6.4121397406e-01
-9.9809704482e-02
3.9087453281e-01
1.6554967452e+00
-2.1869953258e+00
4.9515517297e-01
1.6629425308e+00
-8.0515016016e-02
1.0958847707e+00
-3.5074415940e-01
5.8143655700e-01
2.2911534019e-01
4.8058860446e-01
8.6561239727e-01
-6.1913608362e-01
9.8853059846e-01
-8.8337215036e-01
6.9920543623e-01
9.5485628861e-01
1.8691446514e-01
3.8908938769e-01
-6.0939416038e-01
1.6827129238e-01
-1.0023586412e+00
-2.3030694328e+00
4.1778935536e-01
-7.2173385180e-01
1.8788662722e+00
2.4488654413e-01
-4.2426391151e-02
7.0708525465e-01
3.2535944676e-01
-4.1576927225e-01
-2.3588572848e+00
-7.1262389646e-03
3.8085464399e-01
5.5029380378e-01
1.4342939971e+00
-9.5890874377e-01
-1.1028141192e+00
-1.1851527520e-03
2.0174518155e-01
-1.8345102893e+00
-2.2731603897e+00
5.0415840967e-01
-2.1006438218e+00
-1.1613090832e+00
-1.0314225347e+00
-1.6351595364e-01
-1.2695847931e+00
-1.6798721573e-01
-8.5020891966e-01
1.1960258867e+00
-7.8809032022e-03
-3.4159807804e-01
1.0390390182e-01
2.3575899326e-01
1.3843091343e+00
-8.0296532626e-01
-1.9536002722e-01
-4.2862356519e-01
1.4076002784e+00
-2.1608858848e+00
-1.8205418445e-01
-6.6680439258e-01
7.0327820170e-01
1.9983823823e-01
4.1853036362e-01
4.4149501303e-01
1.4013730541e-02
-8.6940941756e-02
2.9221226708e-01
-5.5624732783e-01
4.4982017498e-01
1.9502706276e+00
-4.1740381971e-01
8.3556347356e-01
-1.2689133107e+00
-5.2419324703e-01
-2.5030617286e-02
-3.0016569590e-01
-2.3913729622e+00
1.8703500945e+00
6.7450793411e-01
1.8032749884e-01
1.4094128806e+00
-2.1905463468e+00
1.8566550182e-01
2.5717649201e-01
3.6740072789e-02
1.6229304313e-01
9.7276581477e-01
-6.8917967236e-01
1.4528171799e+00
8.2924151303e-01
-3.0769894636e-01
-1.1010821090e+00
1.1919589235e+00
