1.6802586835e+00
-2.4625741087e-02
-1.3347751655e+00
1.4819167703e+00
1.4326309214e-01
4.6420354232e-01
-1.4917060308e-02
1.5401800195e+00
2.9667434052e-01
-7.7442953286e-01
-1.0426888111e+00
-6.9239523857e-01
-1.6460185490e+00
1.1825510633e+00
-9.6110042176e-01
7.2145245563e-02
-4.9004739006e-01
-1.7746644563e-01
3.9072924419e-01
1.4431326257e+00
9.8265716927e-01
8.9780856106e-01
6.9424090252e-01
-9.8336704506e-01
1.6984822679e-01
8.7200278873e-01
2.0757872722e+00
2.9211566375e-01
-2.8104716103e-01
1.0478941622e+00
-1.4669888983e-01
-1.1296190045e-02
7.9678720641e-01
3.3331978581e-01
1.4998003182e-01
-9.9240514658e-01
-3.1201705897e-01
1.2839355739e+00
5.2396142907e-01
-7.5779144165e-01
-1.7359162166e+00
-9.4918992071e-01
-2.3927068079e-01
-1.4886006502e+00
-4.0979759360e-02
2.7450789730e-01
-1.6621116839e-01
-8.4265825841e-01
-7.4791165383e-01
5.9414191752e-01
-1.5075095000e+00
-2.1739477485e+00
2.1166468824e-01
7.7617864731e-01
2.1395891459e-01
-1.6409858045e+00
-6.1448669005e-01
1.2962158525e-01
1.1600729462e+00
-6.8106700288e-01
6.8049632784e-01
2.2245095273e-02
1.4770743862e+00
-4.8360343644e-01
4.3859999338e-01
-6.2899154054e-01
5.8583321411e-01
1.5930347634e+00
-1.9151713102e+00
-1.9307755191e+00
