-8.8235101774e-02 1.1938151213e-01 3.2279130356e-01 -9.0911103078e-02 -1.1224066420e-01 -8.4006938556e-02 -2.3027843112e-02 1.6114402998e-01 7.5803466338e-03 2.8113632078e-01 -4.9599490805e-02 -1.7728423962e-01 8.6869140426e-02 8.4528905039e-02 -1.0302851483e-01 5.7547641438e-03 -1.0574903657e-01 -1.3942642048e-01 -2.1915230635e-01 1.8455652139e-01 -5.7135865449e-02 4.8073685858e-01 -4.1578762535e-02 8.0048022135e-02
2.0375183023e-02 2.2699750714e-02 -2.2610746444e-01 3.0710495206e-01 9.8289202195e-02 -3.4887524338e-01 8.1677107853e-02 4.6849311135e-01 6.1721606210e-02 -2.5091409826e-01 4.1115728303e-01 5.9400419184e-02 -1.2874426300e-01 1.1922972205e-01 -3.6620813075e-02 1.6939336735e-01 1.4881936140e-02 1.2060250269e-01 -7.8659495958e-02 2.2617873499e-01 -2.4652940790e-01 -7.4037671624e-02 -2.4521679066e-01 -1.4133217076e-02
4.5228667839e-03 2.0474081866e-01 1.3750843725e-01 1.9578132293e-01 -9.1112263924e-02 -9.9814504322e-02 2.4250140819e-02 -5.1371969058e-02 -1.7395132587e-01 -1.4374111557e-01 9.1867280212e-02 1.7860972641e-01 2.2358677574e-01 -1.4631662669e-01 -7.3164478657e-02 1.8418806785e-01 -3.0182533593e-01 -6.5042632025e-01 4.9297510723e-02 -2.5969468130e-01 -8.7305692111e-02 -1.2756950952e-02 1.2164551196e-01 -1.0063382032e-01
3.5786344848e-01 3.1938443167e-02 -1.8592739335e-01 -8.3090204262e-02 5.4843197764e-02 -5.5867771730e-02 2.0860201329e-01 2.0969718181e-01 1.6571918078e-01 5.5041797893e-02 -1.9602083475e-01 -1.7724348161e-01 3.2812243232e-01 1.3063138629e-01 8.8193542970e-02 -4.3628884019e-02 2.4550679801e-01 -4.3681560873e-02 -5.8162949897e-02 -7.4447595077e-02 2.5340183302e-01 -2.5262462386e-02 5.2026861849e-01 2.1708122958e-01
-3.6383981162e-01 8.3319161681e-02 -5.5491091563e-02 3.4965962169e-01 9.9700140331e-02 -5.2136639526e-04 6.7915686158e-02 -1.5345294549e-01 -2.2075782862e-01 -5.5075649792e-02 -3.4216196821e-02 1.3318563758e-01 -4.1880390040e-02 7.4923864822e-02 3.1785650405e-01 3.6724243466e-01 -3.6262631524e-01 3.1411776268e-02 5.2473145011e-02 7.5563744545e-02 -1.7051601251e-01 3.7591511440e-01 1.3985991431e-01 -1.4707621416e-01
4.3813871267e-01 2.2645124015e-02 4.5242091744e-02 6.8004831500e-02 2.5897196465e-01 -1.9764567159e-01 1.8000400442e-01 -7.4046991021e-02 1.4615662015e-02 5.3892684156e-02 2.7594756039e-01 1.4422244483e-01 1.4941915523e-01 1.2965211954e-02 -2.2907236232e-01 -1.6536275885e-02 -1.4153156356e-01 -1.4942203828e-01 -1.2254391965e-01 8.6535406470e-02 2.6316053025e-01 1.6258709760e-01 -3.3403564846e-01 -8.7458422025e-02
-1.7058779159e-02 -1.5178044666e-01 8.9314925701e-02 -3.3577487822e-01 -2.0392198644e-01 -9.0416289124e-02 -2.1298684803e-02 1.4962542373e-02 -1.1157798886e-01 -2.0280805478e-01 -1.3355981965e-01 1.2364818907e-01 9.4732281109e-02 2.8475347928e-01 2.4644984863e-01 1.0718997090e-01 -1.1227842372e-01 -5.8487412118e-04 5.9959742056e-03 -1.3640625304e-02 2.1191118401e-01 6.1160469471e-04 1.1235666452e-02 4.3286182825e-01
-5.1919016780e-02 7.9751291554e-02 1.5696426400e-01 -2.2944766185e-01 3.6076363425e-01 1.3892566262e-01 -2.2605936778e-01 -1.9346608754e-02 4.2713391622e-02 1.6220633458e-01 -2.0537311445e-01 -1.4680265080e-02 -3.1705713931e-02 -2.3693215598e-02 8.9303160284e-02 -2.3158564240e-01 7.9070265988e-02 4.2659685020e-01 2.7484130590e-01 2.8587782543e-01 -8.7146752330e-03 3.6718680057e-03 2.5982079387e-02 4.2531648432e-01
3.1047622987e-01 5.8054063632e-02 -2.2203518221e-01 -2.5404372854e-02 9.8930318481e-02 -9.4901618253e-02 -3.0748367441e-02 -3.1736884709e-01 -6.4502447936e-02 6.3389918976e-02 2.6948097560e-02 -4.6609017792e-01 -7.1650649397e-02 -7.6709286082e-02 1.1338906669e-01 1.4011931939e-01 1.9444029676e-01 -3.6266247681e-02 2.1943634408e-01 -5.2074164431e-02 -3.3049678710e-01 4.5282631003e-02 -2.7626517000e-03 8.5566135043e-02
9.2849821962e-02 2.4885352197e-01 -3.4219561766e-02 5.4843933137e-02 1.0511954295e-01 -1.1203089997e-01 -5.2814505865e-02 -1.8028054407e-01 -2.7059988294e-01 -4.1787262811e-01 -3.9135278506e-01 -1.7878390629e-01 -5.9595369832e-02 -6.8474845230e-02 -1.3536164924e-01 2.7036331027e-01 -1.1529830108e-01 9.1800224098e-03 4.8309841387e-01 -1.3409331402e-01 1.8566311139e-01 1.1931096469e-01 2.0614489844e-01 1.8691888881e-01
-6.9553016960e-02 -3.7051476032e-01 -4.4252963754e-01 -1.2200541504e-01 2.0142564974e-02 9.0273185307e-02 4.5125210482e-01 -8.3629291657e-02 3.2459696825e-01 1.6269166893e-01 -1.7490192365e-01 -7.4456083919e-02 8.1052870058e-02 -2.4232183435e-02 -3.1790882353e-01 -2.7649805656e-01 -8.6213894327e-02 -4.2290677589e-01 1.1688960369e-01 2.2264635510e-01 -5.0341743369e-02 -5.0364896943e-02 -2.4988440041e-01 -1.0731722589e-01
-1.5615542366e-01 -3.8171799659e-01 4.9882302675e-01 1.0562985009e-01 4.2405503191e-01 -1.4824578067e-01 1.3408863690e-01 -5.4475459672e-02 -6.2592042284e-02 2.5425344211e-01 -1.5153527928e-01 -3.4162440054e-01 2.4396685681e-03 -3.9050630961e-01 1.8249174805e-01 1.4606809384e-01 -8.5049396496e-02 1.4740793325e-01 2.0478189973e-01 -4.0591196064e-02 1.3718588803e-01 2.8770513362e-01 -9.5127595734e-02 1.9295942075e-01
2.1325450208e-01 -9.0479155980e-03 3.8622685843e-02 1.0793435910e-01 1.3132947774e-01 1.3921791745e-01 1.8101751603e-01 -7.7357044265e-02 -1.8474856683e-01 8.1418205140e-02 -3.7888974646e-01 -1.3989078298e-01 -1.4101745361e-01 -2.9593065853e-01 -6.7280939123e-02 2.1847773765e-01 -2.1380126075e-01 -8.3383214803e-02 -3.9163686325e-01 4.7345942942e-01 6.5635892719e-02 -2.7818870686e-01 -1.0549884086e-01 -1.1039651332e-01
5.0359795099e-01 4.9574962827e-03 3.9700192733e-03 -7.5112043838e-02 -1.5287963997e-01 -4.7829238324e-02 -2.6381663640e-01 -1.9944249658e-01 -1.7990045909e-01 -1.1984531160e-01 -2.5776324100e-01 -1.5907726957e-01 -1.2717238698e-01 3.2303431558e-01 -9.0434603162e-02 -4.8818442983e-02 -4.2780779709e-02 -1.7375116295e-01 -1.5309271342e-01 -3.5145365618e-01 2.1548324472e-01 1.0677713663e-01 -1.8080054866e-01 1.8229442899e-01
-2.0226135768e-01 -5.1304563880e-01 5.0684853143e-02 -1.5323009567e-01 -1.9693386372e-01 1.9330700330e-01 -3.7913322051e-02 -1.3513870848e-02 -7.8327328972e-02 2.4390275454e-02 3.1714251366e-01 -4.4292198004e-02 -1.5578247712e-02 -2.9070117539e-01 4.9128676366e-02 3.0084038467e-01 5.7884022697e-02 -1.8615073668e-01 -5.3395218916e-03 1.2487563423e-01 -7.6131446885e-03 -1.2132736295e-02 5.4239130809e-01 -1.4415001399e-02
-1.8395083021e-01 -1.8800140145e-01 3.2692471216e-01 1.0889871656e-01 -5.2874754987e-01 -9.0301836787e-02 5.8175110256e-01 -2.2523761133e-02 2.5286066209e-01 -2.0210682373e-01 -1.8174271452e-01 6.5532003100e-02 3.7274998484e-02 -2.2336013451e-01 1.8801570599e-01 -1.2793609566e-01 2.2483393384e-01 1.6812316194e-01 3.0900104488e-01 3.1964621311e-01 1.0485070493e-01 -1.2300787260e-01 -2.3907256744e-01 1.0738920761e-01
2.6346323772e-01 -1.3448308333e-01 -5.8328629464e-02 -1.6074004379e-01 6.8199625878e-02 1.2391275101e-01 2.7595325083e-01 7.9673384875e-02 -3.5530425823e-02 3.6108817981e-01 1.8548771703e-01 2.5896014131e-01 -1.0850935063e-01 3.6916218078e-01 2.8206815782e-01 6.5068057201e-02 3.4184575777e-01 2.6333054483e-01 1.6993980719e-02 -2.0395457955e-02 2.1811017289e-02 -2.2143641109e-01 1.9955527956e-01 1.6508668392e-01
8.0125031820e-04 1.0442887173e-01 -4.0226399250e-02 -1.4276974463e-02 1.8146737677e-01 1.1135750087e-01 -1.9139105789e-01 -4.4621288035e-02 2.1402717106e-01 -2.3431956173e-01 2.5174758997e-01 -9.0979108632e-02 -1.1009126048e-01 -5.3295321364e-02 -1.3774099296e-01 1.7489862500e-01 1.8306145714e-01 9.8728024627e-02 -8.4445792003e-02 -1.0045607981e-02 -5.6461051360e-03 1.5247279523e-01 -6.1833554839e-02 1.2525437863e-01
-1.8622310508e-01 3.1530906305e-01 -8.4277681736e-02 -3.3131601753e-01 -1.6967844096e-01 -1.1523269503e-01 1.2034788348e-01 1.3206941540e-02 -8.8993658493e-02 3.2033945869e-01 3.3203836422e-01 1.1807341835e-01 -1.2559602032e-02 1.0361561734e-01 -5.4924667663e-01 7.2351024944e-02 1.2910179550e-01 1.1840037704e-01 3.1271719376e-01 1.4494208393e-01 -3.4566778924e-01 2.0046935812e-01 -1.9153651706e-01 2.6411891132e-01
-2.2346605408e-01 -1.7091502770e-01 1.3903551024e-02 -1.4436330634e-01 -3.7118358777e-01 3.0533713254e-01 -2.5084320134e-02 1.2633629412e-01 7.4499080713e-02 -9.4288969142e-02 -2.3963805464e-01 2.9896292374e-01 4.1912480424e-01 6.4124861672e-01 -3.8057738722e-01 2.1944316150e-01 6.3743881159e-02 -2.2747157059e-01 -2.1148702683e-01 -2.8904401386e-01 -3.1533060046e-01 3.0758332786e-01 6.7963045407e-02 -3.5547528374e-02
-1.3726143202e-01 -2.0162916143e-01 3.1826224070e-01 8.6420966944e-02 -7.5550601197e-02 1.0770088763e-03 -1.5746155431e-01 3.5085952380e-02 1.7036493921e-01 -1.4507864697e-01 1.1572256807e-01 1.4313843076e-01 -2.2495187275e-01 1.7135266071e-01 1.0402211084e-01 4.5896754883e-02 4.9780250180e-01 -2.4485773131e-02 -4.4386290359e-03 -2.0831989818e-01 1.4523004295e-01 1.8197496260e-01 -5.8735892095e-01 1.0003428138e-01
-3.9198888473e-02 -3.4535167526e-01 2.8463408945e-01 -1.2278494291e-01 3.7745845440e-03 -1.8285625645e-02 1.7458061641e-02 1.7257935427e-01 6.8979711082e-02 -1.2256298703e-01 -3.0348238604e-01 2.3348533880e-01 -9.4741378679e-03 -9.6515864662e-02 -2.2095844497e-01 -3.5036739980e-02 -6.3843137041e-01 6.5823841229e-02 -1.4713980146e-01 -1.3497617842e-01 -1.4580963105e-01 -2.8146809671e-01 -1.6266336715e-01 6.8528319428e-02
1.6685802980e-01 -2.4652165399e-01 4.1325446135e-01 1.6875046504e-01 2.2175726914e-01 -2.1862547293e-01 8.4257914915e-02 -1.0066177701e-01 -7.4570442733e-02 -2.5536463836e-01 1.7589298825e-02 2.1448144690e-01 -2.3590015384e-01 -2.4374212317e-01 5.5148513012e-02 7.7818252409e-02 1.0417988095e-02 -7.8196006239e-02 -3.5834877258e-01 -2.1967169128e-01 -6.7825667426e-02 -1.3458551675e-01 -7.3512022468e-02 -1.2320170443e-02
1.5155301769e-02 -6.3923565789e-02 -1.7029482983e-01 2.3614780543e-02 3.3263313812e-02 1.1431986086e-01 -9.7015161473e-02 1.4736622466e-01 -2.7920651873e-01 2.4684515273e-01 1.1009949368e-01 -2.6348712026e-01 2.5253249693e-01 2.3468884446e-01 -3.4612871835e-01 -3.3748172975e-01 2.5506032230e-01 -2.9240332945e-01 -3.7060080373e-02 -1.9807464361e-01 -1.4062651260e-01 4.0327171748e-03 -1.4661268779e-01 -2.8646093917e-01
