-8.7822396398e-01
1.3566450925e+00
5.5716700583e-01
-7.2522953240e-01
-8.4212849077e-01
1.1031008419e+00
-1.9812336331e-01
-3.9271215011e-01
-6.9620509504e-02
1.1579261830e+00
-5.6414741653e-02
6.7298214629e-01
1.6406391118e+00
7.3635196751e-02
8.2063166222e-01
8.5616248009e-01
-9.2140584972e-01
5.7279866579e-01
5.1792499094e-01
-5.5031880802e-01
7.0821283329e-01
2.9567732531e-01
9.8131856679e-01
2.2744503066e-01
3.8119229784e-01
5.4755496006e-01
8.1834960408e-01
-8.4955334251e-01
-1.6007705469e+00
-1.6560318761e-01
-1.7143571394e-01
-4.9311862685e-01
