-1.3193405217e-01 -2.1662299358e-02 5.2340250664e-01 -1.2097255399e-01 2.7729914550e-01 -2.4723421281e-01 -1.1335856021e-01 2.0177124040e-01 6.5574501996e-02 2.0989359456e-01 -5.8514808255e-02 1.1775320666e-01 3.2167375743e-02 -3.6092184829e-02 -1.5615934654e-01 7.8702159777e-02 9.1515813652e-02 1.0418811950e-01 -3.8689115024e-01 -6.0940260718e-01 -2.2171373347e-01 -1.6843286495e-01 8.2948492490e-02 -2.7473807699e-01
-2.1186987968e-01 -4.2125567575e-02 2.7911939522e-01 -4.6683606438e-02 1.9809068434e-01 3.7487538681e-01 -3.9819059990e-01 1.0186671810e-01 1.3070589838e-01 -1.5290396804e-01 1.9876932676e-02 -1.8578447278e-02 1.0872843427e-01 7.4212592747e-02 -5.3129831390e-01 1.6569327833e-01 1.2239784933e-01 -6.4968229260e-02 -4.0374100477e-01 -4.0056292164e-02 -1.7043743393e-01 1.7981979261e-01 2.7732457179e-01 4.4863151820e-01
2.6083349449e-01 1.2842265474e-01 -3.7706028208e-02 -1.0410957903e-01 1.1529628773e-01 -5.3956981582e-02 1.4966418639e-01 -1.6998249708e-01 -3.8377669136e-01 8.7614611797e-02 4.5442945017e-01 1.8443182723e-01 -4.1310168563e-02 7.9016550633e-02 1.3418781249e-01 -2.2562006247e-01 5.8184654577e-02 -3.5828938999e-02 -2.6636555283e-01 2.9515509791e-01 1.2428751679e-01 2.2267290241e-01 1.8849086701e-01 5.7690076850e-02
-2.9260877542e-01 -4.8145704428e-01 3.8621380327e-01 -6.2889536307e-03 1.4517005966e-01 1.4047902076e-01 2.0614594024e-01 -1.8550109528e-01 2.1730766936e-01 -1.6059695510e-01 -2.4754798832e-01 1.4277119977e-01 -4.8485077093e-02 -7.6303600859e-02 -2.0159690114e-01 -2.4577945871e-01 -1.5291946236e-02 1.8839320679e-01 4.5065858037e-01 -7.1075899320e-02 -2.2349199900e-01 7.1574543033e-02 -2.8391822343e-01 -2.4818138095e-01
-1.7524680097e-02 7.4635211243e-02 1.0188818209e-01 -1.6756755152e-01 2.4088138267e-01 -1.1616355327e-01 2.4173067835e-01 -3.2296674864e-01 -1.2144188520e-01 2.1170013329e-02 3.1821371371e-01 1.6714252967e-01 2.2232544577e-01 -1.8200305566e-01 -2.9690163037e-01 -4.3422691432e-02 2.6392441254e-01 -1.2007147983e-01 -9.7118860137e-02 -1.1226134093e-01 -4.7223413832e-01 -1.9548061187e-01 2.0051963710e-01 -1.7430762795e-01
1.6293295553e-02 3.9572117689e-01 1.0364930000e-01 -2.5988302664e-01 1.7239438809e-01 1.4045840088e-01 1.6574699831e-01 5.6776215262e-02 1.9586412086e-01 -9.2975590549e-02 1.3775609469e-01 3.8367178283e-01 -2.0369440669e-01 3.4613891504e-01 -5.4093739890e-02 9.3616304995e-02 2.4803755525e-01 -3.5467820760e-01 -1.2797449543e-01 -1.9154379937e-01 3.3848038745e-01 2.3953122215e-01 1.5114569371e-01 3.6123380480e-01
2.6484379876e-02 1.9950556593e-01 2.6582847674e-01 2.6902668210e-01 1.2588046143e-01 -2.6375540814e-01 1.2961302974e-01 2.0551608664e-01 -4.1147841811e-01 -6.0519815586e-02 -1.3687577334e-01 -1.5319071992e-01 -1.2926767753e-01 1.1336045825e-01 -7.1126828445e-02 2.3234484349e-01 -2.9129335705e-01 2.5197844619e-01 -1.7566488447e-01 -2.0796559571e-01 -4.6932231425e-01 -1.4496029630e-01 2.2226214724e-01 -2.8480275419e-01
1.4481029207e-02 9.7849637355e-03 1.5304608518e-01 2.3185957535e-02 -2.1825997272e-02 -2.4311726284e-01 3.0403762532e-02 -8.7555254295e-03 1.0737147429e-01 8.6414866051e-02 3.9129775169e-02 1.7021631387e-01 1.2048419361e-01 3.0270038739e-01 -3.3527717105e-02 -1.6256853405e-01 2.1113466430e-01 2.0043313406e-01 -4.3101548814e-02 -8.4511457651e-03 -2.4094936565e-01 -3.4455878606e-01 1.8539974360e-02 3.9872311548e-02
1.0474460032e-01 2.9732005266e-02 -3.1556809790e-01 -3.8314005742e-02 3.0175612550e-01 -3.4105788658e-02 2.1797937455e-01 -6.4437322122e-02 5.9838772024e-02 -1.4750223239e-01 2.6687606703e-02 -3.2835523919e-01 2.3911514537e-01 -2.4740064702e-01 9.9920772027e-02 1.9379403911e-01 -2.0705676161e-01 -1.8035185371e-01 -1.9268299338e-01 6.1899753958e-01 -1.7021282616e-01 -9.1005559742e-02 -2.6612047321e-01 -4.4981764449e-02
1.5965803628e-01 -2.9053436427e-01 1.9906574370e-01 -1.1122139809e-01 3.5123596215e-02 3.0704547354e-01 -9.9288190948e-02 7.9487908599e-05 -1.1439629761e-01 -4.3212470220e-02 2.7331421730e-01 1.8793734618e-02 -9.5637447890e-02 -5.1140814057e-01 1.7529849188e-01 1.9204466219e-01 -1.1594792678e-01 2.9311833940e-01 -1.0030113205e-01 -2.7176146339e-01 -1.2351307953e-01 2.2345869183e-01 -1.5712896371e-01 2.3429987943e-01
-2.0297018116e-01 2.8643046768e-01 1.8465842215e-01 -4.2915572137e-02 2.6895821685e-02 -8.0880241423e-02 -7.0150967660e-02 -1.8167017046e-01 -2.5946158740e-01 -3.6165328741e-01 -2.3198696605e-01 2.1263768926e-01 3.6315373766e-01 -2.1557162021e-01 2.1041221351e-01 2.0094741924e-02 2.7325872308e-01 -3.8452706408e-02 -2.4760135268e-01 -2.8899391505e-01 2.0204183224e-01 1.4200717657e-01 -2.4742808547e-01 9.6814151116e-03
8.1331493602e-03 -2.6599546326e-01 2.7977042021e-01 3.9996616500e-01 4.0270255178e-01 -3.8107385563e-01 1.7254431214e-01 -1.5737507156e-01 -2.6037357890e-02 -1.4812137959e-01 -1.1453331119e-01 1.4554542631e-01 -7.0305545331e-02 -1.5514102585e-01 -2.9012471298e-01 1.8395646534e-01 1.4096357886e-01 5.4113556874e-02 -2.1518510233e-01 2.1996676364e-01 5.3550314929e-02 -2.4575938076e-01 3.2340431747e-01 3.5130053624e-01
1.5047020393e-02 2.7702646517e-01 -9.6031659438e-02 -1.2902291835e-01 1.8851370526e-01 -1.7695231434e-01 -1.1100163136e-01 2.1680957116e-01 3.1432140796e-01 2.7027191162e-01 -1.7688007497e-02 3.8233730950e-01 -1.8070349134e-01 7.5994237721e-02 -6.6190272918e-01 -8.5667618783e-02 -1.8475583424e-01 1.5410749530e-01 3.8995524876e-01 1.5158939980e-01 2.3002189651e-01 2.6450274386e-01 2.2666189166e-01 -8.8957051714e-02
5.7061971729e-02 2.1609280907e-01 -4.0694951749e-02 -4.4890240945e-01 -2.1542932171e-01 -1.7563919937e-02 2.5668625961e-01 5.2559324994e-02 -9.1792177944e-03 -2.4128345260e-01 -4.8769490490e-02 -2.2823546214e-02 1.0855172983e-01 -3.6794703957e-01 -1.6051672947e-01 6.6410800993e-02 1.8673509041e-01 -4.8597801687e-01 1.0779218415e-01 1.3044183587e-01 -3.9995775008e-02 -5.4368375330e-02 -3.1642528961e-01 -1.6038311650e-02
-9.2318874482e-02 -1.7165551254e-01 3.0059740016e-02 5.1600966451e-03 5.0088903839e-02 9.5602098602e-02 7.2532564685e-02 1.4100874422e-01 -9.1494061299e-02 -2.5335673329e-01 6.4306562793e-01 -2.0656138142e-01 -3.4443739270e-01 1.1110990935e-01 -9.9732111805e-02 -6.8140834372e-02 -3.2143113685e-01 4.3197083687e-04 -2.6863018663e-01 1.8529457596e-01 2.4640928626e-02 -9.5797440897e-02 1.6628997454e-01 -1.5696819381e-01
1.0245921862e-01 -4.4475855193e-02 2.0491302384e-03 -2.4997483104e-01 -1.7758731170e-01 1.5548342086e-01 -1.6652861389e-01 1.5314418349e-01 9.7128186908e-02 -4.9508531655e-02 1.8189173543e-01 -4.0067587099e-01 6.4933635917e-01 -3.5372901903e-01 -3.8189565166e-01 4.0635429210e-02 2.3477463868e-01 -2.7385107249e-01 -1.6532785895e-02 6.4924842318e-03 2.8792025643e-01 -1.5726841621e-01 1.3745661237e-01 3.8506803153e-02
2.7477822552e-01 -3.3053063185e-01 -3.3056427897e-02 2.2887389741e-01 8.0325506208e-02 7.8856150117e-02 -3.5234710353e-03 -2.4686864529e-01 2.6089175052e-01 -9.0173154430e-03 2.8282577763e-01 -1.4674805526e-01 3.5470163604e-02 4.6221479756e-02 3.8333193013e-01 2.8990782935e-01 1.8023086629e-01 2.4866587623e-02 -1.5990107348e-01 3.8133518905e-01 2.1974344358e-01 -1.9087287265e-01 1.0099027929e-01 2.4315149813e-01
-2.8653113420e-01 4.6754898319e-03 4.4367799329e-01 -2.8382246749e-02 9.1057575468e-02 -1.8708011543e-01 -7.1922662989e-02 -2.4109161321e-01 -1.1385871567e-01 -7.1908584819e-01 7.5493423202e-02 -1.7555270062e-01 5.8895908382e-02 4.9968063875e-02 1.1047085659e-01 1.2564538158e-01 -1.0821248675e-01 -9.7225158237e-02 1.1911604026e-01 8.9176393599e-03 -2.1606154351e-01 1.2729687623e-01 -9.3398345058e-02 2.1620432219e-01
8.1972916608e-03 -4.5260045530e-03 -2.0868327148e-01 1.5223640355e-01 -3.2420372280e-01 7.1001763309e-02 -4.7100766490e-02 -6.0880577404e-02 -7.3173509682e-02 -4.8889718562e-02 7.7423690101e-02 -1.8176376519e-01 2.0082407934e-01 -1.5901001160e-01 1.5371114732e-01 -2.7864100492e-01 -1.7154099148e-02 2.4290698688e-01 6.6729598713e-02 -3.6618020610e-01 2.2716141495e-01 -4.6586656094e-02 7.3897574383e-02 3.1962128394e-01
2.3933211931e-01 5.9864017860e-01 3.0787603390e-01 4.2658620318e-01 8.2127878206e-02 -2.1896316908e-01 9.5134909581e-02 -4.5974202702e-01 5.8239647598e-02 -7.4241119637e-02 -3.2468183582e-01 1.7201449854e-01 1.5077926716e-01 -4.2159316866e-01 -3.4934604631e-02 -1.1122871581e-01 -2.0058884153e-01 2.0717114412e-01 1.3837075626e-01 2.0206977260e-04 -3.2206702163e-02 -3.0816285064e-01 -7.3455664467e-02 6.9522958285e-02
-3.2952999262e-02 -2.7128954869e-01 2.7737178571e-01 1.4397510672e-01 -5.1631654664e-02 1.7243273462e-01 -7.9832461360e-02 -1.6863358852e-01 1.0574816805e-01 8.7283074451e-02 2.1549682848e-01 -1.3140469809e-01 2.8688016888e-01 2.9840564576e-01 -5.0643576971e-02 1.1309242567e-01 1.3532674462e-01 -1.5020660272e-01 -4.1782997443e-02 3.2470527387e-01 -2.9384241882e-02 -7.9176926302e-02 4.7088830195e-01 3.8257607246e-04
7.5810365498e-02 -7.2072869142e-02 -1.2221662748e-01 2.2858454842e-01 -3.2018759627e-01 -2.0665133124e-02 1.0236390931e-01 1.1039835667e-02 -7.3171138868e-02 -2.2555131547e-01 -2.0760924198e-01 -7.0040758079e-02 -2.2500530599e-01 -9.9846078023e-02 1.6912977613e-01 1.8079820715e-01 3.3386783662e-01 -1.0219741363e-02 -5.9805598503e-02 1.8366663621e-01 7.3565051590e-02 -1.0699483719e-01 -2.1453720082e-01 -1.2791749892e-02
1.8587735295e-01 -1.8976930973e-02 2.0282302852e-02 1.2400174623e-01 2.0377452403e-01 -1.7414641963e-01 9.6792603321e-02 1.8027648664e-01 -4.2556415628e-01 -7.3602233515e-02 -6.3960790685e-02 -5.9810135914e-01 -1.2465963484e-01 -1.6204835853e-01 1.7752687722e-03 -1.6330732904e-01 -9.9040066714e-02 -1.2514199143e-01 2.0740916166e-01 3.4290899421e-01 -7.2416683252e-02 7.8289237423e-02 -2.7681275823e-02 4.0850053160e-01
3.7676208076e-01 -3.7723657336e-02 1.9403282339e-02 -1.0976268876e-02 1.4287082604e-02 2.9231205931e-01 2.0953901787e-01 3.7117474131e-01 2.4556073492e-01 2.0438168003e-01 -5.4280270939e-02 -1.0226009857e-01 -3.8776119851e-02 -2.5273132137e-02 -1.0103643927e-01 2.7599988732e-02 -4.5438121586e-03 -1.1990543800e-01 2.2050246816e-01 -1.1095196399e-01 3.3537664240e-01 -5.3274425105e-02 -9.0853572558e-02 2.1909750003e-01
