-9.8525271081e-01
-1.6085108136e-01
-8.8247333002e-02
-3.4109589742e-02
-2.0440522025e+00
7.9724507029e-02
4.2093139771e-01
-8.7607859595e-01
-8.3832871460e-01
1.5045362222e+00
-2.3293164485e-01
-8.6720554070e-01
1.8722056990e-01
8.5956638407e-01
2.1353498992e+00
-5.7901373226e-01
8.2116275142e-01
7.4940775126e-01
1.5751964162e+00
1.7711413162e+00
1.8290432457e+00
-6.5410627654e-01
-7.3899021193e-02
-9.5023791872e-01
2.2527505653e+00
-1.3858036141e-01
4.6731468295e-01
1.5421904289e+00
4.3087862050e-01
6.7703096904e-01
2.1979470401e+00
9.1607966185e-01
