-8.7933128382e-02 -1.1690002177e-01 4.2302594050e-01 1.1015831078e-01 -3.2740357030e-01 2.1464558028e-01 2.2503808930e-01 7.1875981426e-02 3.4083032255e-03 1.2337781899e-01 1.0611638568e-01 2.5931535421e-01 -1.5345758813e-01 3.4466912503e-01 2.0621289998e-01 -5.9843716234e-02 1.5714382801e-01 -2.0802252734e-01 1.5596842949e-01 -6.6970197404e-01 -1.3895015351e-01 -1.5895864053e-01 -1.0450102634e-01 -1.9314915394e-01
-4.4151623480e-02 4.5144352661e-03 -2.5184479807e-01 2.0112170947e-01 -1.3351680760e-01 2.8846485751e-02 8.7121851416e-02 -5.9054209128e-01 4.0903654523e-02 1.5726274264e-01 2.1159670152e-02 -1.6221253816e-03 7.2389752998e-02 -1.7639940685e-01 -3.1363236914e-01 -5.1150365026e-01 -4.3122404284e-03 2.0552083498e-01 2.2871993030e-01 -7.8704863175e-02 -1.2599364886e-01 2.5105909801e-01 -7.3503178788e-03 -4.1800278322e-01
-1.4385770848e-01 -3.6501760175e-01 1.9445533296e-01 5.4927505798e-01 -5.4573799892e-02 -1.4861540181e-02 -2.3947174531e-01 -5.9417405089e-02 4.9914758792e-02 -1.3927700147e-01 -2.4188161265e-01 5.3524934040e-02 -2.4728939843e-01 -3.9188654286e-01 1.6058759863e-01 6.1611201368e-02 1.5186792245e-01 3.6491200387e-01 -3.2872928594e-01 3.0805933573e-01 -3.0753343324e-02 1.7794346128e-01 3.3866963364e-01 -4.8502709619e-02
3.8885242841e-01 1.1198465307e-02 1.7888470977e-01 3.9599230661e-02 -3.1349402233e-01 -1.3772326124e-01 1.4463290734e-01 -2.8271274868e-01 1.7689259848e-01 1.3662690420e-01 -2.7207825167e-01 -1.8413104161e-01 6.9627884529e-02 3.9340177317e-01 1.4453176817e-01 8.4326823807e-02 1.1190947815e-01 -3.4250791338e-02 -2.6522132624e-01 -1.5276925255e-01 -2.8116061198e-01 2.5222147137e-01 -1.0241867961e-02 9.4727908772e-02
5.5155521717e-02 5.5375745652e-02 2.1938161967e-01 3.7293990327e-01 -8.2578753887e-03 3.3260323262e-02 3.2826954422e-01 2.4472317856e-01 8.0146491556e-02 -2.5096898089e-02 -8.6990009054e-02 4.4630691216e-02 1.0484279632e-01 1.6942477754e-01 -2.7643388099e-01 3.0498821706e-01 1.4623875069e-01 -2.7287638913e-02 -2.0916100929e-01 2.2158315977e-01 3.7153935085e-01 -2.4100535647e-01 -2.3888919127e-02 1.5910490732e-01
-4.8322830964e-01 -6.1199285100e-02 8.0417794596e-02 2.4655390323e-01 -3.4159756036e-02 -8.8506430939e-02 -1.6514868491e-01 1.8978670054e-02 4.4208931511e-02 7.3611623800e-02 7.6554142386e-02 -2.1281175991e-01 1.8376057400e-01 1.6658198449e-01 -2.6272523219e-01 2.5575119311e-01 -2.3357041024e-01 -2.5796752378e-01 -9.1116931383e-02 -9.2758750871e-02 3.4487545704e-02 1.6193397206e-01 -5.0621501366e-02 6.8107306605e-02
4.8396556064e-02 2.9645559625e-01 -3.9210296839e-01 -3.3214791924e-01 1.8145815990e-01 -8.8096435236e-02 -8.1295727115e-02 -2.6169738873e-01 -4.4235489578e-02 -1.7727909684e-02 2.6014374735e-01 1.6235613259e-01 -7.6266573052e-02 -3.4610077251e-01 5.7350515836e-02 -1.8416124718e-01 -1.5641242502e-01 2.7501896912e-01 1.0443280981e-01 1.4578623017e-01 -2.7756915102e-01 -1.6639839015e-01 -1.1503442611e-01 -1.4710561469e-01
2.3431808426e-01 -1.0583635919e-01 -5.4403046173e-01 -2.3026510861e-01 7.3170290380e-02 2.9199452879e-01 1.3747918197e-01 -5.6283092279e-02 -2.3213566703e-01 -2.0802079156e-01 -4.9075354413e-02 2.9299596057e-01 2.5195517971e-01 1.8507252029e-01 -3.4799742209e-01 -1.0135283116e-02 -2.1467822623e-01 -3.3020570626e-01 9.3003909926e-02 2.2065933872e-01 1.0649943666e-01 -9.1991662086e-02 1.3220066427e-01 5.7730250117e-02
-2.0985541712e-01 1.9430874423e-01 -1.0176579388e-01 1.7771151044e-01 8.8491186672e-02 -1.4193733716e-01 1.1869209170e-01 3.1638998677e-01 -1.2157999216e-01 1.2094933665e-02 -6.4320594625e-02 1.0362019849e-01 1.7532872826e-01 -2.1291818081e-02 -6.0466220018e-02 2.0322562515e-02 1.7913154099e-01 -1.1187167759e-01 1.3858238191e-01 -5.1765998234e-02 -6.4192251057e-02 -3.2806837897e-01 -2.5476061628e-01 3.5816181178e-01
-8.3359099886e-02 -2.5712092570e-01 1.8953491005e-01 -3.4991437279e-01 -1.5866901428e-01 -7.8651202176e-02 -1.3775943465e-01 2.7851157879e-01 -1.0494398737e-01 1.9374754922e-01 -2.3945581780e-01 2.0402055699e-01 1.0637233627e-01 -2.3905164857e-02 1.7148693500e-01 -2.4041710382e-01 -1.9432890905e-01 -1.3800799846e-01 1.5039324425e-02 -1.0633078502e-01 7.8581683229e-02 -1.5512707526e-01 -2.7393443055e-01 -1.4603886964e-01
1.8474622187e-01 -1.0555134320e-01 -1.7741070461e-01 9.6042764804e-03 3.8207527768e-02 -1.2770854635e-01 1.7976900266e-01 2.3628315655e-02 -1.3939782118e-01 7.4719958448e-02 4.1428783734e-01 1.2287132546e-01 1.7346774246e-01 2.3180716077e-01 -2.0919506646e-01 5.5426597119e-01 2.5316330871e-01 -3.1806282630e-01 3.0279972469e-03 -9.5347495755e-02 2.0818452587e-01 1.6996149155e-01 -1.8031208824e-01 1.4137297946e-01
-1.7717575294e-01 3.3540506469e-01 1.4828168504e-01 -1.1670415106e-01 1.2811260574e-01 1.7992515813e-01 7.3814028709e-02 -5.7009055557e-02 -8.0113624245e-02 -1.1322587137e-01 1.3164388481e-01 -1.5423963884e-01 -1.2936250953e-01 1.7047559336e-01 -2.8971867864e-02 2.6981237789e-02 1.3559590593e-02 -7.6016276819e-02 2.4369182348e-01 -1.4509768932e-01 1.9847593312e-01 -1.2276987499e-02 -2.1798406883e-01 -1.2261842631e-01
1.6569105558e-01 1.6590633369e-01 1.0414452502e-01 3.0995545109e-01 8.7278044128e-02 1.5006681018e-01 -9.7940304789e-02 -1.5307717904e-01 1.0172072822e-01 2.2090129119e-01 7.2160923351e-02 -5.6054970258e-02 -3.1906330469e-01 -2.2184423843e-01 2.5367071328e-02 -8.1653386169e-02 1.2206182674e-01 -1.0187346639e-01 -2.3696722244e-01 -1.1442872301e-01 2.0539357843e-02 1.3324981858e-01 3.2624257010e-01 -7.8689161194e-02
1.9899989459e-01 -1.3672551400e-01 4.4689789532e-02 -2.2445607924e-01 -2.1100589464e-01 -1.4977991541e-02 2.9396124295e-01 1.6831243141e-01 9.6200051601e-02 -6.5377993720e-02 2.0783862767e-01 -8.4273173757e-02 1.7641131891e-01 -1.5165178480e-01 -1.4092205652e-01 -2.3882823375e-01 9.1760692726e-02 -1.1616983992e-01 -1.3453493805e-01 7.5424986937e-02 -2.7240471826e-02 -3.1057992053e-01 -1.1926995987e-01 3.5643052680e-01
7.4445392867e-02 -4.4910492797e-01 7.2342675932e-02 -1.0862769155e-01 1.4935938654e-01 6.7530490211e-01 -2.5754721314e-01 7.0389918001e-02 -3.2434923033e-01 9.2618765216e-02 1.5255287595e-01 -1.4318331765e-01 1.1027742804e-01 2.8369457623e-01 -2.4817164511e-02 1.1345911609e-02 3.6926655658e-01 1.4492000097e-01 -3.7179215047e-01 4.0965063701e-01 -3.5700661522e-02 1.4137399507e-02 5.1606635215e-02 2.3392008388e-01
-2.5104505129e-01 5.4840784191e-03 -1.9337829193e-01 1.6845846533e-01 -3.1449070402e-01 -2.3895872831e-01 1.2905160877e-01 -2.0914802709e-01 -2.0109254172e-01 4.1528551881e-01 -3.2070176065e-02 -1.4790197597e-03 -7.5512857009e-02 2.7816156725e-01 1.3295558311e-01 2.6704765783e-01 1.2330400438e-01 -2.1916465918e-01 -7.1511675400e-02 -2.8938138102e-01 -6.4627376343e-03 -9.5049404770e-02 -4.5879655860e-02 -5.5436827936e-02
-7.3500827236e-02 2.1008519674e-01 7.9603041804e-02 4.4650155788e-01 2.8281403696e-01 6.6455447262e-02 2.2551881698e-01 -9.6153611665e-02 -2.6823713348e-02 5.4407841767e-02 -4.5990771772e-01 -2.8553374266e-02 -3.0507179780e-01 6.1442634008e-03 3.0023597058e-01 -9.1870567136e-02 3.1657093890e-01 -6.6475834097e-02 -2.3727750902e-02 3.5588451718e-01 1.2740340781e-02 1.4627207054e-02 -4.8483203347e-01 -1.3742766494e-02
3.2621054078e-01 1.8943220802e-01 -3.5538011942e-02 -3.1146210541e-01 -1.5608035314e-01 -4.2445946199e-02 2.2726422573e-01 -2.1296329985e-02 -2.1976738259e-01 -1.7856045175e-01 4.3633171633e-01 5.6846372085e-02 -2.4652251219e-01 5.3593934422e-02 4.9366997308e-01 -1.7602923215e-01 -5.2679522178e-01 -2.0215696602e-01 4.2321229350e-01 -9.9617092457e-02 -3.9627061789e-01 3.8320814280e-01 -3.1088011043e-01 -4.9019704329e-02
3.2876603592e-01 1.3485846592e-01 4.4971803328e-02 3.3538069782e-02 2.2833208591e-01 9.1638271563e-02 -1.0693796568e-01 1.0156292708e-02 5.3295452206e-01 3.2377636737e-02 2.2749576440e-01 8.2618094143e-02 -1.7266579537e-01 1.0052674218e-01 3.8124958193e-01 -2.5727352044e-01 3.5050083957e-02 -1.1404506205e-01 4.4472534136e-02 -6.7950283511e-02 5.1963232657e-01 2.0617984121e-01 -1.1608301261e-01 2.2520976622e-01
-7.1520856485e-03 -3.6883322232e-01 -2.7114510726e-02 -1.2943762681e-01 9.3939411140e-02 -2.9712276886e-01 1.2953739113e-02 -2.4658611837e-01 -4.0215302011e-02 -5.9167580087e-02 8.7989411629e-02 -1.4311886793e-01 -5.4930658014e-03 -1.0308511632e-01 -1.2037724508e-01 1.7466492449e-02 2.6598286526e-01 8.3396811638e-02 -2.2042252683e-01 1.6727699260e-01 -3.5664049070e-01 -2.6033600013e-01 -2.2572105563e-01 1.1841793591e-01
1.9220081996e-02 -1.4560801420e-01 2.2036435422e-01 -1.0860996049e-01 2.0687971654e-01 6.6871860006e-02 -7.0684319639e-02 -1.9687336181e-02 1.0864405612e-01 -2.2435674208e-03 -4.1137439415e-02 1.2620862941e-01 -2.7698733210e-01 -2.8627804017e-02 -4.1806149952e-01 -1.6588979564e-01 2.5961281029e-01 -9.5927442864e-02 -5.8634789211e-02 2.8704820748e-01 -3.3639486721e-01 6.7657199944e-02 -1.1750753240e-02 2.9275545820e-01
-2.2921391235e-02 -2.3802405714e-01 -1.4532383032e-01 -2.6062113845e-02 -1.4451313651e-02 1.2228520402e-01 -9.0479607561e-02 -3.4639824740e-01 -9.9237131024e-03 -2.9620343850e-02 2.6403781710e-01 1.1228681265e-01 -5.2564454504e-02 1.2958558903e-01 8.1946884382e-02 9.0645830103e-02 1.2778662300e-01 1.2174648089e-01 -1.1448140407e-01 1.3582397812e-01 2.0527795449e-01 -1.4238248664e-01 1.9901971982e-01 -1.8761224147e-01
-1.7134422731e-01 6.9812488177e-02 3.3518924442e-01 -3.4046551808e-01 3.1024196277e-01 2.2377460143e-01 -1.7691759021e-01 2.7217337192e-01 -1.2542817161e-01 -6.0663187869e-02 -9.6049202704e-02 -1.3113582320e-01 -3.7353932568e-01 2.2805474887e-01 -2.8427630129e-01 -2.0336045923e-01 -1.7150222878e-01 -3.8644137747e-01 -1.9462335612e-02 6.3232777924e-02 -2.8929423583e-01 -5.2713697924e-02 7.0186883117e-02 -2.2217391146e-01
1.5364390458e-01 -1.7534373110e-01 1.9853909224e-01 -1.3882196433e-02 -1.1137938776e-01 -2.7683212452e-01 4.7494703466e-01 1.3197761915e-02 8.4702927926e-02 -1.2099885044e-01 -6.0585096347e-01 1.8061059613e-01 1.0266140149e-02 2.2665762540e-01 -1.4691170983e-01 7.0757404797e-02 6.1898698102e-02 -1.1959337597e-01 -4.0984657079e-02 -1.0502996673e-01 8.0014218780e-02 -4.4525978411e-01 -5.9458767862e-02 -5.2864374445e-02
