2.1724637776e-01 5.5185399263e-02 -5.4718868819e-04 -1.5256463044e-01 2.2273242144e-01 -4.0194450918e-01 -4.2760886982e-02 3.3596670793e-02 -1.1312816843e-01 2.3076872595e-01 7.2800801668e-02 -4.6433379091e-02 7.9481469995e-02 -1.1368966682e-01 -6.9226920469e-02 -3.5292526573e-01 6.8265989159e-02 -1.9447640430e-01 1.1813295308e-01 8.8714829391e-03 -1.4670000321e-01 -7.7209195071e-03 3.9064983208e-02 2.0299530598e-01 -1.7827262806e-01 1.2971759027e-01 2.8300860541e-01 6.0094288175e-02 1.3156191438e-01 -8.0744748800e-02 3.1405809238e-01 -5.7895173083e-02
3.1557893417e-02 1.4880375652e-01 -6.2762707792e-02 2.3590905123e-01 -1.0742786994e-01 -1.4794593154e-01 -1.8908996530e-01 3.0707239954e-02 1.3458160816e-02 8.5717040462e-02 2.3585447671e-01 1.2602184161e-01 -9.1581262220e-02 5.8023842259e-02 -1.3644065673e-01 1.0019628335e-01 1.7311263299e-01 2.4874572159e-01 1.0910883672e-01 4.6928974152e-02 6.2814750852e-02 -2.5173791805e-01 -9.7859517301e-02 -1.7618468948e-01 1.3031256048e-01 -2.8008167035e-01 -9.1018576045e-02 2.9617543982e-02 7.2104924206e-02 1.4690892145e-01 3.0402426819e-01 -2.8613920124e-01
-4.5374217454e-01 1.3425538894e-01 -3.2924756939e-04 -1.7750789116e-01 -2.1847976069e-02 5.2538586765e-02 3.4519408619e-01 -8.0632388882e-02 -2.1936655345e-01 -1.8057518075e-02 1.3179968757e-01 2.0235822666e-01 3.9498159200e-02 6.8501855427e-02 -3.2801944211e-01 7.1738731572e-04 7.2117138571e-03 1.9862196505e-01 9.2696679802e-02 -1.5159874035e-01 1.9386573009e-01 -5.5940462533e-02 -2.1813372482e-01 -1.2445859048e-01 -1.4335399761e-01 9.4381350148e-02 -2.7461557917e-01 -3.1784102621e-01 1.6113378920e-01 1.3357201405e-01 -6.0427808727e-02 2.4398488472e-01
1.0646061399e-01 8.1797002796e-02 3.9871150943e-01 1.9965934221e-01 2.4168810516e-01 -1.4034010995e-01 6.9554544614e-02 -1.7297378691e-01 1.7465575906e-01 1.4451874263e-01 -6.6748284087e-02 -2.5288316190e-01 1.7116201946e-02 -5.4724524052e-02 3.6261326990e-01 5.3074368042e-03 -2.5274116163e-01 -5.4835729880e-01 -1.3429284860e-01 2.1940929314e-02 -2.5346897630e-01 1.7410289314e-01 2.3459660901e-01 -1.0757093036e-01 -1.3652032939e-01 -2.9888437069e-01 -3.2675951399e-01 -2.7825326222e-02 6.5017348930e-02 -2.4843873351e-01 -1.8654772166e-02 2.9044282009e-03
1.9412255424e-01 1.4356008559e-01 -2.1474313612e-02 -3.6573374726e-01 4.0332134290e-02 5.6799515213e-02 5.0261683448e-02 2.9053668740e-01 6.9455949747e-02 4.2708951273e-02 -2.6416259358e-01 -1.7003100606e-01 -1.9013752754e-02 1.3300447005e-02 5.1031542433e-02 -1.0092482671e-01 1.9820658965e-01 -4.6401716749e-02 3.4365738102e-02 2.8096615862e-02 -4.9043120649e-02 2.1340794477e-01 6.4416445388e-02 -8.7335997124e-02 -3.1178588245e-02 -1.7583974112e-01 -2.2230316925e-01 1.8330490914e-01 -1.8382487374e-01 -1.3910630636e-01 -1.8288889708e-01 -1.1110977232e-01
-5.0117885991e-01 3.2367133698e-01 -1.4717562739e-01 2.0300532546e-02 3.5262109299e-01 -4.0281377888e-02 -1.3037462006e-01 2.0395225547e-01 8.9237928455e-02 2.7317198010e-01 -4.0463610317e-02 -1.4132661852e-03 2.2907195851e-01 -1.9093208782e-01 1.7372484254e-02 9.6124819780e-02 -1.6748808563e-02 -3.8479877145e-03 1.9328270696e-04 3.3346145882e-01 -1.5916231893e-01 9.8277833233e-02 2.8540406733e-02 1.2106316721e-01 1.3788350026e-01 1.7283581507e-01 -3.0935876331e-03 7.4343178686e-02 1.1181062889e-01 -6.1332614916e-02 -8.1136841834e-02 -1.8705629261e-01
2.8497031882e-01 1.4706981822e-01 -1.7446490136e-01 7.2270655668e-02 2.6623305819e-02 6.0875505073e-02 -6.2309582282e-02 4.8218203257e-02 1.7719022523e-01 3.2461527726e-01 1.6294826497e-03 -8.8256844580e-02 2.0120814713e-02 5.7587572848e-02 1.3712381846e-01 1.2019567799e-01 1.2421427628e-01 -1.6946980426e-01 3.1750236766e-02 1.6446640294e-01 -2.5165884755e-01 1.4381392484e-01 4.5378135297e-03 5.3568254983e-02 1.7441297382e-01 -1.1283549785e-02 -2.9616653432e-02 -1.6575926840e-02 -5.7292892202e-02 1.1316147697e-01 2.4217322870e-01 -8.5076482151e-02
1.0783913314e-01 -1.2619098000e-01 1.0605631322e-01 1.6271946352e-02 6.2774640742e-02 -1.4250214228e-01 1.1107667370e-01 -2.4204898396e-01 4.6373419079e-02 -1.9074793032e-01 3.1319945113e-01 -1.4974163271e-02 2.4349174752e-01 1.7482778302e-01 -7.0051720828e-02 -9.3656955331e-02 -3.2729767047e-02 -1.1531327879e-01 -6.2106024663e-02 -1.1081160909e-01 3.5284495183e-02 -8.5375389112e-02 1.1501362357e-01 3.7769445607e-02 -4.9382452151e-02 -1.8129577257e-01 -1.6053926906e-01 -3.6422060188e-04 -5.0643584583e-02 -1.2547315080e-01 1.1675167681e-01 -1.6539761407e-01
4.7546342828e-02 1.5102506585e-01 2.3747488373e-01 -8.2732205878e-02 1.6476261909e-01 -9.7350723915e-02 -1.5342443191e-01 3.0732611108e-01 -1.4560575210e-01 3.7704821155e-02 -1.7480716643e-02 -1.9869371588e-01 -1.9946847553e-01 -2.1214768276e-01 -2.0490746998e-01 -5.6838041482e-02 7.3215311186e-02 2.6635119885e-01 2.5627897478e-01 1.4962073659e-01 -9.9920367496e-02 -2.4110315397e-01 1.6391613459e-01 -1.1621433962e-01 -3.8567482150e-01 8.9420230706e-02 -7.8771726014e-02 -3.2045921920e-02 -3.5268150631e-01 1.0043505716e-01 -2.7585823452e-01 -9.9641412844e-02
5.7658961944e-02 -1.3220293766e-01 -6.8904722525e-02 1.4931331972e-01 -3.9010012529e-02 2.6513049905e-02 -5.1245985802e-01 -9.5512421115e-02 1.9976559471e-02 8.9891647035e-02 -1.8849168567e-01 -1.1300592236e-01 2.6792051702e-01 -1.2806696651e-01 1.9518566941e-02 -1.5930990627e-02 -1.5523096729e-01 -3.8872873500e-01 3.0204278323e-01 4.0467744094e-02 3.1805338643e-02 9.5971791830e-02 -4.2341161412e-01 -3.0167066089e-01 1.7643446642e-01 -5.4679909117e-02 -2.7892865163e-01 2.7924497786e-01 -6.2891436934e-02 6.1410865711e-02 -8.9827978512e-02 1.0256933543e-01
3.2541095184e-01 4.0648976619e-02 -2.4177852821e-01 3.1176586994e-01 8.8703446415e-02 1.2208691659e-01 3.2936352585e-01 -5.9053646685e-01 -8.8216928492e-02 1.7291747312e-01 -1.7770447694e-01 -2.0036463590e-01 -1.9371591623e-01 1.6446169352e-01 2.1012432294e-01 -4.4907260827e-02 -2.7589206420e-01 -4.1731730966e-03 -1.0796880207e-01 -1.4625941682e-05 -9.8261613587e-02 1.3225483848e-01 -4.9361404492e-02 -3.8957231818e-01 1.8755757653e-01 -3.9414126185e-02 9.4707964991e-02 -1.4151401326e-01 -7.9860667700e-02 -1.2070529494e-01 4.6938247289e-02 7.6785384969e-02
-2.4914410157e-01 9.4861677191e-03 -1.8507786827e-01 1.2389751300e-01 -2.2721236423e-01 -2.4235041434e-01 1.5918980859e-02 1.5666290140e-01 1.4580828786e-01 9.6134458376e-02 -5.2563362507e-04 -7.7730564222e-02 -1.5422746698e-01 -1.3604723576e-01 -1.5839456357e-02 -1.1273291163e-01 1.7900938446e-01 -1.0144610576e-02 -1.0806144939e-01 -2.2339115990e-01 4.3104134421e-01 4.5104734421e-02 1.8180985722e-01 -1.8928716076e-01 3.5988092023e-01 3.8064912072e-01 -1.6778549773e-01 -3.0799729145e-02 1.2779032475e-02 4.7570809536e-02 -3.3206573218e-01 1.6037596728e-01
1.7287982895e-01 1.5631256062e-01 3.1703224626e-01 -1.5309016403e-01 -8.2752745091e-02 1.2169661415e-02 -2.3869696820e-01 1.0389255936e-01 -6.9890712278e-02 -4.4830805920e-02 -5.1343047477e-02 -2.6030432878e-01 1.5992155916e-01 -1.4767004546e-01 -3.3533062721e-01 3.9710821840e-02 1.7746578559e-02 -1.8551244823e-01 1.5590795229e-01 1.5930857347e-01 -5.1537898052e-01 1.9023057933e-01 -1.3633827211e-01 -4.3613221018e-02 -1.8753452134e-01 1.0900216184e-01 -4.2455702365e-01 -6.1492031357e-02 -2.2148407754e-01 -2.8454605106e-01 1.1902566018e-01 5.8020568276e-02
2.9227018345e-01 2.4594810734e-01 -1.2137208578e-01 7.4424763307e-02 7.0254502624e-02 1.8787558890e-01 -2.0895454171e-01 -2.9303728520e-02 -8.2070002511e-02 -1.2050896733e-01 1.9192752538e-01 2.3081665035e-01 -7.8390723278e-02 -1.2572390872e-01 1.5271343736e-01 -1.3609604771e-01 -1.9735139300e-02 -1.8787118437e-01 2.9863738344e-01 4.1674787215e-02 2.2555432819e-01 -2.4251563201e-01 1.0912550426e-01 -1.4412596148e-01 -3.4949125815e-01 -6.2244752963e-02 4.3343946211e-02 -4.9762643660e-02 1.7407377843e-01 -2.8336501832e-01 8.2180750191e-03 3.2194053855e-01
-1.3163700774e-01 2.2323779254e-01 8.6472340788e-02 -4.1668560073e-01 6.9437288651e-02 -6.5923808319e-02 4.0471992598e-01 -9.0362224169e-02 5.8815883873e-02 -1.3734841121e-01 2.7285008149e-02 -2.0891032479e-01 2.2338547399e-01 3.1965676155e-01 -4.3040610941e-02 1.2417301471e-01 -5.5323777582e-03 -1.4978122757e-01 -1.5324561563e-01 -2.5471988172e-02 -2.4082438341e-01 -2.1067896359e-01 -1.3956760448e-02 1.3883158408e-01 -6.9877215987e-02 -1.5188935397e-01 -5.2767907990e-02 -4.3225365324e-02 1.5039255444e-01 6.3564119327e-02 2.4241072493e-01 -2.0916592280e-02
-5.2272138878e-02 1.9428853454e-01 9.7332436496e-02 -2.0925702782e-01 -2.0253963497e-01 -8.3086756998e-02 -1.8696304214e-01 3.4246547099e-01 -2.8713370740e-01 -1.5983692537e-01 3.1018844290e-02 1.2403351389e-01 -1.7104057584e-01 -5.7577993070e-02 -1.2114217363e-01 3.0169886534e-01 1.0475304912e-01 -2.8449949530e-01 -6.6173192251e-01 -7.9500241203e-02 1.6460206195e-01 1.6796151068e-01 -9.7641609752e-02 -3.0018685790e-01 -5.1643932171e-02 3.5335192435e-04 -1.9781116719e-01 -3.5376891355e-01 5.9719010961e-02 -7.5931636682e-02 -5.3056230716e-02 -3.2733686379e-02
-5.6634513277e-02 -5.3834848857e-02 9.8988822722e-02 -7.8778759667e-02 3.2811585607e-02 3.8143184658e-02 1.3986825311e-01 8.1047217540e-03 9.9007945802e-04 -4.0091603605e-02 3.0615139539e-01 1.5193377782e-01 2.5411572582e-01 1.3928091580e-01 3.6362837035e-02 -3.1578632671e-01 1.1469320520e-05 3.3554820231e-01 -3.1899370379e-01 1.4120690349e-01 -1.7329588518e-01 -2.9845080157e-01 2.2275340288e-01 -2.7244875187e-01 7.4933669277e-02 2.9321662709e-01 9.2011296665e-02 -2.5598480998e-01 -9.6856801138e-02 -4.9128549462e-02 3.2475047703e-01 2.5496093232e-02
-1.6349248046e-01 -2.0505800060e-01 -3.5845323947e-01 1.3189238230e-01 1.4768688107e-02 -1.3423864609e-01 -7.6293899295e-05 -1.2737375406e-01 7.1330633757e-02 -4.9493323455e-03 -1.2714897255e-01 -1.0283932751e-01 5.0786232315e-02 -2.5343540080e-02 2.3666669266e-01 2.5616003065e-01 1.8791474435e-01 3.2781003274e-01 5.4922031595e-01 -4.7548102334e-02 -1.7134882978e-02 6.3937392760e-02 3.8450564094e-02 -1.8213951325e-01 1.2856603856e-01 2.5457925920e-01 -1.2246528852e-02 -9.7295201819e-02 -1.0042885135e-01 -1.7453427716e-01 -1.9029009068e-01 -4.7838912377e-02
4.4957876434e-02 -1.6959221313e-01 9.2186702416e-02 -1.1468745396e-01 2.2442641130e-02 1.6590599063e-01 -8.4014621349e-02 2.9022702500e-01 1.8332924020e-01 1.5675927556e-01 -3.9856225392e-01 1.6199117008e-01 6.1093782768e-02 1.5016469690e-01 2.5920867714e-01 -2.2753964100e-01 -9.9137659718e-02 1.4182569001e-02 -5.1788684918e-02 3.0527252088e-02 -4.0437965436e-02 2.4378260721e-01 4.6168017671e-02 -7.0532337385e-02 -1.8224574541e-01 -2.3316954492e-01 1.0365390361e-01 -1.6982117601e-01 1.6814624860e-01 -1.7623551306e-01 2.5183857093e-01 2.6298763271e-02
-3.8485909493e-01 -7.4754055450e-02 1.0060120605e-01 -3.2959038593e-01 -1.8403290851e-01 -1.1773272310e-01 -6.7883920330e-02 5.1568525774e-02 -2.4400618232e-01 2.8409015287e-02 2.6698387463e-01 1.6837982424e-01 -3.1569544212e-05 -1.3910266725e-01 2.0872456095e-01 1.7079298922e-01 4.3037357061e-02 -1.3372466678e-03 -3.1833728734e-01 -2.2141540499e-01 1.5917173879e-02 -4.8755151281e-02 -1.0975432006e-01 4.9868720195e-02 -1.1954245626e-02 -1.5142958209e-01 -1.7234986995e-01 -5.1924765046e-03 1.6892119892e-01 -7.8116208384e-02 -2.1199393089e-01 1.5113438385e-01
1.1385866801e-01 -2.7670405414e-02 -2.2553618470e-01 1.3084029291e-01 1.3450879928e-01 -1.9453615600e-02 2.7101239219e-01 3.1307908953e-03 1.4063867037e-01 2.8884321467e-02 -4.8510580786e-02 -1.7242689060e-01 6.3086112056e-02 -1.6060033166e-02 3.9579504366e-01 4.6705390642e-03 -1.3393609679e-01 1.5460173663e-01 9.7158430157e-02 1.6573812673e-02 -1.6292589340e-01 2.0720879505e-01 -2.6290161946e-01 1.3043720840e-01 2.5307812056e-01 -9.7761280578e-02 3.3580299186e-02 -1.8867672523e-01 1.9820691589e-01 6.5014343837e-02 -1.3749445109e-01 -1.5727763700e-01
-1.0284116172e-01 2.5006237432e-01 2.2593153805e-01 1.3032481439e-01 6.3518673354e-02 1.1709769212e-01 1.1744769704e-01 1.4636341162e-02 -3.1884551406e-01 -2.8078351288e-02 -2.3169757388e-01 3.0058326281e-02 1.4919100141e-01 -7.0952121771e-02 -1.7537496155e-01 9.1608937439e-02 -2.0793847698e-01 -3.3655274793e-03 -6.9823002631e-02 -1.0269488715e-01 2.3955524032e-01 2.9963646106e-01 2.0432681737e-02 -2.0955275407e-01 -2.2496093004e-01 5.7877468425e-02 1.7720955118e-01 -2.0977962902e-02 5.9740386563e-02 -1.8394543632e-01 5.9663333672e-02 -1.0230796938e-01
1.5848188228e-01 -1.1134609951e-01 2.4107684646e-01 2.3357415356e-01 -2.3832032234e-01 9.8718956223e-02 3.4981548271e-03 -3.0589998071e-01 -1.7314655334e-01 1.6190018687e-01 -9.0303077557e-02 -1.9394923116e-01 1.8556206950e-01 -1.3657018714e-01 -4.6505587025e-01 3.8440305880e-01 -1.4441442677e-01 -2.7623238691e-01 2.1247859665e-01 -1.9886644859e-02 -1.9669655521e-02 2.3630515299e-01 2.5408418415e-01 -1.7533515416e-01 -6.7559951634e-02 1.3933361435e-01 -2.0873732207e-01 1.4844984387e-01 9.4700469329e-03 6.8164243940e-03 -4.9344527088e-02 -2.2241288344e-01
8.4012810601e-02 1.6290901266e-01 4.3908830403e-02 -2.2647095535e-01 -2.1651702573e-01 5.0394722064e-02 1.7923346513e-02 8.5721982437e-02 1.8260489792e-01 1.5159127820e-01 -4.8540161451e-01 -8.6765877617e-02 -4.1877709953e-01 4.1657276648e-01 2.3729067541e-01 -1.2111926607e-01 -8.1684743125e-02 -1.2129141140e-01 7.7340388374e-02 5.4581568883e-02 8.5527940863e-03 2.2166842529e-01 -3.7093204940e-01 1.6010258358e-01 -3.3504073828e-01 -1.6685693926e-01 2.6396319993e-01 -4.4651531883e-02 1.2562804660e-02 2.9306659675e-01 -2.4966830864e-02 -7.8577465360e-02
1.2632568353e-01 -2.1416984583e-02 -2.0532377600e-01 9.2616472330e-02 -1.0134206644e-01 2.0467746793e-01 2.7220317774e-01 -1.6130313965e-01 1.3207025998e-01 -8.1535334908e-03 -9.5986483052e-02 -1.7464940730e-01 -2.5485441047e-02 1.2360121397e-02 -1.3254570194e-01 5.4461365796e-03 -9.0960526104e-02 -7.7207189766e-02 5.2148178597e-02 7.2411767186e-02 2.0095925692e-01 1.9880802677e-01 3.7439784077e-02 1.0785400582e-01 1.6839283453e-01 -1.4719778625e-01 -3.9785818860e-02 -4.8275579453e-02 4.4488270095e-01 2.3015619540e-01 1.2867477209e-01 -3.0666220754e-02
1.4823643137e-01 3.8638083965e-01 1.3379742509e-01 -3.6420025135e-01 1.0505265077e-01 -1.6360096322e-01 -9.3104643828e-02 6.3310737910e-02 -1.8314780616e-01 -3.7019941869e-01 5.2900926484e-02 -5.5468061438e-01 -9.0136321248e-02 -1.4602380233e-01 4.4898638786e-02 -5.0019275086e-02 1.5896667310e-01 6.2494206659e-02 -2.7336321174e-02 2.0705806275e-01 -1.1153704792e-01 3.2182382024e-01 -8.2667149336e-02 -7.8009184477e-02 1.2207148748e-01 8.7715192597e-02 -3.0362156671e-01 -1.6248078104e-02 5.6099177791e-02 1.6261078643e-01 -1.6219874404e-01 2.7513225769e-01
3.3175968314e-01 2.4759447142e-01 -1.4379933173e-01 -7.1408621039e-02 -4.2841197712e-02 6.2129835195e-02 2.7057075871e-01 3.3415063661e-01 3.0282717582e-02 -2.6114173609e-02 4.2234373380e-01 3.0237897406e-01 -1.0181905489e-01 1.5797482924e-01 1.2976001556e-01 2.3644884666e-03 8.2538575490e-02 -1.5108364351e-01 1.3016856977e-01 -9.0065197942e-02 1.6825706012e-02 -1.2219679743e-01 -2.7638914979e-01 2.0125028976e-01 -1.1258180881e-01 2.9607159822e-01 3.6750894956e-01 3.0697055477e-01 -2.4552322802e-01 -4.1118444086e-02 -2.8848230608e-01 -1.3082076585e-01
-3.9791929043e-02 -1.1887242256e-01 1.8474560385e-01 -1.6486194700e-01 -9.5757614088e-02 -2.5164837167e-02 -3.2907643225e-02 8.5148945802e-05 1.3958857085e-01 -1.6134225267e-01 -7.1408528347e-02 -3.1930329889e-01 -1.2947833361e-01 -1.0822232313e-01 2.4566357584e-02 3.6966958973e-02 -1.2029806454e-01 2.2269754068e-01 -3.2854945513e-02 1.8766570210e-01 2.2326074135e-01 1.2416760183e-01 2.1223351615e-01 -8.6217265093e-02 -2.4423245462e-01 -1.4720676343e-01 -1.9237759065e-01 1.3457850988e-01 -3.9272854273e-01 1.3570167725e-01 -2.2423630412e-01 -1.1826112419e-01
-1.6711757017e-01 2.8207270771e-01 1.2143393999e-01 7.0972899466e-02 2.5404488324e-02 1.2681348756e-02 3.2122609003e-01 -1.2821318944e-01 1.7125546033e-02 -9.5816721429e-02 1.9735636523e-01 -1.5882149011e-03 -3.2390632319e-01 1.4916546323e-01 1.3295488332e-01 2.3604270170e-02 -2.6794282115e-01 4.1089140540e-02 1.0476688904e-01 -2.0677218268e-01 -2.1688893199e-01 -4.0389700044e-02 4.0282946217e-01 9.1234319496e-03 8.7588924597e-03 9.8388462661e-02 -4.7193447643e-02 -1.2787991787e-01 -1.8862942465e-01 1.3912559438e-01 7.1470551864e-02 -8.3821266518e-02
6.6677502853e-02 5.2335456912e-02 -1.3085220312e-01 -1.4592599745e-02 -5.7553104241e-02 4.3593268116e-02 1.5517009711e-01 -2.8533151111e-01 -2.5628279761e-01 -5.4081075772e-02 -4.3669152758e-02 1.0594325559e-01 -1.9947035791e-01 -7.3214860623e-02 1.4134866526e-01 -3.3659560942e-02 6.1843660680e-03 3.0199253116e-01 2.1383861543e-01 2.5593114165e-01 -8.8149595175e-02 -4.9673662260e-02 1.3923213665e-01 -7.5528619631e-02 -7.5138860928e-02 2.3333030734e-01 1.9316227317e-02 -1.5159467235e-01 2.4692353619e-01 -1.5700336925e-01 -2.0483585528e-01 2.6866424872e-01
-1.5192155712e-03 -3.4478399586e-02 9.0919563381e-02 1.1482009781e-01 -8.0951477419e-02 2.3042985444e-01 4.1105174702e-02 -8.7697311859e-02 7.0811866015e-04 1.3509866404e-01 -5.2043378884e-02 -1.2044059593e-02 2.5746685289e-01 2.9531913817e-01 -1.1174150097e-01 1.6012221801e-01 1.6485492573e-01 -3.0615920131e-01 4.6900249855e-02 2.6611506632e-02 -9.0945569291e-02 -1.7631968664e-01 -9.1207785379e-02 1.5751995636e-01 9.3494527591e-02 -4.5824915317e-02 -6.6155417267e-02 -2.0411440359e-01 1.2124634208e-01 2.8196668300e-02 1.0967823548e-01 1.9233529145e-01
2.5297088479e-01 6.8587286251e-02 -1.5334058049e-01 3.4052683452e-01 2.1015163294e-01 -1.1061514303e-01 -3.6631035024e-02 -1.8637420258e-01 1.3444990771e-01 -6.0289711801e-02 -1.4952358900e-01 1.1909623837e-02 7.0860603755e-02 -3.2522979559e-01 8.1037311143e-02 4.2181314493e-02 -2.1964954707e-01 -1.8105858475e-01 -6.1685333244e-02 1.4500266463e-01 2.6538915954e-01 2.1388561757e-01 2.5810004042e-01 -4.3546217036e-02 -3.7859340233e-02 -1.4736798891e-01 8.2386491170e-02 -9.1125804773e-02 -6.4679150372e-02 6.5651968264e-02 -2.2699881698e-01 1.2061781530e-01
