-1.4248663262e+00
-2.0725442890e+00
7.4381449381e-01
-5.0970439417e-01
2.4799920379e-01
2.3108063976e-01
-9.2567459989e-01
-1.3531906912e+00
-6.7677094415e-01
2.4271932533e-01
-8.2309842703e-01
-3.5454858032e-01
1.0720472272e+00
-7.5083150775e-01
6.0789823667e-01
-6.6414426471e-01
8.1514279322e-01
1.3993778874e+00
-1.7471600899e+00
-3.5187117056e-01
-1.1528786126e+00
-1.2383708271e+00
1.4361241049e+00
-1.8551902680e+00
-1.5343769430e+00
8.4674410623e-01
2.0370918829e+00
-8.2705171699e-01
-1.4295314239e+00
8.5473468889e-02
2.2720714749e+00
1.5385007595e+00
