-8.0146589654e-02 -1.3699424509e-02 7.2955647897e-02 -6.7592533108e-03 2.7144598987e-01 1.6856684606e-01 1.0875734699e-01 -1.3992052843e-01 2.4259124758e-01 -4.4433763740e-01 8.4214663916e-02 1.5155743475e-01 9.1220987178e-02 -3.9593415739e-02 -8.4231804160e-02 8.6013425002e-02 1.7069918018e-02 -2.4339243452e-01 -1.5355401815e-01 2.6979651958e-02 2.3160895865e-01 7.6190755045e-02 9.1543704981e-03 8.8948877129e-02 -3.8608385984e-02 -6.7985972829e-02 -1.4011269074e-01 6.6562292751e-02 -1.7515920538e-01 2.2287673303e-01 -7.4860488933e-02 -9.6259263923e-02
-1.3083808868e-01 -5.3848953370e-01 3.0489932901e-02 -1.3309672226e-01 5.8862398927e-02 -4.2780531747e-01 1.2311299661e-01 -2.2700402144e-01 1.4003622057e-01 -2.1584806683e-01 2.0517420430e-01 -6.8412861152e-02 3.4216426828e-02 -6.0537878399e-02 -4.6915641751e-02 2.9707787231e-02 5.2850872706e-02 4.2287525423e-04 -2.5452795077e-01 -2.5271157959e-01 2.5839675877e-01 1.8911708871e-01 -3.0729746876e-01 -4.0913798594e-01 -1.6949789031e-01 -1.8604512107e-01 -6.0654846882e-02 2.4652213578e-01 5.2332874353e-03 1.2413828498e-01 1.1487931475e-01 4.4151475539e-02
5.9080831505e-02 -6.3937816698e-02 2.0030221340e-01 2.7201774140e-01 -1.9636767906e-01 1.7906937743e-01 -5.1745637600e-02 -3.0055211080e-01 3.6702958608e-04 1.2450840842e-01 -1.0056327945e-01 -2.1684391481e-01 4.5602588517e-02 9.8931274232e-02 -2.0180069734e-01 -7.6237417207e-02 2.1123781735e-01 3.2752089319e-01 2.1808634839e-01 1.7703730482e-02 3.2737891757e-01 -3.3679772397e-01 -4.5195816494e-02 8.9118309936e-02 1.9611891613e-01 -5.6992378725e-02 4.1288038333e-02 4.0185996565e-02 -2.2865437316e-02 2.5340045577e-02 4.3073530909e-01 1.1188594904e-01
-2.9013367654e-02 1.7960729937e-01 -1.3325052926e-01 3.6262608521e-01 4.0328008009e-02 3.7747020320e-02 2.9892927105e-03 -2.4571144584e-01 8.0837831152e-02 -3.3632757034e-02 1.4846830567e-01 1.8028766653e-01 -2.3975040678e-01 -1.3552223660e-01 -2.6828753625e-02 5.1942702119e-01 -2.3513637931e-01 5.1542477847e-02 -1.0975412601e-01 1.0347745264e-01 1.7900584838e-01 -1.8091580202e-01 7.0609995267e-02 -4.0668742307e-01 -3.0112668770e-01 -1.1929156794e-01 -1.4898218411e-01 -1.4610208180e-02 7.5279078649e-02 -4.7587301571e-01 7.1561102987e-02 3.7433549838e-02
1.4902180828e-01 -2.2407440926e-01 -1.6898147518e-01 6.2654706572e-02 1.9470737753e-01 -2.5748976771e-01 -8.1591889219e-02 8.5704734577e-02 1.9434446876e-01 1.4152512279e-01 1.0990002279e-01 -2.0342344767e-01 -1.1998171172e-01 -8.7210796432e-02 -6.9151808624e-02 -2.0394512664e-01 9.0632785424e-02 -5.9808896424e-02 -1.0218884980e-01 -1.8921941929e-01 5.2809173844e-02 6.7605253184e-02 -8.3258040600e-02 5.3448890669e-02 -1.5637508827e-01 1.3829564348e-01 -1.5079668509e-01 -6.2718829178e-02 9.8846796611e-02 9.8180550573e-02 2.6100261977e-01 3.1032459249e-01
-1.4542519308e-01 -6.2768018832e-02 7.5324356368e-02 1.0643033960e-01 -1.8553105707e-01 -3.9442676928e-01 1.9219537859e-01 1.0755219871e-01 -2.9456151867e-01 -2.1022117452e-03 -3.5641638900e-02 6.6835700755e-02 -3.3698507292e-01 -1.7092913347e-01 -1.3722299574e-02 -1.4841446680e-03 -1.8262688721e-01 3.9420350282e-02 -2.3123789671e-01 2.0672041977e-01 -2.0325127243e-01 -4.6995250049e-02 1.5736373601e-02 -2.8547035473e-01 -4.2798925474e-01 2.5384531798e-01 3.4342677979e-01 -9.8032418618e-03 3.5110216944e-01 -4.6751537895e-02 -8.9607075350e-02 -1.0001292043e-01
-6.7226767401e-02 3.4544043638e-02 1.2109643557e-01 -9.8431790702e-02 1.2776320963e-01 -3.7218740932e-01 -3.1824115427e-01 -1.6653722588e-01 -4.3241874316e-01 -1.9098411997e-01 2.0010164916e-01 3.2583722629e-01 -3.1839697382e-01 -2.4185528153e-01 -2.8744919248e-01 2.1304177526e-01 3.8323530226e-01 1.6407995515e-03 2.7190383080e-01 -1.1520341521e-01 6.7922367061e-02 -4.0476350595e-02 -1.0043075302e-01 -1.5814467278e-01 3.1368350564e-01 2.4957756883e-02 4.3454592836e-02 1.2711057287e-01 -3.4662626377e-01 9.0619057641e-02 1.2868985496e-01 -2.4794917336e-01
4.3110039958e-02 -2.2532609842e-01 1.1281003451e-02 4.3850678472e-02 -8.3331552784e-02 1.5170749938e-01 1.0212884523e-01 -2.6388834573e-02 8.7715179590e-02 3.6294535169e-02 2.7342587569e-01 -4.3460420846e-02 -3.8183998181e-01 1.4799173363e-01 1.1348485139e-01 1.3542724887e-01 -5.5831216224e-02 1.4246888104e-01 3.8180240710e-01 9.0396201097e-02 -2.5068982966e-01 -2.9800315432e-01 2.1886632564e-01 -3.2207891706e-01 -3.3300874740e-02 -4.7509361476e-02 -3.0480832467e-02 -9.5198503006e-03 -1.0872645603e-02 -1.8867957599e-01 -1.4946926995e-01 -1.0900653387e-01
1.2295343953e-01 5.6212090491e-02 -2.6267894759e-01 -1.4590243189e-01 1.4141934906e-02 6.5839181606e-02 1.1859726732e-01 1.2703775135e-01 1.6886042219e-01 -7.6010525102e-02 8.1621242611e-02 4.9880906339e-04 2.8369120889e-01 9.4842351907e-02 -1.2623307873e-01 3.1055488477e-01 1.2688953663e-01 -2.1318716496e-01 3.0121830471e-02 -2.7493098102e-02 5.5309765409e-02 -1.7636262135e-01 -1.3579854998e-01 2.5789296246e-01 -2.1234249561e-01 1.7214645843e-01 -4.0908465170e-01 -1.1747410893e-01 9.8608153632e-02 7.2652547089e-02 1.2260502459e-01 8.5626627184e-02
-3.1162336716e-01 6.4281851739e-02 -7.1081801037e-02 3.6056618440e-02 1.4425430060e-01 1.9529706121e-01 1.2632039127e-01 -1.0085005184e-02 1.0550273079e-01 4.0794551187e-04 1.0955286340e-01 -3.0484110918e-01 -8.2040818870e-02 2.2886285333e-01 1.0460556394e-01 2.7360403526e-01 -1.3365783200e-01 -1.0427989485e-01 -1.7128125938e-01 -2.1539749978e-01 -2.9796053322e-03 -1.0995791779e-01 -4.4979584400e-02 2.0805607706e-02 -3.7873313132e-01 9.3960198382e-02 -3.9929594943e-02 1.6514561914e-01 1.6804470252e-01 -4.3092543778e-02 1.8049752884e-01 -4.4668642319e-01
-6.2073331237e-02 2.4383075223e-01 1.4905558581e-01 3.5269715009e-02 1.8979496430e-01 -3.8263260709e-01 4.5073716239e-03 1.0317331156e-01 -6.0951618655e-02 1.6665780789e-01 -1.7132224496e-01 2.4719057764e-01 2.2651389266e-01 1.5081254206e-01 3.7131957637e-02 -3.3555087585e-03 -2.0062867787e-01 1.4752031221e-01 -1.4785743015e-01 -3.8360362205e-02 -2.1061713465e-01 -4.2808040462e-02 1.9027165037e-01 -1.5984350875e-01 1.5669572232e-01 -8.3785237374e-02 4.2552073751e-02 -1.3741653676e-01 3.5888322045e-01 1.7734957169e-01 -6.9696407374e-03 -4.4726144753e-02
2.0844909057e-01 -1.5113062344e-01 1.8041141736e-01 5.3377135103e-03 -2.4863017662e-01 8.1442278286e-02 -8.6568527298e-02 -2.2147146375e-02 2.1969087821e-01 4.4808162196e-01 -6.6804872706e-02 -8.7959539057e-02 7.9069881415e-02 -2.2899987330e-01 2.1994379844e-01 -1.5732439916e-01 -4.6337853371e-02 7.6110397406e-02 -3.8078638432e-01 1.2918268516e-02 -2.5133433278e-02 5.9195841373e-02 8.9261369762e-02 -2.4383742309e-01 1.9261049018e-01 -1.4983653654e-01 -5.6242320265e-02 -8.7638254054e-02 -2.4140532850e-01 -3.3542748550e-01 1.6566908374e-01 -4.2974404148e-02
-1.9161622951e-01 -2.1249547634e-01 8.2442308041e-03 2.6022869575e-02 -1.2541899398e-02 -3.4913958634e-02 3.3377516493e-01 1.9964461487e-01 -6.7383212528e-02 -8.7547571433e-02 -1.5295261268e-02 -2.3672760880e-01 -1.8031381518e-01 1.4356420866e-02 2.0720164689e-01 9.6817656879e-03 -1.9840463473e-01 -1.9378634119e-01 1.9958808072e-01 1.5993507553e-02 -1.1653238450e-01 2.9763912687e-01 -8.4468509344e-02 -2.7423666531e-01 1.2541311243e-01 -1.2520012270e-01 -1.2668020771e-01 1.8655379839e-01 -8.0723232319e-02 -5.2354950356e-01 -1.4886629639e-01 1.4782106875e-02
-3.1573641574e-01 2.1888633260e-01 1.1753683671e-01 -1.9800818212e-02 5.3080725109e-02 1.8899027089e-02 -4.6181928665e-01 -1.6671892054e-01 2.3855847621e-03 2.4442078214e-05 2.9449491738e-02 -3.2951166897e-01 -1.5787014850e-01 4.8587447900e-02 1.6943696008e-01 9.0547617406e-02 -7.8311242178e-02 1.1185096067e-01 -9.4187189371e-02 5.4948839880e-02 2.2063807481e-01 5.6253662166e-02 -1.8639491188e-01 1.8078221003e-02 9.5888928120e-02 -4.1054447229e-02 -1.0634928741e-02 1.5247729555e-01 -4.5422706131e-01 -2.1412891147e-01 1.8299989660e-01 -2.5550404836e-01
1.3109098173e-01 -4.3266702207e-03 3.7110208138e-02 -3.4043598157e-01 -8.5033570079e-02 1.2190532028e-01 3.9107991022e-01 -8.7135644241e-02 1.2296489893e-01 -7.5405700507e-02 2.7627048363e-01 -2.1402775740e-01 2.4055500866e-02 5.2925489700e-02 -9.4168456952e-02 -8.0803364773e-02 8.4927183077e-02 -1.3907996506e-01 2.2619749851e-01 -1.9849549066e-01 7.9399448810e-03 8.5988856007e-02 8.5464165537e-02 -3.1177671151e-01 -2.3835611499e-01 -7.3015842392e-02 1.8973415250e-01 -1.4146595619e-01 -5.8539986511e-02 -5.2040098177e-02 -4.5849546468e-02 -9.6785191582e-02
3.4542954183e-03 2.6743310582e-01 -3.1988901423e-02 8.2422087173e-02 3.9055950732e-01 2.3847054646e-01 3.0802608156e-01 -3.8309948213e-01 5.1070950224e-03 5.2959620334e-02 2.7023123856e-01 2.9633283099e-01 1.7270854247e-01 -1.3404054246e-01 1.8038188801e-01 -2.3544039985e-01 -4.9752723069e-02 1.4641581127e-01 7.2599583417e-02 -8.5548626967e-03 -1.5654195068e-01 1.8538405781e-01 7.5708686140e-02 3.7789152325e-01 3.0097584834e-02 -2.2446591386e-01 -1.7555356435e-01 -7.0195925845e-02 -2.7309724850e-01 6.7710186027e-02 6.6035410156e-02 2.7756375171e-01
-3.4589017910e-01 1.8442719019e-01 -1.6056094121e-02 7.7550327718e-02 -9.0218557778e-03 -5.9072428535e-03 -3.6863349886e-01 -3.3070449009e-03 -2.2231788386e-01 4.4805475186e-01 -1.6862790183e-01 2.0718926342e-01 -2.6568915069e-01 2.2783984556e-01 -1.8184679572e-02 -2.5539607819e-01 -2.9620453260e-02 1.0305723734e-02 7.1830779375e-02 -2.2776324086e-02 -1.0224215115e-01 -1.3364313838e-01 -2.1600383818e-01 -7.5108729839e-02 1.7063178030e-01 -1.1010135118e-01 -1.9935743060e-01 -1.6313480330e-01 3.5949252370e-02 5.3279465101e-02 8.1208604241e-02 1.8944242193e-01
3.9106847028e-01 6.3294092742e-01 4.4540022426e-02 3.5944638906e-01 -4.3995516142e-02 7.7468104841e-02 1.2578963891e-01 -4.2171753363e-02 2.1105247595e-01 -1.6648923483e-01 1.3984564124e-01 -1.4527190834e-01 2.4292556630e-01 6.4686399681e-02 -1.0903684540e-01 -4.8113847881e-01 7.0368545495e-02 2.3060036757e-01 4.0540520302e-01 1.7745218193e-01 -9.3676965601e-03 -3.2520657184e-02 -3.5158848791e-01 3.1722861586e-01 3.4059225650e-01 3.8308370745e-01 -1.1409559896e-01 -4.1152552452e-01 6.9518288529e-02 8.2144725162e-03 -5.5842625847e-02 2.5442954825e-01
-5.3728429132e-02 1.0339324584e-01 -2.3126370671e-01 -7.4272734950e-02 2.8385455136e-01 -1.3897215313e-01 -1.7090041251e-01 1.2958666914e-01 -2.7918796366e-01 1.0993224558e-01 -2.5104157036e-01 1.2023691043e-01 -8.4732343471e-02 5.2258831837e-02 1.5147221029e-01 2.1942705226e-01 3.7646890221e-02 9.2072891238e-02 6.5207765927e-02 2.0051215790e-01 -7.5234037648e-02 -1.4260941029e-01 -1.4452986259e-01 4.0243848920e-01 1.9862087924e-01 1.0865608335e-01 -1.9208623402e-01 -2.5788104058e-01 6.6653088560e-02 -3.2953536323e-02 -2.6375239772e-02 1.9847008491e-01
9.7750226984e-02 1.4691783287e-01 -1.4239234567e-01 3.5237942666e-02 1.9659747480e-01 -3.9470808052e-02 3.2956588184e-02 -1.3775983896e-01 2.5841623212e-01 1.2241778781e-01 -1.7058284794e-01 1.5265867880e-01 -1.1990804431e-02 3.2325244765e-02 -2.2985452508e-02 -1.0979565904e-01 3.5458960520e-02 3.6515599817e-02 -4.9471433270e-02 2.6583402655e-02 -2.3501296458e-01 1.2221552270e-02 -1.8442297299e-01 -2.2398680736e-01 -5.6859089888e-02 -1.7423859839e-01 1.8634288008e-01 1.8658049869e-02 -1.7164118901e-01 -4.4900719738e-02 -8.6079408362e-03 3.0952968276e-02
1.2402013795e-01 -7.2850923206e-02 5.5011991299e-01 -3.3342016854e-01 2.0467535475e-01 6.1611548444e-03 2.4329702206e-02 2.8985178526e-02 -2.3085014572e-01 1.0105857756e-01 -1.1876607347e-01 -1.0266555391e-01 2.2659206301e-03 9.4681185961e-03 -8.5264484507e-02 -4.0690131015e-02 -2.2162263964e-01 -3.6901959129e-01 2.3310294022e-01 2.4075304972e-02 -1.4099228839e-01 -2.2816620801e-01 3.2522899517e-02 -2.5895193333e-02 -4.0825268231e-02 -7.8384271077e-02 2.3208345190e-02 -6.2057900341e-02 -2.9304416482e-01 2.7620725334e-01 2.9022697870e-01 1.3181312481e-01
1.9739039533e-01 7.3300218231e-02 2.8071009272e-01 -2.3073210309e-02 2.1191715446e-01 1.6382851972e-01 -4.8875352368e-01 -2.8923813559e-01 3.1030821543e-01 -5.3913565578e-02 5.9155704489e-03 3.2834116017e-02 -2.0498278490e-01 1.7409362377e-01 -2.0597830048e-02 1.0367149730e-01 4.7330108638e-02 -1.4864637559e-01 -1.3540183829e-02 1.1122437750e-01 4.3007705572e-02 1.8985380879e-01 2.2548193283e-01 1.2170571804e-01 2.5625706515e-01 2.4957240772e-01 2.1032341988e-01 1.3227852033e-01 1.3927897915e-01 -2.0379822796e-01 5.3278994337e-03 -3.5026102810e-01
-2.2083868154e-01 -5.8739029108e-02 4.7874590305e-01 6.7015632758e-02 1.1196186637e-01 1.2461304059e-01 2.2464150784e-02 3.8715244004e-01 -6.6596839913e-02 -1.2444119944e-02 -5.7997800469e-01 9.9347666675e-03 -2.7631594013e-01 -9.6290700628e-02 -1.5128038346e-01 1.0750844941e-01 3.6589991132e-01 2.3813685722e-01 -3.3074719982e-02 2.0039110646e-02 1.2510399366e-01 -1.1990602006e-01 1.5822412803e-01 -1.5508844839e-01 2.5402361445e-01 -1.8064384932e-01 3.5000138524e-02 1.7563608782e-01 1.9200489771e-01 1.2182145392e-01 4.1256537007e-02 -2.8803375157e-02
-4.8419987813e-02 -1.7587916132e-01 2.5276551584e-01 1.1112861010e-01 -2.1481012736e-01 2.8526367434e-01 -2.1863796153e-01 -2.0463749318e-01 2.0385527476e-01 -1.2286010505e-03 8.5353216521e-02 -2.0565920043e-01 8.3186802051e-02 -5.0428362875e-02 -2.6612310825e-03 3.9984705916e-02 8.2352021038e-02 1.0100702229e-01 -2.3660177772e-01 7.0816348362e-02 -1.5452700178e-02 -1.3524360463e-01 1.1541349396e-02 -1.4074406117e-02 1.3739191970e-01 3.3045597565e-01 9.1584366180e-02 1.9698757673e-01 1.9807278361e-02 9.7777771165e-02 -1.0057103266e-01 -7.7401997746e-02
-4.0630858593e-02 2.2080098481e-01 1.3055777440e-01 1.2793485782e-01 -6.5025365699e-02 3.2154629700e-01 -3.4743684434e-01 -1.2595169804e-01 -1.1183550002e-01 2.6764562324e-01 1.7055808779e-01 1.9087140294e-01 -1.2532867020e-01 7.0894776652e-02 -7.5221520380e-02 -1.1609007687e-01 2.0751463616e-01 -2.3160939776e-01 -1.6605524411e-01 -1.3640319009e-02 2.7716712998e-02 -1.9014680752e-02 -1.5186445043e-01 -2.0432247413e-01 4.0797129243e-01 -2.0312958841e-01 3.9289961766e-02 2.2696440559e-01 3.5302327214e-02 -1.2653038069e-01 -3.7995979843e-01 1.2166610680e-01
-2.7644889691e-01 1.6184908065e-01 4.6069584776e-01 -4.9205159550e-02 1.8846294366e-01 -1.8358118827e-01 3.4767640876e-02 1.1901272076e-01 -1.8862943580e-01 -1.2957428488e-01 1.9370066053e-01 4.1925314329e-02 1.9753534386e-02 -1.5641433943e-01 -1.6918318194e-01 2.7512847981e-02 8.8471017085e-02 -1.6909546946e-02 -1.5238378426e-01 1.2671235775e-01 1.1431914288e-01 -8.9569034099e-02 6.9702787779e-02 7.2429662935e-02 1.4603623878e-01 -1.2628728094e-01 1.2356957426e-01 -1.7357415001e-02 8.4878878905e-02 -4.6252357712e-02 -8.0163191925e-03 3.5837746960e-01
2.5430957846e-01 -5.1375277937e-03 -1.4335726007e-01 1.9617525522e-01 -3.6585487718e-01 1.7608184698e-01 1.5129825430e-01 -6.5243109378e-02 1.2569707126e-01 -3.6142841993e-01 1.0508188928e-01 1.0461289521e-01 6.6648189588e-02 3.6257845922e-01 -1.7395524791e-02 -1.4284112819e-01 -1.6765726926e-01 2.2361184003e-01 -4.5352071517e-02 1.9771797575e-02 2.0870629905e-02 -2.8672811220e-01 -3.9212649158e-01 -6.6881655173e-05 1.3155370242e-01 -2.4123964056e-01 -8.9697082971e-02 3.5202837125e-01 1.9861363195e-01 -1.5181523914e-01 2.9889396414e-01 7.2568240286e-02
-4.8325874069e-01 -2.1480058498e-01 1.6143216888e-02 -2.1727886497e-01 5.8375569602e-02 3.0794407202e-02 -1.5491374175e-01 -9.5573899232e-02 8.1152401853e-03 -3.7493847557e-02 2.1613468422e-01 8.6122591947e-03 -2.5641159924e-01 -1.0265455560e-01 1.7202154712e-01 3.2496995766e-01 4.6848435959e-03 -1.6984139972e-01 1.1226046828e-03 -3.1930733682e-01 4.2087883185e-01 -1.3026154316e-01 1.6396701530e-01 1.8331180854e-01 2.3409491914e-01 -5.1962588143e-02 5.4436958880e-02 3.3186668767e-01 -8.8989303776e-02 1.5371640698e-01 -2.6410771090e-01 1.4127434637e-01
-7.7385557195e-02 9.5584774781e-02 -2.6062993336e-01 2.9104759025e-01 5.6355368598e-02 2.4912873572e-02 2.1217265185e-01 -1.0408798264e-02 1.8679320176e-01 -1.9448333400e-01 -4.8107185443e-02 -1.7649054662e-01 -3.5483353643e-02 1.9320116480e-01 -2.1308607289e-01 -8.8255590005e-02 -1.8848092914e-02 3.0645717008e-01 -3.2946110337e-01 -8.5082018163e-03 -4.9284031456e-02 -1.9371649054e-01 -1.2840608839e-01 3.7497301676e-02 -8.9009955322e-02 1.9674335626e-01 -1.8609177526e-01 1.8416452911e-01 3.9035119994e-01 8.3979028188e-02 2.4970618240e-01 2.2782266062e-01
-3.3182218135e-02 1.4237302255e-01 7.2601063849e-02 5.0083413697e-02 4.1552203979e-02 1.0599646934e-01 2.4132005774e-01 -8.2859671947e-02 -3.5578496359e-02 1.3749154035e-01 2.3338501320e-02 -1.1463173374e-01 9.7995662148e-02 -9.3703636956e-02 -1.5370881137e-01 2.8324866378e-02 1.6310459699e-02 1.6145949588e-01 2.0007323379e-01 4.2402304384e-01 -1.1811320538e-01 3.4324972112e-02 -4.3535979138e-02 -2.9197560658e-01 7.8194292196e-02 -2.8927567471e-01 -3.6221403503e-02 4.3904674079e-02 -1.1426316301e-01 -6.6429365956e-02 -6.2609728358e-02 3.2008331150e-01
1.9099514006e-01 1.6034694931e-01 -5.1570835019e-01 2.7959048388e-02 2.2986954881e-01 3.7638299053e-01 9.3585883671e-02 -4.1192263038e-02 1.7655370752e-01 -1.2320700703e-01 -7.3323339301e-02 -9.1562475642e-02 1.7654414521e-01 -1.3702501679e-01 -2.6562238032e-01 -4.7766756284e-01 -7.3297026970e-02 -1.3198344744e-01 -8.9923345517e-02 8.8610271081e-02 8.7227111939e-02 3.5930202757e-01 7.9528020001e-02 -3.1213334935e-02 -9.1370241966e-02 2.5315764252e-01 -3.3338363964e-01 -4.7275500388e-02 -3.8665628514e-01 2.4180893556e-01 -1.3338605498e-02 -9.5680126498e-02
1.0303176671e-01 4.4151410642e-03 -9.7288869929e-02 -1.9535504109e-05 3.3622289133e-01 1.9907104330e-01 -7.3091522651e-02 -2.1538377846e-01 -3.4307339566e-01 7.8326887087e-02 -1.7641657545e-01 5.5044953197e-02 2.4420127095e-01 3.4832395531e-01 -3.4098649700e-02 7.0658017675e-02 -1.7107375506e-01 -4.5677584951e-03 4.2506349122e-01 2.1238652566e-01 6.3196373241e-02 1.8216969909e-02 1.4214996380e-02 -3.9392056559e-02 7.2565586833e-02 6.2245057544e-03 8.1975699124e-02 -6.5428986185e-02 6.6761315953e-02 -1.3977018115e-01 -2.5561531170e-01 1.0011831728e-01
