3.4561007423e-03 2.3399016900e-01 -1.7447948914e-02 -2.1961236956e-01 2.2342394799e-02 2.2880312096e-01 -1.0853216257e-01 1.8855359570e-02 2.0240933251e-01 -4.4097902353e-02 2.8318952218e-01 9.8794571839e-02 -1.8221578522e-01 -3.1208763313e-01 6.8578684781e-02 1.3326917647e-01 2.1219700414e-01 1.4110060981e-01 5.5470106250e-02 -8.1703225774e-03 -2.8447173329e-01 9.0819273752e-02 -9.0212919137e-02 1.1264249348e-01 -1.5247384933e-01 1.4559476727e-01 -2.7967663574e-01 9.1886566905e-02 -7.1513489162e-02 -1.4448968219e-01 4.4179402700e-02 1.0874745960e-01
-3.6340718437e-01 -1.6362684687e-02 1.3918441811e-01 -2.8913595485e-01 -1.4354503975e-01 -2.0349385326e-01 -1.0345953150e-01 -1.2749433973e-01 -1.3087837166e-01 -2.8467071999e-01 6.8430629892e-02 -1.1767530041e-01 -1.4175303633e-02 -1.8760242795e-01 8.0418368670e-02 -8.3109546419e-02 -2.2698556059e-01 7.0440539628e-02 5.7552062656e-02 -8.7408627521e-02 1.5469341197e-01 8.1687795499e-03 1.8028087240e-01 -1.7070211305e-01 -1.6200002588e-01 2.4879382572e-01 2.6863991482e-01 1.7159988239e-01 6.6732447068e-02 -5.9458751720e-02 1.0658223541e-01 2.6011571915e-02
-1.1259971124e-01 3.0089780494e-01 -1.4195590570e-01 -1.0348605970e-01 -1.8922935171e-01 -4.4763294055e-02 -1.8615993496e-01 -2.0760997423e-01 -2.6310205387e-01 1.7060024864e-01 -1.5265010407e-01 2.1820137043e-01 -2.1363231089e-01 -2.3348442126e-02 -2.0440734720e-01 1.6162959894e-01 -1.8005230104e-01 -5.7594315271e-02 5.0939655027e-02 5.0135711850e-02 2.3848106391e-01 -1.3321187794e-01 9.5045657830e-02 2.2581833836e-01 6.5578200008e-02 1.9745001880e-01 2.1173537722e-01 8.7819887282e-02 -1.7557239836e-01 -6.8984662162e-02 -1.5524540840e-01 -9.8434523038e-03
5.7922507810e-02 2.0268354815e-01 -3.2174409427e-02 1.7876401213e-01 -2.4729082990e-01 -1.1833572542e-01 1.5604317064e-01 2.1443237174e-01 -1.1894790564e-01 -2.0977081156e-02 1.2397808379e-01 -6.7593245422e-02 -2.3584230507e-01 2.3808840689e-01 3.4864133536e-01 3.3811662948e-01 8.3978296263e-02 7.4845808670e-02 -8.6358163860e-02 -9.1240693383e-02 1.0266143979e-01 -3.3233723401e-01 8.1007563574e-02 -1.9673430700e-01 -3.9929343448e-03 2.3503009150e-01 -1.9882278044e-01 2.7612480116e-01 -8.0568062386e-02 -6.3385394209e-02 -3.2543478152e-02 -1.0125681079e-01
1.0777185418e-01 -1.3275344313e-01 4.0092654380e-03 -1.1215936942e-01 -1.3020544969e-02 -7.5481012360e-02 -1.7597261559e-01 1.4855283684e-01 -2.5862493949e-01 2.6730805150e-02 -6.3775336618e-03 1.2488704911e-01 -9.7234071625e-02 -3.1354560862e-01 1.8167346888e-01 7.7187760601e-02 2.1636292053e-01 -1.9266977366e-01 5.6875851751e-02 6.9475656051e-02 5.0891500379e-01 7.4774929524e-02 4.2622624957e-02 1.5366392846e-01 -2.9679106836e-01 8.6739725975e-02 1.3482063230e-01 -3.6923461949e-01 1.8704637919e-01 -2.5836497271e-01 -7.8400985749e-02 -2.2898355649e-01
-7.0077899904e-02 -8.5592089734e-02 -1.4913781106e-01 1.2590278310e-01 3.7885839567e-02 -9.3746740783e-02 2.8322227984e-01 -3.9217804166e-02 -1.2099908844e-01 -1.6599905513e-01 -4.4076605987e-02 1.9513177907e-01 -1.8588290286e-03 -1.9182641520e-01 -2.5650001881e-01 2.2011493170e-01 -1.8492984668e-02 2.2250594257e-02 3.9570682270e-02 -8.2598207002e-02 5.4955945478e-02 -5.3779960051e-02 5.9524925029e-02 -2.0066473304e-01 3.6106901568e-01 -1.4313752552e-01 -3.8046356525e-02 3.3818202780e-01 -1.4409407379e-01 -1.6108616451e-01 -1.4925445938e-01 1.3704547358e-01
-2.2649505228e-01 -2.7329271541e-02 -5.3096338468e-02 -1.0193067314e-02 -2.0142840563e-02 -4.0789989739e-02 6.5593012197e-02 1.9694762561e-01 -1.4348433915e-01 2.3798241204e-01 1.5468997533e-01 -5.8237169677e-02 9.5361228117e-02 -4.7529920122e-03 1.2819357786e-01 7.8609425777e-02 -2.7212982213e-01 -6.7046113802e-02 -1.6369037810e-01 2.2459335406e-02 -1.6949993531e-01 -2.4361132216e-01 -1.7853979023e-01 5.8946610788e-02 -6.1914066765e-02 -2.6464792682e-01 3.3751179754e-01 8.1468069978e-02 2.8839283195e-01 -4.7025916778e-01 -2.9644467602e-01 4.1073965910e-03
-8.7879546693e-02 -2.0775292093e-01 -6.5471940400e-02 3.8214097679e-01 -2.7686305350e-01 4.1259735645e-02 -1.5983919029e-02 2.2363336893e-01 2.6268094381e-01 -4.2564242269e-02 -7.8395229700e-02 -1.0092195814e-01 3.1916713179e-02 -4.6598527422e-02 1.9891823442e-02 2.3266048343e-01 2.0041903360e-01 1.2300858656e-01 5.3432126980e-02 1.0288851749e-02 -2.0495490665e-02 -2.4258621946e-01 2.6626557523e-01 2.3808349330e-01 1.4017745959e-01 -3.0968386040e-02 -3.1223053533e-01 -1.2590643072e-01 -1.1288677758e-02 7.3533474246e-02 -1.0459302596e-01 2.0206960878e-01
1.6501616642e-01 -1.0360269641e-01 -1.2624287439e-01 2.1652319790e-01 -1.8035988722e-01 -1.0987414107e-01 2.7914569164e-01 -3.9631925034e-02 3.4277521067e-01 1.7263504328e-01 6.1358177249e-02 -1.2699114327e-01 -9.7973466593e-02 1.0406112986e-01 5.1528021675e-03 -1.6515916357e-01 6.6916174393e-02 1.0197158110e-01 -2.8803334974e-01 -6.1499120156e-02 -1.0801339765e-01 7.4209184172e-02 2.7922801187e-01 2.3056132653e-02 -1.2053421477e-01 4.0309835117e-01 -8.4184217166e-02 -3.2159586869e-02 -1.7835120155e-01 2.0084097481e-01 1.5674622972e-01 1.5766661316e-01
8.9936144635e-02 -2.3721476150e-01 -1.1966765087e-01 1.5570427170e-01 -4.5392074220e-01 8.5305542099e-02 7.0969841062e-02 6.1142282942e-02 -3.8592876206e-02 8.4040235930e-04 2.9689440542e-01 -5.3454185765e-01 -8.2200005179e-02 2.9064081903e-01 -1.6465706218e-01 -6.2376397529e-02 2.2298724647e-01 -4.4045790146e-02 -1.3787173174e-02 1.2129213464e-02 -1.1484032246e-01 1.1606276667e-01 -3.2345775326e-01 -3.0470617602e-01 -1.0239990112e-01 1.3546471812e-01 -5.7483284430e-02 7.2305688095e-02 -1.6849690574e-01 -1.6256924400e-01 -1.7398070706e-01 -2.3710479587e-01
-4.4502350597e-02 1.5563434547e-01 -2.9556452986e-01 -6.1502589116e-02 8.5472614842e-02 -3.2466892024e-02 -2.8023529930e-01 -1.8116002085e-02 -1.0566704142e-01 2.0449054110e-01 2.5393583699e-02 -2.1043920328e-01 1.0868445017e-02 1.3326169360e-01 1.6860425996e-01 -2.4188905628e-01 -2.6389382895e-01 -1.4578560541e-01 2.9564530998e-01 -2.0614804735e-01 5.1906391310e-02 -1.2730239694e-01 -1.4660533658e-01 4.8923396198e-02 5.3909756241e-03 4.6565146292e-02 -3.3306666059e-01 -1.3821138821e-01 2.0150657907e-02 -2.1285233208e-01 -1.9911492290e-01 -9.9294423784e-02
-2.9293368273e-01 -6.8286523329e-02 -3.2588414580e-01 -1.9242109318e-02 -2.4435443292e-01 -1.6885411124e-01 -1.7575014083e-01 5.1138676600e-02 -2.4540710018e-03 7.1483021154e-02 -4.5752527973e-02 7.9113501860e-02 -7.2207099422e-03 9.2390647137e-02 -1.5545219974e-01 -1.5142662154e-01 2.1275122743e-03 -8.1080754327e-02 -5.1462213844e-01 -2.4861743903e-01 -1.7216185279e-02 -1.8878584628e-01 1.6310294490e-01 -3.1019667648e-02 -3.2888787748e-01 -3.9676607159e-01 -1.4598619299e-01 3.2970977190e-01 -1.4798940811e-01 -1.9508202812e-02 -2.0627341411e-01 -2.3913753148e-01
-4.3872972534e-02 -1.6569580677e-01 -4.4347640277e-02 -6.7087186599e-02 1.6141079312e-01 -1.3843217852e-01 -3.2181092705e-02 5.4506725193e-02 -4.0574695959e-02 8.7926441461e-02 -1.2954183500e-01 -4.8167325459e-02 -3.9134373637e-02 -2.3693515300e-01 1.1208970511e-01 -2.8582087204e-01 -2.0140533432e-01 -1.7384802392e-01 -7.9723437118e-02 7.0769459307e-02 2.8430111824e-01 -1.3594026473e-01 -2.8385126940e-02 2.9353368227e-01 -1.3534277571e-01 -2.4354622614e-01 1.0240615649e-01 6.6753915510e-02 -6.1013272926e-02 -1.9786624978e-03 5.1501492121e-02 2.3606195059e-01
-2.7171640583e-01 3.1595057837e-01 -3.3787329242e-02 2.5665697986e-01 4.5029604695e-02 -2.9600155254e-01 5.1263354383e-02 1.4629782513e-01 2.0861524262e-01 -2.3188817940e-01 1.6016366456e-01 8.5000126283e-02 -5.0876473695e-02 2.5858491385e-01 1.2647920655e-01 -1.1177021940e-02 1.1755184804e-01 -2.1866355911e-01 -2.0264686210e-01 2.3483317523e-01 -3.9281264519e-01 -1.4139741214e-01 -1.8634997924e-01 3.7492688152e-01 1.8662567644e-01 -1.4610024133e-01 -1.2338556509e-01 1.5803403928e-02 -1.7470673123e-01 -2.1938112012e-02 -9.1257479079e-02 -1.6760515054e-01
2.4351713837e-01 2.0316752515e-01 8.2402872347e-02 -2.8158530280e-02 2.2259171918e-01 -2.6448244504e-03 -1.5227373136e-01 6.0225837916e-02 -1.9186613236e-02 -9.6392793750e-02 -3.6833371882e-02 -1.4482880877e-01 7.8912171151e-02 -1.0483326999e-01 -2.3585245505e-01 2.2568182567e-02 3.8331817282e-01 -3.4415665668e-02 1.3309850907e-01 -3.7202211835e-01 6.1176233413e-02 6.4908681911e-02 1.9288620908e-02 1.3444932291e-01 2.8840612764e-01 -1.3008113153e-01 1.1655065927e-03 -2.9491380984e-02 -7.3343611920e-02 1.2205882248e-01 -1.4866902972e-01 -1.5227039351e-01
-8.2509370156e-03 8.4105377759e-02 -2.6883748800e-01 4.5170085238e-02 1.1471097423e-01 -1.1402409384e-02 -1.4399805311e-01 2.4559877329e-01 6.1273871376e-02 1.1604088257e-01 1.3234980266e-03 2.2908745213e-01 -2.1532303152e-02 2.4006411368e-03 -2.9593582683e-02 4.5798127599e-03 -9.4368392343e-02 -5.9132238486e-02 -8.3945334861e-02 -1.6663420210e-01 1.6343853282e-01 8.9414564099e-02 -2.8484234117e-01 -8.3532495153e-02 5.1703749200e-02 -1.4943693235e-01 1.8641692386e-02 -1.1483204541e-01 -2.7013730611e-01 -1.9407008481e-01 -8.6955196262e-02 4.0622724664e-01
-2.3680304222e-01 -7.2158215731e-02 1.8507230378e-02 -2.3079771222e-02 6.8156991234e-02 -3.4215561994e-01 -1.1203648982e-01 -3.7040622022e-01 6.5610479633e-02 2.0891957694e-01 -1.4712729784e-03 3.9936537509e-01 1.6041542250e-01 8.7623093000e-02 -1.1088452178e-01 6.8064359631e-02 2.4044186935e-02 -9.4723503629e-02 -8.3657199722e-02 -1.7691936456e-02 -5.3112805833e-03 -8.3516772434e-02 3.3156169262e-01 -2.9781464996e-01 1.7423137644e-02 -2.6672710285e-01 -2.4659309003e-01 -1.3312939079e-01 -1.3678935377e-01 2.4843604191e-01 1.6539889299e-01 -4.2797687603e-02
3.7968176299e-02 -4.2901699465e-02 9.2876703018e-02 9.4103083571e-02 -2.1038245782e-01 -3.7660283415e-03 2.4833650675e-01 -2.6173208543e-02 -1.6172525356e-01 -1.8358522785e-02 4.0397985215e-01 -2.1590591227e-01 2.3981211749e-01 -1.1595306113e-01 3.0910011659e-01 -2.7611537735e-01 -6.5174218767e-02 -6.4149373932e-02 -3.0653366225e-01 2.7154592855e-02 -3.9265772574e-02 -2.1840488011e-01 -7.9645805457e-03 -2.8849885892e-01 2.4225445756e-01 9.6936929239e-02 2.0923074245e-02 2.8839569675e-03 8.3655209215e-02 -2.2890845636e-01 -2.0282335196e-01 1.9717071751e-03
2.5562996856e-01 -3.0729316470e-03 2.5286770413e-01 -1.6979796227e-01 8.5048391318e-02 1.3124286391e-02 -5.9812752425e-02 2.7291162032e-01 2.7060756701e-01 -7.9755662888e-02 5.5199949357e-02 -6.2749347424e-02 2.1154947426e-01 5.9955149827e-03 9.8642629270e-02 5.3871195221e-02 2.0243968957e-01 -2.0448164263e-01 3.1193296007e-04 -2.0243855508e-01 -1.0710060029e-01 2.5831794325e-01 -9.3386642432e-02 2.6361542600e-01 6.4578760667e-03 2.1373806690e-01 1.8077154075e-01 -1.5499172006e-01 1.5152182839e-01 -2.0943262322e-02 2.2576446690e-01 2.5498310324e-01
8.6837189635e-03 6.7612121509e-02 1.3044591644e-01 -1.7880293869e-01 3.4361648666e-01 3.1993666816e-02 9.4807803753e-02 -2.0590967953e-01 3.0802834034e-01 -1.0281726042e-01 -5.5601469822e-02 -8.4430309018e-02 -9.0587736139e-02 7.2088843994e-02 -5.9929528993e-03 2.3063998439e-01 1.2895851281e-01 -1.8873184951e-01 -2.7948035514e-02 -4.8852430202e-02 2.1837459152e-02 3.6434441390e-02 6.9459408380e-02 -1.1769554077e-01 -1.5561412597e-02 2.9808536265e-01 -1.3363102151e-01 2.2424597890e-02 4.7604672734e-02 -6.7500736255e-02 3.0458360645e-02 1.3669614544e-01
-1.6736265781e-02 -1.3141512452e-01 -1.7062037585e-01 -1.5200957242e-01 -1.1283922594e-01 -1.1485205028e-01 -5.3788835103e-01 -3.4232682791e-02 3.1144417475e-01 1.5771695405e-01 1.1835242477e-01 9.7405837195e-03 9.1073230195e-02 1.8861835681e-01 -1.1588089621e-01 4.4189858082e-01 1.6262095382e-01 -5.3889693934e-02 1.2853978929e-01 -9.2753842312e-02 -1.4265674406e-01 1.4420825128e-01 -2.2436513435e-01 -1.4794834845e-01 5.6172342538e-01 2.2029523234e-02 1.8553563507e-01 -2.7434417156e-01 1.4244834437e-01 9.1039965306e-02 -5.2062317960e-04 -2.8441790011e-03
-1.2161493499e-02 6.3260058950e-02 -3.8452760238e-03 1.2168482155e-01 -4.2606819687e-02 1.8172021721e-01 -4.7049930987e-02 -3.5078893756e-02 1.2342802514e-01 1.5227077577e-01 8.9804469315e-02 9.9200553231e-02 -2.2361584609e-02 2.2303526023e-02 -2.8419739322e-01 2.2825004586e-01 6.2799258068e-02 3.7284876577e-01 -5.7578634249e-02 1.3084316476e-01 -2.5005491196e-01 6.5612733487e-02 -9.2889692268e-02 -1.3791275782e-01 -1.4706372791e-01 1.2412955767e-02 -1.5586917667e-01 1.6603321440e-01 -3.0843998184e-03 9.0458789198e-02 1.9371967503e-01 2.8118894056e-04
-3.2741402583e-01 -2.8781711519e-01 1.4403945007e-01 -2.6718235453e-02 1.2103606250e-01 2.0095139444e-01 -1.1090644494e-02 -2.7761717280e-01 2.6424842599e-01 -1.3987967120e-01 2.3646592707e-01 2.7238615288e-01 -1.5392979678e-01 1.2335281939e-02 8.6851326746e-03 2.1187752260e-01 1.6639110126e-01 2.0000689837e-01 -1.3748642175e-02 2.0084228545e-02 4.2401898228e-02 -9.1922851013e-02 9.7669645386e-02 2.5815638442e-02 8.6993961323e-02 -1.4686811512e-01 -7.9118568243e-03 -6.9419348024e-03 -3.3117636282e-01 -1.7257930593e-01 -2.4799472243e-01 2.1627700234e-02
4.2059185964e-03 6.1664480336e-02 -2.3109837146e-01 -2.1444792187e-01 -1.7678964683e-01 3.2439600696e-01 2.8049226812e-02 -3.0112052973e-01 -2.5001890216e-01 7.3606939972e-02 1.0985507206e-01 1.8590209029e-01 2.5146871137e-01 2.1296963270e-02 1.4500366211e-01 1.1301587374e-01 3.6719990945e-02 -1.3268072681e-01 1.1764970071e-01 2.0061492442e-01 9.6530111773e-03 -3.0093830323e-02 9.4258696835e-02 2.1650456604e-01 1.7012147215e-01 -7.4205564028e-02 -2.5060150549e-02 6.4869224141e-02 6.8450713276e-03 2.6050315315e-01 1.8442742281e-01 2.6497321320e-02
-1.0654567655e-01 4.1498756248e-02 -3.2845373935e-01 -8.5945204736e-02 -2.7598179273e-01 6.4863625143e-02 5.2510538021e-02 -6.7629780000e-02 -1.6360016015e-01 3.1949632109e-02 1.2175086843e-01 -6.7904032621e-03 -3.7477408048e-03 -1.5224108740e-01 -1.3774837965e-01 3.3916559101e-01 -1.6547785374e-01 -2.0353357031e-01 -2.5802992665e-01 2.4772505213e-01 -2.1220473976e-01 3.8821017005e-01 -1.0421397951e-01 1.4520248852e-01 7.2481670301e-02 -1.7541292900e-01 1.4265957038e-01 -5.1377747040e-02 2.6678821416e-01 -1.0590107534e-01 3.5419469501e-01 1.4404442814e-01
-2.9965466730e-01 -8.7674958996e-02 -3.8047837792e-02 7.7512510554e-04 -2.5525700828e-02 1.3130266860e-01 -3.1816481936e-02 4.2184994711e-01 8.6448226250e-02 1.8756572486e-02 -3.5908176608e-01 -2.5162283178e-01 -1.2313693818e-01 2.3570783039e-01 2.3255473606e-01 1.3049619515e-01 -5.8913338084e-02 2.2901544733e-01 -2.7619783338e-02 2.2049396401e-03 -3.8717474191e-01 1.5122394913e-01 1.1598225579e-01 -1.2571277332e-02 -3.8393425136e-02 5.9180729809e-04 -1.1235132645e-01 4.4806009555e-02 1.0433772420e-01 -6.1200399760e-02 2.0233515453e-01 1.2369241176e-01
-3.0295190083e-02 -3.1304481867e-01 -1.9441806589e-01 9.4897007291e-02 9.5208658817e-02 6.5873879666e-02 1.6628877846e-02 4.1506238775e-01 -1.7515774789e-01 -8.3983797878e-02 1.4502071842e-01 -1.6244869349e-02 -1.3018206824e-01 7.7866013173e-02 7.2840535739e-02 1.3928232659e-01 -2.8021091884e-01 -1.4871511818e-01 2.7058802937e-02 4.1403532655e-02 1.0702440123e-01 -9.2417168426e-02 -1.4401200771e-01 -2.4732077180e-01 4.3273844311e-02 1.2638257824e-01 1.0994591883e-01 -9.3797919343e-02 -1.9491757919e-01 6.3377034240e-02 1.4477663083e-02 -9.8979678925e-02
6.5275171134e-02 2.3031129760e-01 -1.2667884592e-01 -5.8385406872e-02 1.5184995160e-01 -1.5265068149e-01 1.3748030839e-01 5.5773570059e-02 2.1068457133e-01 -1.2214070464e-01 1.1245923658e-01 2.0048563119e-01 -3.0372851525e-01 2.4393536075e-02 1.5379054656e-01 4.9450784102e-02 3.3074515200e-01 -3.0897048858e-01 -3.2955265340e-02 -1.8436146020e-02 1.2467345408e-01 -2.2386088389e-01 3.1528613748e-01 4.8309698799e-02 -2.2706832822e-01 1.1900747488e-01 -1.5286640513e-01 -2.6538085866e-01 1.8916637469e-01 2.5061813973e-02 -3.3462189638e-01 -1.8457748984e-01
9.0712968211e-02 -2.5114670938e-01 4.3380886851e-02 -3.3858444361e-02 -4.6811803497e-03 2.3232695390e-01 -2.4250052084e-01 -5.3395577360e-01 -3.9805006092e-01 -2.8405165671e-02 6.0742431613e-02 3.1131398891e-01 6.2275260361e-02 1.1550154668e-01 -7.3688118285e-02 -1.7265030101e-01 -3.3745128718e-02 -8.6077541984e-02 -2.6223280059e-01 1.0907589279e-01 -1.4778925334e-01 -3.5092984927e-02 -1.6380256012e-01 1.2161369751e-01 1.0229789256e-01 9.3339080965e-03 -2.3814083801e-01 -1.7359138398e-01 2.9489122573e-01 -1.8702360198e-01 3.1048625270e-01 -3.0085534859e-01
1.1521083273e-02 -1.2438033919e-01 -5.8900090117e-02 1.0740951500e-02 -2.0806095989e-01 -1.9521326610e-01 1.1914754438e-01 -9.2985394930e-02 7.1994804249e-02 3.8373893749e-01 1.9573675327e-01 9.4487786661e-02 3.3929559320e-01 -1.0319777610e-01 2.8260588142e-01 -2.5498532768e-01 1.6717992203e-01 -2.6837034250e-01 -2.3900840438e-01 -1.6852493976e-01 6.7775988500e-02 2.0397366566e-01 -1.2116256444e-01 -2.4544963718e-01 2.2031490085e-01 -7.5800465187e-03 2.9918314447e-01 9.1594277923e-02 -1.0654093395e-01 1.3195562706e-01 7.6870553234e-02 1.7679690217e-01
1.0597982791e-01 2.0121515131e-02 -2.0165412501e-01 -3.5796227219e-01 2.3079050537e-01 -1.4748746727e-01 -4.6146121661e-01 8.4561810719e-02 2.0074270679e-01 -1.3090517378e-02 1.1142183117e-01 2.1098140979e-02 1.8057946968e-01 -1.5239778058e-01 1.8405982293e-01 3.2975542705e-01 -8.6012169007e-02 -1.0469220856e-01 -1.1091102780e-01 1.5977799674e-01 -1.4174360387e-02 9.0504171454e-03 1.7549761904e-01 -2.3892921521e-02 5.8947471086e-02 -7.6110588334e-02 -1.5094277921e-01 2.5145197747e-01 -1.7075327884e-01 -1.0117320044e-02 -3.3167011239e-02 -1.2165593579e-01
3.6791957142e-02 2.7474798447e-02 6.4734335165e-02 -6.5007473302e-02 5.4991208528e-02 2.9434210110e-02 -1.5701073809e-01 -2.6092620628e-01 9.3861057892e-02 -1.0519302872e-01 -4.2731745418e-02 -5.8757651030e-02 -6.7168672778e-02 2.5081492783e-02 3.1969840917e-01 -2.1980468741e-01 -9.4195114370e-02 -3.0775322528e-01 -4.3651668539e-02 -8.6585847240e-02 -1.7460351672e-02 -2.8082134918e-02 1.1990142787e-01 -3.0382983334e-02 -1.4828086651e-01 1.8382478278e-02 1.8448973989e-01 1.6219799427e-01 -1.7784660757e-01 2.7835662146e-01 -3.7175564765e-02 2.6414428091e-01
