-9.0351712734e-05 -3.9397916499e-02 -1.0335511481e-01 -2.0906046499e-01 -2.4714066767e-01 -5.6754225253e-02 9.7134260537e-02 -5.2299621641e-02 -8.7409846608e-02 3.7470047266e-01 1.3512971637e-01 -1.4931160220e-05 -3.8574729998e-02 1.2810152884e-01 2.2697251959e-01 1.7782558280e-01 1.5318749205e-01 1.6487711946e-01 -8.9047707081e-03 1.0776479341e-01 7.4738019269e-02 9.6657645064e-05 1.3548485316e-01 2.4939257712e-01 -3.2780215102e-01 -2.2543745485e-02 1.2210925791e-01 -2.1605992745e-01 2.6309649623e-01 6.1325850296e-02 -3.5153756575e-03 1.0505359813e-01
2.6403008424e-01 -2.2689806812e-01 2.6462716061e-01 1.5434791522e-01 -5.4307687823e-02 1.5988162032e-01 1.3449033443e-01 9.3592997957e-02 -2.3422708167e-01 1.9239453697e-01 3.3655905521e-01 1.5379251943e-01 -1.0158182297e-01 -2.9995723314e-01 1.1618190580e-01 -4.5694561611e-02 3.2972628237e-01 -1.5768390718e-01 -6.0588834666e-02 1.6386560355e-01 6.7183635972e-03 -1.6169766632e-02 1.3643377327e-02 1.4040984237e-01 1.3574844666e-01 3.8623536273e-01 2.0168835117e-02 -9.2474590967e-02 9.0089848905e-03 -1.0615851575e-01 -2.9337553584e-01 -2.1157675534e-01
1.4633765000e-01 -1.5684890594e-01 4.5941893492e-01 -1.1471881837e-01 2.6959532256e-02 -9.3532771965e-02 4.8142824276e-02 -1.4440610368e-01 5.8393504322e-02 -1.1185181049e-01 1.0506459132e-02 -1.6335014375e-01 -1.0278151350e-02 9.7480682749e-02 3.0475818879e-02 -1.7698609178e-03 -1.2786207942e-01 -8.6181986533e-02 1.3249871045e-01 1.6190420723e-01 -6.2266305276e-03 -2.2481610067e-01 -1.5662554564e-01 -1.8257103193e-01 4.1772664331e-01 1.2263786033e-01 -3.5408921743e-02 3.9856492586e-01 5.9903791079e-02 -5.1749827907e-02 -1.1282851296e-01 -2.9915689454e-01
9.7333314154e-02 1.3370897699e-01 6.0693254919e-02 -2.5889237302e-01 1.5925085251e-01 2.2589264044e-01 5.8795970873e-02 1.8556869312e-01 3.8213522352e-01 -3.4510901195e-03 -2.9652191884e-02 -2.3105287659e-01 6.1235819005e-02 2.0596435080e-01 5.2708320683e-02 1.1706441745e-01 1.1399812280e-01 -2.5172013572e-02 -6.2674174179e-02 -1.3798093893e-01 -9.0161600904e-02 1.6195029258e-01 -3.3072320644e-01 -1.1553640852e-02 -3.2026522525e-01 -2.5580265665e-01 1.8114978534e-01 3.0539952238e-01 -1.9324088720e-02 9.0961580937e-02 -9.3582021642e-02 -3.4409661035e-02
-1.6402254527e-01 1.1760506643e-01 7.2009477712e-02 -3.4030548576e-01 -7.5427747649e-02 1.1625139800e-01 1.8145280756e-01 -2.5644576326e-02 1.1862920308e-01 2.2562208975e-01 -1.7545480009e-01 -9.3957250122e-02 1.3599692808e-01 -4.0966693143e-02 1.9332438314e-01 -2.7359315505e-01 -9.5973264014e-02 -2.7833762245e-01 7.4600861963e-02 -6.1401623607e-03 4.7168722058e-02 1.7906475929e-01 -1.9401677764e-01 1.1745328117e-01 2.2573806349e-01 -5.0345799285e-02 3.0477474742e-01 1.2234453824e-01 2.7549587066e-01 -1.2510536492e-01 -9.5589037436e-03 1.2076722535e-01
2.9181871242e-02 -1.9747860899e-01 2.1603328745e-03 -3.2221854869e-01 -6.6921215256e-03 -2.1332337613e-02 6.4636478047e-02 -2.2958161530e-01 -1.1869591258e-01 2.7006018054e-03 1.2624794930e-01 -1.1449936469e-01 2.8230961695e-01 -1.2425086906e-01 -2.5088915246e-01 -4.6350680067e-02 -5.2246551263e-02 -5.3624630820e-02 -1.7452272014e-01 1.4752994500e-01 -4.3627715377e-02 -2.1398627661e-01 1.4716512066e-01 1.1619990542e-01 -2.5386284374e-01 3.1441741540e-01 7.7924524298e-02 9.3227633809e-02 6.0241209521e-02 1.0724070257e-01 1.0092876546e-01 1.5442810935e-01
-1.6332067520e-01 -4.2627160133e-02 -1.8893829629e-01 -7.8815867919e-02 1.1905375023e-01 1.9498653371e-01 -7.4675866775e-02 3.2807157985e-02 -1.6300400900e-01 -1.3510423304e-02 -1.4652991922e-01 -2.0915750401e-01 -4.5870219356e-02 -3.2876153193e-01 3.0644661660e-01 -2.6358168049e-01 -1.7337593276e-02 -1.1127170001e-01 1.2815596086e-01 1.9166815138e-01 -9.3082293798e-02 8.2664710526e-02 -1.3798023778e-01 1.0497365566e-02 -1.6734292235e-01 2.0518687149e-02 -8.2958519276e-02 1.9271308291e-01 -1.0935909874e-01 4.7736505580e-02 -4.4182699175e-02 9.0232492940e-02
1.1036102578e-01 -4.2881316998e-02 -7.5279438485e-02 -2.7065163275e-01 -3.2001019436e-01 -7.8031646593e-02 -8.9155329012e-02 -3.4467710250e-01 -6.9403064667e-02 -3.8408796390e-02 4.2571511943e-01 -4.8153535058e-02 1.8944752296e-01 -6.8882367188e-02 1.9778804966e-02 2.2729736252e-01 -1.2990514221e-01 -1.2136077315e-01 -2.1197458223e-01 8.5855509120e-03 1.0275040378e-02 -5.9823674135e-02 2.9442174505e-01 4.2639838966e-01 1.3835587442e-01 -7.5067112806e-02 1.1106557297e-01 4.6972269949e-01 -3.1634628214e-01 2.9242891164e-01 1.3380002750e-01 2.2238290919e-01
1.4985557824e-01 1.2750520110e-01 1.5133872308e-01 1.4756940602e-02 -1.0787131928e-01 9.3596729760e-02 6.4917107105e-03 -7.7168914011e-03 1.9179937394e-01 -2.7238857693e-02 2.6608419323e-01 -9.8284400501e-02 1.3723649732e-01 -2.0903660241e-03 9.4293321052e-02 -2.1124441644e-02 9.5427934648e-02 2.9529183068e-02 1.4587028387e-01 1.6469281972e-02 3.7973744014e-02 1.1679417012e-01 -5.2552845221e-02 1.3831567401e-01 8.1745512911e-02 -1.8798875573e-01 5.1124243013e-02 6.6691856446e-02 1.3215415188e-01 -9.2462807986e-02 1.6326202785e-01 -6.5841106614e-02
-1.9326506250e-01 -1.4868561895e-01 3.1314336806e-02 -3.8438371542e-02 -1.0110636761e-01 -1.2095215186e-01 6.2751981983e-02 -3.3653021446e-03 3.1477572496e-01 -1.7758197895e-01 -2.6547430150e-01 9.6098671662e-02 3.4417890267e-01 2.4079169665e-01 4.0015409112e-01 -1.3075449464e-01 -9.7749621361e-02 7.1417392545e-02 -1.0931433488e-01 -4.0149028454e-01 -2.3193809451e-01 -5.4593159488e-02 -3.5354097108e-02 2.4327525823e-02 -2.7062567757e-01 5.4145746131e-02 5.8011451420e-02 -1.0268470035e-01 -6.1126341734e-02 1.4093704385e-01 2.4909671656e-02 -6.8280734363e-02
1.3937863545e-02 -1.2911493797e-01 2.2359865994e-01 2.4655868385e-01 6.0221170720e-03 3.2241587896e-01 -3.1852744253e-02 1.8388821789e-01 1.5747200679e-01 -4.2875417503e-02 2.4643895069e-01 3.3227119777e-02 1.4185749438e-01 -2.0496200757e-01 1.9505205608e-01 -7.1814442826e-03 -1.3449182137e-01 2.5842935404e-01 1.0967807655e-01 -1.1028620895e-01 9.7747193744e-02 -1.1420410454e-01 3.0179364927e-01 3.0703428019e-01 -3.4937398823e-01 2.9791372793e-01 7.1314029954e-02 -3.8192946364e-02 3.3743362299e-01 1.5337424427e-01 -9.9676210026e-02 1.8848451116e-01
-2.1179700262e-01 1.5639959448e-01 2.6553966747e-02 -1.8450207762e-02 -1.4121244493e-01 -1.4004118410e-01 3.2761233603e-01 2.9369639536e-01 3.5658114372e-02 -1.1358677350e-01 -4.8574887756e-02 -6.5159921726e-02 1.4156532982e-01 -5.1512691841e-02 2.5986175075e-01 5.3411761961e-02 -4.0483012616e-02 -6.6787572306e-02 -1.3367569054e-01 6.4637487001e-02 -8.7133689407e-02 2.9786203709e-01 -8.8507992718e-02 3.1369046840e-01 2.2157600457e-01 3.2377813075e-01 -8.5760424672e-02 1.5030857645e-02 2.5907931727e-01 1.4575682804e-01 -1.5023538130e-02 -9.7108759137e-02
2.1438762070e-01 9.0585239521e-02 3.8356838026e-01 2.8644243677e-01 -9.3606165834e-02 -1.7059110078e-01 2.1689717197e-01 -1.4903677776e-01 3.8659978056e-01 -1.4358121099e-01 3.1465002809e-01 1.1933731136e-01 -2.7808444449e-02 -5.5905437956e-02 8.4150098800e-02 -1.2623717180e-01 2.0076663763e-02 -2.9472632790e-01 -2.3776270706e-01 1.7840244450e-01 -1.5411489817e-01 -1.6170291786e-01 -1.4967888688e-01 7.1897310317e-02 -7.5905627349e-02 -2.5695160402e-02 -1.5707738770e-01 1.9143452716e-01 1.1795170939e-01 1.9666949024e-01 -2.0278342066e-01 1.1642321984e-01
1.8827683281e-01 2.0740212151e-01 1.1826210102e-01 -1.4792150236e-01 4.0581585534e-01 2.3374868383e-01 -5.1363708160e-02 1.2519082858e-01 -1.2040609178e-01 2.3708606526e-01 -1.3928812435e-01 -1.3178465431e-01 2.2669437884e-01 -1.7166529115e-01 2.2112080501e-01 -6.3620218815e-02 4.5422919622e-02 -1.3588780188e-02 3.0682041874e-01 -1.6546551703e-01 1.5197724010e-01 -1.7700447051e-01 3.7753867996e-02 1.6070496183e-01 1.2822613538e-02 -1.4809365067e-01 4.7293699951e-02 -5.1214529267e-01 4.3608072801e-02 7.0725953040e-03 -3.2267816601e-02 -1.0629197522e-01
-5.6602683903e-02 -2.7859256097e-01 5.8660518195e-02 5.8631493993e-02 -1.6404821052e-01 2.0999917023e-01 7.8317848367e-02 2.8134097305e-01 7.8250166121e-02 -3.4789996218e-01 2.1589490986e-01 -3.0785375020e-01 7.2529113199e-02 1.2895747623e-01 -1.3694152304e-01 -1.7930353909e-02 -1.0031880337e-01 -5.9435034634e-04 1.2491525193e-01 -5.5866427723e-02 1.4816050406e-01 4.4351120449e-02 9.0343971797e-02 2.4611947692e-03 4.4735321347e-01 -2.2261301069e-02 3.2490484556e-01 -1.5965483556e-01 5.7302438177e-02 -3.6234479910e-01 -2.0396268085e-01 -5.1571643322e-02
4.8640944299e-02 -6.0270972897e-02 -1.3391142153e-01 4.0650694003e-01 -2.4954337211e-02 2.4535690889e-03 1.0338835019e-01 -1.7943043141e-01 8.0378912006e-02 4.0597291728e-02 9.9132677672e-02 4.9519648222e-01 1.9771318397e-01 1.7268195409e-01 2.3082595086e-01 9.3615930567e-03 8.2845995381e-02 2.1890349932e-01 -2.0008810797e-01 -1.7510523662e-02 5.6533876059e-02 1.0331760247e-01 2.6912857393e-01 -6.0952136112e-02 1.3521285148e-01 6.6857815254e-02 -9.6656957236e-04 1.7493078358e-01 1.9572659231e-01 2.0864808426e-01 -2.6479846356e-02 2.5921524521e-01
-1.0460444953e-01 -1.9976490618e-01 -3.5227598639e-01 -3.6442608982e-02 1.4849373473e-01 -5.4363861821e-02 -3.8990830995e-01 -1.4332099230e-01 -2.3169105520e-01 -1.4002749887e-01 2.5784375993e-01 1.1336229248e-01 -2.3416986081e-01 -7.7902048521e-02 1.1065665485e-01 1.4931877840e-01 -1.2417741815e-01 1.2167080675e-02 -8.1722951808e-03 -8.1066066273e-03 1.2549640227e-01 -1.0044320592e-01 1.7664777942e-02 2.2374931894e-01 -4.7641783528e-02 -6.6962781351e-02 1.0125322581e-01 1.2178561727e-02 1.2952120119e-01 8.5506802306e-02 5.3319593059e-02 5.8230728326e-02
1.2634297596e-01 1.7596164766e-01 -9.5203070221e-02 -1.1744209706e-01 -2.1081369457e-01 2.1122938242e-01 1.9589133612e-01 -3.7706756547e-03 9.3473907220e-02 -4.7627897627e-01 7.7549125616e-02 2.2471449297e-01 -9.7730651067e-03 -2.8418386476e-01 -2.6897769514e-01 1.8230043425e-01 -2.4779944666e-01 2.1936121743e-01 1.0094588651e-01 -1.4482103485e-01 -2.1131429340e-02 -9.3145068825e-02 -2.2496473736e-01 -1.4498658959e-01 -7.8489387147e-03 -1.2878424122e-02 2.6961126521e-01 3.8733054672e-02 6.1649838268e-01 1.3115274868e-01 1.9075931572e-02 -2.7798411604e-01
1.6730034394e-01 1.7749418183e-02 2.0392482447e-01 -5.7355792195e-02 2.2818816296e-01 7.2776923544e-02 -1.8053831388e-01 -6.6341078999e-02 -1.0244347421e-01 1.3162561206e-01 -1.3288226376e-01 1.6553467664e-02 3.7143612389e-01 -1.1037571383e-02 8.7425297975e-02 -2.4799001340e-02 3.5728837390e-02 -1.3557654145e-01 -1.5583560044e-01 6.5830054743e-02 1.1437195093e-01 3.5325821091e-02 -1.5469265354e-01 -1.3288726440e-01 -9.8560562030e-02 -2.4857898854e-01 -1.9515369906e-02 8.8392960248e-04 1.1755505907e-01 -7.8697041704e-02 1.5474544599e-01 -6.7922374685e-02
-1.2013083946e-01 8.3632584963e-03 2.7446971358e-02 -3.6769663673e-01 -2.1883373078e-01 1.6116499403e-01 -1.7827166447e-01 2.4478312911e-01 -3.1202590879e-02 5.6884625798e-02 1.4035862631e-02 1.2952613353e-01 4.1991542479e-02 5.7312102840e-02 1.5767293288e-01 -1.8580706759e-01 -1.8283465083e-01 -2.3778845829e-02 -3.7892139159e-01 3.4855736293e-01 6.9804704029e-02 -5.0520306193e-02 1.4632408542e-01 -1.1619136294e-01 2.9997344994e-02 -1.7263719409e-01 -7.5432518482e-03 5.1629983657e-02 -3.2909261815e-03 6.5324579433e-02 -2.1508184989e-01 9.3044801398e-02
-2.1788300334e-01 3.0428592265e-01 1.5348827410e-01 8.3946827121e-02 5.4902513697e-01 2.5210924814e-01 2.8683922236e-01 -4.2006112872e-02 3.8781550515e-02 2.3154932237e-01 -1.1372082002e-01 3.1612538322e-02 -2.7750245338e-01 3.3655895044e-01 -2.1506397264e-01 -1.2133002233e-01 7.6159439997e-03 9.9183850166e-02 2.3008275151e-02 -4.8390175437e-02 5.0646774923e-04 1.5324620006e-01 -2.0561807396e-01 -1.6571157650e-01 3.0921578930e-01 4.1801159870e-02 4.4689318477e-02 -3.5849433037e-01 1.7767196125e-01 -1.8194069505e-02 1.2197965428e-01 -1.1948645619e-01
1.4921224355e-01 2.5419524803e-01 2.2917181243e-01 2.0646171626e-01 3.9141574413e-01 8.0824837654e-02 1.7111688759e-01 -1.8789074787e-02 1.7941922151e-01 5.1908029036e-02 1.8480245261e-01 5.8169132842e-02 -2.2747332931e-02 -2.7761365220e-01 1.5005787940e-01 3.4076363450e-02 -2.4389348399e-01 -1.9957831778e-01 1.2223397853e-01 5.6127005569e-02 -1.0636600976e-01 -2.0707654967e-01 -7.3494995743e-02 1.1575422223e-01 -1.6128190953e-01 1.3971431049e-01 1.0024107409e-01 1.3390392654e-01 -8.1175896423e-02 -1.5601644935e-01 1.3619551550e-01 -1.0604694560e-01
-2.5533232479e-01 -1.6252965841e-01 1.4838356868e-02 2.5373403293e-01 -1.8107105062e-02 9.3825311822e-02 2.8797547293e-01 -1.4716865931e-01 1.6553275384e-01 -2.7523151760e-01 -6.2156858441e-02 -2.0735649306e-02 -4.5674304141e-01 6.1720459987e-02 1.5811667379e-01 -1.0349702332e-01 -1.6343235284e-01 -2.7493539589e-01 -9.2322062836e-02 -1.6823092672e-01 6.0645141274e-02 1.1038008768e-01 2.4878132128e-01 9.0891043643e-02 -3.0985521757e-01 3.3235237578e-01 -4.3195389423e-02 -3.1509344898e-01 -4.7965317884e-02 -5.9003604844e-02 -2.3909405837e-01 -4.9144635431e-02
-6.6858575531e-02 1.8281872130e-01 -2.7480656763e-01 -9.3896710701e-02 6.4983980494e-02 -2.5235510174e-02 1.3567096501e-01 -6.3870930834e-02 1.0019496735e-01 -3.0963401987e-02 6.3848629560e-02 -2.3429163802e-02 -1.1328015281e-01 2.3243462271e-01 1.5120626315e-02 6.1491710037e-03 -1.6239510353e-01 -3.0823540854e-01 -7.7706826192e-02 2.3119260152e-01 2.9201202192e-01 8.8419344780e-03 2.0975449975e-01 1.6305379296e-01 -4.7361219103e-02 -1.4991954297e-01 8.3948738094e-02 -7.9703940440e-03 2.7463343272e-02 9.4888141118e-02 3.0439938137e-01 -3.0333202409e-01
-1.2563374584e-01 -7.8918913290e-02 2.9721604811e-02 -2.0937376145e-01 2.4588672065e-02 -1.4418075292e-01 2.5062312355e-02 -2.4189686032e-01 -7.8427416328e-04 6.5665040248e-02 1.0069228326e-01 1.5632127785e-01 4.5016444822e-02 -2.6401490434e-02 1.5597179431e-01 -9.8435926802e-02 -2.5111635248e-01 -1.6900580320e-01 8.6258912398e-02 2.3789317025e-01 -1.4648696175e-01 2.3661586591e-01 7.5163312353e-02 2.4212226489e-02 3.2789089347e-02 -2.3757613149e-01 -1.6135216928e-02 1.7601298768e-01 -1.9390603593e-01 -3.8142218844e-02 4.5117907116e-02 -2.1620853779e-01
5.8771315576e-02 -1.1892608235e-01 -1.0733204134e-01 8.4393851808e-02 -3.8208138316e-02 -9.4470083295e-02 1.9143395394e-01 4.8629647853e-01 -2.9495276209e-01 -4.2952119952e-02 1.5950151247e-01 2.0547146154e-01 -4.0103694189e-03 -1.8175595757e-01 2.0471608408e-02 4.0814339592e-01 5.9931154770e-02 -1.0148428703e-02 -1.6387972223e-01 2.4899970655e-02 2.9719127694e-01 -2.1355143830e-01 -9.4616895685e-02 -1.1538360190e-01 -2.9633357142e-01 3.5763543748e-01 -2.4450286785e-01 4.8415734591e-01 1.4745466023e-01 6.5673064144e-02 2.5477191200e-01 -1.2688724577e-01
-6.0487628721e-02 -5.6358817982e-02 1.2380281634e-01 -1.1593388492e-01 -1.6954440267e-02 2.8909773773e-01 -4.4331163432e-02 -5.2971775695e-02 1.5566505858e-02 -1.0830183675e-02 -1.0026395119e-01 4.6703454932e-02 2.1013108868e-01 -1.0052473206e-01 1.0176629175e-01 1.6515111872e-01 1.8060140934e-01 -4.0276345925e-02 9.7755553753e-02 -1.2650780866e-01 -4.6586056351e-02 -2.1088236924e-01 -1.8968463177e-01 -7.6491659158e-02 3.2973950700e-01 4.1120743682e-01 -1.3201363348e-01 3.2983793945e-01 3.6140526280e-01 2.0972099654e-01 -9.4233198919e-02 -1.1814757254e-01
2.6593070849e-02 2.7398174785e-01 -9.9517721935e-02 2.5342012302e-01 -2.2831043447e-01 2.8670459084e-01 -2.5055910158e-01 -1.3349701235e-01 2.6044373195e-02 1.1837571115e-02 -2.4486587270e-02 -1.6077391222e-01 -1.0978828137e-01 -5.0538519627e-02 2.0863384227e-02 -5.6271501008e-02 -1.5611023901e-01 -1.8485443914e-01 1.7638224291e-01 -1.5518743542e-01 2.9521719360e-01 -1.6010775208e-01 1.4131252322e-02 -1.0519608456e-01 -3.6730239344e-02 4.1257282291e-01 -1.8820317262e-01 -1.0327510226e-01 -1.3593401678e-03 -2.6904388544e-01 6.3775126790e-02 2.1085558431e-01
2.4716319991e-01 1.1655564653e-01 -8.6302523136e-03 2.8258866396e-01 5.9043147768e-02 -1.0154672196e-01 9.6241121840e-02 2.4568843336e-01 1.1391801451e-01 1.4984719189e-02 -1.1871801977e-02 -1.8445947808e-01 2.7666064740e-02 1.9144240237e-02 1.1759163233e-01 3.7370683390e-01 -3.9427372971e-01 -2.1274909253e-01 -1.4197483782e-01 -1.8414150588e-01 2.1756264019e-01 1.2065334320e-01 2.3202517083e-01 5.8753668305e-02 -1.1239554637e-01 -1.1492910535e-01 2.7098475106e-01 -1.0987005369e-01 -3.1206832494e-02 1.1352144829e-01 1.3048506958e-01 8.0287000724e-02
-3.0656035004e-01 -6.9137526567e-02 -3.4992013043e-01 3.7188811187e-01 -8.9396641736e-02 9.7495888392e-02 -3.4776139851e-02 1.5603736431e-01 -3.2839093890e-02 1.6633814024e-01 -9.2189388111e-02 2.9419143024e-02 -3.0702256120e-01 1.9658693318e-01 2.3841704702e-01 1.7586982343e-01 -3.5505023975e-02 -3.5094546660e-01 -1.0807629451e-01 6.3586930039e-02 2.5183470904e-01 1.3665443298e-01 -1.0203242059e-02 -5.0785426158e-03 2.9891141124e-02 -4.5087355922e-01 -6.8873774094e-03 -9.9266972114e-02 -3.5365920754e-02 -1.5730539939e-01 -3.6019971328e-02 -9.0588272958e-02
-1.0810485088e-01 -1.0291720666e-01 1.2580258542e-01 -3.0451801712e-02 -1.6039266919e-01 -1.1472121863e-01 4.5024548934e-02 -1.3458865922e-01 -2.3025808121e-01 -3.0509166119e-01 2.1790110455e-01 -3.2910227486e-01 2.7542050410e-01 1.7806382792e-01 -3.8184601294e-02 -2.7385472820e-02 -3.4244690293e-01 1.2630417363e-01 -4.3885963395e-01 1.6046423041e-01 1.8391843682e-01 -1.5096260131e-01 -5.3563479369e-02 -6.8695957714e-02 -2.7460160276e-01 -6.5705837747e-02 1.3182176519e-02 5.5244858600e-03 1.0201924848e-01 -2.1404788562e-01 2.3302807723e-01 -9.6279441189e-02
-1.3227325798e-01 -5.2908345910e-01 -1.4433395481e-01 -4.3590596369e-02 7.9374529398e-02 -9.3383045688e-02 1.1738027238e-01 -7.0325711213e-02 3.2557443366e-02 4.4296979130e-03 2.2539795147e-01 -2.0790812749e-01 1.3564806972e-01 1.1372033180e-01 2.3412370770e-01 1.7143024004e-01 -8.6637852786e-02 -6.7649864469e-02 6.7761325285e-02 -1.3530883644e-01 -6.0847402522e-02 8.2715232179e-02 1.4516953026e-01 2.0089300146e-01 -1.5557731661e-01 2.5371630168e-01 2.4866224776e-01 -1.5570149418e-01 3.8783003979e-02 7.1176493605e-02 -2.1517615756e-01 -2.6872896768e-02
