2.4587689695e-02 -3.2114547643e-01 -1.0089575877e-01 2.0438924635e-01 -6.4386001080e-02 -2.0635013008e-01 2.1436897232e-01 -4.7262434549e-02 -2.4635109006e-01 3.5595928023e-01 3.2856433250e-02 3.4199870797e-01 1.5617219316e-01 -2.7329901473e-01 2.4304243045e-01 1.8996530603e-01 1.0343128464e-02 -2.7723353993e-01 1.2340776910e-05 2.5076834403e-01 1.5988302115e-01 -6.6602860257e-02 1.9313974887e-01 3.7024880499e-01
-1.0021702526e-01 -1.2263192371e-01 -5.2331607687e-02 9.5523777681e-02 -1.0129047923e-01 6.7062740726e-02 2.4916142244e-01 1.1467472220e-01 4.8033761723e-02 -5.6985281995e-02 -1.7747896187e-01 3.0460959560e-01 -3.1413511311e-01 1.9122149630e-01 -1.0554723787e-01 -1.2937712818e-01 -1.7132428637e-01 -6.5056485345e-02 -2.0318569116e-01 -4.1005962841e-01 -3.1145796533e-01 -3.3949698180e-02 -3.4583733271e-01 1.3668168724e-03
8.0892685295e-02 2.7719213954e-01 -2.4716755132e-02 1.7086209820e-01 1.9520417708e-01 -2.0469862093e-01 -2.5964388731e-01 -2.2414670110e-02 1.4934736307e-01 3.0120186299e-02 8.9170571323e-02 -6.0180296456e-02 1.4959773538e-01 1.0927489963e-01 -5.6486770300e-02 -4.5815731350e-01 -2.6530327597e-01 -1.6502819237e-01 1.9112941883e-01 -6.5656979470e-02 -2.4683789661e-01 2.9765681418e-01 1.8805953307e-01 1.8952880249e-01
1.6101673946e-01 -4.0475231218e-01 -2.7892347119e-02 2.8800122069e-02 1.0175794282e-01 2.3037337898e-01 -1.7915585876e-02 -9.2195332285e-02 -2.1901419071e-01 3.7475645174e-02 -4.5101705358e-01 2.2352145753e-01 -1.2098053770e-01 1.7064903050e-01 -5.8210780328e-02 1.0770143276e-01 1.8049032476e-01 -4.3098794978e-01 4.4230949145e-01 7.4247763428e-03 2.7543823561e-01 -2.9562826363e-01 -8.5567603020e-02 2.3114504326e-01
9.5531133606e-02 3.5227982637e-01 -6.8132176640e-02 -5.9792253995e-02 6.5757750842e-02 2.2570701245e-01 1.3361176667e-01 8.8472310833e-02 -1.0061353356e-01 2.3989690377e-01 -1.8312029406e-01 -5.2560319220e-01 1.9443028745e-01 3.6530065575e-01 -2.4239026268e-02 -3.2195870591e-01 -2.0309309214e-01 -9.3588968150e-03 -1.8154209626e-01 1.5253478883e-01 -2.0249974045e-01 1.0864878148e-01 -2.1260799585e-01 -7.5113285613e-02
7.3000036075e-02 -2.0016244815e-01 -1.0653981334e-02 2.9009932089e-01 -4.4260664745e-01 -1.8180913995e-01 6.4125996695e-01 -1.4913418132e-01 2.5975555404e-01 9.3215122061e-02 -2.5632982700e-01 3.8335142447e-02 1.3653439368e-01 -3.5678303399e-02 1.6847269259e-01 8.2924599873e-03 -8.0557083169e-02 8.1891271414e-02 2.0505017285e-02 -6.6700493686e-01 -8.0897464976e-02 -5.7927776678e-02 1.6114949802e-01 -5.8287467035e-02
1.5296341435e-01 1.6824429377e-01 -3.6918033318e-02 2.2875313951e-01 9.9906945460e-02 1.8034560242e-01 -1.4796143965e-01 -1.6282429923e-01 2.0561127444e-01 -2.3486533383e-01 2.5191819886e-01 -3.1010180085e-01 5.3742110065e-02 3.4946202569e-01 -2.2256601404e-01 -2.3032372568e-01 1.1866878052e-01 4.3427074811e-02 -1.5361233548e-02 2.1018800132e-01 -3.6086641911e-01 -3.7703901807e-01 -2.4216552619e-01 -8.6265523565e-02
2.1681536172e-01 -5.3009171093e-02 -2.2136746054e-01 -2.3103494421e-02 1.4067177688e-01 -1.9393809928e-01 -1.5876266951e-01 1.7699607274e-01 -7.0841626814e-02 -1.8495917496e-01 -2.1603551169e-01 6.2577126721e-02 1.9992233513e-01 2.9000224809e-02 -7.7666056392e-02 -1.5871964269e-01 2.7558167784e-02 2.8301221846e-01 7.3468003303e-02 -1.9395853944e-01 1.3230669945e-01 -1.6554454393e-01 4.8445758416e-02 -2.3988492990e-01
-1.6175783524e-01 1.0079485944e-02 -1.3832358850e-01 -1.0265715211e-01 -1.9794124232e-01 -4.5141163988e-02 -2.0568852512e-01 -3.0040781098e-01 -2.1407851857e-01 9.2804959735e-02 -3.6201868944e-01 -6.3476400098e-02 -2.5243876440e-01 4.2164741014e-01 -4.0082596145e-02 1.1458196943e-01 -2.4899577579e-01 -1.1848713266e-01 8.1470468041e-02 -2.5992883113e-01 -1.8358605036e-01 -1.8934926759e-01 1.6598583208e-01 3.1068874588e-01
-2.7723801745e-01 3.4332007801e-01 5.6434418698e-01 -8.2269130816e-02 3.9053114350e-01 -4.7838040040e-01 -9.6757358511e-02 5.5550478972e-02 2.8618087753e-01 5.2625332529e-02 -2.1535761814e-01 -3.2634975803e-03 1.7542520005e-01 -1.6783721094e-01 -1.6334674392e-01 -3.3167558152e-01 1.0640638177e-01 -1.4969250137e-01 3.0911768386e-01 1.2618715803e-01 -3.2862980362e-01 -1.4495504286e-01 1.3653465268e-01 -4.2339817940e-02
1.2743413531e-01 -1.2024288573e-01 2.4071124049e-01 9.6876059040e-02 -2.1309084839e-01 2.7277869443e-01 -2.7611576042e-02 3.8188265276e-02 -1.8444492797e-01 -6.8674843453e-02 2.3715436220e-01 -2.0672396220e-01 -6.1413748878e-02 3.0548140829e-01 -1.9809494121e-01 1.2060726836e-01 -3.3156777767e-02 2.5225819246e-01 -1.1489034677e-01 8.0787037544e-02 -8.6550631711e-02 -3.3749320625e-01 2.3586999650e-01 -1.1203419676e-01
-1.6276382913e-01 -1.4056772893e-01 6.0477669028e-02 -2.3388042018e-01 2.7308165077e-01 4.5475688075e-02 2.5199576448e-01 3.2718529203e-01 -3.6897984935e-02 -3.3704813318e-02 -7.0113442991e-02 -3.1795502037e-02 -8.1755189953e-02 -3.7401710485e-01 1.0558481298e-01 -5.1698780057e-02 1.9492416615e-01 -2.6606310094e-01 -3.9147752123e-01 4.0823945446e-02 -3.4787460918e-01 4.2797465621e-02 2.1777632445e-02 2.2191933168e-01
5.5727243823e-02 -1.4114768804e-01 -9.7860868264e-02 8.0004878346e-03 3.3944984008e-01 1.1180078372e-01 -4.7036066317e-03 -2.7135321923e-01 1.4191649909e-01 1.6698007486e-01 -1.2721083645e-01 1.6213019175e-01 1.5188095609e-01 -1.7085144838e-01 8.7275610172e-02 -1.8579019716e-02 4.5206226904e-03 -3.0032634808e-01 -1.1700339081e-01 -9.5492801329e-02 2.9446797148e-01 7.9644855842e-02 -8.5203747950e-02 6.5471955612e-02
2.5616972708e-01 -4.9124224103e-01 -7.2393449692e-02 -5.2872775616e-02 3.2174653138e-02 2.4615357545e-02 1.3529100992e-01 -1.3578819711e-01 -4.5630514259e-01 1.3441722566e-01 -3.5728054735e-02 -1.0937175020e-01 5.4429376586e-02 -4.9150678856e-01 8.8109011354e-02 2.8708943105e-01 -1.0358782778e-01 4.5893625988e-01 -6.2944127701e-02 -3.7174225527e-01 3.4747743529e-01 1.2367080238e-01 1.7462834404e-03 5.9392117342e-02
-8.0945341827e-02 -9.3356785371e-02 2.5204331520e-01 -3.4171097107e-05 3.8792629908e-02 -1.2869716576e-01 -1.1216554527e-01 -9.6912438710e-02 -4.5416612304e-01 -3.8593340807e-03 -2.3096387654e-01 -5.2338117920e-02 4.7379047902e-02 1.9776088483e-01 -1.7947246404e-01 2.9681468762e-02 -7.7816252030e-02 -4.0786519538e-01 -4.7074990449e-01 2.0052943657e-01 2.0542385574e-01 3.4671500507e-01 1.2624723343e-01 -4.6291021118e-02
3.1965827134e-02 -1.6111997464e-01 4.1058720497e-01 2.2621163531e-02 -5.0504132923e-02 -1.1708097913e-01 -1.1282190535e-01 -2.1315242794e-01 -3.3724798982e-01 7.6958420763e-02 -6.8909695844e-02 -6.3549439555e-02 -1.9862591482e-01 -6.8181438542e-02 3.8177256590e-01 3.2708227475e-01 1.5964541845e-01 1.7470031893e-01 3.0560131313e-01 2.4155716256e-01 -2.5607296521e-01 -7.3669568286e-02 -1.8467141968e-01 2.3628242942e-01
-9.2076559923e-03 -1.0729181953e-01 -6.3568649702e-03 4.2214322015e-01 -3.0097953639e-01 -3.7762285403e-01 2.4577669476e-02 1.1030728394e-01 5.7691717060e-02 8.2026467577e-02 -1.8265699509e-03 4.6351386076e-03 -2.7459912644e-02 4.7118787529e-01 2.7555233157e-01 9.0897600699e-02 3.3496803310e-01 3.0812556278e-01 -8.2305917497e-02 -2.3003104338e-01 -1.0367673681e-01 1.9810613261e-01 -9.2389023173e-02 1.8121470405e-01
-1.4155877499e-01 -4.1417046917e-01 -2.7306651954e-01 -1.1221264448e-01 3.5517940961e-02 -7.9280220108e-02 -5.1142956055e-02 1.5008974373e-01 -3.2559145497e-01 3.0199169048e-01 1.3942351441e-02 -1.0651558197e-01 -1.3130156486e-01 -1.7744739497e-01 -3.6558511738e-01 -4.8479759551e-02 2.8771646810e-01 1.9568496555e-02 1.8058433911e-01 -9.9585789131e-03 5.1679860976e-02 -6.1319706867e-02 -1.7199717997e-01 1.3592915621e-01
3.0130168391e-02 5.3856948410e-01 3.9925223464e-01 2.5207715724e-02 6.1927483138e-02 1.4555881675e-01 -2.6152735033e-01 -1.3568091146e-01 -9.9580841764e-02 3.3124757975e-01 1.5192881292e-01 -4.8129378737e-01 2.4282486524e-01 1.7966586184e-02 1.9946902509e-01 -1.1671771223e-01 1.1224421677e-01 -2.6209393807e-01 1.4574038740e-01 5.1096037805e-02 -1.3578048442e-01 -2.1498686275e-01 7.9541102277e-02 -2.5416580096e-01
-1.1345874040e-01 -2.7544242180e-01 -3.6189407047e-01 -1.7654223268e-01 2.1910140670e-01 -1.8681176700e-01 1.8332121635e-03 1.1919548387e-01 -1.9627943555e-02 3.2457679198e-01 -4.9834008104e-02 1.0636778358e-02 5.6335694135e-02 8.4082266987e-02 1.5138409584e-01 1.1106786421e-01 8.5018713160e-02 9.3954404730e-03 4.2240427602e-02 5.8385870773e-01 -1.5278463321e-01 8.7623040373e-04 2.8306967896e-01 1.4668556750e-01
7.7221137500e-02 -3.3585422016e-02 -2.2519054882e-01 3.6032201282e-01 1.9021453164e-02 -2.6972155498e-01 1.8790498674e-01 -1.7423316376e-02 2.6136990960e-01 1.7445560916e-01 2.5960994007e-02 -1.3479944229e-01 -9.1000525976e-02 -3.6266545025e-01 -1.7391387821e-01 -1.0227025955e-01 6.5665679399e-02 -1.4990811478e-01 -3.5684159040e-01 -5.8754510376e-02 1.8441205344e-01 -3.2143830460e-01 1.8976551123e-01 1.9472836037e-01
6.0107408171e-04 4.6609790346e-02 -4.5547771483e-01 -4.1060060875e-01 1.4337009577e-01 2.9002968331e-02 -2.7110543285e-01 3.6608894546e-01 1.9040400898e-01 -4.4666501388e-02 1.0824951915e-01 -1.0704437628e-01 -1.0246304583e-01 4.7681178249e-01 9.3479143971e-02 -1.3360669395e-01 6.5608522345e-02 -3.0583262308e-01 4.2263326116e-01 -4.8875016277e-01 6.1636321969e-03 1.2992804862e-01 1.7363647538e-01 2.8555029203e-01
-4.2909924730e-01 1.4271064780e-01 -5.2101366386e-02 -5.2156591799e-01 -2.3153995181e-01 9.0858949301e-03 4.7802694905e-01 -4.1675292756e-01 2.9835539648e-01 -5.4285915015e-02 6.0923871437e-02 -1.3370840203e-01 -1.6672603632e-02 1.7160396290e-01 4.0138218246e-01 -3.2874410923e-02 -3.4750482290e-02 -1.0895743250e-01 -2.9546844164e-01 -1.4490489231e-01 -1.6670550306e-02 1.3080054915e-01 -1.4582189503e-01 1.6740192449e-01
-7.8105330279e-02 -1.8857614089e-01 -2.0073314323e-01 -5.6743135720e-01 -1.1724776222e-02 6.8759322345e-02 -3.0847834982e-01 1.8734434168e-01 -3.3080890344e-01 -1.0867778288e-01 -4.4505212389e-01 -1.0553381371e-01 -2.0652000393e-01 -3.6086468507e-02 7.2820317951e-02 -3.7107471092e-01 -2.6569959969e-01 -1.1355333643e-01 1.7283368535e-01 9.7649083617e-02 3.1298985152e-01 -8.5948709329e-02 2.1939546667e-02 -7.3119605604e-02
