-9.0094391960e-02 -5.3153661770e-02 -2.5846389749e-01 3.0007359197e-01 3.4914806828e-01 2.9513633459e-02 -2.3354909166e-01 -1.3577321727e-02 -1.0408937967e-01 -2.2530496127e-01 -5.8894646167e-02 8.5335206696e-02 -1.8241998116e-01 2.0235703826e-01 -9.2657731143e-02 -2.7792361375e-01 2.9049039889e-01 -2.0119574273e-01 -1.5355515085e-01 -9.1597750889e-02 6.1815766986e-02 5.6294000273e-02 2.2054717646e-01 2.6853036972e-02
-3.3528786733e-02 -2.0725002694e-01 2.9912154170e-01 -2.3449907896e-01 3.1982510231e-03 1.4826189339e-01 -7.8049867778e-02 -6.2103503873e-02 -1.6123502508e-01 8.3908308484e-03 1.4642689101e-01 1.7324726561e-02 -8.3395053925e-02 -1.4328411536e-01 2.9679457996e-01 -7.2224059388e-02 -1.5157917014e-01 2.5742041049e-01 -5.7074203716e-02 -2.4159368119e-01 -3.0247393067e-02 1.5700003374e-01 4.5004647134e-02 -1.1874002553e-01
-1.7185199230e-01 1.8607669960e-01 -1.7337011490e-01 -2.5005837480e-02 3.8959447544e-02 -1.8048869079e-01 1.5534212222e-01 7.5165671064e-02 1.5821163623e-01 -4.1540151926e-01 -1.1055788299e-01 4.1240570501e-02 -3.7591444290e-03 2.5291147994e-01 -1.0002405237e-01 3.3894271093e-01 -1.0771141970e-01 -1.1781727908e-01 -5.4133733466e-03 -1.9284464335e-01 2.0774349125e-01 -1.3577004544e-01 -3.1842298486e-01 -7.9558136272e-02
2.2582197373e-02 -4.8310744777e-02 7.7092696951e-02 5.5278299294e-02 -1.4733986523e-03 9.6487870328e-02 1.4005493161e-01 -2.3377991634e-01 1.3547706363e-01 -5.6991740532e-02 2.8193049329e-02 -4.3184687280e-02 -4.7366947966e-02 1.0526765779e-01 -8.4335483035e-02 -3.6044157774e-01 -1.5704475813e-01 5.3639011978e-02 -2.7225565951e-03 2.2322422287e-01 1.1892499823e-01 -1.3677312896e-01 -1.1412026724e-01 2.0361104483e-01
-2.2800853976e-01 -6.3168474050e-02 -1.3618459622e-01 2.8864147758e-01 2.2469052458e-01 4.3133291091e-01 2.3441216269e-01 2.3746309468e-01 2.7471014047e-01 1.2098675731e-02 5.6500777969e-02 -7.9187153417e-02 -1.0480456562e-01 1.8503623580e-01 -4.1875391142e-01 7.3050246646e-02 2.0445759359e-01 -9.4255411078e-02 -3.2883185539e-01 8.1451363568e-02 -4.1261581392e-02 -5.6324952276e-02 -2.1385484988e-01 -1.0921571644e-01
-1.4387634238e-01 3.9818051115e-02 3.5288667703e-02 -7.0245209410e-02 9.5607347728e-02 2.8308269770e-01 -2.5502706284e-01 -3.2791279281e-01 -8.8734177104e-02 8.4600240827e-02 8.4522436712e-02 -1.8575065780e-01 2.6865782065e-01 -1.7018665797e-01 -4.3121095093e-02 -3.6587021015e-01 -2.9643360064e-01 4.8301580783e-01 -1.1777470111e-01 3.1523357063e-01 -1.6598586828e-01 -7.6106455422e-03 -9.8107192269e-02 -5.7944931947e-02
-2.5921745594e-02 4.9945182998e-01 2.1841164003e-02 -4.9339009531e-01 2.0147285090e-01 2.5554741553e-02 6.6298510174e-02 2.6804390434e-01 1.4065180303e-01 -4.3570241971e-01 -3.3600739565e-01 4.2402910563e-01 1.3062745791e-01 -3.4348428284e-01 5.1443971999e-02 1.0595810326e-01 -1.6526073020e-01 6.3169705994e-02 1.9109039598e-02 -9.6859001484e-02 -4.6255057101e-02 -4.4934580252e-01 2.1364338606e-01 2.3590930129e-01
-7.6519322377e-04 3.2184011288e-01 8.9373666720e-02 1.4395274567e-02 1.4355333229e-01 -4.7022544253e-01 2.0963092821e-01 1.6985633856e-01 -1.0147222226e-01 1.7645034450e-01 -4.0233567030e-01 -1.3367262711e-01 -2.2205500132e-01 2.6455223791e-01 4.0752458195e-02 -2.6863202049e-01 6.6533118872e-02 2.5877089162e-01 7.7248023970e-04 1.0631773534e-02 -5.3716072256e-01 -2.8340631481e-01 3.2348389022e-01 -2.2823010877e-01
3.3102736559e-04 -8.0505652743e-02 -1.4040908725e-01 -5.0643584149e-04 -2.3782572280e-01 -3.0582696581e-01 3.2673885041e-02 1.2666887763e-01 -1.4698466562e-01 -4.0200580311e-01 2.7364033803e-01 1.4041285554e-01 1.5473385074e-01 5.1923446626e-02 -3.4079579249e-01 3.6955319327e-02 6.4109154359e-02 -1.4723273623e-01 -1.0330277286e-01 -3.3144782793e-01 -1.1828104339e-01 2.1717056300e-01 1.7565087110e-01 -3.3957929157e-02
1.5043909133e-02 -1.8701402362e-01 -1.4119217794e-01 -1.9785312154e-01 -4.9160553632e-02 1.0400098040e-01 -1.7173396377e-01 4.5004464587e-03 -9.0987250719e-03 -1.5458002875e-01 3.1174554134e-01 -3.8521626792e-02 3.9624811606e-01 1.0893329261e-01 8.4863627673e-02 -1.4603647644e-01 8.3154829860e-02 -1.6687657614e-01 -3.3479969032e-01 2.2293121872e-02 9.2516259057e-02 -2.0935009882e-01 1.7554246152e-01 -5.5054477257e-01
-2.2130175083e-01 8.5544880749e-02 -2.1289308193e-01 -5.0741227053e-02 5.7116138334e-02 2.5982801489e-01 -5.6404048443e-01 3.4143031890e-01 3.5069488092e-02 1.3890304674e-01 3.3024915105e-01 1.4139519593e-02 -3.6206692903e-01 9.1133419172e-02 -1.2995082673e-02 -1.2588274119e-01 1.6378949379e-01 -2.9589079718e-03 6.4849585645e-02 -2.6602978874e-01 -5.1703428242e-02 3.1969953568e-02 -1.7060512731e-01 6.7976481101e-02
1.7684965024e-01 -3.9873504128e-02 -2.5766305024e-01 1.3617085872e-01 -1.0868345172e-01 -6.0794958235e-02 -1.5519072092e-02 -1.9357880273e-01 4.7932424023e-01 7.5889603737e-02 -7.9133270357e-02 1.9224630627e-01 -3.3153479719e-04 2.6455621648e-01 4.3788272834e-02 -9.6038667814e-02 -1.2890830036e-01 2.5105801926e-01 2.0766026664e-01 1.8412506995e-02 2.3973808222e-01 -2.2092112594e-01 -4.1166754203e-01 8.4525921131e-02
-2.4882792904e-01 1.5353704827e-01 -2.7266014044e-02 -1.4776126117e-01 -1.1695400322e-02 2.3244363213e-01 -1.3063169800e-01 -5.4620166978e-01 5.0434567438e-02 -1.0897801393e-01 3.6473041014e-01 2.1169633784e-02 2.7499735932e-01 -1.3502335820e-01 6.6699405424e-02 1.4511514996e-01 -2.2163272354e-01 8.1138337899e-02 -1.4279895571e-01 -4.4720780669e-01 3.1825242633e-01 -1.2468480086e-01 4.2701462708e-01 -2.3462484396e-01
-7.6274173158e-02 -2.2403504789e-01 2.2949077926e-01 8.8392611991e-03 -2.0403005499e-02 -3.2121263588e-02 9.2140541566e-02 -3.4021250192e-01 7.0004414986e-02 3.1884054598e-01 1.5930133211e-02 -5.4708918276e-02 1.0399951083e-01 -1.2119397275e-01 1.3946703052e-01 -2.1889442418e-02 -2.1346442533e-01 2.8532999130e-02 3.2588115706e-01 -7.8675215034e-02 -2.9485728489e-02 2.9194262555e-03 7.5101137071e-02 -3.7938672182e-01
-5.4830000259e-02 1.1699662962e-01 7.0126532656e-06 3.6473989589e-02 -6.0296736709e-02 -1.2298737443e-01 6.9584619548e-02 6.0707079257e-02 2.7890792457e-01 1.5837899685e-01 1.6620193161e-01 -1.7552707123e-02 1.9713936564e-03 6.5138427125e-03 -1.8847947110e-01 -2.1234606879e-01 -7.9832198031e-02 5.7690589115e-02 1.4578974334e-01 -9.9715657254e-02 5.0783327830e-01 -6.3181395253e-01 -2.6653035675e-01 -2.3984883898e-01
-1.7799353830e-01 -1.0867845333e-01 7.8282754761e-02 -1.2491950191e-01 2.5706259475e-01 5.2229940276e-01 2.4541348944e-01 -1.2794686759e-01 -2.0683249756e-01 4.6723408933e-02 -1.0414231097e-01 2.5144729452e-01 2.7647827984e-03 -2.6820489498e-01 4.1156018975e-02 2.1403996812e-01 1.1017387859e-01 -1.2529278455e-01 2.5501728075e-01 7.4815524687e-02 -2.1451793352e-01 -3.1307114110e-01 2.0719481893e-01 -2.4227278242e-01
-4.8518955743e-01 4.8190373053e-02 1.2068607343e-01 -8.2930855420e-02 2.3342074597e-01 -3.2950081397e-01 2.5332704675e-01 -2.6797523080e-01 4.0860126369e-02 -1.6026445437e-01 6.2306722226e-01 1.9427074031e-01 -5.4691921179e-02 2.1413536382e-01 5.0054427811e-01 -1.6695240023e-01 -2.7651081896e-01 6.6607481572e-02 -3.6597584962e-01 1.4084463535e-01 -1.0854885120e-01 -3.0775548072e-02 1.1174279462e-01 -3.1980328632e-02
1.6262645432e-03 2.3816452549e-01 3.1356627678e-02 -5.2374661791e-02 -4.8199082672e-02 3.2391991756e-01 2.0442599313e-01 6.6358224385e-02 1.2341437860e-01 3.9814375716e-02 -3.1350132197e-01 -5.4392258982e-02 -6.5994061904e-02 7.4807684908e-02 -1.1587664776e-01 7.1321590393e-02 1.8417341389e-02 -7.9330624967e-02 -2.4792156298e-03 3.4512524872e-01 -1.2432326934e-01 -3.0831425223e-01 8.9302847744e-02 2.6685758411e-01
-5.9255786709e-02 1.3737437559e-01 -2.8198626346e-03 3.7294836252e-01 -5.0599058128e-01 9.5865466173e-02 -1.8753961148e-01 4.7744879998e-02 3.3863354248e-01 5.9013827613e-02 -6.5601166459e-02 2.2187062758e-01 -4.1487926309e-01 -1.1084666987e-01 -1.2021338325e-01 3.2816740364e-02 -1.8405152988e-01 6.1990564525e-02 -1.3675991153e-02 -6.1985138629e-02 7.2507745353e-02 -1.6207673889e-02 1.9267472133e-01 2.9519306649e-01
6.9959057566e-02 -2.6731508143e-01 1.9355037964e-01 3.6007730463e-01 -4.7845256605e-02 1.1579069575e-01 -5.8271446926e-02 -7.3951065170e-02 -1.7758821803e-01 -1.3709242684e-01 -6.5564668205e-02 1.6263360783e-01 -1.9949834971e-01 7.7765423431e-02 4.4453892898e-02 -4.9110663820e-02 1.4927410915e-01 -1.9092304782e-01 1.7476077937e-01 2.4873695691e-01 -1.7791204538e-01 -1.7486174025e-01 3.1573239836e-01 1.5013711967e-01
1.8562973658e-02 -2.6434879044e-01 1.7528211679e-01 -6.3946447829e-01 2.1816939554e-01 -1.4626474523e-01 1.1502566716e-01 1.4374399517e-01 1.2789980829e-01 -1.8077917445e-01 2.2723581102e-01 -6.5340240297e-02 7.7448351074e-02 6.2681894402e-02 -1.6226843786e-02 4.5756740671e-01 -8.2426887590e-02 4.9095488065e-02 7.5492876578e-02 -8.9620174772e-02 -2.8050738197e-01 6.4916543437e-02 -5.4651068866e-02 5.2295231573e-02
2.5736261626e-01 8.0591987892e-03 2.3506213413e-01 1.0035245311e-02 -2.5716749158e-01 2.6816250056e-01 -6.3376915411e-02 1.7675765961e-01 -1.0744654394e-01 3.1732710556e-01 -2.9083381508e-01 2.5098095675e-01 -2.6638020090e-01 4.9265439145e-02 -5.9352981245e-02 -1.4930392121e-01 -1.6127243262e-02 8.0687992066e-02 -1.9363670971e-02 2.0525047129e-01 -4.8467417161e-02 -1.2722580484e-01 -1.4542781704e-01 1.8319238846e-01
-4.4647287269e-02 6.7063161405e-02 -7.4147019508e-02 8.8956560525e-02 2.1451814093e-01 2.6603302935e-01 2.0150623938e-01 1.7370729615e-02 1.9373474088e-01 -3.2029969458e-01 3.1315794600e-01 -1.4519420391e-02 1.2230240552e-01 -5.7845344648e-03 -2.7571277466e-02 1.3585636293e-01 -6.1779651310e-02 1.3483163122e-01 -1.7448758334e-01 -3.5051340802e-01 -1.7908961703e-01 2.3454901130e-01 -2.1850115089e-01 -1.1338171279e-01
4.3382905384e-03 3.6784146524e-02 -5.4318447813e-01 -9.3119020023e-03 2.4565392676e-01 6.0609233416e-01 -2.9643182433e-02 3.9262285470e-02 8.3671533008e-03 -1.6934029867e-01 1.0010337809e-01 1.9853419176e-01 -6.7538536600e-02 8.7174099322e-02 -2.1343674622e-01 3.2634632910e-01 1.2480129372e-01 3.4982714858e-01 -1.2971845752e-01 1.6466131669e-01 2.7534324963e-02 7.9584424472e-02 -2.4448513351e-01 -8.0683506598e-02
