-1.2479543315e-01
-1.3733788262e+00
-2.1635660618e-01
7.3807522540e-01
-1.7696332504e-01
-3.8022304169e-01
-4.4601828697e-01
6.0984230810e-01
1.1355005074e+00
-3.8810252822e-01
3.4783356836e-01
-1.8896563992e+00
-8.5526124199e-01
4.4902053180e-01
2.1258125218e-01
1.1050829692e+00
6.1063197055e-01
1.6607324278e+00
-1.7994232554e+00
-3.4775916873e-01
5.0208698324e-01
-5.0449637608e-03
-1.0888466602e+00
-1.2566765589e-01
-4.6749219429e-01
-2.3681541269e-01
-4.7173311453e-02
1.2415191943e-02
-1.6231461602e+00
-1.2430986560e+00
3.7662313093e-01
-6.2585461648e-01
