6.8522840405e-01
1.3956244780e+00
9.7156665721e-01
-1.2464484509e-01
-2.6470759478e+00
-1.7889435542e+00
3.4350048088e-01
9.2221768895e-01
-2.6731841396e+00
8.6543364175e-01
5.0150901665e-01
-3.3155585225e-01
-2.8845407991e+00
-1.1558641549e+00
2.8907013460e-01
1.2368531141e+00
3.1663773003e-01
5.5770274682e-02
9.0172903242e-01
1.8908255496e+00
-1.2679346927e+00
-6.0614101891e-01
1.3832438367e+00
9.3159848765e-01
5.2439524188e-01
1.2874851134e+00
4.9715494374e-01
-8.0827926993e-01
1.0379308723e+00
-1.3209454116e+00
-9.9471263311e-02
1.1675325707e+00
