3.3070392515e-01 3.6092528513e-03 -3.4326093526e-01 -1.6294527139e-01 9.0535482453e-04 -1.5374738282e-01 4.4387557887e-01 1.0994538033e-01 8.7659807482e-02 -2.3428422432e-01 -7.4589582969e-02 1.9018230031e-02 -8.6311278270e-02 -1.9107057397e-01 -1.6270764089e-01 2.8756584950e-01 -2.1741090921e-01 -1.6290886600e-01 -2.5661964229e-01 2.1756143041e-04 4.9464459820e-02 -3.3553462517e-01 -7.4689193671e-02 -5.4702626660e-02 9.9817148942e-02 -7.6293998878e-02 2.4898594039e-01 -7.2105725501e-02 1.8256920083e-02 -1.7648019161e-01 2.9422614105e-02 -2.8446608858e-01
2.7780699917e-01 2.2508987494e-01 -9.2511958718e-02 -2.5019418302e-02 1.5253743183e-01 -4.7839163417e-02 -1.0022309784e-01 -7.2523411298e-02 1.9599525855e-01 -2.5901630993e-02 -2.6051879386e-02 -5.3851256137e-03 -5.0365115618e-03 1.0363039320e-02 1.0609440178e-01 4.2446739648e-01 1.3275608769e-01 3.2634457385e-01 -9.1829710965e-02 1.1291195101e-01 -9.2817686826e-02 7.1938609419e-02 -1.3936992869e-01 4.8320269901e-02 -9.4508347834e-03 -1.7402275475e-01 -3.6845835884e-02 -1.4628090886e-01 -9.4590757959e-02 -2.5938770741e-02 2.2317165455e-01 3.3146547694e-02
-2.1108567119e-01 -2.8068464635e-01 -3.4928900419e-02 -1.2260541116e-01 -2.0216816145e-01 -1.2770226817e-01 1.3543744321e-01 -1.3896680939e-01 -1.8118107400e-01 -2.6251665111e-01 9.1928734614e-02 7.6601734575e-02 1.2908055099e-01 2.5216860171e-01 -1.3106555830e-01 2.8486916516e-01 8.6407028902e-02 1.7992229027e-01 -4.9402440914e-01 2.4355868882e-02 1.1423921818e-01 -6.3527656252e-03 1.3533975485e-01 2.0323330071e-02 -1.3143980816e-01 -3.4117894762e-01 1.7890757155e-01 3.9015965299e-01 1.5987450991e-01 3.1306235764e-01 -1.0946420828e-01 -2.2957484245e-01
-2.2721316546e-01 -1.2185480355e-01 1.6877374271e-02 -4.1393826297e-01 1.4789392958e-01 -1.1522792233e-01 7.6914869007e-02 3.2578745027e-02 -1.2416112435e-01 4.3402195599e-01 -7.2035981335e-02 -1.1203430179e-01 2.1669964539e-01 1.9644256182e-01 -1.8762367883e-01 -2.1377683644e-01 -1.7197120348e-01 5.6664977277e-02 1.7782651058e-01 -5.8071719514e-02 2.3834839895e-03 -6.5175683798e-02 1.3439944007e-01 -1.1267764881e-01 2.0742407752e-01 -1.4608802586e-03 3.3070520261e-01 3.2378035882e-02 6.5873051383e-02 7.4444669171e-02 -2.3194219687e-01 2.6623768692e-01
-5.8603166400e-03 2.3245701807e-01 -3.8043473878e-02 -8.5529297477e-02 -1.1805471456e-01 3.1438207102e-01 -1.2522842218e-02 -3.1215465461e-01 1.3593063814e-01 1.1376413089e-01 -2.9687697567e-02 -9.3487169434e-02 -1.6350700233e-01 -1.0166074113e-01 1.7582717249e-01 -1.5396813039e-01 -1.9622223055e-01 4.0842339588e-02 8.7619034836e-02 2.1284303122e-02 -1.1856760127e-01 1.6209018804e-01 -4.2814557752e-02 1.9506535284e-03 5.0315446015e-02 4.8349388904e-02 1.4562806105e-01 -5.8843635987e-02 2.1468479870e-01 2.7489904092e-01 5.4918598514e-02 -1.8732299330e-01
-1.1201487924e-01 -1.0003338181e-01 7.6514487182e-02 9.6269813932e-02 -2.1494707006e-01 8.5518925148e-02 -2.8529685992e-01 -1.4617326336e-02 -3.3431504502e-01 9.7324158012e-03 1.6482574382e-01 3.6343198474e-02 -6.1803825941e-02 -1.0745339495e-02 1.5177315519e-01 -7.5062207359e-02 1.3112739289e-03 -9.6241141604e-02 6.2372129284e-02 -9.0136447734e-03 -3.6654277888e-03 8.8259210650e-02 -1.1609759293e-01 2.8042095869e-01 3.7190665283e-02 8.7924622459e-02 3.4801053763e-01 1.0213605629e-01 -8.7013818348e-02 -1.5568123333e-01 -1.1622742969e-03 1.8237620708e-01
-1.5295859326e-01 1.0363623473e-01 5.3514114531e-02 -5.1272356597e-02 -1.8434967389e-01 -7.1805772148e-02 -1.9581479221e-01 1.2954861060e-01 2.1495057571e-01 -8.8352902648e-02 -1.5860355256e-01 1.1838894954e-02 8.0850390027e-02 -8.5367285966e-02 1.9745949820e-01 3.2016770654e-01 1.1775559324e-01 4.0075137906e-01 -3.8345721952e-02 7.6888068338e-02 3.5044817020e-02 8.5958695023e-02 6.6338838156e-02 9.9095705531e-02 -7.1670499668e-02 -1.7442442551e-01 -2.6711974727e-01 3.9696326320e-01 -2.0061610898e-01 1.0260152334e-01 3.2412756811e-01 -2.0449740383e-01
1.7158423063e-01 -9.9000080156e-02 -9.2488581595e-02 2.1592628094e-01 -1.7765257159e-01 -4.0437331755e-02 3.2778060848e-01 1.7441903892e-01 5.4577479649e-02 3.4944165913e-02 4.8031894718e-02 8.9435676941e-02 3.1444179834e-01 1.7934326089e-01 -2.0232447872e-01 -9.6430811678e-03 -2.2720927901e-01 1.4852674451e-01 2.6822115426e-01 -1.3098218363e-02 -4.3189935711e-02 -1.0019565881e-01 7.6711297901e-02 7.5038591585e-02 1.9662008177e-01 1.0518838822e-01 -1.7318401452e-01 -2.9446347296e-02 8.9308881678e-02 -4.2968190232e-02 1.5974022290e-02 -8.9627593175e-02
-1.9040365352e-01 4.4948798959e-02 1.1813998776e-01 -5.1064121049e-02 -1.4933239040e-01 -1.3252342523e-02 -5.7457104611e-02 -8.5197759366e-02 4.6658523595e-02 4.4101101886e-02 1.5759499043e-01 2.3937022705e-01 -4.5348906377e-02 -1.0115914529e-01 3.1653198959e-03 -2.9290402925e-01 3.0473250753e-03 -1.5468487078e-01 6.1586781757e-02 3.1846973726e-03 -1.3066343673e-01 6.8874649663e-02 -1.2581986102e-01 1.8070593316e-01 -1.2418079192e-01 -1.1935572864e-01 -5.8216965949e-02 -3.0436441762e-01 -2.6056853098e-01 -5.0031948142e-01 1.2159450386e-01 7.6496683447e-02
1.3196008572e-02 -6.4223013092e-02 1.6673179750e-01 6.8144186145e-02 -4.5058963774e-02 1.0899479628e-01 1.4936050229e-01 -1.6848322287e-01 3.9175180620e-01 2.3367105138e-01 3.8990645146e-02 3.1646908379e-02 -5.0571426493e-02 5.8909879162e-02 -9.1438359288e-02 -8.5946581077e-02 2.4692636181e-01 5.0417271164e-02 3.8172684058e-01 3.2062481659e-01 9.0823544869e-02 -2.5092449777e-01 3.4106863457e-02 1.4065684927e-02 1.4155069989e-01 3.4378396051e-02 3.6586641398e-02 2.4657980735e-01 -2.2273699879e-01 3.5144628382e-02 1.3088445277e-01 2.7921375062e-01
1.1364811271e-01 3.0571790345e-01 1.7409080629e-01 -1.1738385505e-02 -1.1126678698e-02 -7.3011539415e-02 -3.1846066956e-01 -8.7665799132e-02 -1.6158028923e-01 3.6289907920e-01 7.6641591006e-02 -3.5634423664e-02 2.4205044837e-01 9.9561842363e-02 2.2759680139e-01 -1.7556847610e-01 -4.0084664658e-02 2.3544382120e-01 -1.1507719449e-01 -7.3227033358e-02 -1.5530487006e-02 -1.0287512853e-01 9.9587666688e-02 -9.9702681814e-02 6.0715575986e-02 -6.5370580275e-03 -5.4591954218e-02 -6.3771211870e-02 1.1179130930e-01 -7.3778399968e-02 2.6577654031e-01 -1.5121488307e-01
-1.4814779549e-01 1.3613517433e-01 -8.8865373275e-02 1.3123691543e-01 -5.1126718445e-02 3.3133621954e-01 2.2534426105e-01 -1.2602751383e-01 6.3151393299e-03 7.2565002812e-02 -8.2832900176e-02 -7.8131818282e-02 2.0113211124e-02 3.5565969134e-01 2.4923768123e-01 -1.3879094329e-02 -3.4063367494e-01 3.2766211979e-02 -2.0348393243e-01 1.0004178976e-01 -1.1998665406e-01 9.3816033035e-02 -3.8234643930e-02 1.5136917170e-01 -2.4313383811e-01 4.3447167645e-02 1.0639681707e-02 -7.2349523899e-03 1.7158850061e-01 7.8280440087e-02 3.8405021449e-02 -1.0303057106e-01
-3.9114781968e-01 6.1524747816e-02 1.9780766924e-02 8.4500545469e-03 4.8177379474e-01 -2.7992548876e-03 1.6388583453e-02 -3.0687359304e-02 -6.8880984203e-02 -1.7071464604e-02 -1.2487932837e-01 -3.8409561045e-02 -2.9450297067e-01 1.4773178266e-01 3.8166536068e-02 -1.5224940787e-01 9.3156907003e-02 -7.5524708848e-03 -1.7134110540e-02 1.1723767266e-02 -2.3877826912e-01 -8.6283300656e-02 -1.5476174788e-01 -2.8998821210e-02 3.6649977093e-02 -3.6231809527e-01 -8.6311966864e-02 -1.5290299130e-01 2.9653582083e-01 1.6356756669e-01 -9.5818983767e-03 1.2155994428e-01
1.7519379826e-01 -1.1940336359e-01 -3.9700516440e-01 -1.2971128098e-01 8.1457079624e-02 -2.5550764233e-01 -1.7268898474e-02 -1.4851785413e-01 5.2433895681e-02 4.9495928465e-02 1.9382893641e-01 1.4529817794e-01 -2.1608710491e-01 -7.7121082743e-02 -3.7562190547e-01 5.2991607035e-02 5.0607842026e-02 -9.2664411453e-02 1.3932949743e-01 -5.2388697346e-02 9.6817844528e-02 -5.3710869019e-01 3.6122528154e-02 6.3061881967e-02 -2.3164783663e-02 1.0861860219e-01 -1.6701238615e-01 -1.4544557156e-01 1.7797218852e-01 -1.0190497111e-01 -1.4483265417e-01 1.1921615568e-01
1.3378405622e-01 -7.9359561216e-02 -3.2713830928e-02 2.1781297610e-01 1.0431736468e-01 -8.8502004863e-02 -3.8395167553e-02 -8.1128019430e-02 4.4943342217e-01 -1.3884051752e-02 2.8392728187e-01 -1.9277361067e-01 1.1262964810e-01 -5.8424143318e-02 -1.2860193995e-01 -3.2020544771e-01 6.2045805892e-02 -1.2516590788e-01 9.6805108050e-02 1.7723934468e-01 -7.7200124247e-02 1.1495077017e-02 -2.5895754292e-02 -1.8705941866e-02 -2.7937863840e-02 9.5974884414e-02 1.3706475667e-01 2.7179882954e-02 -1.4825131630e-02 -7.0002712925e-02 9.4319117155e-02 -2.6415164617e-01
-1.1835880454e-01 1.2941890703e-01 4.1804826738e-03 1.6254665561e-01 -5.1206166945e-02 1.4548880550e-01 9.7611309110e-02 2.7537897596e-02 -1.4398646942e-01 -1.7342053103e-01 -6.3054630332e-01 -7.2594190264e-02 9.0858108775e-02 -3.1199040541e-01 -4.0241603923e-01 2.6139027203e-01 3.2345462321e-01 2.1136101679e-01 -1.5138433733e-01 -3.6658032058e-02 1.2238836860e-01 2.2065412953e-01 -5.8412619013e-02 -1.1256646697e-01 -1.3351185895e-01 -2.2919324034e-02 -2.1080099955e-01 -8.5531236389e-02 5.1390033379e-02 9.6525755521e-02 1.6503780851e-01 -9.9002888015e-02
1.2888466900e-01 9.4807197990e-02 3.0215274882e-01 3.5431005748e-01 3.3934794646e-01 -1.9040619147e-01 2.1544998527e-02 2.1708777374e-01 -3.2026852201e-01 -1.1723429386e-01 -2.0622884739e-01 8.8799486674e-02 4.8811900502e-03 -7.7672121234e-02 1.2744626402e-01 9.7362453716e-02 -1.3836595967e-01 -2.9796454644e-02 1.7275673163e-01 2.1794876188e-02 1.2475435999e-01 7.9842555778e-02 -2.8917572702e-02 -1.5827448720e-02 -2.4817541984e-01 -3.8097174146e-02 1.1024300864e-01 9.5471403371e-03 4.5364857440e-02 2.6767273178e-01 -3.1541043141e-01 1.4587499127e-01
6.5003229568e-02 -3.4074279911e-01 1.7987102739e-01 -1.0396586310e-01 4.5638163379e-01 1.2201800006e-01 -2.5659819174e-01 1.5353251977e-01 -1.3866883404e-02 -7.4718021015e-02 3.9304208345e-02 2.3022084237e-03 -3.7776032485e-01 -5.5615982141e-03 -1.9293544797e-02 6.0132840528e-02 -1.0411148714e-02 1.3211535990e-01 -1.2254666781e-01 -2.4897340219e-01 -1.3883295685e-01 3.8004415452e-02 -1.1883131520e-01 -3.5291783941e-01 1.5255926079e-02 8.6049317382e-02 -2.8040500835e-01 4.7649762286e-02 3.6423878139e-01 -4.5534790130e-02 2.0989301249e-02 -3.2044147284e-01
1.8283385061e-01 -2.8245145116e-01 1.7415384140e-01 -2.9120911775e-01 7.9675802207e-02 -1.0368753022e-01 -6.1168965920e-02 1.7773318629e-01 6.9276492911e-02 4.7029238525e-02 2.5570349004e-02 9.6249391899e-02 1.0445769408e-01 4.4019676959e-01 -4.7359036305e-02 4.9156807100e-03 6.0655493573e-02 -1.5115171141e-01 3.7895491653e-04 -3.1533487288e-04 -3.7173128832e-02 2.0727456536e-01 2.1084740026e-02 -2.2028512406e-01 8.4895238703e-02 -1.4180477591e-01 -5.3325375233e-01 8.8407872832e-03 -3.1742686369e-01 -1.9850705153e-01 -4.8097980505e-02 -1.2237069186e-02
-3.5875539811e-01 -1.8949010355e-01 -4.0076251944e-02 3.8351147665e-02 -1.1202173604e-01 -2.4675961036e-01 -1.1697790697e-01 -1.0476683423e-01 -8.1963345624e-02 8.7635402695e-02 9.5372221112e-02 6.6499530523e-02 2.7241406109e-01 -1.0301015062e-01 3.1282012981e-01 2.8453811801e-01 9.0205316943e-02 -7.6205804788e-02 -3.7125805948e-02 2.7501584602e-01 1.6087881689e-01 -2.9708027468e-01 4.4610359738e-02 2.7852393371e-01 3.8660069926e-02 1.2183671065e-01 -2.2166343867e-02 1.5530715960e-01 6.4717552548e-02 1.6510835047e-02 9.9363181316e-02 2.1393299219e-01
-5.2305830270e-02 2.8629641627e-01 -5.8976954995e-02 -1.5867756493e-01 -6.1968411626e-02 3.9135481800e-01 -1.9864198731e-02 -8.5130922351e-02 1.6753852668e-01 3.7288382173e-02 3.1407601882e-01 7.8048228752e-02 3.3419463127e-02 2.6554211922e-01 -2.8600085433e-02 -3.7182092042e-02 2.3757920122e-03 1.9128710450e-01 1.3372470035e-01 -1.9725994910e-01 1.3340784351e-01 -4.3113728320e-01 6.2681933189e-02 -6.3882022412e-02 2.2432566970e-03 -4.5693173662e-02 8.4993106106e-02 1.5720168022e-01 2.7784558366e-01 1.0018374873e-02 1.1659713106e-01 -5.6025158478e-02
2.4008078734e-02 1.7466088191e-01 6.5556400727e-02 -4.1373728645e-02 5.4053141736e-02 -4.2134230905e-01 5.0038760141e-01 2.0370535664e-02 9.7584287870e-02 2.6323158395e-02 2.7807973406e-01 8.4703151274e-02 1.7664273110e-01 -1.3092033376e-01 1.3028640092e-01 1.6949926868e-02 2.3180102471e-01 -2.9375049493e-01 -7.3124341730e-02 3.3795334929e-01 -2.4156159580e-02 -2.6061955942e-02 2.2090333784e-01 8.9930996370e-03 9.7570535985e-02 4.4621213998e-02 -3.6011679273e-01 1.4344328421e-01 8.8830758744e-02 1.0706379195e-01 -3.9980396818e-01 -3.2693536967e-01
3.2812536291e-02 1.9101812583e-01 3.1787243113e-01 2.8140174504e-01 3.0882262726e-01 1.7305427338e-01 1.3006949630e-01 1.7380189825e-01 2.7558406566e-01 -7.5743390801e-02 1.3231122167e-01 -1.1213780391e-01 1.2474109398e-01 -1.3325461275e-01 4.7887593753e-02 1.4720270379e-01 4.4790255170e-01 -2.2016432751e-01 -4.3392319287e-02 -9.0445620041e-02 -5.0190463422e-03 -2.3054049351e-01 -3.7108193412e-01 1.0920227319e-01 -1.2556747751e-01 -7.9452833195e-02 8.3632162903e-02 5.3507754634e-03 -8.0543862457e-02 2.3595537335e-01 1.6674676527e-01 -2.8069987230e-02
-2.5995716356e-01 -8.8588080071e-02 -2.8015824648e-02 2.8180840982e-01 -2.0121255017e-03 1.5949688043e-02 -9.5760846462e-02 -1.1086743149e-01 -3.5234327023e-01 1.1688507988e-01 1.7765119438e-01 -3.1479721601e-02 5.5325315692e-02 -4.8666223879e-02 -6.7794063197e-02 1.7837573093e-01 -1.2253044561e-02 -1.2874121423e-01 3.2496490265e-02 -2.7880809313e-02 -4.6060873877e-02 -1.6885747365e-01 -2.8541624191e-01 2.9833682608e-01 3.1998471944e-01 -6.3546197368e-02 8.5521130109e-02 -6.3840258831e-02 2.7276504181e-01 8.7111626243e-03 -9.7031602379e-03 7.4095385130e-02
-4.0050147869e-02 7.4211577904e-02 -1.1952691186e-01 1.5631684759e-01 2.1575425507e-02 2.1645919166e-01 -1.2880679364e-01 2.2850786379e-01 -1.1377725700e-01 -1.5005310430e-01 -6.4310965256e-02 -6.1041460760e-02 1.3899393932e-01 2.2589705352e-01 -2.2909252633e-01 3.2398625832e-01 -1.5423981155e-01 1.1350564057e-02 -2.0453930320e-01 -2.1296794903e-01 -1.0880486524e-02 2.2033055870e-01 5.3698301515e-02 6.8375745864e-02 5.3171440369e-02 -4.0975471885e-01 -1.9181266145e-01 -9.9962990980e-02 1.0882323382e-01 6.8998581259e-02 -4.5689180981e-02 1.5778054392e-01
-9.2332886981e-02 -1.0847550383e-01 6.2434229654e-02 -2.0321715334e-01 -6.9696783884e-02 -4.9663047746e-01 -6.2137101423e-02 -2.2424300739e-01 1.4951760305e-02 4.1977921352e-01 -7.1278685600e-02 3.4646831656e-02 5.8370676317e-02 2.3186434463e-02 -1.4319324235e-01 -4.2640142058e-02 1.7474286485e-01 -4.7902538543e-01 1.8439903949e-02 8.4944643090e-02 1.4991542071e-01 4.6520063124e-02 -4.4100498439e-02 1.4383922659e-01 4.4033387717e-02 4.0032243523e-01 2.4250944431e-01 -7.0828485590e-02 1.4152478666e-01 -1.2722006446e-01 -2.3560535608e-01 -1.2529570460e-01
-2.9990494574e-02 -2.8966528745e-01 -4.2348700256e-02 -3.6932199205e-02 -3.2968812982e-02 1.5317641092e-01 1.7732912984e-01 5.8202779423e-04 3.0171175352e-02 -8.4232906380e-03 3.2581715480e-02 4.4790355051e-01 -1.0055732518e-01 1.6215883155e-01 1.0263422529e-01 1.9490759017e-01 -4.6141554625e-01 -6.4025506142e-02 4.0122177599e-01 -8.3753814160e-02 5.8255062931e-02 7.1008374093e-02 -1.2699427220e-01 3.4657638676e-01 7.9095974412e-02 3.5675749211e-01 7.1612054568e-02 -1.1089959637e-01 1.5720471481e-01 -1.0594269089e-01 1.6487251856e-01 2.2109336158e-01
9.7830680902e-03 1.7416524436e-01 3.1307207494e-01 5.8176739376e-02 -2.0069807206e-01 7.1672530591e-02 -7.7308917587e-02 7.9734735010e-02 3.8343501313e-01 -6.6860789899e-02 -4.0659119367e-02 -1.5818391832e-01 -1.9347033504e-01 2.7169920581e-01 7.1566282938e-02 1.0066500077e-01 -4.1479222430e-02 -6.8233260547e-03 -1.1532454272e-02 5.7908555269e-02 8.8543843719e-02 8.9100216478e-02 2.8940463078e-01 -4.9042760244e-02 1.3172567718e-01 3.1067301067e-01 -2.1211266715e-01 2.8242725676e-01 1.6731455154e-01 5.6640688713e-02 1.0398981947e-01 -7.7790184080e-03
2.3807347378e-01 1.1825400961e-01 -3.0282136956e-01 8.3635352150e-02 2.4932044388e-01 -5.3216018265e-03 -2.3260099435e-01 -1.6333032980e-01 -1.4350514391e-01 -2.0101776960e-01 1.4622926562e-01 4.1628053179e-02 -1.0335359517e-02 1.6860882495e-01 2.6918151903e-01 2.2131473751e-02 -3.5324479865e-02 -6.7272570704e-02 -2.8828210562e-02 8.2667821107e-04 -3.3108033261e-02 1.6570728417e-01 -5.3621076696e-03 5.2339358192e-02 1.5151438773e-01 2.0695618037e-01 -1.6781083542e-02 -1.0589673855e-01 9.6994275351e-02 -6.0815383171e-02 3.6895352202e-02 -7.5039180172e-02
-2.2407338915e-01 -2.1227159923e-01 6.6710748136e-02 -2.4044736258e-01 -2.0088869227e-01 -2.9067824092e-02 3.4670566023e-02 -3.1860251131e-01 2.2940108067e-01 -2.4207335475e-01 -7.0881727697e-02 4.5136143506e-02 1.4600024385e-01 -9.8828387203e-02 -1.9015141437e-01 1.8144895727e-01 9.8284909085e-02 2.9916016412e-01 -1.5579259029e-01 1.2479246235e-01 -9.7281016744e-02 1.5299379991e-02 -1.8809706226e-01 -4.2175120295e-02 8.1584083581e-02 1.3095659632e-01 -1.5430854367e-01 -5.4309195082e-02 1.3950977042e-01 2.1670774003e-02 -3.3947729291e-01 5.5996746397e-02
-1.1128732501e-01 1.6625092562e-01 7.3083357647e-02 3.5596761313e-01 -1.0943475435e-01 2.0258143448e-02 -2.9317888807e-01 3.1978596039e-01 2.8504875913e-01 3.2035704970e-02 4.7269745875e-02 -4.1521414291e-03 8.5239004652e-02 -1.9430034455e-02 -4.5200592358e-02 -2.7175198823e-02 -1.1369366000e-01 -1.9695974418e-01 -2.9128206835e-01 1.2199437616e-01 7.6150402937e-02 1.1681705126e-02 1.1237186944e-01 -1.9661536824e-02 1.5425506664e-01 2.1691347783e-01 -6.3416775314e-02 8.0423878289e-02 -1.6048682145e-01 3.4860379848e-02 2.8645540331e-01 -1.6561086106e-02
1.6742463028e-01 5.4067647486e-02 4.8101414786e-02 1.8999064674e-01 1.8289141052e-01 -1.6268010348e-01 -2.1204650733e-01 2.3420362495e-02 2.1822941314e-01 -3.7490609810e-02 -1.9933370655e-01 4.7183508873e-03 3.9816354364e-02 2.3129518213e-01 -1.1298000187e-02 5.3156767386e-02 9.6498383069e-02 -2.5896291382e-01 4.9589574376e-02 4.8231042006e-01 -9.2062171638e-02 6.7183357331e-02 -4.0791919006e-01 -1.1820749745e-01 1.2743105437e-01 -8.0149714976e-02 2.1805562234e-02 2.0159274967e-01 4.7691925093e-02 -1.6570176323e-02 -1.3217660610e-01 7.3016583795e-02
