4.2264794415e-01 1.7831869087e-01 -2.4017375862e-01 6.0885054704e-03 1.9553184724e-01 -4.2056302026e-01 1.1215506115e-01 -2.9418879638e-01 -2.3892104937e-01 2.7807933171e-04 -5.4492542602e-01 -1.9493074999e-01 3.6037977103e-02 4.5423924508e-01 1.7949282676e-01 4.2501213396e-02
-6.1861677917e-02 -3.0654486518e-01 2.2976482587e-01 -2.8508768113e-01 -8.6797973509e-02 8.0725099730e-03 1.2553380720e-02 2.5640459088e-01 1.3875129498e-01 -5.9123958957e-01 -8.1348586891e-02 -3.4104958727e-02 1.0356830659e-01 -1.6630064478e-02 -2.3771385696e-02 3.0573108742e-01
3.7872188641e-01 -2.9153378657e-01 -3.1268973471e-01 -6.3429701149e-02 6.1067253293e-01 1.0145603452e-01 -3.2039832608e-02 1.2915867523e-01 -1.3874063930e-01 -3.8063673649e-01 3.8991483597e-02 -1.5476220819e-02 -3.6199707861e-01 4.7240638342e-02 2.1552530221e-01 -3.7970144993e-02
-1.9424384057e-01 2.2483250550e-01 -3.9418638649e-02 -4.4091226975e-01 -1.5300933036e-01 6.7666846726e-02 8.1447151876e-02 -4.5959361215e-02 9.9249331153e-02 1.9272603700e-01 -1.8935021000e-01 -1.8847601397e-02 1.2219881974e-01 -9.7623898401e-02 3.6101733331e-01 -1.5985533018e-01
-3.2575490586e-02 -3.9810107023e-02 -1.2107428064e-01 1.2935297300e-01 1.0842549216e-01 -1.1478642741e-01 -2.3126670260e-01 -2.8857395184e-01 -2.2522224817e-01 2.3128562955e-01 -1.7771061300e-01 4.9398469191e-02 5.7623628284e-02 1.1103047415e-01 8.1285973986e-01 -3.4349653070e-01
7.9454598077e-03 -8.7616244099e-02 2.1878591819e-01 1.3621390064e-01 3.8241612496e-01 5.6324557411e-01 5.9668472940e-02 -2.7941662413e-01 2.1983894862e-01 -2.6318226595e-01 5.1730702487e-01 -8.0621069347e-03 2.1424274506e-01 8.2945194068e-02 -5.9041967230e-02 -2.8924302153e-01
-1.1485205390e-01 1.0479846579e-01 -9.8842065774e-03 -1.5360101939e-01 5.9114186633e-02 2.7283061335e-01 6.3681286085e-01 2.5337384718e-01 1.6469984701e-01 1.1230715905e-01 -5.8560639783e-01 -1.9044375676e-01 1.5958115755e-01 -1.8393198640e-01 3.4514640406e-01 -1.2620748686e-01
-3.9514480226e-01 -9.7566537602e-03 3.7905739209e-01 -2.2083054487e-02 3.2640694023e-01 8.8510311397e-02 7.9945923072e-01 1.5160558671e-01 -3.2493675470e-01 -6.6388022968e-02 -2.5188244735e-01 -1.0577331356e-01 -4.2630296808e-01 -1.7549827790e-01 5.3824072529e-02 -5.5815871331e-02
-2.6172878549e-01 3.2949065503e-01 2.1759088742e-01 -1.8137826142e-02 3.3709532265e-01 -3.4648261246e-01 5.7257746626e-01 -1.0477608696e-01 3.6856158008e-01 1.6101211138e-01 -1.3902302561e-01 1.3043501228e-01 3.0521265556e-01 -3.0449413378e-01 1.9481006952e-01 -4.5280966755e-01
4.6029240432e-02 8.1767752608e-02 -3.7739648332e-01 -1.6960662216e-01 -3.2443522102e-01 5.7703314401e-01 -1.2516374553e-01 1.8245382083e-01 -2.7320196791e-01 5.1326005246e-02 2.2143195050e-01 -1.3225071690e-01 1.6113519107e-01 -3.2135700421e-02 -3.9901539016e-01 -2.0291158570e-01
-3.3471160505e-01 -2.6778941062e-01 3.5870878613e-01 -1.7057796929e-01 1.4672720069e-01 4.9799577748e-01 5.7844562442e-01 4.8317974881e-01 1.5004741985e-01 2.4792164259e-01 1.3754959516e-01 -6.1740544680e-01 -3.5432670433e-02 -2.9551778616e-01 4.0334619545e-01 1.6084661117e-01
-2.3535728724e-01 2.7789176006e-01 2.2414478347e-01 -1.2791072784e-01 4.8564102990e-01 2.6044750852e-01 1.0521539797e-01 6.9437487257e-02 -4.8433938352e-02 -5.3271552482e-02 -3.5654408701e-01 -1.0371038682e-01 2.2848113931e-02 -1.1630116384e-01 -8.2179621143e-02 1.1755924571e-01
1.7097030789e-01 -3.2612999110e-01 -4.4997389467e-01 1.5582621224e-01 -1.7354267199e-01 2.5545987847e-01 1.8512963629e-01 1.7322814269e-01 -2.4351284715e-01 3.3085269958e-02 -5.4609955165e-01 -2.6243860349e-01 -1.5728685127e-01 1.1299989453e-01 2.8651888641e-01 5.2748702084e-02
-2.2938333314e-01 -9.8917795121e-03 -1.8869458521e-01 -2.6262597614e-01 -7.4654637041e-01 3.2092801178e-01 3.2056645763e-01 -1.3215144277e-01 -3.6612619550e-01 4.2586855175e-01 2.1101910035e-01 9.7532238487e-02 -1.7648563770e-01 6.2982883621e-02 -1.1941403243e-01 1.0571487735e-01
7.5815180490e-02 -4.6413576669e-01 2.5366708476e-01 1.2861999729e-01 2.1435066262e-01 -8.2172778158e-02 -9.9475303069e-02 -7.2699635243e-02 1.8597161994e-02 1.0838589407e-01 -9.1239675468e-02 -6.1854434014e-01 -6.4405816352e-02 -2.8281803713e-01 3.8868472741e-01 -3.9816466617e-01
1.7366434980e-01 3.1765723069e-01 -4.1261897537e-01 -2.2752110597e-01 1.6883776368e-01 -1.8042563999e-01 9.1701072200e-02 -2.9680818863e-01 -8.8698023242e-02 2.0114294688e-01 9.9103068245e-02 -2.3475239172e-01 2.6128883627e-01 -1.4413736368e-02 -3.5790777810e-01 -3.8171102619e-03
