3.8768268977e-01
3.3840681388e-01
-3.8308405429e-01
9.7536991756e-01
2.4312994695e-01
1.1357412049e+00
-4.3040229570e-01
1.1785695014e-01
8.3953596514e-01
-1.8196439922e+00
-3.9150029776e-02
-1.2743902245e-01
-3.8227289309e-01
5.3979179367e-01
-1.2348031096e+00
-8.2654126756e-01
2.9387333109e-01
-1.1022727939e+00
-1.1564781965e+00
9.8852333712e-01
1.2129191400e+00
-1.2765033736e+00
-1.1436837103e+00
-2.1834052772e+00
3.6912501528e-01
1.2542673824e-01
-1.7770571651e+00
-2.3060041279e+00
1.4584746185e+00
-9.0861016417e-01
9.6726184996e-01
1.6331796559e+00
