1.5080398282e-01 7.0798393424e-02 -8.5162939239e-02 -1.5337002302e-01 -2.7116236807e-01 4.2659576066e-01 -4.3766226105e-01 -1.8956314038e-01 3.4064275994e-01 1.2055500698e-01 1.3393626670e-01 -7.5069418226e-02 2.2627847592e-01 -2.1723567556e-01 8.7706916282e-02 3.6706251572e-01 1.8769557994e-01 -3.2822743228e-03 -9.6951181402e-02 1.1280503897e-01 7.1878702719e-03 -3.1386428778e-02 -9.1232563430e-02 -3.3837343931e-02
2.5753143152e-02 2.3273905341e-01 -3.9737293658e-02 -2.2472165988e-03 -4.6204395160e-03 3.3064844682e-01 -4.0746833374e-01 5.7111076455e-02 -4.2008108371e-02 -3.1658149443e-01 8.3040506732e-02 -1.3719427614e-01 -7.0843480821e-02 2.6835142953e-01 1.3102427010e-01 -1.7906657418e-01 3.4797068266e-01 1.4622346294e-01 2.3499709728e-01 -4.6320360132e-02 -6.2900064860e-02 -8.3066358594e-02 -2.0256668323e-01 2.1612059052e-02
-2.6124992667e-02 2.9152601613e-01 7.5335556549e-02 1.6182213768e-01 9.4302332823e-02 -2.8901354582e-01 4.4197237814e-01 2.4005262603e-01 -4.3221601144e-01 6.3078186972e-02 1.8010135404e-03 -1.5825337428e-01 2.3701086381e-02 1.3789313250e-01 -2.4614688455e-01 -6.4586394652e-03 3.3141272955e-01 -2.8058109387e-02 2.4808050069e-01 -1.9244308785e-01 8.6308901805e-02 -1.7398581517e-01 2.9211412196e-01 -1.6779150807e-01
1.5839975786e-01 -1.0518528355e-01 -1.4666244342e-01 1.8443073461e-01 -7.6502092322e-02 7.1328432244e-02 -8.4526589446e-02 2.7805410179e-01 -1.3220112410e-01 -2.8706242704e-01 7.5825839829e-02 3.8097306469e-02 -2.2802114839e-01 -1.6367668441e-01 -5.1882353477e-02 -4.4208272537e-02 -2.8769861089e-01 2.1958285888e-01 2.1884982804e-03 1.0317850966e-01 -4.0427210311e-01 5.7311657148e-02 7.3833692239e-03 -9.1202641496e-02
-3.3695704240e-02 -8.0061626049e-03 -2.3414968735e-01 7.6795784818e-02 1.6211419988e-02 -4.2637738355e-02 -4.5215347336e-01 2.7971687928e-01 2.5772089973e-01 -9.5029018860e-02 -4.2315520906e-01 1.0085040356e-01 -2.1989144484e-01 -4.2696107700e-01 -6.6740350530e-02 5.6727667203e-02 -1.6723105241e-01 -5.1483337008e-02 4.0640514717e-01 -1.1786885960e-01 -1.0296628057e-01 1.6120407688e-01 -1.3420167474e-03 -2.4013806566e-02
-1.7425500682e-01 1.1395183541e-01 -1.9704881407e-02 -2.7692067347e-01 1.7759654868e-01 -2.8629147867e-01 -1.6064849069e-01 9.3331678202e-02 7.1177609474e-02 4.1612150027e-02 2.9423948151e-01 1.3073898028e-01 3.3534145311e-01 -6.3296589967e-02 5.9106439768e-02 1.0595436911e-01 -2.7499511718e-01 -6.5850870164e-02 -5.8578376530e-02 3.4076929903e-02 -4.3082704308e-02 5.6487403747e-02 7.5492085270e-02 -1.4020389563e-01
-3.4988612977e-03 1.4374527227e-01 2.1794159416e-02 2.7919875986e-01 3.9099980957e-01 3.3522880461e-01 -2.6101918112e-01 3.0150171926e-01 -2.3058111296e-01 1.4839202103e-01 -3.6563976262e-02 -3.7994089885e-01 1.1649991268e-01 2.0787338971e-01 3.8420485143e-02 1.5623959332e-01 -1.1716412785e-01 7.1371375237e-02 9.2438884836e-02 2.9107440128e-01 1.8769722914e-01 6.7594919910e-02 5.4639288688e-02 1.3563597136e-01
-1.0534268715e-02 1.7948175902e-02 -4.2111404409e-02 4.9442408115e-01 3.5034291866e-01 3.4283107349e-02 -5.0662360600e-02 -2.6971473060e-01 4.5371716372e-02 -1.2145978468e-01 3.9322306189e-02 3.1585428327e-01 -4.7735405183e-02 -1.0424194129e-01 1.4061700259e-02 1.0302016967e-01 -5.7230765884e-03 -7.3226926078e-03 1.6764605942e-01 3.0576295556e-01 -3.4347189055e-01 -2.9646365439e-01 2.3869989299e-02 1.1773162962e-01
-1.7508463670e-01 9.4998686020e-03 3.7245725513e-01 -3.1008384809e-01 1.7553253060e-01 1.3681669758e-01 2.1558022845e-01 2.4201135684e-01 1.4999479633e-01 -2.4312504353e-01 3.3093077485e-01 2.2205269021e-01 -1.7711699591e-01 -5.8140681028e-02 2.1139278231e-01 -2.1873222161e-01 1.2567854255e-01 8.7753971182e-02 -1.6010302243e-01 5.6053818398e-02 1.6008273682e-01 6.3280833986e-02 -2.7862863160e-01 -1.2922103854e-01
-5.8060044025e-02 -3.6567803540e-01 -1.7477771720e-01 1.5136005125e-01 -2.7019475017e-01 -4.0502551724e-02 2.7532658830e-01 -8.1487439129e-02 -5.6399305013e-02 7.4013469758e-02 -1.2187806769e-01 3.0740747804e-01 1.7023898856e-01 2.1437618094e-01 3.9768527301e-01 1.9380866178e-02 1.0988739192e-01 -3.3224840162e-02 2.8266681975e-01 -6.1423798364e-02 -5.1942316023e-02 -2.5507166671e-01 9.9719391266e-02 -4.9086330320e-02
5.4382411378e-01 8.0003820061e-02 -2.6903065713e-01 2.8324895218e-02 -1.0716969391e-01 3.3761973914e-01 -3.3438413287e-02 2.5527083408e-02 1.2111192788e-01 -2.1370959341e-01 7.9722653664e-02 4.7705979167e-02 -2.1943887617e-01 -3.1306111485e-01 -2.0187778219e-01 -1.2229611303e-02 2.0044878113e-01 -2.0172713178e-01 3.7442369632e-01 -9.5062338549e-04 -3.7033097370e-02 7.0858662816e-02 -8.1824716440e-02 1.6572154063e-02
7.7005014137e-02 1.0306951737e-02 3.8453055168e-02 1.9642110287e-01 2.7674134612e-01 9.4408498586e-02 -8.1240485530e-02 4.1443284327e-01 1.5022926140e-01 3.7932056069e-01 -8.3987770360e-02 2.3883875096e-02 2.2107322082e-01 8.6190068392e-03 2.8386518569e-01 -1.3224297448e-01 -2.8647334447e-01 -1.2682738514e-01 1.1767343621e-01 4.0899917791e-01 8.6006256435e-02 -1.1287642379e-02 3.6047583480e-01 -2.5794829024e-01
-3.7317394689e-01 -2.5659155046e-02 -1.0084387647e-01 -3.2616966600e-01 -1.2768597602e-01 -1.9000369952e-01 1.5064522028e-01 1.2207797571e-01 4.4452683799e-02 -1.3503093037e-01 9.3086314588e-02 2.6517030658e-01 3.5129566043e-02 -6.4794420830e-03 -2.0655171169e-01 2.3124553759e-01 8.2065348734e-02 3.0569228818e-02 3.3907624692e-03 -3.0573363797e-02 7.8342253559e-02 1.0591085642e-01 -6.3721979366e-02 9.6140114405e-02
-2.6801278238e-02 2.9820107263e-01 8.3076608636e-02 3.3867826611e-02 1.4609701420e-02 -1.6240581838e-01 3.3337913638e-02 -9.9476177832e-02 -1.1090134609e-01 4.9680280444e-02 3.4102518815e-03 5.2452278002e-02 -7.1311544798e-02 4.7324113496e-01 2.7576891595e-01 -2.2218140242e-01 8.5866371740e-02 1.6347023486e-03 -2.0146721734e-01 -1.7254793206e-02 1.8051601619e-02 2.3641965601e-01 -2.6609483053e-01 1.6565508057e-02
2.5058050163e-01 9.2216124245e-02 -7.1098102053e-02 1.3547250568e-01 -1.4252021908e-01 2.7188863718e-01 -3.5009505484e-01 -5.0766785484e-02 -2.5878270588e-01 5.8163909297e-02 3.2974443675e-01 1.1799627848e-01 2.0770276585e-01 3.8036515006e-01 2.3280813319e-01 -7.9027693714e-02 1.3258663275e-01 -5.5223056883e-03 -1.9101288712e-01 1.7319620332e-01 -1.9199239491e-01 5.6485068263e-02 -2.8418865053e-02 -7.3391188190e-02
3.5108476687e-01 -1.0929711907e-01 -1.1095584469e-01 2.3949909278e-01 -1.1669527939e-01 -5.0798400916e-01 -2.2176997239e-02 -1.8123109460e-03 1.1758632208e-02 1.2929956349e-01 -2.6337324063e-01 -1.6290734997e-01 1.9558885456e-01 2.5414088291e-02 9.0006400286e-02 3.8631549387e-01 1.8113425949e-01 -1.5789170796e-01 -1.6108917339e-01 4.6615664913e-02 -1.2377473137e-01 -9.3827348927e-02 -1.1857747351e-01 2.6801995972e-01
1.3193497137e-01 -4.4554621847e-01 -1.9705071608e-01 -1.5556348441e-01 6.2661186501e-02 6.7855178331e-05 -3.0555853497e-01 6.8066493466e-02 5.3015499417e-01 -7.3678434629e-02 1.2715643766e-02 -3.0121044104e-01 -1.3860168224e-01 -3.2107722381e-01 -1.5158164873e-01 -1.7116954737e-01 -3.8823808381e-01 1.3888275340e-03 -3.0406585015e-01 2.4990855701e-01 -4.0277010310e-02 -1.2828416628e-01 3.1000507991e-01 2.7464133363e-01
4.5857641586e-01 -7.1972807766e-02 -1.9986015569e-02 3.0185930584e-01 -5.0137928139e-01 2.0403099979e-01 2.6635153597e-01 -4.3647103406e-02 -1.3411410210e-01 1.7725327184e-01 -9.0104025340e-02 1.0982250114e-01 2.0848433348e-01 3.3004631109e-01 1.7955390380e-01 1.3973349573e-02 4.2035117502e-02 6.8743498968e-02 4.1274421338e-02 4.5455190037e-02 1.6135477525e-01 9.8672747941e-02 -6.6287343200e-02 -1.3379559144e-01
-1.0556694447e-01 2.1638547189e-01 8.8358810184e-02 9.7670510881e-02 -2.8238868368e-02 -8.1657559964e-02 -7.9479688836e-02 -1.5999105269e-01 -1.9251140052e-01 3.1528215111e-02 7.1578813897e-02 -3.5307206202e-02 -2.3613445540e-01 -1.4936248725e-01 2.0856950645e-01 2.6622919469e-01 -3.3331989450e-02 1.1909487062e-01 -3.8059685252e-03 -1.4874234969e-03 -1.1456389197e-01 2.3430521047e-01 -2.8574632851e-01 -2.9331272822e-01
-2.7728801357e-01 -1.6377928406e-01 -5.0116868584e-02 2.5284393454e-01 -5.8569483016e-02 -4.0177521623e-01 9.4818625202e-02 1.3072396042e-01 1.8545459098e-01 7.9293906903e-02 -5.2990680530e-02 5.3977002177e-02 -2.8014073326e-02 1.2204593248e-01 -6.9148440339e-02 2.2131195323e-02 -4.4446424763e-02 2.3757026975e-01 3.2308323185e-01 -3.6802534369e-01 -1.7306738214e-01 -2.1097877522e-01 -5.1271756768e-02 -8.0133101452e-02
-2.6014635147e-01 -6.7896678638e-02 -5.0777206982e-01 2.1870040025e-01 9.8015903042e-02 1.4288522530e-01 2.3144559509e-01 -2.0798280229e-01 1.6590183645e-01 2.3215089419e-02 1.6319661826e-02 -4.8283661098e-01 1.3214930715e-01 1.7787017401e-01 -6.8442361386e-02 1.9940606573e-03 -1.4139068553e-01 -3.5612935768e-01 1.9626510762e-01 -4.3409931292e-02 2.1261281328e-03 -1.5709297874e-01 -1.7398738699e-02 2.7283836332e-01
1.3423174210e-01 7.6472572011e-02 1.7002753857e-02 -2.1409909505e-01 7.4113155965e-02 2.1433859049e-01 -5.6512018599e-02 2.4707766451e-01 2.4053308570e-01 -2.1794876398e-01 3.2858579605e-01 -2.7952484801e-02 -4.3895172384e-03 -1.7253815354e-01 -2.5741616350e-01 -1.2024973641e-01 1.8630981530e-01 -8.0743157006e-02 1.2528372609e-01 1.6616785081e-01 1.5820033877e-01 2.2656521694e-01 5.3673657147e-02 -3.5131266677e-01
-1.8848042380e-01 5.6056636596e-02 4.4930844467e-02 1.1825112680e-01 1.9048982546e-01 7.8252893778e-02 -7.3099269316e-02 -8.7947851974e-02 -2.4473472165e-01 1.9222935233e-01 8.7388114012e-02 1.6079886016e-01 1.0925618763e-01 3.4991692879e-01 -3.4763607968e-01 -1.6958716789e-01 -6.1038904916e-03 3.9070170078e-01 -4.4630843149e-02 1.9450246227e-02 -1.0644700897e-02 -8.2548439500e-02 1.7826856655e-01 2.3257659727e-01
-6.7121549413e-02 2.7857373961e-02 -8.5127737568e-02 1.3593394717e-01 -1.1393359447e-01 -8.7382466153e-02 -5.9250930752e-02 -8.9544362352e-03 -1.7142263609e-01 -1.7304185563e-01 5.1388881396e-02 3.1612044207e-01 -1.8541197784e-01 -7.6532173902e-02 1.1052153885e-01 -2.6357675180e-01 3.6817540858e-02 -2.4492001789e-02 -3.3298635693e-02 -7.5507114832e-04 -1.3504075067e-01 3.1492475186e-01 -1.5709471287e-01 -1.0317655567e-01
