-2.1535714754e-01 2.1600605304e-02 -1.3597445922e-01 -1.1517313931e-01 -1.3364287788e-01 2.5743881120e-01 -2.0098501534e-01 -1.2629230432e-01 2.1649708903e-01 7.4301339024e-02 -1.2891732110e-01 -2.2425339366e-01 -2.8268871354e-01 -4.9695637422e-02 3.0670377827e-01 -1.7590490726e-01 -1.3758330581e-01 -7.5974973921e-02 5.4525525289e-02 3.1125586686e-01 2.3146747599e-01 1.6312361223e-01 -1.1817302305e-01 -8.8906036520e-02 1.3142349533e-01 1.5224925290e-02 -1.4021522691e-03 -2.1901088251e-01 -2.0316359270e-01 -1.3743211914e-01 -3.4413179396e-01 -2.4194236610e-02
-4.4345560254e-02 1.6740971453e-01 1.1824043629e-01 -2.0634101759e-01 -2.2856014872e-01 1.5233898973e-01 7.7642510654e-02 1.4389563179e-01 5.9099247916e-02 5.4416148102e-03 -3.5291402372e-02 8.1370299061e-02 -1.0625178687e-01 1.3125955894e-01 1.1497510776e-02 4.2019299004e-02 1.5912395734e-01 -8.4581758902e-02 -4.3772833628e-01 -1.2256918137e-01 -5.0511508240e-02 3.1045015550e-01 -4.2451996927e-01 -9.5081024948e-02 1.3057041739e-01 -9.6591483506e-02 1.9546298830e-01 5.8667729318e-02 1.5988576252e-01 -6.4146083450e-02 2.9363586859e-01 -5.9228699283e-03
1.3078379997e-01 -1.0657247819e-01 1.2144618720e-01 4.3641018630e-02 -9.5574528061e-02 2.1263710481e-02 1.3870416193e-01 -3.6312012147e-01 -1.2044566994e-01 -1.1291195306e-02 1.6741443912e-01 -2.0152460848e-01 7.4105539070e-02 -3.1179471790e-02 -7.2308914424e-02 -2.8916209696e-02 8.6995231524e-02 2.8675393308e-01 -4.7442444331e-03 8.7397956663e-02 2.7820461948e-02 1.2274643780e-01 2.2264485744e-01 -2.3647728036e-03 -3.1207746857e-02 3.3454137354e-03 -7.1593641188e-02 -1.3653236229e-01 9.2227751722e-02 1.9620618768e-01 -4.1839861396e-02 -3.6691227245e-02
2.6552654686e-01 4.9063593495e-01 -7.2093745245e-02 -7.3821171025e-02 5.6224580217e-02 8.2072361895e-02 7.2556189011e-02 -3.3243588598e-01 -1.7828463315e-01 8.2919256110e-02 -1.9394942533e-01 2.0965499949e-01 4.9891214842e-02 1.4975197775e-01 3.0581068534e-02 3.2041574807e-02 2.3871578734e-01 -1.1791579505e-01 7.0905301225e-02 1.7085510149e-01 5.6033166393e-02 4.1688164689e-02 1.0850227701e-01 -1.7364663204e-01 6.3298564864e-02 2.1107430705e-01 -8.7711620880e-02 3.7138353651e-01 2.3997754040e-02 1.2357111326e-01 -9.2817917098e-02 -1.6192619579e-01
-3.1711500223e-02 1.4844284946e-02 2.8378473215e-01 6.7278692130e-02 1.1906672834e-01 2.1287739613e-01 -5.6565142742e-04 9.3414413437e-03 -1.6864528582e-01 -1.2396045341e-01 -1.4183006242e-01 2.8876729167e-01 -9.9798852051e-02 1.9769238279e-03 -1.8192859229e-01 -1.4681849522e-01 -1.2208965358e-01 2.5865126066e-01 -2.6046592983e-02 7.3451107002e-03 1.0028134251e-01 -6.0537510013e-02 2.1627182140e-01 -9.8398018427e-03 4.1894559641e-02 1.2069166283e-01 2.2882780057e-01 -2.7349837465e-01 2.6090770817e-02 -4.4437322138e-02 -3.5843274498e-02 1.9855228816e-01
6.4356451537e-03 -2.0630867483e-01 -1.2586347031e-01 3.3490633532e-01 -4.0948645628e-02 1.8761002785e-01 5.9167484698e-02 2.0907753518e-01 9.2341280993e-03 -1.0695555899e-01 -1.6436625513e-01 -9.4082715167e-02 2.7165992820e-01 -5.7414878044e-02 6.8387576724e-02 -1.4164888610e-01 -2.6396728488e-02 -1.6715591329e-01 4.6757269680e-01 3.4448653610e-01 -7.4939124838e-02 9.9673146104e-02 -7.5825627236e-02 -8.9385790128e-02 -6.8753658687e-02 2.3138685691e-01 3.7151945781e-01 9.1527426453e-02 2.5585355619e-01 1.3229886306e-01 1.1333391709e-01 1.5676031795e-02
1.0396195050e-01 -3.4574561486e-01 -6.9826233464e-02 -5.3408974054e-02 3.5699132909e-02 3.0172914904e-03 9.3359351297e-02 1.4898631474e-01 -1.8032034138e-01 -3.0098590709e-01 5.1962976693e-02 -1.7931399110e-02 -3.2597877047e-01 1.3630043709e-01 -2.1321156870e-01 1.8027006374e-01 7.8476437149e-02 -1.4957042207e-01 -1.4531422880e-01 2.1925947866e-01 2.2782978116e-01 -3.3467439532e-01 -1.1534167478e-01 9.9600047339e-02 1.0241278831e-01 -2.4458720950e-01 -7.3687450479e-02 -9.6745925910e-02 3.3273409322e-01 6.0627738431e-02 8.7198078134e-02 -4.2611947968e-02
1.0558461537e-01 -1.0526482502e-01 1.7643000834e-01 -7.4332597206e-02 -5.6914120733e-02 1.9760703732e-01 1.9289200838e-02 2.8015153874e-01 9.1701772645e-02 4.3189927727e-01 -1.9245769360e-01 -1.2889289899e-01 -1.6453154880e-01 8.6090822683e-02 5.1103225851e-02 -1.5058062497e-01 -1.0534198133e-01 8.8365203848e-02 6.7878984073e-02 1.0574517620e-01 -4.5187447483e-01 2.2183679503e-01 -3.7277826742e-01 2.4853604937e-01 1.6720078173e-01 1.5663914215e-01 1.5239633827e-01 2.6971538214e-03 -8.4486915268e-04 -5.0036819545e-01 -1.2483212687e-01 -1.8775977122e-01
1.7714559047e-01 2.9255258530e-02 1.8934855060e-01 -1.1266739197e-01 -8.5946899189e-02 -9.1723626290e-02 1.6746918111e-02 3.1865171565e-01 4.1103349718e-02 1.6200579381e-01 -1.1758576139e-01 -2.3297782899e-02 2.3257075998e-01 2.6153070446e-01 1.1942194140e-01 2.7559443501e-01 2.9601812441e-01 2.8583840966e-01 4.6622391232e-02 -8.6043879383e-02 -2.2295254023e-01 -3.3470875253e-01 1.0794674196e-01 2.8384076651e-02 -7.2863631487e-03 -3.3240266795e-02 -8.8532627855e-02 1.0347093829e-01 1.3568948704e-02 -1.6009958409e-01 -1.3142335509e-01 -2.6740621775e-02
-2.9798405609e-01 6.2263265583e-02 -1.8023080317e-02 -1.7404231733e-01 -4.2926168681e-04 4.2649193225e-01 -1.1396347799e-01 -3.9625062417e-02 9.3031848273e-02 1.2151335926e-02 2.4255864127e-01 1.8893748488e-01 2.8368046123e-01 1.5588184865e-01 -2.1006532697e-01 -2.8250467401e-01 -1.3050369659e-02 -7.0212573559e-02 -6.6446496242e-02 2.7234599427e-02 6.6516117603e-02 8.1113573525e-02 2.2290273226e-01 -1.7680642862e-01 9.9876389669e-02 2.8932984767e-01 -1.8953009656e-01 2.4256896549e-02 1.4425107268e-01 3.1235096330e-01 3.0738035453e-01 1.7582140085e-01
2.6128114986e-01 -2.0072063491e-01 -8.5228924464e-02 2.0411177439e-02 3.4361027361e-02 -4.8992618593e-02 -5.2852857894e-02 2.8131078331e-01 -1.0251167580e-01 -6.9429913448e-02 1.0777423540e-01 4.3276325473e-02 6.8512391262e-03 3.3898699198e-01 -7.1945872624e-02 -2.9332932486e-01 6.4710874339e-02 2.1797955970e-02 -3.7634904777e-01 -9.3389949964e-02 -1.9403330824e-01 2.7055998924e-01 1.0502219797e-01 -2.4328914391e-01 1.1850352260e-01 8.3291699681e-02 -7.9819410320e-02 -3.2880558676e-01 3.6068278416e-02 -2.0989467440e-01 -4.0959070135e-02 6.9005658825e-02
2.3513521738e-01 1.3336109846e-01 9.2174221917e-02 2.2685457657e-03 -1.7955840674e-01 1.5350854187e-01 -4.9597363318e-02 -1.2460961571e-01 -8.5253190011e-02 1.8087743376e-01 8.0432153294e-02 6.9159213568e-02 3.2466934412e-02 -5.1729621085e-02 7.4534064796e-03 1.4957877019e-01 -2.4177736861e-01 -1.1516316066e-01 -1.9719902963e-02 1.3617636095e-01 5.7041430081e-02 1.8528085988e-01 -4.5541570253e-01 1.1658376249e-01 2.0942692732e-01 6.4114637726e-02 -8.5489634054e-02 -1.1179980202e-02 -5.7581392068e-02 -2.5559732679e-02 -5.3391634405e-03 -3.5458731714e-01
8.1861380746e-02 -2.8960210721e-01 -1.6823448546e-01 5.9647939419e-02 1.2521183020e-01 -4.6932255713e-02 1.2371016630e-01 1.4638118589e-01 -1.9456664495e-01 -2.5487022401e-02 2.9711455778e-01 -3.4735442554e-02 -1.1937764903e-01 -5.3491719407e-02 1.0607587250e-01 -2.0096199838e-01 -1.8648121850e-01 1.8772754808e-01 1.4298995390e-01 1.1413218587e-01 -1.6991950858e-01 1.2412245491e-01 -1.8973200589e-01 2.8034241601e-01 -2.3708548664e-01 1.6229577628e-01 -4.3391862357e-02 -2.0147570830e-01 3.4518925596e-01 -8.8168340711e-02 1.3977351119e-01 -4.1680879432e-01
8.4825797363e-03 1.7071993364e-01 -1.4660631554e-01 8.0933589917e-02 6.9017773804e-02 -7.2150298945e-02 -8.8541790438e-02 -1.8632476669e-02 2.5231789408e-01 1.4336329749e-01 1.7276106645e-02 6.2980226840e-02 -4.1649467292e-02 -1.2728217676e-01 5.4704356358e-02 1.8142741688e-02 -2.2802240648e-03 -1.1362926241e-01 -3.1251786955e-02 -2.9856472534e-02 2.0859999745e-01 -9.7873834383e-02 5.3714245642e-02 -2.3986081687e-01 2.1032710959e-01 1.3399154146e-01 -8.3624124024e-02 1.7042337054e-01 4.2113182982e-02 -1.5172586992e-01 2.1044099381e-01 1.9254428685e-01
1.2122337945e-02 -7.2787757253e-02 1.6343544539e-01 1.9865718644e-02 3.5277725788e-01 -3.1159878585e-01 -2.5636858622e-01 4.3457748500e-03 -3.2701676189e-01 4.6827437740e-02 -2.3825064387e-01 4.7665903868e-01 9.8238222837e-02 -1.0511940582e-01 -1.4431450720e-02 4.5130905580e-01 2.6727832592e-01 -7.4530088289e-03 -2.1522384136e-02 1.4131343806e-01 3.6278577696e-02 -3.0967754422e-02 2.1934730874e-01 8.8573079514e-02 -1.2701401001e-01 -9.0582254985e-02 -2.4401840148e-01 5.8059219369e-02 -3.0596029618e-02 -8.5970444068e-02 1.2748999302e-01 -2.6073869113e-01
2.1637671784e-01 2.1295916840e-01 3.0400078925e-01 -2.3652044186e-02 9.1267395921e-02 -2.0860366591e-01 -1.7347042904e-02 -1.9441403693e-01 1.8266907754e-02 8.6477443294e-02 4.0836835905e-01 9.2881194049e-02 -3.0513755196e-01 2.5130182561e-02 -2.1694362207e-01 1.9136660250e-01 -9.1824628885e-02 -1.6510532451e-01 -2.5122124948e-01 2.8301242623e-02 -4.3495268400e-02 -4.8709313533e-02 -2.3529893261e-01 -4.3246873519e-02 -6.0809699454e-02 -1.4965699082e-01 -1.0183360061e-01 1.0318934477e-01 -2.3974482144e-01 1.1315061910e-01 -7.6185440278e-02 1.2623440621e-01
-2.8082227278e-01 1.0573638803e-01 1.9223683445e-01 2.3833206510e-01 4.6474384743e-02 -2.2180497759e-01 -3.8040265734e-02 -3.1008390739e-02 1.7634389019e-01 5.7441256806e-02 2.1154886033e-01 7.5014256612e-02 -5.1565091987e-02 -7.8390854250e-02 5.5452401786e-02 -5.3144535725e-02 2.1845829692e-01 1.7440072104e-01 -8.6404311642e-02 1.9514824893e-03 -3.0710934739e-01 -1.6031311768e-01 -8.6778983608e-02 1.2496519338e-01 -1.2959716758e-01 1.5531330107e-01 2.2131603865e-01 3.5321551985e-01 2.6262893879e-01 1.9081117683e-02 4.1270564527e-02 -1.1781085823e-01
1.1909070718e-01 4.1166285115e-02 -3.4422118213e-01 -1.4664697019e-01 3.7288729644e-01 1.8456211459e-01 4.6538916143e-01 -9.5713796711e-02 2.5639473929e-01 1.5834144969e-01 -2.7008305317e-01 -5.5196865998e-02 1.0958947630e-02 -1.3494256677e-01 6.1675142688e-02 -6.4943879418e-02 1.0855044363e-01 2.1722124514e-01 1.7064742558e-01 -6.8488576778e-02 1.1651348093e-01 -2.2970286662e-01 -1.1910437605e-01 1.1473207362e-01 -1.4566595566e-01 -1.0932393447e-01 1.7646393277e-01 1.5014975695e-01 -2.3958694054e-02 1.1426879801e-01 -3.7625673522e-02 4.4411113460e-02
-9.3479584835e-02 -7.6509815948e-03 3.3397672625e-02 -3.1547126268e-02 -6.6788502791e-02 1.7610675513e-02 -1.2380599433e-01 7.4818844038e-02 -1.9348754327e-01 2.3511408317e-01 -1.8709147095e-02 -2.9957147176e-01 3.2708923614e-02 1.3460273102e-02 1.4165212297e-02 -3.1503473414e-01 9.5501629817e-03 1.8605306830e-01 -3.0435839265e-02 1.8954686079e-01 -3.9001526323e-02 2.9606903162e-02 -5.1203514459e-02 3.2382455626e-02 -9.5686785074e-02 -2.4672933609e-01 2.0009180614e-01 2.9654711105e-01 1.5176473521e-01 5.4625257349e-02 -1.5702386010e-01 1.3748881417e-01
1.6199841042e-01 -1.5193972826e-01 -2.6098809748e-01 -1.6466118355e-01 8.6948522513e-02 2.0123235471e-01 -1.0606658821e-02 1.3046287620e-01 7.8434890396e-02 2.1666501466e-01 -3.2492188555e-01 -1.2005016856e-01 -3.7146246496e-02 9.7345530290e-03 4.6783389023e-02 -5.7243576521e-02 -9.3743149907e-02 2.5038477013e-01 -1.7895259247e-01 -3.9859104497e-02 3.0006054291e-02 -5.3410543298e-02 4.8771427549e-02 -2.0634606779e-01 7.2260345760e-02 -3.8484017858e-01 -1.3095432337e-01 7.7778363836e-02 -2.7161412953e-02 -8.0494654775e-02 -6.8463105536e-02 -1.5864252521e-01
-1.8848195131e-01 -1.3696220261e-01 1.4841096294e-01 -5.2390118030e-02 3.3053588990e-02 -9.1962559878e-02 1.7847839774e-01 1.7874524137e-01 3.1449176725e-02 -8.1919153883e-02 -3.8625075043e-02 1.9873065995e-01 6.2879994393e-02 4.1116465774e-01 2.0569297577e-01 2.9278600052e-02 -1.2156510496e-01 -4.2045652746e-02 4.5790434721e-01 -4.4974963350e-02 1.7553332463e-01 1.4198574664e-01 -1.9483286051e-01 -1.7591149300e-01 -3.4040969419e-01 1.1661424903e-01 -3.7128169556e-02 2.4937610847e-02 2.5274079313e-01 1.6319021614e-02 -2.0763265380e-01 3.1241383827e-02
-1.1500220246e-01 -4.1030708462e-03 -5.9265921893e-02 2.7556929298e-01 -1.0539932053e-01 -3.2078834557e-01 1.8083014452e-01 6.0225290069e-02 -1.6068781010e-01 7.8220698298e-02 3.1970368327e-02 -3.0678474928e-01 1.7797595855e-02 2.6166401550e-01 -1.6850888902e-01 -1.8045229149e-01 1.2777047934e-01 -4.2562947981e-01 -2.3093879340e-01 -4.3156500389e-01 2.8430376382e-01 -4.4711209738e-02 6.0037898015e-02 -1.8873978091e-01 -3.5373727624e-02 1.5698106637e-01 -1.6812813467e-01 1.7790719721e-01 -2.8291715631e-01 -3.8032130547e-03 1.4080117932e-01 1.4118303692e-01
-4.5850722578e-01 6.1026390080e-02 1.0191113505e-01 9.7410914516e-02 2.3082880775e-01 -1.0597884302e-01 4.3643959942e-01 -6.6489826045e-02 1.8175222539e-02 -6.4066171793e-02 1.2575135029e-01 1.0431066720e-01 -3.1150848504e-01 -1.1545449977e-01 1.9876956937e-01 1.1509032997e-01 -9.3856297721e-02 3.1352748605e-01 1.1976454850e-01 2.6012501426e-02 -2.4759743452e-01 4.9304824689e-02 -1.4396516733e-01 1.1712045773e-01 -9.1548546864e-02 -9.2628007466e-02 1.7773096322e-01 -1.4323261626e-03 2.5251238605e-01 -3.8289123101e-01 -1.7421957410e-01 -5.5222190296e-02
-2.6936387190e-01 -7.2455962474e-02 -1.2161246381e-03 -4.7514956766e-02 -9.3053718724e-03 -2.7815326031e-01 9.4743503734e-02 1.0330367851e-01 2.7040523934e-02 8.7645677848e-02 1.3616016302e-01 -3.2232412315e-02 -1.1532384754e-01 2.8279443279e-01 1.1116532327e-01 -6.4937730666e-02 -2.0812795420e-01 6.2652152542e-03 1.5888682366e-01 1.9964102247e-01 6.6012317301e-02 -1.4927767348e-01 -4.3481754520e-02 -2.2079721304e-02 8.9475196775e-02 -2.1437632738e-02 -2.4017235386e-01 -1.7151678946e-01 9.9483187999e-02 -2.9134563605e-01 2.2530740895e-02 1.7842503911e-01
-6.2416134747e-02 -1.0458369390e-01 1.6790580719e-01 7.8003073330e-02 1.9104673761e-02 -2.3612538426e-01 -2.6505930655e-01 2.8967574473e-02 -3.2367430850e-01 -2.5719093717e-01 6.1222960857e-02 2.3987396691e-01 9.7050797283e-02 8.9928776776e-03 -3.2944425271e-02 -3.4591491236e-01 -6.6794495477e-02 1.3004259005e-01 1.7908713197e-01 -8.3109211949e-02 1.9009870507e-01 -1.9884435963e-01 3.0446106420e-01 4.4335513882e-01 -2.8761050761e-01 3.1067053339e-01 -2.0865903238e-01 7.5784240327e-02 1.1405428432e-01 -1.4417063684e-01 -7.4871621142e-02 -2.9385673630e-01
4.6609058497e-02 -6.7791985584e-02 3.7888459781e-02 -5.6555751454e-02 -5.9758746623e-03 -1.7889054074e-02 -1.1338793178e-02 2.1596921215e-01 3.5831386332e-01 1.0821077969e-01 -2.4796810033e-01 -3.8540047999e-02 7.1906182323e-02 1.5011423747e-01 -6.5676565061e-03 -3.3556443155e-01 1.3664629531e-01 -1.1061614725e-01 2.0646026447e-02 -1.9102294949e-01 -2.8682950311e-01 1.3593936880e-01 -7.5894936253e-02 2.8657481277e-01 5.4129211538e-02 2.1722001725e-01 4.2821154872e-02 1.2524692073e-01 -1.1341932287e-01 1.0384451274e-01 -2.3263230965e-01 1.4533214369e-01
2.6104350878e-01 -1.8760077869e-01 -4.5535310889e-01 2.7314814205e-01 -1.5716841996e-01 -8.1062120110e-02 -2.1683827685e-01 -1.2130988067e-01 -1.3564054941e-01 1.0306347881e-02 -2.7543860658e-01 -1.7777682669e-01 -3.0901200336e-02 1.0000911783e-01 1.0673052780e-01 -1.8757694446e-02 -3.5016867235e-01 -7.3869079005e-02 1.5473869622e-01 2.3798582216e-01 -2.4888131959e-01 3.3797267115e-02 2.1624560004e-01 -4.6944513196e-02 -2.0534190990e-01 -5.0275840883e-02 1.1316376714e-01 -1.7891672990e-01 -9.7563659488e-02 -1.5418707436e-01 3.9645250722e-01 4.7011797415e-02
-7.0332212439e-02 -1.1782979770e-01 -2.7599862241e-01 -2.6988825631e-01 -2.1425251330e-02 -2.6998933011e-01 1.5582367110e-01 -4.0794661007e-02 2.9197419554e-01 2.2757336631e-01 4.2928855179e-02 -4.8527155257e-02 7.2573917667e-02 3.6922565994e-01 2.2522492976e-01 -9.9904674942e-02 2.6286825361e-01 4.8137389049e-01 1.2433400376e-01 2.6856619906e-01 2.2124202555e-01 -2.5506276416e-02 -9.8888334875e-02 3.4226477141e-01 1.8108282479e-02 7.6332231636e-02 1.8208382071e-01 1.2948432527e-01 -4.3655740808e-03 -1.1960356575e-01 2.1528503294e-01 -1.2471708884e-01
2.9601115260e-01 3.6438912191e-02 6.4507161905e-02 -1.5369311120e-01 -9.9179085551e-02 1.0310648425e-02 1.7131397546e-01 1.2583517087e-01 -1.1849577519e-01 8.7221350224e-02 1.3478848871e-01 2.0383885248e-01 1.5262995025e-01 6.8653232759e-02 2.6402211281e-01 -8.8742349616e-02 -1.5841843051e-01 1.2276410068e-01 -9.0530312411e-02 -3.0817919402e-01 1.4853584268e-02 -1.6828301084e-01 2.4736490909e-01 -9.7050996202e-02 -1.4346457204e-01 7.9154893118e-02 3.1241828403e-02 9.7757210629e-02 9.1662328347e-02 1.7985757084e-01 -2.8158212099e-01 3.2186474991e-02
-2.1040450329e-01 2.1330577789e-01 -2.6466492061e-01 3.0762373052e-01 1.0471969636e-01 -1.8325956527e-01 1.2221923150e-01 1.1899639590e-01 -1.3223916402e-01 -1.4639564026e-01 -2.0226256351e-01 2.3195778132e-01 -4.9653148032e-01 -1.2260550253e-01 -1.4598865952e-02 -7.9353036345e-02 -2.5913200477e-01 -1.2347561767e-02 2.0135086138e-01 3.4402247211e-02 -9.8253586348e-02 1.1469730728e-01 3.4602783335e-01 2.4598935636e-01 -1.1536701613e-01 -1.3972150593e-01 -1.8325798229e-01 -5.0431150278e-02 -3.3864779033e-01 1.8653373114e-01 -2.1531188541e-01 -1.4830183304e-01
4.6275755742e-02 -4.7385933226e-02 -8.1706684347e-02 1.9534419596e-01 2.0312164938e-02 -2.9935339071e-01 -8.3999275387e-02 -3.4615253812e-03 2.8992516308e-01 -6.4154628405e-02 -1.4727185212e-02 -1.5578606308e-01 1.3787181660e-01 1.7571292905e-01 -4.3932096741e-02 2.7709909088e-01 1.7315642928e-02 5.7825770633e-02 -1.0029962590e-01 -1.5531694988e-03 -2.4849625087e-01 1.5740537241e-01 1.5060989633e-02 2.5434854266e-01 -9.5173947475e-02 1.8361511024e-01 -1.6380239399e-01 1.6003537413e-01 3.8262767563e-02 -1.7259947482e-02 -1.5712455533e-01 -8.4220329618e-02
3.0553116153e-01 -7.4861619722e-02 1.4801690426e-01 5.7400562057e-02 -1.5392484385e-01 -1.3739335151e-01 3.9023773245e-01 1.4955833690e-02 -5.8538607779e-03 1.0140586767e-01 -1.6815921360e-01 1.6171981062e-01 -1.2185640575e-01 -5.1974073441e-02 -1.0403779509e-01 -1.0762795707e-02 3.2907121806e-01 -2.4754968302e-01 1.2380178738e-01 2.4403804892e-01 1.5161558058e-02 -2.5065272316e-03 -8.5778464738e-02 -1.0451050851e-01 -1.8452938088e-01 -3.4360997649e-02 -1.9562628822e-01 -1.2596414925e-02 2.9211440684e-01 2.3928030968e-01 -5.1701369560e-02 -4.2656765044e-01
