-1.0717474561e-01
-2.0462867714e+00
-2.2243089506e+00
1.2821616161e+00
5.5763485024e-01
-8.8547462251e-01
5.5358427810e-01
-2.8598682613e+00
7.5809874034e-01
1.5263876738e+00
5.6841555325e-01
-9.4355931468e-01
-2.2244624865e+00
3.4810605518e-01
1.0495169066e-01
7.0147213733e-01
2.9651730679e-01
-1.0198705737e+00
-3.3068304537e-01
-4.5078925173e-01
-5.2479298844e-01
-1.3000665909e+00
9.0083779314e-01
-8.0605567709e-01
-9.3769329874e-01
-1.2538658257e+00
-6.0740933318e-01
1.7553405329e-01
7.7302970323e-01
-9.5597262090e-01
4.9095099897e-01
-7.8518717218e-01
