-5.7928425310e-01
2.3593639999e+00
2.8115121643e-02
3.9480205400e-01
-6.9232224253e-01
1.9561806623e+00
-5.6700133484e-01
3.3495099523e-02
-5.1970723034e-01
4.6339131023e-01
-1.3761493737e-01
1.8874447763e+00
-9.1976774296e-02
1.6520549121e-01
2.3515722639e-02
2.8238135179e-01
2.5528469336e-02
-9.6483620730e-01
6.1847841159e-01
-6.0080360579e-01
1.5466133859e+00
3.7594620018e-01
1.0415272981e+00
1.7278856394e+00
-4.6487952557e-01
-1.8345109426e+00
-1.2374612171e+00
-1.4654729398e-01
9.2421284542e-01
1.2966598302e-01
3.8576031593e-01
1.0224476004e+00
