7.6080345519e-01
-1.2929884730e+00
4.6971068000e-01
-6.4518839829e-01
-4.1005872578e-01
1.4537004048e+00
-1.0196016377e+00
4.8720763594e-01
4.4395958190e-01
7.5014738490e-01
-5.6816647397e-01
-1.2781340603e+00
-5.7395866472e-01
1.1522374528e+00
-5.4918945445e-01
1.3397172353e+00
1.1903694214e+00
-1.2171918175e+00
-3.7901517683e-01
8.1204154336e-01
1.4221663859e+00
1.4064036822e+00
4.3329913822e-01
6.0341537534e-01
-9.4729075997e-01
-1.2867415535e+00
-5.1832991428e-01
-1.6004114814e+00
-1.0713999503e+00
-3.9247534526e-01
1.1252974243e+00
-5.6402811643e-01
-5.8781026946e-01
-5.0005853913e-01
1.5843887268e+00
1.3668822338e+00
4.4555584167e-01
1.3483056942e+00
-1.5914461510e+00
1.2151172154e+00
-5.4916691590e-01
6.8802967035e-01
-1.3603308061e+00
1.3833160405e+00
5.9824292547e-01
-5.0967151748e-01
1.6319020706e+00
-5.3738792859e-01
-1.5523889414e+00
-3.6203353777e-01
-3.6259333888e-01
-1.3725969167e+00
4.6948338095e-01
1.6896841865e+00
-5.1428360894e-01
-4.4444289143e-01
-6.1587864981e-01
5.6099550587e-01
5.1453858632e-01
-6.8370425352e-01
1.4354402148e+00
-5.2369358859e-01
1.1897847568e+00
1.7843260074e+00
-3.9469960721e-01
-1.3111298675e+00
4.8961002183e-01
1.4887135576e+00
-5.4464430297e-01
-1.3623100832e+00
