1.0432455408e-01 -5.6233129322e-02 2.6880950514e-01 -4.1735968705e-02 1.4452368241e-01 4.9727369723e-02 9.1892033038e-02 -4.3152707001e-02 9.5532069537e-02 1.8110585442e-01 -1.1896640824e-01 1.1909979260e-01 -1.1433103430e-01 -6.7328933000e-03 -1.1997649440e-01 -2.9553713445e-02 1.0066445405e-01 -1.1379902950e-01 -2.2293609504e-01 -1.9563400587e-01 -2.2157374713e-01 1.5704550953e-01 -3.2761842855e-01 1.8310415601e-01 2.1519394554e-01 -1.0677615591e-01 1.2212101992e-01 -1.2329174593e-01 -1.8767210344e-01 -5.9700009557e-02 -6.9784145373e-02 1.8361224650e-01
-8.3819635810e-02 -1.1925194229e-01 3.5320875967e-01 2.2908102252e-01 -1.2714495775e-01 1.2306792333e-01 2.6430243890e-01 1.8542425723e-01 -2.2418384949e-01 5.7976998096e-02 2.8737097187e-02 9.6751624217e-02 -2.4100442571e-02 1.0412242806e-01 2.2958182451e-01 -2.4017710440e-01 -1.9891668491e-01 1.0643221708e-01 1.0583144173e-02 2.0226090482e-03 1.3332176862e-02 5.5139898654e-02 2.0255180379e-01 7.0488844919e-02 -8.3208058148e-03 8.6100684032e-02 -1.2130651698e-01 1.7056209548e-01 2.7567920458e-01 9.2799766677e-02 1.5401704678e-01 1.2467897677e-01
1.8851275782e-01 3.6690409103e-01 -2.8272482744e-02 2.0220589433e-01 -1.1526612777e-01 -1.0587021651e-01 -6.7450279275e-02 -2.9055662228e-01 -4.3166898166e-01 -1.2435175409e-02 -6.1705289735e-03 -1.6460641175e-02 -3.3373304484e-01 1.0626977459e-01 8.8569413605e-02 3.0899200694e-01 1.3539686806e-01 -1.8114658843e-01 -3.0589940793e-01 -9.8522492184e-02 2.8834831097e-01 -1.3082357613e-01 -3.4687336451e-02 -4.6112948983e-02 -2.6060180930e-03 2.9948580612e-01 -4.1832321024e-01 1.0955180419e-01 -1.9584373553e-01 8.4826168892e-02 1.6739481884e-01 1.3191901307e-01
-1.4452300184e-01 -3.6256344679e-02 -2.0445756426e-01 -1.0551210041e-01 -6.5269358197e-03 4.7348679669e-02 -9.4564355007e-02 -8.3962865693e-02 -1.0417724055e-01 4.5560874844e-01 1.6301036473e-01 -2.4022518926e-01 -1.1207613521e-01 2.4099199064e-01 3.1009325004e-01 -2.8672309962e-01 -1.9017505890e-01 -2.0364186729e-01 -1.0319615454e-02 -1.1224511760e-01 -2.3618836367e-01 2.2559195266e-01 -5.4392096563e-02 1.4068640109e-01 -7.0138235641e-02 -1.7245405903e-01 7.9775646178e-02 -1.5326551453e-01 1.8176525395e-01 -6.0719136097e-02 1.4225592270e-01 2.1355675205e-01
-5.6260037861e-02 -8.3680109731e-02 -2.8444599552e-01 -8.3683864422e-02 -3.2199063315e-01 1.2163460970e-01 1.4744685301e-01 -1.0760450471e-02 -1.8992004933e-01 -2.0298052838e-01 -2.9354380472e-01 1.0471640016e-01 -2.2364330512e-02 2.1717162861e-01 2.0327587430e-02 1.7694412764e-02 -1.5431690106e-01 -3.4775187968e-01 1.8961986670e-01 -1.3262316857e-01 -2.5537773926e-01 -5.7172270617e-02 -9.9133592555e-02 2.4227954057e-01 3.6663989123e-01 1.7998722118e-01 4.6369100646e-02 -2.0689412663e-01 9.3462412192e-03 6.7955211724e-02 -2.0489605201e-01 -2.3239796089e-01
-1.4509907158e-01 2.8890382890e-02 -1.3144463833e-01 2.3158928600e-01 -1.1750538411e-01 3.3405010781e-01 -1.0736607064e-02 -1.6309837003e-01 -2.3009481135e-01 1.4760852451e-02 4.7041855203e-02 7.8565095806e-04 1.4315439072e-01 -3.3975539507e-02 -2.7919446057e-01 -3.4658650087e-01 2.3989107816e-01 1.2305665354e-02 -7.1909033314e-02 -9.5052747931e-02 3.6131697825e-01 -2.2240321681e-01 2.3974679798e-01 1.3414534413e-01 -5.4618799149e-02 2.5258592983e-02 -1.7395307790e-01 -2.8933372380e-02 -2.2541798394e-02 -1.8822210165e-01 -1.1565204291e-01 4.0955846795e-01
-1.1487566151e-01 7.3575841860e-03 2.7092040642e-01 -7.7474454111e-02 2.5249234607e-01 1.4766179824e-01 -3.5925970173e-01 3.3962658574e-02 -9.8409522840e-02 -8.6831939945e-02 -6.0068048467e-03 -1.2929974998e-01 -1.6645581519e-01 4.6250603835e-02 -9.8492891683e-02 3.5731870516e-01 9.1952300360e-02 1.8563561663e-01 1.0561355301e-01 1.0332406795e-01 2.2271225454e-01 -1.8023572493e-03 3.0055778569e-02 -2.4450206431e-01 2.3221990249e-02 -1.2725476596e-01 -4.2018325788e-02 6.5664249019e-02 -3.7515372995e-02 -9.3039573900e-02 1.1307847097e-01 -5.4937915686e-02
-1.1658155724e-01 1.6746945968e-02 3.8629329134e-01 3.5820885300e-02 2.8891530534e-01 1.7468587335e-02 -1.8672613181e-01 -6.7009465041e-02 2.5584271807e-01 -1.5163106824e-01 8.6911072453e-02 6.3297748380e-02 3.5318237071e-02 1.3221582295e-01 2.1931607770e-01 -1.5900606109e-01 2.5039617285e-01 1.2994372714e-01 -5.8106265620e-02 -1.3569209838e-01 -2.0605899818e-01 -2.3747322896e-01 -2.4666212857e-01 5.1364962922e-02 -8.8137945576e-02 7.8695671090e-02 -2.2299072149e-01 -1.6154185131e-01 -2.9528752353e-02 1.0857459948e-01 2.5580844427e-01 -4.2693586509e-02
-1.3069965802e-01 3.6491210665e-02 -2.3811592337e-01 4.9085426996e-01 4.6740867503e-02 -3.3979535426e-01 -2.2661929985e-01 -3.3770847309e-01 2.9858805241e-01 -5.7872788437e-02 3.5751872717e-01 -2.7978200378e-02 2.2045700230e-01 -3.3047677732e-01 -8.3335987470e-02 -1.5784017916e-03 -1.4165004259e-01 5.6609157214e-02 1.9495635198e-01 1.9081603563e-01 -2.8966299212e-02 1.3446500549e-01 2.3765835495e-01 -1.9284698353e-01 -2.1337837421e-01 2.7879867789e-02 -3.4920872713e-01 2.0626372057e-01 1.1479633623e-01 2.3195834046e-01 3.4038724231e-01 -2.1341751473e-01
-6.1713792168e-02 1.7990701756e-01 -2.1484138519e-01 -1.0411623024e-02 1.4939157052e-01 -3.0905849671e-01 -9.1469290180e-03 -5.6281371323e-02 2.7831186118e-01 -7.0037042334e-02 1.0955665790e-01 1.1901736002e-01 8.3052684660e-02 3.1628389578e-02 6.5856407612e-02 9.6655751636e-02 -1.4757617971e-02 -2.7305442154e-02 1.1851229242e-02 8.2843271585e-02 -1.3905681959e-01 2.8114498343e-01 1.4625620608e-01 -2.7128163238e-01 1.5580238136e-01 4.9492989269e-02 -5.2743723862e-01 3.3751504403e-01 1.4461492395e-01 2.7378809413e-01 5.8728346817e-02 2.3877474385e-01
1.1655263771e-01 -1.6015475979e-01 -5.7953870777e-02 -1.0708620051e-01 3.6344006985e-01 3.3414652710e-01 -1.5230804037e-01 3.5862918113e-01 -1.2396190403e-02 -3.8939505587e-02 7.7445994038e-02 5.8267634940e-02 1.8752899452e-01 1.7695772485e-01 -1.0614889935e-02 1.9804461497e-01 8.8546925606e-02 -1.7761670911e-02 1.4652206108e-01 -2.4737649452e-01 -3.0313688451e-01 -3.5095483509e-01 -2.2977786221e-02 -1.1486198016e-01 7.2824509233e-02 -1.5230976852e-01 -2.6399048629e-01 -1.1882881065e-01 -1.0744262736e-04 1.2416388494e-01 -8.5965630379e-02 -2.1786175187e-02
-9.7591234670e-02 -1.1964340229e-01 -2.0192225727e-01 5.2180828154e-02 1.5065767430e-01 3.7833789625e-01 1.5978954407e-02 -1.4847548506e-02 -2.1666169372e-01 5.4606882869e-02 1.4589203448e-01 1.7881366141e-01 -2.7125042579e-01 2.0003092490e-01 3.2077640358e-02 -8.3802789919e-02 -1.1452314915e-01 -3.5502814309e-01 1.4692897426e-01 8.4880201001e-02 1.4843082436e-01 6.8142977395e-02 2.5052452226e-01 1.5490556799e-02 3.5262101451e-01 -1.0356224604e-01 -3.1245234155e-02 -1.1994796011e-01 3.8479789494e-02 1.5835816388e-01 -3.3016991953e-01 -7.4617556020e-02
-1.3432930079e-01 -1.9044897563e-01 -3.0440452169e-01 1.5768175328e-01 -1.5066315931e-01 -7.2826031692e-02 7.1173153581e-02 1.2211394986e-01 1.1313562617e-01 -3.6468157172e-01 -1.4917051116e-01 -1.5931698630e-01 3.2007480951e-01 -1.1853395742e-01 1.0507761376e-01 -9.8716398221e-02 2.5147989626e-01 -2.0853192446e-01 3.7210831131e-02 -1.6866844475e-01 3.2747786125e-01 -1.5307403796e-01 7.3465330651e-02 -2.3505473072e-01 7.1145406431e-02 2.0675505765e-01 -4.8653760692e-02 -2.5156057601e-01 5.6047272115e-02 2.5606840971e-01 -2.0019226327e-01 1.7987499034e-01
-3.1659560418e-02 -8.3430924821e-02 1.9627391356e-01 -9.3591897550e-02 3.0877390165e-01 -3.2776669212e-01 -9.0366577218e-02 5.8020122028e-02 -1.0336707629e-01 -1.6526090597e-01 -2.1888140692e-01 1.4751510825e-01 4.6192415871e-04 1.2931490476e-01 -2.0924921445e-01 4.6999997615e-02 1.8945615047e-01 -3.1352759465e-01 -1.2123582219e-01 1.2035989751e-01 -1.3170915557e-01 8.7571665650e-02 -1.7101713700e-01 4.0192321653e-01 -1.6424927342e-01 -3.5717431282e-01 -3.6935131771e-01 1.8403485851e-01 1.2770426347e-01 -2.7928079156e-01 3.8357951282e-01 3.7150231922e-01
1.8627803439e-01 1.7950666318e-01 1.4178510218e-01 -1.0016104795e-01 1.8316013776e-02 1.7557018184e-01 3.8187561943e-02 -1.3702721524e-01 1.1424336445e-01 1.7676752510e-01 -4.4101243717e-02 1.3339187259e-01 2.3980642037e-02 -2.9650251243e-01 -1.7887827471e-01 1.8932452156e-01 -2.9064542682e-01 2.9687213507e-01 -1.4549064432e-01 -1.0480629168e-01 1.5056554797e-01 2.4469025905e-01 8.9146601439e-02 2.5189095406e-01 -2.4276327362e-01 -1.5074073589e-01 2.3919159574e-02 -6.3476473582e-02 7.1288758575e-02 3.8757481468e-01 1.2693387719e-01 -1.8282448594e-01
2.7830564355e-03 8.3205547917e-02 -4.6972818904e-01 2.6628562360e-01 -2.8093845461e-01 -2.4021055879e-01 -2.3674825956e-01 1.4327359358e-01 -1.2115892739e-01 -7.1337656235e-02 2.2305639319e-01 -5.6568764365e-02 -8.0033962184e-02 1.2539652912e-01 1.0573099689e-01 -2.3306037131e-01 2.5602543730e-01 8.7293315708e-02 1.3053962448e-01 -1.1141630609e-01 2.4005301924e-01 3.7227628261e-02 -1.3970614712e-01 -9.4216981361e-02 -5.2159612981e-01 2.7223235711e-01 -2.5416951503e-02 -5.1396435420e-02 3.0020462215e-01 2.5812743979e-01 1.2593858179e-01 -2.1863033030e-01
-5.4613579659e-02 2.6443343150e-01 9.2152769440e-02 -2.0525627317e-01 -2.0089420256e-01 -1.4453244490e-01 -1.7838007359e-01 5.0519568676e-02 -9.9655698405e-02 -1.6329776032e-01 -3.6966436173e-03 -1.5333143319e-01 -1.4372729665e-01 1.2657029594e-01 -3.5439957041e-01 -2.0102775754e-02 6.3252358617e-02 1.9311656466e-01 6.4467662260e-02 -4.7028362164e-02 2.5082820590e-01 -1.9813595606e-02 1.7159357072e-01 -3.6777159343e-01 -2.3020889049e-01 -1.5144382229e-01 1.7517274618e-01 -9.8359372903e-02 5.1561971739e-02 -1.7404395462e-01 -2.3341019321e-01 6.1911101607e-03
1.2741988817e-01 -1.4088146598e-01 -3.8884201782e-02 6.6693710861e-02 4.6646128590e-02 3.1790355541e-01 -2.3386181380e-01 -1.4400242541e-01 -2.6686925139e-01 -1.0079918711e-01 -5.8974041077e-02 3.0340641337e-01 4.2980537954e-02 -4.1142086346e-01 -3.5029684411e-01 1.5357753849e-01 1.5882086046e-01 1.6954756972e-01 2.5352180299e-02 3.4886367910e-01 -1.4548806760e-01 2.3488738050e-01 -1.5092411273e-01 4.0861416468e-02 -8.5411280765e-03 1.3073997578e-01 -3.0187437053e-02 2.8926279995e-01 -2.0579658447e-01 -1.1103942481e-01 -9.1514885566e-02 -1.3289287060e-01
-5.6447696436e-02 -1.8631444453e-01 -1.5558372447e-01 3.4253461934e-01 -3.9993258770e-02 1.2362450468e-01 -6.4781583341e-02 1.9694529092e-01 -6.9919881874e-02 -8.2246630409e-02 9.2320687315e-03 1.5325968637e-01 8.0920097109e-02 -3.0423161729e-01 -2.7403262574e-01 -1.8387629383e-01 8.5600274372e-02 3.7424351776e-02 1.5113889170e-01 -3.1051351539e-01 2.9357982326e-02 -1.2934628262e-01 -2.2657594602e-01 -9.2738652477e-02 -1.1002087472e-02 1.1563346475e-01 1.9178426868e-01 4.3090689085e-02 -6.6527005598e-02 2.5769660937e-01 -1.7434914542e-01 -3.0524174770e-01
2.9842294761e-01 -1.7040363375e-01 -4.9887210485e-02 2.1611145693e-01 9.2488482481e-02 1.1246458311e-02 4.6954262409e-01 -3.1830216205e-01 4.3882440002e-02 8.2611131651e-02 -1.0496325035e-01 2.3531152646e-02 -2.5919716285e-01 1.3382463708e-01 5.5110064037e-02 1.5269025433e-01 -1.5361651465e-01 -1.9900071205e-01 -1.8140045272e-01 6.7600211925e-02 -1.2548329698e-01 -1.8415556784e-01 2.8074108415e-02 3.3387021855e-01 6.7814433242e-03 1.3341164820e-01 1.2892403723e-01 -1.2031364149e-01 -1.0879383942e-01 -4.6949984505e-02 -8.4650417861e-02 2.3643775070e-01
-1.7285151295e-03 -3.1445997024e-01 1.7448742921e-02 1.0960141702e-01 -7.9436561909e-02 3.5697207768e-01 2.6650333834e-02 1.3613799267e-01 -1.0360081893e-01 -9.3983233847e-02 -1.1029711036e-01 1.3695780819e-01 1.9174643164e-01 1.4174444416e-01 -1.2635179716e-02 -4.5433040467e-02 3.5998426491e-01 -2.9850128078e-01 3.1113388894e-01 -2.0957063258e-01 7.2139012816e-02 -2.9542533450e-02 1.0644542221e-01 -1.9977575717e-01 1.6151318832e-02 -7.1165160732e-03 3.0546992065e-01 -3.7708010155e-02 -2.2322002849e-01 -7.0449552715e-02 -1.3530117692e-01 -4.5892197746e-01
1.5649441629e-01 -6.2721058605e-02 2.9250193548e-01 1.2480780435e-02 4.1894512391e-02 9.3069771218e-02 2.1426176368e-01 -3.4347083302e-02 1.5274811190e-01 1.7134286652e-01 -8.7413015584e-02 1.6392610736e-01 9.0279694692e-02 1.5811877491e-01 -1.3342733416e-01 2.9120956128e-01 1.3147845439e-01 -7.1892559289e-02 1.5678527014e-01 2.7992255895e-02 -1.4907986057e-01 6.6263293052e-02 -5.5797094065e-02 -1.4104119558e-01 2.0240061625e-01 -6.1413701744e-02 -1.7617348745e-01 1.6467114429e-01 -5.0513370985e-01 -3.1276119463e-01 2.1856701729e-01 5.4636346609e-01
1.6323932187e-01 1.7423858315e-01 2.0767382261e-01 -1.5203745815e-01 1.8366933792e-02 -1.5645407332e-02 -7.6667721086e-02 -4.1967048788e-01 2.4753661051e-01 -2.9278399230e-02 -9.7853561140e-02 1.6681147679e-01 -1.7562420274e-01 -4.2040009162e-02 2.4968851327e-01 4.1956790949e-01 -3.2050159792e-01 4.9760538612e-02 6.0901995219e-03 -5.4939698244e-02 1.8269215670e-01 9.4280608610e-02 -6.0424189236e-02 -1.1502569665e-01 2.9526810828e-02 -1.0764154768e-01 4.8643184879e-01 -1.1023343071e-01 7.6202892774e-02 -3.5546692910e-02 1.7750033527e-01 -1.4201856161e-01
2.5601537143e-02 3.3754085207e-01 -1.5316923385e-01 2.4395734649e-01 -1.1329120895e-01 2.0347452094e-02 -4.9341676788e-01 2.2687412280e-01 2.6227925491e-01 6.0775346728e-02 -2.4544176219e-02 1.2533639562e-01 -4.4323816516e-02 -1.5291667131e-01 -7.6894597864e-02 -7.8570155935e-02 7.1712101859e-02 1.6722118585e-01 1.3087249664e-01 6.6419996258e-02 1.0549357370e-01 2.3087587633e-01 8.9379084825e-02 -1.9414859697e-01 -1.2685631889e-01 -2.3390136767e-01 -1.5636648851e-02 -1.0485032899e-01 -8.5452810262e-03 -1.7411421443e-01 2.9899597084e-01 9.0437630925e-02
7.7762597838e-02 -1.2082161032e-01 3.2868915998e-01 -3.7835775003e-01 3.6598808524e-01 1.0846629769e-01 -1.1668136831e-01 2.1628045281e-01 1.4738713003e-01 3.4441107776e-01 5.5646181612e-03 1.5747017191e-01 1.2751313546e-01 1.1203102468e-01 1.8091437246e-01 -1.0613135219e-02 -2.6264216073e-01 3.3083656647e-03 -4.4258636290e-02 1.0841739597e-01 -3.2724193644e-02 1.5191524077e-01 -2.3936329721e-02 1.0868348075e-01 5.3817052048e-03 3.5615730978e-02 2.5390317520e-01 2.3481290259e-01 -2.8163710951e-01 -2.5599987400e-01 2.4720605410e-01 -1.9289009390e-01
-2.4798715397e-01 7.9533564339e-02 1.4866357643e-02 1.1113280716e-01 -1.4746159210e-02 -1.3002263233e-01 1.2030005045e-01 3.0695593681e-01 -1.9034368481e-01 -5.3267746354e-03 -5.2678897458e-03 -3.1787532205e-01 3.5612607278e-01 7.1716085712e-02 1.3365440852e-01 -5.7231358825e-02 -1.8682996590e-01 -4.2464182603e-01 -6.8187430164e-02 2.4755809440e-01 2.6230939326e-02 -2.2437070563e-01 2.4891671214e-02 9.6322058732e-02 3.4589390620e-02 2.0804619530e-01 -2.7812386097e-02 -7.3830947272e-02 2.3819520155e-01 -1.4430992952e-01 -1.3808820424e-01 1.2329556637e-01
-6.2595810576e-01 -2.5155929099e-02 -1.7702333980e-01 2.8427078125e-01 -2.4153925491e-01 4.7904460783e-02 -4.8590526132e-02 1.3580992717e-01 1.2597040813e-01 -1.5209029649e-01 -9.3945332457e-02 -8.6728699331e-02 3.7237141192e-02 -4.2104394006e-02 1.3798577022e-01 1.8381570962e-01 -1.6048240092e-02 8.7348741411e-02 4.3190145510e-02 -2.2450041990e-01 2.5535352561e-01 -6.5365536338e-02 3.1010654215e-01 1.5687243595e-01 -9.2625398796e-02 2.6226649011e-01 -3.4297457880e-01 1.2521325530e-01 2.3339249543e-01 9.8068771452e-02 3.6744638921e-01 6.3607470207e-03
6.4723742793e-02 7.7157344756e-04 -1.3635830033e-01 1.2406071889e-02 3.5057194526e-02 1.0935208728e-01 6.3859121931e-02 1.9923132670e-01 2.6796654135e-02 -1.6420371361e-01 5.3416779641e-02 1.4133042115e-02 1.2168570876e-01 1.3414859951e-01 -2.3656757538e-01 -1.6001985110e-01 2.3820798293e-01 -2.8419939663e-01 2.5863925028e-01 3.5652134247e-01 2.6149044966e-01 1.6828480708e-01 -2.5286771954e-03 -1.7636760171e-01 6.6234975968e-02 6.5911096608e-02 -6.7416791290e-02 -2.4343608690e-01 3.7801014872e-01 1.0311103088e-02 -7.8370751910e-02 1.9908302594e-01
3.2030532461e-01 3.0019626446e-01 1.3215875687e-01 1.9627670691e-01 2.0283623010e-02 -3.8882939472e-02 -1.0230648886e-01 -2.1181336344e-01 2.2010769536e-01 -1.5385306203e-01 -7.7498291036e-02 -9.2186295663e-02 1.0515098456e-02 -2.1597444639e-01 9.2662250921e-02 -2.2647763483e-01 -1.1271264085e-01 2.9385980707e-01 1.1161830898e-01 1.1721280144e-01 -1.2015158371e-01 4.7569541899e-01 1.6854609377e-01 -2.8060912759e-02 4.3440441222e-02 -3.2908540103e-01 3.0128767608e-01 -6.8131385265e-02 -1.0039970812e-01 -1.1976821032e-02 2.3775847569e-01 1.3913959890e-01
-7.2214287909e-02 -2.2657599879e-01 -6.3756728058e-02 -4.1605470978e-01 1.2893009831e-01 1.1723732160e-01 -9.2046455392e-02 -6.7369550450e-02 2.8416421026e-04 -2.1490258733e-01 -1.7024652230e-01 -1.7051735030e-01 -9.1059816494e-03 -1.1658864895e-01 -2.6976585430e-01 -7.1449175475e-02 -9.6903494541e-03 -2.2037445466e-02 -4.2331243170e-02 1.8147917443e-02 -8.9858578962e-02 -5.3161284876e-02 -2.4439769263e-01 8.7332398075e-02 5.6480904790e-02 -4.2375972738e-02 8.0267817609e-02 2.3964211465e-01 -1.4492986334e-01 -1.8405593086e-01 3.1249221848e-02 1.6792544747e-01
2.2139628655e-01 -1.9514127040e-01 1.1738936472e-01 1.0937076075e-02 1.8080002101e-02 1.4723214462e-01 -2.3215845418e-01 2.1647704833e-02 -1.5573765020e-01 -3.1924408919e-01 -1.2042911972e-01 -5.2341765659e-02 -7.3370686225e-02 1.3294858282e-02 3.1075870871e-02 -1.2395219309e-01 2.7325788527e-01 -7.2876442557e-02 -1.9787596494e-01 -2.8205412834e-03 1.3047809086e-01 5.6140974276e-02 1.8895344224e-02 -1.0713287725e-02 1.1770667021e-01 -8.4891600697e-02 1.8425370251e-01 -5.2318792280e-02 1.4783320593e-01 -1.4691981209e-01 -3.8225795598e-01 1.0340172970e-01
-2.9148321714e-01 8.6508118261e-02 -2.0824933443e-02 -7.8760798096e-02 1.6626976461e-01 -1.1722262803e-01 2.2897301203e-01 2.5902479451e-01 8.2112542971e-02 -1.5089571128e-01 -1.2683681102e-01 -4.2640150547e-02 -3.2758609036e-02 -2.5521051708e-01 -1.8249769666e-01 4.8378741838e-02 2.5672932377e-01 1.9878756095e-01 1.6016178018e-01 2.4361542576e-01 -2.6932883042e-02 -1.3443830706e-01 -1.8462128457e-01 1.6412117238e-01 1.5010169814e-01 2.0668282422e-01 -1.1372988135e-01 3.3562338495e-01 6.6873011105e-02 -3.7406978372e-01 -2.1677022079e-01 -1.4076379612e-01
