7.8824530803e-02 2.5845932614e-01 -8.3551522339e-02 -5.2431545733e-01 -2.2320515800e-01 2.5037017968e-01 -2.4167945221e-01 -7.3366141750e-02 -1.0116888567e-01 -7.1697203936e-02 -4.5770557305e-02 -1.4662891085e-01 -1.0971543840e-01 1.3095078235e-01 4.1742523540e-01 -5.3814895096e-01 -3.1943529927e-01 2.6525392270e-01 8.5191010122e-02 -5.9726726724e-02 1.3156690520e-01 -4.0009432816e-02 1.2190354147e-01 1.4842113602e-01
-2.0131592772e-01 -3.3219679317e-01 -5.7277021700e-01 -1.7449462042e-01 -1.4477563006e-02 2.3228510979e-01 7.9236888319e-03 -3.3076866074e-01 -1.0765017337e-01 2.0731646108e-01 -1.3459292158e-01 -4.5943615863e-02 1.2860999128e-02 2.3508241414e-01 -1.3128132143e-01 -2.1033149538e-02 -1.7024456438e-01 2.5629062289e-01 1.6858146632e-01 -3.2418200257e-02 5.8298829259e-01 2.4784374707e-02 -2.1534573835e-01 -2.0221092167e-01
1.0749172385e-01 1.0877255450e-01 -1.5949808445e-01 -2.8950636735e-01 4.3707822332e-01 1.7760717888e-01 8.2288920978e-02 1.9462652933e-01 -7.6947306275e-03 -3.1629122337e-02 -8.6806116822e-02 -2.5719347820e-01 6.1911548719e-02 -1.1383217246e-01 2.2264637805e-01 -1.6882136385e-01 1.1251609474e-01 -1.1992482266e-01 6.8601615327e-02 -8.2996233837e-02 -3.5220161634e-01 1.0875358306e-01 -1.3978018232e-01 -6.1366482178e-02
-7.8450952173e-02 4.9684578693e-02 1.2240276294e-01 1.9225461601e-01 2.9916268550e-01 -3.1450980952e-01 1.3839072797e-01 9.9226099929e-03 -7.8537757936e-02 2.4042653055e-01 2.0511178241e-01 -1.3206662982e-01 -1.5616135745e-01 6.7272048921e-02 4.4535568985e-02 3.6026336652e-01 4.8790446725e-02 -1.2034603727e-01 -3.8784236496e-01 1.6428548135e-02 5.0618445402e-01 -1.1061328816e-02 -5.9939014343e-02 -2.8806331399e-01
-2.9658919170e-01 -1.1120672575e-01 1.0423174679e-01 -2.1459520208e-01 -4.6037725316e-01 3.3267264741e-01 1.7467681620e-02 -7.6270821423e-02 -6.4452650311e-02 -1.1075075220e-02 -3.7425941431e-02 1.1025141689e-01 5.3650449683e-03 -5.9737855095e-02 -3.5773050440e-04 -1.1839797882e-01 -1.6928202893e-01 2.8953881115e-01 -5.0308927694e-02 1.8156613783e-01 3.0659919083e-02 -1.2947495875e-02 -4.5990488606e-02 -4.2558881295e-02
1.5700810326e-01 3.5202174608e-02 -1.7603539175e-01 -4.0835515113e-01 1.3425816811e-01 2.0415063681e-01 5.7143660111e-02 -4.8168112750e-01 1.1691382488e-01 -1.8262619212e-01 -1.6296630534e-01 9.1174068370e-02 3.1328992667e-01 -1.4684179210e-01 -4.8081401478e-03 -1.4690887207e-01 -1.8163235847e-01 -7.0401707849e-02 9.3881397518e-02 -5.9757419037e-02 -5.4831191862e-01 -6.3420665514e-03 1.7645214015e-01 -1.8595919245e-02
6.0385292642e-02 1.2947349610e-01 -2.1956708526e-01 -3.7237085710e-01 3.7612125752e-02 1.4815586716e-01 -2.0964608519e-01 8.3286419763e-02 -4.6769258943e-02 3.2684263224e-02 -8.5135386894e-02 1.6870629178e-01 -6.3015064879e-02 1.2846663096e-01 1.0072518573e-01 -7.2414444331e-02 1.7966589316e-01 2.5025175196e-01 1.4274583794e-04 -2.8886647286e-02 -1.6149584862e-01 2.0705701131e-01 2.3717995668e-01 2.3835060758e-01
2.8879258673e-01 -1.5729267874e-01 9.6310581082e-02 1.6559283287e-01 -1.8797974031e-02 7.3223819086e-02 -3.0369715550e-03 -9.5681303502e-02 -1.7287186818e-01 -7.8768296690e-02 9.8612872395e-02 -1.4757411949e-01 -4.9028817243e-01 -2.5836875715e-01 1.7247315647e-01 6.9642073428e-02 9.5794600045e-02 5.3633251984e-02 -1.7360337551e-01 1.5256040161e-01 1.6593937001e-01 -1.7208416297e-01 3.8741122998e-02 1.3344407701e-02
5.4463822161e-04 -2.9211780619e-01 -2.6353710768e-01 3.2146027151e-02 -7.8506883449e-02 4.8080021777e-01 -4.7165188449e-01 2.2791941773e-01 -2.0315615520e-01 -5.3441333935e-02 6.9570190120e-02 -3.5861107635e-01 1.2781884481e-01 -1.2310019992e-01 -6.9048886011e-02 -4.4275401703e-01 2.6471783166e-01 2.1977559573e-01 -7.0279458050e-02 -4.5961625850e-02 -2.3784451452e-01 -1.8686473048e-02 -3.5254041385e-01 8.4680346263e-02
-2.2965964049e-01 2.4072517080e-01 4.1361265211e-02 -1.8963664301e-01 9.9363809450e-02 -1.0155187419e-01 1.0262411374e-01 -2.5644058049e-01 -5.4571876360e-02 9.2972167831e-02 4.1667182661e-01 -2.6146573704e-01 -1.7055626064e-01 2.6011476352e-01 -7.5806796385e-02 -9.2394047592e-02 -3.0287570353e-01 4.4904557763e-02 -5.0102293382e-01 -2.1180634616e-01 5.8611630159e-02 -1.4991556924e-01 1.8252243942e-01 1.8554091399e-01
-2.1191201703e-01 2.0444834388e-01 -3.3792112935e-02 1.3752015497e-01 2.2688555444e-01 5.7670400458e-02 2.4429636691e-01 4.9106218607e-01 1.0761455003e-01 1.9506297754e-02 3.0193994078e-01 1.4127854198e-01 -8.1324461530e-02 -3.9581570768e-02 3.2917824089e-01 1.3808919834e-01 -2.1403938884e-01 -4.4833820195e-02 1.5398548083e-01 -3.5213940400e-01 2.8316207902e-01 5.8195947094e-02 -1.6712158346e-01 -3.4279896802e-01
-3.5161545904e-01 3.0619780702e-01 -1.4417730911e-01 3.4691197875e-01 2.5796011746e-01 2.8987243266e-01 1.9125525155e-01 -1.1485167808e-02 -1.0822194107e-01 1.5637827655e-01 2.3449794246e-01 7.9383509362e-02 -8.7870979929e-03 1.0567358390e-02 -1.4859132571e-01 -1.2259919485e-01 2.7727333998e-02 -2.7890263512e-01 1.3623025026e-01 1.2539454145e-01 3.8935917227e-02 3.1528333730e-02 -5.5465561909e-01 -1.2701913776e-01
-1.1792378857e-01 3.4500050284e-01 -1.0396727412e-02 1.8274250388e-01 -1.6018679473e-01 3.3889767588e-01 -1.0713205516e-01 -3.9269756509e-01 -3.0485311015e-01 1.6816073481e-01 -3.9079637055e-02 6.0254429421e-02 -2.5949495583e-02 -1.7561145561e-01 -2.4218437377e-01 -4.4358740368e-02 1.2337603854e-01 5.3876017322e-01 -1.5496825922e-02 -2.6339650935e-02 3.2519586672e-01 1.1557439346e-01 -2.3759288596e-01 -2.4554768152e-01
8.6509744824e-02 -1.2321102202e-01 1.2099290622e-01 2.5499532591e-01 3.5636082514e-01 -4.7260182995e-01 5.3273543565e-02 1.2366004390e-01 5.6657313956e-03 1.6379938518e-01 1.5092609197e-02 -2.7222624169e-02 -2.6428753330e-01 -2.3622480792e-01 -6.5402654279e-02 3.3586782701e-01 2.8049328764e-02 -3.4732276582e-01 1.6735989249e-01 -3.2427725300e-01 -2.4235779620e-01 -4.6863258554e-01 1.5429990161e-01 1.6489970746e-01
1.3857653852e-01 -1.3109104491e-01 3.0867119443e-02 2.9036550880e-01 1.0963239552e-01 -1.0121543206e-01 4.4773600469e-01 -6.8140030693e-02 -2.3551860477e-01 -1.2211461646e-01 4.2743547882e-02 -2.2035276346e-02 -6.5275705418e-02 -5.5660292080e-02 -6.8068183589e-02 -3.3050676979e-01 2.7720140516e-01 1.4855858509e-01 7.8936721696e-02 -5.6068888173e-01 -1.0993263327e-01 -1.5547355292e-01 2.2833608621e-03 2.4803237404e-01
-8.4901128949e-02 -2.3777410728e-01 -3.2054878460e-01 1.5350571792e-02 1.3073538251e-01 4.7913119055e-01 4.8659391652e-04 -3.2265496134e-01 -6.9537805249e-02 -3.1175185949e-01 -3.3361537575e-01 1.1089454581e-01 2.7600375626e-01 -2.5253258255e-01 1.1363476674e-01 -1.8761725300e-01 1.6555436334e-01 1.4478870987e-01 -2.7302545672e-01 6.5272748275e-02 -3.1840891991e-01 1.5510119431e-01 3.3643759352e-01 2.4200167078e-01
8.7879599024e-02 -8.2209231559e-02 -3.1548778729e-01 -1.1309671902e-01 -1.0826532911e-01 -8.8949768131e-02 3.3107239790e-01 -5.3955688706e-02 6.7796629840e-03 -1.7897546578e-01 -3.5455152925e-02 -8.8282620582e-02 2.2140685427e-01 -1.3334843985e-01 -1.6241106044e-01 -1.0895985221e-01 -1.1011562754e-01 3.4056720940e-01 2.2333404307e-01 1.6780862625e-02 -8.1765178395e-02 2.1172750169e-01 -1.4030219098e-01 -7.7296240340e-03
-1.5063407707e-01 -4.2234625192e-05 7.0569689377e-03 3.6356053920e-02 3.7262455189e-01 -1.8830463913e-02 1.4336037047e-01 2.8793105165e-01 2.0917729756e-01 1.4995308987e-03 3.1363432197e-01 -6.0738481488e-02 -2.4973435071e-01 1.6527700418e-01 1.5628911709e-01 3.1474770608e-01 2.8453761340e-01 3.4686587837e-01 -7.6315897010e-02 -1.6206486959e-01 6.3414527632e-02 -1.6812425855e-01 6.1197689198e-02 -2.7565604961e-01
6.9665486059e-02 -3.6964426711e-01 1.4328284346e-01 4.3637505360e-02 -1.3399394577e-01 2.0254047236e-01 5.1449066861e-02 -7.4419060969e-02 -4.5773372417e-02 1.4410949747e-01 6.4272437945e-02 -2.6698366052e-01 -9.4395952460e-04 1.8380929035e-02 -2.1512070565e-01 -7.8016464488e-02 2.5398626152e-01 -1.8581403322e-01 1.6341081101e-01 6.7933049276e-02 2.6394121671e-01 4.2791289394e-01 2.8174352126e-01 3.3473652939e-01
-1.0969199256e-01 -1.3107543584e-01 6.7666901048e-02 3.1997805641e-01 5.0766150991e-01 9.6968885100e-02 -1.8678750186e-02 -1.1981169367e-02 3.9724086350e-01 -2.3124777549e-01 -5.8828449259e-02 3.1968681828e-01 2.4416313648e-01 -8.9905503315e-03 4.7795312383e-02 -9.9580189512e-02 -3.6947742700e-01 -3.0136595178e-01 1.5694635760e-01 2.0800657578e-01 -1.3039926768e-01 2.4136870470e-01 -7.2910248053e-03 -4.7180001420e-01
6.1883874069e-02 2.1961398056e-02 -8.8724164681e-02 1.2131012738e-01 1.0271620837e-01 2.3140407786e-02 5.7046385440e-02 2.0529258606e-02 -6.4683347665e-02 -1.9116603612e-01 8.2651124572e-02 -1.9373463782e-01 -2.4947350772e-01 1.2010461056e-01 3.3112644663e-01 3.7260292827e-02 4.3077693313e-02 5.1125004935e-02 1.5627257618e-01 -4.8838858234e-02 -2.2290740000e-01 8.2418444060e-02 -4.6667692970e-01 -4.7439444692e-01
-1.1162861602e-01 1.6014025296e-01 -2.8400233154e-01 2.7133678255e-01 -4.5144859461e-02 -2.3329986349e-01 1.8795363620e-01 1.9331698971e-01 -1.6440419535e-01 2.7495770044e-02 1.0168888038e-01 -1.0061706763e-01 4.3862403709e-01 6.9657925523e-02 -9.0918534227e-02 -1.0383846707e-01 -1.0589815388e-01 6.5023654489e-02 3.7992300110e-01 4.3071259685e-01 1.1423174739e-01 -1.6172913458e-01 -1.8878865790e-01 -2.4226973120e-01
-3.1307242563e-01 8.6469261180e-02 2.0391922437e-01 5.6863779198e-02 -8.0696989511e-02 2.0816898924e-01 -3.5906336838e-01 -3.9565752113e-02 2.7304474062e-01 -1.2075953125e-01 3.2246951618e-01 1.1473445632e-01 3.5929850977e-01 -1.2415042855e-01 2.7741501829e-01 -1.5546224958e-01 4.5414277453e-02 -3.0952338953e-02 1.1376397393e-01 4.0618516449e-02 2.9429515851e-02 1.0620978685e-01 -9.1284796360e-02 -1.2364779052e-01
-1.0004037588e-02 -2.7883816599e-02 -3.7855142547e-01 -2.4453206164e-01 -3.0242124655e-02 4.4826060299e-02 -3.6161713161e-01 -1.0387409296e-01 8.3129256671e-02 3.1824760987e-01 -3.5233131637e-01 1.0562820128e-01 6.6397675438e-02 -2.0233421208e-01 -2.5079902493e-01 5.0781272838e-02 -8.7693481109e-02 3.6249175284e-01 1.1799389844e-01 5.3482368444e-02 -7.7307635599e-02 3.8097977792e-01 1.3047168091e-01 4.0236013782e-01
