-2.0627261799e-01 4.0952846612e-02 1.5730481757e-01 3.7228629361e-02 -1.0274855656e-01 1.8890165977e-01 6.5328094687e-02 3.6197969411e-01 -1.1387171245e-01 -5.5615011039e-01 -2.9217225406e-01 -4.6819035116e-02 2.4203143013e-01 2.1809449923e-01 -2.6334282693e-01 -5.5810504665e-02 1.0026009882e-01 -7.2479283709e-02 -9.4592388266e-02 -2.6857940743e-01 1.0257317842e-01 3.2986489669e-02 -1.7178234617e-01 1.3269770067e-01 2.7262991205e-01 2.6868008267e-01 1.6727959806e-02 -1.9141790095e-01 -7.4537931495e-02 1.5562598974e-01 4.5910955155e-01 3.3044647896e-02
-2.9273845849e-01 1.3685687859e-01 -7.1566739257e-03 2.1966802757e-01 3.2413694893e-01 2.6627672846e-02 -3.1955141598e-01 -8.3064155982e-02 -2.4954282480e-01 -1.0188022358e-02 -1.5244108892e-01 2.3390684316e-01 3.5336611984e-01 -6.4779910456e-02 -1.4051807206e-01 -2.9755558013e-01 1.8531995806e-01 4.9670984474e-01 -1.9268687285e-01 1.9970800226e-01 1.3495630639e-01 -2.3850328680e-01 1.6685671362e-01 3.6681886142e-02 4.1056590883e-01 1.7204654847e-01 -2.9355294043e-03 3.9033433994e-01 6.0042892723e-02 -2.7539837449e-01 -3.5817940721e-01 -1.7392232469e-01
7.4039556101e-02 5.8783881865e-02 1.9388300639e-01 1.8935665273e-01 -1.4511464798e-01 2.3398853676e-01 1.6487445338e-01 4.2153817088e-01 2.9335895124e-01 2.2294384133e-01 1.0249616041e-01 -6.8464189535e-02 -2.6412601908e-02 2.7966516928e-01 -2.0617286312e-01 -1.4602898790e-01 -1.9506625942e-02 -9.9604721633e-02 -1.5682924872e-01 -1.8214370289e-01 -2.5008220644e-01 1.7535576497e-01 -5.2895619550e-02 -1.7368332990e-01 2.1460606648e-01 5.0605634692e-01 -1.2655379757e-01 2.2249282614e-01 -1.5070547357e-01 3.3530284443e-01 3.2954757552e-01 4.8767223256e-01
-2.7552242711e-01 -3.1213786997e-01 -1.3725436451e-01 -2.4888274423e-01 -2.0706324532e-01 5.3523862258e-02 -8.7086726552e-02 1.3943982081e-01 3.2587219915e-01 7.4193272289e-02 -4.3433532097e-01 2.3646744329e-01 -5.5331312109e-01 3.9091536635e-01 6.2081129101e-01 -9.3201732959e-02 -9.2844768443e-02 2.4497598784e-01 1.3913816770e-01 3.5843605969e-01 -6.1438231248e-01 -2.8248325287e-01 -4.6986727019e-02 1.4378217990e-01 -2.9868786353e-02 -4.6536149470e-02 1.9608869125e-01 1.3005654989e-01 4.1419613232e-01 3.5530484907e-01 1.1548072451e-01 -4.4336634241e-01
-3.1332549004e-02 3.5261715507e-02 -5.3385945409e-03 -2.8625589942e-01 -2.6930862904e-01 2.3758174830e-01 3.5229141849e-01 -4.4309242311e-03 -2.0189348030e-02 -8.6101231195e-03 2.3539786181e-01 -3.4275100572e-01 2.9993291554e-03 2.4472610775e-01 -4.8980693851e-02 9.5373751818e-02 7.1438921431e-02 -1.1259060627e-01 9.5348581184e-02 2.9005186068e-01 8.7057543575e-02 -2.0154444963e-01 -2.4500975722e-01 -3.5281537343e-01 -2.9611331257e-01 3.5785580243e-01 3.4390608257e-01 -7.3065419592e-02 1.3318229787e-01 -1.2688416430e-01 -1.5740396637e-01 2.8760470538e-01
-1.5355695016e-01 1.3614025955e-01 2.7615111881e-01 4.2125932892e-01 -1.8421049335e-01 -1.5225381000e-02 5.6301866459e-02 4.0603411245e-02 -1.2614045117e-01 -2.8647477085e-01 -9.5539711576e-03 2.0389623628e-01 4.8341691086e-01 2.2243300666e-01 -4.9574542910e-01 -7.2993912972e-02 7.4894845376e-02 2.5138822171e-01 -2.0390224236e-02 -1.6062695502e-01 -1.7255957493e-01 -6.2524143848e-02 -2.1006388656e-01 1.2498251648e-01 1.6996932108e-01 7.7472309699e-03 -1.4659293229e-01 -8.1680873792e-03 -1.1602045572e-01 8.6518603561e-02 1.9172694344e-01 -2.8968688492e-01
-1.3871625521e-01 -2.5985518784e-01 -7.8754837625e-03 -2.7963377970e-01 -3.0418293490e-01 -1.2911949341e-01 -3.0629100084e-01 2.5303466832e-01 4.7470437639e-02 -1.1172870988e-01 2.2025827666e-01 -7.7984263237e-02 -2.9925213314e-01 2.3038924769e-01 4.9532931052e-03 -1.9710403554e-02 -2.2910833352e-02 1.2438982686e-01 -2.5470550936e-01 -1.2234233082e-01 1.8666499976e-01 -1.4997149415e-01 -2.6090448676e-01 -2.5552934416e-01 -7.9378197572e-02 3.7965308456e-01 -2.2066708032e-01 -1.9842714140e-01 -1.0253875783e-01 3.4617769782e-01 -2.0493532221e-01 1.4508153044e-02
-1.0064172390e-01 -3.6803744583e-01 -2.0205873526e-01 1.6171162655e-01 -1.5136642357e-01 -2.0574356777e-02 2.5035255540e-01 5.9217863091e-02 3.5663378504e-01 -5.0194224966e-01 -2.3609797443e-01 9.2459981716e-02 3.6365413665e-02 1.6001576528e-01 1.3946883197e-01 -1.9950094621e-01 -8.1608977095e-02 -3.0240051036e-03 -1.0383790015e-01 1.7846210156e-01 5.9688993977e-02 -2.7339567204e-02 -1.9985565836e-01 1.6401925039e-01 2.5332001145e-01 -3.4879610588e-01 -9.3195089413e-02 1.9805546898e-01 1.7717241939e-01 -2.5616579113e-01 -2.4852107671e-01 -1.0784532305e-01
-3.4664840459e-01 2.1133121049e-01 3.7617178934e-02 2.7915221031e-01 1.0920467775e-01 -6.2269112514e-01 1.8707949858e-01 -1.3029810628e-02 7.2758086781e-03 2.5209648521e-01 2.4187410573e-01 2.1054137697e-01 -7.0524517380e-02 -5.1273942835e-02 2.0464777790e-01 -1.7576359317e-01 1.1814051536e-01 -5.8270468312e-02 -9.8865850402e-02 -1.6283922723e-01 2.7521852939e-01 4.5493773062e-01 2.1143642590e-01 -1.5777538134e-01 5.6542303272e-02 7.8377340947e-02 -1.7499862715e-03 6.5647178991e-02 4.9492803362e-02 1.0578324956e-01 -2.7308231125e-02 3.7800122511e-01
3.3622506294e-01 1.2335600955e-01 7.4525536294e-02 -7.6394849290e-02 2.1899855952e-01 5.5880401280e-02 -2.3037159245e-01 1.4010528903e-01 1.9639404771e-01 -3.7423051846e-01 1.4442078273e-01 -1.6704802313e-01 -4.3635980693e-01 1.7827360072e-01 -3.1824893255e-01 6.0107519798e-02 -1.0544302237e-01 8.4096324353e-02 3.3263902999e-01 1.7739023546e-01 -3.5152343983e-01 -1.2498384421e-01 -4.8429409328e-02 9.9532662392e-02 -3.5416740379e-01 5.9573163125e-02 -4.1878700618e-01 -4.1818095394e-01 7.9457241475e-02 -1.8611979489e-02 -2.0994370961e-01 2.9789800788e-01
5.9139412265e-01 4.7004622005e-02 -9.9229645580e-02 6.0794535945e-01 -2.5815795767e-01 1.6932995206e-01 1.0489466075e-01 2.1084829558e-01 5.0698112341e-02 3.4563087971e-01 -4.5964837954e-01 1.3663664989e-01 -2.0568378558e-01 2.6899817695e-01 1.2171950077e-01 -2.9388472538e-02 -8.6524301463e-04 -8.0709165477e-02 -5.3481549314e-02 -1.1030706285e-01 -1.3328232493e-01 -2.9195063026e-01 -2.6792236313e-01 2.1177380656e-01 -4.0235700289e-01 1.8381540458e-01 6.3450689036e-02 -9.7414962552e-02 -8.5483197760e-02 -4.1139573505e-01 -1.1311130604e-01 4.7826426100e-01
6.6476844330e-02 -5.0323882447e-01 5.0743359708e-01 -3.4491999135e-01 2.9473383433e-01 -2.7667326912e-01 1.6080727263e-01 -1.8757344992e-02 -1.4412806896e-01 -3.6694545584e-01 -1.1218508689e-01 2.0304979813e-01 -1.5289857194e-01 5.7763495773e-02 1.8969531014e-01 -4.6508531826e-02 2.4929628740e-02 1.4882464803e-01 1.9319797973e-02 1.1833062625e-01 -2.4112612147e-01 -2.0346499859e-01 -2.4806929460e-01 -6.6221265514e-02 1.3475289474e-01 -6.9380061658e-02 -5.6780831817e-01 1.8385917786e-01 2.3192028195e-01 -1.4324742117e-01 7.5699666651e-02 2.9601857077e-01
1.3527370844e-01 -1.2350804562e-01 9.5359804893e-02 -8.5696814706e-02 2.3663829808e-01 2.2082498738e-01 7.0440027451e-02 2.1474268928e-01 1.7648052630e-03 -3.7137040759e-01 4.4285590949e-01 2.0626037670e-02 6.0714690290e-02 -2.7966644409e-01 9.6308436477e-02 2.4600713835e-01 -1.6783820814e-01 -3.4928929005e-01 1.1866678056e-01 1.8110989641e-01 6.3287067633e-02 -1.0207733308e-01 -2.6303097770e-01 -1.6682927984e-01 -3.9321607009e-03 1.9708576962e-02 4.1363335723e-01 1.1438142970e-01 5.0620291583e-01 1.9983348644e-01 -2.5922742233e-02 -3.4974310545e-01
-2.1816539270e-01 1.8483511392e-01 1.9185662948e-02 -7.9089201854e-02 -1.4113663555e-01 -2.2464825458e-01 -4.5173163130e-01 -3.8892768203e-01 -2.9167778461e-01 3.3136667149e-02 3.2469316537e-01 -1.9099520807e-01 3.9630988538e-01 1.9786020595e-01 -7.8150781030e-02 -4.9192334994e-01 1.1281077426e-01 -4.4816352083e-02 3.3857150343e-02 -1.7181294023e-02 -3.7332705012e-01 3.5885653097e-01 -4.8300945039e-01 -3.7088267000e-02 4.8324593148e-03 -2.0401815310e-02 9.0742388411e-02 2.3372245280e-01 -2.5260875685e-01 2.5017049917e-02 -9.2617111264e-02 -4.2379423666e-01
-6.1004795426e-02 1.9857870240e-01 9.3291028509e-02 1.0622477637e-01 2.3845581267e-01 6.6981735178e-02 -8.0015826277e-02 1.2967727346e-01 -4.1074919342e-01 6.8209296736e-02 -4.5522993900e-01 5.7385598735e-02 4.0930257169e-02 1.8756715716e-01 4.7626301072e-01 2.3761235812e-01 -2.7257459738e-01 1.1172280716e-01 -1.3747823358e-01 5.7178467222e-01 -1.9851534415e-01 7.2907063091e-02 4.0039106053e-01 2.2190687195e-02 -1.8871104871e-01 1.4635334975e-01 9.4053850066e-02 -2.6592785051e-01 3.6342549606e-01 1.6545985107e-01 6.6432178957e-01 2.5934159946e-02
-2.7249934251e-01 3.1753082750e-01 2.8303772823e-01 -5.6688086478e-01 3.3783562949e-01 -2.3592666249e-03 -1.6649822619e-01 3.3899606698e-02 -4.9124969435e-01 2.9017710917e-01 1.7780826520e-01 -1.8614643713e-01 3.6283835896e-02 6.5228243726e-02 3.3592615543e-01 5.6801995592e-01 2.0078634475e-01 -1.3786733354e-01 -1.7446055680e-01 -3.7130580660e-01 -3.9111259285e-01 -1.5626884484e-01 2.7446975940e-01 -2.5284153016e-01 -5.5227786185e-01 -2.2502715906e-01 3.1530531279e-01 -1.7390623710e-01 -1.1746787737e-01 -5.9795415914e-01 1.9127848715e-01 -2.5168736738e-01
-7.9913053661e-02 3.3912262053e-01 1.2805906856e-01 2.2476330166e-01 -2.2402256030e-01 7.0070520741e-01 2.5277709033e-01 3.0899457532e-01 -2.9743418772e-01 8.0717575411e-01 -4.4787532449e-01 -1.3063091305e-01 3.2252032314e-01 -5.0414887082e-01 -3.5796041251e-01 -4.4077876594e-02 1.0209514917e-01 -1.1554916543e-01 4.3861728545e-01 -5.2248846984e-01 -3.7196919056e-01 1.6741976196e-01 1.1509291662e-01 -6.3720634825e-01 -1.8401798004e-02 2.1479425937e-01 6.8462048988e-01 -2.4026147526e-01 2.4151845770e-01 5.8020168561e-02 -4.1075191939e-01 -4.4856231636e-01
