1.3240212975e-01 -2.2364437712e-01 2.4200188792e-01 -1.2508033751e-01 -1.1085750249e-01 -5.4327284197e-02 1.6428012649e-01 1.9749822271e-01 -8.9904274316e-02 7.7208515049e-02 -2.9406190424e-01 2.8165983013e-02 -7.0464686300e-03 2.4556757322e-01 -7.5702483914e-02 1.8518622077e-02 -4.9485082427e-01 2.3359386107e-01 -7.6992546550e-02 1.6627747251e-01 -1.8410046630e-01 6.9770077088e-02 2.1693231650e-01 -8.1537863828e-02 -1.5964439054e-01 2.1109492113e-01 3.5126349755e-01 5.0690813182e-01 1.7947702456e-01 2.1956097755e-01 -1.8305876531e-01 -7.2408350589e-02
1.6952426555e-01 8.9584248655e-02 -3.0694784580e-01 1.3680340014e-01 -2.6893405829e-01 -8.8627822968e-02 5.1413169766e-01 2.6620356295e-01 1.9116566890e-01 -2.4089272461e-01 -1.6062035420e-02 1.1652916726e-01 2.4200890072e-01 -3.2262300623e-02 -1.9277028339e-01 -3.0898927750e-01 -1.4361204649e-01 5.2897474755e-02 -1.9004067439e-01 2.0782068986e-02 -1.7772890459e-01 -1.9815293166e-01 -1.5234055711e-01 -4.3391951992e-01 -1.7430608813e-01 -6.1334141365e-02 3.3204258260e-01 1.9326203025e-01 -1.3116492192e-01 -1.2963166954e-01 -2.3541952626e-01 2.5634009711e-02
2.3551333224e-02 -7.3633044162e-04 -2.3842166654e-01 -1.8281487583e-01 -2.1148383919e-01 -4.2698263668e-02 2.4012578296e-01 1.2336880451e-01 6.6634706745e-03 1.9101077158e-01 1.6069045122e-02 8.2265063149e-02 -1.1228324557e-01 3.5063915171e-01 -2.0381805762e-01 5.2184515039e-01 -9.1370286008e-02 -1.1883090733e-01 3.6151527291e-01 1.2335989068e-01 -3.2191475064e-01 -1.4792081184e-01 -2.6462857386e-01 -1.4169933648e-01 2.6582485198e-03 -2.4032379588e-02 2.9969541789e-01 -7.4423914414e-02 1.5158272908e-01 3.4163811972e-01 -3.5770958535e-03 2.0984795265e-01
-1.5181376459e-01 6.1767815696e-02 -2.9444062484e-01 -6.0937241901e-02 2.2471671963e-01 -3.1589288663e-01 -2.7884932514e-01 -2.6145562588e-02 2.8033498542e-01 -1.8803574810e-01 1.5251532726e-01 -2.0647842035e-01 3.3963183551e-01 1.2940166947e-01 1.4645090608e-01 -1.1111674471e-01 2.6780140179e-01 3.0479539021e-01 -2.2546701971e-01 8.3744302320e-02 2.7813789530e-01 8.0340283104e-03 2.4951667794e-02 2.6938334439e-01 6.4287470616e-02 -2.0556269107e-01 9.5344991052e-02 1.1612502718e-01 -1.0380959454e-01 -2.0788860045e-01 7.9810290902e-02 6.0398591228e-02
9.9010885061e-03 7.5826098908e-03 3.7694350912e-03 -1.5901961241e-01 7.8045930933e-02 2.6897140632e-02 1.4967431507e-01 -1.6099966668e-01 -5.1929155223e-01 -7.4661399889e-02 9.6154976657e-02 -6.2428461844e-02 5.2439767710e-03 2.4624079288e-01 -3.1674385825e-02 1.7261071985e-01 -1.2113133890e-01 2.5388404233e-01 -3.5444019703e-01 1.1726165939e-01 -9.3143789786e-02 -2.9859460360e-01 -2.7399639022e-02 -3.8384366072e-01 -8.6679180392e-02 -1.3723684513e-01 -1.3891283352e-02 2.6216976577e-01 -6.6865772081e-02 -1.3763131174e-02 -1.8594753905e-01 1.4334193675e-01
1.3826193606e-01 3.0945586514e-02 -2.4012819085e-01 -4.2685503617e-02 1.2639438708e-01 1.3612956448e-01 -1.4345319697e-01 -2.0085722965e-01 1.2373378315e-01 8.3821380924e-02 1.1696760478e-02 -1.3259223224e-03 1.0530972201e-01 -1.7991718685e-01 1.0217022940e-01 2.4461726533e-01 2.7178653141e-02 -1.2403482108e-01 -5.0384541213e-02 3.6413054017e-01 4.0190693203e-01 -1.3082797970e-01 2.2121415434e-01 -1.7656338345e-02 1.3382625262e-01 1.9586820669e-01 2.0570949448e-01 -1.6068244377e-02 -1.0655381965e-01 2.6311281977e-02 2.0359002277e-01 1.1666951379e-02
8.7862848982e-02 -3.1280886268e-01 3.9559893008e-01 -3.1124245404e-02 3.5957008269e-01 -1.4743178253e-01 -2.4903993441e-01 -2.4338648017e-01 -2.4145922910e-01 1.5773902076e-01 -2.6513122227e-01 1.5613466126e-01 -5.9181056885e-02 -3.6448101872e-01 1.3300723154e-01 -9.8755541410e-03 -3.7742899382e-01 1.4412557558e-01 -7.8625310046e-02 -6.1957335725e-02 -2.3600515291e-01 3.2344882281e-02 -1.2822280051e-01 -2.9292103839e-01 -1.2458646027e-01 7.5841575094e-02 -3.8287308906e-02 1.5040286753e-01 7.5217717117e-02 2.0605614078e-01 -1.7248544536e-01 -3.1221898509e-01
-1.7379750261e-01 2.7409582741e-01 -2.7744166390e-01 -8.6963318333e-02 1.8250546501e-01 3.4280228783e-02 1.5298064480e-01 -1.0021239934e-01 -9.4169031594e-02 9.5535600642e-02 -7.3754259832e-02 9.0950227869e-02 -3.8446242488e-02 6.8858284724e-02 -3.6364761577e-01 2.4680712523e-01 5.3990959595e-02 -2.0230746634e-01 -2.6641337628e-01 -4.8329050585e-02 1.1455812083e-01 2.2967524310e-01 1.1832238370e-01 2.4710901797e-01 -2.8791507186e-02 3.9737145519e-02 -2.5568199217e-01 1.9904749289e-01 2.8784153717e-02 1.0117378057e-01 -4.3241866960e-01 9.1851560613e-02
-1.5691696765e-01 8.9151166728e-02 7.0971315336e-03 8.8723186628e-02 -1.0741198956e-01 -3.8093723455e-02 -2.7027351352e-01 -1.0568931976e-01 -2.8625764445e-02 1.8523017469e-01 -1.6474043418e-01 -4.9264393942e-01 -7.8578146876e-02 -9.7303024310e-02 7.1939350548e-04 2.5393891702e-01 1.5305704128e-02 -1.1688873015e-01 -3.9448135324e-02 -2.2341893579e-01 1.0258745728e-01 4.5011067244e-01 4.2896201438e-01 2.3299384536e-01 -1.3237830388e-01 3.3508865807e-01 1.2386155023e-01 -1.0531537843e-01 4.2627898758e-01 -4.7963891347e-01 -1.6576500487e-01 -1.3245076982e-01
-6.7445883209e-02 2.5614538161e-02 -1.4266805250e-01 1.3917745056e-02 2.1555779294e-01 3.6193205441e-02 -2.1219038810e-01 -2.7390149878e-01 -6.4631271595e-02 -4.4692820020e-02 1.0706478968e-01 8.9179327112e-02 -3.1078020823e-01 1.1081961157e-01 -2.2917244791e-02 1.7498478112e-01 -1.2502551984e-01 -6.1321506348e-02 9.6128405773e-02 3.4393368065e-02 2.3767604078e-02 -1.2440871760e-01 5.7900613667e-02 -2.2715618657e-01 -3.2358457982e-02 -2.0796461233e-01 1.1618384710e-01 -1.0640757252e-01 3.9431703220e-02 5.9712397155e-02 -2.0366688072e-02 -9.3254252941e-03
-4.5021630194e-02 -2.3794079055e-01 -1.0412711706e-01 -9.7341058279e-03 8.8440084005e-02 -4.2312031601e-01 2.7444792504e-02 2.0287352429e-01 1.7064018592e-01 -5.4527160048e-02 -1.7526064540e-01 1.4800490865e-01 -5.7167815843e-02 -6.7581195058e-02 3.7245021330e-01 -9.4203083762e-03 2.1645637527e-01 1.3797243668e-01 2.1148081725e-01 3.0946549752e-02 -1.0370858178e-01 1.8417122746e-01 -4.2778184726e-02 7.1194606595e-03 2.0735088750e-01 4.6619089778e-01 -1.0550482208e-01 -5.3803884096e-02 3.3728494720e-01 -6.8348823871e-02 7.9719393687e-02 -2.5663986787e-01
1.4997624461e-02 4.0849807568e-02 1.5130193325e-01 3.5226202015e-01 3.8563743242e-02 1.7350745140e-01 -4.2871670684e-01 1.4669385910e-01 -3.6058229852e-01 2.9871811210e-02 -2.7330860436e-01 -1.7429527829e-01 2.3369620006e-01 -4.0864286480e-01 1.7838645149e-01 9.3391822558e-02 1.4484823187e-01 4.6993718724e-03 -1.1845828903e-01 7.1722333065e-02 1.7022611690e-01 -2.7521929594e-01 2.5245767184e-02 -3.0817337125e-01 -1.0786682452e-01 2.9932201825e-01 2.1409628308e-01 -1.5181700060e-01 -8.6698702291e-02 8.4381983597e-02 -2.4731322622e-01 -1.1844456811e-01
1.3410751570e-01 3.2985647720e-02 1.9117482527e-02 2.9247449370e-01 -2.8573601065e-01 6.9681372021e-02 3.3604200498e-01 -3.6575860557e-01 2.2008896611e-01 -3.6610039715e-02 2.2049526385e-04 6.9369953291e-02 -7.1136817995e-02 2.4543457680e-01 -1.1616711108e-03 -1.8374152956e-01 2.0274041289e-01 -7.0588468888e-02 -3.0325328736e-02 -7.8237873892e-02 -1.3725075999e-01 3.6980445138e-02 -2.6223217804e-01 -3.9391210310e-02 9.3081245009e-02 -2.3330501907e-01 9.4594605200e-02 2.2054015671e-02 -1.4990210806e-03 9.5317321718e-02 1.3733810257e-01 2.0402575412e-01
-3.3522692099e-03 4.1843980261e-02 -9.7566454857e-02 -9.9400097156e-02 6.3158824605e-02 1.2250366135e-02 4.4787886166e-02 9.5667801115e-03 3.1143484393e-02 -8.6151149022e-02 -1.1853695578e-01 -2.4143294568e-01 1.0069318536e-01 -3.6677366837e-01 1.5536811289e-01 -6.1779198522e-04 -2.2196602996e-03 2.6318716676e-01 6.5911807294e-02 -8.2818792855e-02 1.6951112967e-01 1.8798928603e-01 3.4423658316e-02 2.7138650556e-01 1.4938603790e-01 3.2210017541e-02 -5.1264887557e-02 -5.9653663260e-02 -2.6901792429e-01 2.2215214069e-01 2.3167827091e-01 -2.5182142500e-01
-2.6800057142e-01 2.0389005320e-02 -9.6095124177e-02 -1.4895769938e-02 -1.9093126000e-01 3.7214501344e-01 4.4040061428e-03 -1.1613504035e-01 -1.4388288665e-01 2.7989148598e-01 -3.5967829752e-01 -1.8271145548e-01 1.2340010662e-01 2.3427483140e-01 -2.2568056894e-02 -1.2187886525e-02 -2.0951772251e-02 -1.7510883530e-02 -3.9446834085e-02 -1.2855823462e-01 -2.5007926740e-01 -2.4380123606e-01 1.1334805263e-01 -1.4105744018e-01 7.2473409362e-02 2.6304570744e-02 -2.8669951420e-01 -6.9225319035e-02 -1.7989087442e-01 -1.2321658916e-01 -6.9355291648e-02 1.8619404074e-01
-1.1282223509e-01 -1.7629527650e-01 -4.6677342480e-02 1.6949650365e-01 -1.7093653365e-01 -9.6405079258e-02 2.4776489678e-01 -1.6550999287e-01 3.1056728705e-01 1.4937738437e-01 -2.7460737097e-01 3.2219411195e-01 2.1689895344e-01 -1.0732384337e-02 2.1729893238e-01 -1.1699976945e-01 2.8461991294e-01 -2.1420292825e-01 -2.4138487504e-01 1.8966496208e-01 2.1004314824e-01 9.9698469748e-02 2.7613903403e-01 -6.6989887618e-03 6.8885606617e-02 -9.3214987310e-02 -1.5176469472e-01 -1.2543349193e-01 1.7489150939e-02 -9.6159099773e-02 1.3676960502e-01 -1.9470047291e-01
1.6962552310e-01 4.0065314566e-02 5.3799266062e-02 6.7818354992e-02 6.9847375082e-02 7.2131908840e-02 -1.2750161532e-02 -7.5884744283e-02 -1.6818931287e-01 -2.2065419079e-01 -7.0711273483e-02 2.9712622926e-02 -5.2653802761e-02 -1.6767955985e-01 1.0458118629e-01 -8.3374103249e-02 1.0451617209e-01 8.6708967495e-02 1.5771864403e-01 -1.4363762117e-01 6.0031516647e-03 2.7121631952e-03 1.6178294170e-01 1.4578199867e-01 2.5970284908e-01 -2.3437992129e-01 2.2808284384e-01 2.3003498957e-01 4.7265606325e-01 3.7724601090e-01 -1.9770125051e-01 1.5530561354e-01
8.5571043266e-02 1.3971385142e-01 1.1927009732e-01 3.3780320697e-01 -8.8927886716e-02 4.7686835611e-01 -8.7332337648e-02 -2.0903277188e-01 -7.4489144181e-02 2.1589208305e-01 -2.8818764513e-01 7.7461037135e-02 -3.0554896404e-01 3.1464962238e-01 -1.8669494110e-01 -1.4920162859e-01 2.6866760601e-01 -9.9591476456e-02 -8.1744960072e-02 -2.0171412787e-01 -1.0836566086e-01 4.0732822700e-02 -1.5085175622e-01 -3.0980024743e-01 1.8627987729e-01 2.5756713907e-01 -1.7760709193e-01 1.9696769545e-01 -2.3917774079e-01 -1.3790873436e-02 -1.0824464755e-01 1.6789342121e-01
-2.2577941829e-02 -2.5802809562e-01 -4.9422985606e-02 -2.3178962780e-02 -1.3494525715e-01 2.6831087262e-01 -3.0229030456e-02 1.5961480813e-01 1.1187936670e-01 -1.2307461902e-01 1.4794909741e-01 -4.6959317855e-02 8.4111196304e-02 1.7802184318e-01 -6.5972263779e-03 1.4056338249e-01 5.2192785419e-02 -2.1437309999e-01 2.0996911714e-01 1.2483467828e-01 1.2073897327e-01 -3.8948404706e-02 -1.2329823933e-01 9.4378571324e-02 1.0593317694e-01 5.1036834666e-02 1.6276532083e-01 2.6454202394e-01 -3.2359812022e-02 -3.6405796651e-02 -1.8721672374e-01 -7.5326124374e-02
-1.0980644037e-02 -8.7560142840e-02 -3.8235346627e-01 5.7279412541e-02 -5.2342196031e-02 3.3951113764e-01 5.6458890253e-02 1.7700298070e-01 -3.1697530010e-01 5.2396976868e-02 -8.6756299924e-03 1.2820736420e-01 -1.7399492756e-02 -1.7349500326e-01 1.3687938700e-01 1.1123258152e-01 2.0337742886e-01 3.4025255442e-01 -2.4049454539e-01 -1.3273826401e-01 -2.3491179309e-01 -4.6513679930e-01 -1.8126122708e-03 1.8145119579e-01 3.1039002697e-02 1.2754947806e-01 1.8902954811e-01 -2.6646403111e-02 -1.4601709171e-01 -1.7390858675e-01 -1.6223516704e-01 2.1386261849e-01
-1.6949964738e-01 -6.9972965371e-02 -6.5183374411e-02 -1.0082896262e-01 -8.3383184433e-02 1.3850418091e-01 1.3253591588e-01 -2.0484544258e-01 2.8831025923e-01 2.4948775109e-01 2.2029123278e-01 -1.8729602699e-01 -3.9705013037e-02 -1.2311414563e-01 8.7101939220e-02 2.0374334169e-01 2.8048261890e-02 6.5078682557e-02 -2.8324099441e-02 -1.0030917489e-01 -7.0563755806e-02 -1.6833321382e-02 2.5618812426e-01 7.4911017318e-02 -4.2034861697e-03 1.9741074881e-01 -9.3055457507e-02 1.3947892016e-01 4.2369006273e-01 -8.1381291886e-02 3.7828372361e-02 1.9289664157e-01
-2.1368161978e-01 -1.3445102177e-01 5.1651246682e-02 8.7235173610e-02 -6.2293746054e-02 -1.6251764811e-01 -1.8499013726e-01 3.2149876572e-01 -6.5204211913e-02 1.2995001501e-01 -7.4042881507e-02 1.1029768623e-01 -8.7757971625e-03 -2.2295385016e-02 7.0888171689e-02 -1.6158487903e-01 1.8114478766e-03 -4.4566339746e-02 3.0526143405e-01 1.6037761473e-01 -4.3516552331e-01 1.8922019500e-01 4.0761316325e-01 3.2647088179e-01 1.8932646735e-01 1.3783946398e-01 -2.5642952225e-01 -1.7363059730e-01 -2.4877862588e-01 -6.6482665192e-02 -8.6526264047e-02 6.9621878475e-02
1.0011180589e-01 1.7505340540e-01 -3.1795954494e-01 -7.8687247635e-02 -1.1408080088e-01 1.9148580758e-01 -9.7941734353e-02 -6.9312397858e-02 8.8457310067e-02 4.5353711905e-02 -5.8889794215e-02 -3.2443146220e-02 2.5899197745e-01 1.0643468202e-01 -1.0201387123e-01 -2.0345697122e-01 -3.6182136940e-01 -1.0510540914e-01 -2.4584993627e-01 -1.0045809310e-01 -4.3913688994e-02 2.0351357753e-01 9.1425235307e-02 -1.6156340986e-01 1.1232002778e-02 -4.7906065352e-02 -4.6529090461e-01 2.5766068645e-02 1.0117085943e-01 -6.2608495642e-02 5.2073985646e-02 1.0246238057e-01
4.1054334976e-01 -3.6161060769e-02 -3.4344127244e-01 2.2331249792e-01 1.6761989661e-01 -1.2061799726e-01 -1.3515079988e-01 -2.2050083040e-01 4.4731792033e-02 1.5570381805e-01 -3.2000198042e-02 1.9482693522e-01 -7.4813126319e-02 9.0904251308e-02 2.4594385622e-02 1.6923350817e-01 2.0883382642e-01 -3.6683891122e-02 -8.5515515255e-02 -8.2519905579e-02 2.7867425497e-01 -1.2771876541e-01 2.9259085951e-02 6.7900142180e-02 -6.8682846193e-02 6.7675875916e-02 4.8517652662e-02 1.7148825233e-01 2.2076434812e-01 -2.2544228335e-02 -2.2769771173e-01 -1.8951310670e-01
-1.0768009384e-01 -1.4619375325e-01 8.2098078205e-02 -2.0092125562e-01 3.5480682534e-02 5.8508523601e-02 2.1373028311e-01 -8.1450055203e-02 4.1567059744e-01 1.0547323196e-01 -2.4973451812e-01 -4.6747873618e-01 1.0971205234e-01 2.1437346108e-01 1.1046593219e-01 -6.8468751980e-02 -2.2920387823e-01 -5.1680240942e-02 1.5851999190e-01 6.1972250438e-02 -9.9237822848e-02 -8.8023601683e-02 9.1180641041e-02 2.3813157492e-02 -3.4126671894e-01 -1.3242722534e-03 1.0059900987e-01 -1.2764917595e-01 -1.1003456442e-01 3.0677987214e-02 1.8998523901e-01 -9.5179062508e-02
2.4826742491e-01 -1.9412646784e-01 5.0161088225e-01 1.9007791862e-02 4.3286867044e-01 2.9486959470e-01 1.8621598546e-01 2.5096420283e-01 1.8819211014e-01 1.4052307043e-01 -7.8022723803e-02 -1.5799505412e-02 3.3173978628e-01 -7.2236273061e-02 -1.7758386317e-01 -2.6341018246e-01 -2.7134537801e-01 9.0514224834e-02 -2.9446544256e-01 8.0990958657e-02 8.5722723693e-02 -2.9350355843e-01 -9.0753145267e-02 -1.3253578757e-01 4.8150663490e-01 -3.2455112626e-02 1.7379240114e-01 2.0375825244e-01 -3.7327403045e-02 2.0316949079e-01 -9.5845953920e-02 1.2659844999e-01
-7.2920415461e-02 -8.0184513141e-02 -1.9934615979e-01 -2.1320295461e-01 1.2442865740e-01 1.8612309090e-04 -5.4970297104e-02 -4.4853253286e-02 2.3344851426e-01 2.1787192460e-01 -7.6780550107e-02 2.6821029976e-02 -4.8657422986e-02 3.6445913437e-01 -3.6225644111e-01 -1.1438065407e-02 2.7256176268e-01 4.5859165468e-02 -4.5081359161e-02 -2.9388582416e-01 -2.0874018367e-01 2.9652332143e-02 -9.2664073170e-02 2.0540835134e-01 1.1787395264e-01 3.0507407394e-02 -7.6635335629e-02 -1.4656878661e-01 9.1653520139e-02 -1.9263668574e-02 -5.8894973928e-02 9.6124235202e-02
1.2920420062e-02 -1.2417900491e-01 -9.3083870396e-03 3.3838842164e-02 -2.5967084311e-02 9.0178257611e-02 -3.0340203368e-01 -2.7065972314e-02 5.7752432599e-02 -2.9538035433e-01 6.0718965871e-02 -1.7191283649e-01 9.9854293612e-02 6.4218530895e-02 2.6865386310e-01 1.1880314982e-02 -2.1485236353e-01 2.6725733217e-01 2.1126753614e-01 1.9550770334e-01 -3.0523789777e-01 4.1948305761e-02 2.9035125887e-01 9.7220007874e-02 -2.0034757016e-01 -1.0281011768e-01 -1.2895175347e-01 -6.7290317104e-02 2.5197509259e-01 -7.1633318920e-02 -3.7684421550e-01 -2.8083144986e-02
3.0565257545e-01 -2.1977082729e-01 5.0082525115e-02 -1.1050936634e-01 -2.9544250178e-01 2.5615545445e-01 -8.4575128406e-02 7.0053317723e-02 2.6076610687e-01 -1.0350669303e-01 -3.4159967651e-01 -1.8231585763e-01 -2.2400303437e-01 -3.5021992562e-01 2.0110070209e-01 6.7820588174e-02 2.2544681365e-02 5.4422234768e-02 1.6516048190e-02 3.0522659068e-01 -1.9586341696e-01 1.3549190184e-01 2.2074154490e-01 9.9638453135e-02 1.2310637502e-01 1.1108251732e-02 1.4666054103e-01 1.6015339069e-01 2.9733419759e-01 2.3763817317e-01 1.0071285569e-01 -9.2518690723e-02
-9.8393632116e-02 2.0387496451e-01 1.5702663424e-01 -3.1542832931e-02 2.4171927303e-03 4.9105427776e-02 5.8984339379e-02 1.1082693691e-01 5.1918078417e-01 -2.5940792238e-01 -1.0159123258e-01 -3.8773828315e-02 1.6936734302e-01 -2.2992858447e-02 7.9696949330e-02 1.0991909582e-01 3.6180426610e-01 -3.3535431160e-02 1.4897920615e-01 3.0517890055e-01 -1.0987622084e-01 5.4886518921e-02 -1.8319988750e-01 2.7632158084e-01 -2.9895355638e-01 3.8870295157e-02 1.3730264342e-01 -1.6179178875e-01 -1.7107392835e-01 -8.2674656936e-02 -2.2089297931e-01 5.2174573668e-02
-1.6338046067e-01 1.4013188140e-01 1.4333647169e-02 9.0932181963e-02 1.3798780913e-01 -1.6020019271e-01 6.9976727988e-02 1.4043032148e-01 -2.2565699003e-01 9.1004422248e-02 1.6597635254e-01 2.9150758776e-01 5.4362416302e-02 -3.6781179205e-02 2.2082428577e-01 1.9790421828e-01 -6.1093997973e-02 1.9217223958e-01 8.5891105075e-02 -2.0520371917e-01 1.1457083510e-01 5.5561455520e-02 -1.0528065413e-01 -4.0863169631e-02 2.6632337779e-01 3.5853010820e-02 4.2728561471e-01 6.5433580042e-02 -5.1664443891e-02 1.1342004039e-02 -1.6903505818e-01 -2.5804684391e-01
-1.6464553328e-01 -2.5634434190e-01 2.5842432030e-01 1.6527538177e-01 -2.9859884047e-01 -4.0887330246e-02 3.8288101834e-01 1.4159078550e-02 2.1918476754e-01 -1.4972016269e-02 -1.2761137195e-01 1.9129535903e-03 1.4930333761e-01 -1.0788076426e-01 -2.3853325863e-01 -2.7617393598e-01 -4.5837216724e-02 -2.6119763115e-02 1.5350812221e-01 1.4848210876e-02 -3.9835610580e-01 6.3425962207e-02 1.9064041830e-01 -4.2507223251e-02 3.9042318469e-03 -1.2926759236e-01 -2.0663420690e-01 -1.5378735551e-01 5.7928089230e-02 -3.8549388550e-02 -2.0989192289e-02 -1.3047675094e-01
