-5.4366120456e-02 1.5979068609e-01 2.5220418795e-01 -1.7222388063e-01 -6.3410340840e-03 -3.1562173384e-01 -4.4228456057e-02 -2.3707233289e-02 -1.1245369605e-01 -1.5677164211e-02 3.5910532799e-01 -7.2758028686e-02 -5.2645446725e-02 -2.5756103510e-01 -3.8719621442e-02 2.5722681367e-01 -5.2732693995e-03 -1.3475280263e-01 -2.5061597583e-01 -1.2461592866e-01 8.8706982538e-02 1.1801309614e-01 -3.7992291379e-01 -1.3239897075e-02 -2.3172940589e-01 8.6936571520e-02 -2.3500946651e-01 -3.2800097624e-01 -5.9038376311e-02 3.4939365490e-01 -1.7020197055e-01 4.0434285090e-02
-2.7183316119e-03 6.2884319118e-02 -1.9933814366e-01 -5.1053418303e-02 3.4276543072e-03 -1.1995797024e-01 1.6586251273e-01 8.2912102440e-02 -2.9277272956e-02 -1.5057288586e-01 7.9210511281e-03 -2.7538077556e-01 4.9616351823e-02 -1.5998683952e-01 8.2965968910e-02 -1.2717474567e-01 -3.5400838021e-01 -2.6104112934e-01 -7.3354728412e-02 3.3485921921e-01 -3.6533226000e-02 3.6157535921e-02 2.4282848487e-01 2.9943210831e-01 -1.6256338108e-02 4.5714740989e-02 1.5014280019e-01 -4.2508079253e-02 -1.6484527322e-01 1.0180001390e-01 1.6796856390e-01 2.1783344691e-01
-2.4616005252e-01 6.8512669371e-02 3.6273624577e-01 -8.8437261886e-02 4.5093360044e-02 2.8850599791e-02 4.6526482685e-02 2.2422493790e-01 1.5225390258e-01 1.7416916235e-01 6.7191390640e-02 -2.1421316440e-01 -8.5655649025e-02 3.9043079686e-02 -8.4492634212e-02 -6.7500595772e-02 -8.5103225219e-02 -1.0125669377e-01 -9.4300062545e-02 2.3733683535e-01 4.7001836968e-02 1.0200730780e-01 8.9624332870e-04 7.8634261777e-02 -1.5756439415e-01 -1.9855502468e-01 1.3932800221e-01 -1.8488353280e-01 2.6212266820e-01 1.1644434560e-02 -2.2210606352e-01 -7.7571911067e-02
-3.8871468453e-02 -2.2977787455e-01 -5.4514836587e-02 -9.9142208908e-02 -6.4589740276e-02 1.0250360940e-01 -1.9628180154e-01 -2.7769288730e-02 1.9701116326e-01 1.2811891670e-01 2.6883712934e-01 1.6375844449e-01 -6.0914078748e-02 -3.9124423500e-01 -1.1890583726e-01 -2.9133889548e-01 1.7906347215e-01 3.7672055040e-01 3.3694008419e-02 -8.3283485365e-02 -1.3792790285e-01 2.6000764131e-02 3.1969801784e-01 1.4585262027e-01 -2.4580054256e-01 1.9962801596e-01 -1.6021798068e-01 -2.3630466365e-02 -1.7232310720e-01 1.1216442865e-01 -2.9855047177e-02 -7.4611629546e-02
-1.1433475511e-01 1.7722316420e-02 -2.4802649536e-01 -9.9306511159e-02 4.7982919494e-02 -2.0755122571e-01 -2.5655835858e-01 -1.4646166510e-01 -2.2656497872e-01 1.5944440104e-01 2.8165950843e-03 -2.4133888105e-01 -3.0190880704e-01 1.4641325580e-02 -1.4449318040e-01 -4.1025812035e-04 -1.1774809777e-01 -1.5409848473e-01 7.8333025663e-03 1.3354584806e-03 -6.2383039796e-02 -2.5893053337e-01 -8.6662769310e-02 -1.6461919777e-01 -2.3685835403e-01 -3.2245464639e-01 2.6881077254e-01 1.6910981533e-01 -1.5359232747e-01 -1.0247257196e-01 -3.6154498530e-01 1.1967201587e-01
-1.2805546826e-01 2.9929172924e-02 -3.3916148318e-01 1.5558143820e-01 8.0542352486e-02 -5.3352456022e-02 8.7123976011e-02 -6.0433062691e-02 2.9958269973e-01 1.2804372048e-01 -8.8026941283e-02 2.4672943938e-02 -2.1329475341e-01 -2.6255959002e-02 -7.2892574158e-02 3.4997119218e-02 1.3264637359e-01 -2.7384988761e-01 -3.4651978427e-01 -9.1283968063e-02 -1.2411753108e-01 2.3456634319e-01 2.2454940637e-01 -7.1943734119e-02 2.1173879645e-01 -1.2422074013e-03 3.9006224109e-01 1.9938968186e-01 3.3000589103e-01 -1.3216462076e-01 -2.0307820638e-02 -8.2831584301e-02
2.7019051732e-02 1.9139696504e-01 2.2053666119e-01 2.3594464233e-01 -8.6960326383e-02 -2.2760067665e-01 -1.5821036669e-01 -2.1241022367e-01 -1.5194962583e-01 -1.9699837092e-01 2.1108346121e-01 8.8573948053e-02 2.2109287727e-01 -3.6484193756e-02 -1.5104919566e-01 -1.5783684819e-01 1.0759620207e-01 2.0771984654e-01 9.5931402523e-02 2.6384127405e-01 -5.1105847770e-02 7.5058397556e-03 3.1100586760e-01 -1.5540497354e-01 3.3920901712e-02 1.6038076430e-01 -3.4893867426e-01 4.5936602819e-02 -1.0791804147e-01 2.5062499480e-02 3.4470522178e-01 1.5009881836e-01
-2.4704629787e-01 5.2763743910e-02 -1.5559639973e-01 2.3825620270e-02 -6.9897685942e-02 1.3671725637e-01 5.4768412108e-02 1.6633344389e-01 3.6537697837e-02 -4.2799558461e-02 -1.2736328728e-01 -1.5358372871e-01 -2.9066775023e-01 -1.4225032618e-01 4.2642374968e-02 1.3851339099e-01 -1.2684174045e-01 -4.1304754116e-02 2.2195948816e-01 1.8306394670e-01 2.1124486208e-01 -2.7456066100e-01 -2.2905080109e-01 2.7798352528e-01 -6.5499958045e-02 8.6506067113e-02 -1.1102063541e-01 -1.6622104054e-01 1.1701172849e-01 -9.0030157206e-02 -1.3771027682e-01 5.6951383489e-02
-4.7586195147e-02 3.7968184136e-02 3.1066871570e-01 -3.4081444194e-02 7.0678883260e-02 -3.2276719628e-02 3.0952442659e-01 9.2696172289e-02 -2.4866157634e-01 -1.7996022927e-01 7.2911058186e-02 2.0557346377e-01 -1.7700498061e-01 -6.4863259596e-02 2.9095144785e-01 3.5851965229e-01 -2.2548183354e-01 3.6805754080e-01 -8.2677328529e-02 -1.8051710184e-01 3.0661706952e-01 1.4154728017e-01 2.2242109656e-01 2.2984279004e-01 -9.6113981477e-02 8.0394093537e-02 4.0224246476e-01 -4.7301254630e-01 2.0235130807e-01 1.5866439495e-01 -1.9233474285e-01 -2.7673272714e-01
6.0548698778e-02 -5.1316701559e-02 2.1583385853e-01 -1.2473822750e-01 -1.7641340438e-01 4.4974452869e-02 1.4228380964e-01 -1.7783770942e-01 3.3044890973e-02 -9.9297810637e-02 1.0183302971e-01 1.9369709664e-01 2.1115044734e-04 7.5396056496e-02 9.0299288948e-02 3.5763104377e-01 1.9215482261e-01 2.9375375626e-02 -3.8674284484e-02 7.8334710664e-02 1.1852931882e-01 2.3694720368e-01 8.6161902974e-02 -6.4677057029e-02 -1.1352020976e-01 -1.6619774165e-01 -2.1615497410e-01 -1.4060293563e-01 -1.2781991258e-01 1.0756519024e-01 -8.8589210857e-02 1.4765798622e-01
3.2675040332e-01 -4.5390568709e-02 3.8277677749e-01 -1.0010242387e-01 5.0473944945e-02 -2.2140439090e-01 1.8700360516e-02 -8.1691336603e-02 3.3827641758e-02 -9.0477303467e-02 -2.0572003857e-01 4.0765981284e-02 -1.9979318813e-02 1.1078965719e-01 1.0049362494e-01 -1.3444126885e-01 1.0532798005e-01 4.6948977397e-01 6.2339607982e-01 -4.2407521077e-01 -2.5136293898e-02 -2.9303367989e-01 -3.3638510542e-02 2.9772835759e-02 4.1372110519e-01 -5.9902753575e-02 2.7990519826e-03 3.3390167951e-01 -7.4394913771e-02 -5.1847889994e-01 1.0865022038e-01 1.5523501860e-01
-2.5295797578e-01 2.5299743336e-02 -2.1172100177e-01 -1.1349966387e-01 -3.3535865746e-01 1.9506152308e-01 -5.7165901372e-02 1.2147968982e-01 3.0025375240e-01 1.2420615433e-01 1.2995732670e-01 -1.6327909866e-01 1.3170453715e-01 -2.7353929790e-02 -1.1572921946e-01 1.2233841973e-01 1.1730702861e-01 -5.2289402342e-02 -4.8276136923e-01 -7.1283309887e-02 2.2785333351e-01 2.0279621907e-01 -1.4395048947e-01 7.7963904906e-02 -2.4264819367e-01 1.0883707668e-01 -8.2146892839e-02 -1.6752539528e-01 3.7562986273e-02 -2.2092972189e-01 5.1760705900e-01 -1.7003802485e-01
-1.0221212247e-01 -7.8648296885e-02 8.2999877895e-02 -6.9378831910e-02 2.4785139727e-01 -9.3896257042e-03 -1.1322729642e-01 2.4024401657e-01 1.0217159546e-01 -9.0790474866e-02 1.6388401159e-01 -1.9472765293e-01 -2.0566465518e-01 1.1876997633e-01 1.6993215584e-01 6.3454108880e-02 -5.2839662844e-02 1.1191994352e-01 2.5930205752e-01 1.8264840229e-01 2.3216153458e-02 -8.7530099466e-02 -3.5234837472e-02 3.4298690819e-01 -1.1361219525e-01 -1.7164779120e-01 -2.1259518981e-01 -3.4972964788e-02 5.1981979009e-02 1.4368523913e-01 -1.9023416336e-02 9.6555352756e-02
-2.1047924548e-02 -1.3993383067e-01 7.6537603669e-02 -4.5236116594e-02 6.2925382969e-02 8.9404837562e-02 -5.5592645616e-02 1.2630211990e-02 -1.7877305129e-01 6.4285397425e-02 -4.1995392334e-01 1.5455285366e-01 9.7476705836e-03 5.4568375653e-02 8.5695830977e-02 1.1149295665e-01 3.5753612144e-02 2.8331783904e-01 4.0335446564e-02 1.7123363944e-01 5.7358773940e-02 -1.5617276438e-01 1.0705170035e-01 3.0991143966e-01 1.6366336789e-01 -1.7889921007e-01 -3.6710454029e-02 -7.6721589317e-02 3.0294113972e-01 4.0983343568e-02 8.4546072076e-02 -2.4938664627e-01
-1.4166400382e-01 -4.0578516284e-02 1.2859115310e-01 5.4958178668e-02 -1.4353262932e-01 -1.6519512372e-01 2.1654327886e-01 3.2390109969e-01 1.2322213906e-01 -5.3086488098e-02 -4.0878725394e-02 2.8049620378e-01 -4.1496051982e-02 2.0912483758e-01 3.3905684538e-02 -5.8888595343e-03 9.9960321189e-02 -1.2419980243e-01 -4.2418416456e-01 2.5971248235e-01 -4.4344014673e-02 7.8009844956e-02 -2.4286505988e-02 2.6536342712e-01 9.4731287045e-02 1.5254927667e-01 9.6019626627e-02 -1.8815438945e-01 4.0817495207e-01 -1.2311871022e-02 1.5344829642e-01 3.8528650623e-02
2.9812911154e-02 -4.1252629674e-01 7.3021302242e-02 -6.0969171199e-03 -7.1999219102e-02 -7.3580272960e-02 -9.3041842338e-02 -8.7432775710e-02 -1.3489370403e-01 2.3620297500e-02 2.4219497527e-02 6.4991386613e-02 -2.3659907227e-01 3.4561319068e-02 1.7156404864e-01 4.3189829462e-03 -1.7380892469e-01 7.5001851368e-02 2.4748371106e-02 -1.6898704799e-01 4.1047560286e-02 -4.8366198931e-02 -3.7324629601e-02 -7.8742798564e-02 1.0064436162e-01 2.8391628303e-01 -8.7770736768e-02 -2.6313897982e-02 -1.3427329311e-01 1.1072605474e-01 -6.4954788556e-02 2.7989554106e-01
-3.0060719651e-02 -1.6529953065e-01 1.4809555999e-01 -4.5566600756e-02 -7.8114411813e-02 1.4318773993e-01 2.2602405079e-01 -1.4615103606e-01 2.7249763550e-01 -8.6341132480e-02 3.8528288835e-02 3.1934723505e-01 3.7833147354e-01 -3.9305968534e-01 -1.7988185098e-02 1.2864358364e-01 1.3470806292e-02 -3.1398205935e-01 1.0042999750e-01 6.0580117083e-02 8.8784430424e-02 -9.0997993836e-02 8.4145204381e-02 -2.3101052565e-01 2.4920686355e-01 -2.2139601044e-01 2.0003759438e-01 2.1455656364e-01 3.8713363149e-01 -1.3083356389e-01 -8.0265607880e-02 6.1268584159e-02
-3.2223161103e-01 2.4970353028e-01 -4.0853944316e-02 7.5072717138e-02 -1.4236251976e-02 -2.6951830323e-01 1.2886588453e-01 -2.4155600239e-01 2.3896116824e-01 2.7764579065e-02 2.3112524792e-02 -3.0412953593e-02 5.0081670779e-02 2.5484236615e-01 3.7489884626e-01 -1.1719673963e-01 -1.4904556155e-01 -3.2962694726e-01 1.3735920545e-01 1.2762645309e-01 2.4388542253e-02 1.3479491667e-01 8.8370396971e-02 1.2994416329e-02 1.2915836257e-01 8.3000603519e-02 -5.3084124233e-02 -2.0374645746e-01 9.0221466706e-02 -6.0614661971e-01 -8.8206577008e-02 1.5653325878e-01
2.8605461657e-01 4.3019984690e-02 -8.3666250848e-02 3.5361164156e-01 -1.0047705159e-01 1.8513756934e-01 -8.9249932368e-03 -9.6914666155e-02 2.0298015303e-01 2.0499171398e-01 -3.6080076870e-01 3.6733504654e-01 1.9726527656e-01 -1.4224284666e-01 5.2767805344e-02 -1.1012504253e-01 -3.4031249042e-01 -1.3050166936e-01 -1.3051873674e-01 7.2761671371e-02 -5.4337099957e-03 2.3620426385e-02 -2.8600938702e-01 7.8018230856e-02 1.5158127033e-01 -6.0016460991e-02 2.1259929966e-01 8.7458282400e-02 -3.9987197104e-02 9.4241611357e-02 2.1022790729e-02 -3.9712674122e-03
1.1385325219e-02 2.8043045470e-01 1.1848415660e-01 2.7343239186e-01 2.5771744080e-01 -1.4113589419e-01 1.9437707460e-01 2.9496968817e-01 6.7739163821e-02 1.3353930679e-01 2.6361248658e-01 -4.2431027719e-02 3.2148218018e-01 -1.6072018478e-01 -6.8304397713e-02 -1.6357372637e-01 -2.6864317814e-01 -5.1883129017e-02 1.7368342782e-02 9.4671759713e-02 -3.5019480637e-01 2.1002715283e-02 1.6710332300e-02 9.2468507393e-02 2.3702149088e-02 2.0040456673e-01 -1.6737831078e-02 -1.5308698701e-01 4.0577632384e-01 1.4710842299e-01 2.2296173795e-01 -3.3146201354e-02
-5.1256349251e-02 1.7211524654e-01 2.0976270920e-01 -7.3287751803e-02 7.4346310665e-02 -3.7094680217e-02 -3.9452026716e-02 2.3204330629e-01 2.7430584749e-01 -2.3303360824e-01 -2.3248832623e-01 1.1346381774e-02 9.6135152650e-02 1.9673479619e-01 1.5608899096e-02 -7.9423424613e-02 2.1719379696e-02 -2.3340300370e-01 -1.3445279559e-01 -1.3753284257e-02 -1.4423279498e-01 -3.3859810802e-02 3.1615839855e-02 -1.5205011701e-01 1.6988438884e-01 2.7268356504e-02 -3.9964389500e-01 3.5701846743e-01 9.2465374157e-02 2.0900730863e-01 1.1856437049e-03 -5.1455224229e-02
2.3157937543e-01 -2.0381998531e-01 5.0166389120e-02 1.1028003068e-02 6.9189427494e-02 2.1027828425e-03 2.6171040758e-01 -7.2310478861e-03 1.1164532250e-01 -3.0000864015e-01 9.3876948407e-02 -1.1171223143e-01 -1.5256457358e-01 1.7809919284e-01 1.0728469995e-01 -2.6264108037e-01 -1.5988994148e-01 1.1890433414e-01 3.3057151521e-01 5.9797255112e-03 9.8274570738e-02 -9.7396280623e-02 9.6119514846e-02 2.1249128477e-02 -4.9936135583e-02 -1.2328088360e-01 4.5323845748e-03 -1.9063624251e-01 4.0308779145e-02 -5.2547442788e-02 8.9283609652e-02 1.2745002808e-01
1.3137248218e-01 -4.6568378901e-02 -1.2880620271e-01 1.4730291292e-02 -4.1162622436e-02 -1.4304628670e-01 -2.3351394944e-01 3.2620240848e-01 8.9456506299e-02 6.5101219338e-02 -1.3249605621e-01 -2.4733716219e-01 2.8306745088e-01 -1.1006818883e-02 -1.6546966165e-01 -2.7274202489e-01 -3.6548575301e-01 1.2623840592e-01 -2.4205106347e-01 1.9801976016e-02 3.7259976315e-01 1.6467379395e-02 1.2437571133e-02 9.7720875569e-02 2.4403734514e-02 5.9732948461e-02 -3.3746945695e-01 -7.4194861711e-02 -2.3658609698e-01 -3.7392388423e-01 -5.1874196487e-01 3.0853248995e-01
-4.0388867195e-03 8.0595999722e-03 3.0953721142e-01 2.7550232169e-01 -5.5030599395e-02 -6.4152186637e-03 2.1423158511e-02 -1.7691211931e-02 -6.9998751503e-03 -9.9308695634e-02 2.6301821846e-02 1.5049945343e-01 3.0501794765e-01 6.3373867382e-02 -2.2589544589e-01 3.8259822112e-01 -2.9808333865e-02 -1.6794669314e-02 -8.5782746093e-02 -1.4135712840e-01 -1.5008456965e-02 -1.6218003478e-01 -6.6439883433e-02 -2.2085863549e-01 3.5063062428e-02 1.9643506783e-01 3.0746482792e-01 -5.1278322497e-03 -1.2754026041e-01 2.4154094569e-01 -1.0365540812e-01 -1.9803665955e-01
-5.9676159968e-02 -2.7388323026e-01 -2.5202247491e-02 9.9963164599e-02 4.0855685421e-02 -2.0190564324e-01 1.3255372365e-01 -8.6283619545e-02 1.8180104939e-02 4.3337241791e-02 1.7381262394e-02 2.5114266279e-01 -3.1842888447e-01 7.0968232885e-02 2.0647476842e-01 1.4570762068e-01 -1.2325078807e-01 1.1374848649e-01 1.6878147594e-01 -3.5767637292e-01 1.8755279316e-01 3.5301709953e-01 9.9126898648e-02 9.5953886647e-02 -3.8447853104e-01 -3.9724231288e-01 -3.7737722413e-02 3.0848450101e-01 3.4069195393e-01 -3.6985796600e-01 -1.4313331393e-01 1.9213460817e-01
7.6196419626e-02 3.6120430738e-01 1.4787800104e-01 5.6976282892e-02 1.3009611808e-01 -7.1734636166e-02 -1.1432569725e-01 3.0783292702e-02 1.7841270408e-01 2.9560896326e-01 2.3715885803e-01 2.3876131919e-01 -1.5634917501e-01 -9.5683135278e-02 -2.2070362697e-03 -1.6737799825e-01 -9.0466418621e-02 1.5467519916e-01 8.9624443753e-02 -1.5367903542e-01 1.2408855613e-01 2.5182449773e-01 1.8321267769e-01 1.1504707515e-01 -6.0218726460e-02 -5.6418227872e-03 -6.4960135484e-02 -9.4506116453e-02 -5.7413596652e-02 5.1195917024e-01 1.1661671516e-01 3.4294627710e-03
-1.7799423947e-01 2.5028574756e-01 -5.6481145445e-02 1.6648878414e-01 1.1904029973e-01 2.0065595080e-01 4.0384207406e-02 2.2093761098e-01 2.6406667516e-01 1.2201542538e-01 2.2008368728e-01 -1.2117345939e-01 -2.6557665077e-01 3.6088547941e-01 -1.3790328789e-01 -2.7711701680e-01 1.8103604474e-01 1.9182744771e-01 2.6500017993e-01 -3.5730856070e-02 1.4912994839e-02 -6.3641817672e-02 9.4186335916e-03 1.9285869195e-01 -4.7980610117e-01 1.5816530324e-01 -8.2297297858e-04 -8.6729290115e-03 -2.7687458892e-01 -1.0456325367e-01 -2.0197165742e-01 2.3962470630e-01
-1.9426340869e-02 -4.5248482261e-02 1.9777761333e-01 2.7159020468e-01 -1.7873041138e-01 2.9322139662e-01 1.6184044648e-01 -3.6489221212e-02 -1.0553146736e-01 3.2662599616e-01 -6.8042091868e-02 3.6847331399e-02 -1.0111676767e-01 -1.2925132684e-01 1.5624301928e-01 2.9935706886e-01 2.2214833692e-01 1.6430502202e-01 7.1114882680e-02 -1.4320403892e-01 2.2143714923e-01 2.9891220949e-01 1.0046646923e-01 -8.7506169100e-02 4.4391517264e-01 -3.6601496613e-02 -1.1300212867e-01 -1.7318271521e-01 6.5866585201e-02 -1.2072567219e-01 1.9299181748e-01 -3.9327665352e-02
-1.1416373126e-01 1.2552601498e-01 1.4566239680e-01 1.6059281494e-01 -5.3066785165e-02 7.4437975413e-04 -1.9167504450e-01 -2.4383772167e-01 2.1739332146e-01 2.7926945203e-02 -1.7642097961e-01 -7.4444616793e-02 8.3716163148e-02 4.6325159855e-02 -4.4028408690e-01 1.1841690358e-01 1.6940987241e-01 -2.0590699111e-01 -9.4084205609e-02 9.5062138179e-02 9.3142874539e-02 -2.1709293292e-01 -6.3635546457e-02 9.0418563159e-02 -7.6437822790e-02 -4.3813594191e-01 -2.4762532158e-01 1.9742242363e-02 1.3501687040e-02 -3.8310980129e-01 5.4249834564e-02 -2.5812629821e-02
6.9229278038e-02 1.7254565427e-01 1.2699664683e-01 -2.5624196511e-01 2.5566233643e-01 -2.0061309898e-01 2.7626996539e-01 5.5325622642e-02 -3.0867278176e-02 -3.2761245475e-01 -1.1549405295e-01 3.6421902723e-01 -2.2844326076e-01 1.8621660801e-01 8.8282782787e-03 -7.2818633945e-02 4.0688797318e-02 2.4376687409e-01 -4.0837250580e-02 -1.1751760166e-01 -2.1213162362e-02 -6.1850138702e-02 -2.5104474688e-02 -2.1576069075e-01 -2.4259029898e-01 1.6653148971e-01 3.7743287296e-02 -6.3084101213e-02 -1.7392645688e-01 -1.4648143606e-01 9.9523120352e-02 -9.9969437975e-02
2.3374155531e-01 -7.8327531826e-02 1.0889454891e-03 1.7350095572e-01 3.4349892719e-01 -2.5699516766e-02 2.0817942357e-01 4.9373499563e-01 1.2794183650e-01 -1.5713271051e-02 2.0528055406e-01 -3.2525693577e-01 9.4865468762e-02 -3.5591969560e-02 2.2044907674e-01 2.1318544600e-01 8.5741333057e-02 1.0178224348e-01 3.0056859122e-01 1.1549820809e-01 1.9772637051e-01 -4.4156866747e-02 -2.5648452595e-01 7.0289607305e-02 -1.7667411865e-01 -7.3991188645e-02 1.1384312122e-01 -2.0401397523e-01 -4.2398941640e-01 3.5816203554e-01 -1.0169864928e-01 1.1767518542e-01
1.0245804670e-01 -2.0489791022e-01 -1.0357389092e-01 5.4130737378e-01 1.3907240750e-01 -3.8174530846e-01 -8.3817942988e-02 2.7834099739e-01 -3.9871820627e-01 -7.9325875530e-02 2.1310900285e-01 1.3375280213e-01 -4.0630577019e-01 -1.6356803749e-01 1.4867922142e-01 -2.0975021161e-02 -2.8648056504e-02 2.2682209208e-01 1.5252139759e-01 4.0537437270e-02 3.1837686743e-04 -2.4905331173e-01 3.0360579654e-03 1.2755531507e-01 3.0613918570e-01 -6.0407879225e-02 3.9123677054e-01 -4.5894255859e-01 7.4542452786e-02 -9.9879868875e-02 -3.1697402420e-01 3.5698477520e-02
