-1.2273183498e-01 -2.2700845476e-01 3.9993587548e-01 1.3282121454e-02 2.0181342482e-01 6.6349584085e-02 -6.4881921690e-02 -2.5435854492e-01 2.1420353293e-03 -3.9256807948e-02 1.5530829868e-01 2.7156746030e-02 2.8057665465e-01 -3.0964516714e-02 -1.4390341661e-01 5.8856296748e-02 5.1217168240e-02 -2.8161599802e-01 -1.5172611946e-01 1.4761023853e-03 6.8499864381e-02 -1.3374659916e-01 2.3468346890e-01 -3.2541956107e-02 -2.1009350616e-01 -2.0534405400e-02 1.4873075888e-01 -8.9852212646e-03 -2.0845822460e-02 -7.6595042520e-02 -3.2581194022e-02 1.4292288669e-01
1.6087849443e-01 -1.5198990065e-01 2.6145575927e-01 6.7486515213e-02 -8.4327697892e-02 7.7531449360e-03 -7.5360226706e-02 -8.2033829945e-02 -1.4901316681e-01 -1.7989829322e-02 -1.2010377869e-01 7.8213340602e-02 -3.8769757533e-01 -2.4748156675e-01 2.7281033908e-01 1.4298977329e-01 -3.8177678292e-01 -2.1795961679e-01 -1.6267747707e-01 -7.1162013028e-02 2.1973008138e-02 1.4642357325e-01 2.8029797972e-01 1.0569569788e-01 -5.0766512924e-02 3.4938239655e-01 7.2445936544e-03 -9.2468053396e-02 -9.3398993096e-02 1.5241910531e-01 1.8107191347e-02 -1.3642994449e-01
2.1085762591e-01 8.1670542035e-02 1.4186169159e-01 1.6413152053e-02 -3.7028814552e-01 3.0026955429e-02 -7.6792917740e-02 1.2311044232e-01 1.4717158408e-01 1.4734768044e-01 3.5010973287e-01 -1.5439384642e-01 1.4998664543e-01 -1.9962960146e-01 5.3741641936e-03 -3.6045489553e-02 2.7255487263e-01 -3.0493843733e-01 1.0381168237e-01 1.7806775928e-01 -1.2797222490e-01 2.5381670930e-01 -7.7484052957e-02 -1.0340768400e-01 -2.6383478593e-01 -2.3860470404e-01 1.7524058298e-01 -1.8919217302e-02 7.0763152815e-02 3.0105633056e-01 -1.6552346909e-01 6.5222207534e-02
-5.9821690331e-02 -3.1826980304e-01 2.7183412367e-01 1.4357168386e-02 7.7473138128e-02 7.3806677888e-02 -2.3154292402e-02 5.5460094514e-02 -1.4914397729e-01 -2.0815934908e-01 -1.0865403223e-01 2.7699626078e-01 3.0189639837e-01 -1.5346663124e-01 -3.2243898150e-01 -7.8590677520e-02 -2.0138603362e-01 -2.8164745171e-01 -1.3501084834e-01 5.2465842039e-02 2.0726850138e-01 -3.6174032143e-02 -1.0987874679e-01 2.5492039286e-01 -1.1460259690e-01 -1.7157979824e-01 1.2070502818e-01 6.5975601473e-02 5.2627017566e-02 -6.8745930678e-02 1.4531361016e-01 -2.1222784588e-02
-4.4582209551e-02 2.9570757398e-02 -1.8550682091e-01 7.0611120797e-02 -3.4812814250e-01 1.0532232679e-01 -9.1647840560e-02 1.9574326029e-01 9.6006702769e-02 3.7629730879e-02 1.2724327808e-01 2.2529240195e-01 1.7967512546e-01 2.1948972988e-02 7.3294615189e-02 -2.1362377734e-01 -1.2659418328e-01 1.3294573757e-01 1.6114739316e-01 -7.7656701421e-02 -3.7118530160e-02 -9.0417638414e-02 3.7172152308e-01 -5.9359550498e-02 -7.9405332646e-02 -2.3554734788e-01 -2.2680292905e-02 6.7503848988e-02 7.5445549391e-02 2.7563574162e-01 2.4868395834e-01 3.6061492190e-02
-1.5422879249e-01 1.5005808289e-01 2.7844231509e-01 -2.8966123505e-01 -5.8673058599e-02 1.5495332341e-01 6.6752326853e-02 -2.3434913299e-01 -4.0728998372e-01 1.9500957728e-01 5.1287121673e-02 -3.1259312525e-02 -8.3549551411e-02 9.8201711103e-02 -2.0935305045e-01 -3.4658868422e-01 -1.9631900153e-01 -1.4028696916e-01 -1.9172512946e-02 -6.4353446060e-02 -9.9609753664e-02 2.6686486228e-01 1.5261304426e-01 1.2144757572e-01 -4.7121662197e-01 2.3238440183e-01 -3.7685452550e-01 -2.8847927067e-01 1.3676084523e-01 -2.9532357527e-01 -1.7328803324e-01 -2.6234595414e-01
1.6577714846e-01 2.6028554113e-03 1.5475569371e-01 -4.4446577136e-02 -1.4685822766e-01 1.7484496275e-01 6.6150117799e-02 3.1714388364e-02 1.7830739760e-01 8.4105161806e-03 3.1064377360e-01 -5.5830526473e-02 1.7717549787e-01 1.1469350832e-01 -1.5140910224e-01 -7.5139589062e-02 -3.9432260576e-03 -5.5095217164e-02 -5.6776135826e-02 -1.3614525283e-01 -3.6859747091e-01 3.2882784629e-01 -6.3430988373e-02 -9.7334507718e-02 3.5112288418e-02 -8.5085899276e-02 1.0478539730e-01 -1.1434453907e-01 2.8261402533e-01 9.3612113766e-02 6.0051613823e-02 -1.1118737831e-01
-4.2444633905e-03 2.3733686456e-01 1.6102906909e-01 1.1692895876e-01 -2.9437497239e-01 -9.4333116659e-02 -2.2736699248e-01 -2.4815896967e-02 1.2409889515e-01 -1.4008098596e-01 3.2390948472e-01 3.0819493094e-02 -8.9515587989e-02 -6.4968933578e-03 -1.9811025748e-01 1.7573454603e-01 8.1727045097e-02 3.1500751427e-01 -2.8461004833e-01 2.1638492581e-01 2.3782117977e-01 -9.4551935186e-03 -7.9441037051e-02 2.8059370137e-01 -3.9580126365e-04 -2.2900154457e-01 8.5591131750e-02 -2.9269519996e-01 4.5006287697e-01 -7.3811839280e-02 5.8831041496e-02 -1.9737769923e-01
2.2952796687e-01 -2.1680635175e-01 -5.0441685368e-02 -5.7076777911e-02 -6.6699935204e-02 6.1446028558e-03 2.7019849095e-01 -4.6242502175e-02 2.7658130833e-01 3.0689318135e-01 6.1786481205e-02 1.2726536838e-01 -9.3424471922e-02 9.5107703799e-02 8.3697294913e-02 1.4904273063e-01 -3.1954486882e-01 -1.7527618570e-01 1.6743664196e-01 -5.9216336161e-02 -1.4770479109e-01 1.5586619127e-01 -5.1137479502e-02 -3.5643219188e-01 -1.1896899631e-02 1.2776039061e-01 1.3628519237e-01 6.4120572605e-02 1.9957961304e-01 -1.6964608982e-01 6.3930714633e-02 2.4350271669e-01
1.3341432777e-01 1.4193282169e-01 -1.3287098173e-01 -1.5028659177e-01 -1.5355517202e-01 -1.5463226724e-04 2.6959536771e-01 2.6390205343e-01 -2.4799424022e-01 1.4911315004e-01 4.9984815012e-02 -1.7775833681e-01 2.4549859736e-01 1.4944715038e-01 2.0337725227e-01 3.1527897474e-01 2.1297298870e-02 -1.8409071768e-02 9.2042267024e-02 3.3516545964e-03 -1.3971174178e-03 1.5510127032e-01 1.0973830797e-01 7.4644048249e-02 -1.0371435251e-01 1.1750490277e-02 1.1186740013e-02 -2.9399584222e-02 -8.6541700921e-02 -2.8852269849e-02 2.5449170443e-02 -2.9479910438e-01
5.5958932677e-03 -2.6276517423e-01 3.0734557490e-01 9.3319414375e-02 -1.2092673840e-01 -6.9463112937e-02 4.6125109770e-03 2.0661607519e-01 7.0948565828e-02 3.2796643017e-01 -3.3004098463e-02 -7.8491564456e-03 -1.2371938725e-01 3.0618453206e-02 4.9130310432e-01 -1.0425472681e-01 3.4815619031e-02 2.3927417482e-01 -9.2400154826e-02 1.5445740743e-01 2.7907524138e-01 1.4272553334e-01 1.9596034422e-01 1.7733459889e-01 -7.4017157114e-02 -2.3724848573e-02 2.2023576438e-01 9.3652252042e-02 -1.1507062663e-01 1.6634270834e-02 1.5382423254e-01 2.3616526246e-01
-1.2117583304e-01 -2.1315277359e-01 1.7565117513e-01 1.1716624045e-01 8.6761483706e-02 2.3497527907e-01 6.1483984833e-02 -5.7518715832e-03 6.7285977172e-02 3.4296663148e-01 -1.5550653133e-01 -4.9627107331e-03 1.4688257365e-01 -2.5699550818e-01 -3.2013527062e-02 -3.7950614809e-01 -1.8152707843e-01 -1.9956823442e-02 -2.7612248066e-01 -1.0250132332e-01 -6.5424192012e-02 1.9710640568e-01 -1.7583597068e-01 2.0648063652e-01 -2.6557959990e-01 -3.2031148688e-01 -2.5860375549e-01 -8.7956198129e-04 -3.3830998911e-02 7.6730856123e-02 3.2295538711e-02 -4.3177648603e-02
-3.0340317995e-02 -1.4331596434e-01 1.5559226765e-01 1.8907742343e-03 2.9524622504e-01 -1.7322110069e-01 5.3243260806e-02 -8.0858081721e-02 -1.3551318506e-01 -9.2298930055e-02 -5.0570413014e-01 2.3544402833e-01 -9.3376125253e-02 -3.4795053743e-02 4.0549818267e-03 -7.4472589841e-02 2.4459032230e-01 6.2615907907e-02 -2.7512479340e-02 -1.2069046185e-01 1.1857015268e-01 7.2753323214e-02 -2.2167620425e-01 9.2208713819e-02 4.6206274458e-02 -8.6443828037e-02 -1.6391312372e-01 6.8906781455e-02 3.9288355198e-02 -1.2311389423e-01 1.9589338139e-01 2.6292500086e-01
3.0923422595e-01 -2.3689162936e-01 7.3732414448e-02 -1.6964416291e-01 5.1027191636e-02 1.2811290303e-01 5.2188903837e-01 -1.9959326620e-01 4.7676201111e-02 -3.3544099357e-01 1.2577041884e-01 -8.1733814202e-02 3.2102536825e-01 -7.0451372839e-02 -1.5444770563e-01 -1.0321984483e-01 -2.8070797248e-01 -1.5484883809e-01 -2.3885860151e-02 -1.5692124868e-01 -1.0066053664e-01 2.2385223751e-01 -1.1730536313e-01 4.2973427861e-02 2.1789688918e-01 1.7073513432e-01 1.1344400230e-01 -4.4788064679e-02 3.3578049656e-01 -1.5173691382e-01 1.2147484840e-01 4.8205210050e-02
-2.8424815086e-01 -1.4546899571e-01 -4.8532574476e-02 -3.0614404948e-01 2.9513371672e-01 6.0462269274e-02 -9.8283256216e-02 1.8217775629e-01 -8.5094721656e-02 -3.8392122405e-02 -8.2873694239e-02 -3.5178489180e-03 4.5379852108e-02 -2.9949850847e-01 -3.4561852590e-01 4.4351280362e-01 1.4116371712e-01 -1.5514294537e-01 -2.3863484480e-01 -5.7715789649e-02 -2.5039700497e-01 -3.7476845135e-02 -1.0521682988e-01 1.0496571534e-01 6.2201890479e-02 -3.8880702270e-01 -2.7099818692e-02 -3.6434157347e-01 1.6608927828e-01 6.5292536349e-02 -1.5324626385e-01 1.8874509725e-01
6.7463096390e-02 -7.6814539474e-02 2.6653418813e-01 1.2803032473e-02 7.7659134642e-02 -1.0314259887e-02 -1.5330278391e-01 -1.6977329235e-01 -1.4049121256e-01 1.0223269133e-01 -7.9525367007e-02 1.9062528583e-01 -8.6016832439e-02 -2.5434158452e-01 5.5918431021e-02 2.1687915321e-01 3.1268887903e-01 9.2087454626e-02 -1.3571341627e-01 7.1805752435e-02 2.0217320159e-01 -4.2508789411e-02 5.2940807461e-01 -4.1812625922e-01 -2.6436632386e-02 -1.9147054638e-01 9.1417901020e-02 -1.5749110571e-01 1.4696626081e-01 -7.7468616748e-02 6.8892675751e-02 5.4475142531e-03
1.0106489987e-01 3.3597950169e-02 -2.7914850805e-01 -1.0323863206e-02 1.8953880278e-01 -1.1632343313e-01 4.0835366119e-01 1.6916562799e-01 -9.1629365366e-02 1.8784461106e-01 -1.2017643450e-01 -7.6595061014e-02 7.8849763785e-02 -1.2681233047e-02 4.1176821061e-02 2.0518522804e-01 -1.2679431105e-01 -2.9923101399e-01 -4.0905456738e-02 -2.5389171306e-01 -1.6193692140e-01 -2.4513083715e-01 -1.6719865902e-01 7.0382487754e-02 -1.3914276354e-01 3.9392520124e-03 -1.2685221481e-01 -2.2359890064e-01 -6.3308583860e-02 4.9368209038e-02 5.5168481297e-02 -1.0690541604e-01
3.7006136199e-02 -7.6294495666e-02 9.5311257119e-03 7.8994685561e-02 -8.2023543791e-02 -2.2184685691e-02 -2.5177760726e-01 1.0064564684e-01 8.1586892616e-02 -7.7522400699e-02 2.1341088686e-01 -4.4808458538e-02 1.5171815933e-01 1.2728231548e-01 1.8166607870e-01 -9.5220459210e-02 2.2626466777e-01 -6.8942802470e-03 -1.4429172570e-01 -2.0118023501e-01 8.9488137271e-02 1.6522094286e-01 -4.3501289687e-02 6.4658483138e-02 2.3243973570e-01 1.3327844249e-01 1.9081062184e-01 -3.5298824361e-01 4.1348056195e-02 1.6161883781e-02 -2.9457323776e-01 -2.0100386915e-01
-2.5889339000e-01 -8.4617481233e-02 -9.3847872554e-02 -1.8595376316e-01 1.8445594340e-01 1.4241936602e-01 4.3413212086e-02 2.8476450505e-01 -4.7251027989e-01 1.0248141714e-01 1.0338870648e-01 1.7963872060e-01 -7.2771021757e-04 2.2624076733e-02 -9.6949752262e-02 2.6791217092e-01 -1.2312526571e-01 1.4522333732e-01 2.9055631791e-01 1.1393651812e-01 -1.5550330564e-01 -1.7192546424e-01 -1.2863957178e-01 1.2027170715e-01 2.9888847420e-01 -7.1573362874e-02 6.2964946471e-02 -3.6767549147e-02 -3.3109709707e-01 2.4586660022e-01 -1.2680657241e-01 1.0768162301e-02
1.5316141279e-02 2.4437630177e-01 3.8276182185e-02 1.0948626681e-01 1.2359080194e-01 -4.9937345037e-02 2.7123443682e-01 1.6562917365e-01 1.5505005785e-01 6.9796681637e-02 -1.1462810260e-01 -1.1077457826e-01 -2.2250874525e-01 -1.0198141782e-01 3.3184034819e-02 -8.4552023996e-02 1.4372129569e-02 3.0228778964e-01 2.6151988292e-01 -8.8283930067e-02 2.4356569722e-02 -3.6193701271e-02 -3.5713157890e-02 1.1574085825e-01 1.3450672781e-01 -1.2846933839e-01 -1.6280833623e-01 2.5233480267e-02 1.5584255618e-01 -1.8817187379e-01 1.9867878963e-01 -1.3468789157e-02
-4.0300639118e-02 -1.8447427508e-01 -2.2084857059e-01 -2.2427556963e-01 2.0769946093e-01 -4.3986753249e-03 2.8545952090e-01 1.9927911056e-01 3.1058766287e-03 -2.4826184062e-01 -9.7966668030e-02 -1.2296552097e-01 -9.3826043183e-02 2.3634639727e-01 -1.4874071803e-01 7.9130522604e-02 2.8526248610e-01 -9.3785438494e-02 3.4961510814e-01 1.1542155231e-01 -5.6265773146e-01 -2.9427974255e-01 1.2790572028e-01 2.2368717466e-01 9.9847965559e-02 1.7927002641e-01 -3.1225592264e-01 4.2632129162e-02 -3.7476343579e-01 2.4319086417e-01 1.7454774596e-01 -1.0358872311e-01
2.2058942874e-02 -4.2073975464e-02 -2.3387098082e-01 -3.2461096473e-02 -1.4898757327e-01 -1.7099402188e-01 9.4893230327e-02 -7.7419817894e-02 -3.2316671559e-01 -8.1715258717e-02 -3.3556503134e-01 -4.1999053727e-02 -1.9966249453e-01 1.9115957237e-01 -8.4507307550e-02 -8.9573217064e-02 3.6297537251e-02 -2.1918973766e-01 1.2764099799e-01 1.4440244337e-01 -2.0141226051e-02 -2.2550070509e-01 1.9658079744e-01 1.1303999363e-01 -1.8504219563e-01 -8.4058353259e-02 5.3205873172e-02 6.1514503290e-02 1.5624901953e-01 7.2624778361e-02 -1.5246714514e-02 4.7072020748e-02
-3.2938934560e-02 -1.3734799027e-01 2.9308456670e-01 4.5341968327e-02 3.2109846167e-01 -6.2927146644e-02 6.8007849857e-02 2.3285764384e-02 -3.1638345281e-02 -1.2135224496e-01 -9.9110662699e-02 1.9445623069e-01 9.0847304717e-02 -4.3442676227e-01 -2.1678742550e-01 -2.5165572589e-03 4.6966024466e-02 -6.8743087912e-02 -2.0149088733e-01 1.0626609456e-01 -2.8647144161e-01 1.0694961358e-01 -1.0055428723e-01 -8.0678942220e-04 2.7163981964e-01 2.4747696753e-01 2.8390259848e-02 -2.7090646838e-01 -1.2870941866e-01 1.1107725270e-01 1.4207281685e-01 -4.8312527418e-02
1.6583233555e-01 3.1820794896e-02 -3.2055767618e-01 3.5596536454e-01 -5.2677405853e-01 6.0868781518e-01 1.1373697863e-01 7.3092604884e-02 3.8732664953e-01 5.3683426872e-02 4.7672381739e-01 6.6372056042e-02 1.7313823828e-01 9.7346860981e-02 -4.7348027706e-01 -1.6607323889e-01 -2.0763454164e-01 -4.9296612157e-01 -2.6642787752e-01 -5.4975281977e-02 1.9057195060e-01 2.0028309364e-02 -1.9091076069e-01 -3.4540142883e-01 -6.4053783771e-02 1.8062109549e-01 1.7974020938e-01 -1.4208118823e-01 6.7510918720e-02 2.5596822260e-02 4.3484894338e-01 -2.7280387424e-02
2.0599800844e-02 1.5009211513e-01 -6.4736865210e-02 3.7459762400e-02 4.1266671703e-02 3.5128394493e-01 2.2413161556e-01 5.8004621666e-02 -1.1619952659e-03 2.5835486941e-01 -2.6528370859e-01 3.3123556102e-01 -3.4213982269e-02 -1.6414243875e-01 -4.9090809250e-01 3.4548622560e-01 -1.3005136883e-02 -1.1428987285e-01 5.5577670885e-02 3.0472832511e-01 -6.1256796089e-02 -2.1394170008e-01 -5.5267586065e-02 1.3033213058e-01 -4.7629642286e-02 3.6978289078e-01 2.7403716591e-01 8.3185499700e-02 4.0643158693e-03 2.5854396832e-01 4.6218500564e-02 -4.6231547605e-02
2.6213208238e-01 2.7164602476e-01 2.4468186184e-01 -1.5779104147e-01 3.6923728714e-01 6.0324481315e-01 -4.1755108392e-01 1.7745952193e-01 -3.4475336099e-02 5.1405429338e-01 -7.4028063167e-01 5.2587117808e-02 5.2346027957e-02 -1.7032077234e-01 -2.4077059906e-01 -1.9474523592e-01 -2.5120891963e-01 7.5770591597e-02 2.3223097982e-02 -2.5628441082e-01 -2.9590068534e-01 2.8158569813e-01 -1.9706680338e-01 3.2306774712e-01 5.1660103486e-01 -7.0690892282e-02 -1.7850606536e-01 -4.1144531313e-02 1.0410809830e-01 -2.2939527950e-01 1.7650677432e-01 3.7279537396e-01
2.2777858294e-01 -2.1626363056e-02 -2.8819208496e-01 1.1028981124e-01 -1.8958853936e-01 -9.5002265821e-02 -1.7289403662e-01 4.5403853122e-02 2.7288488514e-01 -1.7173446642e-01 -7.3764214262e-02 4.7454096492e-02 1.4086576163e-01 2.9613681441e-01 -2.7586645645e-01 4.4746579096e-02 1.4683899434e-01 1.2453817407e-01 8.9324262463e-02 5.0816631067e-02 1.4487215806e-01 -2.8610010305e-02 -1.8563258718e-01 2.6630906610e-03 7.7708718578e-03 8.6071246648e-02 -1.6190571143e-01 -2.2778679041e-01 2.5869177345e-02 2.2221136679e-01 8.4991859101e-02 -1.0718575924e-02
9.3021971885e-02 -3.4629903554e-01 8.5458676314e-02 -5.3504194090e-02 -9.1856039892e-02 -6.0425148354e-02 -1.5104192040e-01 -1.2451765183e-01 -4.9699403645e-02 -1.1809453940e-01 1.0888000662e-02 1.0872033803e-01 -4.1651658051e-01 1.9564194229e-01 3.4793109374e-01 6.7771226775e-02 6.0493167459e-03 3.7139255449e-01 -1.7876284803e-01 -1.4049395849e-01 1.3920133882e-01 2.6024218618e-01 1.2508954651e-01 -8.9522277887e-02 -1.6374374448e-01 3.5583999272e-02 2.2067787607e-01 -2.1381113298e-01 -1.1193115731e-01 3.2062988499e-01 -2.6059327859e-02 3.5412608155e-01
-1.6742271331e-01 -5.9826736443e-02 -2.1419008733e-01 1.3682454042e-01 -1.2636020002e-01 -2.4117410047e-01 -3.5016542800e-03 1.4425210439e-01 1.2136118108e-01 -2.4779798896e-02 2.3565244274e-01 7.6141564440e-02 3.3541143675e-01 -5.5607183977e-03 -5.6863830158e-02 -2.1493982073e-01 -6.6021391646e-02 -1.0600778942e-01 4.2532864371e-02 -3.0601612359e-02 -1.7030579808e-01 -3.2032565976e-01 2.6827198351e-01 -1.3923547285e-01 3.4042454848e-02 -1.0401392575e-01 -2.9149018858e-01 2.1374480510e-01 -3.0373387365e-01 -2.6873981462e-01 -1.4398020110e-01 7.1752962112e-02
-2.0125645350e-01 4.9811681394e-02 -7.3113892633e-02 -2.8126807043e-01 3.1794737682e-01 -1.5983245555e-01 5.6829418369e-02 -2.2008794122e-01 6.2393910670e-02 1.0993870447e-01 8.9440641991e-02 -4.4848514153e-02 1.7585754422e-02 -3.8606133591e-01 2.2452217140e-01 -2.4035727461e-01 -2.3958655527e-01 -1.8986035153e-01 1.7704320734e-01 -1.2372257249e-01 9.1152790059e-02 -1.6261500977e-01 -1.3682395382e-01 2.2405552808e-01 2.0055347612e-01 -1.3448406872e-01 -1.0103296329e-01 -1.0184604839e-01 3.1428264616e-01 1.1665027117e-01 -2.2461185841e-01 2.0389151477e-02
-3.1158138486e-01 -6.6757139576e-02 2.2061619304e-01 -1.7704490359e-01 3.1486896577e-01 -5.7373533336e-02 6.1250408979e-02 -2.3156350359e-01 2.6349668675e-01 -2.3365268259e-01 -2.5854875610e-01 4.7397421899e-02 -1.8281235138e-01 3.4907573520e-02 9.4072586339e-02 -1.6110559233e-01 -1.5663871853e-01 -1.3036241506e-01 5.4438554201e-03 -6.4280950151e-04 -8.9761822642e-02 -5.7589938347e-03 -9.2494693017e-04 1.9781204876e-02 1.4129249689e-01 -1.4201496504e-01 2.5336066470e-01 2.9167359000e-01 4.2765583700e-01 -1.7980422236e-03 -1.3382938655e-01 3.7224393619e-01
-2.9877292053e-01 -1.9340437588e-01 1.2414288313e-02 1.1832687639e-02 7.9017977884e-02 -6.2972679903e-01 -4.4652918412e-02 -8.1329416259e-03 -2.7401539218e-01 1.9938959285e-01 -3.6627311332e-02 -9.1998753213e-02 -1.1564510940e-01 -9.7507544217e-02 -2.4687073592e-02 9.9711054241e-02 -1.8211300359e-01 1.8788332231e-01 3.0291399143e-02 -2.2831054817e-01 -1.7411183894e-01 1.8025385835e-01 -2.3584540215e-01 -1.9468036367e-02 2.1101687788e-01 5.1213783086e-02 3.2160435465e-02 4.2488366419e-01 5.5516481908e-02 -9.1431989257e-02 -1.1376807520e-01 6.8655747761e-02
