-2.5519562183e-01 2.7430663375e-01 2.4922757091e-03 -3.6804711482e-01 1.4318078016e-01 -1.4281444301e-01 -5.1400181048e-02 3.1681738857e-01 -1.8834139422e-01 -3.1532586108e-01 1.2136863514e-01 -3.9748455525e-01 -1.7909143539e-01 -5.8227752706e-02 -2.4206204365e-01 3.8026738469e-01 6.1388894628e-02 4.5639315511e-02 -1.0178790821e-01 4.1251246762e-01 1.0554583815e-01 6.4301898133e-02 3.7505059903e-03 8.3282606774e-02
4.2843746618e-02 -4.9508583274e-02 1.8004723142e-01 -4.4256429048e-01 -1.1672170695e-01 4.3028764655e-01 1.1760799890e-01 8.9958853814e-02 9.8394623706e-02 1.9071134006e-01 -9.1828189099e-02 7.0031806247e-02 -1.4947347139e-01 -2.6594574719e-01 3.3428210011e-01 5.9153025293e-02 9.2562688328e-02 -3.9375219021e-01 -9.2390771030e-02 -9.4206717096e-02 2.5267711779e-01 -9.6564708582e-02 1.3706422094e-01 1.2416158805e-01
-1.8519135207e-01 -2.0758442477e-01 -2.5386641811e-01 1.4364287676e-01 -1.9969309637e-02 -8.7027048462e-03 4.8797710440e-01 -1.2874965934e-01 -1.5899699806e-01 -2.8328323252e-02 -2.3453561758e-01 2.4135139547e-01 3.7999964707e-01 8.7624491238e-02 3.4872958945e-01 -1.2124513460e-01 5.0022352579e-01 -1.9745547638e-01 1.5050024765e-01 -1.3828097304e-01 -6.0467398312e-02 -1.5390399628e-02 -1.1150276013e-02 5.7526841322e-03
-1.6120546821e-01 1.7198082612e-01 -9.6117070935e-02 3.5277031905e-01 3.9931392061e-03 1.2135284718e-01 2.5919545039e-01 8.4270532028e-02 -1.4855283121e-01 -1.7395788973e-01 -1.4343025860e-01 -9.2270791781e-02 -6.3443340125e-02 -5.1844171319e-02 -5.4408323450e-01 -2.4901613162e-01 1.1228069496e-01 8.6322011788e-02 -1.8542313958e-01 -7.1470558628e-02 7.7867059767e-02 -2.9828669952e-01 -9.0558031242e-02 -4.3509190202e-01
-1.3291894699e-01 -9.4159644198e-02 1.4776485021e-01 4.1372169568e-02 1.7559782619e-02 -3.0922633264e-01 2.9671232729e-01 2.1535311255e-02 7.7695923666e-02 -1.1250392498e-01 -7.2279851652e-02 -1.2153740284e-01 2.6088758046e-01 3.1474555811e-02 -7.0221430714e-02 -2.9875200133e-01 -4.7553083762e-01 -5.3587416107e-02 -2.0234700416e-01 4.8362647336e-01 5.0936288844e-02 1.8005457527e-01 1.3672636666e-01 -3.0481363216e-01
4.6664031397e-02 -1.9775965886e-01 2.1757090614e-01 2.2100699447e-01 -7.0362186114e-02 -4.5109792868e-01 9.2878442237e-03 -1.2367868898e-01 4.4207537573e-02 6.4234044690e-02 -2.1662439066e-01 -2.5256910304e-01 1.6945191624e-01 -1.9363772328e-02 -1.8198688574e-02 2.1030533356e-01 -1.2267761605e-01 3.8112607045e-01 -9.6006314602e-02 1.8434090074e-01 1.4075510582e-01 1.6873356216e-01 7.7236115512e-02 1.5555056904e-01
1.6647363116e-03 7.2878697305e-02 -7.9500481403e-02 -2.2248960038e-01 -1.4639826000e-01 4.9038654292e-02 -1.4273540687e-01 2.8749422958e-01 1.9849005356e-01 -1.4028438291e-01 -6.2328743281e-02 -2.2936594775e-01 -7.3449146419e-02 -3.4491459239e-01 -4.8352026759e-01 -1.0526902755e-01 -2.7803747819e-02 -1.4221168765e-01 2.5770519366e-01 -1.7495406099e-01 8.7571163590e-02 -4.6284642611e-02 -2.4670079337e-01 2.3544333017e-01
-3.7439887904e-01 4.5658848290e-01 4.0449593155e-02 1.6879421235e-01 3.8180258051e-02 -3.0671069535e-01 -1.9619905507e-01 -2.9641317413e-01 -1.2719729761e-01 -2.2424457250e-01 -5.5265761035e-01 -2.0976152678e-01 -4.3276122546e-03 1.5421934150e-01 -1.8299702298e-02 -2.0272824910e-01 3.3923948155e-02 -3.1471470212e-01 2.1116701785e-01 -3.9364376143e-01 -3.8488369158e-01 -1.1724295136e-01 -4.6537509434e-03 -6.8545808800e-02
-2.1955204735e-01 -1.2339401597e-01 -1.5715982293e-01 3.8115090490e-01 -1.9799305816e-01 -3.6981611174e-02 -1.0028565610e-01 2.6580237879e-01 9.6646200652e-02 4.7833959776e-02 2.5006279052e-01 5.8272360908e-02 1.8776569143e-01 2.3329717909e-01 -6.2321453302e-02 5.3764358682e-01 -2.6703855539e-01 1.4650021815e-01 3.7707416672e-02 2.5973819389e-01 -3.4392632625e-01 2.1641365939e-02 2.6726495194e-01 1.4658609766e-02
2.9801849188e-01 4.3404736707e-03 8.3448450576e-02 3.1182074857e-01 -3.1451163082e-02 1.1750731097e-01 -1.4695067036e-02 2.0502098382e-02 -7.7221489497e-02 -8.0477469961e-02 -4.3544666856e-01 5.1656812079e-02 9.7247380432e-02 -3.3926626641e-01 1.3485516152e-01 -1.7126271487e-01 1.1741768537e-01 -2.5985946335e-01 3.0500805476e-01 2.0247821498e-01 -6.4778400632e-02 3.1838231929e-01 -4.6187364063e-01 2.0909539220e-01
1.1135143484e-01 -4.3311737194e-01 1.2094336984e-02 4.6005783455e-02 -2.9315926263e-01 2.1472366102e-01 -3.5280575426e-02 3.1870478794e-01 -2.3550919405e-02 -1.1084524726e-02 -7.3001848457e-02 1.0080856889e-01 2.4638547308e-01 1.5756642541e-01 2.9391975875e-01 -1.0719670941e-01 1.5846951263e-01 -2.8061404179e-01 -2.2891605637e-01 -1.2691274492e-01 2.8089540694e-01 1.7264929272e-01 -1.6460027928e-01 2.9557549860e-01
-9.6183094421e-02 9.2477792161e-02 -1.7145645470e-01 1.2274739283e-02 2.4167851110e-01 -4.2796743129e-02 1.2563849981e-01 9.7098189899e-02 1.3385580446e-01 -3.8035278192e-01 -2.0856463153e-02 -2.2188337606e-01 -3.8032151565e-02 1.8899760192e-01 -4.6135823842e-02 1.7671659147e-01 1.0644916903e-01 5.2921671639e-02 6.6458926366e-04 -4.4675550273e-02 -6.2417055469e-02 3.7948952632e-02 2.8986599854e-01 -4.7231515238e-02
2.0683319015e-02 1.7651489204e-02 -1.3636951216e-02 9.9267515339e-02 9.8592419314e-02 9.2404679875e-02 3.1630510056e-02 4.1307024882e-01 -3.6291264179e-01 -1.2635185479e-01 5.6855377789e-02 4.2076244506e-02 -1.2763753473e-01 -3.9065380734e-01 1.2423400600e-01 -1.1109817268e-01 7.4809085265e-02 1.8287212033e-01 1.4057477212e-03 -6.3680162876e-03 -2.6306305692e-01 1.4008673492e-02 2.3946635841e-01 3.1539572726e-01
2.9012023013e-01 6.7803300689e-02 -8.6922408215e-02 3.5081237892e-01 -4.8587541971e-01 3.2692768920e-01 3.2420421398e-02 -2.4009967416e-01 -2.0838881069e-01 1.1038767038e-01 -5.3982075658e-02 -2.4001534490e-02 -1.6264101247e-03 1.0458578629e-01 -1.2452510463e-01 2.1140876338e-01 6.6321413516e-02 8.9290329090e-02 1.6050363463e-01 8.2034436299e-02 -5.0772593251e-01 2.4874038813e-02 1.0710334388e-01 -2.2340077393e-01
-1.0254724033e-01 -3.3861821126e-01 5.1266337788e-03 -3.6721950526e-01 5.3088563522e-01 -2.0451707454e-01 -1.5680024978e-01 6.6973090168e-02 5.0687373773e-02 4.7629494916e-01 -3.4568030068e-01 -1.8784704626e-01 3.0204358934e-02 -1.0488370627e-01 -7.8298825879e-03 -2.8238467393e-02 2.2103847760e-01 -2.2277457937e-01 -9.8470331622e-02 3.7733917413e-02 -2.6537982594e-01 -1.2081063489e-02 6.4078963812e-02 5.9395895618e-02
-1.4120785108e-02 1.9990712553e-01 -1.9791810845e-01 -1.6022854082e-01 1.4708668670e-01 -2.8416233900e-01 -1.2909132996e-01 -1.0574357338e-01 -5.0614948936e-02 5.4794001548e-01 -6.0100300889e-02 -1.9428198244e-01 1.2074407848e-02 2.4335623670e-01 -9.6980526925e-02 2.0456873436e-01 2.8469483407e-01 -2.0912387884e-01 8.8311877243e-02 -1.2123403588e-01 -3.8913909618e-02 -1.0322790838e-01 1.2201184844e-02 5.9893584108e-02
9.5419926176e-04 -6.6522713612e-01 -9.2260615371e-02 -1.5884434035e-02 -1.0480736491e-01 -2.1591875000e-01 3.9026301860e-02 -6.9194244491e-02 6.5485411728e-02 9.8363591496e-02 -9.5070889893e-02 1.9877813062e-01 -2.3332013505e-03 3.8544090307e-02 2.7333497672e-03 -4.4156498769e-03 1.6338455220e-01 3.4212632137e-01 -8.6138179927e-02 4.1132225695e-01 4.0786677642e-01 -3.4149514957e-01 -1.6664504585e-01 1.2557289762e-01
1.1061021682e-02 -1.5869268903e-01 1.2684720353e-01 -1.4393970671e-01 2.7535331965e-01 1.7187601032e-01 7.4303156868e-02 4.7201568627e-03 -1.2688992184e-01 3.3374888744e-01 1.0547551496e-01 -3.1749284194e-01 -9.9037443083e-02 1.6391605734e-01 2.8637266551e-01 3.4723984642e-02 -2.9902954689e-01 2.2346193601e-02 -2.2617640162e-01 -2.6585349097e-02 3.5260759042e-01 1.9532462617e-01 -6.0133349226e-02 -5.9222755399e-02
-1.1879137268e-01 2.5494033646e-01 -6.4826309717e-02 -2.2744378999e-01 4.9220993186e-02 -4.3793309392e-01 -8.2163975771e-02 5.0853983906e-02 -4.2484786474e-01 2.3256664699e-02 5.1209869867e-02 -2.2898921280e-01 1.0158305624e-01 1.7549142337e-01 -2.5815681947e-01 -2.5150002919e-01 -1.9382129410e-01 -1.3713475585e-01 -1.6999885917e-01 1.4169240124e-01 -2.3683213759e-01 -1.8709757476e-01 3.4189365236e-01 3.1263530820e-02
-4.2278131193e-01 -2.1462576090e-01 -2.9775593380e-01 -9.5337402220e-02 -5.7201355546e-02 -1.4763365974e-01 9.0237701255e-02 -1.6494832641e-01 3.0506778887e-02 4.4501178184e-01 -9.4796441225e-02 -4.5922772221e-01 1.7410390057e-01 -9.9355187452e-02 3.0977048904e-01 1.0926898721e-01 -8.1229699192e-02 4.4890454950e-02 -2.5087855386e-01 8.6307564977e-02 -9.7212841056e-02 -1.2850170803e-01 1.1672585207e-01 -9.3957439353e-02
9.9029812834e-02 5.0465121016e-02 -8.4787926939e-02 3.2592801697e-01 5.3166678554e-01 1.0663726841e-01 -2.8174921581e-01 4.6377857241e-02 1.7440189479e-01 -2.2671640377e-01 -7.3868134173e-02 -2.3524067161e-01 1.6782036895e-02 1.2825438532e-02 -1.4403608837e-01 2.5506120607e-02 1.4694701975e-01 -4.0840054031e-01 2.4221567313e-01 1.1417563121e-01 -1.1179527000e-01 -2.3052284970e-02 -1.8445086965e-02 -2.3808737614e-02
-2.1993517653e-01 1.4448087872e-01 6.5459983591e-02 2.4816864539e-01 4.7243187818e-01 3.3546726798e-03 -1.9657638307e-01 -1.2906778103e-02 -2.7002943857e-01 -1.5466264557e-01 -1.1117844381e-01 1.6880104203e-01 -2.0856776726e-01 1.9513037067e-01 -1.9272166755e-01 -4.1720347947e-01 -3.1879573959e-02 3.9058927553e-01 -2.3620784256e-02 4.9231256124e-01 -5.1122758367e-02 -4.3621533811e-02 -7.9266023000e-02 -1.4980325756e-01
9.0091468407e-02 -1.8944921360e-01 -1.2042325970e-01 -9.8228064987e-03 -1.6406804159e-01 -2.7869794853e-01 2.8809477315e-01 -3.6244467984e-01 -1.5564978372e-01 9.7714478393e-02 -2.9276029176e-01 -9.7433125611e-04 -1.1654360374e-01 -3.1134760642e-01 -1.2229533507e-01 4.4800185900e-02 -1.7101280094e-01 2.5748531797e-01 -6.4825018582e-02 -2.2958818168e-01 1.2782133609e-01 2.1528434884e-01 -1.2066919957e-01 -1.3762945613e-01
-1.4990072348e-01 3.7730897469e-02 9.6744061733e-02 -8.1777448252e-02 6.2509825052e-02 1.8911210275e-01 -7.5791583882e-02 -1.9263928459e-01 -5.2050023030e-01 3.4580423516e-01 -8.3956528698e-02 -3.1090449598e-01 7.3419885974e-02 2.4534228677e-01 -1.1057848539e-01 -1.1737211108e-02 -4.9349787465e-01 -2.3494245859e-01 1.4630133589e-01 -1.3290065897e-01 -1.8665548039e-02 -9.6259464573e-02 1.3016059095e-01 -5.4252688493e-02
