1.5066042090e+00
-2.0520002852e+00
7.9247519007e-01
-2.0289288681e+00
5.2596912623e-01
9.2197071943e-01
2.3902383078e+00
7.1526159971e-02
5.8742288849e-01
-6.3886488525e-01
-1.4328679392e-01
-1.0882069904e+00
-6.9641181371e-01
-1.7222298316e+00
4.9421241019e-01
-1.2443744420e+00
1.7611046533e-01
-1.3761437346e+00
-7.7740692489e-01
7.8387224183e-01
-1.0838562199e-01
5.0279288428e-01
2.8394854749e-01
1.2014846320e-01
2.6076825338e-01
3.4672649952e-01
-2.2285725473e-01
-3.6331059517e-01
-5.3573000638e-01
5.2909052666e-01
-2.0705145896e-01
1.1098081235e-01
