3.6018028684e-01
-1.5195448175e+00
3.2586892891e-02
-1.5762104533e+00
-7.8705797883e-01
-1.6230967232e+00
4.3363905539e-01
-6.8559415068e-01
9.7817656062e-02
-7.8898772450e-01
1.5302648292e+00
-2.6685944410e-01
-1.0624904052e-01
4.7345281639e-01
8.3239508917e-01
-7.3835486751e-01
-2.7197139175e-01
8.5340216549e-01
-9.3349318130e-01
1.2305559962e+00
1.1804120787e+00
1.3419813523e+00
-3.2342886364e-01
1.3469825437e+00
-8.0649461759e-02
3.7193837391e-01
-1.6401072907e-01
5.5927134416e-01
-1.1136674833e+00
-1.1789177560e+00
-5.7052373022e-02
-5.1891389273e-01
