-4.9082996939e-01
-1.4394015971e+00
-4.2041589613e-01
1.3764856236e+00
-9.8816228683e-01
-1.8637058344e+00
6.9128782979e-01
-8.7972650624e-01
-5.2120000889e-01
-8.4484649679e-02
2.8585385909e-01
1.1171948343e-01
2.7910909432e-01
2.8896441993e-02
-1.1192189494e+00
-1.7924473161e+00
3.2562089441e-01
-2.4569596127e-01
-2.3373116218e-01
4.3782950703e-01
-1.6655858690e+00
9.4266107266e-01
-2.0502972522e-01
-6.1654873346e-01
-1.1346904554e+00
1.4688874996e+00
1.4689195504e+00
-2.3689804299e+00
-1.4553644601e+00
1.8939518319e-02
5.1848176293e-01
-8.6916219018e-01
