1.7102786000e-01 1.3679743225e-02 7.1533576189e-01 6.0702928629e-01 -2.5324942952e-01 -1.3243276091e-01 3.9315305434e-01 -1.9244214983e-01 -7.9019096903e-02 -6.5161789907e-02 -2.1342378692e-01 -2.8725637961e-02 1.7321189437e-02 3.0624672288e-02 -2.4190133590e-01 -3.3274244946e-01
3.0498770675e-01 2.9067317095e-01 9.1484608510e-03 1.0526051107e-01 3.8241176992e-01 1.4833369877e-02 4.6952555825e-02 -3.0097849183e-02 -3.9312922555e-01 -2.5001910134e-01 5.1566517418e-02 7.6069201137e-02 3.4453657399e-02 -1.5675782678e-01 -3.9379846011e-01 -2.9022729393e-01
-1.7778640316e-01 -5.7989313437e-01 -1.1655434085e-01 -5.2784182956e-02 -3.1157855071e-01 7.5952434985e-02 -1.3028648465e-01 -4.3362928464e-01 -2.2916519483e-02 8.8611406134e-02 -7.5134144705e-02 -2.7931808643e-01 2.8482814052e-01 1.2808436878e-01 3.7338182924e-02 4.3662413801e-01
-4.4663499435e-01 1.9201042608e-01 1.3495051684e-01 -1.5040106627e-01 7.8059701750e-02 1.1432641326e-01 -2.8200186532e-02 1.3358146845e-02 -4.6302989511e-01 -3.0462127171e-01 -9.6351559997e-02 2.1236725128e-01 4.0009894262e-01 4.0351684952e-02 -1.6563641765e-01 -9.7593787973e-02
1.3733870468e-01 1.4546294701e-01 3.4565852293e-01 3.2811238140e-01 -2.5587900766e-01 5.1655337144e-01 -1.5974984164e-01 5.9889528385e-03 -5.5533199674e-01 4.6676091467e-02 1.8333484993e-01 3.1033589659e-01 -2.0064152551e-01 1.2039558541e-02 -3.0676584503e-02 -1.0789186703e-01
5.9314711225e-02 1.4722300189e-01 -1.2606631304e-01 1.2919088398e-01 -1.2757685483e-01 4.8309682819e-02 7.4324463968e-02 1.0309027642e-01 1.7177581387e-01 1.0620968917e+00 -9.7398171204e-02 -4.5526301092e-02 -1.1374863280e-01 1.4045678833e-01 -2.9573149732e-02 1.8137943825e-01
-2.4333395341e-01 1.0294907294e-01 -1.9188256365e-01 -3.1736385799e-01 3.0181233217e-03 2.4424446658e-04 -1.1893883723e-01 -6.0435613226e-02 6.5691550503e-02 7.4084302918e-03 -1.8722452232e-02 -3.4953204974e-01 -7.7176825297e-03 7.4656050819e-02 3.8045908228e-01 -4.5754568081e-01
2.3539006110e-01 -3.0037696186e-02 1.4509983932e-01 -1.8582626660e-02 1.1657176503e-02 4.7527117963e-01 -2.3736521070e-01 -1.4550207798e-01 1.0999593159e-01 -8.8280028366e-02 -1.8037051562e-01 5.3264206676e-02 -1.5392595068e-01 2.5595217943e-01 5.1190249313e-01 2.6363734453e-01
-3.5453802416e-01 1.5504372765e-01 3.1044297218e-01 1.1368762764e-01 -5.2293551433e-02 3.9027406922e-02 -1.2582611586e-01 -2.1304190229e-01 1.7112122233e-02 3.8568637961e-01 5.3723597238e-02 3.1303772663e-01 -3.9039246890e-01 -5.9948047699e-01 9.0528392354e-02 -4.4370146475e-02
-5.7269910994e-01 9.5254322081e-02 3.7558720188e-01 -7.0334729453e-02 -8.9685871275e-02 9.5621651105e-02 1.9295858602e-01 1.1656169588e-01 -3.2012343086e-01 1.8939781215e-02 4.2257467194e-01 1.6433362416e-03 7.9533745502e-02 -1.7161419278e-02 -1.1090408601e-01 -1.5406550785e-01
2.4835480907e-01 1.0829849984e-01 1.3436580175e-01 5.3507119995e-01 2.5568918119e-01 -1.2515803163e-01 -6.2026348227e-02 2.0936467711e-01 3.3157348914e-02 2.4867623685e-01 3.3490017712e-01 7.2185091030e-02 4.6468337921e-01 -3.3279910078e-03 -2.8206987511e-01 -2.4871430437e-01
1.1653181951e-01 -8.6008396773e-01 -5.6278373529e-01 1.2007778484e-01 5.1115584567e-01 3.1921324374e-01 5.8317093242e-01 3.2245947780e-02 -2.5507860139e-01 -3.8743307459e-01 1.2546068946e-01 3.0422678813e-01 6.6159180486e-01 -5.4071664991e-01 7.8575570016e-02 5.2471810446e-01
1.5029232701e-01 -2.0548902370e-01 7.3788865697e-02 2.5624271791e-02 4.9059947976e-01 9.0162480148e-02 1.4706892437e-01 1.6682223193e-01 -1.2327545382e-01 8.5663479518e-02 -2.9522988689e-01 2.9501470803e-01 -1.0389768725e-01 -1.3170046463e-01 -3.9372721887e-02 -5.6835547144e-01
-4.1381741480e-01 -1.1267339196e-01 9.8814215260e-02 -9.4818991478e-02 -1.7430174015e-01 1.3398668728e-01 -2.2532481567e-01 1.8805833767e-01 6.6883763743e-02 5.0879499818e-01 -3.1897552853e-01 2.9763509632e-02 -4.7922690315e-01 -2.8995713868e-01 -1.4588498399e-04 -4.3367724605e-02
1.0635064768e-01 -7.6448119726e-02 -1.1870027144e-01 2.9202018215e-02 -2.7502193417e-01 -1.8685741347e-01 1.3907575354e-01 -1.1449567159e-01 1.8066202287e-01 3.8406285758e-01 -6.7974202550e-04 2.1129030437e-01 -2.1525396665e-01 2.3676584967e-01 4.2217238825e-01 -2.9171777669e-01
2.0391411437e-01 3.1570488887e-01 -3.0141495582e-01 1.6398859030e-01 2.4077807953e-01 1.5001260230e-01 -4.4927341090e-02 -1.9655664975e-01 -7.0634487105e-02 -1.6604904866e-01 3.0829687973e-01 6.0359336422e-02 -6.1438235747e-02 3.6657174347e-01 3.2693119610e-01 -2.3901310001e-01
