-1.2315649368e+00 1.1960678264e+00 1.1842429459e-01 -1.0031285711e+00 -2.2810424653e+00 1.4627268919e+00 1.1707303798e+00
-1.2072446058e+00 1.4579444355e+00 -4.5796653366e-01 -1.2471720483e+00 -9.0800809067e-01 1.4559697071e+00 1.6234526410e+00
9.4531778580e-02 -1.0403992937e-01 2.0694270935e-01 5.9984960622e-02 1.7776841033e-01 -1.1464056750e-01 -5.4782441086e-02
4.6370128172e-01 -1.0949566887e+00 6.1350582603e-01 3.1801046907e-01 2.8118882826e-01 -8.1763445799e-01 -3.5312817361e-01
9.2029369311e-01 -6.3402835584e-01 -1.9497776794e+00 6.2743567286e-01 2.8425204044e+00 -2.8851842922e-01 -9.0042846579e-02
-1.4380542553e-01 6.7015465910e-01 -1.2294169086e-01 -5.4165856066e-01 -6.9663463757e-01 5.2655210338e-01 9.4817966276e-01
-1.3958555010e+00 8.9416575052e-01 -2.9588916616e+00 -8.4115953329e-01 7.9159537417e-01 1.1400407844e+00 7.8923423844e-02
6.3672091238e-01 -9.1803939788e-01 -7.5843581147e-01 5.6614433484e-01 2.9133589302e+00 -2.1633127814e-01 -7.2117679461e-01
-3.2711877065e-01 8.1288822573e-01 -4.0741285916e+00 -5.7903079693e-01 2.2163661243e+00 2.5591443518e-01 9.0965804908e-01
2.6720512326e-01 -7.3287229089e-01 8.1385218827e-01 2.8828906701e-01 3.7948159531e-01 -6.1243763817e-01 -4.5089721660e-01
