-3.7991461929e-01
3.4608724030e-01
-1.2211159049e+00
-3.4681924349e-01
-1.6657578465e-01
-8.7917760399e-01
-6.1900896786e-01
1.3503922899e+00
1.3283902808e+00
3.6306167062e-01
3.2047933982e-01
-1.0345927536e+00
1.2216271317e-03
-1.3306813067e+00
-1.5918382285e+00
-6.2493543319e-01
-1.9655540079e-01
1.7354883040e+00
-1.2349785906e+00
-1.9125782819e+00
-7.6216925809e-03
1.0441646624e-01
9.1389325025e-01
6.9529092500e-01
8.1337750883e-02
2.8863666291e-01
-8.0932889389e-01
6.6696239127e-01
8.7978159969e-01
5.9107567848e-01
-9.5908232486e-01
5.1694374866e-01
-2.6455014327e-01
-4.7379807031e-01
-4.4840254385e-01
-1.0335972720e+00
1.6122059880e-01
-2.9492596887e-02
9.4189088007e-01
7.6237852874e-02
-4.4969426535e-01
1.1882623464e+00
-2.8051474121e-01
-4.9499287788e-01
-6.1899862447e-01
-1.2000486478e+00
8.6711336677e-01
-9.5248314631e-01
-5.8105524058e-01
-7.3820859441e-01
-1.2589442385e+00
-4.7933060215e-01
-1.2313610122e+00
1.2582855760e+00
-1.0048895360e-02
6.3572139526e-01
-1.1390701202e+00
3.2312581035e-02
2.4281358076e+00
-3.5578472776e-02
9.6178366955e-02
4.3768979244e-01
-4.6625563113e-01
1.0575057396e+00
1.1660303319e+00
2.8347235043e-01
4.0550658412e-01
8.4555010952e-01
-5.2142039706e-02
-6.3585071107e-02
6.3932399397e-01
-5.7157945649e-01
1.0186515097e+00
2.1933097937e-01
4.9973753723e-02
-8.6449021676e-01
8.8219991642e-01
-3.6701136955e-01
5.0097573105e-01
2.1055005359e-01
3.7847164891e-01
-2.4989688549e-01
-5.0112930313e-01
-1.1358401330e+00
2.3144134429e-01
6.9768049898e-01
-9.0315280187e-01
1.0078919229e+00
-1.7103030427e+00
7.0240226898e-02
1.0476656391e+00
7.7298295076e-01
-1.9084337561e+00
-4.7446638534e-01
-3.8726546155e-01
-7.6518304862e-01
6.6867837644e-01
1.6227256550e-01
-3.0624317566e-01
1.1293965516e+00
