-4.9076966532e-01 -7.5551558759e-01 -1.9624067929e-02 -4.8482329026e-01 3.0894338027e-01 8.1817677106e-03 -5.9523079369e-01 3.4105310347e-01 -3.0009389151e-01 -6.1937281710e-02 2.6450483490e-01 -6.0678305182e-01 9.8575412832e-01 -3.0883927640e-01 -4.1254854620e-01 7.8669877993e-02 -9.6999418229e-01 -1.0927011920e+00 -1.0995804781e+00 -2.8032671808e-01
3.8620361599e-01 6.9823284528e-01 7.4941289945e-01 4.4047526395e-01 -3.4270602693e-01 2.8812075847e-02 -4.1465218391e-01 -1.6044781411e-01 -5.3409534626e-01 -5.6051353089e-01 1.4354754339e-01 4.7695800414e-01 -1.2331053762e+00 -4.8584439033e-01 4.3598603251e-01 -3.9691103494e-01 5.8501262679e-01 2.1037210530e-01 4.7317490594e-01 2.6617756745e-01
-4.8647647060e-01 8.7729556171e-02 5.8817542677e-02 3.3079385157e-02 -6.2318480837e-02 5.2200263015e-01 8.3242941225e-02 -4.4758262743e-01 3.3584815146e-02 -1.3117543390e-01 4.9204706495e-01 4.5278524910e-02 -1.2897440904e-01 8.5299463084e-02 1.6989600371e-01 -3.2839169312e-01 -6.0302871873e-02 5.8170301028e-02 1.4959396913e-01 4.5559728326e-01
-2.2656383531e-02 1.0792514292e+00 1.0135842538e+00 6.3567898386e-01 -1.1347472733e+00 9.1242484649e-02 -8.4411894194e-01 2.2840033246e-02 -3.5544882427e-01 -9.8735256311e-01 -1.2413599962e-01 5.5064483030e-01 -1.4683924015e+00 -1.0224945305e+00 1.3101525471e+00 -2.7513671116e-01 9.2317535014e-01 -1.7611603531e-01 3.0056574495e-01 2.1836244270e-01
-5.0423812924e-02 6.6662243740e-01 8.8712203951e-01 4.3107591775e-01 -7.5531335425e-01 -3.0941445510e-01 -6.8866716045e-01 4.8606151416e-01 -1.1505859111e-01 -3.5332727646e-01 -1.0100992665e-01 -1.4672929736e-01 -2.6175929631e-01 -4.4403734610e-01 9.3896544399e-01 1.6957447620e-01 -1.4405656319e-02 -2.0911257892e-01 -3.8044116711e-01 -2.6394923773e-01
-2.0867149063e-01 8.4589038899e-01 1.8929162698e+00 1.5610581967e+00 -8.6530103241e-01 -1.2163552558e-01 -6.6489461478e-01 2.8560291922e-01 4.1399126360e-01 -2.2404032964e-01 1.3775076141e-01 1.2313911481e+00 -6.9318337721e-01 -1.5836398670e+00 9.8759676236e-01 3.8490844383e-01 7.4428706064e-01 -6.1032892277e-02 -6.8777470004e-02 -2.7694616883e-02
-1.5515200276e-01 2.0641064383e-01 -3.1622050123e-01 -3.8484447371e-01 -4.9493909469e-01 -8.8619904598e-02 -4.4170351203e-03 -1.0749036295e-01 -7.8262937800e-01 -5.9072547250e-01 -1.8897345609e-01 -6.5326302743e-01 -1.9855613289e-02 8.5065654683e-02 5.0620345479e-01 1.3466567472e-01 -1.7014406309e-01 2.7312164182e-01 1.6295210686e-01 -5.5811898611e-01
-5.0675190410e-01 -4.0298445134e-01 -7.1925294967e-01 -1.0341785773e+00 -5.9177691295e-02 3.6545782046e-01 6.3315910292e-02 -3.8423566186e-01 -6.1815961790e-01 -2.1270812118e-01 7.5324899983e-01 -1.0949813428e+00 6.6877381557e-01 2.1169398682e-01 -4.2581487295e-01 -2.2384212570e-01 -6.7537523556e-01 -2.5019513837e-01 -4.5878758076e-02 3.3834395448e-01
5.3903047345e-02 5.3375767042e-02 5.6310807513e-02 -2.4123484167e-02 1.7239064325e-01 -3.3237616335e-01 -2.3491690161e-01 2.8819094802e-01 -5.8472159053e-02 -1.2055558132e-01 -4.4705872320e-02 3.5780637278e-02 -9.5211149070e-02 7.6766160018e-02 4.1230691477e-02 2.5273861035e-01 -1.1640853208e-01 -3.2880352042e-02 -1.1575889273e-01 -3.0727171861e-01
-3.3339152639e-01 -8.9069745822e-01 -9.2344876132e-01 -6.3794977750e-01 9.2005880422e-01 1.4593999223e-02 8.4140037457e-01 1.1387902606e-01 3.3931977664e-01 5.6507750017e-01 2.4839439476e-02 -7.1078157114e-01 1.0799223865e+00 1.0774595408e+00 -6.7943572082e-01 1.8994851507e-02 -3.5954862681e-01 2.7423976431e-01 1.0227384515e-01 -1.3776695216e-01
-9.5890758438e-02 -6.3689460005e-01 -4.5362976661e-01 -2.8328051603e-02 7.6009276594e-01 4.8104353380e-01 6.6160704943e-01 -4.3319702716e-01 6.5818865031e-01 7.2564991986e-01 4.5920767234e-01 2.6376932954e-02 -3.1095763216e-01 6.9724233329e-01 -6.1948109772e-01 -6.1961956114e-01 2.1152640677e-01 1.0644605018e+00 7.1991491375e-01 8.6138615623e-01
3.8295378755e-01 4.3573457462e-01 3.4681550228e-01 5.6483507310e-01 1.6650854171e-01 -1.6459788753e-01 2.5009834922e-01 3.2397013674e-01 6.8782679845e-01 5.3779673632e-01 -3.5448738528e-01 7.2003108260e-01 -4.2610213699e-01 1.4504547066e-02 -1.0495277066e-01 1.9191578115e-02 4.4641627496e-01 2.7346663864e-01 1.1341350713e-01 -1.0899428805e-01
-1.6151939797e-02 -6.6884949590e-01 -8.2661214675e-01 -2.3446848097e-01 3.7445857255e-01 -1.9395351778e-01 7.9748682212e-01 2.6488987949e-01 2.9544094986e-01 5.5768513513e-01 -1.8418909789e-01 -2.5481503334e-01 4.4067907872e-01 8.2307248190e-01 -1.9217103783e-01 8.5329773690e-02 -2.0070288425e-01 6.5510233889e-01 4.3968148807e-02 -5.5312009214e-01
2.7293567032e-01 -1.5042339483e-01 6.8318539148e-02 3.0050647632e-01 6.6663068384e-01 -2.0476247457e-01 2.4217120079e-01 2.3967374102e-01 1.0063291667e+00 8.3413442736e-01 -2.5595022847e-01 7.3074833999e-01 1.4010167326e-01 1.3529872015e-01 -4.8813952717e-01 3.2259694721e-01 1.8407844232e-01 2.3594126579e-01 1.1374911350e-01 -1.2890037497e-01
3.9594599241e-01 -6.6536963748e-01 -3.1324735901e-01 -6.1685179622e-01 1.8546733570e-01 -6.0938385344e-01 -4.4009286322e-01 4.1494555522e-01 -5.1548688859e-01 -2.5280897752e-01 -7.4065104793e-01 -8.5413976209e-01 1.1565003691e+00 3.6116750238e-02 -3.9751504994e-01 7.4073966331e-01 -1.2457322218e+00 -1.0479743803e+00 -1.3795574511e+00 -1.2242024206e+00
-3.4125090933e-01 2.4128451798e-01 -9.7425447385e-02 9.8722774743e-02 -2.5275795623e-02 5.6409892413e-01 3.0974151601e-01 -2.7937115777e-01 -2.7408102027e-01 -1.9183294592e-01 3.5372178550e-01 1.9347175219e-01 9.5870740537e-04 1.8425159596e-02 -8.8046681335e-02 -2.6076325199e-01 4.4059357380e-01 2.4180576398e-01 1.5143877329e-01 3.3636950922e-01
-4.4511122595e-01 -6.1396800923e-01 -1.0846414781e+00 -1.1640322166e+00 4.8713487780e-01 3.7489157084e-01 3.7225734351e-01 -9.2149273353e-02 -8.3937227760e-01 -2.1837867487e-01 4.5190227445e-01 -1.1284761700e+00 1.0238150102e+00 8.5390179802e-01 -6.4915299999e-01 -3.7460868217e-01 -7.9265097403e-01 -3.3100210885e-01 -1.4149148037e-01 3.3630438012e-01
4.1047576885e-01 -1.2087678750e+00 -7.8593282283e-01 -4.9760709170e-01 1.0084492622e+00 -8.4298250681e-02 5.3247745321e-01 4.5342438544e-01 3.4432426166e-01 8.6293138001e-01 1.5921357317e-01 -7.6835278812e-01 7.4076056467e-01 8.1030103950e-01 -1.1320026454e+00 -3.9877162868e-01 -8.4757912244e-01 -8.0320351922e-02 -3.5119196985e-01 5.6233192495e-01
-2.3257438004e-01 -6.6303010208e-02 -1.4081844287e-01 4.7912237900e-02 -4.2075765179e-02 3.4123162811e-01 -1.2625700890e-02 -2.8912091672e-01 2.8610251559e-02 4.9216255368e-02 4.8436738405e-02 -2.0487181004e-01 -4.5965516012e-02 6.1072604641e-02 -4.3694443352e-02 -7.5663387257e-01 1.5201043737e-01 1.5904357102e-01 5.6142609169e-02 2.7482951605e-01
-2.3198966484e-01 -8.8622851785e-02 -1.7168789424e-04 -1.2312231957e-01 -5.3891266486e-02 2.6344410345e-01 4.2412079362e-02 -1.0020561571e-01 -7.8505837055e-02 4.5386140626e-02 2.0855135944e-01 6.1893600579e-02 -1.6190391097e-01 -5.8925962773e-02 1.9073392014e-01 -1.5680691264e-01 1.0921957388e-03 1.5796155791e-01 1.3201948750e-01 3.0211990449e-01
-3.8515968670e-01 -1.5831437171e-01 -3.0873317319e-01 -1.0552826516e-01 8.3488917954e-02 3.8176138390e-01 3.3612570824e-01 -3.3838474395e-01 -3.1599606806e-02 7.0348550261e-02 4.2647440013e-01 -1.1575248123e-01 -6.5452154145e-02 1.6471100813e-01 1.1974277791e-02 -6.3552870079e-01 2.8496780106e-01 1.1548497123e-01 1.1777460937e-01 3.6885832986e-01
5.4846057754e-01 1.4325869232e+00 1.5593663992e+00 1.3048491020e+00 -8.0288044637e-01 -3.4302654514e-01 -6.4071690022e-01 -6.5244953368e-02 8.8718024201e-02 -6.8334912547e-01 -3.6995318698e-01 9.5095788615e-01 -1.4774619363e+00 -1.1259323960e+00 1.2786339886e+00 -2.7386580985e-01 8.4590147203e-01 4.6096266215e-02 1.2608984842e-01 -6.0767935197e-02
-1.9925112094e-01 -1.9833544129e-01 -6.5096450186e-01 -1.0011330230e+00 1.5224387204e-01 4.2177981320e-01 1.0862710450e-01 -3.1130228000e-01 -1.0356818804e+00 -4.2178493621e-01 3.6191320524e-01 -1.1455249739e+00 5.3115183102e-01 5.2622834202e-01 -2.4985652965e-01 -3.6252873043e-01 -5.0331773060e-01 -4.0945608608e-01 -2.7185160042e-01 1.7492397500e-01
-5.2728758498e-01 5.3944444641e-01 4.9760146503e-01 4.7125288525e-01 -6.4066757868e-01 4.9843683357e-01 -1.5577213419e-01 -3.1214539509e-01 4.6943380445e-01 7.3057426243e-02 4.3221542099e-01 2.4944472440e-01 -9.0948500028e-01 -5.3505305833e-01 5.9470515241e-01 8.7489261601e-02 4.4645944226e-01 4.3936131449e-01 8.3647061476e-01 2.1213079753e-01
-3.5735321682e-01 -8.1244819693e-01 -1.2376989370e+00 -6.4209817108e-01 5.1183013506e-01 9.0086297027e-02 1.0007949124e+00 -4.8231137878e-01 1.8751872499e-01 4.7635475778e-01 2.9139316717e-01 -2.4702890940e-01 5.0139933446e-01 1.2136048035e+00 -6.4579609864e-01 3.0009335239e-04 -4.8715121393e-02 6.7048314348e-01 5.4290039944e-01 1.9872655086e-01
-4.2139596976e-01 1.3902855414e+00 1.1039058307e+00 8.4434180252e-01 -1.2822535949e+00 1.6107440594e-01 -8.4881481735e-01 -1.0517201965e-02 1.8752829170e-01 -3.4920104417e-01 5.7600026461e-01 4.8955241979e-01 -8.5014409130e-01 -6.6823460198e-01 1.4578494544e+00 -1.9815511313e-01 3.3273765670e-01 1.2984953133e-02 4.7739824301e-01 2.8782134372e-01
2.8111621882e-01 -4.2607461425e-01 8.1830001643e-03 2.7338997008e-01 5.2631475818e-01 -3.7927402549e-02 4.7912594462e-01 2.4423490999e-02 1.1434534585e+00 8.4738793024e-01 -7.3565357805e-02 7.4314190080e-01 -1.0280741216e-01 2.2179942806e-01 -4.6799605474e-01 1.8190916851e-01 2.6489963584e-01 4.4034934127e-01 1.4182536279e-01 -8.0713722434e-02
-5.7465986618e-01 -5.4626933375e-01 -6.3154465692e-01 -7.9816255549e-01 -6.1736693099e-03 -1.4142450389e-02 2.7565604846e-02 -1.5864030934e-01 -1.0693525520e+00 -5.9869020876e-01 2.3520202026e-01 -7.9030675688e-01 8.4932366198e-01 5.0510169861e-01 -2.1149700386e-01 -2.0080070136e-01 -6.7758999836e-01 -3.9332115528e-01 -7.6563179063e-02 -6.0302577192e-02
3.5609772056e-01 6.5986236494e-01 1.6381048266e+00 5.8714318396e-01 -9.4684746806e-01 -1.0429050100e-01 -2.2444626686e+00 -1.3404903503e-01 -6.2612362111e-01 -7.8428055024e-01 -6.8826363636e-02 -2.5863245490e-01 -2.9752901001e-01 -1.7946635663e+00 1.0947779249e+00 -2.7082228203e-01 -3.0361943318e-01 -1.6575007523e+00 -1.0622677411e+00 4.4396502431e-01
-2.8027271927e-01 -1.6971178231e-01 -4.5696098602e-01 -6.6409692413e-01 -3.4925077645e-01 3.4024317647e-01 -2.3297934760e-01 -4.7561344306e-01 -1.1849235929e+00 -7.2103109390e-01 4.6501324715e-01 -9.3424737573e-01 6.1929216431e-01 4.4388384856e-01 2.0727647806e-01 -2.0040461266e-01 -5.5914746349e-01 -4.7897427824e-01 -1.6123042393e-01 5.6865399023e-02
-3.5940637196e-01 3.2973146330e-01 1.0978035465e-01 2.1879657289e-02 -6.8479085397e-02 3.7406067086e-01 6.8239177470e-02 -4.3550370414e-01 -2.4497866725e-01 -7.7654219694e-02 2.2649871728e-01 4.8651682175e-02 -3.0040131490e-01 -1.3842587499e-01 1.6018868686e-01 -2.3016761111e-01 3.4333570338e-01 3.1287397715e-01 6.3989235175e-02 4.5147599032e-01
-1.8246866204e-02 1.5897295597e-01 1.6077436173e-01 -3.2533159745e-01 -1.3844121007e+00 2.8627441243e-01 -7.1901856124e-01 -5.5364462239e-01 -1.5437934868e+00 -1.5087928421e+00 2.0744504495e-01 -8.2113273997e-01 1.4174521983e-01 -6.5216439971e-01 4.7002010118e-01 -3.8148434536e-02 -3.3683569273e-01 -7.6596882359e-01 -3.3996305180e-01 3.7240433584e-01
-4.3708610691e-01 -1.0421444396e+00 -2.0665227995e+00 -8.0570673962e-01 1.3247981696e+00 -3.0512711922e-01 2.2264634915e+00 6.8385866220e-01 1.1814601879e+00 1.6612052187e+00 1.8496459572e-01 -2.1457172799e-02 6.9556296653e-01 2.4408911777e+00 -1.1899069547e+00 3.9602952980e-01 -2.2686330125e-01 1.6708806341e+00 1.1947737680e+00 -4.8823967041e-01
4.6147326188e-01 -2.6341097505e-01 2.5860030883e-01 4.6108434216e-01 6.2777309444e-01 -4.3657389832e-01 4.3351486836e-01 6.6495471485e-02 9.2720252516e-01 7.1233325422e-01 -4.4126103072e-01 5.2512216044e-01 -6.6849204326e-03 -7.1140432908e-02 -4.5983875753e-01 6.0716193772e-02 2.7712882255e-01 3.0558402659e-01 -6.7041927037e-02 -2.3971170069e-01
3.6656048802e-01 -7.0317419283e-01 -2.6811637015e-01 -1.2856498154e-01 2.4764167483e-01 -4.3868939135e-01 -3.0565751121e-01 3.2330518470e-01 -3.1676174425e-01 1.0523046456e-01 -4.3717520874e-01 -6.7304793938e-01 9.3553410760e-01 2.0265934170e-01 -4.9780108404e-01 1.2688234881e-01 -8.0500089631e-01 -7.2415227207e-01 -5.7401412671e-01 -7.6826356476e-02
-1.5636939747e-01 6.3592552222e-01 1.3148470427e+00 5.6427274057e-01 -8.0875119407e-01 -1.3996935712e-02 -1.5114334241e+00 -3.5581261791e-01 -6.5959350723e-01 -9.0205474207e-01 1.3681582616e-01 -9.8191977052e-02 -1.9895754509e-01 -1.7707610883e+00 9.2503812672e-01 1.4848826153e-02 -8.2752244869e-02 -1.5582459734e+00 -1.2072073770e+00 1.5808562122e-01
-2.8170349365e-01 -3.3400084422e-02 1.2898830757e-01 -1.4411523058e-01 -7.2066759035e-02 5.1057057936e-01 -1.4476236202e-01 -4.6642984455e-02 1.0867024065e-03 -2.8886867621e-02 1.6019554880e-01 -6.6163393779e-02 -1.4374139318e-01 1.5705187157e-01 -5.9424951435e-02 -4.5151767476e-01 1.1084254988e-01 -3.1359577622e-01 2.1119704746e-01 9.7058559920e-01
-2.3293973458e-01 -1.2879859728e-02 -2.0168663130e-02 -2.5797649142e-02 -5.5942554554e-02 2.8824540830e-01 8.5192667741e-02 -4.5369344786e-01 -4.6644046450e-02 -1.2009992690e-01 1.9965597967e-01 -4.2485396083e-02 -2.0882155211e-01 -5.6290835988e-02 4.7095415332e-02 -3.2921542179e-01 1.5534610650e-01 2.0520878168e-01 9.8667514390e-02 1.0227831352e+00
-4.3082234227e-01 2.7169502643e-02 4.9582929108e-01 3.4889754896e-01 -7.8903275599e-01 8.5418872432e-02 -1.1500267446e+00 -8.3519455262e-03 -7.0556975359e-01 -6.6792198008e-01 4.5266523713e-01 -1.4409852881e-01 4.5210847636e-01 -1.2754505378e+00 4.6983216940e-01 1.9747647839e-01 -7.0677450704e-01 -1.5391961126e+00 -1.2916889067e+00 -1.5682507813e-01
-4.7472237135e-01 -1.0400582504e+00 -1.0594121078e+00 -8.2267993671e-01 9.1218751601e-01 6.4073268089e-01 4.1469441106e-01 -1.7636066345e-03 -1.3949317581e-01 2.1797712414e-01 3.1787960758e-01 -7.8847560633e-01 1.2733808194e+00 5.9882493812e-01 -9.1600831910e-01 -7.9382867196e-02 -9.9204082887e-01 -4.8544846281e-01 -6.5275514096e-01 4.5052731158e-01
4.7484877898e-01 -6.9338026333e-02 2.1507790288e-01 5.1674728523e-01 6.5359302144e-01 -2.2028520768e-01 7.5118240934e-01 2.3305627109e-01 1.4739232087e+00 9.1601838423e-01 -4.5661175635e-01 8.5476607686e-01 -2.5481049572e-01 2.0508034278e-01 -3.6480525665e-01 2.5327388689e-01 4.1818507388e-01 5.6159965618e-01 2.7161365906e-01 -1.2567787360e-01
3.4233884178e-01 -2.1252952388e-01 1.0626428491e-01 1.1562680334e-01 1.0493673320e-01 -3.9576433023e-01 -1.4011359935e-01 2.1333155829e-01 2.4888716508e-01 1.7912530125e-01 -4.5704177642e-01 1.0461435065e-01 2.3285398523e-01 -1.2882579970e-01 -3.0655144295e-01 1.9457341305e-01 -2.7353387221e-01 -2.6878460820e-01 -2.4807529224e-01 -3.5841368493e-01
-3.3670184544e-01 8.0399348836e-01 2.5589857834e-01 3.7412821931e-01 -5.3461965727e-01 1.4806204352e-01 -1.0691617436e-01 -1.8664575507e-01 -1.4964862514e-01 -3.1898008160e-01 3.0833452722e-01 4.3193204836e-01 -6.3595633148e-01 -1.6382980071e-01 5.7941478916e-01 -3.5518762598e-01 7.0325095994e-01 4.4465883549e-01 6.7592820799e-01 2.3170599804e-01
2.8616235333e-01 -9.6192657808e-02 -3.7358173400e-01 -8.4333766261e-01 1.7227005281e-02 2.0339559228e-01 1.4581178595e-01 -2.5390935633e-01 -8.2308371989e-01 -3.6874558146e-01 -3.6462325954e-01 -5.7664355076e-01 1.9143312724e-01 3.3077565169e-01 -8.7558570466e-02 4.0964071166e-02 -5.0614617187e-01 -4.2583698886e-01 3.7527218360e-02 3.8147128530e-01
1.1321626543e+00 -5.6801050495e-01 -4.2411827593e-01 -1.7484150599e-01 6.9123837842e-01 -4.6322911834e-01 5.0824892393e-01 1.3549480039e-01 2.7354378786e-01 3.8376323466e-01 -8.2440523558e-01 1.4141196496e-02 4.9663547138e-01 6.1179515947e-01 -5.3604234499e-01 1.2594350194e-01 -2.1619893265e-01 1.1227805418e-01 -2.6898914873e-01 -1.0337662988e-01
-4.7082063369e-01 -4.7784011601e-02 -1.5602052389e-01 -1.3166004247e-01 2.5588628880e-02 1.2516081312e-01 1.9522990285e-01 -2.8419116814e-01 -1.7556067677e-01 9.6628181092e-02 1.7280294126e-01 -9.8943454788e-02 9.6814298588e-02 1.8206158738e-01 1.3486367854e-01 -4.5519804676e-01 1.9284244161e-01 3.2761611057e-01 8.9877297677e-02 4.9595902053e-01
7.6030794571e-02 -4.8034630644e-02 3.5029586377e-02 8.9514222522e-03 8.5340604748e-03 -2.0112300111e-01 -2.9871984259e-02 2.8797201694e-01 1.3958247942e-01 1.3782523333e-01 -6.5388108966e-02 2.3119948284e-01 -7.1018384949e-02 -3.8085472592e-02 -1.2247653077e-01 3.9179066814e-01 -1.6193997324e-01 -1.4800423253e-02 -1.2823027302e-01 -3.7812280347e-01
7.4986619245e-01 -1.8587322559e-01 2.5272226428e-01 5.1842149561e-01 4.5923153126e-01 -4.4868362619e-01 4.2103607397e-01 4.4552894427e-01 1.5676352957e+00 1.2355349190e+00 -6.9199012440e-01 8.0942774430e-01 -1.8287872928e-01 2.7053963044e-01 -3.2335475914e-01 4.0763034212e-01 2.0297187311e-01 5.7964089758e-01 2.4960159829e-01 -3.0350344289e-01
3.9662465291e-01 -5.9865832678e-01 -4.9397858062e-01 -2.8137718274e-01 7.9404047179e-01 -4.0234490114e-01 1.6264932992e-01 3.3607582680e-01 3.1164109000e-01 4.1463161868e-01 -2.7837640982e-01 -2.6104118742e-01 7.0236880725e-01 4.9199175570e-01 -6.7224453742e-01 -1.3381713304e-01 -3.1266403179e-01 -9.1922146614e-02 -4.8826069186e-01 -1.2548296076e-01
2.7803091000e-01 9.5799810576e-01 6.0904790114e-01 3.6797277886e-01 -8.4204703502e-01 -1.6779009294e-01 -7.3625380421e-01 -6.8049907782e-02 -3.8562307786e-01 -5.9866080577e-01 -2.8004972477e-01 2.7774038998e-01 -9.4997235314e-01 -6.3090920940e-01 8.6872207694e-01 -3.1991038786e-02 2.4835152175e-01 -1.6699469512e-02 3.8228138643e-01 3.7554987534e-02
-1.9405271920e-01 1.3995880029e+00 1.0129758161e+00 5.5655055580e-01 -9.6305260214e-01 -7.7204878318e-02 -5.3573568217e-01 4.4054193135e-01 -3.8338781876e-01 -5.9419528504e-01 4.3904960644e-02 4.6021842363e-01 -8.5754295005e-01 -7.7493440167e-01 1.5114252517e+00 2.8173470568e-01 4.2230365951e-01 5.1505418428e-02 3.4453381724e-01 -2.7948925326e-01
2.8862965468e-01 -2.7802968101e-01 6.7091928886e-01 1.5523632079e-01 -3.9967528730e-01 -5.0104786891e-01 -7.9762943084e-01 1.9357497303e-01 -7.1256612783e-01 -6.2104285842e-01 -1.3720850841e-01 -1.8285788785e-01 7.7455046086e-01 -7.2034165104e-01 7.7878195262e-02 2.6553053732e-01 -8.1087186897e-01 -1.1438275744e+00 -9.9799291268e-01 -4.2354658668e-01
7.9492665412e-01 9.2522363388e-01 1.1450573816e+00 1.1846595588e+00 -7.7826893493e-01 -6.4496485517e-01 -2.4549669181e-01 7.1357401227e-02 5.0248310245e-01 -1.0912096587e-01 -8.2493622639e-01 1.0798707090e+00 -1.5300816042e+00 -6.3718655726e-01 9.1396087937e-01 3.5750370491e-01 1.5953349558e+00 7.6439098120e-01 8.4661569001e-01 -6.3273118699e-01
2.8697319537e-01 -1.4083801181e-02 8.3003022464e-02 9.6563809925e-02 1.4060786211e-01 -3.0392227601e-01 2.5320423915e-02 5.9285054028e-02 -3.5755296788e-02 7.2416309305e-02 -5.8038682173e-02 9.6931710951e-02 2.9668880614e-02 7.0887855042e-02 1.5590823834e-02 -4.4199787342e-02 -8.4029767344e-02 -9.1566112300e-02 -4.0602475620e-02 -3.6164165067e-01
-6.8517229665e-01 -9.2724790974e-01 -7.3638752766e-01 -2.6853971791e-01 9.7208418715e-01 -8.7663083390e-02 7.5094573065e-01 2.6725813393e-01 8.8282333245e-01 1.1881621675e+00 2.4500388442e-01 5.1740990181e-02 6.3585513654e-01 7.0454124413e-01 -6.2029620985e-01 2.4808844750e-01 -2.0321399514e-01 4.1021118345e-01 7.3423203506e-02 -4.2796166116e-01
-2.1927945960e-01 -3.3922311841e-01 -9.5697932863e-01 -4.2676473128e-01 6.5656664216e-01 3.1823562648e-01 7.9109780323e-01 -9.7904106549e-02 5.4230303582e-01 6.5089833417e-01 2.2705397228e-01 -1.6369908013e-01 2.3644519887e-01 9.2629512123e-01 -5.7409746960e-01 -2.4666133725e-01 -1.9926293272e-01 8.0933539238e-01 4.7660908074e-01 3.5811256512e-01
-2.4161594419e-01 1.3737561443e-01 -1.0421960477e-01 -9.6195990625e-02 -7.5159564900e-02 5.1925265126e-01 9.2743983427e-02 -4.2566783045e-01 -5.8140879770e-03 -1.6120015024e-01 1.7433841687e-01 -2.8290290386e-02 -2.2317805081e-01 1.1417232981e-02 2.6827718709e-03 -2.4200236821e-01 7.0463559586e-02 1.2847079700e-01 2.0060519110e-01 2.7801853003e-01
-3.8782831118e-01 3.5674688815e-01 4.6599876774e-01 -3.5568694225e-01 -1.4409486735e+00 1.4715959506e-01 -1.0050643883e+00 3.9029159784e-01 -2.1515137139e+00 -1.9224043030e+00 3.4813407062e-01 -1.0023888353e+00 -2.6933871770e-02 -9.0531881902e-01 8.4914741713e-01 -2.8617190761e-01 -5.1203007278e-01 -9.3530856658e-01 -6.4819240908e-01 -9.2004226621e-02
1.6899125218e-01 -2.7125681904e-01 -2.3137033098e-01 -2.5331144855e-01 6.5230581748e-02 -3.9421931396e-03 2.1250065716e-02 9.4133312264e-02 3.1303504562e-02 -2.4562199824e-01 -4.4086105020e-02 -4.5102125394e-02 -1.6651362894e-01 -1.3499523158e-01 -1.4139831394e-01 1.3250208184e-02 -1.9567353827e-01 -1.0386982473e-01 -6.3810350297e-02 -9.9895486684e-02
1.2667964477e-01 3.8279391445e-01 7.3743146145e-01 -4.1717979509e-02 -6.4883058918e-01 -6.7902671857e-01 -8.0929361210e-01 6.7325756152e-01 -3.1834386435e-01 -2.8964788799e-01 -3.7799924289e-01 -1.6608471130e-01 1.9031446296e-01 -9.1424677911e-01 5.5103684361e-01 7.0559869994e-01 -4.3631654864e-01 -1.0621858020e+00 -5.8844874966e-01 -1.3100740697e+00
-2.9616684770e-02 -8.7228135764e-01 -9.4935110917e-01 -7.1364609281e-01 1.0934386550e+00 2.9010682351e-01 6.8796517369e-01 6.5150579344e-01 4.6919598524e-01 6.9105701115e-01 -2.8055995405e-02 -3.2719244947e-01 8.7686355907e-01 6.0174089753e-01 -8.2608939822e-01 -1.0142101601e-01 -4.5548892620e-01 -1.0304151933e-02 -1.7431318531e-01 -1.6234918108e-01
-9.1425199339e-01 -1.2437735939e+00 -1.1988524406e+00 -1.4265595265e+00 4.3505191771e-01 2.6493053993e-01 -4.1725402475e-01 -2.6001352241e-01 -7.6718633336e-01 -1.2149842965e-01 6.4639768814e-01 -1.2348317481e+00 2.3687755407e+00 7.0940517898e-01 -9.8568099683e-01 -6.3618926997e-01 -2.7589692406e+00 -1.7474665216e+00 -1.6077352459e+00 2.1894673785e-01
5.8908352602e-02 7.7442376779e-01 1.5255856886e+00 1.3005475851e+00 -1.0223152170e+00 -3.0654187557e-01 -1.0669074063e+00 2.5117031296e-01 -4.2925434256e-01 -8.9576084187e-01 3.1029020681e-02 4.1596022149e-01 -1.1216925721e-01 -1.3158499833e+00 1.0416526935e+00 9.6968678914e-02 2.0873293311e-01 -6.9122344011e-01 -5.6126992291e-01 -3.9022561399e-01
3.7504478119e-01 -2.3775368965e-01 9.1355084485e-03 -1.4755148019e-01 1.2377856241e-01 -4.1530064441e-01 -1.0679329179e-01 2.0239781824e-01 7.8687900093e-02 2.2090675103e-02 -2.4944136572e-01 6.8830802304e-02 2.3147200353e-01 1.6159555969e-02 -1.4664409027e-01 4.1371642360e-01 -2.6139479477e-01 -8.2490775901e-02 -1.5998862464e-01 -1.9242511011e-01
-1.0501652252e-01 6.5497585958e-01 7.1024443118e-01 5.8347718057e-01 -1.6973100939e-01 7.9491539689e-01 -4.3081527374e-01 1.5088301494e-01 4.4443449241e-01 1.6459000198e-01 3.9645373247e-01 7.0634844031e-01 -4.9491638692e-01 -5.9596943695e-01 1.3681456546e-01 -7.5098968478e-02 2.9891749074e-01 -2.2128096220e-01 -9.1134256654e-02 8.4256643312e-01
3.3921619113e-01 -6.2585840945e-01 -5.7449124205e-02 -4.1383280260e-01 2.8786121920e-01 -2.7464800532e-01 -3.5582235065e-01 1.0119431504e-01 -1.6070202938e-01 8.3840391299e-03 -3.6677367578e-01 -2.6456677634e-01 1.0119551803e+00 -1.8489972997e-01 -4.8575475372e-01 5.7095389802e-01 -9.9284128294e-01 -9.0768777828e-01 -1.0613475268e+00 -4.6490646046e-01
-4.6047696454e-01 -6.4462753736e-01 -1.7210825874e+00 -1.2509113065e+00 7.3443020288e-01 3.4742406797e-01 9.3999239110e-01 -5.8388591183e-01 1.6934316443e-01 6.5009554868e-01 3.7885043301e-01 -4.9608639412e-01 5.5445372895e-01 1.0471249522e+00 -9.4288221286e-01 8.9641711853e-04 -2.9273564734e-01 2.0440299370e-01 2.7506397549e-01 4.3585381151e-01
-5.0661011565e-01 1.4254435796e+00 9.4308350644e-01 1.0605927388e+00 -1.5902554376e+00 4.3690195282e-01 -7.1738834965e-01 -4.9281640466e-01 -5.7133624180e-01 -1.1312513212e+00 4.0322510105e-01 5.8374197143e-01 -1.3039546146e+00 -7.6288578407e-01 1.4881392406e+00 -5.3840063007e-01 8.6809566641e-01 -3.1913019354e-01 1.6436746576e-01 6.2309015838e-01
-2.2858215281e-01 -6.1382302197e-01 -1.0563605442e+00 -7.6526485076e-01 6.4175748482e-01 3.2777483300e-01 6.9878858529e-01 -4.6924276572e-01 -2.9710866861e-02 2.2443624046e-01 2.4024876923e-01 -3.7390540379e-01 3.3562703413e-01 7.7445556084e-01 -6.0644909437e-01 5.4658489447e-02 -2.3348177316e-01 6.8142326493e-01 5.9879327587e-01 3.4888042442e-01
1.3102548495e-01 2.1959342704e-01 2.3833144566e-01 -8.5803628072e-02 1.9402695829e-01 -4.3629859648e-01 -1.7139845876e-01 2.9613300942e-01 9.5739358822e-02 3.5206516962e-02 -3.9449805599e-01 1.0394680698e-01 1.4435192416e-01 -3.0747710844e-01 -1.5496947089e-01 4.8248667252e-01 -1.9290800802e-01 -1.4271638656e-01 -1.0919931010e-01 -4.1416964193e-01
7.2055804130e-02 3.5365344279e-01 1.1011217746e+00 7.7114891684e-01 -7.9637200556e-01 -3.7479327376e-02 -8.2467051595e-01 2.0615308072e-01 -7.6954666075e-03 -5.4727090262e-01 -2.6387190353e-01 6.1263494692e-01 -2.5735714908e-01 -1.5442651647e+00 8.2445605190e-01 2.8446741313e-01 1.9779512121e-02 -7.7892151551e-01 -5.5675897590e-01 -3.5443101108e-01
-5.8018418728e-01 -1.1275199348e-01 -1.1782600925e-01 -2.2614523435e-01 1.8148726920e-01 6.5557762238e-01 2.1203585131e-01 -4.7065831694e-01 -1.5441964239e-01 -4.4891819309e-02 5.4032620608e-01 -1.1376149074e-01 -7.0460331607e-02 -4.3907545043e-02 -1.0366716807e-01 -3.8041276615e-01 1.0089888714e-01 2.3661409495e-01 3.1926918744e-01 7.1765481271e-02
-2.5356111077e-01 7.3789680790e-03 -1.9597928584e-01 5.2416681117e-01 4.4953271894e-01 4.3219603956e-01 1.5315376914e+00 -3.6372702679e-01 1.2476076671e+00 8.8423324002e-01 4.2523385942e-01 1.2096053355e+00 -1.3397035953e+00 2.9736751406e-01 -2.8388482637e-01 -3.7571616188e-01 1.7933703982e+00 2.2086196078e+00 1.7252225017e+00 2.7073036379e-01
1.0558486401e-01 -4.1727062858e-01 -6.6235344285e-01 9.3042889633e-02 7.8539819659e-01 4.2258869073e-01 1.0574803952e+00 -1.6476258872e-01 6.5262332289e-01 6.4248649960e-01 1.5470180143e-01 2.5430182591e-01 -2.8008296013e-01 1.1596084150e+00 -5.8048067862e-01 -5.4296682529e-01 1.0399822848e+00 1.7563539637e+00 1.2988178967e+00 6.1077436782e-01
-3.8913385769e-01 4.8192981187e-01 -3.0998643177e-01 2.0711584884e-01 -1.1084251344e-01 3.7852428757e-01 6.1440746101e-01 -1.5100696805e-01 4.9422369334e-01 -2.9566651862e-02 4.5463779517e-01 4.2347488008e-01 -9.1186005874e-01 7.1481302508e-01 2.8715784877e-01 -4.9938531928e-01 8.9441267307e-01 8.2938154522e-01 7.1446033333e-01 4.7459319628e-01
2.1300251781e-01 -6.9539032011e-01 -3.1360756548e-01 -5.6551215014e-01 3.1708520576e-01 -5.6596739375e-01 1.1715090277e-01 2.3225676631e-01 -1.4600269502e-01 1.5365652003e-01 -2.5311875730e-01 -7.4663990757e-01 9.1022733823e-01 3.9284964968e-01 -5.1984667850e-01 3.6467844082e-01 -7.8460169772e-01 -9.3542578474e-01 -8.6397727042e-01 -3.6735273835e-01
4.1894832620e-02 1.7207305941e-01 8.7000620646e-04 -2.8836160955e-03 1.4945200080e-02 -3.7754757267e-01 1.8349178185e-01 3.7682582163e-01 1.1262347340e-01 2.7669920909e-01 -5.9741595334e-02 1.3547844862e-01 3.1686212846e-01 -9.0133682886e-02 1.0234378635e-01 4.4837927365e-01 1.3796098634e-02 -7.9528390150e-02 -1.6346952766e-01 -4.7565082040e-01
-2.0572161775e-01 -5.5599686218e-01 -4.2856266610e-01 -2.6126331776e-01 1.4671137076e-01 8.3519634778e-02 5.3453986051e-01 3.8602406741e-02 1.5004622359e-01 4.8364205981e-01 2.8605787389e-01 -7.5567157025e-02 3.3883149057e-01 6.5812961856e-01 -7.5653679967e-02 1.5795026375e-01 1.9390002434e-02 4.6355349687e-01 3.2022809126e-01 -1.9946005167e-01
1.3285864832e-01 5.2326130479e-01 8.4578759376e-01 8.7679056489e-01 -4.1506268832e-01 -6.3586946771e-03 -2.0793690134e-01 1.2051953165e-01 4.8856636279e-01 1.6858262824e-02 4.2761945828e-02 7.5045321675e-01 -2.3574563221e-01 -7.6262710308e-01 4.8229823431e-01 3.6702424587e-01 6.1304158741e-01 -8.1721883257e-02 -1.8327965118e-01 -2.6053349855e-01
1.5737960513e-01 8.7907643345e-01 5.3583667052e-01 5.7703441891e-01 -5.2256290977e-01 5.0699372439e-01 -2.8423140857e-01 -8.1245565763e-02 1.9149404129e-01 -2.1587364047e-01 2.7254589765e-01 4.4251970960e-01 -1.0325416811e+00 -3.7644028780e-01 5.5481467607e-01 -4.4517298961e-01 6.5634196605e-01 5.8256013248e-01 9.1909331579e-01 3.1169296152e-01
-1.3333478350e-01 -4.6382175547e-01 -9.0533146343e-01 -1.1341981843e+00 3.6924933267e-01 2.0394323569e-01 3.3126724675e-01 -1.4643025362e-01 -5.7756766864e-01 7.6636914780e-02 2.1616456272e-01 -8.0991882616e-01 4.1258845629e-01 4.2375977564e-01 -3.6029307121e-01 -1.6416908931e-01 -5.8840576243e-01 -1.6834467410e-01 -9.0587153540e-02 1.8078433080e-01
5.3089966618e-01 -1.1130972581e-02 5.4186459822e-01 1.0130050441e+00 1.2878697296e-01 -1.2815119657e-01 1.1490591620e-03 3.5196438618e-03 1.4504545820e+00 8.9609035631e-01 -2.9808699848e-01 9.9009564289e-01 -4.3772381766e-01 -7.2183069311e-02 -5.0974017976e-02 1.8314693937e-01 5.8045378112e-01 5.5567501705e-01 2.6512378280e-01 3.4638244863e-01
5.9508678076e-01 4.4757040487e-03 2.0520433017e-01 7.7432687606e-01 2.0038954989e-01 -3.5299588092e-01 3.0205264319e-01 3.9056004360e-01 1.3285216658e+00 8.8769852339e-01 -3.8476118358e-01 9.2605170478e-01 -2.8709421382e-01 9.1342240649e-03 -1.8873710918e-01 4.8780820593e-01 5.1120889058e-01 4.9122738059e-01 1.8461936835e-01 -2.6015759206e-01
3.4649283583e-01 -1.0398756537e+00 -9.3294170282e-01 -1.0244735605e+00 1.1111934587e+00 -4.3679990424e-01 6.4954383940e-01 3.6720235940e-01 1.2410408732e-01 6.4695419343e-01 -5.1180169831e-01 -7.8017785005e-01 1.1999586623e+00 1.2467710455e+00 -1.1692101733e+00 4.8327146826e-01 -1.0403350642e+00 -1.0560561258e-01 -7.7632083891e-01 -2.6722879090e-01
-5.8495961815e-01 1.0591849150e+00 2.1860329831e+00 2.1902026475e+00 -1.1063776832e+00 1.2727662967e-02 -8.4172116718e-01 1.2061485306e-01 3.8967640737e-01 -1.6728359690e-01 4.8548889286e-01 1.3261754702e+00 -1.0269302700e+00 -1.4563720082e+00 1.4169285658e+00 -8.8057820390e-02 8.4710768464e-01 2.8879026282e-01 6.7771303458e-01 -2.6381531920e-01
-4.2673820254e-01 -2.5763501911e-02 -5.4447720610e-01 -1.7369833538e-01 2.3016999886e-01 2.8728158862e-01 4.9346389667e-01 -1.0672200239e-01 2.5596870107e-01 4.1018863469e-01 2.4577568228e-01 -4.3806465568e-01 -1.5323469611e-01 8.2633341672e-01 -2.2189639909e-01 -2.5229051984e-01 4.6132970940e-01 8.2615785682e-01 8.8348080015e-01 1.5665618631e-01
-2.7756549239e-01 3.5439561119e-01 8.3916108520e-01 6.1723836236e-01 -1.0702240806e+00 1.5712145301e-02 -1.0279761846e+00 4.8350524569e-02 -6.4828654342e-01 -6.5522373055e-01 8.5767898542e-02 1.6397380575e-02 -3.0293372108e-01 -8.9696938014e-01 9.2942888235e-01 -6.9305513277e-02 4.0183876340e-01 -6.7021818536e-01 -3.5278754431e-01 2.3204391439e-01
1.3845155784e-01 -5.0491422360e-01 -9.6923127536e-01 -8.3193044186e-01 4.4394349628e-01 4.1231031868e-01 4.5062401029e-01 -3.3616590483e-01 5.7306612253e-02 4.4589793294e-02 -1.3256549297e-01 -2.5743857088e-01 2.9711195202e-01 7.4044120090e-01 -4.5022919600e-01 -1.5559740791e-01 -1.0082263737e-01 5.0582961696e-01 1.7557235127e-01 2.0441320121e-01
3.1866471840e-01 1.3276837949e+00 8.8910517807e-01 8.7887197078e-01 -4.3490985158e-01 -3.6711627562e-01 8.7357722379e-03 8.8588327168e-01 1.0292917105e+00 2.5619256526e-01 -4.3528531545e-01 1.0530928249e+00 -1.4368297970e+00 -6.0711427830e-01 1.1007369406e+00 6.9589001018e-01 2.0468158601e+00 1.3090403196e+00 1.3216463453e+00 -6.3824178210e-01
3.2717072460e-01 -4.1912755268e-01 -7.5959212887e-01 -5.7259208197e-01 8.2086404990e-01 2.7705832793e-02 1.0070897156e+00 -2.2251028093e-01 3.3387504540e-01 4.2441286557e-01 -6.2075177718e-02 -4.6418748365e-02 -8.4105842463e-02 9.7225483344e-01 -6.3456032951e-01 6.3267544242e-01 4.0741781742e-02 1.0020786671e+00 7.0119564690e-01 3.5495593219e-01
-7.1246960555e-02 -2.6580266019e-01 -4.2452173541e-01 -4.3957648775e-01 1.7408905294e-01 5.0821912459e-02 2.5796303437e-01 -1.4969246357e-01 -3.0428946968e-01 -1.9340023036e-02 6.9020423079e-02 -3.7212179275e-01 1.7042233706e-01 4.1815404063e-01 -2.3875219427e-01 -9.7137966894e-02 -5.7195305364e-02 2.8896486409e-01 2.3453304494e-01 -2.7714595375e-02
1.1521731064e-01 -6.2759598540e-02 -1.1812504361e-01 -1.2604941782e-01 -2.0035760775e-01 -4.3356256342e-01 2.5944401081e-03 2.2369012518e-01 -5.3830355670e-03 -6.0198521835e-02 -2.2264597735e-01 -9.7577782580e-02 2.3435115028e-01 1.8870212482e-01 1.3529617520e-01 2.0559915031e-01 -4.7546071500e-01 -3.0333548490e-01 -9.4293887224e-02 -6.6807117071e-01
2.4794407031e-01 -8.3730395390e-02 2.1579692172e-02 4.4429662263e-01 4.3763361089e-01 -4.3066790261e-01 5.3454716259e-01 9.6786931116e-02 1.1002151422e+00 1.0654501757e+00 -3.9654870311e-01 7.6166340621e-01 3.1759510372e-01 5.5490784773e-01 -4.8359569717e-01 3.6770876479e-01 1.7748960698e-01 5.3010348155e-01 2.9520279563e-01 -2.0400207851e-01
3.2280137424e-01 -6.3001500608e-01 -2.4898773995e-01 -3.9404132624e-01 2.1144820044e-01 -5.5638533980e-01 -6.4083870652e-01 -1.0815607659e-02 -3.9309962888e-01 -6.3133542251e-02 -6.1072570718e-01 -5.0849150804e-01 8.7748226284e-01 -9.5055419441e-02 -5.1960491672e-01 1.1625369123e-01 -9.3098336563e-01 -8.8495652262e-01 -1.1558447105e+00 -1.1456599281e-01
-7.2055749523e-02 5.0187137153e-01 6.6412162761e-01 1.5273813388e-01 -8.9968654025e-01 2.0017204068e-01 -1.2114364755e+00 1.3373396442e-02 -8.1828574459e-01 -8.4685859345e-01 8.1054829180e-02 -2.6586339823e-01 3.6903931432e-01 -9.8942715085e-01 5.5776283652e-01 -3.2571039158e-02 -7.3988150960e-01 -1.1745126747e+00 -1.2023086675e+00 -9.6737743344e-02
1.5882447772e-01 3.9684944200e-01 7.3222623439e-01 3.4983717412e-01 -8.1384706703e-01 -2.4378864734e-01 -8.7921100264e-01 -1.4113275507e-01 -7.8125605638e-01 -8.7623167361e-01 -5.1514839323e-01 4.1071109681e-01 -2.7412521759e-01 -1.1122629287e+00 6.7993161125e-01 3.8165750869e-01 1.3875709164e-02 -9.3664193994e-01 -5.7724544702e-01 -1.6941465613e-01
-3.5975060539e-01 3.6134798311e-02 2.8195014623e-01 -8.3278741182e-02 -4.7116772315e-01 -3.5891348441e-02 -1.1805726918e+00 8.1558164123e-02 -8.0535724187e-01 -6.9621303304e-01 1.7879021095e-01 -5.8995435667e-01 7.8218128133e-01 -6.1268177284e-01 -1.6728484201e-02 -8.5186213315e-02 -1.0939234093e+00 -1.8818768045e+00 -1.2622951717e+00 -1.7443366263e-01
1.7632439475e-01 -7.5948824748e-01 -9.0294277709e-01 -8.3334247676e-01 9.2366541321e-01 2.9027287839e-01 4.2149430200e-01 -1.1053378790e-01 -2.5875798563e-01 6.8345897221e-03 -6.9855283267e-02 -6.9961968198e-01 1.0936325440e+00 4.4330616161e-01 -1.3190794850e+00 9.4471355165e-02 -7.6662746150e-01 -5.2816570406e-01 -6.9263706619e-01 -1.2780798940e-02
-1.1595158171e-01 1.9895049768e-01 -3.5182736724e-01 -1.3033376891e-01 -2.5060283384e-01 2.0003341837e-01 4.8857010156e-02 -4.3499801716e-01 -6.3337913500e-02 -9.1410640014e-02 2.5149839858e-01 -9.1439743327e-02 -2.6169454579e-01 1.5229514070e-01 7.6900928860e-03 -3.2146853488e-01 1.3116620369e-01 3.0027211494e-01 3.0406141028e-01 2.5080877700e-01
-3.6823714376e-01 8.7188688893e-01 5.6418227203e-01 6.8687093726e-01 -4.1627608355e-01 4.7257637020e-01 5.5704324208e-02 8.3413474609e-02 1.8319975803e-01 -1.8974050614e-01 3.5630472270e-01 5.2742847101e-01 -9.5144548982e-01 -1.2060647212e-01 9.1418907329e-01 -3.6988067927e-01 7.5639358496e-01 7.7613340974e-01 7.9143092480e-01 3.3652110462e-01
