-8.7638330138e-02 -1.5447546919e-01 -9.6131151478e-02 3.3748384819e-01 -1.8390639084e-01 -7.4988921006e-02 -7.2732374952e-03 1.9927521389e-01 -2.9660699311e-01 3.4326371790e-02 -5.5336122737e-03 -1.5299232965e-01 2.9186792883e-01 8.7775693734e-02 -8.1000399304e-02 -1.3505746365e-01 1.9021969218e-01 -3.6067552735e-02 3.0943146975e-02 -7.2089359992e-02 -6.6611685579e-02 -7.5955907263e-03 3.3348774374e-01 1.7412182896e-01 -1.1895806503e-01 -6.5207334170e-02 1.6254278728e-01 -2.0916586659e-01 -1.4916671111e-01 1.5246229474e-02 1.0120668926e-01 -1.9326997241e-01
5.8847301914e-01 2.1325845409e-01 2.7937556225e-01 -1.2796744461e-01 -1.4248712247e-01 1.8614531320e-01 8.4670060539e-01 7.5441339383e-01 -3.8087899378e-01 6.2939088612e-01 -4.8562339388e-01 2.7334715312e-01 7.7119369853e-01 -1.3270119926e-01 8.5555989113e-01 6.6895992187e-01 2.3714394555e-01 6.8230217234e-01 -3.9364256704e-01 7.8647867927e-01 -2.5648104059e-01 6.7823791455e-02 5.6470782156e-01 4.7774632671e-01 -6.8169631149e-02 4.6740510617e-01 -4.3607944621e-01 4.4548341703e-01 2.5040932173e-02 -4.9253992764e-01 1.0842770609e-01 4.6005139215e-01
-1.4722553499e-01 2.6356839995e-01 9.4113789578e-02 3.7264857516e-03 -3.8929514038e-02 -1.7399280314e-02 -1.5353781383e-01 -4.8627756995e-02 -2.5199737640e-02 2.6447168105e-01 -1.2210780552e-01 7.8775902736e-02 -2.3653462145e-01 -1.0892007878e-01 3.2650813356e-02 -2.1720712910e-01 1.6326096049e-01 -1.3434580927e-01 -2.7371017756e-01 9.6846131359e-03 7.2596734651e-02 -6.8636238869e-02 1.3208366451e-02 4.9052826650e-01 -5.6562497582e-02 7.9433792369e-02 6.1780360710e-01 2.1535231887e-01 8.0988849466e-02 2.2852543936e-01 2.2387379474e-01 1.1737127053e-02
-7.2923109042e-02 4.7268352097e-02 -2.0549441778e-01 -2.6862893470e-02 2.0794339289e-02 1.2123722060e-01 1.4553275614e-01 1.0402530123e-01 2.2760225358e-01 -2.3202446307e-02 -2.7981622967e-02 1.3799752935e-01 1.2341176162e-01 7.1370937057e-02 2.7298432634e-02 1.9415147140e-01 9.5676102655e-02 -2.1437469388e-01 -1.0661265326e-01 1.4619215566e-01 1.8606365017e-01 -1.5101433514e-01 2.1212571556e-02 1.8071676890e-01 -3.5649344906e-01 -1.5477627331e-01 2.2244202290e-01 -1.8361950325e-01 2.4744308298e-01 1.5521141347e-01 9.6092670647e-02 4.8507744253e-02
-1.1717932213e-01 -3.6041845305e-01 -4.1052046526e-01 -1.6228264836e-01 -8.0030400046e-02 3.1123677096e-02 1.4491163599e-01 -3.9513818193e-01 -5.5763803403e-03 8.4937766268e-02 5.2389372272e-02 1.0352585634e-01 1.4861581399e-01 -3.0377633706e-01 4.4512573782e-02 -2.2491960416e-02 1.5220514407e-02 -6.3155924579e-02 -1.3697619367e-01 -6.4422322648e-02 5.8831015329e-02 -3.0126555695e-01 5.7505629604e-02 1.2996666483e-01 -1.7610963942e-01 -8.1896498654e-02 4.5489082188e-02 2.8791371658e-01 1.3430812261e-01 -4.5866877272e-02 -5.5310068407e-03 1.0524507915e-01
-2.1688251984e-02 2.9569954330e-01 3.0628146420e-02 2.2690223343e-02 -6.7287664924e-02 2.2121130089e-02 -5.5242077293e-02 -2.7882681731e-02 1.5862597895e-01 1.6804339580e-01 -6.5823657652e-02 -3.0633423424e-01 -1.5749311446e-01 -2.2061649998e-01 4.2716299559e-01 1.2253578662e-02 -1.1700827471e-01 2.0015964128e-01 1.3813844955e-01 -4.4371093807e-02 -7.3415154620e-02 -3.8001432965e-01 2.4306940150e-01 4.4281392163e-01 1.5565245861e-01 -2.7750982365e-02 4.6705542793e-02 -5.6881725305e-02 3.9646716931e-01 5.8271019527e-02 -9.8012865304e-02 -9.8460129375e-02
-1.4420419539e-01 -4.2562965678e-02 -2.4937507638e-01 -1.8472998558e-01 2.4114645765e-02 4.2243396719e-03 -3.2574796628e-01 2.3941424119e-02 3.8559342390e-01 -2.0943464109e-01 1.2936545727e-01 9.1709205550e-02 -7.9852261073e-02 1.4098047596e-01 -1.2558004071e-01 4.1678870802e-01 -2.9197986573e-01 -5.8047011614e-02 -6.3037493680e-03 2.9480577788e-04 1.5671915336e-01 2.1452765940e-01 1.4619008720e-01 1.5321079846e-02 5.3661478198e-02 1.9031804824e-01 -3.6539692419e-01 3.5603932245e-01 -1.2412638285e-01 3.3351429840e-02 4.7056906757e-02 -2.1801045697e-01
-3.4646151286e-02 6.0627653920e-02 2.3301604510e-01 -2.2560603471e-01 -1.9516430392e-01 1.3890322446e-01 -1.0137130218e-01 1.1373644912e-01 -4.2701093619e-01 3.1318952745e-01 1.5749382674e-01 1.1340863235e-01 -7.2343025082e-03 2.4238980805e-01 1.8866159879e-01 7.9784505982e-02 -2.8021692271e-01 2.1704628592e-02 4.4226337935e-02 1.0848784136e-01 -1.6514184100e-03 2.0711189297e-01 -1.2758081756e-01 6.0948404646e-02 5.4965974299e-02 5.3952916059e-03 6.2043982823e-02 5.4752747049e-02 2.0160218873e-01 -1.2801730822e-01 -1.9239855997e-01 7.6937899986e-02
1.6782231765e-01 1.6296289931e-01 7.0080345496e-02 -2.7034376434e-01 3.6559934227e-02 2.3643747812e-01 -9.0121047665e-02 -1.4467399531e-01 3.1326738223e-01 -1.7165395193e-01 -6.1844675743e-02 -1.7397415928e-01 -1.4957040010e-01 1.9213419967e-01 8.1694990015e-02 -1.1130456081e-01 -1.4454586190e-02 -1.5723502473e-02 2.4470852138e-01 8.0134284117e-02 -2.2393913794e-01 3.3421828332e-01 -1.7159192329e-01 2.2583185243e-01 -1.7861282688e-01 -1.8895715689e-01 5.2654017837e-02 -8.7216625687e-03 1.6513071093e-01 -2.4878541062e-01 9.0180386463e-02 -1.6130215499e-01
1.2422435257e-01 3.6747774745e-02 -2.0901283299e-02 1.4173989111e-01 -3.5736889210e-01 -4.4617368914e-02 2.4078251355e-01 1.7661633757e-01 -3.0465355391e-01 1.4010810180e-02 4.2559259448e-01 3.1338225541e-01 2.4349537440e-01 3.1107115567e-01 7.3993124127e-02 2.8028739707e-02 -2.0291237762e-02 1.2263633427e-01 -3.4239855965e-02 2.9573005187e-01 7.3338122120e-02 1.1044819577e-01 1.4859190612e-01 1.9817596938e-02 1.3742636847e-03 -1.2809448163e-01 9.9422785743e-02 1.8683823068e-01 -2.2512871827e-02 3.8138359230e-02 -1.0223401714e-01 1.1215445705e-01
-1.1132952131e-01 2.7116236355e-01 -9.2671488088e-02 5.0775361760e-02 -4.0150802081e-01 -2.1516708143e-01 -1.0113980527e-02 -1.7564759020e-02 1.7155639589e-01 9.7758201102e-02 1.5831808971e-01 -1.3964024721e-01 3.1566820584e-01 3.6948130394e-01 1.6027261951e-01 6.0010653199e-02 -3.7004092872e-02 1.0356078948e-01 -1.4014966761e-01 6.0714654671e-02 -1.1913605586e-01 -1.0457626552e-01 -2.6470705145e-01 -5.2422178247e-02 -2.0359274114e-01 -1.0376338973e-01 -1.5319856365e-02 1.4356118632e-01 1.5966005864e-01 7.7696339656e-02 -3.4795826782e-01 -1.5329864495e-01
-8.2250574814e-02 9.3465254050e-02 -4.4293392948e-01 -2.8586351992e-02 -2.0474238922e-01 -2.6517862439e-01 3.8550417488e-02 -8.1767232521e-02 -2.5045732641e-01 -1.0533642218e-01 -9.7603475564e-02 8.1493002332e-02 6.8510208379e-02 -1.3475673833e-01 -3.3471750110e-02 -1.7202505025e-01 8.7356776840e-02 2.2363769291e-02 3.4405246571e-02 -4.9039695127e-02 -4.4665446794e-02 2.2678310990e-01 -2.5331565743e-01 8.1205720857e-02 -3.9197173041e-01 1.8937731143e-01 -1.6922606689e-01 -5.3804984463e-02 1.7335233103e-01 6.5191406413e-02 -1.4175940049e-01 2.9103764437e-02
1.2811303442e-01 8.8615994373e-02 3.6746094584e-03 1.1875494419e-01 1.0592423342e-01 2.9550647054e-01 2.7647062755e-01 -3.8021345842e-01 8.0322452285e-02 -1.3074689088e-01 -2.1883407117e-01 -1.5329069296e-01 -2.6733471586e-01 -1.7872230204e-01 1.6742460849e-01 -1.9252579295e-01 5.0268628421e-02 -6.4199466382e-02 -1.5242291415e-02 -1.2161890165e-02 -6.0895782289e-02 -3.9695366163e-02 -1.4219407716e-02 -1.0050027313e-01 9.1938288050e-02 2.1453868154e-01 -1.8594263933e-01 -4.3131306802e-01 -7.3933701776e-02 -1.8312164340e-01 9.1130230940e-02 1.5202687703e-01
1.0272861568e-01 -2.7131098910e-01 -1.0591715602e-01 2.1489952500e-01 -1.1217836224e-01 -5.5000939559e-03 -1.3216570848e-01 -1.8271986922e-01 1.0705907591e-01 1.3284038211e-01 2.6527113535e-01 -4.2588783934e-01 9.2368466041e-02 -2.5477035935e-01 -6.4728496729e-02 -4.8233264989e-01 -1.5498157031e-02 1.5112933086e-01 2.1044357041e-01 -2.3494532743e-01 3.2400528714e-02 3.6040631771e-02 1.2240739794e-02 -2.8569724211e-01 8.0214572975e-02 -1.7670688061e-01 3.2472210251e-01 1.5121983876e-01 -5.9908280892e-03 3.6213619079e-01 1.8409812523e-01 4.2393093723e-01
4.1483436709e-01 -3.1742095943e-01 -7.6422117437e-02 2.2111267146e-01 1.1155711241e-01 -1.2348111774e-01 1.2905779637e-01 2.6230142227e-01 -5.0613980691e-01 3.8094118158e-01 -2.3918788915e-01 2.3839707837e-01 3.5039171757e-01 -3.7559745475e-01 -1.1453448316e-01 3.7441826970e-03 1.8379907039e-01 -8.9054078920e-02 1.4635374479e-01 -9.4748105991e-02 1.1143531817e-01 -2.9722342611e-01 5.3063853313e-02 -2.7215759079e-01 4.3525798268e-02 4.2130642112e-01 -1.0574185906e-01 5.9950690889e-02 1.7347390676e-01 -1.8476048996e-01 -7.9688698078e-01 2.1494305489e-01
-1.6531734584e-01 -9.3065879973e-02 5.0576673822e-02 -6.4523981086e-02 3.6643393658e-01 3.9399477358e-01 -1.4770546074e-02 -6.7368911364e-02 -1.2830331904e-02 1.7480857850e-02 7.5303428173e-02 1.6205933410e-01 1.1604821030e-01 1.5972284458e-01 -2.2636233107e-01 -1.8725101801e-01 2.7118513398e-01 4.5356172853e-02 1.9965189148e-02 2.9186540304e-02 -3.2959735356e-01 1.3390299502e-01 -2.5860968458e-02 -1.0596981287e-01 1.6241292077e-01 -1.2356905930e-01 -3.3461317481e-02 7.3068697949e-02 3.9645217604e-01 -8.1182096922e-02 -6.7847653588e-02 2.1063503813e-01
1.6342901203e-01 -3.0271734617e-02 -2.1170239994e-01 -7.3628153864e-02 -1.1123063130e-01 -6.3511137679e-02 1.5766332697e-01 1.9085596967e-02 2.5897283817e-01 -1.1151543405e-01 6.0657730954e-02 -9.8059591649e-02 1.3750065720e-01 4.0383049759e-02 2.3158882697e-02 2.0182689084e-02 -2.3917854768e-01 -6.7492654545e-02 -5.0455689599e-02 -4.7062770415e-02 3.9247667081e-03 1.7494835518e-01 -4.0865818697e-01 1.7942311705e-01 -1.6423598046e-01 -3.7143482261e-03 -3.5329178021e-01 -1.4167988103e-03 -2.7011306847e-01 -5.8605523396e-02 -2.3926587259e-01 -1.4253891907e-01
-6.5612347741e-02 -3.4131645732e-01 -1.9979868774e-02 6.5473501594e-02 -7.8505980587e-02 -2.9627417489e-01 -1.9081301436e-01 3.8872332375e-02 -3.3048982893e-03 1.1681013843e-01 -2.9291608376e-01 1.5805614409e-02 1.4340062688e-01 9.1650908033e-02 1.4733319741e-01 -1.3439743957e-01 -1.4176246309e-01 7.0370653996e-02 1.9769953263e-01 8.9386030539e-02 -2.1609739618e-01 2.1808440458e-01 8.6416720077e-02 -4.6900770324e-01 -1.4909483007e-01 -3.7138734375e-01 -1.0736651751e-01 1.8259544959e-01 4.3067075098e-02 -8.0460972817e-02 2.8426003113e-01 -1.8809523310e-01
-1.6573414896e-01 5.0520844126e-01 2.9870712152e-01 2.0425243701e-01 4.0041161191e-02 -2.4886455408e-02 9.0561417894e-02 3.8001206023e-02 1.5199830163e-01 -8.5941174167e-02 -5.5179473818e-02 6.8879341423e-02 -1.2477779067e-02 -3.0706129350e-02 3.3072747300e-02 1.2392705961e-01 1.4509760276e-01 1.7107212349e-02 2.7167934476e-01 2.8660634650e-01 -3.2855005751e-02 1.5093830680e-01 -6.5590619069e-02 -1.1980484384e-01 -2.7931611150e-01 -1.1464775927e-01 1.2032739282e-01 2.9418077272e-02 -2.7118192279e-01 -9.8836661258e-02 1.2163695205e-01 6.5291422749e-02
-1.0777279112e-01 -2.4690022023e-01 2.4136370295e-01 -3.9609740640e-02 -2.8236741895e-02 -1.0075776391e-02 -1.6017402656e-01 7.6910903292e-02 -4.1734789109e-02 3.9092972544e-02 1.9642563139e-01 -1.6191512266e-01 2.3038194022e-01 9.3393173835e-02 -3.5421176940e-01 3.3997329097e-01 6.8915713977e-02 -1.9229441648e-01 1.7664500705e-02 -7.5175761420e-02 1.1129977478e-01 6.9734624826e-02 -1.1852486220e-01 -1.1693392872e-01 -1.6177298738e-01 -1.4083115123e-01 -9.9841369787e-02 2.9130640393e-01 -1.6823908735e-02 2.1386373180e-01 -2.3887146623e-01 -1.1851990952e-01
1.4654143434e-02 -8.1894780892e-02 -1.1320672770e-01 1.3706462025e-01 4.1247136890e-02 5.1924672683e-02 -2.7653293586e-02 -2.3426556589e-01 1.1213063658e-01 -7.6826782286e-02 2.6480818719e-02 1.1947665553e-01 -1.4919820321e-02 -2.9911975818e-01 -2.7411163275e-01 -2.9426041827e-01 -3.1055832110e-01 4.6330583036e-02 -8.6084001491e-02 -2.8151633049e-02 -1.3993520420e-01 -4.0318856703e-02 -2.2006421250e-01 -2.8664203798e-02 3.8861650773e-02 2.0190799656e-01 2.7588659673e-01 -4.4932652443e-02 9.0272025594e-02 -1.7210473090e-01 2.4707356653e-01 -1.4438128371e-01
5.0840058594e-02 2.4130144133e-01 3.5881821773e-02 -5.7162192094e-02 9.7460553840e-03 3.1046682871e-01 2.9991583057e-01 -2.6422015544e-01 -3.4587892837e-01 2.1476603856e-01 -3.0953172011e-01 -5.7375507371e-02 -1.3252894980e-01 -4.7824906086e-01 -3.9340599863e-02 -7.1599675642e-02 1.4659969717e-01 2.8953833954e-01 7.5594826581e-02 -1.9258635614e-01 1.3376522197e-01 -2.9796834179e-01 2.5753271296e-01 -1.8505348313e-01 -1.6310678296e-01 -8.3318374259e-02 -3.9066572315e-01 2.1853513134e-01 7.5630877678e-02 -2.1382649272e-01 -1.8504126142e-01 1.5081700916e-01
4.9826562733e-01 -2.8828257921e-01 4.5073484569e-01 -1.8860748289e-01 1.9031617642e-01 -9.1321424847e-02 -1.0234351070e-01 1.9687913796e-01 -1.3222195584e-01 -1.2707476085e-01 -7.1768586257e-02 -4.0007016733e-01 2.3041669089e-01 3.7425907314e-01 2.9014929168e-02 -9.0586455374e-02 1.2648822412e-01 -3.2178483748e-01 2.9013026512e-01 -3.7794484845e-01 6.8677176617e-02 -2.4577541995e-02 2.2817207543e-01 -1.1951126676e-02 9.3783671491e-02 -1.8334177785e-01 2.4542596592e-01 -2.5346582583e-03 -1.9543811177e-02 3.7642688411e-01 2.9208214009e-01 2.0641243772e-01
-1.5312047369e-02 -3.8940744282e-02 1.2174612279e-03 -2.7162032463e-01 -4.4436587978e-01 2.1749248396e-01 2.2416530875e-01 1.7143457740e-01 1.4369464227e-01 -1.2665574971e-02 -3.5704798965e-01 -7.7313671877e-02 2.8131740108e-03 -1.1892692261e-01 7.2439658006e-02 7.9969298542e-02 8.2651555755e-02 -1.3247818082e-01 2.3356656825e-01 1.9155253385e-01 2.4712052476e-01 1.3258651551e-01 1.6947604882e-01 -1.9107666886e-01 1.2059070434e-01 6.2382461261e-02 3.2227685974e-01 1.4096686992e-01 -1.0658588306e-01 -2.8391715239e-02 -1.0222333839e-01 2.4562980104e-01
-6.4087600623e-02 2.4240212001e-02 -9.2809944610e-02 3.2757098749e-01 -4.6308271483e-02 2.3396978995e-01 4.4474196787e-01 4.5911265674e-01 -2.3465234332e-02 2.9940108693e-01 1.6940114560e-01 -2.7183251068e-01 -1.6515355427e-01 2.7523917036e-01 -3.5905919464e-03 -1.8028963570e-01 -1.9263179704e-01 -2.6277856253e-02 7.5685087321e-02 -1.5605561071e-01 1.7081329829e-01 -1.0132281660e-01 8.6734898735e-03 -6.9281975519e-02 -1.1311323248e-01 -1.4908651267e-01 1.6316122242e-01 5.1092934167e-02 -1.7226184389e-02 2.0603081698e-01 -3.7333020089e-02 7.0898771722e-02
-1.2915323869e-01 8.7164871390e-02 -1.5895876813e-01 -1.9313529619e-01 -2.1574214137e-02 1.4168617219e-01 7.4779117417e-02 1.2858802382e-02 -2.4836097456e-01 1.9641451675e-01 1.9771990889e-01 7.8863371029e-02 1.3192215685e-02 1.3932090885e-01 -2.8553908610e-01 2.0648239739e-01 2.1647057010e-01 -1.0173677897e-01 2.7412946545e-01 -4.5765570044e-03 -1.2137796517e-01 2.7564976022e-01 -3.3667679634e-01 -9.9751109925e-02 -5.5838541802e-02 -1.2669594102e-01 -2.1973797117e-02 -1.5342783420e-01 2.2640217895e-02 8.5415086961e-03 -7.8616176870e-02 1.8426862666e-02
-2.0587320009e-01 -5.3419151378e-01 4.1421147564e-01 1.4254639466e-01 2.8324621481e-02 -2.9817497171e-02 -2.7696708477e-01 -1.3758117150e-01 5.9619569777e-02 3.4254954643e-01 5.7715636785e-02 -1.7221202273e-01 2.2319250870e-01 -1.6554939724e-01 1.1012947251e-01 1.8412504265e-01 -5.2845899811e-02 -9.6457204811e-02 3.8203170669e-01 2.5670709249e-01 2.0447918679e-01 8.9278257093e-02 2.6275936141e-01 -8.1074048794e-02 -1.4685979914e-02 5.8981279943e-02 -2.0911691918e-01 -2.1369956278e-02 1.7259224859e-01 2.2203866104e-01 -1.1519152439e-02 1.2345833470e-01
-2.3717071773e-01 8.7055423691e-02 -1.8563715840e-02 2.0958290822e-01 6.1884680866e-02 -6.2209031606e-03 1.3681343523e-01 1.9893157053e-01 -5.0317233648e-01 -1.3983136397e-01 -3.9682321687e-01 -2.8311277559e-01 -3.2955543685e-02 3.0012338218e-02 -2.7096560785e-01 1.9243591327e-01 2.0101429130e-01 1.7367164957e-01 -1.7144527327e-01 2.8843551235e-02 -2.9577571808e-01 8.8255374212e-02 4.9363055199e-03 5.2032117182e-02 9.5663404628e-03 1.2647620063e-01 8.6018446734e-02 2.1374185376e-01 1.1400219595e-01 2.7298717717e-02 2.2304248706e-01 -1.7596008178e-01
4.0425817857e-03 -4.2780800326e-03 -3.3799708616e-02 -4.6160384973e-02 -1.0718531155e-01 -2.6002271549e-01 -2.3972211248e-01 7.1838483394e-02 2.1209769642e-01 -1.3193142343e-01 -1.5066976295e-01 -1.8821930495e-01 3.2177054182e-01 -2.8510960321e-01 5.1235269249e-02 -1.0537441973e-01 2.4546795580e-01 -1.0326282444e-01 2.9611302943e-02 -6.0529352228e-02 1.3453938222e-01 7.8014807834e-02 2.7756426429e-02 3.3252210816e-03 2.7439692562e-02 1.1182017228e-01 1.2301814149e-01 -3.4425732013e-01 -4.6701867254e-01 2.8874440399e-01 1.2083799899e-01 2.4371952604e-01
6.4892868468e-02 -3.2978681680e-01 -4.7048066253e-02 -9.3853937641e-02 1.8088272539e-01 -2.0463767559e-01 2.6792122772e-01 -2.0964881444e-01 -1.7023651139e-01 1.8226828530e-01 4.0326074533e-02 -1.6671908371e-01 -3.7266835930e-02 -1.4456235261e-01 -3.5659291992e-02 -1.8417820940e-01 -1.8940398107e-01 -1.0269762044e-01 1.3416407946e-01 -8.7764266573e-03 1.5932414134e-02 -2.5169627500e-01 -3.4711936744e-02 -7.6092550061e-02 -4.4132851157e-02 -1.2811559749e-01 -9.0729661294e-02 8.9815066248e-02 1.5359411611e-01 -3.7230303911e-02 -9.5969478059e-02 3.6667169037e-01
-2.0726899868e-01 -2.4993956472e-01 2.1727401694e-01 3.5503173035e-01 1.8858737386e-01 -6.8672153766e-02 4.6415146388e-03 1.3964157017e-01 -1.1962018533e-01 1.1621354498e-01 2.2574076236e-01 -2.8489447427e-01 1.4929276606e-01 -2.3799150732e-02 2.7757152785e-01 -3.7668256963e-02 -7.1331032865e-02 -2.3159738635e-01 1.5169575185e-01 1.9254747674e-01 7.2236435955e-02 -1.5552820086e-01 -3.2864280685e-02 9.2724400357e-03 -1.6844296746e-01 2.4883887341e-01 -3.1008604435e-01 1.3552750281e-01 4.5633680491e-02 -8.3560497514e-02 3.4264319565e-02 -3.7034351652e-02
1.4999277312e-01 4.0677898279e-02 -1.1500784336e-01 2.7826915342e-01 9.1428837859e-02 8.3754856007e-02 2.4786853058e-02 1.6953340570e-01 -3.1176792581e-01 1.5614531878e-01 1.3563818030e-01 3.4468587885e-01 1.8966194017e-01 1.2644158537e-01 2.7558281298e-01 -3.9475182417e-02 4.6354602160e-02 2.5421047245e-01 3.7690508795e-01 3.3982765047e-02 1.6037655150e-01 -6.0539026642e-04 -2.6027188726e-01 -2.0390171926e-01 -1.2538835864e-01 2.7576853574e-02 8.9114511841e-02 3.9411664250e-03 -1.8667275487e-01 5.3628765144e-02 -2.1079818935e-01 3.7102947104e-01
