-1.8245743027e-01 7.5388283370e-02 -2.1767809051e-01 -1.9418030501e-01 -4.8371768452e-02 -3.2657766931e-01 2.8645520503e-02 1.6703912542e-01 -2.3161918069e-01 4.5983202300e-02 4.2630452433e-01 3.2912348619e-01 -1.5026394165e-01 -1.5466406545e-01 -2.1740745772e-01 8.3313486696e-02 -1.7505975222e-02 -6.6981856539e-02 3.7547125979e-01 2.6124973806e-01 2.9920302345e-01 -3.7796792794e-02 -1.1668887629e-01 2.4205616478e-01 1.4453372612e-01 5.9066298272e-02 -1.7559795587e-02 -1.4311275518e-01 -2.0382773178e-01 -1.9193298834e-01 -3.7794281468e-02 -1.2207683099e-01
-1.7890842358e-01 2.3819966392e-02 -2.7661918689e-01 7.8669686279e-02 1.4047796743e-01 -5.8359285018e-02 -5.1801577723e-02 -1.0387054408e-01 -1.4465773572e-01 -2.2405028868e-01 -6.0035755843e-02 -1.4826532503e-01 2.4943730191e-01 -1.6707074303e-01 6.6137271714e-02 1.0027261743e-01 2.8896496853e-01 -1.4167888652e-02 -2.5903142422e-01 2.7259169477e-01 2.7355405600e-01 -1.2047612204e-01 -1.5244577198e-01 3.6829198304e-02 -6.0839732362e-03 5.8953340650e-02 -1.1294643953e-03 2.6877420753e-02 -3.2180958701e-01 -4.4512993243e-04 -2.2770979617e-01 -6.7133451496e-02
1.6546044976e-02 -3.0919787242e-01 1.3818721094e-01 5.6159256527e-02 -3.1678400498e-01 -8.8571046590e-02 1.6024466295e-01 6.7241956493e-02 -9.4542976538e-02 2.5449944184e-01 3.0408888076e-02 1.8157264450e-01 1.7147282886e-01 2.4292487273e-02 -4.1360710725e-01 2.0738163532e-01 -1.0312556357e-01 1.5138860660e-01 3.1299801553e-02 1.9422204245e-01 6.9308133439e-02 -2.3446246510e-01 -5.1209744979e-02 7.5344505666e-02 -1.4060002858e-02 -6.6402342935e-02 1.5455501040e-01 2.2944900807e-02 -2.2019724974e-01 -2.1964669199e-01 -2.2733349248e-01 3.6304449784e-02
1.8119061141e-01 -1.2137667830e-01 -2.7483066303e-01 -1.0610039392e-01 3.6867815076e-02 -8.3023955324e-02 3.3970185161e-01 5.0942413807e-02 8.1253160305e-02 -1.8997159000e-01 3.9535848808e-01 3.2827055351e-01 -1.2918732471e-01 -3.3663777699e-02 -7.4824155883e-02 2.3082539055e-01 -6.7192899417e-02 1.8627476574e-01 2.1004354617e-02 -1.9095726523e-02 2.9455882290e-01 2.3373914250e-02 1.0034816016e-01 1.8237163693e-01 2.6034094257e-03 8.6521647671e-02 -5.2981924908e-02 -7.1976408823e-04 -1.5592691239e-02 2.6899958782e-01 -5.2813732161e-01 3.6158112032e-02
8.4055206340e-02 -1.9356300159e-01 -3.7276209449e-02 9.2478607058e-02 -1.7212955428e-01 -7.5598427178e-02 -2.1015179608e-01 2.5208146860e-01 3.4519350110e-02 7.7859465735e-02 -3.7387336871e-02 -1.3198502614e-01 6.6687377465e-02 -1.7469996849e-01 -3.1408513670e-02 -2.2117585607e-02 -3.6768147093e-01 4.8966653380e-02 -6.3835204716e-02 3.6962489402e-01 -3.6273348490e-02 -3.9406451140e-02 2.8766056903e-01 1.2052046549e-01 8.3163556677e-02 4.8732022493e-02 1.6298667005e-02 9.7379000713e-02 -1.3685884508e-01 -1.7154659595e-01 -1.8062111398e-01 8.0552157512e-02
6.6397205139e-02 1.5943540859e-01 -2.3557717103e-01 -2.1810236180e-02 -4.8513823996e-02 3.2417211527e-02 1.8152300291e-02 9.7783351789e-03 1.4674211888e-01 -3.1189442232e-02 7.7758296567e-02 2.0369522049e-01 1.7493008779e-01 6.0171645596e-02 1.1372845571e-01 -7.2759457169e-02 3.7877704717e-01 6.6286528723e-02 -1.3424705901e-01 -5.5522631342e-03 1.7315429482e-01 -6.5952240860e-03 5.7202180411e-01 -2.9268880621e-02 7.0551200436e-02 2.0642051559e-01 -1.0954375358e-01 -1.4595887167e-01 -6.6625006062e-02 4.4850697590e-02 2.4924847846e-01 -2.5691732337e-01
-1.9251899430e-01 2.0575215731e-01 1.3417413213e-02 -2.1003590144e-01 -1.4497400951e-02 7.5552514810e-02 6.4953093468e-03 -9.8049368109e-02 2.5005275867e-01 -6.8817981870e-04 -6.8076057488e-02 4.0926362446e-02 1.4693895568e-01 -5.1786294905e-03 6.0530977409e-02 2.2381290317e-01 -1.3601357214e-01 -4.6010326707e-01 6.0085280256e-03 -2.4805711473e-01 3.1505689018e-01 9.4085448813e-03 -1.8932799688e-01 -2.2771539957e-01 4.1087819145e-02 -2.3910848245e-01 2.1046269967e-01 8.1051814686e-02 2.1415747019e-01 3.4172308360e-01 -8.9204041673e-02 1.2276286582e-01
-8.0177638349e-02 1.0120696078e-01 -3.8888406019e-02 -8.6472696061e-02 -2.9222498493e-03 -7.8219836254e-02 -7.0371451201e-02 1.6530142012e-01 -1.4691768428e-01 -9.0659308735e-02 1.1936960420e-01 4.4759126689e-01 2.8036394129e-01 2.1268737927e-01 7.9152514965e-03 -4.4166341949e-01 -1.0719153290e-01 2.1431627584e-02 1.1768693940e-01 -1.4074998561e-01 8.6038232419e-02 -1.1940924100e-01 -7.6091301621e-02 -9.7882383135e-02 2.6406452775e-01 -2.0944234474e-01 -1.5882636745e-01 -4.6004882864e-02 -3.6927097269e-02 -2.2541442063e-02 -3.0697466078e-01 -5.1381421387e-02
3.4567398862e-01 2.5094590665e-02 2.2882801248e-01 1.3583331086e-01 3.1289550736e-02 -2.0249415867e-01 -2.5254203495e-01 3.2034440858e-01 8.1618195769e-02 1.5497042499e-01 6.6217470102e-02 1.2167659542e-01 1.0976893434e-01 -8.1204454612e-02 -2.4337520285e-01 -3.4590884923e-01 1.7998289120e-02 1.5128175924e-01 -6.9643382569e-02 1.2252693077e-01 -2.3094499263e-02 -1.6389919535e-01 1.3847242866e-01 5.8875148519e-02 2.8557017381e-02 -1.4510682533e-01 -1.4850987001e-01 1.0285873809e-02 1.3803762137e-01 2.8765077635e-02 1.0470152759e-01 4.1231863151e-02
1.1439227756e-01 -5.3954259156e-02 -3.4433819421e-01 -1.4917486160e-01 1.7831574529e-01 -1.4479603116e-01 2.9752032563e-01 -5.4926384188e-02 -8.7401194906e-02 2.7313367077e-02 1.0462414945e-02 -2.6896346528e-01 5.8131632847e-02 -9.1337661470e-03 -2.1678710135e-01 -5.1435200052e-01 1.7827899922e-01 2.2428791591e-01 -9.7765657806e-02 2.5128950193e-01 -1.1824922816e-01 -1.1801863369e-01 7.9609271418e-02 -1.0311443122e-01 -1.1987784438e-01 -1.3650397010e-02 2.5490266220e-01 2.1324559170e-01 1.9849067990e-01 2.1791245338e-01 -7.2111362117e-02 8.5799689546e-03
1.6220488317e-01 9.7678419832e-02 -6.2343305888e-02 2.0858257468e-01 -9.8731903003e-02 1.6285284398e-01 -1.5084895656e-01 1.6407735293e-01 -1.7980065526e-01 1.6099086914e-01 -3.9950880747e-02 -4.9409466077e-01 9.1914135144e-02 -1.2008717779e-02 3.7908168765e-01 -6.2931397610e-01 -6.9966999077e-02 2.0407912450e-01 -3.9880506098e-01 -1.0106435193e-01 -8.4859965999e-02 -1.3398907783e-01 -6.7168880490e-02 1.6366412366e-01 2.2625103969e-01 8.1611276495e-02 -1.3705372397e-01 -9.1180252666e-02 -2.0785705276e-01 6.5137951932e-02 -4.3936745375e-02 2.4969759647e-02
-1.2695391265e-01 2.8710475428e-02 -3.7530890840e-02 3.3857125585e-01 -7.6275717061e-02 2.8361984072e-01 -3.5954084569e-01 -6.7961026677e-02 1.2171901676e-01 -6.8626011648e-03 -5.9615947511e-01 -1.8632415486e-01 -1.7568752798e-01 -9.1640150152e-02 2.0184957666e-01 1.0544239549e-01 1.0748670317e-01 -2.7307355383e-02 -1.2263171533e-01 7.8748337879e-02 -4.6334644608e-02 3.1036974758e-01 1.4346545406e-01 -1.9970097724e-01 -3.2118279761e-01 -2.4959933796e-01 1.8132003399e-01 2.2771827062e-01 -1.3149104303e-01 4.8970843797e-02 7.7931766885e-02 -3.2395156387e-02
2.8792893939e-01 4.6273370259e-02 -2.1668105838e-01 -2.3532506703e-01 4.9774465307e-02 1.7068593432e-01 6.2348109076e-02 2.1676600977e-01 1.5651712443e-01 3.1000624002e-01 -9.9941685447e-02 -1.0119850974e-01 1.2429129431e-01 -2.9995237957e-02 2.3861683317e-02 -4.1093465746e-02 -1.9343734816e-02 -2.5026059676e-01 -1.5399607726e-01 9.2990274197e-02 1.8759192959e-01 -2.7358084922e-01 -5.8335233772e-02 5.6354919962e-04 3.9844689143e-02 3.5313373853e-02 1.4653522339e-01 1.6668599938e-01 -2.3790180038e-02 -5.6789297816e-02 2.0276456962e-01 -3.3215065558e-01
2.4177174427e-01 -9.9538166160e-02 -2.2747155296e-02 3.2291408400e-01 2.2773687560e-01 -5.6901250982e-02 1.3555839744e-01 3.0915365078e-01 6.8444598680e-02 -1.2276688927e-01 1.8410308019e-01 3.2124564614e-01 1.4071464238e-01 -4.2300656972e-01 1.9620376923e-01 -1.6043163497e-01 3.9295585678e-01 -6.8304194722e-02 5.1879124631e-02 6.4825157682e-02 -8.5854060678e-02 4.7956844187e-02 -2.8826740205e-01 -1.4946278594e-01 -1.2910072911e-01 7.7539678643e-02 2.6908332872e-01 1.9247526161e-01 -1.4945176484e-01 -1.1773653610e-01 -5.1161785931e-02 2.0388635231e-01
2.4618181326e-01 2.3683334626e-01 -3.5679247638e-02 8.9141415130e-02 -3.0481946587e-02 7.6407003155e-03 1.3438296121e-01 9.7272892049e-02 -8.1443956032e-02 6.2493717635e-02 -8.5370291588e-02 -1.6242754598e-01 1.6299012911e-01 -1.7976917446e-01 -6.0014379633e-02 -1.1103545580e-01 3.5204526612e-01 1.7985911560e-01 -1.7089848338e-01 -1.0877374274e-01 5.2180839699e-02 -1.5370791578e-01 -1.0723484775e-01 -1.0218908589e-01 -1.3333888427e-01 4.0037364622e-02 2.7652397300e-01 -3.8702258342e-02 2.9411930046e-01 4.5151866363e-01 4.4278467421e-01 1.1658599767e-01
-2.3596105683e-01 -1.9588220964e-01 -2.0126885409e-01 -1.5603437765e-01 -2.0856289319e-02 1.7422984560e-01 9.5080308758e-02 -2.8122998198e-01 2.3213765978e-01 -1.3212899606e-01 5.0214212429e-02 -4.2864138403e-02 4.1836423068e-01 -3.1991148390e-01 -1.7335581847e-01 1.7743297542e-01 -2.8739678581e-02 2.2841527785e-01 5.2595366534e-01 -3.7192104456e-01 1.0456845499e-01 -4.5125343730e-02 6.5861538505e-02 1.3092727403e-01 -2.7411939051e-01 4.6467325449e-01 6.7646430752e-02 1.5549777067e-01 -2.0149906569e-01 -9.5517095314e-02 -2.1982108482e-01 -1.2989661063e-01
1.8175341393e-01 1.3972299010e-01 -1.4562964133e-01 -1.6898235175e-01 -2.3330758338e-01 -1.4781739876e-03 -1.8291105344e-01 -1.4681615082e-03 4.0935651311e-01 6.3721180552e-03 2.9917388455e-01 3.4035011400e-02 1.7370964842e-01 2.0302378670e-01 -8.0139842269e-02 2.8481975501e-02 -7.2261752686e-03 1.9757161736e-01 -1.5996297537e-01 -1.2161171929e-01 -2.7358972904e-02 -1.0251064089e-02 1.6491233362e-01 1.1466246899e-01 2.8830278670e-01 -2.0193089200e-01 -6.8591922751e-02 -2.5372755202e-01 -1.5987225786e-01 -2.7513490915e-01 -3.0066052962e-01 -3.5246147870e-03
6.9770098108e-03 -1.7543479398e-01 3.6758231409e-02 6.6630730812e-02 -1.8511281191e-01 1.9068485931e-01 -4.2696891717e-01 -2.9875382442e-01 -2.2698975756e-02 -7.0651215079e-02 -1.0477951221e-01 5.5148058774e-02 -9.7799247935e-02 -2.6592210767e-02 2.4444558119e-01 -3.8449398271e-01 3.0685594815e-03 4.3561002692e-02 -5.4013624459e-02 -1.2169400653e-01 -1.6055905372e-02 -1.9148358750e-01 -2.9723241010e-01 -1.9203861298e-01 1.7505934970e-02 4.0393342749e-01 2.5835912511e-01 -2.6745246260e-01 2.8697720807e-02 -4.3351234717e-03 2.3819301433e-01 3.2209164698e-01
-2.1815395243e-01 8.3643603080e-02 1.1739628548e-01 -7.2431580219e-02 1.6169194263e-01 -8.7488878366e-02 -1.4815325036e-01 3.9102363242e-03 -6.6612532245e-02 -8.0998150471e-02 -6.7260554979e-02 5.0155178794e-01 4.5373485118e-01 -3.4503031807e-02 -2.0278862432e-01 1.6356865761e-03 -6.6828460629e-02 -3.3973243169e-03 -1.4921856236e-02 3.9827869964e-02 -1.7765584064e-01 -2.5114769334e-01 -7.7840635855e-02 -1.1840037698e-01 -5.0430316637e-03 -4.1908928329e-01 2.8445659948e-02 1.2632030080e-01 4.3259092259e-02 -2.3940876942e-02 -3.0025266921e-01 -1.3998030997e-01
-3.1699219752e-02 -2.3351586083e-01 2.2298906944e-02 -3.4227599665e-01 -5.7179594096e-02 -1.4506207815e-02 1.7181340337e-01 -4.8479803233e-03 3.5386309614e-01 1.4652913896e-01 5.0421581627e-02 -3.6591184018e-02 -1.4637263330e-02 2.5018432154e-01 3.1106636107e-01 8.2441483463e-02 2.8728969064e-02 3.8727773742e-01 -3.5261059541e-01 -1.2523457549e-01 1.0227951214e-01 -1.3902754680e-01 -6.7850968638e-02 3.2960127187e-02 6.3992790236e-02 1.2841265984e-01 2.5815523034e-01 -1.4146391258e-01 -9.3150845144e-02 -2.1298595401e-01 1.1881871938e-01 1.2266054386e-01
-9.7378387733e-02 -1.2496942575e-01 -1.5384698606e-01 1.9668399307e-01 2.1261010176e-02 3.1897363577e-02 2.3462800838e-01 3.5753584435e-02 1.6065171555e-01 3.7772153354e-01 -5.8249512545e-02 4.3947790428e-02 -2.2506151945e-01 -2.6816440214e-01 -4.7077645293e-02 -2.3071866109e-01 8.2416025176e-03 1.3351222224e-01 -3.0828166663e-01 9.5177457063e-02 -3.4783239125e-02 -4.2857674672e-01 -6.2230696729e-02 5.2322477712e-03 -1.7172702234e-01 1.4416408165e-01 -2.1410343009e-01 4.7928976283e-02 1.0236124863e-01 3.5128585872e-03 -2.1733761376e-01 2.0830307842e-01
-2.3917586593e-02 4.2111656564e-01 -1.6181016503e-01 -1.2749486386e-01 -1.6685264955e-01 -3.1972326746e-01 -1.9741986325e-01 -9.5044352374e-02 2.2106608186e-01 -6.6958136434e-02 4.2398385465e-01 -1.4203673657e-01 2.2764625069e-02 1.5667852329e-01 5.0757193482e-02 -9.0625465440e-02 -1.1343921852e-01 2.0775631826e-02 1.8373464450e-01 -1.3655835806e-01 -4.7206123807e-02 -1.2567947150e-01 7.5929675797e-02 2.4139634043e-01 3.4881699106e-02 -2.7240525425e-02 5.9546376908e-02 -7.2538330505e-03 -3.7087815498e-01 3.2654686416e-01 2.7525911575e-02 -3.9406466756e-02
2.9876002332e-01 -3.2989093958e-01 -8.6476274119e-03 7.0399401733e-03 -1.3040627772e-01 -5.3528799832e-02 -1.5311319200e-02 1.7066386788e-02 -7.2330796513e-03 -3.9157256867e-02 6.6340702812e-02 1.7109170751e-01 9.0383267195e-02 -4.6434831919e-02 -4.8985724905e-01 4.5434904280e-02 -4.8178571223e-01 1.9255174925e-01 2.1482241543e-02 -3.3122354205e-01 -6.5685141675e-03 3.3308018879e-01 3.3065749518e-01 3.8620098743e-01 5.1167177973e-01 -1.1344389211e-01 8.0089458501e-03 5.8052528740e-02 -3.3638760030e-01 -2.4158266491e-01 2.1803988170e-02 -9.5036604604e-02
-2.0692310191e-01 1.4892999474e-01 1.4890135520e-01 9.5692397572e-02 -1.3533784459e-01 1.5374462857e-01 -1.9705500580e-02 1.5417109476e-01 1.4771937602e-02 -1.4236447036e-03 -2.9650778021e-01 -1.4722091389e-01 -8.5656298277e-02 3.1313794223e-01 -2.7281330195e-01 -8.0364548633e-02 1.4911949120e-01 5.4675808325e-02 2.7346721468e-01 4.5790149422e-01 1.3879334494e-01 1.8875620282e-01 1.2647183894e-01 9.9413158255e-03 2.1120076865e-01 -1.1336657375e-01 -1.6724539277e-01 -1.3879142816e-01 -2.2966334154e-01 -3.9782108723e-01 6.3723359833e-03 6.5114720838e-02
-3.4759211095e-01 -2.3348031490e-01 -1.8656820486e-01 -1.5502156431e-01 1.2324372336e-01 8.3756777291e-02 1.1100265367e-01 1.8601354655e-01 6.5168096313e-02 9.4043132703e-03 -3.2171368387e-02 3.9086910824e-02 -2.9975935810e-02 -1.7032828669e-01 9.5985692344e-02 1.8511922796e-01 7.8020493661e-02 1.7286107268e-01 -1.1491060546e-01 -7.5722204594e-02 3.0794914768e-02 -1.6705786998e-01 -5.2516494747e-02 -2.5774765139e-01 1.0017114595e-01 1.9571611417e-01 6.2638329235e-02 -6.3334061401e-02 -3.3310236809e-01 1.1932082278e-01 -1.6949163273e-01 -1.1618955821e-01
1.6783461480e-01 -2.1781257960e-02 1.5900360764e-01 2.3378313694e-02 4.2841560916e-02 -4.5982789709e-02 -1.2547697442e-01 -1.7932428031e-01 9.6729353332e-02 2.3307406329e-01 -3.6404099629e-01 -6.4051113173e-01 2.6070671161e-01 -1.2861555898e-01 -1.2288423736e-02 1.1071103629e-02 4.0418905539e-02 -1.2124793130e-01 -3.5861387340e-02 7.7822458645e-02 1.0120917367e-01 3.7488386450e-01 4.6218860683e-01 1.6048051771e-02 9.9613500582e-02 1.0170877045e-01 2.7792378762e-01 -3.8891739816e-01 1.5999976471e-01 -2.6735260540e-02 -1.3242024800e-01 1.5127401810e-01
1.3310016224e-01 -2.8565490874e-01 1.2151269017e-01 5.8751127385e-03 -2.2078873965e-01 9.6180474246e-02 -7.3625578037e-02 2.9700386363e-02 -4.3347478593e-01 -4.0963972305e-01 1.3840712535e-01 -1.4419354557e-01 -2.6428094587e-01 1.3856724286e-01 9.8768961160e-02 -1.5512481771e-01 -1.8427034383e-01 2.1476462115e-03 7.2956219370e-02 8.0163632279e-02 -1.5463695764e-01 -1.4797466091e-01 3.5322977425e-01 1.9128078909e-01 1.4656511354e-01 8.8076050449e-02 1.7353824270e-01 1.5538638853e-01 4.2037252387e-02 -4.3579344460e-01 -2.3033074226e-01 -4.5675791461e-02
-1.3811918687e-02 2.8244993024e-02 5.3009539822e-03 2.8071829617e-01 -5.4184514377e-02 1.8803566476e-01 -2.8563592684e-01 -4.8287511100e-02 -6.9817075418e-02 4.3219402186e-02 4.5779054256e-03 4.7206780917e-04 -2.6378906723e-01 -1.4444028193e-01 -3.7154411152e-01 2.9809422375e-01 6.5936712166e-02 1.2439311182e-01 -2.2609054567e-01 -8.0424152740e-02 2.6667852481e-01 4.2884853616e-01 3.0545625463e-01 -1.5612152263e-02 3.2018255877e-01 6.7857654551e-03 -2.0113644938e-01 1.3929303976e-02 3.7931483555e-01 1.8394415573e-01 3.8215551503e-01 3.3910012813e-01
9.0046680623e-02 2.4323168983e-01 -2.1962604520e-01 4.2065387543e-01 2.4448256444e-01 -3.1338808159e-02 -7.2622950002e-02 5.8263525132e-02 -7.8207911289e-02 -1.3633945610e-03 7.9305426879e-02 -1.1901623763e-01 -1.5409152581e-01 8.9014560868e-03 -6.4548350196e-02 1.5027956964e-01 -7.4693081624e-02 -9.7153982460e-02 6.2485513886e-02 -5.3573953840e-02 -1.7845688731e-02 -2.6072974683e-01 4.3711799641e-01 2.1690078467e-01 2.6552382002e-01 -5.0025934407e-02 7.4113880306e-02 -4.1651812432e-02 1.8669026576e-01 1.0223225418e-01 -2.9398544279e-02 2.5147156713e-01
3.9335500342e-02 1.5599778710e-01 2.4631191278e-01 7.1175271045e-02 2.4795717769e-01 -2.3573784293e-01 -1.6948924827e-01 1.0630119458e-01 2.9175809985e-02 -2.1257151220e-01 6.7570209692e-02 7.7157286488e-02 -4.4337196040e-02 2.9690337553e-01 2.4078014684e-01 4.7034937560e-02 -1.7254557617e-03 -1.8936000904e-01 -1.5748148770e-01 -9.4057918905e-02 1.8338649766e-01 5.2592764254e-01 -5.7979150951e-03 -2.0010144123e-01 6.2565928844e-02 -2.5684447590e-01 -3.3475952450e-01 -5.9179016973e-03 2.3482344940e-02 -1.1809086221e-01 -4.2252432143e-02 -1.7603535729e-01
2.3827084432e-01 2.2579228356e-01 1.1344816259e-02 -6.5072595494e-02 -2.6307223143e-01 -4.3004457203e-02 1.6943478510e-01 -1.8160924112e-02 1.2075217836e-01 2.3334882190e-01 -2.2427732781e-01 -3.4345096504e-01 -1.9665956288e-01 -2.2608149392e-02 2.3836054960e-01 1.2335387658e-01 1.7033824075e-01 6.4069151698e-02 2.4177786036e-01 4.3674903899e-02 -2.0823622934e-01 -6.6905706465e-03 1.2950484383e-01 3.3391785532e-02 -3.3430807225e-01 5.3122485040e-01 -1.0037336130e-01 -2.1910583361e-02 1.5381792545e-01 3.6039077301e-01 5.3351843829e-02 2.2441911116e-02
-1.8153606709e-01 2.3053949905e-03 1.8997290614e-01 -6.3831252545e-02 -2.0857352038e-01 1.6398671017e-01 3.7259371146e-02 1.4648801441e-01 -2.7252782354e-01 -1.2053309793e-01 -7.0950502718e-02 1.5039658156e-01 5.9770831420e-02 8.6937869245e-02 3.0188741051e-02 -2.6090748266e-01 -4.4707703444e-02 2.9437263957e-01 -6.7441392054e-02 5.7819180329e-02 -7.7092658715e-02 -3.8713152163e-02 -1.7917805588e-01 -1.9332454974e-01 -3.0718720511e-01 -1.7968314062e-01 3.1719152854e-02 1.4528027214e-01 1.2080612509e-01 -2.0083389383e-01 -7.6284196532e-02 -2.8771077640e-01
