1.3216133712e-01
1.6753287591e+00
-2.0104619694e+00
-8.1359377379e-01
-9.3214790088e-01
1.3499363530e+00
-1.6458695838e+00
1.1592750721e+00
-1.5867451258e-01
-7.1153024948e-01
-5.0473931488e-02
-9.6676520801e-01
-1.4375485335e+00
6.0948829638e-01
1.5929544865e-01
-2.0803156611e-01
-9.3363962565e-02
1.0518566717e-01
-1.0553703755e-01
-2.7939648567e-01
-9.7825908426e-01
1.8744023795e+00
2.5382616762e-01
9.3998407660e-02
-6.8457386973e-01
4.0159389847e-01
-2.4727336987e+00
1.7668791683e+00
1.9787730969e+00
3.9536749411e-01
-2.5415382320e-01
6.1547359908e-02
-3.0236237276e-01
2.1018596015e-01
3.6618291024e-02
-1.0080832118e+00
9.2765919016e-01
-3.5107539442e-01
1.2354879776e-01
-1.2782241125e+00
-2.2481835631e-01
-3.7241833159e-01
-5.1930122262e-01
2.9659609676e-02
-9.9294969575e-02
-1.5517963559e-01
1.5011672021e+00
-1.3879477117e+00
4.7711388330e-01
-9.2997166657e-01
1.3496679797e+00
7.8841298205e-01
2.3637034508e-01
2.8915742739e-01
4.1835421785e-01
1.0456888484e+00
-1.5770909077e-01
3.2243450580e-01
3.2038774354e-01
9.2985223644e-02
-6.0884437324e-01
-3.2972782361e-01
-6.0986871214e-01
2.3117752061e-01
5.3101346194e-01
-1.3323685119e-01
5.7921067340e-01
1.4940951845e-01
-2.3363327660e+00
1.4965647689e+00
-8.0503505671e-01
-6.3304916249e-01
-2.4002257256e-01
2.1025117319e-01
2.8500397409e-01
8.8433379143e-01
-7.3738875182e-01
2.6048441585e-01
3.5400323795e-01
-3.5581537611e-01
-1.2013514812e+00
-5.2231448920e-01
1.4981798661e+00
-9.1221294291e-01
4.5467978813e-01
7.6506009279e-01
-2.2208242610e-01
-6.1558779666e-01
2.5081463222e-01
2.8061989262e-02
4.9671679131e-01
-3.1714480250e-01
1.8647638343e-01
-1.5029060681e-01
2.4446423881e-01
-2.2574429703e-01
9.9937380425e-01
1.2916155012e+00
4.6666479196e-01
-1.7279837213e+00
4.7563349117e-01
-8.4842782948e-01
-1.5525603517e+00
4.1363370361e-01
3.7063166364e-01
-4.8310933270e-04
-1.5165471747e+00
1.0605755391e+00
-1.9132125138e+00
-3.5571221286e-01
1.1182733193e-01
2.8523928123e-01
-4.4443029725e-01
2.0401512944e-01
9.5566332984e-01
-4.7355965212e-01
1.4955515981e-01
-8.6788764316e-01
8.2238881600e-04
-9.6077829842e-01
-1.0351949248e+00
-3.3567338403e-01
1.1585408126e+00
7.5038678166e-01
1.0235540330e-02
-9.7890195769e-01
-2.2379762369e-01
-8.2230207176e-01
-2.7586737625e-01
-1.3761178845e+00
-3.5183579567e-01
-1.2006915171e-01
-9.8479069814e-01
-1.3914380863e+00
1.6954102834e+00
4.0579971405e-01
1.5201031637e+00
2.6616808735e-02
2.1200531389e+00
-1.2640083088e+00
-7.9901512125e-02
2.1486675635e-01
-5.7274948303e-01
1.2362975393e+00
1.0490035792e-02
-1.0411491154e+00
-3.0082710479e-01
-9.0614062417e-01
-1.4421996389e+00
-3.2755175160e-02
