-1.1296924993e+00 -8.5374323700e-01 -9.1891998016e-01 -8.3285039417e-01 7.1929957521e-01 1.1649568037e+00 -7.7883564133e-01
-1.6319249942e+00 1.0953253510e+00 1.0949723009e+00 1.2463702327e+00 -1.4690691073e+00 -1.7303809438e+00 1.3714427989e+00
1.8888489683e+00 2.5535467265e-01 1.4223135966e-01 6.1979842489e-01 -9.3996379632e-01 -6.7887000787e-01 1.2181380002e+00
3.1133883767e-02 3.6031367471e-01 6.4282081635e-01 8.6935626667e-01 -6.4358773712e-01 -5.7896516932e-01 3.0431328229e-01
4.7796728398e-01 4.7684487509e-01 9.8200821896e-01 2.1109652128e-01 -1.3110695385e+00 -1.2070549568e+00 1.0772534515e+00
6.5666086017e+00 -5.6892859244e-02 2.3860027467e-01 6.7336500866e-01 1.7790186012e-01 -2.4419949162e-01 -4.5036783487e-02
8.3688323100e+00 2.0140952930e-01 4.1983614017e-01 -9.0120455075e-01 -7.9144499785e-02 1.3791382412e-02 -6.3684793530e-01
-2.8401543279e+00 -8.3642720946e-01 -9.0893247391e-01 -9.8820533934e-01 9.3312097831e-01 6.9474882504e-01 -8.4522467312e-01
2.3405172783e+00 -1.1514829374e+00 -1.4744811679e+00 -1.2588086838e+00 1.3670638144e+00 1.7864759067e+00 -1.1408364012e+00
3.8420985228e-01 -9.0916866895e-01 -4.9477399008e-01 -7.1830193591e-01 5.2785703215e-01 6.7755843899e-01 1.5148181895e-01
