1.6854010639e-01 -3.6734324344e-02 3.4171580814e-01 3.9478939396e-02 2.8270127819e-01 -1.7731747431e-01 8.2135236723e-02 -2.0142974309e-01 1.2918021692e-01 -6.9285139061e-02 -3.0775050217e-01 3.8551368406e-01 1.1057136974e-02 3.4709344213e-01 3.8439953446e-02 2.3655655415e-02 -6.1982829267e-02 4.9858003896e-02 3.1014089064e-01 -1.7541677811e-01 -1.2423723855e-01 -1.0596555282e-01 3.1773966456e-01 -6.7656228013e-02 -3.6803816005e-01 -2.7752876531e-02 -1.4178740802e-01 -5.5762998586e-02 1.8999754089e-01 -1.3579816236e-01 3.1521045603e-01 1.5310668293e-02
-5.3546044627e-02 -1.9667171831e-01 1.6182630066e-01 -4.3017900648e-02 3.2308756543e-01 -3.2979858345e-02 4.7845728713e-02 2.3718795987e-01 2.1018636824e-01 -3.0860545748e-01 5.0350366140e-02 -2.5674035850e-01 -1.1549150097e-01 1.9063766783e-01 2.9277147984e-01 -1.5157873322e-01 2.4328619122e-03 2.3764923585e-01 1.8742740490e-01 4.9106419499e-02 -1.0109822643e-02 6.4632982007e-02 1.4023633660e-01 -9.5507976148e-02 3.0162466018e-02 5.7268628439e-02 -1.2955471734e-01 -1.1572932031e-01 -1.8622637371e-01 -5.2620269194e-02 1.9872387484e-01 -2.9711630021e-01
-3.3692457732e-02 1.6901341009e-01 2.9109439248e-01 2.7535786903e-01 3.4297738150e-01 -1.4928860689e-01 -1.6030252096e-03 1.3354853309e-01 1.3941150223e-01 -1.3169572083e-01 2.3336354857e-02 1.8933003272e-02 -1.5448948021e-01 -2.5034148407e-01 2.3760190840e-01 6.0466447780e-02 1.8664477831e-01 4.5956433250e-02 2.3789113729e-01 -5.4775255814e-02 -3.9046915547e-01 -1.1206962378e-01 2.7383132209e-01 -2.9143549981e-01 -5.7495821826e-03 1.5249265374e-01 1.4823628848e-01 1.5883538696e-01 2.1733510020e-01 -1.3020351157e-01 3.4951515236e-01 -1.4550035305e-01
-5.5549565645e-02 2.3648116603e-01 -2.3674470406e-01 2.1437047181e-01 2.0420099787e-01 1.0893758562e-01 -2.7014868457e-03 -2.0531026859e-01 -2.5950687043e-02 -3.5842321464e-01 -2.2134667953e-01 -3.3935784228e-02 2.5986710275e-01 2.9096773109e-01 3.4561189634e-01 1.1151555430e-01 1.9754477917e-02 -5.4143384361e-03 9.8640398154e-02 4.0493386692e-03 7.5354748259e-02 -3.5038065856e-02 -2.2278335867e-02 1.9127828717e-01 -1.5163961698e-02 -1.2290344935e-01 -5.7694368540e-02 -2.8883761140e-01 1.6947672212e-01 -1.9338080917e-01 -1.6393230452e-01 2.9028628041e-01
-5.7883832716e-03 -1.3616990523e-01 -2.3885866504e-01 -1.3421942162e-01 2.1144349666e-02 -1.7951422244e-01 2.9404020818e-01 1.9254723532e-01 -1.1148554440e-02 2.6397038252e-01 -3.2100078931e-02 1.3517627870e-01 -3.1639978287e-01 3.0790841665e-02 -6.1694475698e-02 -2.0255363147e-01 -3.1459994050e-01 -1.1131763358e-01 5.9212785029e-01 2.1021181956e-01 1.0788003173e-01 1.2422988087e-01 2.1262258428e-01 -2.5721083273e-03 -4.0559894807e-03 -7.4355821187e-02 -1.1861680403e-01 1.6813924285e-01 1.8719707340e-01 8.4590254541e-02 -2.5517189129e-01 -1.5773438094e-01
1.2363710970e-01 7.9139211768e-02 -2.4339863080e-01 3.7674704032e-01 1.7411404871e-01 5.4353259828e-02 -3.8109525883e-01 5.2305369113e-02 3.8532088123e-02 -3.8306104393e-02 -1.8691851453e-01 5.9327103133e-01 1.0120205664e-01 -2.3725592414e-01 6.9721717604e-03 -1.3891382878e-01 2.2693684803e-02 -3.3480235675e-02 2.5212207985e-01 1.3250359760e-01 -3.2949219138e-02 -5.8698287929e-02 5.1434645133e-03 -1.4397833443e-01 1.4310407978e-01 2.8925650597e-02 6.7320812302e-02 7.9042960112e-02 4.4813026472e-02 1.4235130873e-01 -1.5923098377e-01 1.4888162544e-02
-5.5686958567e-02 -1.1162771436e-01 -3.5772899351e-02 2.9268479155e-01 -1.6324459514e-01 1.0458564145e-01 4.2752459314e-01 2.5211588141e-01 5.2528961126e-02 1.9332144540e-01 -3.2759116139e-01 1.7002396438e-01 1.9527334574e-01 1.1088894232e-01 -1.3015648304e-01 3.2393371434e-01 -7.2002300338e-02 2.2061266355e-01 -4.3330422105e-01 1.8713995665e-01 -2.8985884181e-01 -2.7004069054e-02 4.1775002770e-03 -2.8888280094e-01 -2.0242915364e-01 -1.9098818223e-01 -2.1686568150e-01 -6.0389645663e-02 3.2119357158e-01 -4.2336317952e-02 1.0905101027e-01 1.5160306108e-01
4.9632364020e-01 1.2870782212e-02 3.1681092280e-01 7.8552835705e-02 -1.1760422118e-01 -1.2811051205e-01 -2.2249519327e-01 4.5727865101e-01 3.7702624543e-01 7.8831932167e-02 -8.2401568559e-02 1.8769880283e-01 -5.0834918110e-02 -5.3442594988e-02 -3.8093477674e-01 1.0068455595e-01 1.4407891147e-01 -1.3724530904e-01 -2.5283535411e-01 2.0526322844e-01 2.4343941735e-02 -3.6593046478e-01 4.0680114894e-01 1.0556159263e-01 4.1608086708e-02 3.7835759937e-02 -5.5901114727e-02 1.2943771614e-01 -6.5523077107e-02 3.4770070277e-01 -3.1042248762e-01 1.2180585895e-01
-4.6286682729e-02 -2.8961247490e-01 2.1646198787e-02 -7.2658224606e-02 2.3669708724e-01 9.6843835401e-02 -5.1790959662e-03 -5.9049843167e-02 1.3855231259e-01 6.6604737425e-02 -4.6521494807e-02 -1.5023965179e-01 2.0269679677e-01 1.1760632414e-01 -2.5285837930e-01 5.7239282815e-02 5.4574347328e-02 -6.2059163852e-03 -2.0631666616e-01 1.2714095079e-01 -7.8378384553e-02 2.7415226970e-01 -5.4428846754e-02 9.2789438738e-02 5.2351983685e-02 -3.2333888961e-02 -1.4509486551e-01 1.0373304356e-01 2.5939748705e-01 1.8778388976e-01 -6.9993113910e-02 -1.8904775256e-01
1.5680327952e-01 3.6988527612e-02 2.3653134702e-01 -2.2552497721e-01 3.2108102420e-03 2.1261508784e-01 1.2121745648e-01 -1.2619109551e-01 -3.8981633464e-02 2.0904643993e-01 -4.5590933983e-01 -2.7804267963e-01 -4.0152819770e-02 2.8916098419e-02 1.1382821136e-01 -1.9866942287e-01 3.1258692888e-01 -4.4271560093e-02 -2.7250717052e-01 3.2163523170e-02 5.9575075648e-03 1.2089311931e-01 2.0141205283e-01 2.5400242405e-01 2.2380847184e-01 -1.4082176863e-02 -3.0390367503e-01 -4.3037894447e-01 4.3620635796e-01 2.2040375063e-01 -1.8291742587e-01 1.0957909679e-01
-1.3700863164e-01 1.3240659546e-01 2.7323101970e-01 -5.7807380168e-02 -1.5951867826e-01 1.1300132902e-01 2.1459306528e-01 7.2646584219e-02 2.0985986611e-01 9.2941423776e-03 2.9782123962e-01 1.9751052289e-01 -1.1898029116e-01 -1.1719446715e-01 -7.3863770468e-02 1.9753604507e-01 5.4908339378e-02 1.4669264586e-01 1.5056876195e-02 3.8587106509e-01 -1.5489260368e-01 6.4461094790e-03 -2.3695395338e-03 3.9671937999e-02 -1.1484336598e-01 2.4480198210e-01 -1.0547901669e-01 1.1220901246e-01 1.6712471632e-01 -1.4730738376e-02 -1.6419848572e-02 1.0547720922e-01
1.5037064008e-01 4.5788868245e-01 -2.2187147432e-01 1.3933808007e-01 -1.5912742231e-01 -7.2103678941e-02 4.2390287971e-02 -7.9001713868e-02 -1.3923720886e-01 4.6742515151e-01 1.0897142471e-01 -1.5975749405e-01 -1.2224706340e-01 -3.3049940064e-01 1.4143024662e-02 -2.3457754884e-01 -6.5763433742e-02 -1.9453071729e-01 -2.6384386178e-02 -1.0921993943e-01 -1.5517833250e-01 1.0906783015e-01 1.6912313135e-02 -9.6890984472e-02 3.0664507136e-01 -2.0237764980e-01 -2.5692581677e-01 4.2224687158e-02 -2.0104842827e-01 -1.1197636820e-01 1.7523115973e-01 -3.3271477705e-01
9.3376852385e-02 -1.9671656669e-01 8.0385036802e-02 1.5193843088e-01 -2.0975095414e-02 1.3003333016e-01 -5.8672371836e-02 4.3021342300e-01 2.9961497812e-01 -1.1196872393e-01 1.6493933618e-02 6.1802437495e-01 4.0670881349e-01 3.2608305365e-01 -1.3264237822e-01 -1.0418634942e-01 2.3552632699e-01 -6.4559608159e-02 2.1936129389e-02 1.5016049510e-02 2.1585600203e-01 -4.9897706682e-02 -2.7463759476e-01 -3.0289869458e-01 -1.4162836984e-01 1.6659655602e-02 -1.2920196623e-02 -2.8711764763e-01 7.4327303432e-03 -3.0651694726e-02 -2.8208447923e-01 4.8607959504e-01
-1.2048922888e-01 3.5621953335e-02 -9.4695589185e-02 7.8341316881e-03 -1.0986797613e-01 -2.5767392910e-01 6.8184959759e-02 -3.0189687196e-02 -1.5175232477e-02 -5.5629538978e-02 -1.0771146198e-02 -2.4116314242e-01 -9.8246615545e-02 8.7107075005e-02 1.0882955842e-01 6.5810854292e-02 2.1649031201e-01 -1.6603748825e-01 -1.6096326075e-01 8.0804706952e-02 -1.3774904896e-01 1.3232535676e-02 2.3447171272e-01 2.6000540243e-01 9.5420447023e-02 -4.0156522422e-01 5.2273410450e-02 8.1999818606e-02 4.2646077034e-02 3.0311994361e-02 1.1946868698e-01 8.3687711981e-04
2.8586137809e-01 2.6173899928e-01 1.5652202659e-01 5.4080407179e-02 -2.3537953085e-02 2.0572869008e-01 -6.7028609795e-02 -2.8660825544e-01 4.6926521133e-03 -1.3695527325e-02 1.4209990517e-01 -3.0324857631e-01 -9.4446506868e-03 -7.6248096435e-02 5.6960082031e-02 6.5027462006e-02 -2.3334201587e-01 -7.3344570970e-02 -5.3115067369e-02 1.3193844432e-01 -2.7119536234e-01 1.2810829398e-02 -2.8407343213e-01 1.6997933358e-01 2.9486755978e-01 -1.2453738444e-01 -1.0454937834e-01 -1.1416648531e-01 -3.9968786187e-02 -1.8278252274e-01 3.5786612351e-03 9.9074605459e-03
2.0673029711e-01 1.7773022696e-01 -3.0126290684e-01 -4.4345155714e-01 -4.7909881678e-02 3.0094357333e-01 1.4571637625e-01 -1.0815639362e-01 -1.4094265231e-01 4.6139361258e-02 -5.6357522073e-03 -2.5054825249e-01 1.2292383571e-01 4.8010178801e-02 3.1303868823e-01 1.0010151296e-01 6.2924044351e-02 3.7219518414e-01 1.1250053046e-01 3.6311182812e-01 4.6265141246e-03 -3.7487837529e-01 -2.9004849819e-01 -3.4137209630e-02 -1.0957700757e-01 -2.2272692661e-01 3.8804836669e-02 3.9513715089e-02 -2.1663331893e-01 3.3932803228e-01 1.8815960497e-02 1.5511250902e-01
-2.2742550585e-01 1.5577589725e-01 -1.7021832682e-01 1.8642482452e-01 1.3595281517e-01 4.4053909569e-01 2.6730061974e-01 -1.4674957672e-01 -1.4862301562e-01 7.2620911086e-02 -3.8765021713e-02 -1.9565339560e-02 1.7495356526e-01 1.0228491295e-01 -1.3605993746e-02 2.8010592092e-01 1.2562945138e-01 7.3470341992e-02 -9.6976911599e-02 -1.1890115207e-01 2.3998976578e-01 1.8782076983e-01 1.0497679142e-02 5.5299220958e-01 -2.5376077831e-01 2.7528740644e-01 -2.1666590477e-02 1.7833728001e-01 7.6892954487e-03 -1.9069234663e-01 1.3530148832e-01 -2.9645798867e-02
9.6217468476e-03 -1.6550124212e-01 1.0875866422e-01 1.0632223017e-01 -2.7610939276e-01 1.7776843975e-01 -1.9010836610e-01 -2.4992811634e-01 -1.2935112649e-01 -3.4021914052e-02 1.1437842897e-01 6.1089655146e-02 -2.2238367140e-01 2.6926127639e-01 -1.4588854643e-01 -8.4714227366e-02 -3.3835921261e-01 9.3601635560e-02 6.1435568070e-02 -1.4012237667e-01 -1.8348297093e-02 8.8208853871e-02 -3.7265912339e-01 9.7420080173e-02 -6.1467728786e-02 -3.2139703254e-02 5.2088026880e-02 2.2768076743e-01 -3.3176401302e-01 1.0550932402e-01 1.4244977142e-01 1.0367751850e-01
-1.2168777507e-01 -4.1969327908e-02 1.0959782310e-01 9.8591190219e-02 -8.4773497024e-02 3.5303522094e-01 2.0216208584e-02 7.5817929159e-02 -1.0059261030e-01 -6.2897030989e-02 -2.1577560443e-01 -1.4168490319e-01 2.0559904597e-01 6.3832258692e-01 -2.7843873617e-03 -1.0911081977e-01 -1.3432493123e-01 1.7879334444e-02 1.5305082049e-01 1.4441861660e-01 8.3918678422e-02 -5.8714984835e-02 2.1074567861e-01 -1.1543539998e-01 -4.1553260367e-01 -4.5724596333e-02 5.8768042036e-02 2.7669067353e-01 2.3624114431e-01 8.5923584040e-02 -9.0502701923e-02 -2.7779167434e-02
3.4541284807e-01 7.5027890686e-02 -6.9698763329e-02 -9.2566699831e-02 -1.7242170070e-01 4.7107165676e-01 -1.9192684618e-02 -6.5183123355e-02 -9.7902752580e-02 -1.8099903556e-01 -1.7865164350e-01 -4.2331059729e-02 -2.1226389516e-01 -5.9829875582e-02 1.8376432856e-02 1.7337757862e-01 -3.1745422192e-01 -9.3152495707e-02 -2.0130848427e-01 2.0851836760e-01 -3.4225432672e-01 5.9945698520e-02 -2.6120216746e-01 1.9155803305e-01 2.5609299211e-01 1.6953448705e-02 -1.2331905089e-01 1.1114153656e-01 6.7542288601e-02 -4.9710268933e-02 -5.4600789637e-02 1.7663702656e-01
2.2804588798e-01 -8.8765984324e-02 -4.6019049784e-02 7.2935644900e-02 -3.5959197398e-01 -3.3400008563e-01 -7.7302532097e-02 -5.2336181838e-02 2.3398836683e-01 2.3423668657e-02 -2.7542192621e-01 1.0958749088e-01 -8.8957092592e-02 -1.0252774395e-01 -3.2694061390e-02 7.5033503929e-02 -4.1792297057e-02 5.0385703847e-01 -1.5362151569e-01 1.9318435849e-01 1.2778141367e-01 -1.9235481160e-01 2.5253191930e-01 -1.0622836416e-01 -2.9591079592e-01 1.9994791990e-01 -3.1506036236e-01 6.5616550296e-02 -4.0066262272e-01 -3.3253146541e-01 -8.3096926738e-02 -1.3385830445e-01
5.6159050463e-02 7.1833914911e-02 7.2094330260e-02 -1.4706966562e-01 8.3892722072e-02 -1.0434978272e-01 5.1750057979e-02 1.6616612550e-01 2.3063131212e-02 2.3988355971e-01 -3.7383987541e-02 -1.5886185326e-01 2.5426338249e-02 2.0647805447e-01 2.0443318082e-01 -3.0447389421e-01 2.4761468891e-01 1.0145154839e-01 -1.1140054363e-01 6.3513643659e-02 -2.3195916142e-01 9.0410133039e-02 5.5983104759e-02 2.9652372559e-02 9.4634780206e-02 -1.9375517190e-01 1.2796432766e-01 -2.2199420497e-01 4.0645071416e-01 -2.7542878355e-02 -4.6069689496e-02 2.8410527697e-01
-8.5880505783e-02 -1.9035844356e-01 5.3182196097e-02 -6.3128569040e-02 1.3742779411e-01 -1.0654276544e-01 7.6268620843e-02 -6.5173016344e-02 2.2798610832e-01 1.0852146464e-01 -9.5568653411e-02 1.2938816695e-01 -3.7506043538e-01 5.8860320817e-02 -4.9238506749e-02 4.5238877947e-01 1.2810563472e-02 3.6294951374e-01 -2.1873413318e-01 -1.0943760599e-01 6.9061778854e-02 2.1235559525e-01 2.6703276205e-01 1.5050716505e-01 -2.1591990880e-01 -1.6072589446e-01 9.8714361800e-02 -1.5151566153e-02 -2.7552905566e-01 -3.0001575066e-02 -2.2977496732e-01 -2.0236586173e-01
-1.7988412895e-01 -8.5317401305e-02 -8.2128371641e-02 -3.4257229599e-01 1.1467378937e-01 4.2435835227e-02 -8.4178869546e-02 3.2430468283e-01 -9.3925703499e-02 1.8120525529e-01 -3.1441188034e-01 2.6078988261e-01 1.3095639297e-01 1.7786623216e-01 -1.4791075419e-01 -3.1115465735e-01 -3.7186637528e-01 1.3065687049e-01 1.8228117423e-01 3.3561335078e-01 -8.9932715822e-02 6.1304328898e-02 3.9938493235e-02 -4.7131704495e-02 7.5103445433e-03 -1.6426021794e-01 1.1953891124e-01 2.2625156122e-02 1.0443680463e-01 -1.2995965703e-01 -1.4757151828e-01 -1.2091088961e-01
3.9112508530e-02 -1.7376202734e-01 1.4971227784e-01 -3.2288740523e-03 1.4356156402e-01 -1.1871573013e-01 -1.8301358317e-01 -2.3129303701e-01 3.1330225795e-02 -1.7614002075e-01 -1.2766563486e-01 4.1873416894e-02 -2.2347537366e-01 -1.9986858968e-01 7.8810697269e-02 3.0069765344e-01 -1.0796103871e-01 -7.3325403585e-02 8.9578112314e-02 1.5203606476e-01 -4.1383301896e-01 -5.0151980237e-02 -6.6385078705e-02 1.3594720177e-01 -1.2725599783e-01 2.3591281169e-01 -1.2703415368e-01 -6.8172004299e-02 1.3393245165e-02 4.6010380128e-03 -1.7776705240e-01 1.3070120588e-01
-1.4876025911e-01 4.0285812842e-02 -1.4544915232e-01 1.0360676698e-01 1.1206496075e-01 -9.7461511961e-03 2.5118746968e-01 4.4554117521e-02 -1.6095765846e-01 2.3910447398e-01 -1.3136756207e-01 -1.8589729712e-01 3.5619865483e-01 9.2914640870e-02 7.0313778080e-02 -2.2374835225e-01 4.6852848864e-04 1.1256486232e-01 -1.1703834158e-01 2.5249263438e-01 -3.1736064321e-02 -1.0310611502e-01 -2.2258567108e-01 -1.4209106958e-01 -2.6522642801e-01 -1.6094968442e-01 -7.4941170508e-02 3.0204269707e-01 4.9885108657e-01 1.9972307048e-01 1.1568175181e-01 1.2786067541e-01
-5.6460096231e-02 -3.5172938147e-01 -8.6960912372e-02 1.3218128297e-01 2.2380085710e-01 1.2026348079e-01 2.5183768916e-02 1.4460125124e-01 -1.7061627942e-01 1.6993701979e-01 2.3868149818e-01 2.4930287472e-01 -1.5591628405e-01 -1.4575489433e-01 1.1193901541e-01 -1.0996539106e-01 3.7730502249e-01 3.9109383967e-01 -5.8692250031e-01 1.4314695436e-02 -1.7968624686e-03 -1.2602302488e-01 -2.0712351849e-02 1.0375211517e-01 -1.3538000388e-01 -3.0203018147e-01 3.9549305042e-02 -1.4393721472e-01 -9.5063571209e-02 9.2437539588e-02 3.2594539968e-01 -1.3281974958e-01
-3.6783788816e-01 7.3783283120e-02 -1.5259775373e-01 1.1189795228e-01 -6.6165342435e-02 -2.4805780680e-01 2.0661283635e-01 9.7689119855e-02 -1.8148790177e-02 -2.3481489083e-01 2.9606403775e-02 1.6787430328e-01 2.1549651704e-01 2.0215725522e-01 1.0549905775e-01 2.6511314648e-01 -2.2548207908e-02 6.4170551275e-02 -3.2385695969e-02 3.4111626104e-01 2.0598641966e-01 -3.3431301618e-01 -2.8906556829e-01 -1.0696549546e-01 -3.3901371581e-01 8.2526832050e-02 -2.8331718281e-01 5.5045482451e-02 4.8761885658e-02 -4.0337761065e-02 8.5102969141e-02 7.1246368626e-02
1.3080705679e-01 2.8874908145e-01 -1.0718673859e-02 -3.0845283486e-01 -2.0599447831e-01 8.9415029854e-02 -4.1328878226e-01 1.4505524497e-02 2.1849574630e-01 -1.1073486592e-01 7.2025476250e-02 -1.6484075683e-02 -2.3453014771e-01 1.9194410712e-01 -9.2691191966e-02 3.5383482877e-01 1.1597193829e-01 2.6218333404e-01 5.4141668574e-02 2.0842332577e-01 2.6840253327e-02 -3.4428618358e-02 1.2226988525e-02 -2.9279495947e-01 3.6188152963e-01 2.8337617006e-01 -3.5987443407e-01 4.5176184370e-02 -2.0110387117e-01 -3.0507926472e-02 1.8046878214e-01 -1.5339025813e-01
2.8876245696e-01 -4.1807821300e-01 -2.6811733348e-01 -5.7715620473e-02 -5.3621502894e-02 2.7789714434e-02 -7.0280631396e-03 -7.1525075493e-03 5.1685474012e-02 -5.1131440116e-02 2.2262760352e-02 1.9913293456e-01 -1.2236979406e-01 -1.7329993249e-01 -1.2996076148e-01 1.2476702631e-01 -1.1286007630e-01 5.6814031528e-02 8.8695701735e-02 -2.7552967962e-01 9.0091851535e-02 -1.5954788651e-01 2.5450223357e-02 6.2125347946e-04 2.6321147752e-01 2.9855067690e-02 -2.2078771980e-02 1.5155619964e-03 7.2627087764e-02 6.5679014005e-02 1.3163418299e-01 1.7660438942e-01
9.9589238807e-02 -1.7820803425e-01 9.1102421702e-02 5.0720073762e-02 3.0638762337e-01 -1.5953230191e-01 -2.3804170179e-01 6.3611713381e-02 1.1882628332e-01 1.2303687833e-01 -1.6571925037e-02 -3.8495590532e-02 -1.3293965539e-01 3.1827962062e-02 -1.5223468875e-01 -3.0943487459e-01 7.5923476734e-02 -1.6694614580e-01 -6.3331463043e-02 1.6349628570e-01 -3.8671858611e-02 9.3180011939e-02 -1.7869178687e-01 1.1836165748e-01 5.0027013082e-02 1.2609700666e-01 -7.5481064507e-02 1.5654605552e-02 -6.2583931658e-02 -5.7586603646e-02 -1.5282002237e-01 3.1274927490e-03
1.9020821421e-02 -8.3794796636e-02 6.4343293287e-02 -2.0915510065e-03 2.1312341856e-02 2.0369617787e-01 1.8534283716e-01 -9.8757263520e-02 8.1040306639e-02 -3.2306188640e-01 1.6667042243e-01 -9.1214623976e-02 -1.1717556912e-01 -2.6884107299e-01 2.4941940430e-02 3.8609812385e-01 8.4011405804e-02 -7.1398032159e-02 -8.3743300238e-02 -1.7764070254e-01 -2.0526744337e-03 -8.2041304262e-02 8.4478912469e-03 1.3671079347e-01 -2.6575579385e-01 -4.6481313429e-02 2.6272596486e-01 -2.5004126285e-01 -9.4038706050e-03 -2.7951941490e-04 9.0686388064e-03 -2.3495628979e-01
