-3.3717554582e-01
1.3865872006e-01
-2.9671738886e-01
1.1587058397e+00
-1.3754872780e+00
1.3082537407e+00
2.3069251719e+00
-2.5956903312e-01
-1.4183298463e+00
-1.4332081621e-01
-1.3148502938e+00
3.7470965344e-01
-5.2282204882e-01
-4.1944442392e-01
-1.8287193347e-01
8.8145398727e-01
-5.2777294260e-02
7.8135753698e-01
-2.2606949478e-01
9.0586980471e-01
-2.4598179333e-01
-5.1667586137e-01
-3.9210083282e-01
-6.4738308505e-01
-8.8264842007e-01
8.9401414036e-01
2.1132613819e-01
1.5710979519e+00
6.7313628981e-01
-1.1999348413e-01
1.0398299369e-01
-1.7820390386e+00
4.2421004164e-01
-1.3084114098e-01
-4.0172842522e-01
-1.6070492623e+00
1.8818516398e+00
4.1217723242e-01
-8.0490211931e-01
7.0993219325e-01
-7.1038946345e-01
4.8689116658e-01
-1.3011247562e+00
-9.9259898223e-01
-6.7528964822e-01
1.2798400431e+00
-2.1654542512e-01
-1.6614337605e+00
3.6326560545e-02
6.1923557390e-02
4.0911378333e-01
-1.0371554634e+00
5.0095207611e-01
-1.0945975466e+00
6.6236961592e-01
1.2113979671e-01
1.3506156171e+00
-1.4622312972e+00
6.6675325014e-01
-6.2616455507e-01
-9.4812094998e-01
-1.4600911097e+00
-3.7783751545e-01
-6.5681506924e-01
-7.1603655500e-01
4.7124519150e-01
8.7739947826e-02
1.0012805489e+00
-3.7052905814e-01
-1.7165144875e+00
-1.2425595204e+00
8.5149460742e-02
-1.7591920658e-01
-7.4726414832e-01
5.4704037322e-01
1.7095999598e+00
-7.3340346378e-01
-5.8627650944e-01
6.7249601810e-01
-1.1234872534e+00
-1.6019471385e-01
-1.1058628945e-01
-6.5077705543e-02
7.2949777593e-01
-4.3704965992e-01
-4.5283958530e-01
8.4440406419e-01
-5.4589869864e-01
4.1858926754e-01
2.3396101504e-02
8.1571247171e-03
-9.4188627945e-01
-1.5020992984e+00
-1.3465882058e+00
-4.6406259640e-01
1.1306622591e+00
1.2456003178e-01
-3.2602441264e-01
4.4499143170e-01
2.2312963575e+00
