-1.1754386145e+00
-1.4571667873e+00
-4.9949548202e-01
-4.0861398941e-01
1.4993448055e+00
2.9218210836e-01
5.4282152145e-01
3.9904475885e-01
-3.9442460108e-01
3.0347940288e-01
-3.8297169213e-01
1.4743176356e+00
1.2743633009e+00
2.9805363952e-01
-3.8457742922e-01
4.7806275906e-01
-6.6260323310e-01
-4.4475018550e-01
-1.5117190474e+00
-2.7872291105e-01
-1.1768520164e+00
-2.9937951008e-01
-5.7808149668e-01
-1.1969775616e+00
1.1978766727e+00
1.4148974609e+00
4.0869673513e-01
3.8641618455e-01
-1.4599787080e+00
-5.8320135315e-01
1.1940405121e+00
1.4844039543e+00
1.2059045109e+00
-1.5373149462e+00
1.5192028749e+00
6.6722415941e-01
5.4213725296e-01
5.3208933495e-01
-3.0751642371e-01
-1.0911144015e+00
-9.3462821953e-01
-3.2480724501e-01
3.2902480809e-01
3.7176515572e-01
-3.4321846506e-01
-1.3494294381e+00
3.7962617019e-01
-4.6782933101e-01
1.1437069219e+00
1.4194310859e+00
3.7393415543e-01
4.9788411471e-01
2.6384081401e-01
-5.2351345150e-01
-1.3178315870e+00
-1.2791055623e+00
-2.3391787383e-01
-1.1652090258e+00
5.0875455402e-01
-1.3798748397e+00
-5.5000877398e-01
5.1231118289e-01
-2.8059785859e-01
-2.6018031219e-01
-4.8092225963e-01
-1.5446616298e+00
3.9311048273e-01
1.1229591709e+00
4.5483201346e-01
2.5061819916e-01
