-1.4662107757e-01 6.8482957615e-01 -3.9454787138e-01 -4.9035238789e-01 -6.1041037240e-01
9.4727037069e-01 5.4481301311e-01 1.2225154541e+00 1.3202451775e+00 1.2560937091e+00
5.2651733068e-01 -1.3334058261e+00 6.6627327885e-01 6.6259363843e-01 3.4572075446e-01
-8.4748557139e-01 -9.7010217568e-01 -1.1064809157e+00 -1.3366481734e+00 -1.0849836787e+00
5.4328684502e-01 -7.5537400591e-01 5.0852649141e-01 7.3392951485e-01 6.0135089641e-01
-2.7993192592e-01 8.5701782960e-01 -4.9930400625e-02 -5.7787614466e-01 -9.0839607689e-01
-4.6399192532e-01 2.6079892412e+00 -2.1639510838e-01 -4.0286402093e-01 -5.9786217739e-02
8.2345028619e-01 1.2534351770e+00 4.5330801641e-01 6.3197373751e-01 2.7053139728e-01
7.8328976574e-01 -2.0654090738e+00 8.5736691738e-01 9.6957841522e-01 1.0286502350e+00
-5.7678512372e-01 -1.0158965569e+00 -6.8954133325e-01 -1.8356827528e-01 -3.0802574720e-01
