-9.3832206038e-02
4.4885987067e-01
-5.1898259086e-01
-7.8514525961e-01
1.3177603708e+00
1.0945379255e+00
3.1079328686e-01
5.9739707756e-01
1.0049495493e+00
-2.8692639544e-01
2.1185328201e+00
-4.8646592558e-01
-2.0233739477e-01
-1.0506780742e+00
4.2913969545e-01
-1.6748160357e-01
-7.3163796618e-01
-6.6754709689e-01
-2.3460160271e-01
-3.3736809689e-01
1.9028368128e-01
5.4332700840e-02
5.7279450159e-01
4.6466904982e-01
-1.0306375103e-02
-6.2034010477e-02
1.9787191883e+00
8.6557855544e-01
-2.1347426398e-01
-8.8437289984e-02
1.3818586194e-01
-4.7519667192e-01
5.4112568086e-01
-3.5613404676e-01
-1.0044167428e-01
-2.2999848231e-01
1.2981080241e+00
1.0677060497e+00
1.6891099272e-01
1.9126990840e+00
5.4849676156e-01
6.0792434548e-02
-3.7859891209e-01
9.1112692411e-01
1.3780227204e-01
-2.6294562493e-01
-4.6111545455e-01
-4.9635549946e-02
1.3979275761e-01
-1.3320393968e+00
-5.4314035290e-01
-9.7400343376e-01
-1.5996280195e-01
1.9033354812e+00
-1.5906443183e+00
-2.1406163402e-01
7.4424588948e-01
4.1822117559e-01
-6.4591961776e-02
9.0315116009e-01
-5.1107085013e-01
2.1925127659e-01
-5.1026794969e-02
7.2532488640e-01
-4.7568434626e-01
4.5754888517e-01
-7.3466027669e-01
1.9061314600e-01
4.6517563755e-02
1.0357422127e+00
-2.8272932969e-01
-1.9201683318e+00
-4.7667650146e-01
5.8752548367e-01
9.2646141444e-01
-2.9563221931e+00
-1.1580017026e-01
3.5841262285e-01
-3.7854699937e-01
8.8479381168e-01
-1.3605842377e+00
-7.1833081646e-01
3.5500210005e-01
8.6759503371e-01
-5.0440549537e-01
-3.4490697638e-01
-5.4264047615e-01
6.3554131438e-01
-5.7026735538e-01
-1.4400745664e+00
-8.9565021759e-01
5.1379622183e-01
6.5177074422e-01
-3.9161732493e-01
6.2077534543e-01
-4.1480480272e-01
-1.2105954522e+00
9.0215419696e-01
1.1400113828e+00
-2.6677684171e-01
-7.8572235645e-01
2.3483599915e-01
8.6744259042e-01
-6.0646704938e-01
-4.8902892197e-01
-4.7628495118e-01
3.2040770559e-01
7.7527986131e-01
-8.3299238799e-01
-7.6512473316e-01
-2.2678661994e-01
-2.6040863924e+00
9.4661114413e-01
1.6531525149e+00
8.5830628494e-02
4.2836632960e-01
4.5604721235e-03
-5.0454826249e-01
6.1434994012e-01
1.5561232478e-01
-4.3072568787e-01
-6.0706629354e-02
-6.5393247639e-01
-4.9471032976e-01
-9.6311704085e-01
-1.4684316918e-01
-2.6895133074e+00
-4.4590747441e-01
1.4603580688e-02
-4.5135724959e-02
1.1110188339e+00
6.0439142460e-01
-6.4930177812e-01
-1.2842423906e+00
-4.1426397297e-01
-5.6063173545e-01
-1.0411011915e+00
2.6631361662e-01
-2.4562868383e-01
1.4260872730e+00
1.3989380744e+00
1.9920257511e-01
-8.0680502169e-01
1.1394945867e-01
-9.8318915079e-01
4.2076455815e-01
4.0695194752e-01
-9.9312537634e-01
5.2986793525e-01
-1.4730777295e+00
9.1094699388e-01
4.5062328838e-01
6.6709031388e-01
1.7907491069e-01
1.6329608645e-01
-9.8337927295e-02
-4.3752563410e-01
-5.9263410721e-01
4.0436054192e-01
-7.1293347651e-01
1.6074028385e+00
4.5261236530e-01
8.5059735812e-01
2.8872688622e-01
3.7540284891e-01
1.1346920358e+00
-2.2791295717e+00
-2.1869569037e-01
-6.2731939863e-01
-6.2307437846e-01
5.1957668379e-01
9.0219951268e-01
-7.5977235116e-01
-8.9208243868e-01
-7.6800561045e-01
-3.6294475133e-01
9.7081819133e-02
-7.3760716550e-02
4.1265401239e-01
-9.4903025401e-01
2.2287457287e-01
1.0745880308e+00
-1.8921661530e-01
2.1466917962e+00
-1.2802734471e+00
-1.0987666696e+00
2.4377560630e-02
1.3912242085e+00
-2.6760273956e-02
7.8231745338e-02
-1.4448200202e+00
1.3749330476e+00
1.3066414330e+00
3.2456829552e-01
1.9155761893e+00
-1.0367551274e+00
-4.1993844120e-01
-5.2190764487e-01
1.4606382516e+00
4.3398676099e-01
1.5713691415e-02
8.6978791550e-01
-8.2266113440e-01
8.8309713006e-01
-1.7279282894e-01
-1.3311054914e+00
-1.2427293182e+00
7.5238194190e-03
-5.7594139871e-02
3.0948768876e-01
-2.9651121916e-02
1.0877696963e+00
-3.1512795653e-01
4.3631564568e-01
-5.3617066629e-01
4.2440529417e-01
-4.8104960182e-01
-6.3312541017e-01
-2.8634299083e+00
4.7313819605e-02
-2.0170371111e+00
-6.2368465636e-01
-1.3312432340e+00
4.7272407921e-01
5.8797151395e-01
5.6483522263e-01
-2.0788465897e+00
-7.6620531776e-03
-2.4690960930e+00
-2.9557230851e-01
3.5241087356e-01
1.5152487050e+00
-2.7034179056e-01
-9.1058990099e-01
-1.6091938290e+00
-5.1532740061e-02
2.6526725400e-01
-2.1319548091e+00
-1.5462117719e-01
1.2532715612e-01
1.4600645358e+00
-1.9859093941e-01
9.8430349365e-01
-8.9020622316e-02
6.4889354648e-01
-4.6375631106e-01
4.4323050750e-01
-1.0728292993e+00
-1.3598610924e-01
-1.1164906546e+00
-1.3762004053e+00
1.5151448886e+00
1.0624071983e+00
-1.3917750244e+00
-5.4557691268e-01
-6.9218560544e-02
1.6714673614e-01
-4.8196960603e-01
-3.9769873067e-01
1.3385996161e+00
-3.5517940512e-01
2.3602840179e-01
5.1603383781e-01
1.1115221876e+00
-1.5577304581e+00
1.4609391735e+00
-1.2435830360e+00
-1.8245990871e-01
-1.0887499168e+00
-8.6869254370e-01
2.3330023060e-01
1.3930779795e-01
-8.1782437874e-01
2.2861471185e+00
2.9088445502e-01
1.1003882241e-01
4.0989803411e-01
-1.2091034454e-01
7.6664853823e-01
-2.2105148959e-01
1.3735132224e-01
-6.5682191191e-02
-4.4749506978e-01
-1.2691479771e+00
-1.5614963700e-02
5.8026815574e-01
-3.5110927393e-01
-2.5605773312e-01
-2.7435731388e-01
4.8512300404e-03
-2.4766767323e-01
1.2089719569e+00
3.5389149948e-01
-2.6945868064e-01
-1.3893390723e-01
7.6715457016e-01
-9.6067497341e-01
2.7818271483e-01
-1.0876281731e-01
-1.3006321308e+00
