1.9900245979e+00
1.0950991652e+00
1.2031809702e+00
-2.3996677672e+00
1.6010215063e+00
4.7015174640e-01
-1.4845144485e+00
-1.9247526957e+00
-1.3288211817e+00
9.2553152562e-01
-5.3190937190e-01
2.1051046349e+00
-1.2212465055e+00
1.2832673026e+00
1.8777570880e+00
1.4187873409e+00
-1.5702870973e+00
1.7846376965e+00
-1.5977934391e+00
-1.9308082755e+00
-2.3830266947e+00
-9.9803166652e-01
-4.2430399200e-01
-4.0805075725e-01
1.7300824735e+00
1.2188550352e+00
1.1217139771e+00
1.9661838368e+00
-1.6980907408e+00
1.9721768417e+00
1.3249269044e+00
-1.2861188716e+00
4.4509306656e-01
-1.7526369232e+00
1.7358464587e+00
