3.4170105394e-01
-1.3256247905e+00
-1.3301365404e+00
1.3665384555e+00
4.6366704326e-01
8.9557494339e-02
-4.3374591334e-01
1.4608621464e+00
-1.3760069439e+00
-8.9438952685e-01
-8.0285652439e-01
-7.2474244074e-01
5.0410519312e-01
3.4936048176e-01
-2.4983703782e-01
-2.1820485638e+00
-1.2629971249e+00
4.2019831896e-01
-1.2563281823e-01
-2.7866079176e-01
8.1667483238e-01
-2.7566747433e-01
7.6649740981e-02
-1.3924103986e+00
-1.0667083587e+00
6.9232076675e-02
9.7085959380e-02
-1.6478549525e+00
-7.9766759183e-01
6.6418361116e-01
-7.9408026959e-01
2.4178539377e+00
5.2525954852e-01
1.9930502901e-01
-7.9449974429e-01
-4.4704114173e-01
4.2819192319e-01
1.7828946587e-01
1.4984707411e+00
-8.1325018334e-01
2.7950633032e-01
5.3371547571e-02
6.8459630124e-01
5.9086501117e-01
-7.0020459663e-03
1.7618613999e+00
1.2116144549e+00
1.0161459812e+00
-4.9549636666e-01
7.0681570426e-02
