-6.3214218319e-01
1.8028821753e-01
-6.8075292934e-01
4.0854055198e-01
-7.5957031418e-01
1.0743873405e-01
1.2707378941e+00
-8.1397731362e-01
-4.4382833446e-01
6.1053062387e-01
2.5676991908e-02
5.5045592013e-01
1.8585813288e-01
-1.5638384951e+00
4.0713729470e-01
1.6846456588e+00
3.3339085031e-01
-5.8634843683e-01
-8.4858624931e-01
1.6871084213e-01
-1.0698422840e+00
1.6896994590e+00
-2.1767010426e-02
-8.4735986976e-01
1.7836603630e-01
-2.6668875892e-01
-4.1085099197e-01
-2.4115138065e-01
1.9817149378e+00
1.5767885898e+00
