3.6187984503e-01 7.0774912679e-02 9.1849562843e-01 -4.6379850258e-01 3.1981874959e-01 -2.6938395896e-01 5.8722497727e-01 2.8367108987e-01 3.4950735557e-02 -3.2798348112e-01 -5.7766317340e-01 -1.5112816762e-01 3.0501564029e-01 -6.1442985610e-03 -4.0527776975e-01 -5.1714199372e-01 4.5062634213e-02 -4.6776449212e-01 4.2403198145e-01 2.2166696663e-01
-2.7640278106e+00 1.6087170470e-01 -5.7743703462e-01 -1.5463561345e+00 2.2590088490e-01 3.3859419389e-02 8.7176463186e-02 -6.8197393377e-02 1.8473519143e+00 -6.4248825521e-01 7.7772216717e-02 2.4090816609e-02 3.7241435413e-01 1.8206254798e-01 -1.8370321873e-01 1.8547311294e+00 3.1625603497e+00 -1.7039288054e+00 -1.0668719923e-01 -3.5695101162e-01
-5.0893236186e-01 -1.1779311166e-01 2.6516417513e-01 -5.8755355786e-01 -9.7953748947e-02 -4.5122434856e-02 1.4318458857e-01 -3.0438283881e-01 2.3678431711e-01 -3.3213235713e-01 1.0889648979e-01 -1.1654329807e-01 5.7391709928e-02 -2.0996723264e-01 7.1356019762e-04 1.0146131206e-01 6.7085453944e-01 -5.5086034852e-01 7.0941730189e-02 3.5536933640e-02
-7.6170858434e-01 -2.7228774986e-02 -1.7572056631e+00 4.7693326262e-01 -4.1427101806e-01 6.5841090980e-01 -6.1889840978e-01 -2.3930406243e-01 5.7628044213e-01 6.4708474244e-01 5.4175605456e-01 5.2219003398e-01 -6.3334847519e-01 3.1768436164e-01 3.5200253869e-01 1.6053713067e+00 9.3674494349e-01 8.0646935499e-01 -6.1836698037e-01 -2.0534041712e-01
8.1105072631e-02 -5.0283166521e-01 -3.3825009019e-01 3.5149784927e-01 -2.0982306703e-01 1.3660279278e-01 -1.9011219546e-01 -2.2530513979e-01 -2.7441617855e-01 3.2798357211e-02 3.5949509344e-01 2.5735129448e-01 -1.4152485619e-01 -4.6918976984e-02 -2.6716911802e-01 3.1200476695e-01 2.4238697971e-02 4.2468519556e-01 -1.2443303188e-01 -5.9300186393e-01
-3.9182864307e-01 6.6736248149e-02 -3.3122759075e+00 1.2448763222e+00 1.4212991891e-01 3.1109612840e-02 -1.6504613895e+00 6.2409452323e-02 6.6783163269e-01 1.2619658006e+00 6.0795095110e-01 1.3263023758e-02 -1.7663285397e+00 4.1561137242e-01 3.4344992788e-02 2.4309464698e+00 7.3596253253e-01 1.3628856473e+00 4.1652962023e-02 -1.7855506413e-01
3.4042059758e-01 2.8200331518e-01 -5.4958583829e-02 1.5025881266e-01 1.1639293655e-01 -9.8757878379e-02 -3.8352680649e-01 2.8472865106e-01 4.9535072237e-01 5.8861310377e-01 -4.8043463809e-02 -1.4426171347e-01 -5.1949584741e-02 -9.8320261185e-02 -1.1211392945e-01 1.8525133539e-01 -3.0194860776e-01 3.0281377793e-01 2.8577742061e-01 6.0184291090e-01
-1.6716056730e-01 -9.7705557075e-01 -4.1281299348e-01 2.6885355567e-02 1.0736250317e-01 -1.3129570232e-01 -1.2961745237e-01 1.0750545301e-01 -4.2415819040e-01 -9.8285173261e-02 4.5394348504e-01 3.4023124612e-01 2.1785699583e-01 4.0451144631e-01 2.4767403541e-01 1.6248685052e-01 9.8075987378e-02 2.6757336148e-01 -5.7388578592e-01 -1.6165446112e-01
-4.9249473285e-03 1.8882439007e-01 -8.2250131119e-01 3.3051020160e-01 1.7425821350e-01 1.6579871913e-03 -1.1543181838e+00 2.7500431350e-01 1.1199672704e+00 7.8870820370e-01 -5.3689785636e-01 -5.0131275488e-01 -1.0185664582e+00 -3.8424013471e-01 -1.9363114212e-01 9.0183959367e-01 9.3292934622e-01 -9.6443600645e-01 1.6081288251e-02 4.8805708147e-01
-5.6677935573e-01 1.8527275558e-01 -4.7103390058e-01 -6.8846746391e-01 -1.4998869426e-01 -1.5651612116e-01 3.7668894287e-01 1.3310411702e-02 4.0877557775e-01 -2.7180629402e-01 2.9382137935e-01 2.2694509429e-01 2.3161908919e-01 -1.4451989726e-01 6.9271074040e-02 7.3742660911e-01 7.1132794043e-01 -4.2157369142e-01 -2.7530085431e-01 -4.1045069614e-02
3.0115697995e-01 -7.9268880049e-02 2.8761268862e+00 -2.7556878395e+00 -3.8836148229e-02 1.7650805266e-01 3.1078023641e+00 1.3127767905e-02 -1.4316375924e+00 -3.1778071969e+00 -1.0365915402e-02 -4.8617285648e-02 3.2635413722e+00 1.4173592315e-01 1.7869669292e-01 -2.0386540961e+00 -3.3268897258e-01 -8.9649502741e-01 -1.8189919455e-01 -2.4971091682e-01
-6.7791274136e-01 -1.2234034505e-01 8.5912801050e-01 -1.3274044931e+00 -4.6124828859e-01 3.9389158371e-01 1.8321904757e+00 -3.6318634790e-01 -5.7368974091e-01 -1.5237955997e+00 7.2213874987e-01 5.5736023492e-01 1.9212226406e+00 3.7328257159e-01 5.2442439439e-01 1.6469496389e-01 5.7245849119e-01 1.4823217806e-01 -6.0746739295e-01 -6.1588505910e-01
1.3435071874e+00 4.0310809503e-01 -7.8941231584e-02 1.0848599717e+00 -2.0093250362e-01 3.8943637724e-01 -1.8354921046e-01 -5.3436935801e-02 -1.7183875346e+00 7.2337782276e-01 3.9091946102e-01 6.3698861478e-02 -4.8512340520e-01 3.0554234755e-01 4.2690711214e-01 -6.5182826431e-01 -1.6043622237e+00 2.2590247946e+00 -3.1584138417e-01 4.7135098269e-02
-3.1505422043e-01 -6.9577483831e-01 1.4111088280e-01 2.1164325233e-01 9.6883441276e-02 2.2656138866e-01 2.1929508015e-01 -6.3650560777e-01 -1.9057342839e-01 -6.3592708983e-02 3.5393139668e-01 2.6664245295e-01 1.7581561753e-01 2.2977827950e-01 1.5592977255e-01 3.1475618594e-01 -8.5683961698e-02 -1.4878540354e-02 -1.0684425837e-01 -4.2793832345e-01
1.6645483969e-01 9.0897654102e-02 9.4122975468e-01 -8.4436213169e-01 -4.7080484248e-01 6.3545916744e-01 1.3683345461e+00 -2.0519526830e-01 -1.2019982257e+00 -1.0463250329e+00 5.4830823667e-01 4.5056543394e-01 1.3996871249e+00 1.7318073141e-01 2.1763813923e-01 -1.1262860309e+00 -5.7117369455e-01 5.2307522527e-01 -2.5795131521e-01 -5.1521745216e-01
2.9347274425e-01 5.9427940827e-01 5.5026355022e-01 3.2644742280e-01 -1.1618543849e-01 -3.4212515613e-02 -2.9702439432e-01 3.2251201582e-01 3.5445577156e-01 2.0413974177e-01 -8.2255996815e-02 -2.8081136522e-01 -7.7131726601e-02 -3.4791779549e-01 -4.8152805556e-01 1.6261082871e-01 -4.9447886728e-01 -1.0132390668e-01 3.2478972668e-01 3.1231404033e-01
1.5954562241e-01 5.3104136225e-02 3.3501091908e-01 -2.8486337097e-01 5.3410873488e-01 1.6818484925e-02 3.8262513976e-01 2.9551536869e-02 -4.3916184295e-01 -2.5275144941e-01 -1.8816492396e-03 -2.0467569258e-01 3.0125911320e-01 1.7857213176e-01 -5.3526597798e-02 -5.4522156203e-01 -3.6802386230e-01 8.6601678556e-02 2.0279038429e-02 2.9731742176e-01
8.1006641213e-01 2.4262912014e-02 -5.5102978458e-02 5.7475158737e-01 2.7591894321e-01 -2.1721565322e-01 -4.8925915308e-01 5.2871536334e-02 -4.2004704414e-01 6.0233362246e-01 8.9451345797e-02 -3.8861292397e-01 -4.9037721683e-01 -1.8622761783e-01 1.1183217291e-01 -8.2216359846e-01 -8.0828067072e-01 6.1370546403e-01 2.4640314375e-01 4.6637229515e-01
5.0264558290e-01 -2.0350617220e-01 4.7576301536e-01 -3.4516965596e-01 6.0770361318e-01 1.8507490553e-01 2.5974052261e-01 -1.1899158311e-01 3.9861493143e-02 -1.9271924211e-01 -2.1103111798e-01 -4.2946684228e-01 2.4623603593e-01 -5.3423077343e-01 -5.4225837859e-01 -4.2289767163e-01 -1.6179973625e-01 -4.5682701681e-01 4.0245442108e-02 4.9721470412e-01
-3.6264397591e-01 1.3445830102e-01 -2.8580046140e+00 1.1916627588e+00 -1.2838634850e-01 3.5216776874e-01 -1.4337611043e+00 -3.1978540688e-01 5.4303670018e-01 1.3926951027e+00 8.4177305828e-01 3.4752975985e-01 -1.7643754004e+00 1.4540888010e-01 2.5539764463e-01 2.2032943054e+00 3.7704930008e-01 1.1416293651e+00 -3.5885030390e-01 -4.5767060661e-01
4.6623668460e-01 4.4633453284e-03 -5.9851537889e-02 5.4545459131e-01 2.1809894606e-01 5.8472117831e-02 -3.1590026761e-01 -7.4181369057e-02 -4.0254740542e-01 4.1213825135e-01 -5.9467641287e-01 1.6766343728e-01 -3.4907191870e-01 -3.2871558053e-01 -2.3115002102e-01 -1.1019712254e-01 -2.8949495972e-01 4.0597573845e-01 1.6364991411e-01 -1.2782420225e-01
3.2134598561e-01 3.9147816645e-01 3.4620894966e-01 3.6762636239e-01 3.2661854080e-01 -4.7791637751e-01 -7.2927864689e-02 4.4824481286e-01 -1.6740005719e-01 -6.8775202970e-03 -2.4399883062e-01 3.0851490491e-03 -1.2011309165e-01 -2.2886331717e-01 -1.6297912519e-01 -4.6886177001e-01 -1.2268099200e-01 -1.1774120408e-02 4.9806008240e-01 2.2463543085e-01
1.4235371251e+00 3.8477040239e-01 7.0913591956e-01 3.8200611969e-01 -3.0816245845e-01 -2.1967469571e-01 1.1841217207e+00 -8.7359015009e-02 -1.7527436066e+00 -4.7950456279e-01 4.7777830537e-01 1.7593651416e-01 1.4365036766e+00 4.1315157380e-01 -1.2448234831e-01 -2.1692006747e+00 -1.7425223619e+00 1.3425061471e+00 -2.5594681828e-01 -6.2537726174e-02
-2.2946351275e-01 -4.9908062982e-01 -5.2711918756e-01 -9.4276774339e-02 6.4119795736e-02 -1.4083708157e-01 -2.5606300621e-01 -1.2001728560e-01 5.2842104179e-01 2.2249372584e-01 -1.5031979773e-01 2.0128374628e-03 -2.3045834923e-01 9.2608735439e-02 -1.3270658746e-01 3.6704613416e-01 1.7699973473e-01 8.3371143250e-02 2.8905130725e-01 -3.2698535291e-02
-7.3960364612e-01 1.7195664093e-01 -5.6779748659e-01 -1.0170924634e-01 1.4644414005e-01 -3.1453552252e-01 -3.8821932627e-01 2.0067790675e-01 1.0868474731e+00 4.8008015877e-02 -3.1284827600e-01 -3.3746761877e-01 -1.8273590708e-01 -1.7709374490e-01 -2.7715376061e-01 9.3904730324e-01 1.1804718102e+00 -6.3091908678e-01 3.4276752771e-01 3.1098602225e-02
2.5529931991e+00 -4.2710563990e-02 8.1804978349e-01 1.3616203753e+00 4.0372789795e-01 -4.4271440073e-01 -6.0847259747e-01 2.8730412069e-02 -1.4321749544e+00 7.7784458544e-01 7.4252394361e-02 -3.5434454382e-01 -7.9240637839e-01 -6.9349445822e-01 -5.6499919125e-01 -1.9530141877e+00 -2.5326476211e+00 1.3348680703e+00 2.2387598013e-01 1.0487871134e-01
-1.3702744878e+00 -2.4146405086e-01 1.5106325611e-01 -4.4674729681e-01 5.0012481504e-01 -5.1944087246e-01 -9.6926972118e-02 -1.2776842135e-01 1.2928537744e+00 -1.0562289400e-01 -5.9349133771e-01 -4.3746125340e-01 5.7167211138e-02 -5.8486782491e-01 -6.7137220100e-01 7.0496178110e-01 1.3483217330e+00 -1.2435905744e+00 3.5447775534e-01 5.0413698801e-01
8.5932270269e-01 -4.8479174731e-01 -3.3916467795e-01 9.6656434495e-01 -1.6033870244e-01 -4.6734548306e-02 -3.3173426635e-01 7.0614027911e-02 -9.8901779450e-01 6.9279099569e-01 2.8154048947e-01 6.3819351904e-02 -5.1638294746e-01 2.2626288117e-01 -4.3666419170e-02 -4.2255600742e-01 -1.2138282839e+00 1.4186349045e+00 -3.1543782854e-01 -3.1606647001e-01
-4.4785284401e-02 6.9914906656e-01 8.3685463788e-02 3.2993388910e-01 3.0614899351e-01 -1.0627459109e-01 -1.4182892547e-01 4.7149830891e-01 2.3970448653e-01 1.8722750980e-01 -5.1851525509e-01 -5.0924709521e-01 -2.6611000720e-01 -3.6784064356e-01 -2.0222869189e-01 -2.0567154361e-01 -4.3632331064e-01 -1.9511154599e-01 2.1426457653e-01 8.8690634401e-02
-4.2490895869e-02 6.4400457991e-01 2.1136707580e-01 2.8916969728e-01 3.1801148286e-01 -5.8771848778e-01 3.5691315110e-02 3.0434147802e-01 3.4763058534e-01 1.8505636080e-01 -2.2983276362e-01 -2.1885473186e-01 3.1901309659e-02 -3.2612324502e-01 -3.5389275610e-01 -4.6124817799e-01 -4.1547115473e-02 -3.0629963145e-01 3.6249298140e-01 2.6758094738e-01
