1.1808059037e-01
-1.3818282308e+00
6.6446661760e-02
1.7576624110e+00
-1.0479659590e+00
-1.7302155251e-01
2.0863484472e-04
-1.5487733830e-02
1.2634062133e+00
-1.6753284278e-01
-1.4017058926e+00
-1.4113509319e-02
5.4158320143e-01
2.0972922863e-01
-1.0359197785e+00
-4.7047873716e-01
-7.0217947137e-01
-2.4298239998e-01
2.8599315993e-01
9.5708754703e-01
4.7888927595e-01
-2.8508023182e-01
1.0189148184e-01
-1.3278890494e-02
7.3835314904e-02
2.4391636751e-01
-1.0586462971e+00
4.5144564035e-02
2.9133279883e-02
-1.1166079146e+00
-4.2385375289e-01
-2.1809538671e-01
-9.6122564555e-02
1.6399066769e+00
9.7305578173e-01
-7.3944489020e-01
-3.2930340618e-01
5.5307212515e-03
-2.5186070562e-01
-8.6531489542e-01
-1.0940026683e+00
-7.5502182490e-01
2.0031355525e-01
1.9596577983e-01
1.6301887199e+00
-2.6490151598e-01
-2.0020936655e-01
-2.1852936514e+00
-1.2381125543e-01
-5.5339394803e-01
-9.7931420082e-02
1.2535331293e+00
2.4336685830e-01
-1.0998852267e+00
-2.4642929231e-01
-1.6418910212e+00
-1.6375433149e+00
8.8974779877e-01
-4.1940024117e-01
-1.6471875970e+00
5.2123361413e-01
-3.2563529044e-01
-1.1422102765e+00
-1.3483790531e+00
5.9119696181e-01
-6.6644830984e-01
-1.0653580204e+00
1.0139206588e-02
-6.8977405941e-01
1.6658069048e+00
-5.8734423879e-01
1.5631011077e-01
-2.8217217326e-02
-5.3525830295e-01
1.9735412463e+00
3.9583894582e-02
2.2398506734e-01
-5.8241747207e-01
-1.8617282880e-01
-3.5886778717e-01
1.9540459522e+00
1.2937509215e+00
-1.4672387525e-01
-1.1883119729e-01
-2.7154515653e+00
-1.1076203194e+00
-3.6325970190e-02
-1.5354353284e+00
-6.6566600832e-01
-3.8503052337e-01
8.5881584226e-01
4.1200941785e-02
6.4363170485e-01
1.3267086991e+00
5.3700821207e-01
2.3161653081e+00
-2.9145327039e-01
-4.9863797836e-01
-1.3581524545e-01
1.8859043236e-01
