5.4456810567e-01
-9.8202030098e-01
-6.0119717499e-01
-4.3651489729e-01
4.9017919109e-01
7.4964074482e-01
6.6117134861e-01
-8.7010628518e-01
-5.4053924186e-01
-1.0330284696e+00
-3.8131314630e-01
3.9568486941e-01
-5.1111699833e-01
6.9836854480e-01
9.0052168191e-01
-3.7177518926e-01
9.6066409153e-01
9.7690885945e-01
6.5404205449e-01
-4.1168086108e-01
6.8423127528e-01
-1.0092629513e+00
-1.0903585960e+00
-2.3289663755e-01
-7.7930303568e-01
4.6846947369e-01
-8.6632831341e-01
8.5577106646e-01
-1.0943260779e+00
5.8610015811e-01
1.5184159748e+00
-4.8042376244e-01
8.5430777289e-01
8.2145677390e-01
3.0967012507e-01
4.3124759892e-01
-3.2870431287e-01
-2.9457302252e-01
-4.8165650533e-01
2.6829240600e-01
-4.0392153459e-01
7.7321006467e-01
3.7416773110e-01
1.0620920938e+00
5.2064077639e-01
9.1464372881e-01
1.1348715955e+00
2.3760661087e-01
-8.2843909580e-01
1.2383843445e+00
-4.5986997599e-01
4.6687233744e-01
-2.3658295047e-01
9.8597140969e-01
-1.0121276886e+00
-7.2648393995e-01
-2.7777662298e-01
-3.3313987299e-01
-3.9822762369e-01
-1.0206093104e+00
5.7310515403e-01
3.4468098147e-01
8.1432241681e-01
3.6480384473e-01
-8.0586640041e-01
6.7242740557e-01
-9.3475665377e-01
9.2738857294e-01
4.9836730847e-01
8.4324287789e-01
