-4.8875044651e-01
-2.7473416072e-01
2.5513875673e-01
1.2022649505e+00
8.0705146351e-01
2.0271904490e-01
3.9339118353e-03
9.6211120311e-02
3.1947700423e-01
1.7550598706e+00
2.3925519175e-01
-1.1437383866e+00
4.6292804742e-01
1.8555529538e+00
-2.1360722202e-01
-2.1020179016e+00
-2.0469036855e+00
6.9389839136e-01
8.4590491210e-01
1.7923697551e-01
1.1357328322e-01
-5.1739756647e-01
-7.6225311650e-01
5.8179386482e-03
-1.6149363791e+00
-2.3608326648e-01
1.9677613916e+00
1.2524113432e+00
9.0734385650e-01
-6.6548624760e-01
-1.2870118970e+00
-2.8258863755e-01
