-2.7450371366e-01 2.0819710636e-01 8.1608281084e-02 1.2565397919e-01 -1.2334154518e-01 1.1254115559e-01 2.4783655290e-02 -2.6742331473e-01 -3.4280611375e-02 -1.8201986325e-01 -1.0136365654e-01 -3.3738442857e-01 -7.2225735500e-02 -9.1685787750e-02 -3.4036230763e-01 1.1889792212e-01 -8.1604436478e-02 -3.4945221834e-02 9.4574863940e-02 -9.2734460726e-02 3.2897291150e-02 4.1738794729e-02 -1.5160357089e-01 -1.4698075370e-01 8.6640704380e-02 -2.5515310233e-01 -2.0842257727e-02 2.2376814823e-01 -8.7013889994e-02 -5.5300975849e-02 1.1701378110e-01 -3.4289486447e-01
2.2250630294e-01 7.8444368844e-02 -2.7071484358e-01 1.2478340929e-01 -2.1044161910e-01 -3.7503387515e-02 6.4676019558e-02 -1.5795934476e-01 -4.6716010947e-02 -2.2741727218e-01 -3.7475658848e-01 -9.3335227024e-02 -1.5098939211e-01 3.0928337922e-02 -3.0272475422e-02 -6.4997690244e-02 3.1946398668e-01 -1.0930619082e-01 -3.1347421533e-02 1.4184328365e-01 1.9539545060e-01 8.2807842093e-02 1.4363135567e-01 -7.4999921024e-03 -2.5577745557e-01 -1.4549776136e-01 4.8449156304e-02 -2.8148959849e-02 -8.2384484938e-03 1.4886388783e-01 -2.1015513726e-01 -1.1341506618e-01
-1.4128972857e-01 -4.2500050895e-02 -3.7450254438e-02 -1.3479840245e-01 -2.6244275111e-01 1.9153512021e-01 4.8801901279e-02 6.9350131184e-02 -3.6746164311e-02 4.1196114683e-01 1.7815784084e-01 -8.5781318274e-02 -3.2868568329e-01 1.4079107473e-02 -1.1649941207e-01 9.8132372125e-02 1.1188405106e-01 -2.4983256709e-01 -5.2725552368e-02 1.9968566919e-02 -4.7769477011e-02 -2.2579308646e-01 5.9981988247e-03 -2.1635194396e-01 -7.7831290086e-02 6.1285096576e-02 2.0688826232e-01 -4.5246475078e-02 2.0668000715e-01 -1.1433838203e-01 -2.9257671633e-01 -6.8467918691e-02
1.8496680790e-01 8.9652056599e-02 -6.5194612619e-02 2.6158712242e-01 1.9768671916e-01 5.2276345819e-02 -1.1107061090e-01 -2.0865306604e-01 5.0148292073e-03 -1.5537857375e-01 1.3691625879e-01 -1.5909811091e-02 -8.8765293278e-02 1.3086007169e-01 4.0626311004e-01 -9.3540026929e-02 9.6041313344e-02 1.0280957760e-02 -2.0834307020e-01 9.5606016243e-03 1.0068650219e-01 1.9529799291e-01 -3.4850008423e-01 -1.5461062619e-01 4.1648333779e-02 1.0847881725e-01 -2.0777214776e-01 -6.3792921838e-02 6.6244310515e-02 -3.5657899425e-01 -6.0788088633e-02 7.7525876630e-02
2.0174648024e-01 2.7900976054e-01 -7.9785291773e-02 1.2283005840e-03 2.6806134627e-01 8.9509250890e-03 -1.1368382855e-01 -1.5876751685e-01 2.1322011641e-01 1.7886222626e-01 1.5626857355e-01 -2.0794576373e-01 3.6212952010e-03 7.0408548582e-02 1.0193769927e-01 -1.3669649315e-01 -2.5882130397e-02 4.8018673989e-02 4.9562169954e-02 -2.9776655914e-02 -1.6757103077e-01 -1.4344882472e-01 2.5059749400e-02 -2.4739349345e-01 -5.2630104138e-03 1.0743118542e-01 8.0118100463e-02 -1.0868099583e-01 1.6794824441e-01 -1.1855066060e-01 3.2552093823e-01 -2.6791496308e-01
-1.7066229128e-01 -1.4250638035e-01 -7.1317031002e-02 -2.3670681116e-01 -3.0165609717e-03 -2.5504412945e-01 9.4689546496e-03 -1.8027050827e-02 -1.3502371952e-01 -3.5241554861e-02 -2.5711422043e-03 -1.3896702835e-01 9.2355061008e-02 -9.1261189990e-02 -1.1411944046e-01 -2.7842786780e-02 7.2622075388e-02 -2.2420768790e-02 2.7690320001e-01 -3.4765754526e-02 -1.6431876074e-01 -6.6462276095e-02 2.0885361499e-01 3.8205107276e-02 -1.2237925228e-01 -2.7539126549e-01 -1.1879971454e-02 1.9441406609e-01 -3.3586370287e-01 -3.2695055685e-02 1.6570367830e-01 3.6689899609e-01
-8.4121000077e-02 1.8364384073e-01 -2.0663092423e-01 8.8987304024e-02 -1.1945551226e-01 -2.1221879502e-01 -4.2185789426e-02 -5.1009790693e-01 -7.6860837459e-02 -1.4197777046e-01 3.6134117103e-01 -3.4176134680e-02 -6.4158089935e-02 5.3339129154e-02 7.6888166888e-02 -1.1432104510e-01 2.2849742281e-01 -7.5546819768e-02 1.0825342523e-01 -2.0074936949e-01 -5.1664789031e-02 1.2376854917e-01 -1.9523869739e-01 -1.8482614043e-01 -2.3131172468e-01 1.4164282786e-01 -1.5982131576e-01 -1.7354102593e-01 7.2508171190e-02 -2.2795448596e-01 -5.8148212814e-02 2.4029097480e-01
2.2867042113e-01 1.4756862399e-01 1.3102525652e-01 -1.7881663060e-01 2.8526712218e-01 1.7198078085e-02 3.0472031919e-01 2.3166232386e-01 -9.5135012967e-02 2.9906869230e-02 1.7305256894e-01 1.7915126204e-01 -1.1903487509e-01 9.4564585581e-02 -1.0082032623e-01 1.6348092211e-01 8.4770373463e-02 5.1190004571e-02 -1.4162177304e-01 1.8900882098e-02 1.7893054182e-01 1.5220876722e-01 1.6905686341e-01 1.1329372409e-01 1.1227968883e-01 -1.4583059104e-01 3.0601131505e-02 2.7070276220e-02 5.3309848585e-01 -5.0982450138e-02 -6.5211378883e-02 -1.2105336735e-01
-2.0525793546e-01 -2.2659012616e-01 -2.6580284796e-01 7.2284630082e-02 4.9142906692e-02 4.0102840126e-02 1.2941818705e-01 -2.0982949467e-02 -1.6413670230e-01 1.5860077603e-01 3.6380098946e-01 -2.8232169985e-01 1.9053498062e-01 -2.4679714640e-01 2.3765849371e-01 4.5447366526e-01 1.4184085850e-01 3.6899066367e-01 1.6722011106e-02 1.8310377533e-01 -4.6057792139e-01 -1.1427942029e-01 -3.3032058121e-01 -3.3709037450e-01 -9.3785398345e-02 -2.2570184121e-01 1.1767639567e-01 -2.2453157183e-01 -2.9082235359e-01 9.1957225297e-02 -1.1533278873e-01 -1.5335443952e-01
1.6411670031e-01 -8.3243968680e-02 -1.1828254905e-01 1.4433737886e-01 -1.9476640869e-01 1.3547070401e-01 1.7052987156e-01 -6.9497471379e-02 3.1615018970e-01 -1.5869017605e-01 1.6434006093e-01 -7.2026593425e-02 4.7119434057e-02 2.9946132762e-01 -3.1103557454e-01 1.8346325877e-01 -1.6545993646e-01 -5.7142171024e-01 -1.5708219114e-01 -2.1708650619e-01 8.7906264072e-04 -2.9579483516e-01 1.7926153783e-01 4.6110841595e-02 6.5792169455e-02 1.5130218929e-01 2.0920754375e-01 -2.9834927343e-01 4.7048458978e-01 -1.1491893817e-01 -1.3176936394e-01 3.5834310950e-02
1.8760413410e-01 -2.0023350028e-01 1.7776188250e-01 -9.9998766880e-02 2.2341929151e-01 7.8196087577e-02 -2.6356588670e-01 -7.3822199425e-02 -8.1091326101e-02 3.0018036283e-01 -1.9575585111e-01 5.4642754532e-02 -2.8793375431e-01 9.4934722703e-02 8.6726320064e-02 1.5248772331e-01 -2.3456878925e-01 -1.4734422127e-02 2.9939895997e-01 1.9074959211e-01 1.2684991596e-01 -7.4002875434e-02 -3.4333568054e-01 1.6283597618e-01 -1.7095346515e-01 3.2293569537e-01 4.9225983313e-02 -8.6329509848e-02 1.4389289351e-01 -1.9819609985e-01 2.4019040848e-01 1.7653392422e-01
-1.0064543718e-01 7.5980481181e-02 -2.1494486083e-01 2.4326092073e-01 -2.0410162192e-01 2.0172665315e-01 -1.0041329537e-01 2.8150138037e-02 -7.1773988152e-02 -9.7373021493e-02 2.2254504635e-02 2.8503797023e-01 -1.4032696233e-03 1.0826707032e-01 1.5997565589e-01 1.0384756859e-02 1.3639846930e-01 3.7253536394e-01 -4.6775972319e-01 -9.1025423629e-02 1.5270143151e-01 -1.8006378721e-01 1.2878710298e-01 -8.2231905920e-02 -4.2806318496e-02 1.0661445129e-01 -1.7591914684e-01 2.8207180491e-01 1.7482821207e-02 1.7998547894e-01 -9.4281239276e-02 1.2844013233e-01
4.4254893108e-02 -7.7770108523e-03 -1.5585557923e-01 2.4988003226e-01 3.6175373009e-01 -4.3037447006e-02 4.5166479774e-01 -1.9977425837e-02 -1.0914131155e-01 1.3684705946e-01 -1.9724837401e-01 4.9783364904e-02 -2.0078455082e-01 -3.2246171981e-01 -1.2030807855e-01 -5.7134829342e-02 7.7811426619e-02 2.2855869013e-01 1.5269345955e-01 -3.7300474970e-01 2.0039874825e-02 5.3369210281e-02 3.7344746258e-01 -2.5339131167e-02 -2.9213995888e-01 -1.8786791041e-01 -2.9171521316e-01 2.9887162972e-01 1.9471059849e-02 1.1747767973e-01 -7.3813396625e-02 -1.6590305511e-01
-1.2208439375e-01 -1.5838523036e-02 1.4508173682e-01 1.0987945706e-01 -1.7291283826e-01 2.0953961158e-01 -1.0943596153e-01 2.2886648588e-01 -1.7014940445e-01 -2.2361428232e-01 7.4846935074e-02 1.8065630663e-01 -1.0314887264e-01 1.0126195367e-01 2.4402411307e-01 5.2567038081e-01 -1.2879355045e-01 1.0606414256e-02 2.9536258829e-01 3.5056714186e-01 -9.7540034958e-02 5.5964381635e-02 2.6268315910e-01 7.1439816118e-02 1.6278868002e-01 1.8077654607e-01 1.4266586151e-01 -1.8273413580e-01 -1.7907500559e-02 -3.2767652285e-02 7.0865262694e-02 -5.7073703948e-02
-1.2980957728e-01 1.2589805384e-01 -2.0430128877e-01 -5.0151196931e-03 2.6779678247e-02 2.1468930683e-02 2.0643788656e-01 9.5011574909e-02 -2.7079451315e-01 2.3916246722e-02 5.2938479034e-03 7.9831456562e-02 -1.7161771629e-01 6.3125781399e-02 3.0311622200e-02 -2.5533563573e-01 5.1346518585e-02 -1.5100949698e-01 -1.0241852915e-01 1.1575522959e-01 -1.9665286980e-02 9.2316892821e-02 5.5543300649e-02 -2.0895353711e-01 9.5364385788e-02 -2.5400096068e-02 -1.0218334785e-01 7.6459844518e-03 3.4499279604e-02 -1.4135392762e-01 1.2355497683e-02 1.1297667880e-01
7.1810848016e-02 2.2560623366e-02 1.2961689856e-01 -6.9066508602e-02 2.7456549071e-03 -2.5407058725e-01 4.9305149815e-02 1.3451866003e-03 3.3145119983e-01 -2.2272894501e-02 1.0774488686e-01 -3.3563768879e-01 -3.0630174171e-01 8.6434769388e-02 -7.7440064315e-03 -1.3357142079e-01 3.3075519417e-02 -2.9662822982e-01 -4.4643453232e-02 1.9171185915e-02 -8.9145465114e-02 -6.8816066199e-02 1.3233460498e-01 -1.4243711354e-01 -4.1884395967e-02 -3.3259814399e-02 2.3144403988e-01 1.0635830817e-01 7.0817205911e-02 -9.2479559739e-02 -1.0880663321e-01 6.7720594052e-03
-1.3924359743e-01 -4.0512281773e-02 1.7838265466e-01 2.3335126843e-01 -2.6726917536e-01 1.8044155767e-01 5.1676355861e-02 1.5924236832e-01 3.2697498949e-01 1.6871319556e-01 -3.1987987783e-01 -1.2353558285e-01 -8.2512731350e-02 -4.3951319433e-02 -3.9301403628e-01 4.8673061490e-03 -1.8154087888e-02 -3.5508689135e-01 8.8084556128e-02 -1.5055630622e-01 2.5663417747e-01 -2.1671983954e-01 2.9686283109e-01 3.4900882332e-01 8.0086321217e-02 3.1389797605e-01 2.9043294254e-01 8.9412443062e-02 -2.5980602265e-01 2.1225231679e-01 -6.8893704512e-02 -1.8147378976e-01
3.6435114052e-02 -9.6130837557e-02 -6.3814818350e-02 2.5740068264e-01 -2.4962868376e-01 2.9035235015e-02 4.7125170773e-02 -1.7959688086e-03 9.9039832612e-03 -7.5309599912e-02 6.0946499798e-02 3.4134573584e-01 -1.6387967775e-01 2.4573783898e-01 3.4257313977e-01 1.9634796465e-01 -3.7451874931e-02 -1.7990662222e-01 -8.3589619844e-03 1.5162399578e-01 6.3504402728e-02 1.3899177332e-01 -3.7791899517e-02 9.7923999265e-02 1.6286468611e-01 -6.0041492846e-02 9.9778123471e-02 3.2608355211e-02 -3.1110846431e-01 -1.9176601933e-02 -2.6120182726e-01 -1.8922673849e-01
-1.7748427216e-01 2.7137855629e-01 9.9469516392e-02 -2.3380668462e-01 5.6514951453e-02 2.3541567826e-01 4.7901859387e-02 1.7236844220e-01 4.8610784109e-02 -1.0150538022e-01 2.2397423197e-01 -2.1608267237e-01 1.5218475205e-01 -9.4097564091e-02 -6.5227377521e-02 -2.3017766278e-01 1.6238188979e-01 -1.2633245476e-01 7.9461803167e-02 3.9178500641e-02 -9.5425825457e-02 3.7509903471e-03 -6.1732545914e-02 -1.1708128085e-01 7.1972588660e-02 1.7427086855e-01 1.7994949038e-01 -3.1112722917e-02 1.5832787159e-01 2.5936942875e-01 1.3978969015e-01 -8.1115941147e-02
1.4164248663e-01 2.7927441590e-02 1.0350229118e-01 -1.7502579044e-01 3.5342976787e-03 -2.7110492604e-01 2.2848537232e-02 1.8825166809e-01 1.5597308345e-01 6.8691841756e-02 -6.9172041732e-02 -1.5346386752e-02 2.1804232165e-04 -3.7203541365e-02 1.4041133768e-01 1.3547874830e-01 7.6407308047e-02 1.9748105880e-01 -1.8151063660e-01 -8.6200181521e-02 -4.5880013593e-02 9.6024191213e-02 -2.1347609464e-01 -2.0364690351e-01 2.9028384780e-01 6.7923933684e-02 2.7384350929e-01 -6.3523050609e-02 -2.2061269461e-01 -2.0211305634e-01 8.8454814411e-02 -3.1082467817e-02
-1.3435477132e-01 -3.1225250065e-01 7.5056666005e-02 -1.3788608237e-01 1.2582231152e-01 3.9157334631e-02 8.6011112258e-02 -4.5780937809e-04 -2.7589278948e-01 -1.3964122319e-02 -3.0024963726e-02 1.3593244184e-01 -2.6685263794e-01 1.9567716364e-01 1.3315494155e-01 1.0024371933e-01 1.7908278061e-01 9.9203423622e-02 -1.1835711163e-01 -1.1752124094e-02 2.9794624450e-01 -2.4294688265e-01 -1.3302992566e-01 -1.9749863973e-02 2.2723461321e-01 -3.1458089607e-01 1.2137921068e-01 -1.9764441660e-01 8.0442611641e-03 -3.5205191643e-01 2.6316589387e-01 1.7537298143e-02
-1.7424078287e-01 -1.3278157258e-01 1.0510410335e-01 7.9120101005e-02 8.7311004823e-02 1.6896170245e-01 -3.7833947020e-01 7.2556061860e-02 2.8472749392e-01 -1.3640146489e-01 5.2636357302e-01 -1.5228875194e-01 1.5725195407e-02 3.3824899852e-01 -1.0210958758e-01 1.4423895063e-01 -1.6798219300e-01 8.3181194157e-02 -1.9867740402e-02 1.6788933569e-01 2.7875047367e-02 3.5554700994e-02 1.9558666956e-01 4.0725851949e-01 8.8628192869e-02 1.1412667207e-01 -3.2110463367e-02 -3.6217691259e-02 -1.1169086621e-01 -1.6951296429e-01 2.4034689545e-01 9.5459858572e-02
1.3098994269e-01 -2.8929519216e-01 1.1187685451e-01 2.8585892225e-01 -1.4792164042e-01 -5.1388373453e-02 -1.3970801079e-01 -1.1229261775e-02 1.2711134031e-02 -1.5182517655e-02 -3.6932754207e-02 -7.0583398248e-03 -1.8213882975e-01 1.8062731617e-02 -2.6950085695e-01 -1.6012061087e-01 -2.2255359761e-01 7.5240948175e-02 -1.7815353191e-01 -2.4118793922e-01 -2.2812626257e-01 7.1103807564e-03 -1.8457760225e-01 -1.9269726394e-01 1.5793121867e-01 1.4542128412e-01 -6.6240336992e-02 -4.4288163130e-04 -2.3809930544e-02 -4.1877062678e-02 9.6562810457e-02 8.3686816333e-03
-2.1871529076e-01 2.0605218200e-01 7.0073597883e-02 4.0905455327e-01 -4.7681869325e-01 2.9811121966e-01 1.2929157124e-01 6.6232568815e-02 7.7718842842e-02 -9.5452985225e-02 3.3319747516e-01 5.1357468662e-02 1.5138376392e-01 -5.8100070082e-02 9.6551911074e-02 -2.4250737225e-01 -3.5017400586e-02 -1.9744725799e-01 -1.8491137157e-01 -2.1352463749e-01 -1.1875436097e-01 -1.1298506787e-01 3.4274127265e-01 4.0036872964e-02 1.9343266515e-02 6.9140205394e-02 -5.4696612438e-02 -9.6325688124e-02 3.2263915894e-01 -2.5578697928e-01 3.2697610534e-01 8.3547986027e-03
-4.0400556764e-01 9.1569442916e-02 -5.9348197131e-03 5.5415303855e-02 -1.3541420354e-01 -5.6694569611e-02 -1.1042163009e-01 9.8222946351e-02 -1.0440485661e-01 2.3065756671e-02 -2.6167281116e-02 -8.9792741678e-02 -1.7251055595e-01 1.6996113932e-01 -2.0133795901e-01 -4.3175502380e-02 -4.0744806083e-02 -2.2006310545e-01 -1.4316532241e-01 -3.1634335202e-01 1.7858253191e-01 2.7854783075e-02 4.1924180312e-02 -4.3690026915e-02 -3.1633401357e-02 -2.2617379141e-01 -1.5050305100e-01 1.8022891134e-01 1.6779295793e-01 -1.9039553820e-01 2.7235506758e-01 3.8154119547e-01
3.1307173752e-01 -1.2197300949e-01 -1.7120944184e-02 -1.1532549140e-01 -2.1189029579e-01 -1.7667251130e-01 3.3033922188e-02 -1.8211055912e-01 2.6750196817e-02 1.4022567994e-01 -3.4270578253e-01 1.1564258067e-01 -6.6050573105e-02 4.0450417110e-01 -1.9314297280e-01 7.0630027144e-02 -2.4686590367e-01 -9.0325871719e-04 -2.7267749747e-01 1.5356041475e-02 2.6961229206e-02 -5.8620567420e-02 -3.2228812547e-02 1.7722393166e-01 -1.7406735982e-01 -1.0103192280e-01 2.4525969050e-01 2.9166562634e-01 -2.2098495839e-01 -1.3892795560e-01 -2.1903902927e-01 -6.2034530919e-02
-3.3704805816e-02 5.7227787922e-02 3.4394378559e-02 2.0842426554e-01 -1.1488919528e-01 -4.5680215632e-02 -1.3220024855e-01 -3.8639745300e-02 1.7433305908e-03 1.4162349957e-02 1.8221528195e-01 3.2033104955e-01 6.2371410769e-02 -6.9518467494e-03 -4.0438862328e-01 -8.3912076853e-02 -2.8818047656e-01 -9.4224282224e-02 -1.1051775559e-01 8.1942023845e-02 3.0627126824e-01 -3.0368310086e-02 3.2332586421e-01 -1.5659806286e-01 -5.8207713038e-02 -2.6950644168e-02 -1.1969866767e-01 9.9910198652e-02 1.7741890330e-01 3.6930830145e-01 -1.9763823492e-01 6.6617030503e-02
-1.5640770469e-01 -1.7610045680e-02 2.0780476915e-02 1.6888741453e-02 -2.8143154240e-01 -1.1371510311e-02 -4.0608951557e-01 4.9009664249e-01 -6.3509399083e-03 -2.2963739026e-01 1.7571786841e-01 5.0002201815e-02 -4.8040896527e-03 -2.2198262533e-02 8.4564767495e-02 -3.7896358181e-01 1.8380116767e-01 8.2652159621e-02 1.5576625510e-01 -3.0415119944e-02 1.7730356229e-01 4.6834308796e-02 1.5432097178e-01 1.0405802328e-01 -3.4600436742e-02 -1.9673414875e-02 -2.3127629779e-01 4.6276199933e-02 3.2382384259e-01 2.7196765214e-02 -1.0139587681e-01 -1.0726563891e-01
-3.2711091011e-01 7.8537341583e-02 2.7395859985e-02 2.0552700947e-01 -4.1338893477e-02 9.4676010314e-02 9.4079365804e-02 -7.8639067686e-02 -3.5854645787e-03 8.9249994102e-02 1.6866443101e-01 -7.0408034637e-02 -1.8858788379e-02 -4.6693454165e-02 4.7075691302e-01 2.6764463992e-02 -2.1104531070e-01 -9.7971676839e-02 3.5323030625e-02 -3.4117403780e-01 -3.1199386144e-01 -8.8464515407e-02 1.5664371762e-01 -1.1198683037e-01 7.7627739520e-02 6.7053532615e-02 4.9942701484e-03 3.6751031945e-01 -2.1294580736e-01 1.0127296672e-01 -1.6200099140e-01 3.7810104694e-01
1.1501580732e-01 5.3725910297e-02 1.6090111528e-01 2.8716054062e-01 1.0201677276e-01 8.6064897501e-02 -1.4281195705e-02 1.7186723348e-01 3.3195776607e-01 -9.9643117516e-02 9.3083007734e-02 -2.2483540423e-01 -2.6320739949e-01 -1.4070446652e-01 1.1227387640e-01 1.6629965654e-02 3.5241129191e-01 2.0864608379e-02 2.7726617484e-01 -2.2624480018e-01 -1.8478370551e-01 -1.3828779716e-02 -7.7316447251e-02 -2.5104701323e-01 3.4376462318e-01 -6.9411776400e-02 2.2667960029e-01 -1.1318788491e-01 -3.9140564695e-02 -1.4533073144e-01 -1.0732070754e-01 8.0975474306e-02
-1.8025213841e-01 2.1835833554e-01 8.6591968695e-02 -1.6743623497e-01 -1.4532258212e-01 1.2328104870e-01 -3.1078779899e-02 5.4353276800e-02 1.1650601590e-01 1.8290388214e-01 2.6357604886e-01 -1.0937455705e-01 1.0998992343e-02 2.1435199700e-01 -2.7880314090e-01 1.3900525586e-01 6.1095576863e-02 -7.3556782496e-02 4.4526718741e-02 4.9503335488e-03 7.3409635689e-02 -6.8598944078e-02 1.2257591931e-01 -2.3791858423e-01 1.9667370891e-01 9.8656697339e-02 1.7521103937e-01 -2.5844657707e-01 -8.0498906092e-02 1.4070196194e-01 -7.9371584979e-02 -2.8674862354e-03
-1.7731680022e-01 -1.4518535864e-01 -5.1607700033e-02 1.1321133282e-01 -8.0024125967e-02 -2.8415174639e-01 -5.8868349568e-02 -7.8993042282e-02 -1.4135606588e-01 2.7104942723e-01 -4.6428022968e-02 1.0040939732e-01 2.1161281584e-02 3.0085465067e-01 1.4208817892e-01 -3.6365189971e-01 2.0300869682e-01 -1.8659286217e-01 1.0884216605e-01 -9.9601796698e-02 -4.4925516804e-02 -1.3954061617e-01 -1.4160935042e-01 2.2475045603e-02 4.5197903675e-02 -1.2385993195e-01 1.2258178992e-01 1.7436860879e-01 1.7706757391e-01 8.0154898660e-02 -8.1085050934e-02 -5.0568770824e-02
