1.0534894160e-01 1.1116922552e-02 8.1396743337e-02 -4.1698794255e-01 -2.3284780325e-01 -6.0950319906e-02 1.2824792024e-01 1.6081083091e-01 -5.5315079477e-01 -1.3143988776e-02 -3.7649715795e-01 1.1165757369e-01 -1.9647180994e-01 8.9746098829e-02 5.0777494465e-02 -1.7182974514e-01
-2.4018522047e-01 3.0539804166e-01 3.7352751359e-01 2.4618571683e-01 2.5446636410e-01 -5.0240190733e-01 -1.5434847438e-01 -5.2324874825e-02 1.9230218214e-01 2.6951281380e-01 -1.6866564844e-01 6.7820288419e-01 3.1241626640e-01 1.8460603645e-01 3.1616112685e-01 -3.4141924274e-01
1.8688640849e-01 3.3564135713e-01 -2.4248917556e-01 4.5905384804e-01 1.6873513948e-01 2.6748623418e-01 3.5175151742e-01 -4.1671124458e-02 3.8023603076e-01 3.6432358914e-01 8.4208791761e-02 -9.3838573312e-02 1.1484800055e-02 -7.7900392013e-02 2.7342258263e-01 -1.5545395123e-01
-5.6925636597e-02 -1.9674865156e-01 -4.0540314949e-01 -3.0052926662e-01 2.7764424526e-01 1.3368668420e-01 -2.9795348282e-01 3.0203950849e-01 -1.2596327301e-01 -4.1975937642e-01 -2.0707813015e-01 1.2266884632e-01 -1.3117786243e-01 -1.8131467787e-01 -2.9497797076e-01 -2.3230251637e-02
6.9900192190e-03 -8.8577941598e-02 -2.5694541991e-01 -3.7290807156e-01 6.1239423952e-02 1.2359335382e-01 3.4997524254e-01 1.2835812495e-01 5.0388291774e-02 1.4973471946e-01 -2.8058042594e-01 3.0231718555e-01 -1.2182555828e-01 1.2714515677e-02 1.5285956228e-01 -1.3747384162e-01
1.2035116274e-01 6.5207931020e-01 2.1656024789e-02 4.6174473823e-01 -8.5155822411e-02 -2.5507176590e-01 2.5090182338e-01 7.0464161632e-02 1.2173184858e-01 5.0633437222e-02 -8.7805009826e-02 2.2908009537e-01 6.0474688392e-02 -7.6663321449e-03 2.6855475167e-02 -1.2197624770e-01
4.7392757956e-02 5.4954045688e-02 -2.8711876873e-02 -2.0308545846e-01 -2.3252069869e-03 1.4668514895e-01 1.3863121509e-01 1.2343809167e-01 -2.1893496810e-01 1.0324231050e-01 1.7025724493e-01 5.2573054276e-01 2.2844190807e-01 1.1181915278e-01 8.0376754763e-02 1.0231362347e-01
4.1177321885e-02 -2.5387521359e-01 -5.5488251061e-02 -2.1476385363e-01 -4.1207444871e-02 -3.8493995844e-01 8.4729741485e-02 -9.2893781455e-02 -2.1032441977e-01 7.5987559500e-02 -1.9181198895e-01 4.3515889055e-02 2.3590618213e-01 1.0453493854e-02 -9.3780216949e-02 3.2329782924e-01
-2.9724298568e-01 -2.3950384933e-01 1.6462912620e-01 7.5230374985e-02 1.9112530965e-01 2.0734710490e-02 -3.1772415880e-01 7.1330661816e-02 -1.1333950237e-01 9.4784148671e-02 4.7204793990e-01 9.5239184296e-02 1.7237845466e-01 1.2604910462e-02 -9.8709562431e-02 -3.1264188973e-01
-7.1532352639e-02 -3.7343747296e-01 2.6819259842e-02 4.2211885869e-01 2.4034281334e-01 -2.0066954769e-01 -1.4985919226e-01 -1.3592350244e-01 -2.5320092488e-01 -1.2733012695e-01 3.8149830778e-01 -6.5420483969e-01 -3.3969850543e-01 9.0963539397e-02 -2.6207580391e-01 -7.9529469689e-02
2.4736311258e-01 2.0347164070e-01 -3.8017665391e-01 6.4321332059e-03 -6.6421489887e-02 -2.8339048304e-02 -1.7404970330e-01 3.3609937633e-01 -5.7086388758e-01 4.1635071542e-02 6.8562842956e-02 6.4824177278e-02 1.3356917699e-01 -2.0304572775e-01 2.7357565834e-01 -1.3342284108e-02
4.4885050075e-01 1.0923318185e-01 -9.8190030366e-02 -2.8446735610e-01 4.3263460904e-02 2.8636824569e-02 5.0720628963e-02 -1.4903646102e-02 -1.2562240692e-01 -1.3874562799e-01 -3.4857800268e-01 1.9360686761e-01 -3.6398171122e-01 -7.2323049295e-02 3.8059524233e-02 2.1636260814e-01
-5.5956197609e-01 -1.2952473393e-01 1.5325322529e-01 -5.8845552095e-03 8.3813274960e-02 3.7481909655e-01 3.4483483249e-02 2.8625504594e-01 -2.9048083603e-01 -1.1532320059e-01 -7.8528051321e-03 -1.9687588533e-01 -8.7606240135e-02 1.6306189381e-01 -1.8670201195e-01 9.4207445400e-02
-6.2592634143e-02 -9.7957881745e-02 -4.2210675713e-02 -7.1196335633e-02 -5.0632825947e-02 7.0168559014e-02 -2.5521115944e-01 5.9171823216e-01 -4.6692504767e-02 1.0611240789e-01 8.6567156906e-02 -6.9745544659e-02 1.8414039094e-01 -4.6874644114e-02 3.9796886917e-01 3.6583495111e-01
1.4193583459e-02 4.9150473560e-01 8.7548088597e-02 -2.4868508298e-02 9.1091911357e-02 9.2435675191e-02 -2.5331997236e-01 -2.2214428051e-01 -5.7733668117e-02 -5.7096715608e-01 -5.2790223067e-01 3.9456778678e-01 5.5902850185e-02 8.9686955993e-02 -2.4905154262e-01 -1.9965643929e-01
-1.3469931967e-01 1.9078702372e-02 -1.9342123617e-02 4.5102604866e-01 5.7040972694e-01 -4.6937599870e-01 -1.3834354347e-01 9.4636348748e-02 7.0546213786e-02 3.8708513413e-01 8.8986482221e-02 -7.8057158060e-03 -2.8645827102e-01 -1.9320367167e-01 3.1806296638e-01 -2.9167958390e-01
