4.2850425435e-01 -4.1695472412e-02 6.9114343784e-02 7.7251018291e-02 2.4724959945e-01 3.4744708335e-02 1.1087376829e-01 -2.4204676583e-01 -2.2785130800e-02 8.8544506828e-02 3.0528836393e-01 3.9657923555e-02 1.0113585497e-01 3.7901426609e-02 6.8388511967e-03 9.5546359376e-03 2.8856748394e-02 2.0530160337e-01 9.5589404763e-02 1.6274704100e-02 -5.0037293574e-02 -4.3735629169e-02 -5.5022540288e-02 -2.4589345767e-01 6.8087104206e-02 -3.4028091318e-01 -8.0004367637e-02 -4.3361289433e-01 1.9916002846e-01 1.8674764639e-01 2.7269565424e-01 -5.8883140805e-02
-7.3096751119e-02 -2.0918074615e-01 -1.4443143315e-01 -4.5420380912e-02 1.7401782659e-01 1.4749431490e-02 -1.0606599295e-02 -3.5787363840e-01 -1.2004871459e-01 -6.3079638489e-02 8.3634248011e-02 2.6134528583e-01 9.6564395441e-02 -6.1519367433e-02 -4.6932566478e-02 -1.6819567168e-01 -1.0897980650e-01 2.1260514040e-01 -3.5852383883e-02 1.5574922906e-01 9.6921997716e-02 6.7100349699e-03 4.9275292846e-01 -1.4094995753e-01 1.6055420172e-01 -2.5265506558e-01 -9.8519879336e-02 -2.0706202504e-01 7.5211011159e-02 -1.2131351558e-01 1.4373731624e-01 -1.4125383681e-01
2.0002585367e-01 1.4752158566e-01 -1.7144358852e-01 -6.4207876767e-02 1.3634011781e-01 2.9846565358e-01 -1.6593252615e-01 2.4471493428e-01 -1.3265048488e-01 -1.0510679336e-01 7.2056901990e-02 -2.3241590451e-01 -9.2943936534e-02 1.6304980537e-01 3.5497192547e-01 3.5223493327e-02 1.2874611304e-01 3.3822673783e-01 1.6000253039e-01 8.6852785887e-02 2.9462573289e-01 -3.4692257724e-01 1.5218535351e-03 -5.0142453248e-02 3.6336149730e-01 1.6694375450e-01 -1.6159802879e-01 5.8283797627e-02 -5.1396671457e-02 1.8008463881e-01 -8.1553365709e-02 -3.7651188024e-02
2.8428477173e-02 5.4967131534e-02 -2.4584706070e-01 -1.9002608744e-01 -3.1528334902e-01 -5.5174862660e-02 -2.2062334413e-02 -3.4842309777e-03 -6.7539443360e-02 1.7369319080e-01 -2.2791056180e-01 -1.2393165083e-01 -9.9745553770e-02 7.8469735112e-02 -8.0218218412e-02 -1.0197694082e-01 1.5033398608e-02 9.7596209089e-02 3.7782625012e-01 -8.8008760702e-02 -1.7359104674e-01 -1.7643919592e-01 1.2669745820e-01 2.8164268747e-03 2.1931893903e-01 -3.7315335738e-01 3.1050620598e-01 8.7026769933e-02 -2.2953993986e-01 4.5987991738e-01 8.3030649059e-02 -4.7034307452e-02
2.2295719718e-01 2.3355263955e-01 1.0609148631e-01 3.2819730066e-01 -1.3317762804e-01 9.9003773641e-02 4.5785318465e-02 -9.2723070130e-02 1.5196828146e-01 2.0848617059e-01 -3.0076702520e-02 1.3306596567e-01 2.1265917739e-01 -5.0449805981e-02 -1.2269684757e-01 -1.7460776738e-01 -1.1299295551e-01 -3.6571342248e-02 -3.7079413571e-02 -2.6224750291e-01 -5.3474466603e-02 -9.8056658208e-02 -1.1215715185e-01 -3.2138178186e-01 -9.0219073060e-02 -1.0078332681e-01 -2.6352428548e-01 1.7612558813e-01 1.1726947398e-01 -1.1466483156e-01 1.1681476614e-01 1.7289646676e-01
2.1769783305e-01 7.8494114280e-02 -3.0758399604e-01 -1.8233237999e-01 5.0400498788e-02 1.3156991312e-01 6.9621299811e-02 -1.1977699316e-01 -1.6781421993e-01 -2.4620262062e-01 1.0629062255e-01 -1.5835629180e-01 -1.2402460473e-01 3.7760532547e-01 6.4323680606e-02 7.2640841787e-02 3.8901700235e-02 3.5858323254e-02 -3.0473619608e-01 2.5159447922e-01 1.0067472931e-03 -3.3203875762e-02 2.8879825371e-01 1.8501875880e-01 -3.0875448351e-02 -9.4667850981e-02 2.6234568208e-01 2.2554405474e-01 -4.6186022723e-02 9.6631561311e-02 3.6310705358e-02 -4.6937451616e-02
-2.0213803846e-01 -1.0785424298e-01 7.3040828364e-02 4.1309576392e-01 3.5109473575e-02 -2.0379353318e-01 -1.4641521864e-01 -3.4434911760e-02 -1.1122552664e-01 3.9739304794e-02 -2.2331852137e-03 1.5070023550e-02 -3.5524351692e-01 2.4661956057e-01 5.8541418892e-02 1.8118693883e-01 -1.6069925014e-01 -2.3903216026e-01 3.8737707448e-02 -1.0825961504e-01 6.2807621462e-02 -2.6219896151e-01 1.3491087321e-01 -1.8369605367e-01 -1.0418748458e-01 -1.2141785799e-02 -1.1764686729e-01 1.5469048744e-01 3.9023923483e-02 2.1985204663e-01 1.6346441605e-01 3.5543179125e-01
2.5424099640e-01 7.5198748649e-02 -1.1024668699e-01 -9.7182685652e-03 1.9049339918e-01 1.6767386279e-01 1.1989264377e-01 -1.4165546711e-01 5.0577811699e-02 1.7030578885e-01 7.1895193400e-03 1.4149242040e-01 3.3469716455e-02 2.1274740602e-02 8.9913721556e-02 -1.4924922700e-01 2.9478126514e-02 -1.0529086902e-01 -1.1060369912e-01 2.4791899108e-01 -3.3390845839e-02 1.7276539670e-01 -1.7499566688e-01 6.2862909264e-02 9.2997212132e-02 6.8293707848e-02 7.2843790413e-03 -1.2255127791e-01 1.8059949995e-01 -9.8864978885e-02 -1.8677575935e-01 -1.2613740270e-01
-3.2707002803e-01 -1.3350356532e-01 3.1541108541e-02 -2.4961826910e-01 -7.8437419448e-02 -8.4971183831e-02 4.4617440347e-02 -1.0886223697e-01 7.1723923409e-02 1.7447581334e-01 1.7323481513e-02 -1.5022843163e-01 1.5312342291e-01 3.0690953214e-02 -1.4705238067e-01 -1.6286046598e-01 5.1135857510e-04 -2.8847881078e-01 -4.6434869496e-02 -7.6023131015e-02 -6.4631716016e-02 -3.2959641527e-01 -2.1362963591e-01 -3.0645543821e-02 -1.4539364826e-01 -2.8031170778e-01 3.2555225362e-01 8.3343055063e-02 1.7540613691e-01 -1.2221014604e-01 2.1581028448e-01 -1.9925115770e-01
-4.3057876358e-01 3.7348913865e-02 3.4901375182e-03 -9.8501146384e-03 -1.7537203172e-02 2.6458456375e-01 -3.6806453760e-01 -7.3842559197e-02 1.3137098201e-01 -1.5303597695e-01 -2.0112867327e-01 1.9129929038e-01 1.0821300892e-01 2.7707264275e-01 -1.2261927076e-01 -8.9729095942e-03 -1.0757152852e-01 3.2409726354e-02 2.6743969306e-01 -1.9296687978e-01 1.9271326506e-01 2.1611509231e-02 5.9949597352e-02 6.6969837873e-02 2.2092903353e-01 1.4161867228e-01 -5.0720421763e-01 4.8178707652e-02 4.4075171233e-02 3.2465344103e-01 6.0378378133e-02 -7.8716988313e-04
2.0408749565e-02 -4.7158673866e-02 -2.2083417359e-01 -2.6575796519e-01 3.4212301024e-01 -3.2032979292e-01 1.6890931802e-01 7.9607689342e-02 6.9115324589e-03 -1.9613060358e-01 -1.0655922662e-01 1.5874456776e-01 3.1162399935e-01 8.6344454565e-02 8.4525981995e-02 -1.6973264464e-01 1.2266234416e-01 2.3216959623e-01 8.6110333240e-02 1.8377848418e-01 2.7459487603e-04 1.6223143126e-01 -7.1566275250e-02 9.3503391219e-02 3.8811681270e-01 -5.3914987545e-02 -2.6455572189e-02 1.8603992031e-01 4.5486829343e-02 6.9078821385e-01 -3.5920882939e-01 1.1288439175e-01
1.3166040562e-01 -4.6137835919e-02 2.0924016144e-02 9.2578300975e-02 4.8507970488e-01 -1.3997048191e-01 2.3886158330e-01 2.1802979195e-01 -2.8332041192e-01 1.7145171756e-02 2.9616438444e-01 -6.5396666572e-02 -1.6678566698e-01 2.3124300417e-01 1.1341133298e-02 -1.6342309737e-01 -5.7371459114e-02 1.8168953041e-01 1.7215010838e-01 1.4353036288e-01 -2.9899566145e-02 2.6530713539e-01 -1.1339206992e-01 1.1415353363e-01 -2.5875123308e-01 2.5115260779e-01 -4.4125993460e-02 -1.0015673657e-02 -1.7922780411e-01 3.2718016720e-02 -6.8037900566e-02 2.3468359912e-03
-3.9551963361e-01 -2.8739115122e-02 -2.5071452955e-01 -1.1406927272e-01 -1.8392493287e-01 2.0416797389e-02 2.1002336348e-01 -9.2341865528e-02 6.7114501906e-02 2.8574461709e-04 4.0328528163e-02 -2.6110713341e-02 -5.1696182419e-02 -3.8155606270e-02 -7.0830580598e-02 2.0739620264e-01 -1.7771450109e-01 3.6254056657e-02 1.8593892615e-01 -1.6301334975e-01 2.2723106699e-01 5.1242202437e-03 -2.1110126432e-02 1.5542568987e-01 -2.4442087892e-01 2.2302483189e-02 -7.3372073210e-02 4.6163096899e-02 -9.0732422190e-02 -3.5891615585e-02 1.2415124546e-01 3.5315214468e-02
4.4049401809e-02 2.0714357479e-02 -2.3296501504e-01 -1.4724762581e-01 1.0234469304e-01 2.0417043996e-01 1.0788281860e-01 -7.3864383899e-02 -1.1676617630e-01 -1.9644319024e-01 3.3442857757e-01 -6.8430415989e-02 5.1587206786e-02 -4.1884260631e-02 -5.1404216637e-02 -2.3190806220e-01 1.9452312380e-01 -2.4718009715e-02 1.6947976918e-01 6.2674611173e-02 2.2168862399e-01 2.9640433661e-01 1.2449623533e-01 6.2121376869e-03 1.6043887919e-01 1.8414551452e-02 3.6638219453e-02 6.7083592048e-02 2.9118520714e-02 5.2356385565e-02 -1.1388736157e-01 2.7199346041e-01
-1.2349198585e-01 7.1345842016e-02 3.1465990309e-02 -2.0393815887e-01 1.7556391328e-01 1.2902020655e-01 1.4480318711e-01 -6.1148191672e-02 2.3772470809e-01 -5.6062421093e-02 2.7610481510e-01 -7.3435385770e-02 -4.4542504927e-02 -3.5452328320e-01 -2.8415131830e-01 -9.5371833290e-02 7.9383334652e-02 -2.0569808905e-01 1.8434409052e-01 -2.1769235288e-01 1.7580614319e-01 -1.2958767717e-01 8.4025041554e-02 1.9136198604e-01 -1.5379890686e-01 1.8100205324e-01 4.7452926843e-02 -2.3584414388e-02 -2.8498430411e-02 1.5919438913e-01 6.8019571441e-02 3.0327551945e-01
2.3249783279e-01 -2.4081321407e-01 -4.8407195604e-02 -4.1412279706e-01 2.3888419777e-01 2.2151446203e-01 2.2237083645e-01 2.4486344330e-01 3.4804366304e-01 7.8539843756e-02 1.3061470240e-01 -2.3768704749e-02 1.6991511454e-03 -1.2780745582e-01 1.3502729735e-01 -1.4138065445e-01 -1.7141232662e-01 -3.8133266089e-02 -4.8317154841e-01 1.1694070831e-01 7.9013491103e-02 1.5619812635e-01 3.3119103411e-03 7.6472026625e-02 -1.0307758973e-01 -4.1467748412e-02 1.6343772174e-01 5.6680983214e-02 -2.6223232257e-01 1.8939220739e-01 -2.3848635470e-01 -3.8365969429e-02
-1.6481338589e-01 -2.1743048670e-01 -3.5524907946e-02 -1.4917403972e-01 -9.5942967252e-02 3.6333585453e-02 -1.7334730422e-02 -1.5695702984e-01 -1.5527096654e-01 7.9462493405e-02 3.6841261393e-02 -3.6441973999e-02 2.9647607307e-01 -1.5007534904e-02 1.4921954817e-01 5.8101988186e-02 2.0458391134e-01 -2.5982664848e-01 -1.8942100501e-02 3.0631665717e-02 1.1823650669e-01 -3.7175766474e-03 -7.7088720227e-02 2.6674760639e-01 3.9575511684e-02 8.3844929739e-02 -2.2149979266e-01 1.1261074992e-01 -3.0034079158e-01 -5.4405039975e-03 -3.7232828511e-01 2.1093995174e-01
-1.3541351259e-01 -1.5930154295e-01 -3.0012568099e-01 1.8868124357e-01 -6.9892082107e-02 -3.8240854840e-01 7.6892066471e-02 -1.1387351998e-01 -3.5422980131e-01 4.8537800085e-02 -2.0329803243e-01 -8.9144905996e-02 2.7145474462e-01 6.8072831592e-02 3.5080304047e-01 -1.0262435815e-01 1.2750977786e-01 2.0893925808e-01 -5.2772433394e-02 -1.8758879920e-01 -1.2413893368e-01 1.0389011967e-01 -3.6783656400e-02 5.8063445665e-02 -1.5989878194e-02 1.5656254844e-01 -4.3483606546e-02 3.0216824559e-01 3.7336604859e-02 -4.0848376369e-02 6.9338772429e-02 -9.5832369437e-02
-1.8203053610e-01 1.3065380195e-01 -7.2032230259e-02 -1.6032486709e-01 -2.0417927741e-01 3.2214948568e-01 1.4632562505e-01 -3.6743226499e-02 1.4854308376e-02 1.5360271281e-01 1.6561071237e-01 -2.0747421471e-01 -8.1449422728e-02 4.2062811279e-01 -1.1383363715e-01 -2.3953924483e-01 1.8798353245e-01 3.0996741638e-01 5.4338729383e-02 -2.7527157548e-01 2.1059826989e-01 -2.0456848463e-01 2.5866588765e-01 -1.9534932113e-01 -1.6314865374e-01 -2.4937776607e-01 2.6912883783e-01 4.0674968057e-02 -9.1846429671e-02 -9.4433342826e-02 -1.7149194163e-01 -7.7768023381e-02
-1.9752010052e-01 -9.7980270291e-02 6.6883085139e-02 -2.9322176542e-01 -6.2210666248e-02 -1.7217027584e-01 -5.1078022182e-02 -1.1564823754e-01 2.3913824272e-02 -1.5738427683e-01 8.3994481157e-02 -1.0349215278e-01 2.8909580546e-02 2.7583185684e-01 1.0545970418e-01 3.2261059826e-01 4.0355634914e-02 1.3448926461e-01 -6.9272355503e-03 1.5066131899e-02 9.4690100234e-02 -1.0881754480e-01 5.4418517891e-02 -3.4238626678e-02 -4.2189555951e-01 2.7343528809e-02 6.3412666421e-02 -5.0023513499e-02 8.7086173809e-02 -2.5973662606e-01 -1.2559212301e-02 3.1229741583e-01
-2.1204943112e-02 -1.6789225624e-01 2.7367928887e-02 -1.2178956090e-01 1.5785129126e-01 -2.7478933107e-01 3.0595074315e-02 5.2982564196e-02 7.2653129718e-02 -8.3158083915e-02 -3.9148270913e-01 2.9285110086e-03 -1.7594643604e-01 5.7633643289e-02 1.7726362811e-01 8.7886839514e-02 -7.8378701582e-02 -2.4137519186e-01 -1.3395924433e-01 -6.5949141428e-02 -1.4828264520e-01 -3.6038018936e-02 -2.2245450482e-01 2.2244961779e-01 1.1700526689e-01 -1.4748114251e-02 3.0549460208e-01 -5.8596606103e-02 2.7803370370e-01 4.8838378195e-02 3.0294793272e-01 1.3223455992e-01
1.4492442653e-01 1.1934476497e-01 -9.1249352690e-02 -2.9151884627e-01 2.0198904856e-02 -1.3341542300e-01 -4.6191048899e-01 1.2891160143e-01 6.9978203130e-02 1.8483675483e-01 -4.1813310136e-02 2.1107847905e-01 1.1205727058e-01 -2.0168654837e-01 1.8646453687e-01 6.5586265604e-02 4.5405809305e-04 1.0039356072e-01 1.3854376741e-01 -3.5306012372e-02 9.7574335916e-02 1.6410397197e-02 -1.1671932264e-01 -7.6482865311e-02 1.1390208045e-04 2.5916314040e-02 1.5091223817e-01 3.5386833863e-02 1.4997341797e-01 -7.6125507886e-02 -1.6713036618e-01 -7.4377280961e-02
-5.0571199708e-02 9.5344436556e-02 -2.4969313606e-01 -4.8039329578e-02 5.8609301438e-02 1.4137103969e-01 -1.4129026703e-01 -1.3602383544e-01 -1.6927865271e-01 1.5069240908e-02 1.9002362291e-01 -2.9501820128e-02 2.5856522437e-02 2.9948831270e-01 1.0365026528e-01 1.4662828617e-01 -2.8729383727e-01 7.5045273322e-02 -2.3185555158e-01 3.4641301749e-02 -2.2024246748e-02 -1.9328270402e-01 -5.5211272904e-02 3.5225652269e-02 -7.2030421341e-02 9.7950496408e-02 -4.3027045691e-01 1.8683304225e-01 2.0070404290e-01 3.5089567011e-02 -3.9911098408e-02 4.7089898636e-01
-9.1548890318e-02 4.3565367564e-02 1.3897423646e-01 5.0816059970e-02 -1.5764573306e-02 -2.2621111123e-02 2.8468334804e-02 -5.8075725436e-02 7.4752955099e-02 2.0312581937e-01 -3.0319294177e-01 -5.3890878375e-02 1.7321808594e-01 1.9128450282e-01 7.4499404749e-02 1.3065138843e-02 5.1033371716e-02 7.9876406342e-03 2.7222549870e-01 1.6331974971e-01 -9.3414653797e-02 -1.9924205419e-01 -1.3058774685e-01 -4.0682466032e-02 1.1407080679e-01 1.0870715808e-01 7.7943594737e-02 -1.9593227742e-01 1.1311586209e-01 2.7960466016e-01 -1.8133101290e-01 -3.5847965445e-03
1.7681999892e-01 5.8252310638e-02 -4.3199984490e-02 -4.2819225418e-01 1.8221899299e-01 3.7166097401e-02 -1.7897255099e-02 1.7086955945e-02 6.6105361354e-02 -9.6798891935e-02 3.0905846165e-02 2.6494110507e-02 1.4393749848e-02 4.9439989946e-01 1.2303611206e-01 -1.8151197080e-01 -4.0667899068e-01 -1.5345715589e-01 1.1833054842e-01 -1.7210527503e-02 -2.3569281902e-01 -2.0550881934e-01 2.2000525189e-03 -1.1393103106e-01 6.1254145461e-02 2.1455931872e-01 4.8574846209e-01 5.3634673324e-03 -1.6112169939e-01 2.4318908793e-01 6.6575004322e-02 2.0909306049e-01
-9.0242290292e-02 -2.3229533479e-01 -7.3014355363e-02 -4.0442813618e-01 5.1566579445e-02 -2.9296828139e-01 2.0384116779e-01 1.4326596314e-02 2.7720814173e-01 4.0832272848e-02 2.7981933053e-01 1.7128400619e-01 2.8706364334e-02 -1.1992377676e-01 -9.9459709004e-02 -1.6643799545e-02 9.2885710216e-02 -6.1669818932e-02 -1.7497755593e-01 -3.6619957500e-02 -1.1861453668e-01 -6.4267137828e-02 -3.2865498749e-01 -2.7452833097e-03 1.4656636950e-01 -1.4321484947e-01 6.0447381644e-02 -2.1343676598e-01 3.7254688341e-01 -1.6600043083e-02 -1.7019280796e-01 2.9289412393e-01
6.0922298723e-02 -1.9825210120e-01 2.7196860629e-01 -1.2278390166e-01 4.4936458532e-02 -8.3049779604e-02 2.4554870209e-01 -4.2952387758e-01 2.1227497556e-01 -2.4328487749e-01 1.0860037710e-02 -3.6214892980e-02 2.7123489743e-01 -2.2590967357e-01 2.1890741829e-02 -1.6447592682e-01 2.4019418287e-01 -1.1458395511e-01 7.2145089134e-02 1.2663338051e-02 -3.2762233640e-02 -1.0719260636e-01 1.9055354079e-01 -1.0717807123e-01 1.2388471641e-01 4.6419841732e-02 2.5281419788e-01 -1.9202231587e-01 2.0340701923e-01 -2.5027069142e-01 -1.1293984987e-01 4.0164586164e-01
7.9788134642e-03 6.6573781587e-02 -9.9046960073e-02 1.0102602979e-01 -1.3739375216e-01 -3.9495290932e-01 3.1892693760e-02 1.2462933354e-01 -2.3919404974e-01 5.9135569256e-02 -2.5795972656e-02 4.6235230657e-02 4.4098919359e-01 1.5833690830e-01 -4.7189182529e-01 -1.2892587308e-01 -1.5601171843e-01 1.5409758058e-01 8.6298890083e-03 1.0278343884e-01 -8.8171132163e-02 2.7641394714e-01 -3.3194815355e-02 1.5454369671e-01 4.3236503413e-02 9.9076642740e-02 1.3647132204e-01 9.8361458856e-02 -6.2091249609e-02 3.3382856379e-02 2.4994790013e-01 2.9889503443e-01
-3.3946728446e-02 -3.4372283154e-02 4.4871317047e-02 1.5790875185e-01 6.7850692850e-02 1.0317948851e-01 -1.0200178076e-01 -7.6060656158e-04 -1.6653585308e-01 9.0839794028e-02 -1.2812183936e-01 -1.9515414838e-01 1.3428131116e-01 -2.1939632407e-01 2.3537445862e-01 8.7464601629e-02 -5.5064810693e-02 -1.0982137463e-01 3.6681926194e-01 4.4591246408e-02 1.8895400011e-01 1.6306523536e-01 6.4383055715e-02 -1.3419239953e-01 -8.0168244411e-02 6.8158601170e-02 1.4851431700e-01 -3.1636168434e-01 1.9909665247e-01 2.7615762422e-02 -1.7835935348e-01 1.6226644498e-01
2.9086841608e-02 -3.0087685302e-01 -1.0017381757e-01 -3.1503786852e-02 -9.6118590484e-02 -1.2891475516e-01 3.4529840834e-02 1.3311258578e-01 4.0684426683e-02 8.6384181359e-02 1.7198954014e-01 3.4960380362e-01 2.9126474392e-01 1.6529221226e-01 2.3296387167e-01 -2.9569445693e-01 2.2077405619e-02 -9.1290382213e-02 2.6462745572e-01 1.5085272459e-01 2.9550594016e-02 5.5395852742e-02 4.1034909646e-01 -2.7648399590e-01 2.9972430750e-01 -8.8061554845e-02 2.0264039436e-01 -2.3547663709e-01 8.6816006432e-02 -1.2622109694e-01 5.4446042856e-02 4.2738244842e-02
2.3645305292e-01 8.0736891029e-02 6.6856953147e-02 -1.9227584312e-01 3.2488411516e-01 -1.3028930492e-01 9.2025777221e-03 -1.3687037145e-01 -1.2031257973e-02 -9.6529261544e-02 -2.1776634740e-02 1.9794944005e-01 1.0175485695e-01 8.2152421569e-02 -1.6100289858e-01 5.1674728217e-03 -1.4866122872e-01 2.1869671691e-01 4.1993316710e-02 2.6002994659e-03 -2.7513028583e-01 -4.6414023039e-01 5.5176822974e-02 -1.5439644102e-01 -2.5033838277e-01 8.8094241989e-02 5.0370547907e-02 1.1909570391e-01 1.7848593925e-02 1.0986561330e-01 -4.2166295151e-02 2.1975534740e-01
3.7407695252e-01 -3.7982049565e-01 -1.9185972310e-01 -2.5151200417e-01 2.7920615013e-01 -3.6635538361e-02 -1.3293360572e-01 3.3873522627e-02 2.0663181520e-01 -2.6836774872e-01 -2.3026789489e-01 2.4535385957e-03 1.2858244914e-01 1.9086451155e-01 -1.9434068847e-01 -1.8564307522e-01 -2.2495691406e-02 3.0784501489e-02 1.7418721151e-01 1.4880605124e-01 1.0232577202e-02 1.8342003579e-01 -9.5725244918e-02 -1.7588735814e-01 1.8983971652e-01 9.8227142607e-02 2.5301882998e-01 3.2212923200e-01 -9.9469711010e-03 -4.8324313432e-02 -1.1254074614e-01 1.9155267208e-01
