-2.3596225194e-01 -3.6746368577e-02 1.3826478255e-01 -3.5911957070e-02 -1.4547104273e-01 1.3293201655e-01 -1.6841533389e-01 3.0621081195e-01 -2.6990232967e-01 -1.1474214617e-01 1.1374107063e-01 1.9750142022e-01 -1.4253720567e-01 4.3334869910e-01 -1.2004243308e-01 -3.1191050895e-01
-2.3588265657e-01 -2.0158648578e-01 1.3600235456e-01 -4.7306429370e-02 -8.9217039551e-02 9.9147238022e-02 3.6351971338e-01 -8.1326527643e-02 5.2992593447e-02 -8.9470539408e-02 -2.1561493447e-01 -2.6839218843e-01 -7.4208000206e-02 -1.0861971721e-01 2.8981319678e-01 -6.3442202808e-02
1.1129822952e-01 -2.9673683034e-01 -5.2984998905e-01 6.5878355053e-01 7.8137714307e-02 2.5728009363e-01 3.9650160327e-01 -1.6557036582e-01 9.5138028407e-02 -2.6035655157e-01 -1.2364951483e-02 1.0244155120e-01 4.2805796811e-02 -3.3807116359e-01 1.0673683695e-01 4.6610584305e-01
3.7714137875e-01 -1.3266032187e-01 2.8769957248e-02 -2.4843657192e-01 -2.3050840721e-01 5.2323731315e-02 2.6663601909e-01 2.3942990522e-01 -1.1777527835e-01 2.6611890535e-01 3.4775207966e-01 2.9796626952e-01 -1.7052438876e-01 1.2092794292e-01 -3.8198470246e-01 -3.3595790081e-02
4.2426492511e-01 7.3093688586e-01 -1.5411518713e-01 -3.6755464447e-01 -1.2073738501e-01 -1.6294884520e-01 -4.3076021413e-01 3.0228817588e-01 -1.4713484880e-01 -3.5817502327e-01 -7.1432360887e-03 -1.4521946298e-01 -1.2125247470e-01 -2.3013525189e-01 -1.6728901832e-02 3.0676812688e-03
3.9569823526e-01 4.2118600900e-02 -3.0858766436e-01 1.2829162439e-01 -9.9257146701e-03 4.0956085540e-01 1.1372409125e-01 2.1253342846e-01 -7.3068083136e-03 -1.3202319216e-01 -1.5662419788e-01 2.1854975468e-01 -9.8984776691e-02 -5.9354826923e-01 -3.3933271763e-02 2.2504507377e-01
-2.4326610545e-01 4.9555070467e-03 3.9666276216e-01 1.9400060780e-02 9.2402634081e-02 -1.1295480530e-01 2.0295694617e-01 1.5410050905e-01 -1.8645222252e-01 -3.8797011748e-01 -8.6839332777e-02 -3.1799600548e-02 -2.1440318778e-01 -2.6732743907e-01 -3.6822684668e-01 -2.2608810950e-02
-1.0966411662e-02 2.9932619899e-01 1.0572810033e-01 5.4600014793e-01 8.3804482581e-02 -3.3838023304e-01 -3.0350368896e-01 3.6048397009e-02 -6.8588253158e-02 6.5380538380e-02 -1.5162094307e-02 4.1677592646e-01 -2.0678232388e-02 -5.7555938266e-01 1.6289243293e-01 -2.0616972404e-01
-1.7807526137e-01 2.4805061973e-01 6.0170558336e-01 -9.3039086908e-02 -4.5566054510e-02 3.1403424970e-01 5.9984307086e-01 -2.5189786630e-01 9.8202055250e-02 -1.7159875066e-01 -4.0851946288e-02 2.0106912767e-01 -3.3659696283e-01 1.0911197257e-01 1.0449487163e-01 4.1914540035e-01
-7.3515878770e-03 -2.0919965458e-01 2.6985583796e-01 2.9169490163e-01 -1.3671376596e-02 -7.1854847740e-02 2.0957273992e-01 1.9255729531e-01 -1.0207774608e-01 4.8421378356e-01 3.0796298045e-01 -3.0940110454e-01 1.8486977688e-01 3.6044258639e-01 -2.9070223452e-01 -2.2039646387e-01
1.9846514566e-01 1.1168590908e-01 -3.9865012643e-02 1.2440532798e-01 -6.4934440062e-02 -2.6212202028e-01 5.6226131577e-01 -4.0504342910e-01 -1.1611418956e-01 -2.8600008972e-02 3.1845572595e-01 1.6961915599e-01 1.2044656228e-01 -2.7698235811e-01 -1.4892477527e-02 -8.7174417443e-02
2.9228411305e-01 -3.3150378269e-01 1.0563133276e-01 -6.6353770845e-02 1.7656460912e-01 -4.2614896964e-01 -6.6183465538e-02 3.5463724637e-01 -2.4317027818e-01 -2.4298082517e-02 -1.4254790621e-01 3.5926865692e-01 -4.4411020067e-01 1.3348803325e-01 -2.4114242726e-01 -1.7185319667e-01
6.1225699808e-02 -4.7259285188e-04 5.1423826615e-02 -3.6496920064e-01 2.1690440834e-01 -2.8749094440e-01 1.5554801236e-02 4.6962956317e-01 -1.9596689966e-01 1.4682426328e-01 3.3684548465e-01 3.1824867289e-01 4.3643816653e-02 4.3582633359e-01 -4.3616564194e-01 -3.0013520934e-01
1.5713630714e-03 1.5436265992e-01 2.3791262655e-01 2.6785702626e-01 2.4285527436e-01 2.7011867420e-01 -2.8760363742e-03 3.4263746858e-01 -4.5694356197e-02 1.3588189286e-01 -1.7170995895e-01 -3.6802898957e-01 -4.1238940105e-01 3.9776535515e-01 8.4360641702e-02 -8.7842526787e-02
6.5208792387e-01 -2.4550271694e-01 -9.7140895396e-02 9.0124377049e-02 4.2987807028e-02 -2.3750164226e-01 -5.2199793654e-02 -7.6874964348e-02 -5.0244659722e-01 1.6433799189e-01 1.1110009918e-03 8.2134400509e-02 -1.0333406191e-01 -6.4347403695e-01 8.0318583812e-02 -5.4273723304e-01
-2.8303952812e-02 2.8773071011e-01 5.2581670885e-01 -2.0694381105e-01 2.1415157302e-01 3.1965491898e-01 -6.7362308824e-02 3.8462926542e-01 -1.4284672937e-02 -3.8144095346e-01 -4.6318604407e-01 3.9610015307e-01 1.4247343225e-01 -1.3384533790e-01 -2.6251512490e-01 1.8968564281e-01
