2.1425380708e-02
-1.5211925738e+00
-1.4459216884e+00
6.2314022261e-02
8.9762773245e-01
-1.0078838332e+00
-5.2665369883e-01
2.4201167547e+00
-1.6278969089e+00
-1.3801087391e+00
1.8595223292e-01
-2.2101269740e+00
1.0342155070e+00
-5.8322326022e-01
6.0873494298e-01
-7.0267872654e-01
3.6456855158e-01
-4.8453731770e-01
5.8799586808e-02
9.5339638705e-01
2.2416931071e+00
-5.9319383953e-01
1.1923629647e+00
7.2827126672e-01
9.1320680442e-01
-3.6337718089e-01
-5.7119345228e-01
-3.8704690521e-01
-1.1752771810e+00
-5.3212614764e-01
1.6960389712e+00
-4.2539484994e-01
