-1.1887440449e-01 2.6041395787e-02 -5.9078227510e-01 2.9907987086e-01 1.1848760840e-01 2.7126792688e-01 -8.2520588717e-02 -4.1912290249e-01 -3.0555988627e-01 3.5388087173e-01 8.5830835778e-02 -1.5174929480e-01 7.7181078453e-02 3.0624094207e-01 -2.3781064551e-01 -8.2639995978e-02
-1.4888587170e-01 4.9500165797e-01 1.0476895376e-01 3.9788033124e-01 -5.5717636260e-02 -1.4100461539e-01 2.2057788964e-01 1.3932690398e-01 -2.5071457881e-01 -8.2249662557e-02 3.7581327805e-01 -1.2240827387e-01 -1.2382016092e-01 -2.1776912952e-01 -1.5264801355e-01 6.8107001091e-03
-1.6031560142e-01 -2.8932279520e-01 -6.5705645882e-02 1.0378147102e-01 9.6526126923e-02 1.8907004732e-01 1.9647163242e-01 1.2833256995e-01 -1.1823770345e-01 -2.1613630137e-01 -1.1426856701e-01 -5.4370109508e-01 -3.0224633195e-01 5.0377361981e-01 9.3465147050e-02 1.0625140288e-01
-1.9086092074e-01 -1.3268742278e-01 -1.0942644861e-01 -3.4500712019e-01 -3.9929886079e-02 1.1585239490e-01 -3.3420101020e-01 -1.4218836989e-02 -2.3993654776e-01 -1.1335532311e-01 4.1146514629e-01 3.7166352672e-01 -1.3087865970e-01 1.2366594619e-01 1.1570517655e-01 1.7174408897e-02
-2.0934252602e-01 -3.7618940010e-01 1.3666280339e-01 8.3767144239e-02 3.3313252816e-01 9.0469787367e-02 6.5343132819e-02 5.9264885050e-01 -4.0498340840e-02 -1.5913118311e-01 2.3426253156e-01 -1.3788798382e-01 -3.9163111239e-01 -1.5835566791e-01 -3.3538018909e-01 -1.1911221564e-01
-9.0459384741e-02 1.4708049516e-01 1.9218892400e-01 -2.0824429187e-01 3.9741865174e-01 9.6375611186e-02 -2.7010430461e-03 -3.0837063074e-01 -3.5734392469e-01 1.4992270825e-01 1.1420496330e-01 -2.3538498143e-01 -1.5655898659e-01 8.0119532532e-02 -2.1205974610e-02 -1.7970682563e-02
1.3409591137e-01 2.1177456113e-01 -3.9236975637e-01 -4.4697948808e-01 2.2586670986e-01 -5.5800222866e-01 2.2576498237e-02 -4.5110787728e-01 -2.3459044622e-02 2.0334660249e-01 2.6846629169e-01 2.7673938714e-01 6.9106798091e-01 -8.3002148545e-02 -2.2955899330e-01 -7.2116838072e-02
-7.1143434000e-02 -2.6136514742e-01 1.4724038103e-01 8.1334847958e-02 2.7072921370e-01 -2.1578436280e-01 -7.5977492879e-02 -1.6214341785e-01 -7.2108575200e-02 4.2735638991e-01 2.6979798192e-01 3.0897169522e-02 -2.2922747704e-01 5.1017004207e-01 -1.5016580248e-03 1.4994772408e-01
1.4076086907e-01 1.2398606772e-01 -1.6431762182e-01 7.0146308996e-02 1.2776055654e-01 -1.6215476072e-01 3.6359395917e-02 -5.6988325026e-02 1.5662455278e-01 -3.6085315088e-01 1.1770124194e-01 -3.1247244418e-01 -2.9258590901e-01 1.0797717254e-01 3.4321886913e-01 1.2116386391e-01
7.8591411021e-02 3.0756810059e-02 5.2499988661e-02 -1.7686117362e-01 3.0005239234e-01 -3.8168860700e-02 -1.2715324432e-01 3.5102330360e-01 -1.6212132656e-01 1.9199941007e-01 -6.0665926783e-02 2.1933123802e-01 5.4358086089e-02 3.6830033165e-01 5.3724476289e-01 9.1919892863e-02
5.0382919492e-01 6.0106698584e-01 -4.4048955808e-01 -2.5341364631e-01 1.8249297653e-01 2.8222436528e-02 -5.8270167318e-01 -3.4374595478e-01 -1.7976832634e-01 2.2410656994e-01 1.0198725379e-01 4.9442242091e-01 2.6275697896e-01 1.4050233074e-01 1.2478095466e-01 1.4382013410e-02
-1.9177220117e-01 -3.3119359199e-01 -1.0863290529e-01 -1.7025713134e-01 2.1489298209e-01 1.7882764458e-01 1.6064547957e-01 2.1830733398e-01 1.6776710253e-01 -2.9040286859e-02 1.2203299232e-01 -7.1630700134e-02 -1.3174017357e-01 3.5777035276e-01 1.3602240857e-01 1.3445465678e-03
1.3749338783e-01 -1.0253404590e-01 1.7628238961e-01 2.9569142569e-01 3.4455837038e-01 4.1717049017e-01 9.5298371258e-02 -4.4713558003e-01 1.8838598014e-01 8.0764338157e-02 5.7022052566e-02 1.5124322017e-01 -2.3036231318e-01 2.5264033917e-01 -1.6445802031e-01 4.7186423049e-02
1.3160041817e-01 -4.5804475278e-01 3.0611805123e-01 -5.2564008731e-02 -2.7595229171e-01 -4.8216976974e-01 -1.1054556333e-01 5.3901169970e-01 -1.0395774207e-01 -1.1762342826e-01 -2.2814107818e-02 2.0769156209e-01 1.0403968698e-01 3.5340220703e-02 1.2938828247e-01 3.8488965206e-02
-6.5236415513e-02 2.0183656123e-01 1.6926068420e-01 3.0220411627e-01 -1.2318478028e-01 2.0220617710e-01 -1.2794147060e-01 6.0391822122e-02 -5.0888519939e-01 -7.1477820527e-01 -2.1725518126e-01 -5.1317332109e-02 -3.7116516518e-01 5.6020848431e-03 -5.7891729513e-02 2.1912157391e-01
1.0721069514e-01 1.7651633790e-01 5.9240385797e-02 -3.2586918812e-01 1.9251617075e-01 1.0922259489e-01 2.3157953993e-01 -1.7073678517e-01 1.4880318711e-01 -3.8576999288e-01 2.8420806298e-02 -2.2420688761e-02 -3.5004944829e-01 1.3811645258e-01 -1.6519677557e-01 -5.0998592609e-01
