-2.0534657776e-01 3.8807345976e-01 -3.3226421513e-01 -1.7847307436e-01 2.3883929272e-01 1.3104248316e-01 -1.0865923406e-01 -1.6351239550e-01 -6.9485330129e-02 -7.8603693065e-02 -3.3850595695e-01 1.7170992596e-01 -5.2634623013e-02 1.7078216735e-02 1.5244358922e-01 9.9310014222e-02 4.8238040930e-02 4.4029258270e-02 -6.6390292955e-02 -8.7047769682e-02 1.4769241103e-02 1.3746779456e-01 2.1647642078e-02 -4.3328973561e-02 -8.1965124526e-02 9.5492394069e-02 -4.1725136976e-01 8.3302958180e-03 -4.3920606089e-02 -3.8386061862e-02 9.0289416380e-02 -6.3409802965e-05
-1.5334321340e-01 -6.1189700037e-02 7.6243265711e-02 3.2925881300e-01 -3.7794058875e-02 3.5956168993e-03 -2.2441889372e-01 4.0964094068e-01 -7.0582867559e-02 1.5112988998e-02 -6.2916986809e-02 -1.5854110356e-01 -9.5578504117e-02 -2.3753935261e-01 2.1042680094e-01 7.7471666438e-02 -2.8966559540e-01 7.5028332079e-02 -1.1536868695e-01 4.1081420692e-01 2.3860483985e-02 5.2085245298e-01 1.7485091193e-01 -3.0544640601e-01 2.3381943252e-01 -4.4787637317e-01 -1.7166309543e-01 -2.8059895358e-01 8.7237986166e-02 -2.8112906469e-01 -1.7956939121e-01 -4.3829928376e-02
1.0631571541e-01 1.9258054978e-01 2.5942170639e-01 1.3914665604e-01 2.2224098647e-01 3.0543589163e-01 -1.5560119940e-01 -2.4415844906e-01 -3.3708017326e-01 -2.1806546239e-01 6.8611331593e-02 4.3099472892e-02 -1.8333114816e-01 -7.0355476664e-03 7.5747444718e-02 1.3026336048e-02 1.2523054501e-01 9.1950295683e-02 1.5516424441e-02 -6.5565238967e-02 1.8318890023e-01 4.2410083277e-02 -1.0974644803e-01 -3.5562476468e-01 1.5927829496e-01 1.0908104083e-01 3.9481460406e-01 2.6995123203e-02 -9.8877075570e-02 -4.1403201423e-03 2.7484927639e-01 2.6212766540e-01
4.7915081655e-02 2.1230569489e-01 3.2022601526e-01 1.3626347380e-01 -1.5451057128e-01 -2.0425263130e-01 1.8461818459e-01 -6.5645610137e-02 1.4774570913e-01 -1.3265653048e-01 9.8444634805e-02 -1.8836181775e-01 -1.3674979703e-01 -1.2338551928e-02 2.2383468065e-01 6.2735063766e-02 6.8625416414e-02 8.1653525418e-02 1.6753099556e-01 -8.6477835310e-02 6.5773528057e-02 2.4394683331e-01 1.5671792219e-01 -1.1973062477e-01 -1.6198637343e-01 2.8718358602e-01 -5.3979346901e-02 3.4643555400e-02 3.7313344183e-01 -1.4818913541e-03 1.0759619277e-01 4.0293195329e-02
-1.4541898822e-01 1.3277781464e-02 1.9379348970e-01 8.3870630264e-02 6.6972976882e-02 6.3403092470e-02 -2.6968287195e-01 2.0407351922e-01 3.2678473145e-02 1.0598774145e-01 2.5901288187e-01 -2.3317605988e-01 -1.1082234214e-01 -5.6718358255e-02 -1.2135805420e-01 2.6943014620e-01 -1.4854096542e-01 -4.7118661479e-02 -1.0623782536e-01 -1.1979651159e-01 -3.4331080603e-02 -2.3936475613e-02 -3.1733788057e-01 9.7330149402e-02 3.3900078255e-02 1.6093065908e-01 -4.5863756488e-02 1.9755548188e-01 -3.6346372212e-02 -1.3003760679e-01 9.4901753248e-02 -4.1987906433e-02
3.7809085157e-01 3.3215030873e-01 -2.8494203989e-02 2.8697928282e-01 2.3459453922e-02 2.5402365760e-01 -5.5109705662e-02 -1.7823180244e-01 2.9400228399e-02 -9.0201309339e-02 5.5789173382e-02 1.8563631919e-01 5.5425053855e-02 -3.3106590182e-01 1.0261299770e-01 -2.2437792066e-01 9.7660956675e-02 1.7876342184e-01 -2.6640394470e-02 2.2853808673e-01 1.3120509121e-01 -6.2077996082e-02 -1.0238584845e-01 -1.6044446360e-01 4.8743455661e-02 8.0034719507e-02 -2.3986652402e-01 -1.4990664908e-02 -2.1964266161e-02 2.3149199445e-01 1.8784878481e-01 2.3018144612e-01
-3.5726360915e-02 -4.2841496747e-02 4.4176879297e-02 1.4820242488e-02 -1.7987097489e-01 1.0895731985e-01 2.0820389679e-01 -1.8987550431e-01 8.3272453540e-04 -2.1769807906e-01 -1.3740953886e-01 1.2076309890e-01 2.2571811647e-03 -1.5139728261e-01 7.0818747203e-02 -8.4700148459e-02 2.3553174641e-02 2.0187352610e-02 5.9788844086e-02 -3.3016492435e-01 -3.5680673157e-01 -2.3304296397e-02 -1.5303204254e-01 5.6315204138e-03 -4.6345991340e-02 5.1110897677e-02 -1.5077947033e-01 -2.4597609202e-01 -5.7837837213e-03 -7.3424188984e-02 -1.5114988009e-01 -1.6324012462e-01
-1.7193762091e-01 -2.0901862815e-01 2.4762773162e-01 3.1576092884e-01 -6.1074935837e-02 -1.8287691256e-01 -1.0965000429e-01 -4.1854883809e-01 1.3089783258e-01 -1.8849806297e-01 1.2463877438e-01 1.5748582673e-01 2.4497095989e-02 3.3455725732e-02 -1.6359635545e-01 5.7499851012e-02 6.9702470443e-02 2.6443735349e-01 1.4016557008e-01 2.6695679557e-01 -6.6315693776e-02 2.7540888018e-01 -1.2242202342e-01 1.4466271656e-01 -4.8342672652e-01 -1.4226427971e-01 -1.9661613922e-02 -3.7755409840e-02 2.5557297859e-02 -8.5088949655e-02 -1.2325160392e-01 -1.7460228585e-01
1.6640232851e-01 5.8788881651e-02 8.6408515691e-02 -2.1133055693e-01 -3.4609477932e-02 -1.9732202780e-02 -6.4539531434e-03 -2.0460380982e-01 -1.2010703347e-01 1.4879795382e-01 2.9384808116e-01 7.2717591862e-02 -4.3361537236e-01 2.5345411563e-03 -2.0595703881e-02 -1.2284034076e-01 -1.7294896215e-01 4.4745001404e-02 1.4575910622e-01 2.7376070284e-01 -2.6194410814e-01 -1.3565651241e-01 1.7756292967e-03 2.1651097953e-01 2.2133038945e-02 -1.2100499521e-02 2.0171789308e-02 -1.4848777718e-01 -5.0278792407e-02 1.3774034121e-01 -6.4666356179e-02 1.2644042416e-01
6.0433688269e-02 1.4571160641e-01 -1.7601786369e-02 3.6289215674e-02 1.4417351006e-01 7.9149309693e-02 -1.5173467911e-01 1.6777569457e-01 2.4059530898e-01 -1.0821518949e-01 -2.9206440017e-02 -1.0876814189e-01 -2.8920504820e-01 2.4515144314e-01 -1.3080965963e-02 8.6873444078e-02 -8.3035894070e-02 -2.9768128973e-01 2.2902873249e-01 1.0790697405e-01 -1.0397498649e-03 -1.5513082470e-01 -1.5999236761e-02 -6.1895592754e-02 -7.2063255704e-02 -9.9675457010e-02 -2.5505470122e-01 1.5353183587e-02 -2.6142882486e-01 5.5184835470e-02 2.1070408055e-02 5.5170756359e-02
1.9556201156e-01 -1.8937829200e-01 -8.1731747289e-02 4.5285879316e-02 8.0133333044e-02 -2.7435783468e-02 -1.3155574556e-01 -1.2938736723e-01 -2.2137457875e-01 1.9047471956e-01 1.8749933569e-01 1.5678456648e-01 -2.1332684167e-02 9.4674092958e-02 8.8336930662e-02 -2.5637323996e-01 -2.1048163599e-01 -2.8914129634e-01 4.7990352897e-02 7.2566696939e-02 -1.8385020915e-01 -3.5174034837e-02 5.2386066632e-02 -2.9027910828e-02 -1.7891938965e-01 2.1927082699e-01 -1.5785185914e-01 2.1456187706e-01 -8.5921932686e-02 -1.4938209024e-01 -4.3772106824e-02 2.2400592184e-01
2.1065272231e-02 -1.5841846017e-01 2.0123292893e-01 -9.0346295803e-02 2.8860440424e-01 1.8162291852e-02 2.5306589835e-01 -3.1476640795e-01 -2.4928514478e-01 6.5558085890e-02 2.0974083185e-02 -2.7682352701e-01 -1.4249099404e-01 1.6791978158e-01 -1.6691261983e-01 -1.1349665173e-01 -1.9990776896e-01 -7.7973294330e-02 2.1533545886e-01 4.4744082340e-03 -6.2808321227e-02 -2.6882091442e-01 2.8185339963e-02 1.1292001100e-02 3.0906715912e-01 -5.0012757988e-02 3.7997610462e-02 1.9867302865e-01 1.9529087851e-01 3.2523941834e-02 1.1922806367e-01 4.3413967593e-01
-2.2318764222e-01 -1.8301397785e-01 -9.9956465956e-02 -9.1655797490e-02 9.9941246991e-02 -6.5004690141e-02 -5.3356841607e-02 1.7312464522e-01 1.6239493559e-01 -1.2729031947e-01 -2.1198723872e-03 -9.4071153396e-02 -2.5956963723e-01 -3.0943783279e-01 8.3533544397e-02 -2.0831573008e-02 1.3881876207e-01 5.9154570401e-02 -2.3928105591e-01 -7.4775681893e-02 -1.3715230664e-01 -3.2203941136e-03 -4.4495487216e-02 2.6808881689e-01 2.1802076350e-01 -3.2254802075e-01 -1.5921925495e-01 -2.3007143957e-01 -7.8452818589e-02 1.7753610394e-01 2.0745193537e-01 7.0838619715e-02
2.0487809552e-01 -2.4212839925e-01 1.3066798407e-01 1.1855083034e-02 -3.4334354954e-01 -2.2897186192e-01 -9.3047034464e-02 6.1628768228e-02 3.0464055911e-02 -1.3972202797e-01 -2.9827594046e-01 4.3097163425e-01 8.3600503900e-02 8.3258783328e-03 2.7718311300e-01 3.5399279068e-01 2.1022239138e-02 -2.7392300127e-01 5.0510028552e-02 1.6306056102e-01 1.8840997624e-01 -1.3072589316e-01 -1.4195554654e-01 -2.1909203585e-01 5.5297135862e-03 3.4675244247e-01 3.3069058930e-02 2.3730176963e-01 1.8916670281e-01 -1.4457819164e-01 -8.1467649501e-02 -1.8821820610e-01
-1.0192160857e-01 1.9496373094e-02 1.0906017120e-01 -1.5537037872e-01 -7.4461618883e-02 -2.3657766804e-01 -4.5170058143e-01 4.1088076053e-02 2.8734830628e-02 -1.4088038155e-01 -4.5354001100e-01 -7.0133314313e-02 6.4538417183e-02 -6.0780112093e-02 2.5695108135e-01 3.0918992265e-02 -7.0572132494e-02 1.7106457824e-02 -2.4632270500e-02 7.5460397798e-02 1.3449382990e-01 -8.2510463401e-02 -1.2771101974e-01 1.1957104915e-01 1.3097851785e-01 -6.2245166770e-02 -8.1946724820e-02 -6.5235007328e-02 2.7981577753e-01 7.7655568674e-02 -1.6850343545e-01 1.7335436151e-01
1.9137853631e-02 -1.8545734829e-01 -1.6080806703e-01 -1.5438827288e-01 8.1173230293e-02 -9.7859891606e-02 -7.6911359062e-02 1.1468513752e-01 -4.3064568442e-02 2.3148459414e-01 1.2064757471e-01 4.9613581338e-02 3.8822188208e-01 6.7419843272e-02 -4.8974357024e-01 9.5706654189e-02 1.5587443246e-01 1.9222443818e-01 -1.7052949914e-01 2.0612625721e-01 -1.2804071383e-01 -8.6421355010e-02 -7.1682913586e-02 1.8746459628e-01 -1.7327459619e-01 -2.1786828635e-02 3.4722901849e-02 2.5799679917e-01 2.6138133248e-02 -1.7938893016e-01 2.2366778611e-02 1.7457214003e-01
-7.7899650395e-03 7.1594461902e-02 6.8384168408e-02 4.8835068127e-02 2.0895787579e-02 1.8130862499e-01 1.2346041929e-01 7.8381229157e-02 1.3149154141e-01 -2.5058559088e-01 -2.5699401162e-01 1.3848538576e-01 -7.4068495271e-02 -8.3941307245e-02 1.6723942080e-01 2.2548210957e-01 -2.0561876076e-01 -6.1187879649e-02 -1.7251020752e-01 -4.0388899990e-02 1.3255388266e-01 -5.2507927090e-02 -2.6396801456e-01 1.0906022671e-01 1.8184489735e-01 -2.0236685439e-02 1.8619628883e-01 8.6832332106e-02 2.2248550207e-02 -4.5116189373e-03 -3.3466477869e-01 -2.6762800679e-01
9.2585618393e-02 3.4152827561e-01 3.6476661225e-01 7.1773443731e-02 -5.6381157499e-02 -3.1110533454e-03 2.2325521350e-01 1.4658956934e-01 8.3621078235e-02 2.2171196194e-01 -1.6146998997e-01 -1.7419985980e-01 8.4736534708e-02 -3.2592307070e-02 1.1392634403e-01 3.4827140906e-03 -9.0543632068e-02 -4.4283460132e-02 9.4605252495e-02 1.5235792930e-01 -2.3219969310e-02 2.4992393424e-01 -5.0479558349e-03 2.3489239275e-01 -2.0385900711e-01 7.1749593188e-02 3.4050558105e-01 3.6245060181e-01 9.5895988117e-02 -3.6314925268e-01 2.3714285034e-01 1.4947811599e-01
4.7727427845e-02 -1.0604033470e-01 1.2150847535e-01 -2.1240931215e-01 1.1510863591e-01 4.2570726274e-02 -1.3633777951e-01 6.8211442376e-02 -2.4733490666e-01 1.6175041919e-01 2.0598398884e-01 4.2991565253e-02 2.4351925610e-01 1.5981894168e-01 -1.0492125050e-01 -1.2746375287e-01 -2.8154254581e-01 9.2699468133e-02 -3.8367240342e-02 5.4800108481e-03 -3.4077600586e-01 1.1439528588e-01 -4.7106200439e-02 8.4315248725e-02 -9.3254483486e-02 1.3418326646e-01 -1.3336685482e-01 -2.0813134388e-01 -1.8401310941e-01 -7.5570477246e-02 2.1855204159e-01 2.5148005525e-01
2.2167593095e-01 -4.9344638326e-02 1.8183522895e-01 -3.4382661487e-02 -1.7368332420e-01 2.9285039364e-01 3.9815554659e-02 1.0568809278e-01 5.2897763433e-02 -2.2035900058e-02 -1.3569284527e-02 -4.4127700916e-02 -2.8100156661e-01 -2.9674926659e-02 -3.2124276177e-02 9.0080696794e-02 1.3703002361e-01 6.6886588502e-02 2.3864345098e-01 8.3687434613e-02 1.4508599750e-02 4.5543088589e-02 2.2511811810e-02 -7.9914648434e-02 -3.5734819744e-02 -4.1420508091e-02 2.8403672390e-01 -1.8544624740e-01 1.1469433226e-01 -1.1069387900e-01 -2.3120547531e-01 -2.9345833048e-02
-7.2043006749e-02 -1.7414042080e-01 8.0041360600e-02 -1.2731720621e-01 -1.0946619806e-01 8.0134111837e-02 1.6806252374e-01 1.6279463761e-01 -3.6962534292e-02 2.8824389870e-01 2.2741569693e-01 -1.4828709970e-02 -5.3028499963e-02 -3.8459679088e-01 1.9272440516e-01 1.2075539355e-01 1.3224773907e-02 6.2956715553e-03 -5.4391940670e-02 1.0272336143e-01 3.1974191682e-02 -3.3979748057e-01 -4.7078458903e-02 -9.8644997848e-02 4.4433039295e-02 1.1842477498e-01 -1.7582145564e-01 -1.9461155052e-01 1.9000586536e-01 -8.9134923364e-02 -4.8520727274e-02 1.0258791025e-01
3.0459200442e-02 2.4913788128e-02 -2.6406345583e-01 -5.8016346994e-02 -1.1513734005e-01 2.5999512049e-02 9.3453314822e-02 -5.7719277287e-02 6.6642257595e-02 5.3120207596e-02 1.3207474803e-01 1.8521641852e-02 2.1528285437e-03 1.3947908474e-01 -2.4606765932e-02 2.4845723852e-01 2.2174748318e-01 -1.6559924103e-01 -8.1738088558e-02 -1.0837285955e-01 7.0420985392e-02 2.0116477023e-01 -7.7884620116e-02 -1.8772134041e-01 8.5743626477e-02 -5.1792900287e-02 -6.3850593910e-02 2.7019971450e-01 -3.8419845632e-02 1.6659675953e-01 6.0387506285e-02 -3.1212677669e-02
3.5690524792e-01 5.1340926802e-02 2.9613401669e-01 6.6332508153e-02 1.1706331300e-01 -1.4135119596e-01 -1.2349184574e-01 -1.4904363388e-01 2.4115844064e-01 -2.6106358710e-01 2.4421275152e-01 1.1779467391e-02 1.6638079382e-01 2.4669014856e-01 -8.0389153128e-02 -5.7077424546e-02 5.8258213230e-02 4.5513781516e-04 8.7253541013e-02 4.4168979044e-01 -2.4693252363e-01 2.0322646549e-01 -8.8074512805e-02 -2.7743811343e-02 1.7168268240e-01 -1.3375923309e-01 -8.9233624888e-02 3.3177524819e-02 1.7007335751e-02 3.4310477385e-01 1.2756243407e-01 2.6313039295e-01
2.1024396616e-02 1.1452198516e-02 4.1865990142e-01 -1.6483293011e-01 1.1984922150e-01 3.0334402933e-01 -2.6865017204e-01 2.0932558103e-01 -1.5166271752e-01 -3.5223438444e-02 -1.3633897037e-01 -5.2159100535e-03 4.3230766275e-01 -1.8168578904e-01 1.0428886445e-01 -1.0980367766e-01 -1.1095685663e-01 7.0953785080e-02 3.1311460991e-01 3.2616747761e-02 -3.0016222754e-01 -9.5383816198e-02 -3.5238391165e-02 -6.8192525057e-02 -2.5092964360e-02 -2.4698636595e-01 -2.3761483232e-01 -5.9881674251e-02 -3.8024958671e-01 -2.9500393895e-02 1.3216863070e-01 -2.1540109639e-01
8.9875407659e-02 -2.2922543543e-01 3.6737818542e-01 1.3603690320e-01 1.6019176015e-01 -1.6816104405e-01 -9.9370939891e-03 1.0675748900e-01 -6.4823277926e-02 6.2536603685e-02 -1.8976800475e-01 -1.0611640250e-01 -2.2719613184e-01 -2.1530255885e-01 -8.7971381425e-02 3.9301206080e-01 -3.2178029686e-01 2.0649076766e-01 2.9780496695e-01 2.3581837558e-02 1.1663546004e-01 -1.9100466082e-01 1.6708223668e-01 -4.7560700535e-02 -4.9358370508e-02 7.4632288087e-02 1.6173427701e-03 8.5632204845e-02 -1.9613711156e-01 -3.3623056835e-02 -7.1375173061e-03 -2.1029035443e-02
-6.4455157319e-02 -1.4178254536e-02 2.1512530775e-01 1.4564185517e-01 6.7838537943e-02 1.8808787857e-01 -2.3705561427e-01 7.3023763549e-03 4.1007224344e-01 4.5426155179e-01 2.7855409997e-02 3.6334076079e-02 -1.0756071482e-01 2.4410256150e-01 1.4571170516e-01 1.2821181553e-01 -3.7906173254e-02 -6.7983039661e-02 -1.6852025362e-01 -1.5012337931e-01 6.6881767068e-02 -2.1343610566e-01 -1.6786217412e-01 -1.3436073005e-01 -7.6163066334e-02 3.1101537210e-02 2.1187042078e-01 -1.9386719572e-01 -1.1400097627e-01 9.1167202299e-03 -3.2043567350e-01 2.4113821044e-01
6.9137633508e-02 -1.3000895259e-01 -2.1310045316e-01 1.1761477488e-01 1.3439536124e-01 -6.4200276637e-02 -1.7173924904e-01 -2.7802616758e-01 3.7744085375e-02 1.5253189982e-01 -8.2688043802e-02 -9.7509653302e-02 1.4343719596e-01 1.3432426781e-02 -5.6132799955e-02 -1.5264320972e-01 -1.7601097851e-01 1.1707809636e-01 -5.4163011551e-04 2.5257843080e-01 5.0643881983e-03 -7.3638426431e-02 3.4292177876e-02 1.0356027118e-01 1.2498921153e-01 -1.1671619681e-01 1.5826614163e-01 7.6122063133e-02 -1.6600884752e-01 -1.8928539949e-01 -5.9369722105e-02 -4.2882101125e-01
-8.1794217189e-02 1.8132596591e-02 -1.5443118923e-01 -2.1017254300e-01 -9.9463414338e-02 -2.8967621080e-01 2.5848810596e-02 -3.2861113290e-01 1.5129266478e-01 2.8772375484e-01 2.4920978744e-01 6.1992243757e-02 -3.9903530501e-01 5.7547945785e-03 -1.5409477007e-01 1.0071919382e-01 -2.9857867240e-01 4.8200944854e-02 4.0824778105e-02 2.6468086834e-01 9.9820159213e-02 1.1977164908e-02 1.4191255268e-01 -5.6754241287e-02 -1.6233573441e-01 5.7036145169e-02 1.3125085655e-01 -1.0151884728e-01 -9.9206908500e-02 -1.4937760375e-01 1.8258206389e-02 9.8227492652e-02
-3.6950678148e-02 1.5962437836e-01 1.8337911095e-01 1.2849883611e-01 -4.0211063476e-02 1.4756297482e-01 -7.9733739285e-02 7.5047220843e-03 2.2941516824e-01 -1.8112683041e-02 -3.2025069900e-02 -1.7094419600e-02 -1.4731813694e-02 8.3052947799e-02 3.0270973487e-01 -1.6633280126e-01 1.1038562498e-01 6.6121784671e-02 2.3728033510e-01 1.5320241506e-01 -8.9755430375e-03 2.3423726910e-01 -9.0944590233e-02 -1.2789238070e-01 -1.3969111474e-01 8.6691479046e-02 -2.1019312710e-01 -3.8928874955e-01 -2.7842063076e-01 -1.0264644284e-01 -2.0491221060e-01 -1.5178382684e-01
1.8646290469e-01 -9.4413055123e-03 1.3511329796e-01 -2.3003750940e-02 -1.1167189875e-01 -3.1351349726e-01 -2.1256040084e-01 1.6212821822e-01 -1.5389883687e-02 -3.5715891543e-01 -2.8503939471e-02 4.9457301997e-02 9.9875662447e-02 3.3046659509e-01 -1.1300247355e-01 2.7854574369e-01 -2.6995150150e-01 -1.5649866833e-01 -1.5961020159e-01 -1.2017134907e-01 -2.6430177500e-01 -7.4513048647e-02 1.9079319204e-01 -4.0837134255e-03 -4.1748965440e-02 1.1765967891e-02 -9.4199049898e-02 1.4496128901e-01 -1.5434760232e-01 5.5051246171e-02 -3.1464210014e-01 3.3305355227e-01
-2.0235158386e-01 1.6093553437e-01 5.0047763905e-02 -1.2650748864e-01 2.6953803265e-01 1.1844057235e-01 3.0683472019e-01 9.7332745566e-02 -1.0449224922e-01 -2.9287698964e-01 -4.0404270867e-02 -2.7025770169e-01 -3.8346523576e-02 -6.8986265773e-03 -5.8652908646e-02 5.3652831383e-02 1.2796778240e-02 -2.2233060820e-01 -5.8279715460e-02 9.3212873083e-02 4.9222338641e-02 -1.5904975745e-01 -3.8952350543e-01 1.0464802872e-01 1.3205871967e-01 2.6528565157e-04 -1.9258744963e-02 3.9378916674e-01 3.1752012612e-01 -5.4894338502e-02 1.3765281185e-01 -4.6194325132e-02
2.6504454912e-01 -1.3428295604e-01 -1.9892744301e-01 -1.3003430858e-01 -2.6682286071e-01 2.9877810481e-01 3.5060869131e-02 -2.6237726859e-01 -2.5071539890e-01 -7.1517229742e-02 6.8340715504e-02 -1.0299324813e-01 1.6956902393e-01 -8.4943679261e-02 2.8085619342e-01 1.7098423856e-01 1.7021457431e-01 -1.2668286365e-01 1.6100450690e-01 3.2735066920e-01 1.5618046017e-01 1.2113769115e-01 1.1194276597e-01 7.4608544994e-02 4.2834570767e-01 -1.1096294376e-01 -7.1801912892e-02 1.9896833642e-01 4.7635081558e-02 3.9657961747e-01 -6.1392886245e-02 -1.2769200878e-01
