-1.9649436002e-01 -2.0866781905e-01 -1.6187586723e-01 -1.6677432291e-01 4.2619008525e-01 -8.1278489217e-02 1.6413246483e-01 -1.4623223287e-01 1.5863168938e-01 -3.1155723354e-01 -5.9816822432e-02 -1.0468044998e-01 -1.9402495178e-01 1.7779840163e-01 -2.0668572168e-01 2.1225829931e-01 2.2237324531e-01 -1.2084264640e-01 2.4628105277e-01 -5.1363106934e-02 1.5912435381e-01 -4.9794399186e-02 -3.0327686524e-02 4.6483654974e-01
2.8952866900e-01 -1.5472856353e-01 9.2641914336e-02 5.9949680475e-03 5.4772626057e-02 -2.5167340452e-01 1.5455012337e-02 -1.8773540786e-01 1.8681856302e-02 5.0317596659e-02 -1.9157815424e-02 -2.1083168732e-02 -8.6117319091e-02 -1.2027872312e-01 -9.3952984720e-02 -2.2675309836e-01 -9.8808413544e-03 8.1815697708e-02 -6.6208171557e-02 2.9425437770e-01 -7.8821956134e-02 1.9593900992e-02 3.4198253107e-01 5.3253198009e-03
8.5650204388e-02 -1.1885932500e-01 -1.9215104714e-01 1.8855952499e-01 1.4168635597e-01 8.2372709021e-02 -3.1704890144e-01 2.2628189607e-01 -1.8372510570e-01 2.3759702815e-01 1.3960379190e-01 4.5308504143e-02 4.3532271880e-01 -1.3248558810e-01 5.1963050051e-02 -1.1752054319e-01 2.0524564788e-01 -2.1560228579e-01 -1.0823457147e-01 3.1633800574e-04 -3.6100096139e-02 4.0143925821e-01 2.1456695561e-04 -1.2768755607e-01
1.1079422030e-01 -1.5228400488e-01 1.0088052661e-01 -3.2796064376e-01 1.8061300032e-01 -2.6647255948e-02 2.1110114379e-01 4.3477378675e-02 -6.1528333174e-02 -2.0206167952e-02 -8.6951646006e-02 7.9519555970e-02 -8.9521936303e-02 5.6384756228e-02 4.1600434846e-02 2.7281187830e-01 -2.6587537335e-01 -1.8783044971e-01 2.3421685896e-01 3.1076853424e-01 -6.7770966718e-02 -9.5819690455e-02 2.1074678088e-01 -2.0248444402e-01
9.3473098154e-02 -2.3546676721e-01 1.4962397033e-01 2.3910763528e-01 4.9999645361e-01 -3.5979628502e-01 2.1426049360e-01 -2.2426075118e-01 -1.4725510294e-01 2.9624933444e-03 -1.3264960989e-01 4.7214765609e-01 -1.6617191039e-01 2.4412494952e-01 2.4920509998e-01 -3.3457753857e-01 3.7257824960e-01 8.4145022047e-02 2.7373861401e-01 1.4966511085e-01 1.7477559615e-02 -3.4819986523e-01 -3.4483720483e-01 4.0916109732e-02
1.5036013669e-01 5.1568492121e-02 -8.9824386323e-02 3.5000409927e-01 -4.7054538505e-01 1.4926721314e-01 4.8829966037e-01 -1.6884345379e-01 2.8372985458e-02 8.4703696469e-02 -5.6424290534e-02 4.7881235107e-01 -4.4182247584e-01 -2.8983148937e-01 -6.6134219490e-02 2.4382637722e-01 -3.7067806845e-02 3.2349888595e-02 2.6679654002e-01 3.6088488017e-02 -1.9166583567e-02 4.5476698754e-01 -2.3650998810e-01 -1.4106758665e-01
2.2275200733e-02 1.2710781343e-01 8.1214268760e-02 3.2385278983e-01 2.3732163316e-01 -1.7754237302e-01 1.7383475672e-01 1.5667411207e-01 2.1585201519e-02 -3.0385835417e-01 1.8696001032e-01 -4.1647076456e-02 2.4006207568e-01 -1.2933766492e-01 -2.4137762819e-01 5.1116759783e-03 1.4163679292e-01 -1.7762199376e-01 1.8463752600e-03 5.8573681279e-02 -2.4749027466e-01 -6.0663350335e-02 -3.4199756986e-01 -3.3057127252e-01
2.0649050941e-01 3.1862587234e-02 2.2100517567e-01 9.5053384091e-02 4.1243361160e-02 3.3584828991e-01 4.7710659861e-02 4.4105115439e-01 -7.1856212112e-02 -3.0212100696e-02 4.6297791508e-01 4.6017133380e-02 2.9188662145e-01 -5.6305952768e-02 1.0812598064e-01 1.7477126619e-01 5.2959876916e-02 -1.2282490505e-02 -7.0128105948e-01 7.5016921344e-02 2.4046089392e-01 1.0283282414e-01 -9.6033945341e-02 -1.8615991177e-01
-2.4732774896e-01 1.5770197085e-01 -7.8708580378e-02 5.0651220922e-01 -2.1025084986e-01 -1.9945930288e-01 1.1624376583e-01 -8.1377912795e-02 2.3424137078e-01 4.8964492496e-01 -1.1420263259e-01 3.2003270457e-01 1.9932409364e-01 -6.7832607300e-02 -1.1065634908e-02 5.8815249210e-01 -2.8974045042e-01 -4.4828946564e-01 4.2236915936e-02 1.1153035574e-02 -7.7935557464e-02 -2.2723307886e-02 9.6488306315e-02 -2.4954608503e-01
3.4012376661e-01 -2.6562841799e-01 -1.1005286814e-01 -3.2214742117e-02 -8.7371419171e-02 8.5036417645e-02 2.0364682008e-01 -2.4135875239e-01 -2.1386362192e-01 1.3811898662e-01 2.3017311272e-01 8.4420921280e-02 1.4194610417e-01 -1.5889522116e-01 4.1639629247e-01 5.5138270814e-02 -5.8972511790e-02 4.1386854136e-02 1.0552884471e-02 -2.6845356746e-01 -1.3880120620e-01 1.6289118050e-02 -8.8677133747e-02 -4.5022783233e-02
-1.5299857500e-01 -3.1432229785e-01 1.0399625264e-01 -1.4179539907e-01 -5.5448343287e-02 -2.7409707548e-01 -2.2860671004e-01 -1.5281056428e-01 -2.1528829624e-01 -1.3511213539e-01 -1.7300302975e-02 -2.5286006802e-01 -7.4320720759e-02 -2.1774565426e-01 1.1318636051e-01 -3.9204614585e-02 -3.9205344259e-01 4.0929568535e-01 2.5487957820e-01 1.2284280739e-01 -1.1823847925e-01 3.5053405221e-01 -3.1297029235e-01 2.8593944635e-01
2.4195887731e-02 -1.9102432902e-01 -1.0422415844e-01 -2.9835960435e-01 -1.1614790210e-01 -3.0315260445e-01 1.2803937950e-02 -4.2099970265e-01 1.8106333227e-01 2.3140783317e-01 1.8237549031e-01 -1.5944552491e-01 -9.7018829688e-02 3.1138251308e-03 -4.8228652777e-02 -1.8323909993e-01 -2.7317859914e-01 -2.3444318437e-01 -8.2336033249e-02 1.8563301975e-02 2.2867383940e-01 4.1977955523e-01 -3.5592241871e-01 1.1279893944e-01
2.3226514718e-02 -1.4304408507e-01 9.1882352592e-02 -4.6621869387e-02 -1.6551136398e-01 -1.2856669807e-01 8.0863871115e-02 1.3437903187e-03 -2.1991514128e-01 -1.4048382213e-01 -3.2912463228e-01 2.0775517281e-01 -1.0366478316e-02 -1.2894610222e-01 2.9642448675e-01 -1.2315123445e-02 1.2778698139e-01 -1.2255834336e-01 -1.2759420793e-02 1.1397322000e-01 -2.2282132374e-01 -4.8432557085e-01 -2.1114644916e-02 -5.6894192894e-02
-2.0813056716e-02 1.1410726637e-01 3.3800192943e-01 1.9972530448e-01 -1.6934947473e-01 -1.4240359205e-01 6.1743666979e-02 -2.0056296615e-01 1.8242905317e-01 -2.5121859717e-01 -3.1651760763e-01 2.5242972912e-01 -5.5325767339e-02 2.4399366899e-01 -8.3645336312e-02 9.1280050737e-03 3.3530684863e-01 1.0305998389e-01 -2.9507017074e-01 -3.6002148678e-01 2.0482052154e-01 -7.1997697010e-02 1.4676322650e-01 3.8111400540e-01
1.7567319039e-01 8.3476226955e-02 9.5929630307e-02 -7.6566053306e-02 5.2629998747e-02 -8.9787034432e-02 -1.7860951569e-01 -1.2325423809e-01 -3.0220520977e-01 1.6189199901e-01 1.9663564383e-01 -1.2853357620e-01 1.1073414233e-02 -9.0348383486e-02 -3.6663185892e-02 -1.2087819965e-01 5.5100464580e-02 -2.6226760983e-02 -3.9610928604e-01 3.3959029786e-02 1.7567625089e-01 7.5703603849e-02 -2.5139396002e-01 -1.9184359937e-01
-1.2029045102e-01 -2.2183087076e-01 -1.2049801946e-02 -1.9048364846e-01 2.8666060743e-01 5.2693019553e-02 1.2566029745e-01 2.5721812294e-01 1.2944333915e-01 7.1957352886e-02 2.0873917079e-01 1.8188956075e-01 -1.9079515910e-01 -6.1577538376e-02 4.7436353740e-02 2.8075144936e-02 -1.5178957491e-01 -2.4470821732e-01 5.1225483148e-02 1.9421794324e-02 2.3567634298e-02 -1.1462837178e-01 -3.3132052526e-01 2.1385645288e-01
2.1484683962e-01 1.2151471130e-01 -1.0860304668e-01 -1.3145268396e-01 2.5247403649e-01 3.7234714358e-03 -3.4024654970e-01 9.1301744389e-02 2.2436553143e-01 2.1985021087e-01 -3.6801469582e-01 -3.3736962223e-01 -1.4903064001e-01 -1.2868502027e-01 4.8788124078e-02 4.3896046610e-02 -3.3082252793e-01 -9.5439964180e-02 -1.7357839139e-01 -2.9075992677e-01 -1.5788253255e-01 -2.3419203342e-01 -6.2284898065e-02 -5.0770839048e-03
-2.6255473477e-02 -3.4430062950e-01 -3.0479545287e-01 -1.4741734609e-01 1.7452334692e-02 1.7627637299e-01 3.0156741254e-01 -6.7372585020e-02 1.9976007592e-01 -1.6747109906e-01 2.1110130489e-01 2.3920766068e-01 -7.4158443796e-02 7.5395259345e-02 -1.7372857271e-01 -1.3678455208e-01 -8.7142403651e-02 3.0650564435e-01 1.1382449027e-01 1.6777445550e-01 9.3286532841e-02 1.1802941179e-01 -1.3883923354e-01 -5.8705904168e-01
-5.7474607388e-02 -1.2448647645e-01 -1.7014387311e-01 4.3335597415e-01 4.3237342325e-02 1.5392342895e-01 8.5142650855e-02 -3.1637633894e-01 -1.1963695938e-01 2.0818147558e-01 -1.1389753063e-02 -1.1190796568e-01 -3.3036556404e-02 5.3548257430e-02 4.7110374900e-02 -3.4326176365e-01 -2.2148146109e-01 -3.4949189276e-01 -4.0179117733e-02 -2.1692369398e-01 -6.3091046917e-02 -8.9879874962e-02 -1.5925609086e-01 -1.8198535727e-03
-3.1331736177e-01 2.3452942437e-01 8.8548836533e-02 2.7155431755e-01 -1.3561296858e-01 4.3976987433e-02 2.8060833197e-01 -2.2934666729e-01 1.6339831303e-02 -2.7418325777e-02 2.7308811855e-02 -1.7710902121e-01 7.0159578038e-02 -2.1825452911e-01 -2.7805300798e-01 1.7943847056e-01 2.2422647982e-01 1.0074752113e-01 -7.3362437226e-02 -1.9448840429e-01 -4.2184442786e-02 5.1815389062e-02 -7.1390949080e-02 -3.3643318615e-01
-1.9630079877e-01 1.5757640561e-01 1.8863541788e-01 1.9413001167e-01 1.3726070616e-01 -2.1294519901e-01 3.5521167946e-02 2.2811941587e-01 1.5288815260e-01 -2.0272341146e-01 1.4508163517e-01 -4.5063382629e-02 -1.0996584050e-01 -8.2577493644e-02 2.6431347520e-01 1.7987947175e-01 3.8385008012e-01 -9.5626039196e-02 1.1826129812e-01 -1.2393394955e-01 -1.7156269093e-01 -6.6918966126e-03 1.0428297999e-02 -3.2450783923e-01
-2.9925779570e-01 3.8530642288e-01 -1.4820421536e-01 -4.5408243679e-02 -1.4704056346e-01 -1.0803859906e-01 -2.1553918778e-02 -3.3919907149e-01 3.8969958949e-02 1.2275960990e-01 2.0164513335e-01 4.2132591695e-01 3.1568870842e-01 -2.2497533501e-01 1.3811644575e-01 1.5844706336e-01 1.2846521991e-01 2.2778435980e-01 7.4757060807e-02 2.3765437725e-01 1.2980983167e-01 3.6265299595e-01 2.0718714301e-01 6.8264487616e-02
4.2228931654e-02 -2.8630645308e-01 -1.2021133134e-02 -1.0539430713e-01 -1.0132090134e-01 2.7704754842e-01 2.6247392264e-01 -4.1200832995e-01 2.1518044622e-01 3.3820806970e-01 -1.7796018208e-02 4.1371483699e-01 -8.7643196887e-02 -2.2926954315e-01 2.9066173556e-01 3.2876173692e-01 -2.1799574131e-01 -1.4628392894e-01 -1.0073504890e-01 3.1417437684e-01 2.8963227838e-01 1.9073529765e-01 -2.3267089760e-01 -2.1738354490e-02
-1.0405872118e-01 8.0478011706e-02 -1.6282144113e-01 4.8632608050e-02 -2.3676915797e-01 4.7558206562e-02 -8.3941793803e-02 -4.7282419444e-02 -6.9606499441e-02 -3.5339268662e-01 -7.3110734414e-02 -1.1549414567e-01 1.7221827890e-01 -5.5494408510e-01 1.1525284101e-01 1.1594565765e-01 -2.3081884462e-01 5.1698840425e-02 6.2366157184e-02 1.7470835331e-01 2.4993378686e-01 1.4234053661e-01 -4.4515736664e-03 -1.8080631231e-01
