-8.5300762678e-01
1.6577379034e+00
-9.5761837332e-01
-2.5223241670e-01
-2.5848152263e+00
2.4565631809e+00
-6.6664569214e-02
2.5573293307e-01
-3.9089181798e-01
1.3916948767e+00
-4.2839480834e-01
8.6918132538e-01
5.6864788986e-01
-5.7524465723e-01
-3.0083503460e-01
1.5678678497e+00
1.6794618340e+00
-1.4462896463e-01
3.6461027541e-01
-3.7648553821e-01
-1.1737493054e+00
-9.7045040790e-01
6.3032156499e-01
2.7254878699e-01
3.6070983705e-01
2.3076376917e-01
7.1632447813e-01
3.3912181142e-01
2.2442419747e-01
5.5386691641e-01
-6.7360115923e-01
-1.7565833073e+00
