-7.7093655586e-01
-8.7063317513e-01
-2.8723153550e-01
-9.3706343203e-01
-1.4760949783e+00
6.5556534294e-01
4.9054368897e-01
-4.4337279128e-01
1.8530629503e-02
2.4689489576e-01
-2.5234333680e-02
2.4995965733e-01
-8.9538266707e-01
-4.0051839689e-01
-3.9686802056e-01
7.4952267035e-01
-9.1377483918e-01
1.5788904950e+00
-5.1055076139e-01
-6.4362551314e-01
3.9770346592e-01
2.8938901234e-01
-8.1376589533e-01
1.1626721454e+00
1.4974341274e+00
-6.8518686226e-01
1.1929731341e+00
-1.2066782698e+00
2.0491649860e+00
7.9546863544e-01
7.1524216578e-01
1.4649075716e+00
