-1.9460150107e-01 -1.5188270360e-01 -2.3091482921e-03 -8.5039018038e-02 -2.0784921481e-01 6.2462010550e-02 -3.1373864981e-02 -1.1337386156e-01 -1.0697053749e-01 -1.4501962329e-01 3.8992977591e-02 7.5135446632e-02 1.0438015833e-01 3.8011199312e-02 5.8279296959e-02 3.1117425022e-01 8.8762248669e-02 -3.1663111340e-01 4.2177055345e-02 2.0605936295e-02 -8.6374857633e-02 -5.1663782929e-01 6.5476243369e-02 5.3733111687e-03 1.4734917906e-02 -3.0810939865e-02 -6.6951062811e-02 9.2263214767e-02 1.4694764175e-01 2.6374866270e-02 6.6589917469e-02 -1.9945120342e-01
-2.2762673315e-01 9.7186195912e-02 1.8496499474e-01 -5.5406410923e-02 -2.8517080810e-02 4.0069166320e-01 -7.9664201343e-02 2.6425922558e-01 -1.1102919136e-02 1.9400861421e-01 -1.8027137685e-01 -1.0372203123e-01 8.9711332521e-03 2.3169944446e-01 4.3391315354e-02 1.0628779704e-01 -1.6264277449e-01 2.3830381747e-01 7.1908575674e-02 -1.6312890453e-01 -5.9386048790e-02 9.7474380603e-02 9.6777769434e-02 -3.6349139536e-01 2.9064817839e-01 -1.5609322038e-01 2.7332710769e-01 -1.4764537203e-01 9.6892110570e-03 -3.2861264701e-02 1.9709789688e-01 -5.1159513837e-01
1.1042053170e-01 8.5250549805e-03 8.8506917850e-02 2.7805184716e-01 1.6511060789e-01 4.8303154850e-02 -1.0359656693e-01 3.0770625342e-01 1.2094992662e-01 1.8692539617e-01 -5.7335492121e-02 -1.8291283841e-01 -1.3395793491e-01 3.1013185943e-01 -7.5521090883e-02 -1.3502513920e-01 -3.3974439175e-01 -1.1896060826e-01 1.8889432695e-02 4.4991110196e-02 -1.6228680590e-01 1.2629211011e-01 -1.9845486914e-01 4.7439255831e-02 -7.7925218096e-02 -4.9411663567e-03 -3.8636621283e-02 2.7951673280e-01 1.8512237881e-01 -6.5416801656e-02 -1.3191081250e-03 1.4565741129e-01
-3.1301323314e-01 -4.9571647337e-02 1.8850984202e-01 5.8023100136e-02 3.1132497832e-02 -9.0537956536e-02 1.4068190526e-01 2.6451653627e-01 6.2378336850e-03 1.5442712540e-02 2.2279662098e-01 1.3228763916e-01 -2.6838004048e-02 1.5608298761e-01 7.9911512918e-02 1.9284513203e-01 -3.8704318899e-01 -1.3091512730e-01 1.7678762850e-01 -1.8955009554e-02 -1.1677027333e-01 1.7778041299e-01 5.3714035855e-02 -1.5479269283e-03 5.6178878336e-03 -1.2291652496e-01 1.7437361475e-01 2.6856840304e-01 -2.3492407718e-02 -3.7079946483e-02 -3.7404085320e-02 -4.0419146653e-01
-7.2967333322e-02 -2.7563073123e-02 1.1496506438e-01 -4.1223283070e-02 3.4685611975e-01 -1.6733310495e-02 -1.2086064293e-01 -3.0775935464e-02 -5.2784010979e-02 1.9448219033e-01 -5.5814481116e-02 1.3602552820e-01 -2.9784776246e-02 6.4180653771e-02 -2.5618718217e-01 1.2462163938e-01 1.9153648736e-02 1.3750905641e-01 1.2964330394e-01 2.5929098567e-01 1.9050178782e-01 2.5239372834e-01 2.5337946834e-01 5.0676360013e-02 1.0399394848e-01 9.3597191320e-02 3.8321270983e-01 1.2965418925e-01 -9.9311732965e-02 -2.9049053513e-01 2.0327973805e-01 -6.6861231709e-02
-7.5915214252e-02 1.9140897927e-01 -2.4449931424e-01 -6.5681790562e-02 3.6944882658e-02 -1.5213249647e-01 -9.3956221651e-02 1.1272239469e-02 2.4438596556e-01 -3.8834882626e-02 5.9652176430e-02 -1.2004397065e-01 -1.4687004393e-01 -5.1554291094e-02 -1.0004334936e-02 -7.6861289985e-02 3.6353057539e-03 1.0249431463e-01 4.5466983821e-02 1.3409171738e-01 6.2113178231e-05 -1.5351290158e-01 -4.0278160489e-02 -3.7639412143e-01 9.4772368652e-02 -5.1326501247e-02 1.5118085339e-01 -8.3193492724e-02 -2.2779297054e-02 6.9821437497e-03 -4.9576336040e-02 3.9201288335e-01
-5.2518575103e-02 5.9957573692e-02 -2.1791196770e-01 2.7164830884e-01 4.6851656563e-03 2.6138079722e-02 1.7355278730e-01 2.3075078256e-02 -6.9014166628e-02 3.8026581000e-01 8.1724304910e-02 5.0368083971e-01 -1.1451375207e-02 6.1400848661e-03 -3.4361446560e-01 -5.6006873912e-02 1.4067908129e-01 -1.8260872454e-01 1.2050955137e-01 8.1906416331e-02 1.0034210098e-01 -1.3350626740e-01 -8.2837081103e-02 -7.8548277142e-02 6.0566487722e-02 2.0195686303e-01 2.9800523091e-01 7.3688685797e-02 6.2720422514e-02 -2.7539110038e-02 1.8248549501e-01 7.7838097527e-02
1.0409328702e-01 -9.3426704645e-02 -1.6880430403e-01 2.0123467348e-01 -6.9315669191e-02 4.7973765668e-02 -9.7215067701e-02 1.3228126910e-01 -1.7682897862e-01 -6.6613069213e-02 -6.8323726751e-02 -8.0046174091e-02 -1.2654821259e-02 2.1086822894e-01 -1.5507435612e-01 3.3480740991e-02 3.0349927256e-01 -1.1497707819e-01 7.2098639501e-02 -1.1902595376e-01 -2.7353452702e-01 2.2492633537e-02 2.1070841274e-01 8.0261212607e-02 6.9830489693e-02 2.0525613281e-01 -3.3892779820e-02 -1.8571091709e-01 -5.2577585212e-02 -5.3069117775e-02 5.0209318017e-02 -1.2319513063e-01
1.4403356252e-01 1.3410435631e-01 3.0886329569e-02 -2.4375720490e-01 1.4447637024e-01 2.3112614052e-01 -3.3775732115e-02 -1.9704557415e-01 1.1132112164e-01 -2.2634248798e-01 -1.9092179932e-02 4.0438769196e-02 -3.0734433546e-02 4.3296685365e-01 -1.5668777377e-01 8.5584916947e-03 2.8207500294e-01 -1.1111484923e-01 5.6362549475e-02 4.0924357540e-01 2.4651256364e-02 3.1843238753e-02 1.2612686267e-01 2.2647729058e-02 -7.2794621327e-02 3.6031098295e-01 -4.0621293476e-02 -1.1338820492e-01 4.6106266776e-02 -1.2787335364e-01 -1.5985127067e-01 1.1654843313e-01
2.3368560849e-01 2.2024139611e-01 -1.0756570944e-01 5.2117582062e-02 -6.3242537374e-02 -2.0349841658e-02 1.9507748755e-02 4.4334207157e-02 1.7817801909e-01 -3.1881890089e-01 2.7112080765e-02 2.0334786283e-01 -1.4953695577e-04 1.4994236826e-01 -2.2055199289e-02 3.7759297758e-02 2.1397864977e-01 2.1012827539e-02 5.8270494365e-02 -9.8951921782e-02 6.0087471930e-02 1.1006110017e-01 7.3414777185e-02 -7.7823509646e-02 -1.9249074947e-02 -6.7563773654e-02 5.5060599406e-02 -4.6518313154e-02 7.8828063529e-02 -1.8428736200e-01 -2.5114516782e-01 1.3251328802e-01
-1.5523477600e-01 -2.6725417481e-01 -9.0208896911e-02 -1.8695501822e-01 2.2021466774e-01 1.4895722906e-01 2.9873895648e-02 -1.2523569055e-01 -1.8443718986e-01 1.4109549766e-01 1.4643643041e-01 1.7117323253e-01 -3.1281459044e-01 -2.2976486841e-01 1.9454185922e-01 -8.6781268071e-02 -1.1324413878e-01 -1.8416589225e-01 -4.0684497939e-03 9.9757881856e-02 -7.3958788834e-02 5.2635473755e-02 3.7275827845e-01 -1.8520431093e-01 -2.2421661671e-02 4.9842862913e-02 -1.3800399260e-01 2.7279926050e-02 -8.3908367390e-03 1.7727967535e-01 -1.3159021255e-01 -1.9022743534e-02
2.0266476704e-01 5.2389223099e-02 1.1875350275e-01 2.6679673908e-01 -3.6624712470e-02 -1.3604788275e-01 -3.2362855847e-02 -9.2942043362e-02 1.5586570449e-01 1.2233397860e-01 2.0058036131e-01 3.3255899507e-02 1.4283517256e-01 -2.5059917417e-01 -1.3585334821e-02 -6.4089183889e-02 4.1779788493e-02 -3.8500542038e-02 5.0317524935e-02 9.8985025993e-02 -6.4215429257e-02 -3.8359490037e-01 4.1735240234e-02 1.5391371287e-01 -1.7459231309e-02 -1.0589579156e-01 1.5290390419e-01 -2.4811381705e-01 -3.0889189885e-01 -7.7220410503e-02 -9.6581207256e-02 -2.7713348951e-01
-4.7516501427e-02 2.3238592583e-01 8.3539263228e-02 2.8918937277e-02 1.0583038379e-01 1.4982023491e-01 7.1883374659e-02 8.9764329773e-02 2.8811780947e-01 -1.8642194886e-01 4.8552952152e-02 -1.2179376939e-01 -2.2757520509e-01 1.4864676919e-01 -9.0131953685e-03 1.6362695386e-01 7.7646449580e-02 -3.1857115083e-01 1.6246728796e-01 -1.7684858248e-02 2.3864032400e-01 2.0359659839e-02 2.3048967145e-01 -5.4927777156e-04 -2.9886995564e-01 2.5288493870e-01 -1.5269010593e-01 -5.9645677358e-02 3.3773624255e-01 -2.7198907003e-01 8.1904509949e-02 -8.8073272679e-02
-2.0654334212e-01 1.0731686009e-01 -1.0179613545e-01 -4.6092477671e-02 -4.9724230135e-02 -4.4779832943e-01 2.6616673978e-01 -3.3659406072e-01 -2.1609461840e-01 -3.7221979422e-01 1.5006174949e-01 2.2117976834e-02 1.1471285676e-01 -1.2822742244e-01 4.2700386828e-02 3.3001710149e-01 -1.3222503873e-01 -7.7093013411e-02 -1.9513048812e-01 -1.7260622291e-02 -6.4685282935e-01 -3.4948695554e-01 -4.3540307863e-02 5.0778653914e-02 -9.2984972870e-02 -2.4671623292e-01 -2.7695762157e-01 -1.3686714339e-01 1.5001868175e-01 9.3153363977e-02 9.7411111165e-02 3.2435544391e-03
1.6860437448e-01 -3.0298100283e-02 -2.2570221539e-02 -2.4556539742e-02 -7.7000915799e-02 -5.7854250086e-02 4.4258837712e-03 -1.1452305179e-01 7.1424801888e-02 7.4248639469e-02 -3.8409484834e-01 -1.3699632487e-01 -1.2632845521e-01 -1.7147349551e-01 -1.1352018505e-01 -1.7879611876e-01 1.1564164436e-01 -9.5245996234e-04 -1.8210343745e-01 -9.7235283254e-02 1.5026026092e-01 -1.2502905687e-01 6.6205014425e-02 5.5198523316e-02 -7.7338737522e-02 -7.6927713490e-03 2.0675800859e-01 -7.8311742525e-02 -1.5629657601e-02 -1.0487409350e-01 -1.8635420777e-01 8.9307128293e-02
-7.3760329983e-02 -9.2235636926e-02 -1.2752535482e-01 -2.1735177662e-01 2.3173610580e-01 2.3857237962e-01 -6.4909478094e-02 -3.4072293063e-01 -3.9110532662e-02 1.5112830822e-01 -1.0173173841e-01 -6.3200792493e-02 2.5445330882e-01 -9.5433434041e-02 -3.0622449814e-01 1.3402247343e-01 -6.8843672301e-02 -1.5516389025e-02 -5.8522193729e-02 -3.8358775382e-02 -3.9298380714e-02 2.6211720473e-02 2.6330782670e-02 6.9880698550e-02 2.9612190952e-02 1.1703051152e-01 1.6363366670e-02 1.4823158222e-01 6.0778530289e-02 -6.7671171677e-02 1.7398185473e-01 -2.0790769878e-01
-3.5883134022e-01 -1.3038309685e-01 6.5284086520e-02 -1.8909654452e-01 1.1212944592e-01 -1.7244160741e-01 -4.1427361488e-02 -1.9289984077e-01 1.1874486465e-01 6.2079379336e-02 -1.6076872263e-01 9.9335555923e-02 -2.4327867476e-01 -2.8722858123e-01 2.5397670989e-01 2.1619838064e-01 -1.2906458210e-01 1.9954283923e-01 1.1691281681e-01 -6.8661425273e-02 -2.1147595519e-01 1.0545864380e-01 1.9919075401e-01 -1.6198193918e-01 -1.8465624009e-01 -8.7783590652e-02 -1.0152854167e-01 2.0317159354e-01 2.0745253808e-01 -4.9168960716e-04 -5.5022597132e-02 -2.8634261382e-01
-2.4689295160e-02 3.2557336539e-02 5.1721407459e-02 1.0010523904e-01 -1.5637585061e-01 1.3832625110e-02 -6.2680336553e-02 3.8122574708e-01 5.0272534114e-01 2.0496538019e-01 1.6350579057e-01 7.3104972444e-03 -1.6700231905e-01 -1.7316215016e-01 -2.9008552459e-01 1.6721065504e-01 -3.3359228749e-02 2.7048809462e-01 1.3158221784e-01 2.5035673717e-01 -3.9904460959e-01 -1.0215064220e-01 -5.1057136034e-02 5.2212137558e-02 1.4796949485e-02 -8.1587043528e-02 -1.2969062498e-02 -1.5828184429e-01 1.0860231129e-01 -1.7748359163e-01 1.6502654069e-01 -1.2820238714e-01
-1.6060451973e-01 2.1946719577e-01 6.9109149296e-02 3.8527628985e-01 -1.4819264285e-01 5.2604442999e-02 4.3594060709e-01 4.6307478624e-02 2.1421951633e-02 2.5167288663e-01 -6.9338509929e-02 -2.1160480594e-01 -1.8216286441e-01 -1.6715335803e-02 -2.4173701802e-01 -6.9205696159e-03 -6.3821942249e-02 1.1350586171e-01 2.2403848738e-01 -5.6953432981e-02 -6.8346958981e-02 2.5444147083e-01 -2.5036308155e-01 1.2270181918e-01 7.0684537356e-02 -1.5850558254e-02 1.3728296646e-01 3.7261331719e-01 -1.1188569415e-01 3.5281213741e-01 -5.5054028747e-01 8.6277354943e-02
-2.5399787878e-02 -4.6918098741e-02 4.8764146471e-02 3.1046357489e-01 -1.0210603143e-01 1.7039798288e-01 -2.6776779797e-02 1.0953786484e-01 1.5094828133e-01 6.6961586691e-02 6.8798564520e-03 -1.7891505447e-02 2.4664295864e-01 -4.4717770313e-02 1.1704430090e-01 -1.2389605189e-02 -4.1517694553e-02 2.7324444677e-01 -4.2917458840e-02 4.4461714933e-01 -3.3855398002e-02 -8.3926543970e-02 3.8785705188e-02 3.1741847718e-02 2.5189070656e-01 -7.8066728082e-02 1.0685077795e-01 2.9613242556e-02 -2.8463119070e-02 2.8613429484e-02 7.4996394844e-02 -2.4061135347e-01
1.0589599879e-01 -2.0484724900e-01 -1.4658443615e-01 -2.8906914253e-01 1.2933497370e-01 -2.4324102251e-01 -2.9184900891e-01 3.3997959576e-01 2.4673564151e-01 1.3004416994e-01 3.9120603117e-01 -6.1268275502e-02 -6.8647216531e-02 -2.1370731921e-01 5.1749022618e-02 1.2975517981e-01 -4.9424178768e-02 -4.6838229694e-02 -5.7733301678e-03 2.3935360454e-01 -4.0096628517e-01 -2.7292971574e-01 -2.9848250480e-02 -1.2318313790e-01 -1.7483973563e-02 7.2531416422e-02 -1.2123378416e-01 -1.5455833374e-02 2.1792737052e-03 -1.1997139606e-01 -2.8402787030e-02 -1.2456409449e-02
6.8270642099e-02 5.5366098815e-01 2.6783373178e-02 1.7855972970e-01 -1.4187892049e-01 9.9822509515e-02 -1.5369001318e-01 -2.9553101338e-01 6.2825678476e-03 1.3725060920e-01 -2.0322265507e-01 6.9027518616e-02 -1.0539233845e-01 -9.8859201711e-02 -4.8093889512e-02 -9.9054916396e-02 -3.4858251092e-01 -2.8054030663e-01 -1.3927810905e-01 2.5423197398e-01 1.2430833854e-01 7.1787204051e-03 1.4346769752e-02 -2.6897919797e-01 -1.6921698116e-01 1.2537502291e-01 -1.7640166828e-01 9.6816306217e-02 -3.7477545050e-01 -1.6929276297e-01 -4.2442820460e-03 1.4272279901e-01
1.9524569401e-01 -1.8194087992e-02 8.8854070693e-02 -6.1201396884e-02 -1.0117187787e-01 1.6209132076e-01 -3.8272440395e-02 -1.7958166440e-02 1.9631636395e-01 -9.5388552076e-02 5.3610332263e-02 -2.0667266895e-01 -9.1416723876e-02 -3.5419261910e-01 2.2816758422e-01 -5.9968463312e-02 -9.8140804528e-02 9.0225585906e-02 -1.3989204957e-01 -1.5796466252e-02 -6.5244877506e-02 -2.2579677145e-01 7.7434448602e-02 1.7462919005e-01 7.9244191698e-03 6.2656940508e-02 1.7675415376e-02 1.6788794977e-01 -4.7753870045e-02 2.8985755926e-01 1.8257039407e-01 5.2945880067e-02
-3.5714323132e-01 -1.8817389025e-01 -3.5902305924e-01 2.7199244677e-01 -6.0409571754e-02 1.6692040494e-01 4.1674621005e-02 9.5254544151e-02 -2.4781430455e-01 1.5785186252e-01 1.0646030118e-01 1.6383175284e-01 2.9563314155e-02 4.1798471722e-02 -2.7797950804e-01 -1.1214250427e-01 -2.9507784140e-02 1.0223235482e-01 7.2166519651e-02 -9.8153460712e-02 3.5436119531e-01 2.7700270994e-01 -1.1752905529e-01 -7.9959253204e-03 2.6944260271e-01 -1.5022501481e-01 -5.2994940556e-02 9.2504086047e-02 1.7828035381e-01 -2.6013617779e-02 4.1908731849e-02 1.7642782605e-01
8.3541741139e-02 -9.9418484611e-02 1.2920460901e-01 3.6805825295e-02 -2.4194410030e-02 -1.5492670146e-01 -2.1617871221e-01 -1.0497364347e-01 1.7915790121e-02 8.0469659514e-02 2.8539818680e-01 -8.9463601939e-02 2.2202236978e-01 2.7118568532e-01 1.1665136730e-01 -9.6080005123e-02 -1.3162519507e-01 1.9047033920e-01 7.0394484776e-02 2.8183210534e-01 1.6074677419e-02 -5.3557662552e-02 1.4342554331e-02 2.2526626417e-01 3.4057083203e-02 -9.8814610379e-02 -4.5735946650e-03 -3.3276817413e-01 -3.1303158328e-01 1.0154676421e-02 1.9104596967e-01 2.1487513240e-01
1.9956763159e-01 2.3127981363e-03 1.0867758409e-02 -4.8438695710e-02 -1.9099191973e-01 -1.7972637451e-02 -6.0765750375e-02 -2.0279538337e-01 -1.0023451701e-01 -3.6841150427e-02 -4.0841982596e-02 -6.3407617157e-02 6.3971388409e-02 -6.8079771277e-02 1.3187527246e-01 2.4086002760e-02 -1.0197979419e-01 1.1444200607e-01 -2.3947482326e-01 -1.4547771956e-01 -3.3905691844e-02 2.6584211748e-01 1.3604708770e-01 1.2596498338e-01 -9.8727552024e-02 8.1416100171e-02 1.4418171942e-01 -1.0171477609e-01 -1.7808377465e-02 1.0441468383e-01 -2.9238804504e-01 -4.1318067614e-01
1.7298872086e-01 5.3392953703e-02 -4.2812776331e-02 2.2356029567e-01 2.9159233150e-02 1.9472727558e-01 3.0074826448e-01 -1.6757022872e-01 -2.4012115424e-01 -2.4454430875e-02 -2.3646406352e-02 2.0870455137e-01 -4.5965617419e-01 -2.4472527109e-01 -1.2535495997e-02 -5.4123284736e-02 2.3825113241e-01 3.3702366585e-01 -3.3145459443e-02 -4.9434616126e-02 -1.8943070912e-01 -1.7228008090e-01 -3.7539222239e-02 1.9202338492e-01 2.3048055410e-01 8.3178017034e-02 7.9059182070e-02 -2.5831945759e-01 -2.3353367343e-01 -4.6492954681e-01 -3.1240700037e-01 -1.4884474070e-01
-4.8060787866e-03 1.1365976363e-02 1.6183402913e-01 -1.0593007146e-02 5.6133060040e-02 7.5996044927e-02 -4.0739627693e-02 -1.1074221352e-01 2.8593157843e-01 -3.1695201269e-01 8.0114257773e-02 -3.2629091837e-02 -2.8463050076e-01 1.9721865129e-01 2.5687622371e-01 -1.3356689197e-02 -9.3468686305e-02 -1.7696366981e-01 -4.0830500621e-01 -1.8717174227e-01 1.5137318500e-02 -4.9491012914e-02 -2.3124378891e-02 2.1225568432e-01 -7.8241166943e-02 -1.2594132002e-01 -8.8881358420e-02 2.2733487619e-01 1.7921302964e-01 -5.1473666789e-03 -2.7147484009e-01 2.9040920389e-01
-6.1767614358e-02 3.7888449983e-02 1.4016760424e-01 -1.6199702780e-02 -1.4945219492e-01 7.4232786798e-02 -3.9131481341e-02 -2.6966594757e-01 -3.2739709708e-02 -9.5105825770e-02 -9.4325250752e-02 -1.9069555658e-04 2.0143819641e-01 6.9254173597e-02 -1.6065609287e-01 -2.0059921711e-01 1.2507923924e-01 7.5504034659e-02 6.7529583292e-02 2.1743577787e-01 1.0480634345e-01 1.7400532328e-01 -2.2825535002e-01 -9.9588483417e-02 8.0580749970e-03 6.0037241976e-02 -3.4103021648e-02 -1.3993835572e-01 -1.9138395348e-01 -2.0390961018e-01 1.3042463429e-01 -1.1456150404e-01
-1.4251377355e-02 -5.6927871503e-02 -1.1711027718e-01 -2.0818251518e-01 3.3029999982e-01 1.0648939800e-01 7.7970502653e-02 1.0609277265e-02 -3.4074387476e-01 -9.3689338222e-02 -2.0482094488e-01 -3.9350364640e-02 -9.7951228789e-02 -1.6039974966e-01 1.0151089239e-02 -2.7722082805e-01 -2.5048788310e-01 6.0661446098e-02 -3.1156847523e-02 2.1807080339e-01 -1.6008982715e-01 -2.8265240522e-01 -1.2130786849e-01 5.1562949989e-02 -4.4477203141e-02 -3.5260346652e-01 1.5761125358e-01 -1.8414753835e-01 -8.3477972692e-03 -9.1766438209e-02 -5.3225501625e-02 -2.1561351234e-01
-4.5474773741e-02 2.6102857798e-01 -1.0671421844e-02 7.7586212919e-02 -4.6052745473e-02 -2.4973469495e-01 2.4968404277e-01 -1.7677621343e-01 -3.2157553633e-02 9.9053004384e-02 -1.8825490975e-01 1.0011920127e-01 -1.6358931850e-02 -1.6345658361e-01 4.6955486219e-02 -5.3353243569e-02 -3.4408130509e-01 2.3099436257e-02 9.5990357926e-02 4.4481982316e-02 2.7336262056e-01 -5.8429349881e-02 1.2208849583e-01 -2.0810812950e-01 -6.4748166752e-02 4.4348776079e-03 -1.1977401991e-02 -9.1095150608e-02 -1.9931195334e-01 2.0514935242e-01 1.6610698912e-01 2.8468320010e-02
1.7159023333e-01 7.2795583465e-02 -3.7861781235e-01 1.8869878117e-02 1.0732612172e-01 -1.2561198646e-02 -1.5286795660e-01 -1.3170077736e-01 3.1667322701e-01 1.5856651294e-01 2.2136983724e-01 -1.2552573137e-01 8.9636411622e-02 -4.0630336664e-02 5.4769802659e-02 2.1528352381e-01 1.1816919765e-01 -3.8119726492e-01 1.8171797570e-01 3.5887288868e-02 1.6249605508e-02 4.7470583833e-01 7.8316703786e-02 -1.2882523086e-01 1.2929805375e-01 2.8981027431e-02 -2.6930724752e-01 5.3016049698e-02 4.1388848616e-01 1.6161696713e-01 -2.0346272838e-01 8.4868031892e-02
