-6.3584333102e-01
-3.8428257347e-01
-1.4086067475e+00
2.0044956767e-01
2.1140938645e+00
-4.5276478578e-01
7.8963382401e-01
-1.3414518613e+00
3.8785463106e-01
-5.5928935902e-02
-2.8237153598e-01
-2.0612725032e-02
1.4942184813e+00
1.2766267482e+00
5.2436842328e-01
-4.7317297573e-01
2.7775603595e-01
1.1450767425e+00
2.8883521332e-01
-6.8724583074e-01
-1.6712805710e+00
-8.6733329106e-01
1.5025094413e+00
-5.5904888228e-01
9.1484448776e-01
1.1680540393e+00
4.9981504221e-01
7.8019164537e-01
-1.8509818295e-01
1.0563308634e+00
5.7371865848e-01
-6.6231847395e-01
