8.8614333798e-01
-9.8845143736e-01
-4.7746306413e-01
5.9146228599e-01
1.9434175817e-01
1.1732637638e+00
1.0812521057e+00
2.7604203091e-01
5.1752612083e-01
6.5251748908e-02
-4.2518391390e-01
1.9509872730e-01
-1.7733792596e+00
6.8520260367e-01
-1.4384759199e-01
-5.6466787320e-01
-7.5575572103e-01
2.8171846127e-01
5.7644757523e-01
-1.4933252993e+00
-1.4434844715e+00
4.0797714258e-01
6.4310564628e-01
1.1231850306e+00
1.9326014606e+00
2.1524390342e+00
3.0668114181e-02
-1.1451690364e+00
-1.3214900504e+00
1.1165851889e+00
1.7688599079e+00
1.0106155217e-01
