-6.3787776487e-01
1.3172778542e+00
-4.8434551718e-01
-8.5216177764e-01
-3.6053097079e-01
5.3959822203e-01
-6.8744124513e-01
-5.3105937562e-01
-1.9906422604e-01
-9.1185455519e-02
-4.9137927435e-01
-5.1286073738e-02
-5.6208679389e-01
2.1488761692e-02
-4.5501158867e-01
-3.4008558823e-01
3.9873502543e-02
1.0996512508e-01
-3.3137172865e-01
2.0433697091e+00
-5.0421536291e-02
-1.3324895565e+00
7.3502830283e-01
2.1397392808e-01
-1.0102155484e+00
-4.4208132792e-01
-6.6162267065e-01
-8.8360607174e-01
7.1338160945e-01
1.5724554572e-01
-1.2024382484e+00
-3.4924903873e-01
