-2.6772791667e-01 -9.3518678934e-02 5.5578056942e-01 -1.4348601341e-01 6.5713143051e-02 -5.7003166033e-01 5.1862295950e-01 4.5324055509e-01 -2.1301798050e-02 -1.2295729086e-01
3.0441923917e-01 -2.7731892495e-02 3.8576464943e-01 -2.9002573064e-01 5.4428343456e-02 -8.9122826345e-02 -3.3681115583e-01 5.2671638320e-01 2.8395726425e-02 -3.5768192967e-01
9.0276333117e-02 -2.5524606685e-01 6.1564005031e-01 6.8363329619e-02 -2.2282824595e-01 -3.5479422490e-02 -3.4945955434e-02 5.2383625633e-01 1.4923879358e-01 -1.0968387544e-01
9.7809991936e-02 2.1491676862e-01 3.0685997194e-01 4.5942599959e-01 3.4242927526e-01 -2.8716122512e-01 3.3688948043e-01 4.6590536713e-01 1.1830933915e-01 5.5716556963e-02
8.2578499713e-01 -1.7741872863e-01 4.4510145930e-01 -2.7738817278e-02 5.7227822370e-02 -6.0291281263e-01 3.0345241262e-01 3.3814893611e-01 -2.6866761858e-01 -6.2187835076e-01
-4.5852448764e-02 2.9651773662e-01 -3.8629530157e-01 3.3468381900e-02 -3.1557910748e-01 -1.1239756676e-01 1.8409277283e-01 -2.8511149735e-01 1.5682073951e-01 1.8119605260e-01
-5.0698420075e-03 3.2623802876e-01 2.3920020904e-01 -1.8672062989e-01 -5.3621962468e-02 -1.7448267596e-01 -3.6815355508e-01 2.0355629436e-01 -3.8669108949e-01 8.7156162364e-02
2.4827068800e-01 4.3498068743e-02 9.9757066024e-02 4.3840389751e-02 -2.3609092946e-01 5.5277632205e-02 -3.1344673602e-02 -1.5251801072e-01 -4.2578193061e-01 -2.5326686239e-01
3.5710352716e-01 2.2868502663e-01 3.1902962888e-01 -1.3426797183e-01 -2.8950917990e-01 7.7640018014e-02 -2.4670162535e-01 1.2306482454e-01 1.6616364200e-01 -4.8196656948e-01
6.8981110666e-02 3.9073840481e-01 -1.4987153751e-01 -3.7624478551e-02 2.9734849081e-01 2.4695430588e-01 1.7210998077e-01 -9.5670832593e-02 -3.4284137063e-01 -4.3444612220e-02
8.1166822786e-02 -1.0377754419e-01 -1.0060725289e-01 6.7433906168e-02 -3.2804193154e-01 2.0117095219e-02 1.3931448823e-01 -8.3441566742e-02 1.0661845120e-02 -6.0418846642e-02
-3.1322017434e-03 1.5734328700e-01 -1.2573197454e-01 3.4987206134e-02 -2.5437346827e-01 3.7184246763e-01 -1.1289362762e-01 -2.6342458168e-01 -5.5317021511e-01 -1.5308935191e-01
2.1189063721e-01 2.9900511660e-01 -4.5668634653e-01 4.6590032742e-02 4.1842959981e-01 1.7737030500e-01 -1.9280914740e-01 1.6164253638e-01 -6.9893000609e-02 5.0707857988e-02
3.6418277392e-01 2.2735760071e-01 2.8155101764e-01 -2.3361297672e-01 -3.8645839657e-01 9.5812106447e-02 -3.0692823967e-02 2.0412388331e-01 5.9626383104e-02 -2.1395362791e-01
4.0484066293e-01 -1.4269069605e-01 -5.8350592403e-01 -1.9781638415e-01 3.6109960995e-01 3.9028752935e-01 -2.1778117941e-01 -2.2955215409e-01 4.3126406671e-01 -1.2338066354e-01
-1.7060757301e+00 -8.0009736263e-01 -1.5215796361e+00 -2.3378312526e-01 -9.5312149377e-02 -4.9972626035e-01 -8.7189276587e-02 -1.5833694192e+00 3.5541597545e-01 1.5594363108e+00
-1.4259732735e+00 -1.4086997007e+00 2.0426609607e+00 1.6388331489e-01 -3.6840460254e-01 -3.5942332700e-01 -2.1911786388e-01 1.4771227432e+00 1.4486393061e-01 9.7477021379e-01
