-2.5133769117e-01
-2.7350615536e-01
6.9366372126e-01
2.8875520059e-01
4.2408307209e-01
2.3694584126e-01
6.9072714163e-01
3.1044774533e-01
6.9529608540e-01
3.7418225561e-01
-3.3692682436e-01
2.9399123879e-01
-2.9759023721e-01
6.9144200869e-01
-5.1195412034e-01
6.3357968403e-01
7.9125397050e-01
3.8750563706e-01
-2.4422384484e-01
3.7420674235e-01
4.0983496729e-01
-3.7544642267e-01
-7.2271568276e-01
-8.2846155156e-01
-2.7214118961e-01
6.9926865651e-01
-6.7291143647e-01
7.1274045374e-01
7.0777288793e-01
-7.0995300007e-01
3.6242199312e-01
-7.9779961890e-01
7.6830462578e-01
-2.2200018100e-01
-4.8239062172e-01
8.3629656025e-01
-7.5431993020e-01
-2.2863128703e-01
-2.7635518527e-01
-3.5690673999e-01
-2.6836575083e-01
2.2215521680e-01
-7.2736833077e-01
-2.4587952724e-01
3.7802194134e-01
-2.9637364287e-01
-6.9135159461e-01
-7.3951137281e-01
-3.1003958653e-01
9.2751275053e-01
-4.0225494650e-01
5.7856993685e-01
-5.9861572755e-01
2.8513500208e-01
-7.0853004178e-01
5.9353682161e-01
6.3549018525e-01
2.7733395784e-01
8.4414349957e-01
3.1675362999e-01
9.8204893238e-01
-7.2365003138e-01
7.1179572458e-01
4.6217795499e-01
-2.3714660756e-01
8.7616467260e-01
-3.2097996691e-01
-2.1107611656e-01
-3.3451142506e-01
2.6382779066e-01
-3.0274216640e-01
6.2784137439e-01
8.2464017700e-01
-7.3309510436e-01
-3.9519226221e-01
7.5121339089e-01
3.5271947778e-01
-3.2025347270e-01
2.9653551264e-01
-6.1320350212e-01
2.5333240668e-01
-2.7577238459e-01
-6.8709326901e-01
8.0129823047e-01
7.4107576349e-01
3.1317750240e-01
1.9816005470e-01
-6.7520287863e-01
2.2547395248e-01
3.6435599542e-01
-2.3292470971e-01
-6.2885011529e-01
8.2602147239e-01
-6.2030180083e-01
-2.9453104981e-01
-6.9373007699e-01
6.7564768116e-01
-4.2724632947e-01
6.2322539011e-01
6.9576246118e-01
