1.3181507810e+00
4.5915442393e-01
4.7941955227e-01
-1.7660658668e+00
-1.1877589858e+00
-1.1125900355e-02
1.3990915781e-01
-1.8859127301e-01
9.6177724063e-01
-6.5266662123e-01
2.6443548210e-01
-5.2543904179e-01
3.0936544827e+00
7.3358510729e-01
-9.1114550934e-01
1.1804004750e+00
4.1688359883e-01
-1.1807210642e+00
4.8791338232e-02
-1.7473057605e+00
-1.6469996938e+00
1.1154658053e+00
3.7102018644e-01
-1.7397463537e+00
6.0063059871e-01
-1.3577620350e-01
-3.5503930047e-01
1.0623454851e+00
7.3620409474e-01
-2.6548488959e-01
-6.0048953971e-02
-5.4715053513e-01
-4.4774827649e-01
4.2899947796e-02
1.6482338883e+00
1.5332194205e+00
1.2141416243e-01
5.3465054651e-01
1.5550011809e+00
7.6934104707e-01
4.1630688866e-01
-8.3641109483e-01
-2.3320420559e+00
-1.9859439262e-01
-9.2615634200e-01
2.1908381686e-01
-4.9651807085e-01
-2.2184583458e-01
3.4822824457e-02
1.4239515364e+00
1.3362277828e+00
6.6954762353e-01
-9.9695869559e-01
-6.7886138369e-01
2.5933561845e-01
8.6844410484e-01
-6.6376229229e-03
-6.2281448110e-01
1.3435433828e-01
2.8690258076e-01
1.0053633706e+00
1.5333480949e-01
-6.4639827963e-01
-5.6883815203e-01
1.8558986560e+00
8.7085404239e-01
5.4270223446e-01
5.9044655754e-01
1.0866666274e-01
4.3033224411e-01
6.9884263633e-01
1.7588655459e-01
2.1532735800e-01
-5.3012573569e-01
6.4368335265e-01
2.1965326681e+00
4.4867275970e-02
1.0279300422e-01
2.3262115656e-01
-1.2202884248e+00
-5.1833067528e-01
7.6361639337e-02
-6.0429964386e-01
9.7970480086e-02
1.1595128348e+00
1.3878625019e-01
-2.1654556029e-02
3.1669386426e-01
-8.7131851742e-01
2.4029780646e-02
7.3657474823e-01
3.6591208622e-01
4.5834307414e-01
-7.8430642785e-01
1.8609729579e+00
-1.2477121367e+00
1.2955392408e+00
1.7823302509e-02
-2.8772372646e-01
9.3869276158e-01
