1.6356887800e-01 -3.4714188722e-02 5.6482613677e-02 1.6137434148e-01 1.4890514857e-01 3.6792450935e-01 1.2836264271e-01 -9.0341749246e-02 3.1366221451e-02 1.2056756430e-01 8.3672112172e-02 -3.5797562274e-01 -1.3978685619e-02 -1.1261984936e-02 3.6637077723e-01 4.6164936272e-02 -2.8273171061e-01 -1.5831112771e-01 2.5936041403e-02 -2.2424806289e-01 9.5602439394e-03 -3.3140567023e-02 2.5157745494e-01 -1.1925745853e-01
1.4248147429e-01 7.2177541751e-02 -5.4573582486e-02 4.1164591153e-02 -2.8433371097e-01 2.7375696785e-01 2.2868996477e-01 2.9455356334e-01 -1.4767798509e-01 3.6075528067e-01 -5.6862800392e-02 6.4139833908e-02 -5.6813483168e-02 9.9610127512e-02 1.7383881025e-01 -2.3549881991e-01 4.1675695188e-01 -8.2661353773e-02 -5.3593943374e-02 -1.0526738045e-01 1.5100065374e-02 3.3614409557e-01 5.4401623430e-02 -1.7095473979e-01
-1.3487502591e-01 -4.8693433609e-02 -2.6317559764e-01 -1.4638085244e-01 8.1107494029e-02 -1.1294240088e-01 5.4645426437e-02 7.7253580144e-04 1.2132855019e-01 -1.2017028291e-02 -2.9012086084e-01 1.2058611193e-01 -2.1964481187e-01 -3.7727954492e-01 -1.5751317950e-02 -2.1945899548e-01 -2.9503341261e-01 -2.3526163466e-01 6.3378668458e-02 5.6295167739e-02 2.6954049946e-02 -3.4860540449e-01 7.3498470128e-02 3.3662828828e-02
-2.1002411394e-01 -1.9859533561e-01 1.9208076681e-01 3.1001111277e-01 -4.9141297047e-02 -5.7909815389e-02 -2.2477795856e-01 1.9512337085e-01 2.8858656877e-01 2.1747791233e-01 1.3312002568e-02 -7.7721085312e-02 2.9975322053e-01 -1.0289850732e-04 -1.2192567084e-01 -2.8914219352e-01 1.5558807951e-01 -2.7327385009e-01 4.1778274442e-01 -1.9822718123e-01 -5.3367326337e-02 -6.3953130906e-02 1.0661904665e-01 5.2778238236e-01
-2.2402693642e-01 -7.4999791643e-02 -7.3077974797e-02 1.8481968808e-01 -1.8583906501e-03 -2.9071340853e-01 -1.7739035526e-01 -9.4484335614e-02 1.3448160710e-01 -9.4221227759e-02 -1.4866541464e-01 1.4408686864e-01 1.2411473081e-01 1.1280018787e-01 1.6453508048e-01 -1.8416897761e-01 9.7595462343e-02 -2.9998181500e-01 2.5983161850e-03 1.4747661986e-01 -6.6434915345e-02 -1.5816309145e-01 -3.3195700320e-01 1.6745052144e-01
-1.6296764008e-01 4.3707417552e-02 1.2422032732e-01 1.1885072754e-02 1.5116605802e-01 1.9416408541e-01 -2.3472044154e-02 5.1025078602e-02 7.9794342104e-02 -3.7504662833e-01 -1.1665291597e-01 -1.2689416721e-01 2.0818815105e-01 1.7087043945e-01 -8.5267544503e-02 2.6677333074e-01 1.3073704376e-01 3.1117851868e-01 -1.4482181483e-01 1.2719219097e-01 -4.2397498052e-01 -3.5195421496e-01 3.9918734245e-01 -2.9707797986e-01
-1.1583645962e-01 -1.3222252969e-01 -3.1236420545e-01 1.8789558186e-01 -2.0073761499e-01 -3.9038001738e-01 -8.5026211952e-02 3.8121495500e-01 -4.1822684962e-02 4.4024343828e-02 -5.0657568804e-02 -5.0899828490e-02 -2.2108557886e-01 6.4579184937e-02 -2.7841771967e-01 -1.1240996047e-01 3.7321347666e-01 7.5824232689e-02 6.9363989803e-01 -4.5883694872e-02 -2.6105264717e-01 -2.2667120517e-01 -1.7866756930e-01 1.9068528801e-01
3.5113681895e-02 2.4277111271e-01 9.3301405021e-02 -4.1678119887e-02 2.0274895500e-01 -2.4116129416e-03 4.1256048349e-01 -1.6940796714e-02 -9.7410781223e-02 -2.9718514224e-01 -7.2376407779e-02 -1.2566780880e-01 -1.1368503348e-01 4.8863526228e-02 -1.3476484584e-01 -3.9016377547e-02 9.6780288138e-02 -1.3563183391e-01 1.6778712464e-01 -3.1082441232e-01 1.3741730362e-01 -2.5243028856e-01 -6.4370724260e-02 -7.5674014951e-02
-1.0372294331e-02 1.3304510122e-02 -5.5731054779e-02 -7.5061562784e-02 -4.2294121713e-01 4.0283910595e-01 -3.5610254008e-01 -1.1975978286e-01 -1.0956542000e-01 1.9642206657e-01 -2.6585223904e-01 1.9374098412e-02 1.5881246161e-01 2.9395199115e-01 1.3549788378e-01 8.2401917484e-02 -1.9465148494e-01 -8.3103379447e-02 -5.3233317192e-03 1.2797421344e-02 4.0737491467e-01 2.0169557927e-01 1.0032593951e-01 -5.6428516854e-02
7.5784736385e-02 -9.6984867769e-02 -8.9036205683e-02 -2.3980344249e-02 -1.1929663022e-01 -2.3518144836e-01 8.5191207515e-02 1.1156354943e-01 2.3226882635e-01 2.2347957032e-01 -2.3198381611e-02 -1.7209950637e-01 7.2441294262e-02 1.4352724953e-01 -3.0579939320e-01 1.3534492812e-01 -8.3230157894e-02 -1.3300108524e-01 1.4532047092e-01 9.3350871873e-02 -2.1993975149e-01 -1.4499605178e-02 -2.4056234464e-02 -5.3075655389e-02
-9.6938141522e-02 5.4788007981e-02 2.0861969237e-01 -2.0686099936e-01 9.6695750928e-02 6.1438197175e-02 -1.1100494884e-01 -7.2865486974e-02 -2.4224904976e-03 -1.9760913414e-01 2.3069874117e-01 -1.8535986328e-01 -1.5357276064e-01 -3.4152501651e-02 1.6809628108e-03 -3.3497294922e-01 -2.1852953637e-01 1.8341340476e-01 -2.2445071841e-01 -2.3211944645e-01 3.1592123728e-02 1.0079754187e-01 1.4007592061e-03 1.8483838299e-01
4.5004637947e-02 2.1064428365e-01 -2.9567515529e-02 5.2679744320e-02 -9.4997870882e-03 -3.9031139846e-01 3.2087322661e-01 -1.9273907639e-01 -7.0034587227e-02 6.0242843304e-02 4.4392239000e-02 -6.0510159273e-02 -1.9237661399e-01 1.4076369700e-01 -2.8556600998e-01 -9.0502707352e-02 2.4524076573e-01 7.3089418982e-03 1.1875825096e-01 -1.2300648910e-01 -4.1448953324e-01 5.9800856665e-02 2.8626701659e-02 -7.4303737675e-02
-8.9464508031e-02 1.8679057523e-01 -2.7712272610e-01 4.8728360471e-02 -3.3935196261e-03 -2.6000316116e-01 7.7979445148e-03 -3.0012384331e-03 3.8773114870e-01 -2.4040323844e-01 -4.8681428992e-02 -4.2657391003e-01 2.0100823067e-02 1.3700132780e-01 -1.5919737596e-01 -4.7503741300e-02 2.0038612448e-01 -6.5104855183e-02 3.1646148838e-01 -4.4582895632e-02 -3.3207976102e-02 -5.1245126768e-03 -7.1360221176e-02 1.3137175147e-01
8.3449893118e-02 -1.4789997100e-01 -3.5269355554e-01 -2.5955481321e-01 -7.6020481820e-02 -1.5600519222e-01 1.2492850276e-02 3.8561805276e-01 6.3635296258e-02 -2.6601457883e-01 -1.6882379879e-01 1.7407631401e-01 -5.9425663309e-02 -3.1262603177e-02 -2.3840207593e-01 -2.6823147409e-01 1.5069247873e-01 7.9070807998e-02 1.0468798623e-01 -7.3146507932e-02 -5.4428871213e-02 -8.2839688991e-02 -5.9185726566e-02 1.9856035927e-01
-3.6350961241e-01 -2.6593631792e-03 -5.6365505226e-03 6.1132779307e-02 1.1661624135e-01 1.4606831064e-01 -8.6256673765e-02 -4.5538811738e-02 -6.0728448904e-02 -3.3633299903e-01 -1.3768735525e-01 -1.4409265497e-01 -1.3891843131e-02 -1.0607344395e-01 1.5502061698e-01 4.6626092339e-02 1.2761273317e-02 -5.2623050869e-02 2.8628663289e-01 2.0465258199e-01 4.0607367663e-01 -1.8634088467e-01 4.7918698844e-01 -9.6232829363e-02
1.5261662279e-01 -1.7929806838e-01 7.8838972475e-02 4.8720673875e-03 5.2075848820e-02 -1.6698646587e-01 8.2801388400e-02 4.4122859084e-02 -1.4010772690e-01 1.3569020516e-01 -5.7303720860e-02 1.4875625220e-01 -8.2218294381e-03 -1.9969283132e-02 1.1512486392e-02 -1.6867818485e-01 1.9541977157e-04 4.7175646872e-01 -2.6477055789e-01 2.4426547326e-01 2.9079409903e-02 2.2270180648e-01 2.5531475055e-01 5.4056058542e-01
-5.6582136626e-02 5.1936171040e-01 -2.7201324513e-01 -4.0701828158e-02 -1.7149239966e-01 4.3119862221e-01 -9.3937429380e-02 8.2573681671e-02 -1.8734177982e-01 -1.7671329506e-02 5.0318405444e-01 -1.6624776855e-01 -1.6042105276e-01 -1.9077332708e-01 -2.8812833161e-02 1.7799131762e-01 1.7428206703e-01 7.5261198382e-02 -3.3163862583e-01 1.4751568739e-01 1.2108313166e-02 4.1369039755e-02 -6.5007300432e-02 -2.5434083146e-02
-2.3035884188e-02 -2.1001341534e-01 2.6805510957e-02 -6.0318405181e-02 1.5085552239e-01 -2.2143289211e-02 -4.6947503120e-01 1.0002585957e-01 -2.6234700957e-03 1.7757287593e-01 9.9127319963e-02 4.2930054396e-02 -5.3523596601e-02 1.9326560760e-01 -3.2803062091e-02 -2.7661127971e-01 -1.0026723741e-01 -1.9000156827e-01 -9.6904863105e-02 1.2578810270e-01 -1.4533861506e-01 5.4509078342e-01 8.6110313701e-02 3.9724899560e-01
-1.7105786908e-01 2.7234446032e-01 1.5541302152e-01 3.9439025552e-02 -3.7342689478e-02 4.7626903257e-02 1.9228147717e-01 -1.4050783439e-01 -3.1937027417e-01 3.2115239721e-02 -5.3053921213e-02 1.9838599028e-02 1.5199696210e-01 3.2116917595e-01 3.1317712195e-01 8.0223667914e-02 -1.3356294125e-01 5.2834945744e-01 1.0241874516e-01 8.2593145932e-02 -8.0761947408e-02 1.4501802193e-01 4.2620002006e-01 1.9648207124e-01
-1.3692114294e-01 9.8351960402e-02 -1.6407582726e-01 1.0113475759e-01 1.7445186726e-01 -1.3115985542e-01 -3.3430546288e-01 1.1638752292e-01 -2.3049555048e-01 2.6437450827e-01 -1.5911829771e-03 2.4189478368e-02 2.7602097015e-02 2.1544587194e-02 5.8697219877e-02 4.8761539335e-02 -1.0790834061e-03 -7.7600374234e-02 4.0856417619e-02 1.9381850287e-01 -6.8893760202e-02 3.3668527558e-01 2.6145423513e-01 4.3432819576e-02
1.2731156443e-01 -1.7215849190e-01 7.3206566056e-02 6.6901432164e-02 -1.7333460583e-01 3.2108581157e-01 6.9874069896e-01 7.3534184312e-02 -1.8316499914e-02 -2.2354624554e-01 -1.1939331555e-01 -1.2520242849e-01 -3.4370939254e-01 -6.4750550690e-02 -1.5181992283e-01 1.8811547394e-01 -7.8735622760e-02 1.6586401394e-01 -2.3252441247e-01 2.3106388103e-02 1.5114209626e-01 -3.2597986593e-01 -7.8343416523e-02 -2.3832753645e-02
-2.7129006201e-01 2.9466279550e-01 2.7260360315e-01 -5.9148985884e-02 -1.4536318300e-01 -1.1655032602e-01 -1.5319950561e-01 1.6625129631e-01 4.6897603128e-01 1.1043540827e-01 1.8748549211e-01 2.3806692666e-01 -1.8944240276e-01 -2.8758390571e-01 -1.3603478070e-02 1.8248358376e-01 -1.7153247666e-01 -3.3938431976e-02 1.0980287646e-01 -5.0967519779e-02 3.1162764467e-01 -1.6428533950e-01 -8.9135867368e-02 2.6159276975e-01
-6.9763841408e-02 1.1906921957e-01 1.1164680381e-01 -4.4132659671e-03 -8.6972757340e-02 1.1697441826e-01 3.3926710249e-02 2.5361891420e-02 -4.3488873284e-01 3.8412213234e-02 7.4351686583e-02 -7.0436028670e-02 8.4943587442e-02 -1.6233520122e-01 -6.5114308004e-02 2.0761917492e-01 -3.0595455652e-01 -2.1465205825e-01 -2.9037907673e-01 8.0030561337e-02 4.1133153320e-01 -1.8426209709e-01 -8.7137561227e-02 -1.4300531661e-01
-1.7576539265e-01 1.2682772566e-01 -3.7811070256e-02 -6.0451516722e-03 -7.3320249195e-02 8.6135893216e-02 3.4445284897e-01 -1.1208966923e-01 1.2570108660e-01 1.4892091288e-01 -5.5697824649e-02 -1.5711269988e-01 4.0234868920e-01 2.0669390766e-01 -6.3789390095e-02 -1.6140693068e-02 -2.0969686501e-01 2.1130691726e-01 4.0547601382e-01 -4.4730685369e-01 2.4727668309e-01 -5.5205946747e-01 -1.9982944359e-01 -2.3045939187e-01
-2.1898567528e-01 1.6431168383e-01 3.8811897318e-02 -2.3583628761e-01 5.9620825930e-02 2.4367201920e-01 2.5059477794e-01 -2.2700378035e-02 -2.9304471663e-01 1.0969880258e-02 5.7044201003e-01 1.1004116201e-01 -4.8908443180e-02 -5.7613334931e-01 4.2390730109e-01 3.0291011949e-01 1.9936303463e-02 8.4240789054e-02 -1.7097793268e-01 5.6613501934e-01 -2.3285492366e-01 -5.3158973062e-02 2.1324399621e-01 -3.1002895924e-01
3.4995381413e-02 -2.0751680163e-01 -1.9035111468e-01 1.0247500354e-01 8.8422788479e-02 -1.3891300349e-01 -1.0713066821e-01 9.2201463829e-02 1.6668498947e-02 1.3387268486e-01 -3.0664550141e-01 1.0327357935e-02 1.8915288907e-02 1.7264188543e-02 -8.4693193754e-02 -1.0856330909e-01 2.6248224442e-01 -1.4857729724e-01 8.8658792054e-02 -3.5227197245e-01 2.8185206662e-01 2.1622229509e-01 -1.7802751437e-02 -1.0820489079e-01
1.2193293770e-01 1.7622523796e-01 3.7291213067e-01 -3.5150348394e-01 1.0028774336e-02 -1.0501982370e-01 -1.1339049473e-01 -2.0012555183e-02 2.0211203466e-01 -7.7572731708e-02 2.6867528264e-02 2.2300122298e-01 -1.9701368736e-01 -3.6393606763e-02 1.0885899184e-01 -2.6129754530e-01 -2.7580418308e-01 9.6357351619e-02 5.9895555938e-02 -3.3640665648e-02 3.3659407926e-01 3.0547494502e-01 2.1672320730e-01 -9.1451506822e-02
-4.4520642036e-03 1.0890455135e-02 3.8207111686e-02 7.3630868257e-02 -2.7562782644e-01 -6.3724248246e-02 -1.3336402786e-01 3.7920913156e-02 1.8535706404e-01 -5.1849128258e-02 -3.2461490443e-01 -1.1125394333e-01 -1.4553887431e-01 3.8526183206e-02 1.9655469587e-02 -4.8255148854e-02 1.4868566979e-01 -1.3313985381e-01 1.4250962082e-01 -4.9605933810e-02 -2.7109646168e-01 8.0509045409e-02 -2.4547412910e-01 1.3832420247e-01
1.0604429051e-01 -3.1624475462e-02 6.2809575687e-02 -1.1021575670e-01 9.8045690258e-02 2.3147963826e-01 7.6103782074e-03 -1.0593935360e-01 -1.6581941135e-01 -3.4886356396e-02 2.9510015661e-01 -1.0182876058e-02 -8.4442037463e-02 -2.1079273808e-01 4.2066087373e-01 1.2630382142e-01 -2.2059406795e-01 4.8516017740e-01 3.0540693575e-01 1.6040736560e-01 -1.0399075653e-01 -1.8641800582e-02 9.3326471772e-02 -2.8824397051e-01
1.8628176325e-01 -3.3959711293e-02 1.5411369159e-02 -3.7377786806e-01 1.4508194554e-02 -7.8287390293e-02 1.7577236488e-02 -2.6239059604e-01 9.3792833831e-02 6.0168355232e-02 -1.1676048337e-01 2.5725331167e-01 -5.3265023370e-02 -7.1344218734e-04 3.2329772840e-02 -9.3915843628e-02 -1.2982493670e-01 9.0560434486e-02 -1.3781873568e-01 -9.9265473579e-02 1.6228320367e-02 4.9016202374e-02 8.3808009597e-02 -1.8630436946e-01
-7.5541139075e-02 -1.3519857626e-01 2.3689973997e-02 6.1313914533e-03 -3.4443330782e-01 -9.0133825413e-02 -4.7107304301e-03 -1.3348162560e-01 -1.6719966904e-01 5.6306470760e-02 1.8532790111e-01 -1.1338302330e-01 1.8255489764e-01 -4.1759074628e-01 2.1283344362e-01 7.9386755404e-02 1.7176244421e-01 -1.3650769194e-01 1.3307497889e-01 9.0679566186e-02 -1.6799173534e-01 6.3877885057e-02 -6.3688150645e-02 -1.6112237319e-01
4.4125864235e-02 6.8490284700e-02 -1.6373156560e-01 -4.8273442103e-02 -2.9202426951e-01 1.7361602582e-01 7.1813928961e-02 1.6383843244e-01 2.1990382761e-02 4.0084741949e-01 2.6150239234e-01 -1.9295397104e-01 -1.4087514669e-01 -1.1574797178e-01 5.0445991262e-02 -1.6272986812e-03 3.6671621942e-01 -9.1615806949e-02 8.3243040183e-02 -7.3128915261e-02 -7.6646748310e-02 2.8651022303e-01 -1.3954303067e-01 2.8189165900e-02
