9.5375789289e-01
1.1017048618e+00
6.4521195616e-01
-6.7473970966e-01
9.6653124904e-01
-1.4348037134e+00
5.8187700983e-01
-5.1220677409e-02
-6.0313731506e-01
4.3037294052e-01
-1.7092735162e-01
4.5596980257e-01
1.9285123755e-01
8.0642717767e-01
-6.9315264289e-01
1.5651441917e+00
1.0850420676e+00
-1.2729422553e+00
1.8788102287e-01
1.7592242450e+00
-6.4656403461e-01
1.4635694258e+00
-1.0154558744e+00
-8.6606667429e-01
-2.4243759776e+00
1.0406672939e+00
1.0453204451e+00
6.4573908345e-01
-3.0418761134e-01
2.3935248495e+00
5.6622494919e-01
-1.6577485300e+00
