-8.2281723043e-02 9.1928061461e-03 -2.1443581922e-01 -1.5316816672e-01 1.0187871271e-02 -1.3859635314e-01 -2.2676907118e-01 -7.9624102640e-02 2.8780776678e-01 -2.6025649518e-02 4.3417214292e-02 -1.2934321036e-01 4.7015596398e-04 2.9589026224e-02 -1.3832898180e-01 1.3416355545e-01 2.7398810286e-01 -5.4134102767e-03 4.8796222046e-02 -2.2392735061e-02 3.1570327503e-01 1.5253322033e-01 -4.5807808589e-02 -1.9101485566e-01 -3.8517534022e-01 3.8857643920e-02 1.5345687767e-01 -3.1965606608e-01 -2.3855844928e-01 -3.2997186260e-02 2.8179775009e-01 2.5458114674e-01
1.6516329332e-01 -2.7663849310e-01 1.0220712088e-02 -6.1173512512e-02 1.0250996282e-01 2.1016551123e-02 2.6936985656e-01 1.0639068830e-01 -7.6947959885e-02 -1.6525634120e-01 2.1025313487e-01 -3.7868864997e-01 4.8611206741e-02 -6.7684819655e-02 6.8032810815e-02 1.6814145123e-01 4.9774835939e-01 5.2909956873e-01 1.8591030900e-01 -1.4609156091e-01 -1.2698680318e-02 3.2553548052e-01 1.5811558892e-01 -6.8157985236e-02 1.4885191762e-01 -3.1989621686e-01 5.8050656250e-02 3.2693735303e-01 -1.2260144966e-01 -1.9941095030e-01 -1.2200683643e-01 9.8093115062e-02
-2.9897153272e-01 9.7285107361e-02 -3.2791488596e-01 3.4059455211e-01 -9.0115555884e-02 3.4133288101e-01 3.9286017044e-01 8.4820628878e-02 2.6479636331e-01 3.8297722016e-01 -5.8186355957e-02 -9.2783910883e-02 -1.7813198819e-02 1.7859344333e-01 -5.6061532412e-02 2.9905161276e-01 -1.4003202610e-01 -1.7037058004e-01 -1.9007356416e-01 -6.1038702470e-01 4.9729462981e-01 2.8808760530e-01 9.8843175890e-02 -1.1164848802e-01 3.6621606125e-01 -2.2126865564e-01 3.2883050267e-01 9.7524905041e-02 -2.8534336110e-01 2.4748186289e-01 -2.8920042188e-01 1.6997229628e-01
2.9785348253e-02 1.6575607383e-01 3.1255700250e-01 -1.1495411879e-01 1.8354336756e-03 -1.1275979235e-01 -9.6809267227e-02 -1.6547664128e-02 1.2754129327e-01 3.5774187043e-01 -8.9080584973e-02 -1.1970843673e-01 5.7459115089e-03 6.0038914371e-02 -3.1808456293e-02 2.0630129112e-01 -3.4044509420e-01 -6.4442550528e-02 5.4908795273e-01 1.3947351219e-01 4.7850956042e-02 1.5626938521e-01 2.8126775676e-01 -1.0541266801e-01 9.9604218234e-02 -1.9354157760e-02 6.6589712076e-02 -3.2050863122e-01 1.0065884577e-01 8.8079302898e-02 -1.8752107092e-01 4.6127774485e-02
1.5504260029e-01 -6.4632691859e-02 -4.2081537673e-01 -2.9785323963e-01 -2.6522191589e-01 6.8474439958e-02 4.0413484867e-02 2.3485026353e-02 -3.3145304281e-01 -1.0749805719e-01 2.1447149152e-01 5.8166529874e-02 1.1951930221e-01 3.1572475619e-01 -1.3020377076e-01 7.4665124702e-02 3.7664013342e-01 2.9671918204e-01 -1.8148122231e-01 -8.5207807664e-02 5.7093136078e-02 -1.0650313921e-01 7.8096984082e-02 4.3094294327e-02 1.6707329377e-01 5.3854775815e-02 -2.2721982287e-01 9.7268637208e-02 1.2115011004e-01 -1.4127391113e-02 1.0195727197e-01 5.8647527868e-02
7.5206961085e-02 1.6557776018e-01 4.1829498560e-01 4.9544804871e-01 7.9220095229e-02 -1.3051501487e-01 3.6375827079e-01 -8.7907926949e-02 -1.5775393711e-01 8.8840268415e-02 -1.9121376546e-02 1.1311615381e-01 -1.2840204655e-01 1.8995651460e-01 4.8337376820e-01 -1.0677357789e-01 1.0896738970e-01 1.8858506660e-01 3.2128666965e-01 1.5835525924e-01 -1.0610461430e-02 -9.3996681227e-02 -3.2355399485e-02 1.9453676183e-01 -1.8557105703e-01 -1.3267577364e-01 -2.5303104341e-01 -1.5920931722e-02 -2.3060498709e-02 -2.1156839098e-01 1.4496924567e-01 3.0092831567e-01
-2.0889835141e-02 -1.5194239205e-01 1.3686759194e-01 -1.0878204807e-03 1.7644626840e-01 -1.1579630351e-01 -2.6623527239e-01 -7.9104648158e-02 2.3217671896e-01 1.4306017249e-01 -2.9614700938e-01 2.4152960090e-01 7.7291608849e-02 -9.2128295744e-02 -1.8796347999e-01 8.2225964796e-02 1.6659677808e-01 1.5538966076e-01 3.3117221698e-01 1.6614106312e-01 -1.6509624187e-01 -5.1148531401e-02 1.1456356432e-02 1.4776884825e-01 1.6906499161e-01 -1.7645544482e-01 4.1733121637e-02 -1.5677238525e-01 1.7689672561e-01 -1.8303993953e-01 1.8769506399e-02 2.2647569464e-02
2.1788188832e-01 2.6064083869e-01 3.0509452509e-01 -2.1828545807e-01 -1.9939857928e-02 7.6167971764e-02 1.0224571355e-01 -9.7526191066e-02 9.0331690136e-02 1.0549783677e-01 1.9199765863e-01 2.4629766705e-01 6.9255222143e-02 2.7579927498e-02 -2.5982708681e-01 3.0411247620e-02 -4.9255798719e-02 -1.0957516603e-01 9.2190847441e-02 5.9509894997e-02 2.9393498637e-01 1.4378186937e-01 3.2100239540e-01 -1.1523174589e-01 2.5335429875e-01 7.3130736072e-02 -1.0313645010e-01 -4.0310620960e-01 -2.4483410414e-01 3.1279646445e-01 3.6743469003e-01 -5.6421326883e-02
-2.5202254286e-01 3.6742760228e-03 1.5367431039e-01 1.1327980492e-01 1.5608911675e-01 9.6991943206e-02 2.8018722789e-01 6.9763807042e-03 -2.2272511303e-01 -1.1160317403e-01 -2.0895058000e-01 -8.5735876340e-02 -6.9328514811e-02 8.5766922182e-02 -3.4383358644e-01 1.0623526374e-02 -2.4579310817e-01 8.2975665542e-02 1.0593507856e-01 -3.2588549452e-01 -6.7277803731e-02 1.9566093844e-02 9.6275179736e-02 9.1274784476e-02 3.2356292686e-02 -3.2954414864e-01 -2.4807147570e-01 -8.6938047059e-03 -1.5890311289e-01 1.1658922374e-01 2.9132810978e-01 8.7168953263e-02
2.1755316753e-01 -8.7739048891e-02 2.4125636816e-01 -1.6412201167e-01 3.4697503228e-02 -1.5563046893e-01 4.7377742983e-02 1.1254244852e-02 1.9268140127e-01 4.8810376647e-02 -3.6727282776e-01 1.5478080552e-01 -2.6214905751e-02 -8.7319597279e-02 2.4787363619e-01 8.8932817195e-02 7.9237901763e-02 1.3037873263e-01 -7.6089556983e-02 -1.5490480636e-01 -1.5994742841e-01 5.6474166848e-02 -3.5098341098e-01 -3.1821875097e-02 -6.0981531686e-02 -3.8703668598e-02 2.2953520199e-01 7.4594742880e-02 -7.5685279628e-02 -1.2312424741e-01 1.3301563048e-01 -5.6916528170e-03
5.7946274630e-02 5.4444042586e-02 -3.1875253631e-01 -6.8532765154e-02 -1.8589735573e-01 -1.1689027625e-01 2.3938036955e-01 -6.7666956057e-02 -1.7767452534e-02 1.4620502678e-01 9.4018941030e-02 1.1477644749e-01 2.1620351007e-01 -1.0019691144e-01 9.5554788816e-02 6.8886323693e-02 8.3586713174e-02 -1.1093045115e-01 -1.1869048992e-01 -1.1480627081e-01 1.4498640816e-01 -6.0197630868e-02 4.5483443705e-01 -3.3662278450e-01 8.1084602813e-03 -2.2638929442e-01 3.1335127575e-01 1.9366842807e-01 -3.7036767392e-02 4.1043386542e-02 -8.8328787144e-02 -8.7340307338e-02
3.9502097173e-02 -1.0816486618e-01 9.2128277106e-02 2.1357023375e-01 2.1724014797e-02 -3.0182469722e-01 -1.2516835405e-01 2.7516433658e-01 -2.0515069861e-01 5.5277547599e-02 -1.8030196001e-01 -3.9806411097e-02 -8.8048668510e-02 -2.7798147196e-01 -7.3442089857e-02 1.0342067314e-01 -2.1443702163e-01 3.6292884520e-01 2.4524427074e-01 1.1060853690e-01 4.6326930026e-01 9.0177626979e-02 2.8387291514e-01 -2.7099744950e-02 2.8527561351e-01 8.3038449490e-02 5.1167329869e-02 3.6750290501e-02 -6.7428859362e-02 7.0245177416e-02 -1.6328446882e-01 1.9807672670e-01
8.6814402717e-02 -3.3796157653e-01 4.4651239592e-01 2.4812565304e-01 -4.1484469877e-02 -5.0290456191e-02 -1.3559667041e-01 1.7429073645e-02 6.9193159537e-02 1.3585135785e-01 -1.8923374931e-01 1.2800535900e-01 -2.6037241675e-01 -2.3426739358e-01 -1.8357625554e-01 2.8380340951e-01 -2.3617300605e-01 2.9342263164e-01 -2.4392514455e-01 -2.0577468590e-02 -2.0741640541e-01 -1.4896552145e-01 -8.4215392996e-02 1.9689947887e-01 -1.9642043289e-01 9.6359951094e-02 -1.5585561387e-01 -2.0397324101e-01 2.8832150079e-01 1.5886160275e-01 2.5331482595e-01 3.7429115779e-02
6.7071793276e-02 -1.0375491138e-01 -1.8041266368e-01 8.5447001874e-03 9.6270774389e-02 1.3455551098e-01 -1.0246273768e-01 7.9999932096e-02 -3.2488315295e-01 3.0414527717e-02 3.3131133444e-02 -1.1978750554e-02 6.2746414929e-02 2.2674480426e-01 3.0487247877e-01 -2.2380235345e-01 -1.8123329051e-01 -1.3988546641e-01 -1.9431004271e-01 1.0818911406e-01 9.1043776920e-02 1.4646305324e-01 4.0499709632e-01 8.3818062222e-02 1.3648647179e-01 1.8261385860e-01 2.2658790159e-01 2.7749954998e-01 1.0454870963e-01 1.4022085046e-01 -2.2422556665e-01 -1.3493740830e-01
5.9651853670e-03 4.1703106356e-01 -2.3930732263e-01 1.1898108841e-01 6.8508226588e-02 -1.7660037755e-01 1.2396386817e-01 8.6420456230e-02 2.9324998412e-02 6.6047586283e-02 -1.0609059280e-01 -8.5204393212e-02 -2.1847153421e-01 8.3348982190e-02 1.0963834252e-01 -4.7104662513e-02 -2.0967435051e-01 2.0925180987e-01 1.5447222216e-01 2.1546789556e-01 2.2718207783e-01 4.2343090631e-02 2.6012035831e-01 -3.2051088147e-01 -4.3071745508e-02 1.9897207238e-01 -4.2574837365e-02 1.6217536897e-01 3.2048198975e-02 1.0502667320e-01 -2.7907172150e-01 2.1804090689e-01
-7.4118569291e-02 -2.0099552119e-01 -7.8956919452e-02 2.7326038729e-01 -1.8306900627e-02 1.5824306271e-01 3.5864074847e-02 1.6470003543e-03 -3.0947667736e-01 -1.2732828377e-01 -1.6289520644e-02 -9.7467205917e-02 -4.2423341829e-02 -2.7465908836e-02 3.0363991845e-01 5.5252676565e-02 4.1970372874e-02 -1.0001993851e-01 3.9660850431e-01 -1.3316573165e-01 -4.3904197627e-02 1.7184819316e-01 -2.6123230052e-01 -1.1720214910e-01 -5.7204168574e-01 -2.9181716944e-01 -3.1440567868e-02 4.4618009016e-02 -2.1024542792e-02 1.3384163991e-01 2.7201469230e-02 3.1048539662e-02
-2.3343820544e-02 1.9131567775e-02 -2.5638052762e-01 2.1789689296e-01 -2.9310575888e-01 4.2645531979e-02 -1.8579851636e-01 -5.6056483991e-02 -1.1967564161e-01 -2.4455557093e-01 4.1917591266e-01 -4.4900911728e-01 -2.8866055952e-02 3.2821733722e-01 1.8774922327e-02 4.0929948087e-01 2.2525973859e-03 2.3087014566e-01 1.7306565126e-02 2.9767048913e-01 5.3476573333e-02 1.7506699518e-01 -1.7151240718e-01 -1.9504402844e-02 1.7499001019e-01 -1.1161407669e-01 -2.1420956505e-01 -3.2856117205e-01 1.3224223312e-01 -1.5141744784e-01 -4.1533430126e-01 -1.4573327610e-01
-5.0601283665e-01 -1.5113800094e-01 -1.0976347375e-01 4.5645859279e-02 -2.6591168595e-03 8.2143600269e-03 -6.7139068617e-02 1.7953938033e-01 9.8366986752e-02 -8.3972864189e-02 -4.7769611686e-02 2.3877918262e-03 2.6476504767e-01 -2.7341063965e-01 1.2531347200e-02 -2.8985417302e-01 -4.0129707031e-03 1.3343590699e-01 -2.8746741512e-04 6.9351905358e-02 1.8913295063e-01 -7.1858998849e-02 7.1672506286e-02 -2.3238929785e-01 4.1070643737e-02 1.9116866694e-02 -7.2343958138e-02 -1.8254021817e-01 -7.0878801771e-02 -1.0267529530e-01 -1.7499016613e-01 -1.5858699939e-01
-1.3288350466e-01 -1.4334025983e-03 -2.4625023028e-01 2.3263568714e-01 -2.2371800774e-01 5.2418030582e-02 -8.0101364502e-03 -3.1831817147e-02 1.9338179371e-01 -1.3114736568e-01 1.3736031021e-01 -1.0381445086e-01 7.6865030542e-03 -2.0200871942e-01 1.0327900193e-01 -2.2732973282e-01 6.2236754289e-02 -3.2766410100e-02 5.9312473178e-02 -2.1643978525e-01 9.0009548365e-02 1.6399972448e-01 -3.1741444319e-02 -5.1672412009e-02 -1.6086647468e-01 -1.2965321892e-01 -1.1747987988e-01 -9.9239781872e-02 5.8414037252e-02 1.7668027190e-01 -8.3941268628e-03 -1.6897709245e-02
4.6788128855e-02 -2.4872232135e-01 -9.6865388930e-02 -3.1015821928e-01 7.0182113260e-02 1.0222828310e-01 -2.9217208138e-01 3.0621600757e-01 2.7482408791e-02 -1.2091641406e-01 -2.8514896479e-01 3.3562926663e-01 -3.7120504404e-01 -2.1075828611e-01 -1.1592056726e-01 -1.8287855187e-01 -3.7135535218e-01 -1.0383753278e-01 -1.7401926224e-02 1.2986836117e-01 1.6692827656e-01 -1.8682855239e-01 -7.9882693954e-02 1.2869941004e-01 -8.6398689927e-02 -3.5954250681e-03 6.4082638996e-02 -9.4295722559e-02 -1.8635359514e-01 1.0582769101e-01 -6.8818298126e-01 -1.4666464624e-01
-3.5672864022e-01 -1.2638239952e-01 3.1752178892e-01 -8.8204053124e-02 1.4614915355e-01 8.3288106845e-03 4.5389465799e-01 1.4642666466e-01 -1.3904032650e-01 -1.7762299678e-01 -1.1475906731e-01 3.2291322050e-01 5.5224709765e-02 -3.7698812380e-02 1.5703734405e-01 -5.8711791623e-03 9.7529923193e-02 -1.4596329982e-01 3.2091959068e-03 1.8984006774e-01 2.2038701173e-01 -1.6341689114e-01 -3.0877181173e-02 8.4312426667e-02 7.1240447106e-03 1.6166115108e-01 5.0075256083e-03 1.4686409608e-01 4.1313471823e-01 3.7852259319e-01 2.3034774527e-01 1.9330748136e-01
-7.2136759835e-03 1.3236879849e-01 -1.2986787769e-02 -3.2744356457e-01 1.8078518191e-01 -9.2931893067e-03 4.0716726447e-02 -2.2857942038e-01 -4.4391528729e-01 -6.9290843393e-01 -4.4865234534e-03 9.9866665981e-02 3.4073110480e-01 -8.4386573742e-02 5.6922253344e-03 -1.3004123429e-01 6.3888935766e-02 -2.4501203560e-01 -2.9681300820e-02 -1.9670036546e-01 -1.8763098932e-01 -2.4383748987e-01 -7.5851173126e-02 -2.2690523360e-01 -1.4084629582e-01 7.5544015033e-02 3.9857635872e-02 4.1393004857e-01 -2.5415933369e-01 -3.0599500944e-03 3.2915985598e-01 -1.8248464506e-01
4.5849302580e-01 2.0962210874e-01 8.4070484805e-02 2.7150507369e-02 -4.5673865468e-02 -1.7442720916e-01 1.0475153758e-01 -5.6563884607e-02 -1.2463349539e-02 2.2816234686e-01 -3.9848615973e-01 1.3722146014e-01 -8.3016133634e-02 7.7830182985e-02 1.1595129491e-01 -6.0905427565e-02 -2.0761857440e-01 1.4667514137e-01 -3.0367219622e-02 -1.7450417122e-01 -2.3441512086e-01 1.4580457324e-01 8.9090503159e-02 -4.9738951453e-02 1.7085007984e-01 -2.2091843735e-01 8.5892797194e-02 1.8768289489e-01 2.3117449504e-01 -7.3983988873e-02 3.8950810041e-01 2.8625529537e-01
5.6864215364e-02 1.5202458437e-01 -3.8786140469e-01 2.7229216083e-02 -5.6950793566e-01 -6.0607236031e-02 3.4565480920e-01 4.1963707172e-01 7.1354358374e-02 1.2207744377e-01 -3.5770124150e-01 8.6903864962e-02 3.1895976088e-01 2.9227098129e-01 -3.5031072786e-01 9.6950852591e-02 -2.2768078013e-01 2.1345448260e-01 -1.6523392195e-01 1.0274020994e-01 1.5665408231e-01 4.5025899872e-01 2.3801849927e-01 3.5109453930e-01 2.3118043351e-01 -4.8320043191e-01 -1.7688866440e-01 3.8755347981e-02 5.3665466216e-02 4.0161891694e-01 -4.2208319670e-03 3.0261393550e-01
-9.4373633857e-03 1.7972399744e-01 1.1781317498e-01 3.1960046744e-01 6.3677062994e-02 -2.8608351074e-02 3.8278595792e-02 2.5469856432e-01 -1.1183398642e-01 4.1137743094e-02 -1.5997524887e-01 -1.1856101677e-01 1.5817215772e-02 -1.6623618654e-03 -6.1128225230e-02 8.0561538433e-02 2.3014397372e-02 -2.9500454495e-02 1.2825047832e-01 1.3387227739e-01 1.6226486535e-01 1.0888603948e-01 1.8023348802e-01 3.9620434381e-02 3.2504399008e-01 -3.8917003067e-02 7.0924738003e-02 6.5426972673e-02 -1.1729142180e-01 -1.5629552120e-01 -5.1406372173e-02 -2.3104394984e-01
6.2321633594e-02 -3.6244716318e-01 9.5551194557e-02 -1.6399479404e-01 -7.1829493291e-02 -3.0643665007e-03 -7.2189433851e-02 -5.1739871564e-01 -3.0597323719e-01 2.8475836184e-01 9.5533774862e-02 -1.4863938416e-01 1.8396056865e-01 -4.7469548832e-01 1.7828044960e-01 -2.4403609873e-01 -5.7768775025e-02 3.0586808425e-02 8.5051002001e-02 -1.3743794550e-01 -2.3083203643e-01 5.6954122286e-02 -2.0365399531e-01 -1.0322942581e-03 -1.9288219763e-01 7.4970486921e-02 -6.0616360920e-02 9.6310587515e-02 1.0785048494e-01 1.0373711689e-01 -1.4111553525e-01 -1.3541326034e-01
3.3629242641e-01 -2.5025021085e-02 -1.6751403823e-01 5.3023671210e-02 2.5447551386e-01 4.9713744356e-02 -3.4932169056e-01 1.0943312220e-01 -2.1692684076e-01 -3.8870421183e-01 -4.2546355754e-02 9.6601092777e-02 -3.5416370788e-01 1.8659329040e-01 7.5779345174e-03 -1.6789534047e-01 2.6308713437e-01 2.2275278331e-01 -4.2666713749e-02 6.0134330393e-02 -1.8924451851e-01 -2.8074615450e-01 2.4794472459e-01 4.2435125270e-01 -4.0675087897e-01 -1.6623154954e-01 1.2575518005e-01 8.4919297259e-02 2.5991101820e-01 -1.7452417576e-02 -1.6368308718e-01 1.5074453692e-01
1.6866961446e-02 -2.3126724113e-02 -6.2847930521e-01 -9.4712499942e-02 1.3062669286e-01 -7.6954332043e-02 -1.0528919635e-01 5.5004310348e-02 -3.0122792269e-01 1.7198316900e-01 1.5431873600e-01 -1.5916291494e-01 -2.1364224571e-01 1.3290351124e-01 -2.1404303128e-02 4.0106886825e-01 1.0234655029e-01 8.2783108425e-02 -1.1348019086e-01 -1.3476514717e-01 2.9389527116e-01 -6.7464425579e-02 -5.2464474317e-02 1.5823715701e-01 1.1224556993e-01 -2.7257005882e-01 2.1661572903e-01 1.9367850421e-01 -4.8764410988e-02 6.7825568894e-02 -1.3178243098e-01 5.6560687833e-02
-3.0975942166e-01 1.8343215404e-01 2.0249380867e-01 -1.3259975613e-01 -5.1939574225e-02 1.1132363577e-01 -2.4898269835e-01 -2.7284620542e-01 -7.2940888614e-02 -4.3034747320e-01 3.0924058006e-01 1.5952075639e-01 1.0740744798e-01 -9.8046015283e-02 1.6122156910e-01 1.0686251281e-01 -1.0507422709e-02 -7.5023779444e-02 3.3060562413e-01 3.4008791009e-03 -2.2371932746e-01 -2.2633483301e-01 1.3037580388e-01 -2.6996119838e-02 -2.5608701547e-01 -1.7984674921e-02 6.3416217401e-02 9.9830579079e-02 -2.5772170386e-01 1.4972144411e-01 2.9238938469e-01 -1.8554194450e-03
2.0837861064e-02 1.4455233209e-01 -1.9387975375e-01 2.0336335228e-01 -1.5757480515e-01 -1.2963576055e-01 -6.9345914991e-02 -7.3275761373e-02 -1.1665494207e-01 -6.8816888383e-02 8.9184208540e-02 -6.1335461654e-03 7.0400760463e-02 9.8638638938e-02 -9.4398334627e-02 1.2955895444e-02 7.0102695374e-02 -1.7857787123e-01 1.1490327769e-01 -2.7403865585e-01 1.3962984805e-01 -6.1390596497e-02 9.1522027112e-04 -3.4198727925e-01 9.3137864981e-02 5.3766552048e-02 4.0846582090e-01 -4.0321451965e-01 -5.2058069249e-02 2.2979578504e-01 7.2218150717e-02 1.7202290440e-01
1.4944288792e-02 2.7783385324e-01 -3.2024873801e-01 -6.0265713260e-02 -1.2714012461e-02 -1.5010968923e-01 -3.3309518416e-02 1.2550737807e-01 -2.8538376338e-01 1.2760724741e-01 -9.6858823143e-03 -2.2075056351e-01 -1.6950066960e-01 -2.1058989959e-01 4.5047217416e-02 2.4722202466e-01 -1.9105599319e-01 4.6690274301e-03 -2.2519995965e-02 3.3218927932e-01 1.3596977576e-01 -6.5064902867e-02 -6.4651978737e-02 5.7972681470e-02 3.3921229785e-01 -1.9279680848e-01 2.1650684495e-01 1.0967063427e-02 2.2169807204e-01 -1.1957870899e-01 -1.4695572421e-01 -5.0845311561e-02
-1.2522593385e-01 -8.3176593422e-02 -1.6984714631e-01 1.8325000876e-01 -9.7463778866e-02 -9.1206070623e-02 -5.6123956087e-02 -2.4038489414e-01 8.7225725297e-02 -6.2262741274e-02 2.5339041323e-01 1.5358578381e-01 2.5851905358e-01 2.5648649964e-01 2.8594714854e-02 -2.3845734964e-01 3.7275666389e-02 -8.0805094019e-02 -6.3215582818e-03 6.2536965374e-02 4.5890268749e-02 -2.1838275111e-01 -2.7236090052e-01 -6.4424118901e-02 3.1067117165e-01 -1.3076404303e-01 -5.7019429415e-02 -2.5856477608e-01 7.4797103337e-02 -2.7111165383e-01 4.1122931467e-01 -6.8246473061e-02
