3.5893725618e-01 -5.4369793577e-01 -2.6331478647e-01 -1.5249586620e-02 1.6193721451e-01 5.1975298285e-01 5.1465904836e-01 2.1364557848e-02 1.2247127820e-01 -1.0583011609e-01 2.3269285648e-02 -1.2133886131e-01 -4.7513637862e-01 1.1803313544e-01 7.1144284789e-02 -1.8502049547e-01
-7.2330273459e-03 1.1465154814e-02 4.0276618704e-02 4.0191627208e-01 2.7681283463e-01 -3.1609926747e-01 -5.9899694710e-02 -1.3603606728e-01 4.5351813871e-02 -9.4238845754e-02 3.4444955394e-01 1.9263811320e-01 -1.4754401461e-01 2.4836792380e-01 -2.9520337208e-01 -1.2347936703e-01
1.1451938571e-01 1.1259370266e-01 -2.2840955447e-01 -2.6159880351e-01 3.4711313782e-01 4.9600468143e-01 2.0509488435e-01 1.6770629343e-01 -1.3581363781e-01 -3.2130691474e-02 -2.5104234787e-01 -3.2093454821e-02 -1.1311029645e-01 1.0835539739e-01 -4.9948539444e-01 -4.7498220980e-01
2.7210114658e-01 -1.0741752870e-01 1.8022284395e-01 -1.9249685082e-01 1.2979125986e-01 -2.7973824103e-01 5.1333970766e-01 2.9968437881e-01 -2.2520603890e-01 -8.9184317302e-02 1.9192811853e-01 -1.5354513288e-02 1.4142901508e-01 -5.8221863356e-02 7.0449280749e-02 4.7703293074e-02
4.2151290255e-02 1.1108009999e-02 -2.6590282583e-02 2.5664630206e-01 1.4082549582e-01 9.0925023613e-02 2.6685397784e-01 -7.9905592751e-03 -4.6996721648e-02 8.6997738786e-02 1.4466033511e-01 2.3066969621e-01 2.9963835493e-01 5.4210312622e-01 -2.0516133345e-01 -2.5334520776e-01
-7.5884785789e-03 1.4000781005e-01 -2.6424372807e-01 -3.1995551937e-01 -9.9808467494e-02 -4.9329868059e-01 -2.8628522061e-01 -1.9768019560e-01 -1.4233162054e-01 -3.9784607789e-03 3.8267388905e-01 3.9782135552e-01 2.7536548167e-01 -3.2318087952e-01 -2.2352423984e-01 7.4586242709e-02
3.5511077694e-02 -1.4371749247e-01 -3.5403057763e-01 2.0080863078e-01 -3.2198269981e-01 -2.1084309082e-01 4.0466540481e-02 -1.2045075355e-01 -4.2272465729e-02 -3.3271807139e-01 5.8865109450e-01 -4.6611607219e-02 -3.6462693484e-01 4.9667149268e-01 5.3238071453e-01 -8.7145779621e-02
-9.6254370610e-02 4.7407905377e-01 2.2866739817e-01 2.3803141361e-01 -9.4402788529e-02 -1.0390444073e-02 -4.2833862215e-02 9.0858915405e-02 2.2893454952e-01 5.0919165058e-01 -1.6301127771e-01 2.0802259388e-02 -2.3403326113e-01 5.9349781333e-02 3.3337957255e-01 9.5513530550e-02
-1.5742472284e-01 -1.1083347913e-01 2.8231980646e-01 -1.0116054009e-01 5.2035902612e-01 1.4991446299e-01 -5.6603383478e-02 1.0037039827e-01 -5.9869803817e-02 -2.1089145359e-01 2.7866038397e-01 3.7527596846e-01 -1.2280146844e-01 1.0117958585e-01 1.7204085964e-01 -2.4063314103e-01
3.7603657338e-01 -6.0044036391e-02 4.0719425765e-01 -7.6895317760e-02 -1.6139752030e-01 2.5387386913e-02 -7.3938607101e-03 8.5121182888e-02 3.3565726774e-01 1.7406193424e-01 -3.2164583992e-01 3.5196206439e-02 1.6207925090e-01 -3.0776593350e-02 1.1088590250e-01 -1.1622792317e-01
1.0598542856e-02 1.0352998008e-01 1.7261901624e-01 -8.7957601789e-02 2.7336947059e-01 2.0288866137e-01 -2.2001194511e-01 2.6639299178e-01 4.3849458732e-02 -1.0160557243e-01 -8.0798529826e-02 1.7755273467e-01 -1.9426823015e-01 -2.1692980165e-02 -2.1340812313e-02 2.8395881620e-01
-1.5078362606e-01 -4.5423867422e-02 -6.8854923663e-01 -1.9568783580e-03 3.2860067310e-01 1.3210681164e-01 2.6491384421e-01 -8.6974509167e-02 -1.6669770456e-01 -3.4895756611e-01 4.2451345157e-02 5.0155618740e-03 -6.7252382306e-01 1.6403271953e-01 -1.7266952442e-01 1.2849691274e-01
1.9883434276e-01 -8.3343774220e-03 3.9984689271e-02 -3.4882838522e-01 1.3472166162e-01 -1.5563703204e-01 -5.6397487079e-01 -7.0580898097e-02 -6.0874033236e-02 -6.1728409551e-02 -1.6456415498e-01 -3.9459455722e-01 -1.5496676784e-02 -4.5374462110e-01 -1.3462501006e-01 -5.6204672066e-02
1.5737450249e-02 1.8024543859e-01 -1.4235756390e-01 -2.2045955442e-01 -7.0036209802e-02 9.3834894521e-04 1.8702385531e-01 -5.4648049939e-02 2.9613859383e-01 -7.4182770765e-02 -2.4939611097e-01 -2.2711721611e-01 4.8595645438e-01 -4.2741358590e-02 2.7074678678e-01 1.2024313061e-01
-2.2517979008e-02 -1.6682031663e-01 -1.7069069380e-01 -5.7765444694e-02 4.1136901101e-02 1.9011377925e-01 -2.4342345182e-02 7.4137670986e-02 6.9338981992e-02 -1.0594830317e-01 4.2297889630e-04 7.1278135545e-02 -6.4618537141e-01 1.4559186328e-01 -1.6409085712e-01 1.3540137061e-01
-7.8806178297e-02 1.8943207573e-01 -1.5582519381e-01 1.7916473431e-01 -3.7347887711e-03 -9.7061945032e-03 -3.4086059298e-01 -7.8782590936e-03 -2.7545916863e-01 3.1801303926e-02 3.1654458636e-01 -1.0051188284e-01 5.7727267417e-02 -7.1158019651e-02 -1.6944581652e-01 -1.3297890596e-01
3.1912679596e-01 4.1182297627e-01 3.7915574596e-02 -5.8935361962e-02 -4.2801351177e-01 1.6080742297e-01 5.6693068061e-01 -2.3569046112e-01 -1.0623670101e-02 -1.7774317042e-01 -6.5738645751e-02 -2.1575878944e-01 -9.1708376493e-02 1.6377565440e-01 -7.1632045412e-02 -3.0016425501e-01
-4.6176369760e-01 -4.3532802334e-01 6.9508620946e-03 8.1755506288e-02 -1.3057629699e-01 -1.7868061064e-01 4.2706525339e-01 2.4759822996e-01 -4.1137465963e-01 -6.7148922393e-02 2.9802926365e-01 4.9922746559e-01 -7.4362066705e-02 -5.4939933108e-02 -3.8563477950e-01 -1.0738516154e-01
-1.8807819657e-01 4.3161287040e-02 1.6070276798e-01 -1.4989656675e-01 -4.3849336598e-01 -7.5463697300e-01 -7.1480368262e-02 -2.3254034778e-01 3.5033345467e-01 4.3559300099e-01 -9.2355281636e-02 -3.9374452935e-01 2.8440463241e-01 -2.1597854855e-01 2.9147299134e-01 1.6479872240e-01
-5.4331925343e-02 1.7248753697e-01 -1.7354883127e-02 2.6757335058e-01 1.2902205038e-01 1.1082627863e-01 -1.2937860308e-01 3.0450174931e-02 1.4588509452e-01 1.0365608906e-01 3.0498087525e-01 1.4756338799e-01 -1.9072282117e-01 1.8785257058e-01 8.1475088244e-02 -4.0912624112e-01
-2.9457813204e-01 -1.4302050695e-02 9.2902955921e-02 -1.7935864879e-01 -6.3422825038e-02 3.6778671617e-01 1.7955992556e-01 -1.8880936505e-01 2.6529190013e-02 -2.0257471247e-01 2.7900108193e-01 1.2404933836e-02 3.2342847395e-02 5.3393716280e-02 -3.4590846422e-01 -4.8428637718e-02
2.8803806550e-01 -8.7472117321e-02 -4.6911672023e-01 -4.3131158766e-03 2.6058670040e-01 -1.1517828232e-01 1.3397840996e-01 1.1989538486e-01 -2.2603689070e-01 -1.7742479142e-01 5.9645588601e-02 2.4406142622e-01 -4.0347403738e-01 3.0599989086e-01 -1.8342786645e-01 2.2354406655e-01
5.1360536308e-03 2.9654769449e-01 -1.8858286314e-01 -1.7713506139e-01 1.5452045797e-01 2.6380908220e-01 2.0294637826e-01 -2.3083011222e-01 -4.1279290840e-01 7.5922846157e-02 8.1484284350e-01 8.5839461842e-02 -3.9297252674e-01 -4.2707806584e-01 -1.2727371681e+00 8.7784755850e-02
3.4574579236e-02 -2.9652182388e-02 -6.9365161317e-01 1.2368604081e-01 1.1882701875e-02 -3.3580357597e-01 -4.2959547935e-01 -5.2855522396e-02 -1.4247517150e-01 -4.3586724803e-01 -1.1596002372e-01 3.5664352740e-01 2.7565543030e-01 -1.2177581807e-02 2.4093358933e-01 2.7319602989e-02
