-1.2317890691e+00
-1.2149753911e+00
1.1525034288e+00
4.1994299708e-01
6.9170821210e-01
-5.8834521839e-01
-4.6256519723e-01
7.1507354497e-01
1.2406258161e+00
-6.7132740880e-01
-7.7676219955e-01
9.3228157389e-01
-4.7712411987e-01
5.4375440031e-01
-4.4504487178e-01
1.2740905111e+00
-5.3422421988e-01
-4.4016239413e-01
1.2792801495e+00
-1.4203684637e+00
5.4578566982e-01
-4.6432642063e-01
-4.7040362095e-01
-1.3414333384e+00
1.2818595601e+00
5.7573572479e-01
5.8935253204e-01
-1.3604998398e+00
1.0956535347e+00
-5.2895602579e-01
-1.2446945275e+00
-5.3228783806e-01
1.3008165378e+00
-4.2262749764e-01
1.1004640338e+00
4.5876335253e-01
5.5051798497e-01
1.3087811550e+00
4.6357714485e-01
5.9609383621e-01
-5.1483021458e-01
-5.5773551468e-01
-5.5124133003e-01
1.2509335033e+00
5.0676598885e-01
1.4136666012e+00
5.3369893480e-01
7.6562278592e-01
6.2672122076e-01
1.2151623650e+00
1.1857083773e+00
1.2176868299e+00
1.0617097265e+00
-4.2197910314e-01
-4.7872568842e-01
-1.3535349808e+00
-1.1444728047e+00
-4.4010099970e-01
-1.1817243118e+00
-5.1737654659e-01
-6.9701899363e-01
-4.5832578516e-01
4.6870279825e-01
5.4515128092e-01
-1.3691344622e+00
-5.3385629154e-01
1.1823573216e+00
-4.6797001121e-01
1.3155140795e+00
1.3204061176e+00
-1.3214220582e+00
-6.2205445601e-01
1.3181992320e+00
1.4119948271e+00
-1.2106257230e+00
1.2961862831e+00
1.3662420711e+00
4.2173639784e-01
-4.7973562901e-01
6.5551088742e-01
1.3029602074e+00
1.2250396100e+00
-1.3135664530e+00
-5.8558752726e-01
-1.4718003641e+00
-6.5149608254e-01
5.4226234469e-01
1.2671497197e+00
1.3333432578e+00
-6.0400675986e-01
5.7585013898e-01
-3.9282940453e-01
-5.1642825398e-01
1.1254662267e+00
-1.2848147731e+00
1.3235419842e+00
-1.0555557969e+00
5.1265320712e-01
-9.8202162835e-01
4.6915846822e-01
