-7.2427677189e-01
2.3780109992e+00
-8.7190128271e-01
4.2256729485e-01
6.7752925301e-02
-2.3507490556e+00
-2.5250983172e-01
7.9286865253e-02
-3.7507173241e-01
-3.7143384889e-01
-6.5413625858e-01
-1.3724173288e+00
-2.1846585313e-01
2.3909902621e-01
7.2981528400e-01
7.0635260462e-01
7.2465439561e-01
-1.2823065608e-01
5.8431442656e-01
-1.5419013118e+00
-2.6402287391e-01
4.2452368930e-01
-2.4014827597e-01
-2.3277442991e-01
-1.1782564892e+00
4.3940428284e-01
-3.0359254404e-01
-1.2201779267e-01
1.7951870961e+00
9.6046065015e-01
-1.8592468821e-01
-6.4599837574e-01
1.4000268319e+00
7.4347279948e-02
6.4012466589e-01
