-4.7890525004e-02
-1.2682250860e+00
-1.4834350360e+00
-5.7694280958e-01
1.5219189280e+00
-3.7985962707e-02
3.0064052764e-01
6.8417012426e-01
2.9902465981e-01
5.7069252321e-01
-1.3378766980e+00
3.8870114689e-01
-8.7805660872e-01
-6.5954655626e-01
2.4581085660e-01
9.7082807881e-01
8.6485775382e-01
-7.1256131378e-01
9.8714552639e-01
-6.9726710298e-01
1.2585992496e-01
5.0365265010e-02
-5.1985259899e-01
-3.2955683498e-01
-6.0086549456e-01
6.4079089662e-01
-2.1943891724e-01
2.6970443151e-01
-1.2611732173e+00
-7.5335021942e-01
3.6024851868e-01
5.0963342466e-01
1.2590948452e+00
-2.5014448981e-01
4.0484354658e-01
9.7617888419e-01
-1.5132862401e-01
-7.2980757579e-02
-3.5727048810e-01
2.0292759264e-01
1.9325619683e-01
1.7301569870e+00
-1.9550002452e-01
3.6759859651e-01
2.9196092416e-01
6.4938100999e-01
1.4573142557e-01
-1.8286672770e+00
3.7047333226e-03
-4.9798420475e-01
