8.6067227185e-01
-3.5304200749e-01
4.7288766836e-01
-8.3409058265e-01
1.1030128652e+00
3.5303898298e-01
1.0445356658e+00
-5.0146878648e-01
-8.8115936437e-01
8.4517915106e-01
-3.3084421776e-01
3.5929744860e-01
-9.2932316499e-01
-4.3070005770e-01
-3.5417829476e-01
-4.9144539487e-01
-9.7126273083e-01
2.9851967630e-01
-6.2869825741e-01
-1.0168039818e+00
6.1009070551e-01
4.1505126743e-01
4.1759836389e-01
-4.9313613715e-01
3.7383101163e-01
-3.0514587234e-01
4.5546080751e-01
9.5606960265e-01
1.0901155171e+00
8.9812666834e-01
-4.6812412563e-01
9.3357772087e-01
3.0177257611e-01
-4.3392483614e-01
3.7096347589e-01
5.7709288775e-01
-8.5363152476e-01
3.7924908866e-01
-9.4520847178e-01
4.6942678314e-01
4.3247736777e-01
-1.0439345353e+00
7.5326161332e-01
4.1284510198e-01
-9.7188713817e-01
8.8153217242e-01
4.6751277977e-01
-7.8394100328e-01
3.2354004153e-01
4.1065835733e-01
9.4328057001e-01
1.3294100515e+00
3.9360795074e-01
-1.0851807232e+00
-6.2007173603e-01
8.3796066156e-01
-8.9961859596e-01
4.2052445173e-01
-4.4676474991e-01
8.1398475365e-01
8.1979882344e-01
-8.1313874939e-01
8.8802050040e-01
5.1014978628e-01
-3.8740693582e-01
4.2704797234e-01
-9.1174303478e-01
-9.0723953177e-01
9.7178427389e-01
8.0907222100e-01
-4.5677980488e-01
8.3283044969e-01
-3.4970102087e-01
-9.3265270817e-01
-4.6377775818e-01
9.7714946975e-01
-8.5567287810e-01
-6.9652154662e-01
9.2207804075e-01
3.7245468851e-01
-3.6854498433e-01
9.0674545784e-01
-1.0303100779e+00
-4.4396397143e-01
-4.5552023960e-01
-5.1685516327e-01
-9.1677053197e-01
4.9668150391e-01
-3.3009738959e-01
-9.4677027426e-01
-3.5888399371e-01
-3.5322499841e-01
-9.7756133770e-01
-1.0085547271e+00
-9.2493585382e-01
-1.0997803006e+00
9.5392027329e-01
3.2904535472e-01
-3.1577195832e-01
-7.8369916834e-01
